-1848
-537
-3899
964
-1152
-821
-217
-645
-1063
643
-1267
-787
-2185
2015
-2611
1982
-1502
513
247
-1102
2354
1253
-1819
313
-1593
-248
-436
477
-2056
867
1217
3265
-1363
699
674
-1912
-36
-949
94
71
51
-1392
1087
-1335
-179
781
-154
-732
834
1422
175
-1664
310
-1165
194
21
-681
2020
1238
-1202
1503
1523
1351
-1023
-1506
1580
-1136
1635
-772
2927
3359
408
1069
3475
179
1185
728
-668
-758
1846
683
-1204
1750
747
-1908
629
1139
-2054
918
1226
-1470
-862
-2590
1769
-166
2286
2778
-830
-333
-2832
-460
-217
-546
-2460
-1920
-99
81
-219
1349
-1445
-1635
-80
-44
334
-482
481
-1737
-1253
-870
1576
380
-1119
761
-192
31
1294
-172
-120
970
9
363
1969
-254
2783
-2399
-158
-1341
-876
-1102
395
899
-203
917
-2714
924
-1093
169
2390
-1216
1287
-1035
-1734
1192
2564
2608
154
1062
446
-3994
1047
-895
-1988
1983
-2968
1588
1809
-2562
3127
301
1186
-1536
3114
1122
1846
3204
284
70
-851
165
-2135
2015
-962
-1620
-280
-2780
-676
-76
1320
-1102
1775
893
-1822
2123
1496
920
-2599
2236
-601
-5051
-576
-650
1576
-3088
430
-202
-488
-1314
829
2333
949
-1559
-872
-2984
625
1610
149
241
-1053
1005
-1193
159
1300
-868
-2283
3647
-1667
2801
-2192
3192
-2474
758
-1494
-734
2836
-2424
2922
-528
1099
-1362
-1674
636
1887
3539
-1058
-213
1857
-77
2404
1292
1394
-1834
1425
-2303
2410
-2348
1749
-1308
1146
-1916
-1149
-1032
1746
1748
72
-716
900
-1150
1425
-66
1781
-716
-2439
1437
122
-689
3464
-3444
1091
-1565
-1908
912
-1881
-1196
1778
-1462
2097
335
4016
892
-1144
817
-2014
-522
-1930
1869
-792
662
1296
-1798
1380
262
241
-2107
-2250
1007
-3884
1920
-3727
1719
-290
-1898
-511
-56
-2548
1156
-1693
1721
-1626
2818
-860
497
-1270
1598
-672
849
1974
-2892
480
44
-1872
1798
-1426
2976
3388
514
1947
-1517
-2508
1216
726
1762
487
1751
205
-565
-2362
-96
-1
-3377
1615
-1261
899
305
-833
644
-777
1425
-877
3036
1917
1964
2372
-682
316
-2742
2241
-1391
3067
1993
-3261
-207
333
-3075
-152
1086
-609
416
1616
1850
-1605
-1399
3413
-4213
-2156
972
-1418
312
-5
-1559
-2437
-2765
1399
7
-374
1986
-3500
-276
1740
441
1711
1321
351
1407
-548
1208
-563
579
524
-1632
3999
-1604
2129
-2147
988
-878
1903
17
-925
-1097
376
-605
-1239
2193
-3534
2256
-824
-732
1344
-135
645
955
2585
979
38
-1118
1333
-1239
172
-1640
923
2468
-1305
1995
768
-1048
-1093
-4651
1813
-951
1552
361
-1928
530
1630
-756
-185
2077
-981
-2355
784
-392
148
-1127
-738
-4038
-676
-1836
979
2055
2005
1096
10
1100
-2151
2120
421
1815
-1523
-1207
1830
2011
1562
-98
1712
208
-5
-1263
-1566
489
2731
-713
1998
-275
-1967
2447
-40
2785
-529
1221
-408
-1275
465
-201
3341
-694
-2472
192
1260
-1552
870
177
1098
-1646
136
-4321
2027
333
-749
1274
-703
167
-1219
2844
4539
-2645
-231
-642
-1505
2733
2316
340
-955
-1527
-282
2103
361
-401
-195
-372
-1883
-1201
-494
786
-746
-1525
1501
91
171
-2692
1387
3993
-1647
-1714
399
-909
-791
316
1821
463
2130
42
-233
3483
-800
1957
-933
1045
-397
2408
3063
-266
-5
1477
158
-590
-1315
-703
805
-1978
247
-1185
2593
2094
-2693
549
-1724
16
771
-389
-2697
2772
-1532
-1642
593
353
2002
254
-229
-144
-3185
-283
392
-632
3057
3226
222
1716
517
-846
-1093
1315
1054
-327
-2295
933
-329
-221
358
1440
-123
1562
1663
-2421
1179
348
-1902
1538
2673
881
-106
1271
1162
114
-1833
-1679
717
-1907
-2030
2059
-1254
24
-99
1181
2828
846
-1370
494
-1000
-1418
-98
-595
3062
-326
-1292
-2482
1902
-1626
-6
2727
-2050
-695
-2468
-1460
-599
295
-1183
1381
690
-817
1410
-728
997
-793
1636
-2866
2594
-1628
912
-1770
1710
783
-554
1346
-1654
-1594
884
-788
-1392
961
2440
618
-552
330
-307
1016
367
797
-2571
1030
-1080
-1522
-1435
2407
-465
779
210
-221
194
-2852
-1268
2243
182
1252
-1160
239
-2021
811
-1126
-1155
-1987
1055
-1578
364
-1167
849
-676
-172
1493
769
1130
2906
-1330
-93
-514
732
897
713
-540
-1192
300
-468
-362
-946
3145
-795
188
168
883
-929
2672
-2595
2260
-2456
2355
-991
429
1031
-886
2683
-955
-1067
-1065
-575
-2081
-3171
-1941
875
-947
3107
-1076
867
-1446
-280
-1375
2927
-969
-1395
-827
1727
54
885
-1610
-1186
1473
-1505
421
-3097
724
301
625
-2707
-1701
-1875
1687
533
-369
-183
59
1057
1270
1455
1192
3762
1137
-245
643
1353
-1151
-429
-1148
2927
-1609
2887
-820
1354
19
-3307
3375
-3213
1671
2169
588
-278
-942
-1886
594
553
94
890
751
-1373
2384
-3138
1427
952
1920
-2644
2634
-3003
-796
-1359
235
229
-950
2953
-2273
465
1093
-812
-47
-1341
785
45
1634
382
59
-1014
-634
-320
-566
387
727
-181
-891
562
-1311
3353
-1314
1183
-2713
-1094
467
-2745
3613
-1747
3461
2045
-263
1357
-1186
2024
2772
-398
-550
1484
-425
208
1098
-1102
-379
134
1823
-1037
683
-2163
-153
-247
-1326
674
657
1750
753
-247
584
-3286
157
-319
-1219
284
1989
3137
3244
-264
1211
-3971
517
-3529
925
1131
-1753
3987
2036
-512
2543
-1997
2222
538
1294
859
3044
-74
-1215
-2419
74
-169
-139
2457
2491
-873
1944
1314
-2236
1346
1217
1333
1318
-1162
1558
2018
906
-32
-355
763
4028
1575
-771
-2155
788
192
2172
-4020
-3915
-1583
1300
1449
1681
561
1833
-2067
-844
-1578
-2250
-1240
-1537
-2785
38
1032
72
-416
2526
-3904
-1071
-2081
1586
1995
-1467
-1675
-952
794
-562
-2171
300
1734
1379
-4189
403
-1505
-4359
3145
-1873
-1601
-3612
-201
-1627
-1437
-571
-2669
-1279
1395
606
-48
-849
-1125
-205
814
2821
1379
1436
-360
3717
-2422
-2359
1135
-951
-1566
-3130
-1044
1195
212
-2645
-1961
-843
1178
1609
1451
-264
-1951
-130
904
-154
1877
941
-47
-2792
712
1177
2191
2069
-1157
503
1368
-153
637
-3261
-2659
-2698
-654
2371
-733
1219
215
372
1603
-1824
164
-711
2214
863
-1771
-2431
-262
-1199
-3435
85
913
-2091
1373
1113
1125
-1818
1186
1545
-1189
-1529
-625
1576
416
-2199
-2063
1393
-847
144
-667
-4064
-968
-2119
1520
1733
1947
401
-1626
-1383
-2215
1281
353
-757
-2505
941
421
64
3413
2903
1071
926
2704
616
-2532
1046
446
-3081
-509
-658
-4716
1306
1364
-1654
1055
1115
2055
-1652
1263
4994
2100
2946
-2186
-890
-1706
1057
-107
2955
-3151
-1779
2505
485
503
-938
-2038
-618
-1322
1244
1718
766
-685
1496
-4008
1770
-1877
-1053
1307
1745
3273
1218
-1440
-2020
449
-306
264
-935
-1770
265
234
-384
-300
630
-2458
-1484
-1558
-442
1230
2289
5001
141
2266
515
-2617
341
-3802
-2265
83
-575
1921
-283
-2147
-2663
954
-1920
-1482
-1482
-1843
981
2538
3136
236
-1810
798
-404
354
-1326
3700
-207
-531
1051
28
-207
4229
-171
-1338
-4337
-385
513
227
341
933
129
648
-1550
-1064
2350
-863
-1297
1557
200
464
495
1179
1176
-670
1967
1777
-167
1731
-1650
-1775
1270
3156
3586
2437
1311
-1103
1705
-1701
-1005
-673
198
-1925
77
217
-1183
880
-2497
-3129
-2452
-2514
287
-1275
214
38
1640
-219
-1138
3398
1185
-490
1223
-749
388
1941
5850
1820
-1218
-1546
576
-464
2768
139
-1521
933
-250
980
-640
-2101
1982
-912
-2318
1334
-2772
-1096
-1650
-2074
-810
-3166
-2360
-53
-395
-1459
2652
1491
-1454
-2482
-514
-153
1617
1863
1712
1374
268
684
562
1004
1100
-7
-932
-1390
-1594
2746
-238
346
-204
-1480
-22
-4018
-2862
859
-1241
-785
2230
-473
-264
-1572
258
3623
-3065
-1963
200
2244
2956
-8
688
-1580
248
1883
133
1339
-4856
-3615
2646
-496
1081
2328
875
621
1651
-116
3378
-482
3597
1469
1660
926
-1101
-3402
-2603
-1245
747
2660
-64
2550
-2803
1158
1714
752
-1422
-1278
-1626
-1680
92
-1066
-418
811
732
-392
1707
-2254
-834
2614
-3579
-743
-4314
1530
-1090
-919
398
1054
1983
-1920
-2023
2319
661
2644
296
-1208
392
-1988
1474
-388
-384
-2156
888
-393
-1314
632
-3357
47
-998
-2394
-657
-1250
-653
205
-464
2792
2147
-1203
-617
-2092
-883
273
3202
1701
-328
-230
2872
4944
1546
-110
-202
-610
20
-27
-150
-8
-1167
2203
812
-296
1191
1504
591
-2075
-3482
-110
327
-2459
-3197
-386
-273
971
1190
-595
-2444
-1290
-829
1659
659
753
1288
3222
763
-2216
-899
-75
2615
-1071
-3073
1907
-1789
1071
789
233
2666
178
-2210
-268
2676
-1965
-2670
-1662
2232
1315
275
1160
468
-2408
-3129
372
-754
-2468
63
3021
1075
-1355
-2743
-1762
-1485
2571
786
-1970
-442
-1320
1720
-330
-707
-545
2732
-959
-810
-1208
-2003
-1542
12
1122
-627
-1999
-3729
-447
-346
-566
1340
2946
-152
1222
-171
-2375
1663
431
-1013
2651
1439
-819
1394
634
1390
1400
-993
395
-647
-1217
-1747
-791
-1906
2780
-507
-107
1481
-307
796
2728
-1522
-1408
1146
-2040
-2837
-739
-1675
-1027
-295
-159
777
-665
1142
2146
-334
-2636
-1387
2127
2507
469
-801
57
80
-146
-631
1681
1482
1226
186
178
260
-649
868
546
-597
422
-2477
193
-5028
-1228
2014
578
2375
-1604
-3423
-1433
637
1923
1960
1818
-375
1146
-216
-683
-648
586
-58
1431
76
-2196
442
-678
-1927
-1137
535
864
-1268
-2438
-282
510
1947
1073
1438
-1189
-425
987
1427
-665
-1353
-2031
1006
2810
1596
-504
407
-689
2318
-412
-1500
-1610
1248
604
-1932
-672
2236
2897
424
2630
1388
-506
-2517
-1103
959
1348
1678
920
-56
67
-961
-703
-77
-1099
-2247
-132
-871
1789
1866
-1894
-272
662
2472
-1416
2768
3176
866
1625
2884
2106
1026
1610
-2699
-3985
-39
-1100
-1482
-532
-2886
-2341
-163
383
-999
-2077
451
1045
-1999
271
-2355
1523
1283
2365
1893
-3709
630
-1192
244
-1066
-15
879
2445
-503
825
-833
2621
51
577
-2997
881
-1679
-2361
1195
1005
-2243
1154
-4086
-1005
-1625
-892
930
-2066
-410
479
-80
-556
-368
1739
-138
-88
-1304
298
578
469
697
-840
235
408
-1574
-293
351
-1322
-1632
-2346
2352
86
-83
-974
-1300
463
-2465
-2254
-3514
-1012
1999
1769
-1237
-2439
-2258
-1634
730
-1542
-996
1725
1597
-1415
-657
659
1425
2675
-352
351
-939
-2881
435
1117
-347
2517
1751
646
-2114
-312
-176
351
-695
538
-502
-878
-1262
1675
-1
1283
-886
-1283
-605
-1009
-934
-1863
-1485
1861
-2030
-805
1453
-254
-2384
-1770
2412
1025
75
-965
-1050
870
148
380
675
-1390
180
-693
-620
-844
928
57
101
-173
-67
-635
-1768
727
-445
5
-14
-328
-242
373
1295
993
286
1001
779
75
-52
1422
-72
-1786
-1185
-538
76
1409
44
510
-790
-599
-735
171
-503
15
-2042
-353
-537
-937
1086
-1214
-1628
-543
105
-167
-471
-1542
96
-880
320
-53
2615
840
-1122
-170
1666
-988
988
-940
674
832
-635
-780
906
-801
1185
1128
-346
802
-77
1452
-532
-180
615
858
608
-1071
-1587
103
-247
842
-892
151
-801
-792
-1250
58
-1777
539
-357
-916
417
649
-845
169
-1133
1648
-1018
-46
1307
-1008
-346
-192
-713
629
1547
-646
-1758
-13
846
-183
2175
-749
-652
-168
-390
-990
313
387
1721
1024
823
-14
18
-881
3192
257
-1181
870
-106
241
257
723
1028
-1040
-155
-398
954
401
308
575
-447
-1075
446
1122
-1188
-838
-345
777
91
560
-371
1368
460
1031
-1314
851
-1095
888
-348
-275
-327
-347
-742
-436
1035
214
372
965
-2185
1336
1400
798
1359
-213
1885
-1041
-926
152
348
185
50
1434
1742
-1508
120
-900
-1312
-741
1094
-194
198
618
605
1284
258
967
-1191
73
1788
-1233
-177
-2032
-341
-740
-1308
1179
-317
1216
-286
-94
951
532
2144
-299
-387
54
1762
440
325
2038
-302
213
-85
-61
608
544
1014
957
685
1257
-213
-208
-380
-345
703
-1889
414
695
-163
-334
291
1428
-416
1310
-1654
364
1404
513
2057
-279
1469
76
779
906
-518
1074
36
1029
917
-209
-1095
-1616
1092
-449
-1809
683
-1186
-333
137
-1060
727
74
566
-1260
294
970
1190
-815
121
265
-1223
1176
-497
-1696
991
1071
-1259
-360
403
-970
-1460
-1301
699
107
-143
203
135
-683
183
833
-1095
-879
-1875
1761
288
1150
-18
328
-206
502
518
-226
-778
-230
-655
-179
949
685
1061
148
-1094
754
2860
1008
776
2882
92
637
-1317
-58
-248
-1549
61
212
3009
139
943
1103
1344
-914
-1878
-532
-997
-34
-224
388
-920
-606
207
388
830
1392
-811
713
473
901
226
-847
-409
1057
1518
156
1178
-159
24
-124
644
1244
463
-212
508
-1529
-1001
-198
-766
538
670
668
555
-602
-1704
-782
837
1101
1373
-849
-1360
-117
-2499
-281
112
-546
1608
1057
1594
1126
1014
1082
11
366
-158
1471
-877
-866
-43
111
1231
484
-1849
901
587
400
35
620
-60
1051
501
2133
-1163
-775
114
-705
379
1398
1011
-910
-234
-345
1026
-477
2163
-720
636
497
1597
787
345
-665
-898
-89
1165
1076
-674
-680
1192
877
1585
994
524
-2275
-365
-164
376
1189
1663
-778
-584
933
1301
378
1868
-1200
-696
269
844
1408
466
694
92
846
-472
-1705
-80
-1186
1180
797
443
1375
-613
1172
589
300
886
-1359
16
173
723
1242
-884
73
-219
460
939
624
-376
434
-288
-676
634
-922
400
-1013
-576
-424
90
-789
-191
1549
653
-782
-685
-758
-316
1131
510
1315
-167
1376
1922
-1339
-291
-648
2395
-22
177
-533
1669
784
944
-1798
84
-1126
-1221
-1230
1478
-639
-382
1404
364
676
278
-244
-158
2370
1481
785
1783
113
-853
631
-841
664
1864
1753
77
-1867
-1017
645
296
-194
232
-1233
-557
-538
-714
1297
19
1118
-1232
1286
83
-283
-2321
592
850
-518
-888
745
-810
168
1020
494
-28
844
769
461
-23
642
637
-126
458
-288
309
-1246
556
170
1158
458
-762
-474
1709
-858
-660
-1371
1402
1318
1356
-53
1281
-1076
8
836
311
217
749
119
-593
-1018
-577
-1176
-1060
260
-827
1298
1160
786
516
748
-108
2022
1393
538
-752
193
506
1478
-340
-177
-93
-790
-326
1380
-19
557
-938
499
-191
-582
-719
-176
304
861
1143
-247
653
375
-473
-524
-630
-2279
-17
-1192
1036
-256
786
662
1360
-1949
2248
-963
277
-3029
-630
1205
916
-137
929
-719
552
393
-789
318
-275
503
-1473
-1929
-491
325
23
428
226
31
1079
1386
-244
1656
742
365
488
706
712
124
-223
-574
1563
-210
-854
375
-189
156
-1094
445
164
-46
226
-615
-1165
631
283
-300
-386
847
2655
231
-10
1449
1143
1445
-476
517
235
431
-317
669
285
734
-1182
851
815
100
-730
645
-162
108
-708
225
-1147
-233
47
1162
-20
1969
733
561
682
737
-113
-217
978
-1477
797
461
749
-655
324
-1811
-277
2139
273
-690
548
-467
907
-609
247
136
-135
-1211
1697
-1122
-866
767
-807
-1176
-123
1773
359
937
-560
685
-1223
604
-1231
43
-945
-30
102
-708
646
301
-689
-674
-1133
-570
-1332
1942
451
-1526
-826
698
-476
1095
-511
-1001
251
-460
-1500
-1046
923
69
-1195
-1690
-87
1207
2169
-1749
447
528
-837
865
1133
-1764
105
-2260
-334
193
170
-98
-102
-479
-1588
-558
-106
-2423
-714
-360
1018
28
-140
962
490
-536
152
-7
