0
0
0
959
0
0
0
0
0
565
0
0
0
1920
0
1759
0
575
204
0
2340
1291
0
432
0
0
0
366
0
841
1362
3291
0
766
642
0
0
0
113
165
144
0
1140
0
0
755
0
0
626
1227
157
0
226
0
185
122
0
2201
1190
0
1752
1433
2021
0
0
1653
0
1376
0
2727
3836
556
1207
3426
604
1320
900
0
0
2090
621
0
1858
749
0
651
1059
0
991
1209
0
0
0
2161
0
2251
2182
0
0
0
100
514
0
0
0
139
0
0
802
0
0
0
0
0
0
734
0
0
0
1533
322
0
569
0
69
1327
0
0
1006
24
394
1833
0
2698
0
0
0
0
0
531
826
0
741
0
993
0
393
2372
0
1298
0
0
1214
2498
2562
106
912
350
0
1076
0
0
2023
0
1757
1941
0
3113
507
1294
0
3155
1014
2014
3237
198
199
0
213
0
2004
0
0
0
0
0
0
1172
0
1846
812
0
2268
1418
1197
0
2229
0
0
0
0
1626
0
475
0
0
0
811
2357
922
0
0
0
479
1365
0
0
0
914
0
0
1200
0
0
4337
0
3097
0
3536
0
707
0
0
2923
0
2725
0
611
0
0
618
1967
3509
0
0
1858
220
2421
1369
1512
0
1692
0
2325
0
1471
0
1229
0
0
0
1687
1873
59
0
905
0
1404
5
1850
0
0
1228
83
0
3461
0
1204
0
0
699
0
0
1782
0
2242
326
4073
865
0
829
0
0
0
1910
0
713
1436
0
1359
278
411
0
0
1229
0
2250
0
1857
0
0
0
20
0
1317
0
1767
0
2744
0
529
0
1817
0
890
1961
0
523
221
0
1555
0
2574
3096
560
1980
0
0
910
560
1107
0
1891
226
0
0
0
0
0
1650
0
1052
864
0
706
0
1522
0
2887
1839
2070
2398
0
530
0
2146
0
2705
2002
0
0
0
0
0
1123
0
347
1626
1794
0
0
3357
0
0
1001
0
476
71
0
0
0
1424
0
0
1996
0
0
1675
368
1632
1322
221
1355
0
1195
0
554
401
0
3587
0
2124
0
767
0
1838
146
0
0
354
0
0
2507
0
2291
0
0
1104
0
474
822
1813
1002
40
0
1522
0
128
0
774
2606
0
2274
787
0
0
0
2131
0
1521
139
0
150
1468
0
0
2424
0
0
599
0
0
0
0
0
325
0
801
2186
1349
798
67
1145
0
2154
379
2030
0
0
1817
2014
1513
0
1471
302
70
0
0
625
2592
0
1659
0
0
2545
17
2866
0
1181
0
0
383
0
3156
0
0
152
1260
0
897
166
1073
0
257
0
1978
374
0
1257
0
248
0
2908
4591
0
2
0
0
2536
2159
259
0
0
0
2072
407
0
7
0
0
0
0
856
0
0
1635
307
535
0
1268
4404
0
0
438
0
0
435
1952
299
2020
0
0
3652
0
1959
0
896
0
2555
2991
0
0
1388
2
0
0
0
730
0
241
0
2730
2295
0
1237
0
0
352
0
0
2630
0
0
723
268
1972
0
0
140
0
0
406
0
3294
3253
273
1697
382
0
0
1450
661
0
0
1099
0
0
243
1459
0
1639
1729
0
1481
454
0
1549
2736
1008
0
1262
1217
30
0
0
717
0
0
2119
0
64
0
1218
2863
933
0
462
0
0
0
0
3113
0
0
0
1923
0
73
2771
0
0
0
0
0
284
0
1311
686
0
1399
0
881
0
1546
0
2716
0
793
0
1356
933
0
1674
0
0
891
0
0
1010
2349
697
0
175
0
942
338
694
0
1232
0
0
0
2434
0
1084
697
0
245
0
0
2099
353
1051
0
424
0
882
0
0
0
1062
0
323
0
865
0
0
1190
827
1073
3156
0
0
0
1046
557
704
0
0
372
0
0
0
2871
0
145
486
733
0
2646
0
2261
0
2488
0
377
1191
0
2839
0
0
0
0
0
0
0
808
0
2869
0
813
0
0
0
2946
0
0
0
1814
14
902
0
0
1596
0
388
0
635
363
625
0
0
0
1643
1148
0
0
127
976
1266
1555
1188
3797
1065
0
630
1741
0
0
0
2833
0
2603
0
1491
27
0
3671
0
1643
3146
1442
0
0
0
373
447
0
294
323
0
2448
0
1302
1045
2150
0
3584
0
0
0
214
90
0
3012
0
518
931
0
0
0
564
40
1657
488
228
0
0
0
0
414
700
59
0
565
0
3292
0
1279
0
0
445
0
3571
0
3464
2167
0
1305
0
1936
2980
0
0
1423
0
203
1188
0
0
115
1778
0
576
0
0
0
0
739
697
1880
678
135
391
0
206
0
0
239
2012
3105
3266
0
1195
0
516
0
866
1215
0
4014
1979
0
2208
0
2203
463
1262
878
3098
0
0
0
0
16
0
2675
2391
0
2121
1216
0
1335
1121
1425
1109
0
1637
1853
1137
0
0
698
4062
1612
0
0
133
258
2110
0
0
0
780
1561
1722
739
2059
0
0
0
0
0
0
0
0
1169
51
0
2249
0
0
0
1310
2107
0
0
0
870
0
0
204
1341
904
0
382
0
0
2743
0
0
0
0
0
0
0
0
0
1121
1068
27
0
0
0
1026
1944
1984
0
0
3401
0
0
1095
0
0
0
0
1464
282
0
0
0
1106
1626
1432
0
0
0
1028
0
1937
960
58
0
769
1154
2228
1852
0
540
1319
0
537
0
0
0
0
2046
0
1324
119
649
1676
0
373
0
2134
849
0
0
0
0
0
100
882
0
1500
903
1157
0
1321
1530
0
0
0
1724
766
0
0
1374
0
231
0
0
0
0
1776
1617
2220
74
0
0
0
1381
389
0
0
709
462
49
3098
3098
933
1509
2992
538
0
86
375
0
0
79
0
896
1919
0
596
1089
1390
0
1098
4837
2158
2573
0
0
0
790
0
2555
0
0
2347
528
553
0
0
0
0
1179
1781
563
0
1480
0
1961
0
0
1472
1999
3270
1099
0
0
484
0
395
0
0
189
336
0
0
521
0
0
0
0
1297
2356
4889
348
2285
320
0
0
0
0
240
0
1894
0
0
0
1030
0
0
0
0
1189
2574
3181
162
0
850
0
230
0
3735
0
0
905
148
0
4677
0
0
0
0
703
62
252
854
0
662
0
0
2414
0
0
1883
68
1001
15
983
1379
0
2559
2005
0
1567
0
0
791
2965
1669
2506
1650
0
2857
0
0
0
0
0
0
384
0
828
0
0
0
0
260
0
238
0
1866
0
0
3194
1395
0
1170
0
319
1997
5715
1845
0
0
448
0
2362
201
0
1021
0
1064
0
0
2266
0
0
1400
0
0
0
0
0
0
0
0
0
0
2344
1458
0
0
0
0
1609
1902
1705
1327
327
653
770
898
995
159
0
0
0
2637
0
126
333
0
202
0
0
877
0
0
1776
0
0
0
0
3603
0
0
0
2371
2862
121
537
0
283
1811
970
672
0
0
1746
500
0
2682
1154
889
2338
0
2961
96
2846
1293
1276
1070
0
0
0
0
1029
2455
220
2250
0
758
1450
761
0
0
0
0
0
0
0
817
733
0
1827
0
0
2476
0
0
0
1520
0
0
330
952
1768
0
0
2328
958
2725
256
0
466
0
1424
0
0
0
801
0
0
714
0
141
0
0
0
0
0
137
0
2747
2074
0
0
0
0
300
3098
1718
0
0
3028
5120
2152
226
0
139
0
4
0
102
0
2205
824
0
1169
1503
776
0
0
0
262
0
0
0
0
978
1686
0
0
0
0
1814
758
573
1302
2906
255
0
0
0
3023
0
0
2687
0
1153
751
132
1753
191
0
0
2062
0
0
0
1742
1321
0
1237
379
0
0
351
0
0
484
3103
1154
0
0
0
0
2698
698
0
0
0
1451
0
0
0
2695
0
0
0
0
0
71
1081
0
0
0
0
0
0
1355
2923
0
1183
0
0
1833
284
0
2677
1351
0
1085
600
1519
1312
0
286
0
0
0
0
0
3002
0
192
786
0
965
2750
0
0
1215
0
0
0
0
0
0
0
731
0
816
2285
0
0
0
2388
2195
646
0
90
162
0
0
1107
1771
1371
111
128
14
0
620
300
0
195
0
0
0
0
1848
659
1852
0
0
0
2217
1530
1923
1552
0
1177
0
0
0
636
238
1524
53
0
384
0
0
0
1061
942
0
0
0
520
1825
1154
1068
0
0
926
1647
0
0
0
1352
2847
1607
0
448
0
2410
0
0
0
866
640
0
0
1945
2859
347
2667
1141
0
0
0
571
1354
1559
947
0
89
0
0
0
0
0
0
0
1960
2113
0
0
1129
2041
0
3012
2957
1579
1749
2814
2387
855
1799
0
0
0
0
0
0
0
0
0
299
0
0
506
1026
0
537
0
1201
1031
2112
832
0
289
0
0
0
0
571
1976
0
457
0
1367
181
229
0
142
0
0
1226
746
0
1161
0
0
0
0
1043
0
0
571
0
0
0
1927
0
0
0
213
607
614
715
0
250
399
0
0
419
0
0
0
2404
161
0
0
0
223
0
0
0
0
1974
1661
0
0
0
0
652
0
0
1881
1479
0
0
702
1562
2726
0
398
0
0
443
1206
0
2545
1836
777
0
0
0
692
0
519
0
0
0
1665
5
1252
0
0
0
0
0
0
0
1586
0
0
1227
0
0
0
2409
1170
0
0
0
815
285
207
751
0
228
0
0
0
916
148
138
0
0
0
0
782
0
224
0
0
0
166
1312
891
357
982
841
0
16
1578
232
0
0
0
66
1390
126
456
0
0
0
217
0
0
0
0
0
0
982
0
0
0
147
0
0
0
0
527
385
0
2878
300
0
116
1614
711
968
0
705
1089
0
0
820
0
1467
1236
0
1564
0
1424
0
0
553
611
693
0
0
0
0
875
0
240
0
0
0
311
0
570
0
0
429
573
0
101
0
1669
0
0
1331
0
0
0
0
660
1477
0
0
0
861
0
2221
0
0
0
0
0
414
317
1884
698
759
0
0
0
3189
205
0
449
0
196
284
713
1042
0
0
0
1242
238
451
725
0
0
489
1196
0
0
0
815
100
995
0
1253
431
907
0
926
0
971
0
0
0
0
0
0
943
0
517
161
0
1281
1398
619
1422
0
1649
0
0
0
627
0
0
1403
1512
0
0
0
0
0
994
0
301
620
579
1197
226
951
0
0
1927
0
52
0
0
0
0
1120
0
1234
0
0
1019
698
2344
20
0
0
1706
207
319
1996
0
142
0
0
599
460
1107
637
640
1299
0
0
0
0
670
0
369
648
0
0
345
1499
0
1332
0
318
1251
388
2061
0
1556
0
820
921
0
1136
53
1175
1099
0
0
0
1193
0
0
690
0
0
229
0
899
359
903
0
266
733
1155
0
206
181
0
957
0
0
987
885
0
0
234
0
0
0
365
0
0
153
82
0
56
105
0
0
0
1386
364
1122
0
32
0
408
810
0
0
0
0
0
1017
731
988
163
0
719
2941
988
788
2878
97
663
0
0
0
0
0
0
3043
198
841
1160
1406
0
0
0
0
0
0
444
0
0
153
289
940
750
0
580
576
540
184
0
0
778
1445
89
1087
0
11
0
622
1087
471
0
461
0
0
0
0
570
764
778
531
0
0
0
1002
1155
1526
0
0
0
0
0
155
0
1710
255
1748
1157
1051
1119
58
303
0
1397
0
0
9
269
995
1685
0
546
1071
0
516
305
300
17
375
2012
0
0
5
0
462
994
1005
0
0
0
1057
0
1863
0
582
571
1719
876
494
0
0
0
1183
1352
0
0
1124
1073
1647
1138
489
0
0
0
506
1163
1604
0
0
660
1356
408
2043
0
0
255
981
1353
564
534
13
913
0
0
0
0
937
1256
504
1252
0
793
595
146
1004
0
0
185
410
1337
0
68
0
290
942
584
0
656
0
311
568
0
427
0
0
0
0
0
0
1621
626
0
0
0
2
1899
427
1135
0
964
2034
0
200
0
2391
20
503
0
1692
435
560
0
0
0
0
0
837
517
0
1128
898
0
236
0
128
495
1625
875
1273
607
0
449
0
0
1780
1623
116
0
0
666
395
0
432
0
0
0
0
997
139
1053
0
1209
103
0
0
398
950
0
0
1090
0
95
956
397
57
756
685
507
0
791
561
0
413
0
293
0
441
138
1205
480
0
0
1658
0
0
0
1342
1416
1188
505
1112
0
0
1281
385
229
817
0
0
0
0
0
0
641
0
1165
1147
486
702
707
31
2151
1400
465
0
43
660
1604
0
289
0
0
0
1117
169
423
0
633
0
0
0
0
273
201
1116
0
522
618
0
0
0
0
0
0
890
0
522
869
637
0
1808
0
0
0
0
1180
901
0
1019
0
634
343
0
202
0
457
0
0
0
200
145
247
181
105
882
1476
0
1689
701
451
573
680
1016
49
0
0
1543
0
0
30
0
178
0
570
211
0
314
0
0
699
5
155
0
862
2548
115
0
1434
1163
1296
0
596
164
622
0
648
376
837
0
1155
819
36
0
332
0
122
0
475
0
0
0
890
3
1963
923
267
732
760
0
0
1062
0
1085
70
787
0
280
0
292
789
229
0
137
199
982
0
310
0
0
0
968
336
0
803
0
0
0
1803
538
441
0
767
0
685
0
0
0
0
12
0
756
311
0
0
0
0
0
1734
522
0
0
544
0
1131
0
0
351
0
0
0
1033
20
0
0
40
1096
2054
0
370
360
0
968
986
0
56
0
0
0
192
0
0
0
0
0
0
0
0
0
1023
261
0
965
517
0
224
13
