100 116 218 9 201 54 164 41 35 206 91 121 14 95 209 125 172 148 231 17 240 114 23 200 187 187 121 2 163 163 214 53 189 108 170 147 202 142 91 240 187 226 22 236 103 127 186 250 232 62 1 148 33 251 117 62 76 21 228 240 189 125 65 81 214 80 204 33 168 158 93 99 222 68 119 34 143 140 153 129 43 25 214 142 2 14 174 188 23 50 23 101 15 14 187 202 246 67 150 95 229 64 56 22 176 104 84 84 177 70 167 146 12 189 77 102 225 173 243 32 198 224
143 200 197 123 134 24 19 144 174 119 232 165 140 242 248 24 17 142 77 122 183 116 70 124 129 121 8 191 64 91 25 104 121 110 145 176 79 118 44 247 13 237 197 140 167 82 238 132 33 253 236 21 83 127 40 192 102 56 222 6 144 201 134 58 60 143 94 71 9 92 84 104 112 132 219 166 1 42 167 169 8 199 103 97 104 89 207 42 63 220 131 243 249 222 254 127 120 17 130 144 145 188 28 100 91 226 130 181 22 175 236 92 125 140 76 30 78 227 186 171 38 11
89 97 212 161 155 145 183 74 6 50 63 86 5 169 121 63 57 240 44 128 144 214 126 252 229 102 192 89 223 120 250 24 18 59 80 59 216 124 246 78 25 39 52 169 232 124 209 65 32 76 182 216 0 197 186 114 40 167 97 238 155 95 98 79 63 230 103 45 16 251 38 43 45 4 245 199 194 185 49 163 216 80 95 175 149 177 237 103 241 113 204 222 160 60 24 69 170 155 24 201 135 241 23 142 86 25 219 153 228 141 81 9 195 215 12 69 179 231 152 139 230 1
138 201 45 215 168 207 171 147 75 155 70 247 85 93 36 150 183 69 104 253 223 53 231 201 143 33 78 38 246 176 229 2 66 243 129 178 171 68 46 196 161 33 135 131 170 117 188 21 240 77 176 76 3 18 110 184 163 110 103 215 157 241 80 27 69 240 247 109 234 243 29 104 104 116 42 242 235 72 19 142 133 123 218 171 173 58 226 149 254 10 199 143 218 66 178 41 149 47 33 94 22 49 179 209 161 234 152 169 178 46 175 165 211 12 207 186 145 75 3 59 83 161
105 209 231 237 208 162 89 131 152 63 2 106 200 158 8 149 15 36 56 223 32 140 75 167 31 133 47 227 111 46 40 60 115 20 91 113 66 202 222 10 232 102 179 27 230 162 13 17 18 132 11 232 206 36 238 173 123 76 216 214 96 250 238 104 16 2 10 36 39 250 211 14 154 232 125 145 233 177 57 2 232 40 117 245 230 81 68 181 55 219 162 183 127 61 34 25 248 48 211 226 169 96 17 16 91 93 215 230 219 49 20 136 155 202 131 164 85 51 211 70 203 226
189 232 181 129 147 233 238 153 253 77 159 229 104 155 10 16 197 76 232 105 250 133 119 10 12 5 23 105 141 141 166 139 224 238 58 132 115 163 135 8 205 239 64 221 153 135 145 91 233 233 159 175 212 203 178 245 195 29 180 85 36 7 104 17 42 210 153 107 83 95 254 46 2 171 75 157 107 190 160 127 67 109 94 216 169 18 133 171 210 57 90 117 3 36 94 80 4 62 112 125 138 6 129 52 213 234 9 57 118 84 10 18 38 119 165 247 48 6 170 30 241 209
38 126 111 107 163 93 141 209 192 124 73 20 6 104 191 115 104 98 64 47 124 169 79 246 210 241 161 43 57 135 199 135 191 97 226 38 215 93 75 43 218 241 253 29 0 157 191 50 165 229 23 192 63 210 89 213 226 84 244 192 10 128 239 63 7 8 45 21 179 22 98 88 191 65 107 184 61 23 68 121 25 31 219 92 177 20 20 210 80 121 162 66 37 64 38 59 223 229 101 45 174 140 181 96 54 8 109 138 178 127 103 71 176 250 131 98 114 78 48 33 48 126
21 219 176 138 30 251 239 203 225 125 181 67 117 137 41 187 158 235 28 216 26 38 155 102 234 185 43 17 76 226 100 223 247 147 254 107 123 57 225 253 30 69 130 23 222 18 41 180 214 222 202 229 129 70 234 4 238 181 39 6 102 80 118 49 161 8 91 211 90 88 101 236 74 103 118 6 57 149 176 91 194 95 216 250 140 0 166 85 100 110 248 194 158 205 197 48 114 19 24 172 104 185 231 253 64 202 208 104 133 42 52 73 65 115 148 25 248 52 211 53 79 164
219 55 117 108 26 149 156 221 178 149 203 74 65 66 69 172 109 245 40 11 196 240 194 44 112 46 206 72 148 102 130 121 12 197 6 81 8 14 199 108 126 50 159 230 177 190 220 93 165 161 191 151 236 113 53 244 23 128 109 202 155 222 141 186 191 85 61 107 243 177 65 191 154 245 236 88 203 232 117 5 221 84 181 181 160 250 118 72 83 152 84 5 227 208 219 252 145 163 139 170 83 123 14 12 173 97 56 12 157 79 85 207 144 72 30 231 83 52 147 151 16 109
70 41 77 171 191 69 179 39 99 145 88 251 111 30 232 44 47 133 19 179 204 130 7 61 148 231 123 254 170 227 238 98 23 175 174 166 25 87 157 16 217 43 206 107 17 220 10 139 150 253 211 48 84 194 183 216 82 126 40 230 211 12 149 234 64 209 156 96 226 31 58 50 118 149 56 42 76 243 96 210 239 106 202 208 151 244 168 127 35 97 169 80 221 113 39 165 81 22 54 191 4 116 74 190 239 130 69 232 125 183 39 238 77 18 221 232 194 176 209 89 79 23
164 68 169 104 173 219 198 13 188 229 151 124 32 31 33 228 81 6 33 167 199 160 230 145 106 217 127 110 23 132 192 89 62 170 49 179 246 14 99 109 36 16 230 156 42 247 177 135 133 179 104 131 173 20 127 252 98 175 108 235 30 35 183 119 127 226 201 244 192 212 220 245 87 104 141 223 135 130 1 193 136 156 72 101 58 11 216 247 245 48 169 166 41 220 210 51 156 166 151 171 52 124 141 126 225 135 129 78 127 148 1 250 187 221 185 170 203 10 209 35 249 222
79 197 226 164 84 171 109 85 80 113 64 13 218 203 6 242 95 174 207 55 243 235 105 145 54 185 155 18 34 193 81 227 55 78 179 194 98 18 174 152 117 40 136 17 85 9 95 191 4 129 211 23 173 10 120 58 18 111 199 253 126 214 200 34 182 125 35 57 86 141 207 178 251 115 154 141 173 13 250 30 241 202 18 9 154 72 125 15 6 82 191 88 252 185 228 228 71 186 137 70 111 225 188 13 63 232 195 77 3 94 135 225 21 101 59 205 236 201 228 130 132 114
56 20 97 120 190 126 89 218 209 246 205 57 44 16 230 82 214 79 13 110 189 109 81 191 199 174 193 232 130 204 104 121 190 19 150 218 50 206 2 88 241 156 75 4 53 216 76 21 84 109 191 228 91 163 135 202 233 125 18 208 127 18 19 242 9 14 77 186 120 37 121 93 98 102 29 159 225 76 77 227 248 14 20 161 69 86 205 69 65 246 147 241 152 175 29 50 230 237 14 129 134 182 153 21 1 135 154 165 29 87 24 83 207 146 187 142 168 22 91 44 9 3
252 101 87 159 58 157 166 64 158 224 234 191 162 197 129 248 176 232 200 148 21 33 155 118 6 191 249 252 248 251 243 215 186 118 159 7 246 103 191 169 157 78 35 254 166 120 103 84 225 10 220 241 128 118 56 65 237 251 54 67 160 81 133 12 23 162 88 121 112 78 188 94 80 9 87 147 173 145 82 205 194 231 248 48 7 44 212 179 202 4 187 95 51 96 217 63 82 181 240 230 134 29 141 173 201 16 186 2 203 248 148 196 230 82 132 96 6 111 149 45 203 245
7 43 2 87 64 9 163 180 76 214 10 219 52 50 194 41 77 118 5 150 184 151 192 33 61 155 178 32 90 136 80 233 158 69 132 223 28 228 227 10 204 87 132 31 236 161 46 98 75 93 214 23 173 211 212 212 59 239 38 62 189 243 50 171 66 13 101 127 124 246 64 16 148 66 10 12 123 63 129 99 76 211 75 157 17 218 67 35 194 87 64 29 170 247 210 30 101 68 79 94 49 106 98 188 229 111 236 31 24 174 156 152 239 131 59 203 104 197 109 139 128 170
241 248 112 220 181 207 218 131 9 219 27 216 62 122 23 92 2 234 221 144 191 46 176 243 74 103 184 31 81 145 250 11 207 71 251 91 32 229 129 52 173 208 59 246 91 210 173 103 26 209 154 186 37 66 123 178 174 201 28 75 146 46 99 65 234 68 129 237 112 53 58 93 65 197 137 98 124 212 110 253 43 202 223 144 221 75 77 206 197 28 0 179 194 210 142 102 208 97 38 47 231 111 103 9 177 113 171 224 153 93 237 161 96 34 65 52 86 203 167 243 127 38
167 146 0 246 114 12 173 172 157 127 178 146 80 230 120 245 134 192 13 179 248 69 162 74 200 160 86 205 103 88 19 180 26 185 45 102 68 127 110 237 67 126 56 115 131 120 66 33 234 156 150 233 30 92 84 13 162 225 187 35 181 191 231 147 18 244 82 127 39 115 238 37 43 19 7 34 111 3 52 84 226 103 125 84 24 213 98 129 73 184 204 53 24 185 129 162 104 6 11 153 208 93 103 25 148 135 254 222 86 111 183 173 244 2 189 134 170 172 250 8 85 240
132 235 171 81 52 98 143 245 57 57 205 171 192 163 174 169 48 87 66 86 101 82 0 40 199 124 204 85 135 36 216 158 176 57 240 28 51 82 149 211 62 209 51 55 168 172 235 57 26 204 144 107 139 233 153 148 29 37 96 32 191 147 188 131 82 202 55 33 13 48 41 163 116 56 128 215 148 124 103 172 250 222 184 122 142 21 200 80 16 198 12 235 118 8 0 228 210 212 136 92 91 162 201 216 55 146 243 121 46 100 96 20 145 106 206 77 32 190 120 23 12 159
73 173 28 2 228 180 127 236 111 216 131 78 78 60 19 81 150 131 154 64 243 202 90 44 97 152 76 88 7 172 224 176 164 178 199 235 80 134 13 50 247 131 130 6 87 89 26 59 243 206 191 116 168 186 87 51 223 113 41 229 205 214 61 225 119 86 189 67 252 104 234 232 79 23 179 28 15 242 96 219 179 226 66 226 199 25 185 240 17 99 236 7 90 244 63 5 115 36 41 166 140 170 36 214 48 22 75 220 204 151 248 129 242 18 221 30 50 35 6 70 230 129
212 151 134 160 55 108 103 129 216 214 90 39 153 241 114 84 174 76 44 190 235 87 21 216 9 199 123 225 2 199 120 53 145 237 174 173 83 94 106 42 162 37 110 90 91 105 29 0 218 206 116 180 64 202 74 222 217 184 94 128 163 206 3 4 224 3 43 148 153 61 204 66 139 54 22 156 36 105 108 220 74 47 205 93 226 140 199 167 57 239 40 127 248 222 51 191 130 13 94 92 182 7 189 144 129 253 203 158 225 124 243 80 22 76 147 116 71 237 242 70 47 177
31 117 89 121 149 17 208 186 7 63 85 146 99 226 196 56 83 117 94 75 135 238 173 110 160 124 57 12 84 66 213 92 69 52 124 102 17 139 138 194 48 88 202 183 31 210 118 115 90 91 217 248 234 75 217 43 152 83 195 229 151 161 47 76 122 215 166 187 37 165 253 78 77 236 87 122 73 102 149 28 106 189 18 20 47 174 168 54 141 216 159 132 148 60 55 237 172 209 159 131 233 71 78 91 238 15 202 141 135 131 147 190 253 4 235 88 254 147 239 97 252 114
202 186 120 28 174 136 156 60 212 234 187 135 101 36 51 183 184 221 10 27 230 125 83 150 6 83 110 190 233 80 189 118 84 212 134 232 154 112 12 227 80 185 31 65 22 175 179 61 116 155 72 39 119 217 50 247 83 229 118 254 192 59 135 251 147 89 178 40 197 13 247 171 159 228 163 118 49 163 115 244 242 157 44 54 97 33 194 147 155 74 156 209 170 156 95 115 121 247 228 138 35 71 172 215 143 191 197 231 198 233 112 191 150 98 21 85 48 230 181 246 106 133
0 90 193 233 179 147 69 30 17 6 65 5 28 45 125 120 81 164 157 127 207 63 226 121 214 55 237 175 217 4 231 103 17 241 5 148 124 213 156 216 145 30 109 234 122 190 121 38 26 161 161 203 76 90 48 211 251 96 81 223 134 80 23 233 78 87 55 136 94 177 227 173 78 66 76 148 80 32 34 198 173 36 206 248 88 220 120 225 131 4 162 249 185 218 91 32 212 87 59 19 218 6 154 2 41 13 14 120 182 250 26 91 120 38 129 92 64 43 65 55 36 119
129 160 69 153 187 249 173 219 63 175 91 165 205 177 112 35 152 166 130 177 158 6 126 8 179 11 252 49 52 63 52 86 159 1 182 14 139 173 165 28 63 1 156 159 84 243 220 141 124 251 90 104 151 146 135 78 112 15 233 75 66 243 179 249 117 170 239 35 130 91 194 40 81 211 207 138 173 129 136 25 4 214 183 2 118 215 41 140 68 58 136 110 70 46 181 158 171 225 238 107 40 206 220 154 180 69 194 156 62 93 95 129 133 171 129 19 34 217 151 163 198 207
173 154 209 201 79 191 13 5 40 22 223 92 195 16 192 125 81 23 57 248 244 1 80 166 31 179 43 249 9 160 223 42 170 166 108 44 216 183 119 0 28 150 181 150 190 208 176 226 52 112 54 7 151 134 133 144 109 76 0 1 189 2 56 119 103 83 213 119 170 53 209 119 166 50 115 153 166 124 129 134 112 254 95 177 62 187 215 80 13 118 9 153 217 84 158 154 6 51 11 217 146 43 251 84 165 61 117 81 37 235 215 102 101 237 25 124 102 179 66 242 97 144
204 6 179 211 36 22 93 33 218 3 183 236 184 114 5 38 217 153 37 160 132 187 53 229 144 125 222 125 140 55 207 190 229 47 165 125 127 128 41 27 201 54 107 138 43 37 136 120 180 10 85 21 101 252 181 203 19 216 118 123 69 214 125 49 209 50 123 135 10 134 71 139 41 25 174 207 112 92 196 169 222 37 70 16 51 36 68 64 66 236 138 99 59 149 114 109 77 119 190 128 200 153 228 198 106 92 81 129 235 13 212 66 32 5 147 179 105 72 6 236 67 155
196 161 94 42 205 221 44 21 61 63 199 207 99 245 200 124 70 1 57 129 23 136 210 193 161 93 74 193 135 92 226 254 118 0 241 243 170 191 10 51 167 9 116 170 79 53 3 21 162 135 140 246 226 26 91 87 237 253 177 25 199 233 203 72 77 145 220 51 8 156 240 87 109 193 26 231 252 117 132 148 201 112 177 15 111 125 6 39 90 232 12 200 29 44 208 43 206 230 155 246 242 227 204 172 18 183 160 216 184 253 224 186 72 136 69 245 229 223 110 32 230 191
38 107 172 76 156 244 118 120 242 225 63 158 44 20 37 1 155 78 152 101 59 70 160 246 132 144 220 236 99 6 43 64 240 117 222 63 114 20 176 161 100 178 235 182 139 21 189 246 134 89 206 243 232 85 178 128 151 67 243 238 166 201 228 120 122 60 184 22 19 12 160 37 72 71 63 94 254 102 17 186 20 236 63 140 192 16 25 146 35 178 73 6 163 1 50 239 177 69 252 40 246 21 85 203 118 217 41 45 34 149 253 12 12 240 63 229 56 112 134 183 140 199
100 192 145 98 157 193 125 112 99 86 226 162 115 189 78 58 53 0 234 2 64 178 80 152 53 223 12 107 244 179 183 57 202 173 58 149 7 3 78 112 102 43 233 125 40 165 33 172 163 140 181 100 173 211 211 64 101 28 39 215 219 126 167 252 215 19 208 242 218 60 78 4 18 69 239 15 23 71 3 138 36 225 111 201 245 226 36 104 245 220 75 37 177 254 153 222 2 110 151 62 21 155 103 129 131 182 244 155 115 38 78 230 18 241 21 155 135 37 57 74 163 247
104 109 144 27 44 36 245 131 116 126 207 14 165 204 46 8 224 153 78 83 38 99 192 236 90 223 64 221 29 115 170 196 165 176 251 190 106 27 81 53 215 173 115 128 75 10 8 0 158 97 213 80 28 116 55 29 134 37 21 222 252 114 218 91 12 218 124 11 7 221 221 109 172 207 197 199 35 71 93 133 110 253 127 239 21 81 198 167 134 138 48 48 140 144 3 123 150 218 0 66 180 60 26 222 162 67 229 65 65 237 33 132 112 237 170 232 31 67 116 239 223 132
229 67 28 236 16 37 105 248 96 157 111 151 45 205 124 171 229 235 49 118 248 173 186 99 207 112 134 242 133 226 157 104 55 108 207 149 50 11 147 118 247 126 250 145 82 75 143 93 207 171 124 158 103 45 166 11 243 149 185 207 216 38 123 107 118 90 242 155 9 116 94 125 36 239 70 97 217 105 59 61 151 232 226 95 149 10 99 161 109 23 46 184 243 239 224 171 225 97 70 220 243 155 163 71 115 145 195 0 168 243 10 139 194 247 72 34 204 73 250 150 38 136
35 5 151 178 65 93 53 21 219 191 25 24 10 50 252 64 241 27 230 86 129 131 46 252 7 148 36 235 130 38 192 40 45 154 141 67 181 128 107 214 198 182 193 152 200 200 152 31 208 237 185 202 145 91 124 200 197 87 143 47 203 68 229 185 57 35 115 143 131 100 14 224 5 61 195 13 36 186 192 190 24 171 39 122 0 5 169 22 162 69 13 93 224 216 128 187 174 246 31 147 140 130 127 195 171 230 101 180 243 228 94 53 242 222 44 231 71 73 131 68 92 44
75 153 77 254 33 150 138 203 9 181 24 48 170 12 223 8 136 153 136 59 137 24 214 150 18 77 235 227 71 95 53 204 171 219 152 118 59 106 80 20 252 203 112 61 61 243 47 9 168 139 39 75 159 221 223 53 225 174 138 124 50 141 110 62 217 73 118 121 155 190 78 212 28 81 7 114 164 14 134 194 3 37 116 216 43 43 15 83 108 238 31 137 176 12 208 214 14 126 13 173 199 97 202 248 34 125 112 100 181 161 214 178 93 118 42 93 107 95 6 219 150 50
55 76 141 9 245 148 34 32 228 0 147 166 135 1 35 234 149 226 161 210 36 76 161 97 252 103 163 145 229 52 232 174 174 21 131 249 33 143 24 67 142 108 109 43 215 43 120 188 20 169 123 40 115 138 126 248 164 14 120 145 150 9 191 228 252 22 104 112 175 136 201 143 115 93 149 119 3 153 205 102 212 128 224 253 104 26 203 18 155 172 207 95 123 193 75 205 215 227 84 82 205 164 19 240 124 134 123 62 226 25 153 172 120 241 184 53 10 171 86 31 204 234
180 168 227 125 114 55 249 28 211 187 125 17 140 75 244 80 62 63 99 119 16 207 104 10 232 149 141 21 229 199 110 249 242 166 176 232 146 122 148 155 203 253 213 231 44 25 29 228 102 240 1 21 11 154 39 224 176 150 211 239 224 135 73 93 81 146 7 14 49 19 229 106 139 51 71 216 240 18 247 161 163 184 147 235 125 229 142 65 117 133 187 117 146 159 186 160 64 221 173 50 2 40 196 208 215 128 117 69 44 124 20 244 145 18 205 193 196 198 39 87 182 220
175 241 100 125 96 63 209 190 33 49 103 2 184 24 195 118 28 82 183 61 123 232 75 143 32 154 235 207 6 78 26 96 173 249 252 157 72 39 168 99 138 147 30 1 217 250 67 198 31 31 87 120 160 11 199 69 232 214 242 130 79 216 170 87 201 138 58 92 37 246 249 174 108 222 234 35 84 0 136 164 6 224 180 36 4 98 188 41 131 201 53 83 50 54 13 122 121 107 240 149 55 169 228 7 10 122 186 226 161 108 92 34 77 162 236 109 188 157 252 216 87 162
154 21 11 76 183 138 123 103 117 165 200 69 197 10 183 234 70 242 109 90 145 16 149 94 97 97 254 210 100 3 225 15 235 143 178 165 3 227 60 70 49 18 190 210 115 136 177 36 33 177 141 94 177 140 194 229 134 106 125 35 233 189 98 163 91 8 68 66 93 81 117 198 93 118 84 111 183 22 229 179 234 194 241 9 243 198 130 76 139 166 139 181 245 42 196 40 231 115 221 122 51 31 169 102 158 252 209 140 66 35 26 121 167 128 118 3 128 58 220 204 119 208
166 146 189 8 27 164 203 142 29 216 49 98 8 189 87 102 53 107 18 44 40 52 184 10 125 9 246 49 178 111 156 66 29 119 108 217 219 57 66 181 167 200 54 182 208 252 22 63 55 46 217 1 210 6 183 48 117 50 167 93 164 43 12 13 88 152 90 58 237 85 86 134 182 218 65 192 253 149 221 1 241 101 244 190 141 140 27 186 12 108 113 6 144 14 29 240 152 149 124 92 15 171 246 153 93 141 120 148 220 235 180 80 81 152 251 51 208 30 206 117 168 91
57 50 105 211 229 217 1 40 208 88 110 130 234 40 197 43 202 112 235 252 172 160 175 73 64 50 42 144 73 157 10 116 28 69 99 41 177 74 77 168 157 137 10 138 45 248 127 53 246 161 99 169 122 193 4 6 51 96 74 135 78 202 222 6 71 16 182 193 127 209 22 226 2 54 141 167 160 217 90 46 106 238 147 60 105 227 82 57 171 197 201 145 126 89 98 102 175 31 250 232 184 0 235 206 247 175 35 201 230 238 139 228 48 204 202 137 209 199 172 91 71 243
114 52 250 49 125 144 157 151 98 199 121 236 246 105 222 134 224 101 178 224 64 68 110 49 177 112 63 13 40 152 99 123 81 103 197 68 66 171 20 1 205 207 24 58 240 24 102 7 236 3 216 210 56 84 153 23 125 241 65 72 128 7 72 92 98 116 46 142 244 86 36 85 66 6 199 9 44 222 53 119 108 131 30 111 147 181 36 71 125 171 55 1 113 101 145 56 17 6 120 84 202 20 208 62 129 56 16 12 88 92 33 216 250 186 7 214 204 219 202 229 200 171
85 67 137 108 88 86 104 178 57 34 104 98 184 32 182 61 179 83 5 4 50 110 62 119 120 222 9 198 129 241 127 183 203 163 57 177 215 84 125 39 61 212 140 145 49 226 167 247 98 97 56 146 4 88 119 108 98 26 138 158 110 93 44 55 224 69 215 7 129 16 130 46 15 237 174 16 207 249 208 160 213 69 31 165 170 26 64 16 137 17 0 245 23 150 203 78 17 223 101 218 133 87 240 44 61 159 101 16 152 112 175 132 174 101 93 80 221 86 150 199 196 218
200 190 32 232 215 193 149 118 39 33 143 164 83 51 150 76 164 192 130 88 34 136 179 19 26 171 103 229 215 156 213 2 242 89 177 10 189 51 172 9 233 180 55 241 159 33 164 37 233 177 119 130 230 169 40 99 150 79 198 190 80 4 233 142 191 78 177 26 170 13 50 196 136 211 48 99 92 88 42 100 109 68 239 16 18 82 16 66 21 236 254 71 59 194 32 114 34 238 239 163 127 115 175 81 132 243 82 146 61 66 11 67 230 223 196 139 77 81 127 132 74 150
226 80 207 118 92 182 145 85 129 163 163 7 236 71 14 247 180 181 168 138 46 194 71 42 26 198 230 46 75 86 167 10 167 212 144 142 72 183 73 109 70 21 214 20 10 16 64 239 56 228 41 28 31 108 40 123 110 103 32 228 254 43 104 234 79 252 192 36 215 237 139 250 78 12 179 190 251 199 204 43 164 125 34 137 61 246 136 32 80 29 183 82 62 148 217 23 218 155 238 252 30 60 53 210 201 46 97 116 34 184 52 6 38 234 23 77 199 138 17 60 220 208
44 2 1 165 202 177 45 47 33 82 186 112 237 39 216 135 35 75 175 187 173 49 254 78 6 126 160 42 157 105 241 219 93 119 157 25 251 70 224 161 80 183 204 39 113 237 51 87 144 243 226 107 13 180 210 108 193 252 11 154 217 163 225 128 24 47 22 50 31 81 138 244 31 38 15 4 126 218 10 241 4 75 0 165 135 216 236 42 251 168 0 19 153 128 24 58 161 233 153 70 115 82 249 125 52 83 239 96 67 191 170 13 137 84 37 198 105 150 249 156 106 67
219 49 60 135 132 32 16 54 117 138 244 176 143 165 37 115 185 220 33 40 154 156 49 71 114 163 84 40 207 30 99 39 121 243 109 249 179 191 41 188 19 232 69 56 88 127 85 158 254 90 200 44 218 177 61 106 76 149 136 184 237 169 51 11 57 237 30 240 39 154 153 39 90 216 105 178 109 179 219 53 105 208 7 221 55 249 243 195 204 122 71 104 92 9 175 123 125 82 72 210 132 143 136 30 188 81 221 86 11 230 121 95 235 251 30 72 156 115 26 177 24 115
151 183 109 208 169 11 218 124 43 90 84 204 160 238 131 196 233 20 185 133 148 31 10 178 105 65 197 234 156 110 24 197 211 160 184 176 23 46 234 254 29 110 23 204 172 65 52 124 37 106 74 151 170 224 121 41 84 209 142 15 135 47 102 47 40 17 206 135 104 9 16 34 192 247 218 34 50 225 122 62 73 31 22 101 182 72 231 133 160 60 187 146 58 104 45 219 93 150 85 182 248 145 157 74 26 186 150 150 162 218 218 88 147 80 35 30 45 154 225 204 212 24
134 230 244 174 37 18 63 211 66 27 7 10 194 150 143 38 21 111 22 178 78 244 35 137 170 186 44 160 35 0 119 40 211 178 106 194 14 16 165 12 116 10 212 52 134 130 220 50 95 161 140 59 19 251 101 19 198 125 104 220 82 131 100 96 132 167 212 14 218 77 44 21 65 74 27 41 180 42 176 179 135 231 101 215 183 166 50 44 104 219 102 196 187 109 106 12 253 52 65 252 103 109 112 88 52 132 58 87 237 166 88 227 176 156 142 179 58 90 143 148 159 30
46 105 166 236 31 95 209 75 236 194 69 64 211 94 211 228 129 197 69 139 183 242 249 152 134 126 221 246 129 250 218 4 87 78 112 36 9 221 180 210 139 46 124 41 26 81 117 58 68 182 250 249 233 191 251 69 204 63 79 154 101 238 164 70 243 113 33 220 176 216 19 137 100 217 151 33 12 236 182 116 234 160 253 43 46 134 61 104 220 213 242 243 219 74 194 245 82 74 113 143 215 58 143 179 239 79 133 173 69 74 254 68 10 10 47 242 82 162 88 25 143 250
24 188 7 215 250 93 218 243 236 31 201 232 241 180 148 177 228 170 143 220 135 171 131 148 183 109 32 237 240 239 116 236 27 102 144 151 47 129 35 185 234 126 107 121 10 146 119 12 70 142 48 229 21 58 45 173 140 113 8 120 112 103 253 168 93 158 79 2 122 93 130 199 19 67 73 196 211 84 59 241 76 50 144 216 132 22 29 215 1 249 119 142 11 32 36 182 239 62 63 163 27 211 72 110 166 103 225 39 18 202 16 77 129 120 68 57 168 237 140 84 186 97
16 110 33 110 86 40 78 236 103 167 40 119 6 57 98 222 0 242 187 166 252 210 135 70 136 91 31 106 127 84 223 124 166 195 37 45 138 177 169 74 185 22 212 225 217 28 152 66 36 95 204 103 126 20 120 106 211 223 39 99 151 14 81 229 206 46 236 164 239 39 79 100 53 127 245 137 247 125 205 189 86 170 60 211 152 116 104 222 247 229 250 14 34 216 123 191 219 216 126 60 102 103 187 214 84 73 110 234 23 176 198 77 165 89 73 203 113 40 164 25 236 157
188 203 9 139 74 153 132 242 43 197 166 80 69 150 183 47 115 147 168 26 173 91 161 216 148 107 206 152 161 238 234 45 245 35 35 105 168 110 34 236 79 174 250 47 170 157 40 39 173 245 40 104 45 42 230 12 245 168 55 105 149 185 40 196 151 197 176 35 155 72 51 46 163 132 202 103 130 112 95 231 199 233 152 129 218 160 141 227 159 176 117 85 27 82 163 216 33 72 234 103 138 86 241 7 35 75 86 149 183 17 172 111 28 164 193 217 122 29 34 0 19 121
32 102 187 247 171 105 176 82 145 79 39 138 239 165 220 56 98 243 243 10 177 1 186 50 228 116 181 128 53 222 6 212 25 201 159 80 93 51 186 211 147 169 242 131 119 65 20 62 137 41 148 236 221 96 39 248 20 124 129 197 86 14 111 22 77 97 172 213 112 191 238 10 117 12 44 49 125 124 178 31 161 14 230 220 174 246 101 150 65 253 151 41 242 251 6 58 233 82 14 253 219 219 109 179 230 134 27 247 112 238 37 215 17 48 171 69 61 121 152 190 4 64
148 118 8 219 95 73 30 49 56 121 18 41 86 124 202 100 162 90 9 37 102 173 26 228 238 228 32 203 237 181 1 91 82 100 144 25 84 222 220 234 240 198 182 52 190 95 119 253 116 108 128 162 34 157 151 193 160 148 145 152 246 49 44 38 208 185 27 91 138 88 43 236 179 244 2 29 151 122 190 38 229 45 205 249 200 185 137 92 69 106 118 59 148 48 133 253 84 9 41 18 195 160 199 222 10 90 41 161 102 213 211 227 233 217 44 227 193 54 159 253 64 38
38 170 80 137 85 238 106 157 209 159 140 143 195 17 145 77 143 26 39 39 246 155 62 119 173 80 146 130 191 32 164 114 119 189 105 41 205 243 32 135 49 151 206 219 8 79 167 93 84 178 124 162 58 193 121 238 216 170 160 254 201 138 188 91 41 34 50 232 27 162 122 241 102 216 61 95 187 5 217 200 109 57 157 162 226 17 115 16 67 168 118 58 147 247 201 118 102 13 182 62 252 116 3 76 43 237 180 78 145 246 31 43 8 99 62 25 157 4 245 162 112 138
37 31 228 234 210 129 35 5 10 118 49 2 90 85 106 170 147 103 246 46 25 225 21 72 252 84 57 189 235 116 55 242 7 9 50 137 205 77 58 115 114 43 30 18 225 38 189 60 199 212 164 25 43 84 211 79 9 110 59 159 208 33 217 200 75 18 137 144 130 241 51 124 83 164 93 151 112 94 160 227 119 138 185 8 230 113 151 154 183 161 243 247 215 61 143 150 130 11 153 225 106 190 146 241 206 158 62 82 189 142 191 39 200 214 244 18 15 54 28 229 135 218
251 66 109 213 2 4 251 169 47 68 108 169 94 105 117 208 36 186 32 240 154 25 10 146 173 130 126 39 189 85 225 27 238 19 223 218 121 171 157 227 36 69 179 28 16 213 34 68 212 89 66 0 16 139 13 223 157 80 135 134 166 20 157 172 92 203 121 100 38 246 15 219 221 121 15 45 196 149 47 44 25 69 72 237 235 174 169 211 137 58 31 42 121 122 208 162 38 57 148 254 145 51 153 99 81 224 124 77 145 113 109 224 43 208 211 116 41 234 83 141 147 61
92 133 122 217 42 38 28 68 73 83 215 81 215 55 201 19 111 66 246 235 118 96 170 151 75 240 133 94 247 59 162 185 56 207 162 156 99 171 156 194 87 208 82 50 206 88 107 5 243 15 246 160 26 188 58 247 22 12 6 98 110 234 1 77 80 241 218 248 109 65 241 151 176 133 158 145 129 85 88 64 146 15 239 118 110 158 18 180 154 212 145 185 117 188 127 27 196 12 78 86 68 148 146 57 162 93 53 49 184 51 33 39 0 35 145 175 87 191 115 95 113 32
166 205 221 79 213 249 141 89 16 156 83 96 30 208 192 86 2 225 240 94 71 129 253 19 76 218 45 69 214 25 48 91 69 125 34 35 56 8 55 87 183 14 15 155 183 236 158 240 65 217 73 228 49 182 47 173 30 96 162 79 105 218 99 49 85 93 158 68 119 206 198 117 177 254 128 182 130 252 187 180 254 37 250 137 150 170 107 116 117 119 167 61 110 178 136 182 123 92 22 118 219 33 200 191 17 46 112 62 81 108 243 243 155 45 181 134 205 199 163 159 224 136
78 52 60 43 185 22 59 207 179 63 125 211 19 142 60 170 237 152 157 249 249 120 26 158 46 202 254 63 204 159 113 243 12 190 207 58 139 73 110 100 232 136 132 19 45 43 46 232 156 116 88 128 243 15 152 114 183 23 162 158 5 30 201 75 239 29 40 150 27 240 187 213 121 149 91 47 180 15 34 114 78 59 106 240 163 10 58 117 226 193 203 25 121 35 102 82 251 153 30 161 144 179 240 137 175 69 243 111 88 206 57 222 241 177 235 144 43 233 31 180 48 230
180 238 128 27 239 196 173 178 178 135 198 73 169 0 30 26 8 38 133 243 153 114 45 58 141 134 22 31 1 196 230 113 32 133 167 62 10 192 50 81 21 51 251 149 121 235 177 198 223 220 8 9 63 69 225 9 207 239 221 104 94 140 14 247 89 92 33 146 6 161 139 164 35 97 110 164 125 45 0 71 140 77 60 180 245 119 146 200 147 224 105 51 253 116 5 37 65 29 62 64 228 89 8 105 148 145 127 179 245 52 159 230 196 215 26 35 123 147 140 121 91 71
200 174 10 220 171 156 161 30 4 138 237 232 70 99 228 183 42 34 19 85 158 143 19 18 123 102 168 110 164 193 126 185 2 70 90 57 23 154 26 98 119 230 19 177 231 74 15 9 131 249 111 106 157 253 253 129 89 42 133 86 239 159 215 173 149 98 34 48 30 105 36 124 28 102 101 211 121 157 224 92 114 252 136 159 218 210 121 138 39 26 189 146 9 206 204 203 39 156 236 27 18 27 62 50 127 35 227 30 155 89 159 44 71 93 182 235 44 50 125 163 197 129
212 226 79 32 117 113 156 18 231 248 213 56 24 36 67 251 90 31 37 80 168 186 56 221 148 69 141 106 212 208 26 215 182 63 125 16 117 226 154 150 207 217 6 17 90 110 1 46 101 197 13 242 71 204 50 41 170 51 62 167 212 38 230 212 61 229 251 175 162 50 33 204 114 65 213 230 245 57 217 67 22 189 32 44 124 164 11 45 218 224 179 50 70 200 11 41 226 158 83 233 44 133 93 80 172 230 98 2 80 10 153 182 87 143 142 163 129 190 174 148 152 245
175 222 154 106 161 96 197 143 68 103 225 21 180 84 114 136 65 202 92 105 253 12 101 187 72 211 28 219 77 179 196 5 119 104 102 105 141 104 21 159 28 20 80 181 70 125 121 129 4 178 90 196 217 200 93 11 146 183 131 29 237 140 146 184 139 158 163 120 156 174 0 197 67 201 1 185 43 102 53 233 245 5 182 161 92 157 153 216 202 21 150 128 213 115 38 59 71 220 69 178 147 143 95 97 217 87 169 107 254 80 191 72 180 104 217 186 170 94 76 108 16 146
124 204 139 96 35 243 155 48 223 41 197 232 210 24 249 210 149 190 23 185 147 205 5 74 43 128 222 113 105 119 37 112 198 49 186 141 217 172 198 83 5 54 71 179 102 125 84 179 54 184 59 165 188 62 33 200 81 138 12 125 74 227 154 34 54 167 242 134 32 106 36 106 7 136 89 232 62 115 218 190 101 159 214 222 228 228 201 144 90 84 116 207 173 136 114 245 240 69 53 251 89 243 3 101 226 244 32 73 233 55 127 153 204 22 121 13 83 14 122 244 223 90
176 69 182 112 215 211 247 109 33 208 220 244 84 86 175 71 50 127 29 59 224 26 190 163 64 69 51 47 147 29 145 129 101 46 162 205 231 249 244 14 161 37 99 25 134 179 95 141 42 181 46 116 69 102 212 5 30 113 88 171 146 64 137 217 201 87 189 220 42 245 197 153 150 202 62 95 223 2 226 243 192 234 19 233 84 6 95 224 2 220 192 92 157 94 139 200 155 178 245 97 212 159 182 105 64 143 70 64 38 70 207 34 91 235 167 128 204 230 250 121 191 95
99 62 174 214 119 229 45 174 154 126 89 170 229 4 23 34 229 107 140 146 93 86 164 14 124 82 203 229 12 141 229 141 184 57 109 250 240 114 108 38 119 202 55 87 230 239 238 188 62 132 52 59 30 144 62 149 236 2 41 58 11 119 175 136 40 148 229 34 132 108 201 154 56 148 246 216 100 132 137 199 245 82 21 114 187 86 120 22 46 100 153 13 124 5 130 84 179 181 232 40 7 96 241 94 82 65 213 183 245 168 202 191 28 191 54 189 198 233 253 116 65 145
217 112 55 104 239 62 194 176 5 210 23 221 144 130 127 178 94 175 254 64 36 120 101 221 74 176 98 26 77 214 122 253 153 197 165 38 229 177 220 41 126 225 247 245 30 131 236 214 92 35 233 157 240 109 151 9 171 236 187 182 254 87 71 57 41 156 218 23 154 4 189 110 155 74 143 170 112 53 45 196 80 91 218 87 112 55 223 216 64 69 80 125 232 53 21 159 118 236 152 40 224 111 12 200 54 61 12 249 217 146 81 168 54 233 65 166 7 243 48 113 64 218
133 237 15 159 219 191 0 94 192 2 161 183 68 143 242 131 46 3 185 136 226 202 233 176 72 133 37 107 44 50 11 104 143 174 43 140 79 241 84 59 219 151 47 209 112 141 59 184 32 165 185 92 251 139 64 230 251 53 129 217 46 88 32 131 232 6 173 94 92 130 4 96 20 4 40 168 102 165 35 167 170 238 239 223 231 175 33 47 217 248 140 250 28 54 226 206 137 11 1 108 39 185 78 137 155 6 234 33 151 151 251 245 71 22 8 175 76 209 7 219 68 92
196 195 34 8 146 175 30 142 91 164 104 111 249 82 228 253 128 194 6 24 123 126 243 140 165 172 251 228 202 103 10 161 91 157 213 59 43 14 185 165 154 233 230 2 202 112 202 164 201 142 35 129 26 35 232 93 210 145 35 179 20 181 182 224 113 135 20 6 91 217 196 237 175 161 207 248 48 110 221 132 117 138 141 42 127 192 163 112 238 61 184 68 195 228 177 43 40 235 51 43 249 123 161 49 98 188 100 141 52 185 60 14 134 207 104 177 34 173 171 16 234 72
115 219 73 108 20 14 226 56 171 123 98 234 17 55 53 193 8 29 93 50 173 35 217 75 141 118 160 46 169 151 198 250 182 208 130 103 129 221 3 235 130 46 84 94 100 75 239 185 15 248 13 171 134 30 223 40 125 51 86 206 234 98 195 124 202 71 11 159 126 225 16 24 217 54 127 191 193 209 91 242 223 26 130 187 28 75 40 21 56 120 84 111 32 118 239 222 37 23 195 2 39 105 169 102 133 18 163 111 31 121 245 19 0 106 238 212 164 208 224 140 232 177
92 215 251 129 231 91 40 116 61 231 115 55 107 206 200 72 167 126 183 177 47 111 95 106 31 157 254 170 238 49 236 248 98 130 19 250 23 21 70 135 137 108 18 84 212 224 125 163 242 133 12 75 96 115 109 85 31 102 68 156 251 13 222 247 175 41 92 111 44 129 65 248 176 120 204 171 84 105 74 89 119 206 0 190 61 106 81 221 244 56 194 7 200 123 16 250 185 156 149 204 27 21 218 186 153 224 138 139 234 162 100 222 149 112 3 93 248 149 94 19 155 236
41 41 110 86 157 216 136 166 184 26 91 159 237 47 176 236 224 73 32 203 241 162 204 225 130 23 2 119 197 178 171 114 161 142 206 32 124 81 200 23 164 2 47 91 152 19 93 187 12 47 128 94 179 64 0 123 242 179 68 211 82 106 36 75 91 182 125 34 24 199 244 231 252 19 134 237 233 115 15 45 223 179 101 83 184 174 199 66 122 225 27 162 96 70 114 195 119 252 158 33 92 167 3 34 178 104 37 181 47 200 52 93 50 72 156 153 76 42 112 145 111 84
52 110 85 213 104 17 232 213 225 195 185 196 179 117 56 131 7 6 90 211 245 124 64 103 186 180 227 162 152 230 29 67 57 28 242 223 245 88 28 117 129 99 33 109 16 241 240 71 213 41 26 54 38 253 153 140 249 34 35 30 103 176 110 180 104 20 16 0 229 3 223 141 162 5 119 190 237 96 227 206 63 220 108 150 21 146 189 111 95 93 233 108 71 36 250 42 0 215 196 183 40 100 195 212 28 145 135 131 241 107 45 23 4 179 254 106 75 133 142 136 251 14
116 125 219 59 229 90 248 22 88 28 212 81 103 13 139 145 138 152 180 9 247 114 32 108 107 42 211 203 100 254 89 25 192 193 217 92 142 23 178 98 26 162 249 7 231 94 140 61 169 62 166 137 61 237 188 253 168 172 204 52 209 198 188 8 46 67 250 200 18 219 252 218 248 168 105 150 16 84 3 227 142 7 151 202 179 220 143 206 21 205 47 80 160 15 108 14 56 99 96 212 239 116 54 30 136 113 30 238 157 206 98 33 88 172 51 152 246 221 98 103 5 7
151 170 64 98 105 171 230 87 112 53 123 221 122 45 228 242 227 16 86 148 133 107 79 77 6 189 64 218 195 96 190 192 115 40 184 65 212 195 193 73 201 96 206 228 222 141 238 157 109 92 209 97 2 217 221 43 208 180 49 15 127 130 87 113 124 183 97 59 152 158 146 153 235 44 201 43 152 200 133 41 167 32 202 145 221 15 188 243 179 31 107 30 128 68 65 199 225 246 27 131 64 52 20 132 208 25 191 155 139 247 146 247 204 99 57 17 252 165 172 63 247 192
85 227 39 20 47 81 167 160 199 169 138 101 101 225 9 118 38 139 7 62 62 105 50 236 177 251 133 187 224 212 86 186 89 154 54 156 150 13 146 152 94 187 215 114 180 68 192 166 10 101 190 95 182 253 103 129 250 116 68 55 109 167 143 120 208 170 206 142 24 82 1 199 104 245 0 167 32 193 93 152 80 84 195 105 54 90 35 210 33 142 68 104 208 77 140 181 89 236 136 51 199 57 230 216 37 169 53 59 35 237 47 245 18 152 236 106 213 132 134 246 223 106
38 153 77 51 183 237 156 56 44 49 225 215 14 135 1 34 95 207 30 69 120 156 227 23 195 199 164 254 225 114 4 92 194 50 104 12 102 199 29 195 3 109 34 19 140 56 6 75 156 176 20 99 209 20 74 194 56 175 66 245 211 91 41 31 51 85 175 64 91 180 25 55 210 190 37 247 192 201 21 33 187 199 17 108 225 163 199 230 44 144 99 207 123 109 22 147 83 228 109 243 43 32 235 71 251 127 62 143 149 154 37 187 247 134 125 133 72 177 237 68 20 96
246 131 216 159 192 188 131 197 81 34 47 13 40 53 83 240 37 227 27 227 22 155 4 81 119 28 191 105 45 174 72 56 97 214 191 11 216 124 161 5 247 25 223 6 35 221 179 168 123 169 58 171 67 250 58 151 55 25 12 121 33 24 113 204 46 205 10 143 240 179 163 6 90 165 250 225 148 118 98 251 254 195 130 121 222 53 131 153 176 166 33 95 21 166 160 226 167 140 228 235 250 38 247 9 139 206 16 112 145 21 251 156 141 121 108 52 232 103 149 189 43 121
100 162 129 81 19 206 125 114 130 98 98 108 45 65 126 89 213 85 151 115 252 117 249 141 125 166 91 111 150 236 145 151 45 218 146 230 155 164 170 51 89 160 162 225 118 195 82 141 174 39 213 188 168 253 79 182 65 197 102 43 75 228 17 94 200 102 13 211 210 205 132 103 213 186 113 163 48 169 13 184 205 138 31 67 166 68 26 9 30 217 87 251 14 83 49 215 96 220 176 230 52 96 223 52 82 34 92 115 40 183 106 90 26 173 224 28 51 250 251 186 218 96
164 188 224 79 36 131 138 134 160 192 162 174 62 46 63 108 61 103 219 44 246 156 187 40 146 169 159 103 63 212 190 77 112 47 144 165 146 126 116 12 250 19 41 192 24 49 40 148 41 88 146 161 151 204 155 66 217 44 210 207 120 225 233 191 137 200 252 184 54 135 110 27 170 240 45 253 67 116 42 173 170 172 104 165 25 17 83 80 0 14 176 19 193 189 139 45 26 247 216 112 184 97 34 48 135 178 49 59 133 82 142 107 174 230 108 108 186 31 214 118 150 99
167 189 114 166 170 120 200 113 55 93 42 192 127 39 44 64 203 209 234 111 6 144 243 109 39 143 96 156 132 39 170 1 13 119 152 142 10 213 179 64 142 5 115 121 5 145 100 149 187 44 125 166 195 83 158 87 215 153 71 234 2 149 190 66 108 2 19 161 198 15 62 95 110 171 8 100 114 61 234 249 145 239 117 212 158 197 26 22 208 226 218 4 208 200 117 245 184 182 173 238 236 69 43 86 152 67 123 95 141 205 147 186 62 190 46 248 22 208 132 178 103 46
251 84 219 56 66 68 222 29 98 186 210 31 184 211 233 121 36 143 118 99 151 180 16 179 195 150 130 203 7 182 209 99 78 169 180 142 41 210 85 251 245 226 83 93 122 116 2 30 69 7 80 116 146 2 164 15 57 144 170 120 229 116 253 11 184 172 221 173 21 142 135 72 46 94 144 124 37 113 239 35 111 77 253 159 223 104 163 44 114 118 76 188 180 247 63 159 20 240 182 45 167 169 148 209 89 18 105 4 160 151 186 203 163 38 189 132 104 63 42 8 219 242
40 146 195 146 254 79 189 48 147 247 33 4 117 213 27 251 3 176 17 65 150 199 134 109 195 82 82 228 35 179 140 230 99 212 18 2 253 4 69 26 189 59 45 115 246 26 147 241 234 114 59 92 97 45 40 35 133 211 195 233 87 101 95 107 246 144 46 33 16 21 164 26 47 203 140 244 102 61 61 120 196 33 6 180 254 14 213 115 174 148 109 95 90 27 132 183 197 85 31 146 147 156 170 6 220 93 194 116 209 123 30 250 245 251 83 88 10 57 162 12 19 52
215 240 219 120 235 26 40 224 147 227 150 62 150 152 198 65 79 129 109 93 47 158 253 0 234 27 36 1 246 208 213 138 151 105 69 140 191 29 141 55 67 194 183 226 119 246 178 84 8 240 187 115 227 77 124 31 175 30 237 224 121 141 62 248 71 59 245 169 128 40 181 145 98 171 162 59 87 74 74 118 164 66 96 215 93 148 17 76 173 141 221 102 231 72 82 181 146 116 49 252 254 19 50 98 46 97 15 127 218 181 23 226 245 178 56 174 118 95 87 169 249 45
223 95 191 18 107 163 79 118 170 111 198 207 178 246 242 57 214 162 224 239 240 188 194 231 12 20 5 235 9 242 40 174 164 130 189 178 145 101 242 183 81 44 244 221 3 233 170 0 52 58 95 10 253 159 70 80 199 250 163 57 192 16 47 120 146 241 133 4 53 238 161 122 66 198 128 124 156 56 60 197 204 239 48 127 239 253 122 1 123 179 156 3 236 203 38 122 71 112 70 207 185 81 140 178 124 13 234 149 250 80 180 111 102 112 76 85 199 174 193 25 154 198
101 42 148 50 43 120 142 40 51 140 78 5 43 11 90 4 157 177 180 30 210 180 175 134 254 24 8 228 195 15 175 4 46 1 125 143 2 156 69 130 85 157 233 19 243 2 205 170 198 184 179 203 98 118 18 9 134 3 165 55 31 51 33 32 58 179 249 160 193 170 178 72 134 119 69 23 64 91 155 226 25 30 69 176 239 43 220 12 124 184 175 215 58 4 65 10 41 102 181 112 129 29 69 171 20 151 202 227 134 234 162 19 35 253 28 27 224 187 20 108 54 11
186 126 159 33 63 81 247 101 253 252 144 201 210 163 121 183 235 131 206 38 134 118 9 71 196 158 76 154 199 214 81 68 254 162 70 7 238 197 49 97 167 103 81 51 147 30 13 235 77 29 99 98 70 18 228 227 194 173 34 30 119 68 174 68 68 55 62 18 82 13 57 150 90 161 147 38 29 27 167 100 155 247 155 65 196 67 53 212 237 94 20 204 136 47 77 74 65 254 138 119 88 129 68 97 148 219 13 74 173 99 227 202 218 125 155 238 237 70 134 93 46 193
85 147 87 0 114 33 128 67 245 43 215 49 169 11 29 191 147 125 138 163 175 132 162 72 66 21 202 64 202 61 102 139 42 59 224 224 125 225 169 228 203 202 248 82 184 231 196 221 12 248 238 18 27 179 179 29 120 200 81 141 122 83 103 214 173 182 94 65 74 72 229 49 125 41 134 229 213 17 69 55 58 238 219 155 248 108 16 188 249 33 47 73 195 64 224 5 142 78 14 7 153 118 44 128 64 150 132 200 34 139 219 155 99 111 224 226 247 252 244 80 132 75
215 228 86 224 166 144 166 73 71 13 202 40 13 240 7 32 159 187 165 236 220 91 158 194 115 211 59 147 5 159 191 158 233 249 97 188 1 79 147 190 126 245 5 234 236 131 39 184 201 84 160 209 241 208 10 123 134 12 171 249 134 80 252 239 58 50 132 214 212 15 152 43 144 184 13 177 37 155 171 141 216 76 241 58 182 59 73 198 187 60 150 251 118 17 104 171 3 49 126 34 202 161 21 194 225 54 152 39 11 116 51 88 245 234 142 107 241 188 54 119 11 130
78 135 190 233 244 224 157 27 117 169 3 191 161 166 16 72 46 154 89 78 171 127 93 58 56 67 84 232 43 44 214 21 229 20 5 20 79 187 254 133 254 30 247 150 247 159 12 117 74 180 70 22 45 80 137 192 113 177 81 33 139 194 62 77 56 180 128 247 109 187 224 57 136 124 48 85 109 142 148 204 177 68 149 76 150 46 156 247 68 101 24 143 173 63 235 85 2 151 146 55 206 242 227 167 123 48 179 38 61 211 17 126 95 43 215 160 241 30 114 18 227 236
137 232 193 242 246 128 190 208 36 197 136 153 214 47 233 25 27 248 83 240 139 31 252 168 251 72 97 230 27 145 80 139 162 243 121 126 74 200 236 118 67 238 94 229 88 47 206 43 10 246 151 7 72 190 115 16 41 212 130 40 82 23 166 190 208 40 101 177 79 93 71 142 153 15 178 213 41 226 28 134 205 201 43 195 141 238 80 169 104 60 39 242 217 199 217 78 100 166 30 168 115 104 177 143 206 183 220 98 121 91 92 112 45 126 211 23 21 104 151 89 30 8
192 204 108 163 137 186 237 250 111 200 50 176 51 67 74 155 78 250 199 166 45 234 14 138 79 250 110 107 14 127 144 197 128 246 196 91 98 212 25 27 236 13 60 248 245 83 170 105 79 65 220 100 228 77 3 231 247 135 116 231 32 34 189 33 195 119 83 237 99 176 69 7 122 238 65 253 35 8 2 46 206 190 247 33 166 86 190 32 32 180 94 29 114 107 112 218 90 92 97 230 114 197 3 36 190 161 7 169 134 46 81 188 85 69 4 75 123 9 224 209 42 215
234 43 9 110 16 51 40 212 64 206 180 111 149 146 201 216 168 118 74 189 98 7 28 217 222 76 154 119 178 132 34 201 239 2 37 18 15 108 40 216 248 191 153 28 151 3 14 129 173 189 220 217 104 234 210 198 138 91 150 233 122 33 2 114 189 23 129 163 124 210 15 142 206 205 213 43 52 90 154 138 40 182 243 217 216 113 143 143 64 12 129 215 130 10 197 158 238 9 117 94 32 72 5 75 104 135 172 120 178 104 200 210 253 201 116 39 149 83 121 54 142 54
152 92 124 177 35 199 254 112 142 73 214 185 95 235 26 12 56 209 126 143 112 178 191 51 164 140 247 222 74 18 133 186 123 164 25 55 250 61 238 5 17 25 89 137 129 40 184 214 82 216 253 116 180 39 246 229 166 164 174 214 97 62 240 187 182 232 68 86 14 203 34 143 60 192 60 250 65 112 151 133 134 58 41 65 139 212 9 105 85 212 45 31 200 6 115 178 182 235 28 104 156 119 159 76 232 109 73 246 164 184 8 39 71 253 130 49 176 111 248 14 94 239
96 210 251 225 74 108 95 115 170 244 120 224 168 250 149 183 122 194 50 180 88 30 138 208 123 76 47 211 38 32 193 11 37 252 184 148 0 142 44 82 168 184 96 90 174 123 193 73 63 200 108 183 192 30 21 249 116 217 155 14 228 19 54 184 215 46 233 190 148 12 108 103 124 42 51 165 149 89 86 246 75 127 185 241 107 227 36 93 113 213 244 5 172 218 156 240 85 119 43 147 158 26 153 3 247 82 56 42 173 109 202 199 127 125 254 29 248 174 151 33 114 210
217 7 3 121 172 3 169 137 112 170 2 3 23 169 175 221 164 39 1 34 136 224 220 70 254 138 234 212 130 150 208 53 50 143 209 71 41 185 38 223 150 18 163 16 158 232 81 158 122 201 2 170 75 93 111 132 193 125 232 92 96 173 209 2 238 71 167 25 69 194 67 194 20 31 18 34 13 239 135 126 82 235 111 174 29 248 73 248 123 190 45 104 43 36 25 168 251 224 45 219 61 151 251 186 195 217 199 3 245 221 222 206 44 218 164 121 89 4 165 37 1 77
107 28 109 53 5 67 245 130 224 146 99 170 172 66 147 217 223 15 160 240 239 76 170 173 9 172 40 175 235 163 152 111 22 244 246 170 43 230 161 155 48 232 146 83 49 136 164 202 32 165 171 239 88 209 251 164 246 137 182 40 97 88 177 254 229 97 90 2 29 201 91 15 181 23 223 143 36 174 226 74 84 178 238 214 72 129 130 43 107 41 130 234 235 3 132 111 21 201 205 224 242 125 170 20 170 80 155 10 15 89 158 245 132 207 162 250 7 90 96 102 171 118
54 136 77 66 67 199 165 239 40 118 89 167 153 247 125 132 3 0 10 227 152 155 87 142 254 24 217 130 55 193 152 125 110 153 231 1 27 102 39 66 16 117 43 177 92 147 178 143 203 93 0 133 185 191 192 153 197 223 74 59 119 87 113 33 115 115 247 241 244 78 159 167 93 63 101 235 7 152 109 49 21 204 224 126 31 31 127 64 28 194 129 100 68 139 138 242 133 239 118 226 94 33 162 117 66 27 248 52 212 79 147 135 109 0 53 203 210 111 75 183 58 122
66 114 254 179 226 96 244 122 217 25 197 122 112 4 225 120 50 218 209 156 32 96 177 233 223 102 238 121 34 26 153 26 170 229 116 60 232 165 94 253 187 96 173 130 138 248 24 254 149 165 56 9 67 128 206 53 166 145 96 172 44 204 159 190 119 45 103 68 119 234 121 93 248 182 98 0 46 162 254 230 190 247 237 190 100 65 1 162 88 249 202 105 183 183 228 6 184 147 172 211 76 135 215 59 23 5 221 149 187 239 200 123 141 138 130 34 73 105 180 188 157 229
21 66 248 179 114 154 58 196 85 76 146 227 57 104 23 44 120 17 246 32 245 50 135 137 126 42 18 113 162 195 152 196 212 112 238 217 105 19 9 241 197 110 163 124 245 123 251 46 178 199 20 193 97 86 131 58 198 165 19 16 196 218 210 85 28 237 111 25 132 218 101 200 203 246 133 138 232 108 125 9 77 226 6 51 240 228 30 124 114 6 98 159 54 213 173 137 60 86 78 136 95 139 150 12 68 135 75 186 52 103 212 219 13 123 67 203 66 98 106 166 179 120
96 152 216 136 45 208 253 6 62 23 4 37 95 202 161 103 203 226 154 28 14 181 143 180 120 110 4 202 243 16 150 194 140 104 42 247 179 142 229 200 59 4 197 106 108 8 41 130 245 82 91 214 41 156 27 100 197 117 24 243 43 56 46 244 208 232 90 140 127 0 206 115 132 134 1 183 132 75 131 53 19 154 72 229 188 16 152 223 130 127 226 186 17 218 157 152 72 183 164 59 18 108 101 44 3 20 217 156 24 128 28 206 161 176 168 172 185 176 109 67 111 67
10 82 15 48 175 5 46 87 41 156 34 58 229 193 201 45 153 201 185 201 23 138 167 141 59 240 91 100 245 118 179 142 38 163 145 143 244 17 238 133 175 66 153 232 177 90 206 176 2 73 37 160 135 179 14 84 128 142 16 247 219 44 218 238 133 152 146 93 109 250 169 0 249 239 53 213 221 226 81 115 225 34 77 144 25 48 157 6 107 184 206 172 48 199 8 140 72 213 162 41 160 142 210 37 9 207 31 151 167 129 30 241 134 108 210 149 201 159 4 24 32 85
65 9 218 243 95 111 202 188 220 215 59 72 197 221 229 59 28 96 47 204 142 20 201 33 51 15 57 234 202 4 182 66 60 48 181 203 5 238 115 199 29 248 13 236 99 200 247 41 46 69 178 175 145 72 195 69 119 180 106 5 57 162 75 4 201 131 120 210 190 214 199 21 201 144 110 216 175 157 153 248 15 15 61 66 167 109 193 0 161 116 8 85 2 152 166 68 203 137 1 248 171 23 201 201 236 48 38 63 199 239 186 166 119 155 111 218 77 156 145 158 173 77
81 49 148 16 32 86 210 206 233 230 129 141 136 20 0 142 99 205 56 123 159 113 241 150 55 232 12 170 120 173 99 203 84 170 3 139 64 73 91 116 198 1 174 49 186 28 92 28 68 183 115 18 162 101 129 193 36 42 38 239 93 183 190 252 168 251 43 0 103 246 43 69 13 118 87 176 115 131 153 59 18 23 69 151 212 50 140 223 231 198 230 87 254 132 216 182 177 28 81 75 230 243 126 45 148 207 116 91 240 57 91 46 182 175 168 236 160 123 185 138 76 46
107 247 246 216 101 78 53 125 209 109 56 154 87 158 76 243 71 158 160 96 130 159 156 63 222 46 90 153 174 14 236 69 58 204 30 199 21 91 234 88 206 139 38 224 4 160 215 79 253 51 159 21 52 175 181 76 129 254 184 109 99 125 219 237 58 54 10 177 150 253 8 110 110 198 229 163 93 132 152 239 28 218 246 227 197 240 35 68 148 234 170 224 201 99 68 182 113 161 24 222 157 35 53 97 138 137 111 21 56 128 104 67 184 107 174 246 20 9 78 10 242 131
20 0 94 160 4 73 80 71 87 7 6 168 157 11 47 80 0 28 160 72 33 164 26 93 204 186 248 182 253 189 109 94 200 96 238 139 75 14 200 195 162 28 88 230 7 236 119 217 66 252 84 25 0 161 223 242 130 130 21 129 147 129 235 193 222 179 254 34 233 87 238 205 254 202 121 226 207 56 19 188 202 97 197 150 62 53 116 238 234 23 92 77 213 222 151 93 122 42 78 140 14 163 2 232 130 90 54 89 112 134 170 59 152 219 123 183 214 13 135 79 122 186
33 68 6 3 152 81 166 64 30 150 233 112 73 181 194 203 245 219 4 178 112 93 228 57 118 196 252 53 246 41 223 237 241 58 112 41 148 206 69 67 102 148 248 148 51 186 21 5 79 201 223 159 24 227 87 81 79 147 112 214 103 151 129 197 186 119 160 252 81 44 222 117 78 56 12 123 131 189 113 162 134 220 181 221 37 28 112 169 112 132 37 50 201 132 249 250 173 201 214 239 89 198 87 195 124 189 122 14 65 74 83 83 31 232 68 41 190 126 114 62 107 49
219 35 83 30 26 53 238 248 64 225 130 153 217 34 34 238 71 234 58 70 121 167 158 55 91 47 221 184 145 254 164 158 237 114 150 112 67 200 58 245 120 236 206 31 156 94 93 234 164 71 172 75 16 101 67 64 37 108 179 37 119 47 210 213 140 82 52 20 148 152 155 108 178 12 106 104 108 187 95 169 82 1 65 91 143 242 36 246 120 198 28 172 117 211 12 182 244 205 65 166 160 127 223 2 229 218 155 111 70 102 6 246 233 238 0 243 59 20 81 217 229 92
130 16 239 76 237 2 123 215 195 177 2 61 91 73 124 25 51 45 192 159 11 187 181 189 213 134 101 87 52 155 3 171 155 70 25 160 73 1 105 136 208 46 87 54 137 239 40 253 43 167 106 244 60 226 172 115 17 165 231 100 50 94 205 118 130 167 136 110 4 37 23 248 244 20 109 141 53 72 65 83 113 66 153 103 11 240 81 94 185 38 195 240 123 65 64 66 45 117 199 162 126 105 29 60 182 64 193 163 2 99 241 176 213 184 22 211 161 133 78 97 87 199
149 134 117 220 188 195 128 191 77 143 243 80 227 102 120 133 98 109 78 163 22 14 166 156 6 32 120 182 120 123 25 19 52 172 118 25 63 43 160 126 221 27 34 161 99 80 55 12 159 21 234 93 209 90 232 201 190 194 160 127 235 162 90 61 223 73 126 235 112 145 135 46 191 12 167 157 251 169 7 248 115 82 94 23 155 227 168 38 82 143 71 47 78 59 170 146 192 111 202 107 8 12 27 60 180 53 125 181 217 185 156 220 181 3 192 183 82 230 163 44 35 161
99 12 77 26 102 123 173 42 190 205 215 216 11 11 10 58 20 115 18 66 88 134 231 139 33 9 34 94 110 162 85 124 216 44 124 85 85 16 114 228 109 57 17 3 215 53 106 243 178 102 242 147 182 137 169 45 236 223 77 185 113 147 119 194 155 251 8 183 141 252 253 108 4 18 215 233 108 110 144 198 53 72 166 97 48 251 191 36 251 4 90 118 58 63 237 97 155 122 169 164 96 91 215 25 25 245 218 55 211 165 9 156 220 33 196 186 126 184 145 37 248 31
14 76 145 131 63 237 110 88 233 85 80 206 44 86 199 230 156 73 212 213 135 68 195 156 239 128 75 93 100 232 105 177 142 1 126 141 207 150 172 107 198 10 227 105 32 138 122 49 31 246 149 172 79 58 77 245 227 244 251 201 251 48 192 46 21 78 76 199 233 29 101 57 28 191 203 228 64 80 16 99 251 172 134 192 188 226 127 224 114 33 88 146 17 169 21 14 224 104 119 43 197 186 20 232 216 249 151 121 16 118 107 123 139 56 78 55 219 170 73 161 211 79
83 86 208 104 29 184 140 82 180 17 184 253 107 64 1 244 188 196 162 168 145 101 145 127 62 147 102 242 76 242 75 174 31 5 9 15 177 21 64 252 76 186 194 150 40 114 237 41 213 22 232 172 243 1 244 30 87 8 117 212 6 44 101 150 100 17 218 208 119 132 100 206 184 167 94 142 43 157 185 72 209 63 21 63 164 8 72 223 62 54 222 158 235 246 68 176 202 113 156 7 43 166 237 200 152 28 163 197 198 19 132 19 157 228 213 49 109 237 113 208 145 231
208 191 57 87 247 220 254 115 84 135 227 252 75 58 86 23 64 48 83 166 157 11 146 82 126 146 210 169 224 33 186 117 122 74 4 28 8 115 181 107 232 17 111 196 196 111 191 25 94 117 12 103 239 33 88 170 12 34 248 46 146 10 192 44 181 195 136 120 126 231 61 80 119 233 176 160 12 78 222 160 156 170 59 74 32 176 67 24 73 8 247 53 94 37 107 96 95 1 22 195 231 173 36 40 43 234 115 131 244 22 234 216 193 150 254 175 220 84 15 25 220 146
160 188 21 45 4 90 200 141 41 94 236 240 106 116 85 3 4 174 244 107 152 33 1 136 107 176 137 44 119 182 12 56 124 44 36 104 15 233 165 149 173 131 145 10 89 65 47 146 182 73 29 80 93 55 131 89 171 36 208 206 172 120 82 190 238 123 119 111 142 81 83 147 197 181 94 116 90 139 46 170 204 13 143 94 141 112 137 234 112 176 87 157 185 211 210 42 233 3 177 132 157 110 144 29 82 120 42 69 40 43 7 240 72 202 7 194 78 163 113 246 183 109
148 86 146 52 22 187 63 32 141 13 154 10 37 152 248 40 114 183 0 107 27 165 223 152 69 147 28 128 80 24 30 126 228 51 196 112 136 166 252 120 132 69 19 182 127 234 6 22 145 39 156 110 148 220 14 244 173 238 209 89 252 143 196 193 181 71 41 176 93 165 1 216 90 209 172 135 247 133 177 72 234 134 72 124 29 58 94 177 114 197 24 240 212 198 196 199 37 206 189 100 175 214 103 244 147 243 146 105 75 59 213 150 215 164 196 162 53 250 197 15 222 31
107 19 232 93 210 129 65 45 251 53 15 171 169 229 33 1 117 242 16 2 58 121 1 75 74 79 87 104 204 190 5 150 163 124 163 70 96 213 246 28 127 31 76 202 222 140 144 104 210 204 94 221 33 163 135 150 182 1 167 249 125 99 123 178 106 19 173 171 72 122 95 162 12 105 253 59 191 128 146 231 155 169 78 61 28 97 121 91 197 80 86 188 44 24 57 215 26 22 94 98 94 178 132 166 176 108 186 22 203 166 206 47 76 2 182 79 154 227 170 204 178 152
67 66 50 202 132 141 228 20 224 105 179 163 46 71 138 17 33 49 104 174 17 52 124 209 208 241 19 79 139 198 206 113 146 26 165 88 89 145 171 82 223 89 208 212 119 158 10 235 25 47 220 184 224 237 7 46 223 40 141 6 180 28 54 228 190 21 40 156 114 247 186 228 87 105 189 26 120 198 57 24 246 140 54 108 120 236 140 247 213 190 37 231 65 145 159 233 35 136 146 181 60 213 194 72 21 182 121 116 0 161 131 92 232 166 185 30 45 53 228 212 248 135
50 22 41 89 234 236 156 221 78 192 63 188 75 50 17 164 11 26 69 6 176 50 80 217 225 54 213 199 56 146 158 199 224 6 43 84 54 18 131 242 238 140 213 177 176 82 193 118 226 143 19 126 196 177 151 173 231 40 64 117 43 33 66 252 17 82 154 82 222 95 111 70 194 76 247 253 24 244 122 114 147 121 214 33 77 7 154 116 133 42 48 223 165 240 21 27 117 86 92 90 235 153 82 3 47 220 252 38 142 68 81 242 108 237 228 25 180 151 241 152 17 30
183 23 172 106 204 32 31 32 158 36 15 28 36 150 241 252 197 180 226 242 243 85 136 216 1 140 187 70 3 55 116 3 192 182 174 17 135 177 181 253 115 112 185 24 126 101 148 221 21 252 142 89 42 240 149 116 30 236 236 140 150 119 239 193 162 53 95 170 11 79 12 232 85 75 246 149 130 235 148 194 206 72 213 175 251 184 36 75 104 87 84 110 89 27 122 220 138 187 11 199 104 3 147 142 70 209 28 83 168 80 175 154 254 76 0 102 242 192 85 163 30 103
241 136 187 93 53 91 77 246 165 42 200 203 248 207 172 29 157 16 23 220 50 67 235 186 120 40 41 165 157 133 158 224 254 38 232 95 190 251 17 202 49 230 253 4 16 57 41 97 122 93 90 32 87 173 58 18 169 253 132 36 119 205 11 30 118 79 189 111 22 149 193 152 171 44 25 81 109 3 81 176 56 227 82 39 243 118 117 81 93 79 138 147 191 225 7 225 34 116 45 128 248 57 194 165 3 110 164 131 229 24 111 173 35 132 18 138 107 20 94 30 140 132
100 248 224 228 161 141 57 72 145 144 72 154 247 40 204 171 64 117 223 201 119 115 28 171 73 140 77 74 224 157 110 109 130 177 151 51 251 193 26 23 202 80 157 200 242 126 164 117 6 4 186 237 16 119 98 164 171 18 231 252 8 233 38 34 78 46 66 98 8 219 241 245 99 70 177 179 15 163 133 43 176 178 68 148 219 49 190 220 220 78 231 70 231 56 182 154 162 192 199 171 95 202 61 141 126 117 226 142 117 64 33 60 177 107 158 22 145 76 59 211 24 90
