-258 -255 -424 -271 -263 -430 -228 -257 -559 -49 -416 -392 -187 -330 -575 -274 27 -661 -89 -272 -236 -381 -243 -480 -291 -488 112 -494 -226 -432 -374 -282 -238 -343 -117 -401 -150 -593 -193 -922 11 -198 -415 -145 -752 -149 -657 -657 193 32 -776 -301 -19 -545 -95 -305 -382 -33 -668 -347 -241 -253 -390 -317 43 -586 -153 -315 40 -506 -244 -379 -179 52 -254 -578 -436 -286 77 -632 -116 -476 -144 -138 -385 -142 -595 -208 -118 -474 -339 -471 -661 -364 -438 -95 -509 -219 -144 -513 -1 -688 15 -653 26 -320 -131 -687 -319 -329 -461 49 -434 -416 -194 -322 -194 -615 -63 -568
-535 -264 -233 -378 -279 -225 -493 -381 -110 -330 12 -749 -170 -288 32 -501 -42 -460 -94 -631 -241 -404 -366 -472 -664 33 -614 227 -704 35 -799 -15 -47 -350 -451 -68 -756 91 -388 -306 -432 -227 -238 -197 -617 -221 -400 -107 -656 -196 -88 -840 65 -91 -327 -499 -121 -595 121 -549 -453 -421 -190 -289 171 -476 -294 -324 37 -741 -79 -131 -626 -42 -209 -393 -445 -638 -60 -70 -557 -225 -265 -499 -455 -75 -615 -123 -917 -85 -496 -417 -521 -306 -335 -77 -219 -648 11 -659 158 -408 -87 -309 -636 -107 -558 -192 -591 -149 -452 -233 -209 -263 -298 -413 -506 -492 -340 247
5 -807 -144 -624 -452 -502 -118 -406 -225 -580 289 -412 -443 -485 -50 -325 -502 -187 -164 -453 -717 -132 -483 -393 -301 -155 -399 -321 -617 -84 -367 -296 -75 -431 -281 -325 -204 -677 -110 29 -612 -169 -543 -95 -675 -268 -593 273 -607 -164 -67 -345 -489 -66 -315 -367 -411 -288 -394 -599 99 -554 -518 -506 -274 -123 -535 -85 -66 -700 -258 -29 -159 -924 -96 -233 -589 -538 -101 -204 -566 -43 -396 -390 -921 -45 -541 -134 -620 -226 -625 -180 -644 56 -440 35 -488 -19 -259 -497 -548 -173 -276 -346 -124 -512 -392 -430 -793 -3 -255 -181 -771 -13 -411 -520 -257 -230 -293 -215
-329 -475 -615 -358 -313 -539 -327 -156 -501 -233 -379 -245 -202 -700 150 -282 -157 -387 -122 -568 -164 -715 -140 -472 121 -463 158 -506 -308 -254 -90 -28 -687 -321 -153 -489 -89 -208 -945 396 -615 -228 -599 -165 -298 -461 -51 -305 34 -826 68 -97 -783 -119 -466 -516 -596 -86 -504 -761 -208 -72 -369 -158 -171 -332 -183 -632 32 -24 -992 -139 11 -550 -529 -261 -95 -361 -717 174 -606 -383 -141 -444 -531 -356 23 -790 -111 -547 -313 -448 -109 -180 -467 102 -526 -42 -309 -331 -340 -278 -305 39 -664 -476 -320 -152 -447 -520 -135 -290 19 -535 -267 -575 -322 262 -678 -15
-310 -491 -455 -437 -351 -197 -610 -149 -674 -320 -259 -557 191 -242 -548 191 -640 -68 -729 186 -547 -138 -203 -110 -256 -409 -439 -90 -132 -209 -534 -312 -142 -615 -272 -243 -534 -216 -445 -56 -108 -928 -299 -475 -81 -159 -577 -11 -441 -574 -440 -401 -215 -746 -126 -309 -744 21 -567 -341 -259 -14 -488 -304 98 -247 -171 -212 -768 216 -292 -514 -153 -359 -186 -754 -167 -129 -226 -594 88 -389 -407 -245 -649 -16 -265 -224 -553 -255 -248 -322 -87 -60 -3 -276 -208 -561 -330 48 -487 94 -647 -258 -89 -556 -239 -154 -141 -276 -202 -145 -300 -575 -93 -387 -475 -7 -626 -100
-21 -411 -501 -212 -319 -499 -370 -474 -381 -354 -406 -194 -269 -15 -250 -403 -258 -525 -207 -587 -4 -483 -7 -374 -396 -461 -416 -150 -212 -356 -398 -358 -735 139 -973 -2 -463 30 -586 -589 -376 -72 -640 -275 -408 -7 -405 -405 -145 -787 -77 -898 -18 -652 -475 56 -828 -400 -82 -418 -207 -21 -340 -209 -438 111 -326 -16 -565 -125 -211 -211 -528 -317 -223 -227 -240 -279 -103 -218 -515 189 -766 -231 -374 -343 -90 -528 -77 -70 -452 -188 -114 -402 -497 -69 -347 -284 -349 -127 -219 -208 -452 -515 -215 -90 -455 -294 -380 -103 -340 -247 -144 -595 -414 95 -379 -216 -345 -373
-250 -292 -300 -707 111 -471 -566 -376 -530 -87 -552 -187 -190 -533 22 -491 18 -996 303 -301 -362 -247 -841 -172 -299 -230 -300 -278 -117 -696 -348 -326 -529 -338 -380 -342 -318 20 -233 -784 -357 88 -428 143 -648 -447 -240 -428 -434 -377 -371 -343 -857 224 -901 -220 -124 -486 -227 -9 -433 -302 -304 70 -602 -236 129 -416 -336 -523 120 -618 -95 -294 -574 -4 -225 -453 -521 204 -729 -284 -243 -340 -467 -168 -565 -113 -453 -317 -275 -158 -346 -146 -635 -345 -367 -297 -36 -676 -338 -560 38 -493 -245 -368 -458 -39 -418 -87 -84 -565 -443 35 -521 -17 -675 260 -531 -396
-706 -59 -24 -516 -412 -451 -437 -332 -415 -132 -267 -503 -169 -190 -442 -531 56 -415 -340 -46 -510 -417 -394 -46 -501 103 -431 -290 -441 -325 -531 -637 347 -687 -51 -391 -242 -127 -525 129 -594 -135 -386 -536 -132 -375 -511 -245 -399 -528 -759 60 -274 -661 211 -996 -60 -283 90 -722 -332 -284 -293 -388 -131 -497 -467 -37 -526 -571 -161 -327 -332 -335 -517 -102 -206 -467 -464 -28 -713 -247 -476 -468 0 -673 -369 -379 -26 -352 -623 25 -735 -452 -60 -666 -202 -235 -222 -578 -46 -408 -259 50 -660 -206 -259 -105 -313 -423 32 -549 -238 -271 101 -660 -316 -331 -184 -564
-255 -263 -268 -38 -654 -246 -715 -4 -252 -759 -5 -474 -525 307 -436 -561 -135 -276 68 -435 -380 -420 -307 -330 -67 -900 -153 -654 -147 -282 -529 -394 -170 -281 37 -480 -471 -15 -674 78 -519 80 -611 -617 297 -881 -136 -546 -287 -385 -504 -479 -229 -246 -269 -545 -147 -629 -183 -460 -638 -82 -248 -660 58 -363 -625 -165 -509 -139 -519 -483 -239 -280 -210 -672 -115 -612 -5 -419 -617 -436 -340 -701 -196 -72 -214 -601 -471 96 -644 -262 -218 -715 -237 -144 -358 -382 -8 -664 66 -368 -208 -273 -481 -528 -10 -569 -96 -739 239 -500 -481 -222 -534 -418 -550 -127 -505 142
-326 -159 -726 -385 -201 -329 -630 -155 -279 -512 -238 8 -321 -648 412 -507 -209 -335 -385 -130 -581 -244 -439 -615 -59 -558 -460 -327 -195 -253 -223 -563 -31 -496 -303 -110 -668 29 -165 -477 -427 -48 -305 -565 -145 -113 -470 -590 -100 -461 -355 -21 -780 -238 -168 -509 43 -419 -162 -640 -189 -312 -599 -219 -489 -581 -245 -490 -151 -387 -187 -617 -470 -254 -150 -572 -283 -424 -264 -267 -347 -739 -84 -110 -689 -105 -506 -29 -548 -129 -191 -614 -130 -144 -818 -233 -135 -523 -274 -244 -147 -447 -765 -20 -233 -391 -702 -240 49 -567 -131 -612 -201 -548 -318 -124 -857 59 -831 -50
-162 -231 -251 -558 -326 -305 -35 -460 -245 -381 -676 22 46 -642 -82 -428 -387 -143 -650 -156 -444 -586 36 -585 -260 -130 -415 -407 -37 -804 196 -540 -505 49 -399 -462 -295 -288 -85 -25 -619 -283 -426 206 -449 -461 50 -539 -168 133 -798 -27 -400 -128 -272 -355 -520 -331 -96 -661 -363 -107 -508 -373 -290 -246 -215 -446 -435 -243 -594 -53 -609 -301 -268 -89 -904 412 -783 -201 -510 -252 -229 -7 -303 -178 -591 -158 -28 -258 -615 -168 -790 -528 39 -515 -327 -519 -246 -267 -210 -352 -701 -370 96 -253 -370 -536 -89 -315 -19 -536 -217 -512 -306 -427 -529 -275 -458 -475
-670 -203 -330 -218 -287 -544 -229 -304 -299 -256 -509 -384 -513 189 -768 -36 -441 -531 -348 -450 -295 -264 -352 -331 -284 -354 -182 -645 -289 -532 -545 -24 -741 -359 -127 -440 50 -615 -395 -122 -427 -200 -30 -518 29 -487 -310 -50 -585 -94 -190 -814 -129 -560 -115 20 -542 -972 26 -222 -525 -481 169 -518 -55 -298 -50 -323 -472 -143 -490 -409 -124 -360 -178 -128 -495 -588 5 -293 -506 -345 -232 -485 -165 162 -405 -545 -199 -532 -300 -674 -10 -507 -631 0 -77 -624 -213 -630 -412 -9 -193 -508 -414 -225 -127 -146 -149 -535 -314 -72 -666 -220 -678 -209 -395 -154 -207 -5
-387 -363 -12 -628 -93 -12 -714 -394 -409 -478 -154 -597 -122 -643 -284 -566 -202 -349 -96 -444 -310 -155 -465 -525 -71 -528 -671 -343 -491 -359 -345 -534 -436 -28 -809 90 -468 -237 -612 -216 -385 -476 125 -275 -628 -257 -336 78 -728 -195 -464 -211 -258 -383 -682 -321 -20 -729 -325 159 -422 -225 -402 -318 56 -327 -276 -120 -377 -364 -310 -31 -467 -181 -281 -223 -203 -481 -394 -417 -166 -263 -522 -225 -250 -373 -298 21 -1019 8 -379 -102 -328 -82 -694 -436 -331 -164 -402 -352 -480 -101 -100 -106 -877 128 -972 80 -64 -533 -386 -271 -761 -229 -89 -510 -8 -223 -476 -108
-103 -432 -16 -180 -518 -194 -341 -691 132 -969 269 -670 -434 -8 -572 -196 116 -649 -182 -201 -535 31 -481 -432 -277 -245 -735 -187 -104 -665 -300 -193 -498 -226 -173 -861 118 -400 -804 259 -501 -158 -687 -106 -193 -546 -289 -329 -104 -189 -814 -278 -231 -239 -170 -895 11 -593 -234 -279 -126 -626 189 -213 -605 26 -240 -661 -60 -468 -312 116 -72 -382 -381 20 -368 -194 -379 -687 86 -669 79 -618 -83 -460 -338 -122 -494 -201 -119 -181 -395 -422 -449 -74 -586 -390 -65 -144 -259 -555 -344 -41 -607 79 -407 -691 -156 -244 -716 -317 -335 -492 67 -351 -68 -493 -213 -745
-348 -597 -10 -664 -334 -216 -340 -658 94 -630 -112 -436 36 -583 134 -752 -89 -395 -379 -223 -824 -218 -16 -467 -535 -55 -335 -424 -438 69 -854 56 -567 -135 -419 -455 -74 -309 -379 -509 -45 -767 189 -824 -180 -315 -166 -336 -194 -504 -89 -813 -249 -401 -268 -121 -211 -560 -366 -40 -489 -68 -807 155 -343 -605 -113 -488 -221 -114 -359 -498 -6 -210 -230 -376 -157 -580 221 -683 -428 -228 -673 20 -453 -430 -192 -259 -194 -484 -267 -429 -249 -445 -375 -254 -422 -147 -228 54 -630 -205 -655 90 -429 -321 -255 -526 -592 -56 -445 -472 -441 61 -430 -301 -216 -574 -440 -177
-143 -856 -119 -376 -520 -29 -297 -499 -434 -3 -451 -492 -90 -574 -190 -653 -170 -715 -148 -104 -649 -239 -433 108 -398 -567 -80 -439 -254 -384 148 -829 77 -554 -251 -283 -222 -304 -11 -793 -59 -557 -240 -70 -324 -330 -692 108 -418 -584 -75 -387 -100 -340 -641 -363 -234 -50 -613 -4 -400 -263 -409 -784 285 -855 -206 -320 -201 158 -389 -237 -295 -23 -185 -166 -503 -145 -367 115 -759 -380 -309 -652 132 -370 -482 -418 35 -229 -356 -736 -218 -245 46 -367 -304 -400 -265 -235 -291 -74 -523 -350 -330 -306 -579 -530 -268 -410 -455 209 -713 55 -609 -269 -431 -193 -839 -146
-113 -445 -364 30 -304 -530 -28 -636 -372 -323 -486 -303 -555 -310 -170 -357 -189 -220 -379 -106 -231 -544 -315 -32 -504 -165 -621 7 -311 9 -632 -106 -730 274 -640 -330 -319 -437 -3 -420 -116 -497 -471 -61 -450 -49 -268 -424 -104 -509 -502 -197 -241 -562 -33 -370 -529 -3 -219 -238 -646 -391 -148 -608 -103 -288 -219 -44 -328 -311 -69 -468 -270 -135 -354 -245 -18 -514 -292 -449 -436 -463 -202 -262 -843 358 -456 -721 273 -778 -10 -83 -352 -729 -29 -285 -258 -237 -291 -435 -277 -389 6 -892 -325 -85 -249 -396 -230 -217 -618 -129 -493 -62 -600 -484 -104 -276 62 -322
-203 -364 -473 -36 -328 -613 -99 -426 -285 -696 -326 -79 -215 -552 -217 -65 -503 -77 -433 -173 -513 -216 -252 -505 52 -483 -98 -669 75 -579 -456 -234 -312 -629 -81 -670 -39 -491 -465 159 -676 68 -482 -190 -250 -470 -153 131 -678 -369 -493 -416 -224 -431 -336 55 -494 -660 1 -533 -309 -988 176 -300 -754 198 -482 43 -711 -127 -436 -331 -544 94 -407 -572 229 -627 -244 -823 -107 -615 -191 -121 -720 -272 -86 -637 -323 -33 -610 -153 -40 -563 -438 -218 -438 -197 -33 -424 -295 -557 -1 -290 -311 -583 -129 -325 -654 -73 -865 -30 -688 175 -496 -64 -102 -368 -478 41
-347 -243 -90 -681 -211 -133 -648 -417 -246 -258 -332 -232 43 -546 -612 -55 -323 -493 -167 -184 -351 -615 197 -768 -97 -604 101 -627 -7 -327 -632 -358 -236 -468 -358 -345 -100 -25 -557 -267 -307 16 -327 -361 44 -303 -545 -241 -251 -392 -106 -837 -134 -534 -322 -407 -248 -290 -498 -528 -142 -526 -481 424 -495 -400 -226 -427 -328 -151 -806 141 -175 -644 195 -512 -230 -411 -237 -308 -518 -124 -715 64 -306 -495 -382 -350 91 -828 -209 -344 -446 -415 166 -368 -384 -213 -466 3 -901 55 -359 -349 -307 -282 -746 -241 -668 -84 -354 -517 -297 -104 -224 -387 -223 -143 -623 -455
-180 -498 -294 138 -708 -105 -229 -433 -207 -325 -215 -717 -320 -48 -317 -295 -228 -499 -303 -240 -258 -353 -553 -215 -246 -162 -256 -56 -714 129 -494 -283 -337 -211 -143 -550 -228 -343 108 -664 -227 -378 -122 -597 232 -419 -336 -368 -466 -351 -411 -24 -783 11 -651 -235 -432 -280 -207 -733 -300 -81 -201 -650 -42 -463 -273 -535 -308 70 -581 -478 140 -638 -313 -260 -198 -106 -427 -255 -214 -660 -98 -407 -101 -112 -566 -304 -364 -158 -448 -398 -423 -456 -118 -392 -64 -528 -699 -163 -276 -217 -453 -8 -880 -26 -456 -444 -402 -569 -231 -35 -1007 68 -621 37 -629 -181 -639 -184
-154 -110 -590 -193 -440 -460 -605 -41 -309 -334 -412 -178 -349 -262 -122 -423 11 -539 -420 -48 -634 -287 -92 -556 -213 -93 -344 -287 -765 -38 -511 -382 26 -823 49 -348 -251 -715 67 -705 -108 -403 -41 -500 -244 -301 -566 -139 -14 -451 -515 -480 36 -794 394 -866 -254 -714 -126 -472 -641 -181 6 -678 -574 -28 -581 202 -814 -56 -521 -642 -328 -240 -235 -546 -145 -442 27 -538 -419 -24 -284 -250 -534 -137 -331 -523 -603 -46 -251 -502 -289 -611 -347 -361 -472 -372 -262 -372 -376 -167 -425 -526 -211 -465 -148 -435 -335 -871 -201 -385 -145 -447 -114 -695 -78 -586 -127 -620
-299 -272 -139 -457 -282 -407 -257 -432 -242 -106 -136 -109 -303 -298 -374 -329 -244 -187 -453 -344 -732 93 -625 184 -800 66 -894 -66 -719 60 -213 -629 73 -618 -275 -269 -114 -585 -498 -188 -467 -7 -106 -537 -138 -414 -351 -371 -120 -532 -81 -489 -252 -499 -379 -135 -582 -301 -414 -261 -14 -715 -32 -610 -72 -485 -249 -410 -211 -439 -472 -287 -202 -386 -168 -243 -386 -490 -373 -124 -365 -270 -281 -481 -43 -874 -53 -372 -473 -214 -365 -597 -123 -194 -576 33 -521 -346 -669 337 -518 -36 -596 -133 -344 -247 -410 -523 -38 -559 -214 -92 -375 -155 -380 -61 -226 -308 -243 -242
-232 -568 -437 -503 -211 -681 10 -485 132 -311 -294 -257 -409 -143 -569 -230 -368 -264 -68 -407 -754 128 -539 29 -610 40 -473 -432 156 -477 -338 198 -816 191 -646 -2 -494 -346 -620 133 -191 -165 -365 -527 -254 -326 -404 -660 -73 -666 -286 16 -321 -238 -552 -209 -604 66 -429 -304 -183 -415 -208 -516 -279 59 -788 -100 -609 43 -576 -306 -252 -200 -462 -193 -359 -138 -461 -397 71 -489 -635 -244 52 -681 -359 -237 -167 -310 -149 -312 -592 70 -477 -657 -210 -68 -177 -801 -12 -232 -515 -96 -591 -34 -399 -414 -39 -286 -438 -255 -157 -458 -195 -332 33 -461 -220 -484
-603 -23 -435 -902 13 -387 -195 60 -716 370 -701 -191 -876 -30 -136 -162 -508 -516 -67 -100 -590 -317 204 -827 158 -808 212 -763 -165 107 -719 -258 -357 -253 -491 -214 -454 -313 -155 -139 -273 -306 -475 -450 -428 -403 -66 -667 -362 -68 -470 89 -235 -436 -343 -372 10 -541 -318 167 -565 -417 -243 -143 -697 -29 -467 -210 -496 -120 -369 -295 -512 -63 -345 -461 -320 -197 -199 -589 -404 -595 36 -634 -247 -21 -412 -212 191 -739 -231 -52 -477 -363 -176 -519 -82 -527 34 -240 -842 88 -771 -225 -461 -220 -84 -506 -239 -142 -689 -515 124 -411 -23 -540 -299 -570 160 -820
-856 -331 -92 -202 -455 -137 -442 312 -643 -122 -330 -479 -27 -620 -484 -74 -214 -451 -255 -481 244 -664 -130 -483 -638 -19 -499 -151 -653 -21 -477 -472 -659 239 -435 -555 -299 -426 -171 147 -723 -97 -154 -536 -436 -185 -295 227 -583 120 -253 -634 -323 -458 -20 -536 37 -569 -263 -374 78 -499 -743 165 -445 -324 -326 -478 260 -563 -228 -277 -340 -278 -33 -545 -601 -189 -448 -126 -734 -61 -458 68 -426 -298 -19 -228 -23 -515 -266 -654 61 -309 -315 -25 -348 -221 -589 -232 -569 -501 -401 -516 -8 -359 -302 6 -946 -2 -512 -331 -421 11 -78 -421 -355 -750 97 -365
-52 -412 -582 138 -98 -613 -151 -124 -444 -481 -281 -790 -68 -209 -281 -197 -330 -99 -203 -542 -178 -51 -501 -421 -318 -442 -182 -579 -544 -293 -129 -256 -668 -125 -502 -505 -72 -218 -353 -62 -341 -211 -262 -389 -179 -58 -380 -286 -215 -305 -197 -409 -865 -77 -533 -161 -466 -37 -746 -245 -419 -276 -575 -448 -208 -70 -587 -302 -157 59 -665 -189 21 -825 -28 -108 -791 -381 -313 -283 -245 -168 -342 -163 -253 -240 -66 -429 89 -899 247 -342 -594 328 -498 -314 -357 -582 -446 -417 -688 -334 -126 -645 -53 -661 -321 -502 10 -588 -454 -243 97 -805 -100 -583 -132 -267 -705 -6
-180 -156 -534 -387 -179 -480 -433 -231 -188 -642 -193 -378 -362 -264 -383 78 -271 -36 -553 -51 -381 -494 -162 -532 -303 -520 -124 -237 -466 -416 -569 263 -739 -319 -581 -240 -461 194 -277 -568 -152 -211 -644 -153 -454 -169 -33 -587 -518 -339 -598 -172 -466 -311 -603 -327 -745 29 -65 -779 -584 -161 -361 -416 -690 239 -316 -278 -708 -16 -401 -148 -80 -141 -916 20 -293 -550 190 -793 306 -742 -33 -116 -626 -393 207 -502 -227 -435 -508 486 -515 -593 -57 -697 -558 105 -1100 175 -543 -406 -39 -456 -69 -546 -422 -537 -456 162 -510 -529 277 -943 62 -734 -369 -214 -112 -508
-190 -405 -498 -348 -176 -173 -504 -419 -427 -72 -557 -148 -111 -547 -84 7 -667 130 -566 -212 85 -482 -241 -691 147 -846 -292 -217 -227 -110 -673 -303 -205 -586 -40 -531 -235 -197 -142 -25 -767 -143 -380 -554 46 -708 -64 -121 -426 -276 -810 -309 -205 -367 -445 -25 -408 -449 67 -401 -729 -438 -460 -131 -535 -399 -345 -1 -220 -273 -291 -117 -342 138 -721 -513 145 -335 10 -487 -27 -617 -408 -617 120 -462 -479 -186 -396 -420 -306 -179 -164 -727 26 -564 -215 -465 -51 -470 -54 -359 -161 -526 -465 -17 -586 -107 -410 -637 400 -780 181 -733 -274 -321 -318 -94 -268 -462
-629 29 -257 -472 -436 254 -404 -468 -384 -158 -686 -181 -24 -397 -377 138 -459 -662 179 -285 -466 -312 -240 -595 -186 -473 50 -843 -188 -462 -349 -546 -304 -121 -534 -288 -248 34 -444 1 -424 -469 -325 -248 -250 -3 -458 82 -648 -115 -368 -572 -115 -233 -300 236 -346 -444 -290 -405 -802 -44 -488 -560 213 -364 -645 -551 158 -229 -456 -237 -252 -702 122 -397 -342 -262 -179 -319 -125 -771 -205 -726 -410 133 -405 -643 -262 -105 -93 -271 -274 -632 -230 -293 -247 -525 15 -39 -563 -529 -122 -258 -630 -103 -580 -156 123 -894 14 -317 -347 -688 -55 -404 -190 -216 -446 -501
-369 -323 247 -642 -232 -586 138 -377 -402 -656 27 -679 139 -249 -509 -424 -274 -395 -486 -30 -625 -330 -533 -296 -450 -380 -64 -715 -252 -380 -533 -279 -298 -345 -285 -143 -420 -17 -433 -273 -715 -138 -455 -226 -312 -225 -494 -52 -404 -592 -172 -357 -533 205 -631 -77 -556 -342 -577 -126 -649 -67 -408 -357 -614 108 -148 -571 -360 -336 32 -945 213 -540 -609 199 -200 -337 -500 -448 -341 -353 -572 -29 -403 -197 -279 -140 -474 -281 -20 -284 -534 -382 -552 -241 -562 -517 -128 -388 -411 -196 -545 -249 -381 -276 -454 -201 -251 -786 -175 -208 -416 -615 -417 -1 -671 -55 -525 -529
-224 -100 -224 -483 15 -285 -665 -110 -138 -593 -12 -122 -585 274 -1046 217 -833 130 -662 -331 -206 -471 59 -955 297 -536 -217 -524 -631 152 -239 -328 -219 -454 -549 -46 -264 -596 -171 -277 -564 -597 -471 -131 -244 -546 -535 -87 -445 -571 -215 -152 -307 -533 -310 -244 -610 -233 -718 -2 -470 -218 -228 -297 -502 -268 -174 -120 -292 -638 277 -750 -395 202 -353 -488 -158 -142 -211 -941 69 -378 75 -560 -242 117 -528 190 -192 -558 -283 -384 -470 -346 -447 -736 131 -716 -60 -444 -373 -280 -305 -724 -107 -634 -175 -416 -333 -265 -763 -309 -274 -670 200 -576 -333 -217 -85 -247
31 -712 117 -405 -316 -488 149 -770 -21 -110 -270 -6 -872 300 -430 -307 -155 -433 -444 -236 -483 67 -348 -241 -581 -74 -369 -479 -216 -388 -82 -585 -437 -160 -246 -655 -62 -314 -580 14 -438 -440 -273 -454 -85 -273 -405 -319 -141 -540 -378 -148 -278 -188 -751 -313 -460 -206 -144 -624 -126 -153 -465 -9 -722 -146 -310 -283 -142 -547 -136 -438 -65 -423 -139 -83 -462 -258 -81 -336 -352 -99 -113 -592 -92 -256 -209 -300 180 -653 -389 -118 -723 -149 -42 -710 -118 -624 -135 -105 -744 -358 30 -860 -186 -292 -462 -256 -647 -10 -341 -605 -59 -502 -491 -47 4 -747 144 -74
-336 -38 -965 145 -341 -309 -653 526 -910 -141 -321 -108 -321 -425 -111 -663 -202 -438 -76 -529 -82 -467 -492 280 -794 -478 -515 271 -856 -100 -446 -289 -774 -245 43 -803 -5 -337 -243 -284 -351 -223 -614 -157 -689 52 164 -845 -22 -443 -406 -172 -250 -536 106 -522 -567 -82 -291 -212 -864 -164 -400 -173 -579 -338 -306 -202 -390 -16 -593 -210 -444 14 -88 -707 -195 -75 -749 37 -601 -397 -261 -382 -445 38 -744 -105 -420 -80 -655 -317 -26 -790 -328 -352 -96 -570 -730 -183 -11 -662 13 -455 -474 -270 -620 61 -677 -210 -66 -741 -196 -20 -429 -474 -60 -430 -528 -1
-513 -372 -395 -440 -453 422 -955 -348 -138 -326 -522 150 -536 190 -799 -312 -203 -213 -253 -322 33 -518 -604 -130 -196 -168 -886 -308 -166 -769 -90 -218 -348 -644 -502 -445 -344 -73 -482 -394 -381 -644 14 -286 -202 -667 98 -786 91 -399 28 -464 -10 -541 -241 -179 -401 -502 -610 -302 -170 -644 -349 -298 -17 -500 -187 -69 -284 -81 -671 -145 -243 -588 -395 14 -954 180 -547 -511 -66 -821 -392 -485 88 -431 -428 -163 -440 -405 -353 -353 -412 -211 -229 -685 -70 -96 -549 -412 -132 -194 -820 -123 -265 -133 -277 -571 17 -791 -12 -200 -609 -75 -426 -291 -268 -380 -441 -563
-348 -537 3 -136 -549 -290 -97 -549 -182 -37 -562 125 -784 133 -255 -452 -160 -245 -462 -303 -230 -358 -68 -676 -129 -109 -288 -948 -8 -211 -531 -200 -474 -373 -587 -335 -254 -278 -467 -388 -149 -157 -580 -82 -59 -769 -233 -318 -168 -99 -254 36 -741 210 -868 -308 -550 -388 -484 -352 -221 -342 -508 -254 -345 -148 -29 -489 -95 -391 -318 -668 -163 -182 -637 -87 -424 -91 -124 -743 -107 -396 -598 -65 -471 -106 -535 -192 -102 -556 -47 -376 -347 -336 -166 -108 -717 -32 -421 -519 -179 -36 -633 -219 -111 -448 -357 -451 -364 -73 -336 -188 -306 -381 -688 -138 -516 32 -433 -730
-467 -263 -511 43 -175 -449 -480 -214 -210 -322 -531 8 -473 -397 -89 -672 4 -609 -228 -95 -528 106 -497 -110 -580 -103 -494 -69 -668 272 -1000 -28 -567 -312 14 -792 -1 -472 -27 -264 -517 -143 -62 -636 -518 -291 -390 -255 77 -266 -622 -61 -510 -347 -329 -522 -411 -128 -606 -86 -609 -495 -51 -213 -285 -182 -167 -68 -710 -374 -11 -419 -416 -481 -48 -40 -767 -206 -649 -20 -814 71 -864 -65 -525 -417 -242 -476 -172 -385 -402 99 -835 303 -578 -115 -701 -295 -402 -221 -270 -78 -473 -398 -311 -495 -326 -215 -244 -440 -283 -183 -306 -256 -632 -2 -729 -107 -414 -524
-246 144 -395 -443 -351 -494 -61 -520 -89 -531 86 -623 18 -489 -311 -178 -229 -139 -211 -348 -315 -45 -684 60 -713 139 -633 2 -392 -353 -123 -576 -26 -493 -184 -27 -740 -175 -39 -406 -225 -835 -131 -367 38 -836 28 -42 -727 149 -740 129 -790 -205 -507 82 -412 -20 -404 -220 -195 -308 -520 -65 19 -103 -549 27 -527 -461 -255 -536 -3 -497 -293 -244 -569 -357 -875 219 -679 -371 -370 -455 -134 -740 201 -476 -154 -213 -701 -11 -336 -503 145 -629 -316 -140 -229 -624 -256 -46 -436 -548 -547 -449 -129 -255 -374 -379 -501 -511 -162 -66 -720 119 -763 -245 -648 -77
-255 -242 -328 -272 -217 -598 -360 92 -522 -200 -284 -69 -952 220 -723 46 -712 -65 -360 -618 -339 -223 -242 -116 -278 -560 21 -411 145 -604 113 -350 -144 -131 -754 63 -250 -544 -147 -117 -332 -663 96 -649 -212 -179 -530 156 -555 -292 -194 -744 208 -535 -192 10 -111 -640 -37 -531 -192 125 -494 -49 -529 -73 -95 -644 -152 -764 244 -702 -200 -24 -642 -342 -39 -606 -160 -509 -112 -551 -289 -301 -68 -525 -373 16 -426 -451 -271 -169 -177 -276 -642 -52 -640 74 -326 -118 -1005 33 -616 -216 -425 -668 -144 -405 -391 -530 267 -753 -454 -475 -193 -394 -330 -447 -356 -627
-530 161 -827 -309 -280 -96 -281 -759 -21 -512 -283 -332 -673 -84 -592 -149 -739 -550 -138 -347 -253 -152 -318 25 -310 -342 -150 -298 -57 -418 -156 -278 -515 -102 -229 -529 -37 -377 -607 49 16 -554 -524 178 -632 1 -632 -114 -829 -22 -258 -612 -180 150 -491 -339 -37 -352 -343 -121 -607 -193 51 -173 -226 -551 -525 35 -546 -149 -350 111 -302 -91 -630 -176 25 -620 -182 -435 -468 -356 35 -490 -345 -323 -211 -290 -328 -214 -219 -262 -145 -171 -504 -179 -99 -342 -464 -78 -590 -56 -848 -72 -157 -275 -410 -84 -252 -488 -282 -242 -465 -780 4 -460 -578 -372 -265 -477
-483 -338 35 -406 -394 -480 -174 -455 -314 2 -575 -199 -564 25 -626 4 -273 -475 -327 -77 47 -436 -342 -401 232 -701 216 -675 -230 -637 -423 -87 -459 -615 -211 -54 -652 85 -396 -323 -241 -369 -62 -915 5 -483 -99 -440 -224 -643 76 -329 -348 -363 -71 -254 -541 84 -339 -520 -28 -78 -528 39 -757 180 -846 62 -549 231 -145 -494 10 -501 -465 -185 -460 -317 -442 -129 -341 -295 -451 -136 -409 10 -355 111 -86 -523 83 -670 -131 -293 -191 -413 359 -775 -265 -504 -431 -35 -539 -206 -8 -327 -413 -175 -411 -172 -418 -102 -401 -273 -753 -129 -600 -297 -428 -496
-268 -668 -195 -356 -269 -481 -310 -123 -271 -305 -245 -195 -557 -35 -191 -431 -190 -296 -282 -414 -109 -202 -480 -280 157 -554 -546 -308 -545 0 -989 331 -630 -36 -840 53 -466 -36 -617 -86 -305 -534 -255 -229 -623 208 -663 -86 -266 -604 -427 18 -231 -497 -120 -125 -516 -211 -19 -419 -777 305 -525 -343 -353 -261 -562 300 -446 -459 32 -782 -179 -284 -67 -425 -383 -491 -327 -118 -525 150 -531 -195 221 -518 -108 -524 69 -68 -783 -248 98 -662 -40 -385 -298 -231 -683 -554 -335 -116 -148 -518 -265 -442 -54 -434 -26 -550 -361 3 -254 -555 -174 -334 -392 -409 -118 -322
-678 141 -356 -480 -343 -472 -359 -155 -162 -145 -770 216 -547 -465 -153 -661 -271 -186 -206 -621 -94 -291 -346 -447 -53 -166 -740 -142 -350 74 -689 -472 -158 -511 -142 -458 -115 -372 -254 -447 -361 75 -772 59 -141 -663 242 -811 191 -587 -470 -372 214 -389 -267 -193 -288 -896 57 -34 -653 -535 -213 -876 -15 -306 -563 -177 -50 -531 -176 -701 -535 -14 -397 -66 -488 -240 -525 -324 -187 -540 334 -589 97 -396 -520 106 -905 -204 -126 -218 -460 -24 -647 165 -742 -573 -206 -530 -101 -380 -301 -324 -468 -46 -376 -419 229 -409 -422 -426 24 -561 -165 -154 -160 -436 -542 -237
-353 -378 2 -381 -412 -359 -20 -206 -277 -33 -647 -160 -704 -91 -353 -320 -450 -472 -206 -19 -850 105 -280 -327 -300 -275 -362 19 -734 -168 -190 -437 -320 -176 -599 66 -912 -104 -276 -524 -60 -459 -375 -180 79 -608 -230 -321 -524 -123 -372 -336 -297 -293 -562 -302 68 -721 -299 -305 -587 -418 -407 -130 -196 -342 65 -614 -164 -468 -164 -261 -21 -400 -366 -385 94 -908 176 -567 28 -534 82 -568 -249 -151 -816 -63 -368 -561 -198 -119 -279 -248 -279 -463 -289 -389 -340 -117 -505 -108 -556 -241 -361 61 -657 -337 -38 -216 -455 93 -532 -593 87 -508 -453 -57 -364 -563
-420 -312 -233 -409 -351 71 -360 -217 -402 -183 -329 -514 -47 -742 -116 -343 -276 -413 -454 -205 -304 -425 47 -340 -186 -141 -455 -95 -683 -183 -198 -310 -181 -696 -205 -816 89 -544 -28 -938 107 -467 36 -452 -397 -243 -326 -213 -731 -2 -502 26 -426 -691 -184 -350 -135 -441 -549 -241 -389 -359 -253 -279 312 -563 97 -722 -246 -194 -358 35 15 -663 -323 -434 -220 -220 -725 -160 19 -645 226 -761 -291 -312 -543 -479 -336 -79 -306 -307 -442 139 -268 -465 -360 -416 124 -482 -450 -351 -623 165 -497 -178 -275 -537 12 -529 -533 -263 -163 -601 -345 12 -134 -593 76 -649
-8 -610 -461 -364 -551 262 -262 -632 -279 -530 6 -370 -265 -564 -561 -110 -688 104 -281 -248 -282 -533 160 -354 -604 -258 -214 -658 -47 -454 -52 -221 -684 -343 -321 -681 -310 5 -328 -505 -135 -310 -170 -165 -365 -325 -328 -404 -9 -544 -308 -427 4 -543 -366 -162 -316 -243 -576 -242 -354 -29 -216 -150 -510 -19 -626 84 -608 -207 -250 -204 -423 -189 -431 -331 -173 -271 -277 -222 -269 -302 -274 -133 -946 -252 -515 -58 -458 -191 -195 -461 -196 -698 108 -401 -357 -352 -307 -387 -518 -196 -294 -549 7 -558 -104 -270 -655 -200 -474 -401 -364 -111 -272 -504 -136 -173 -523 -124
-217 -221 -463 -556 -2 -447 30 -175 -363 -348 -398 33 -565 -27 -509 -444 98 -765 153 -557 261 -746 -446 -319 -103 -618 -138 -402 -204 -152 -905 -14 -322 -571 -61 -202 -163 -129 -626 15 -665 239 -815 -105 -250 4 -606 -106 -54 -179 -427 -716 11 -426 -626 35 -664 -336 110 -577 -16 -488 -263 -127 -572 -172 -548 110 -422 -318 -128 -282 -172 -432 -371 181 -498 -221 -262 -410 -90 -658 -498 -386 -120 -558 -130 -232 -53 -709 -263 -381 -522 41 -834 46 -552 -368 -3 -648 -390 -135 -94 -404 -371 -283 -467 -287 -325 -522 -356 -492 -217 -132 40 -611 -336 -476 -369 56
-301 -504 257 -571 -386 67 -790 -181 -363 -114 -417 -207 -744 -263 -123 -527 -222 -484 -335 -469 -470 -241 -506 -399 -606 -177 -74 -587 -283 -317 -578 -438 -170 -50 -365 -399 51 -545 53 -356 -560 -172 -255 -347 -78 -303 -279 -258 -307 -326 -281 -633 -630 82 -531 -162 -531 -373 -66 -488 -58 -207 -800 -79 -417 -721 55 -469 23 -487 -46 -668 -2 -91 -182 -659 -103 -401 -486 -391 -644 186 -635 -508 -164 -138 -246 -386 -341 -540 -576 -403 -534 -99 109 -705 -383 -205 -464 -38 -453 -371 -261 -65 -610 -192 -425 -412 -343 -77 -455 -187 -251 -494 149 -359 -137 -505 -466 -207
175 -852 -104 -103 -760 -179 -278 -454 -750 -167 -371 -544 -285 -415 -457 -379 -202 -535 -246 -550 -516 -614 -348 -178 -424 -733 -78 -441 -381 -559 77 -575 -281 -444 24 -345 -189 -668 -339 -131 -458 -113 -58 -635 -259 -81 -462 -230 -47 -678 -74 -673 -232 -364 12 -294 -231 -681 -17 -331 -736 123 -244 -766 -111 -72 -665 -151 -631 -137 -78 -533 -90 -299 -199 -175 -717 -444 -36 -662 -384 -386 111 -415 -458 -316 242 -1004 -2 -824 -465 -241 42 -597 -198 -22 -588 -551 -115 -645 224 -504 -452 -408 -456 113 -480 -538 333 -748 -184 -55 -279 -273 -425 -373 -271 -270 -461 -18
-214 -466 -172 -303 -182 -512 -112 -744 182 -777 -208 -433 -65 -446 -116 -813 71 -568 -667 -118 -490 -228 -470 -314 -171 -281 -448 -250 -495 -213 -705 -86 -429 -420 -160 -122 -437 -135 -543 -177 -490 -175 -558 56 -837 -97 -104 -130 -416 -265 -522 -13 -305 -4 -656 -20 -299 -591 -190 15 -576 -552 13 -239 -744 -89 -597 10 -663 -258 -98 -127 -351 -123 -896 -119 -559 -209 -261 -478 -96 -840 -138 -281 -325 -446 -325 -402 -704 -157 -622 -285 178 -421 -527 -637 -10 -251 -568 -127 -457 -175 -489 -387 -225 -403 309 -794 -332 109 -715 -132 -147 -357 -120 -629 -660 121 -667 63
38 -451 -41 -569 -159 -533 -180 -647 -216 -160 -177 -192 -327 -232 -745 44 -332 -316 -843 -20 -600 -116 -243 -281 -540 -69 -603 -418 -251 -425 -622 -3 -354 -269 -312 -244 -276 -417 100 -763 -177 -230 -951 -190 -182 -434 -167 -168 -139 -506 39 -401 -570 201 -759 -294 -210 -297 -285 -500 2 -617 -260 -367 -144 -249 -645 -161 -94 -346 -555 9 -631 -178 -400 -236 -232 -614 -269 -383 -354 -143 -667 -227 -427 -658 -329 -562 -184 -586 -37 -117 -565 -540 38 -505 -670 159 -234 -280 -675 -77 -496 -131 -369 -354 -170 -86 -765 -182 -129 -770 35 -307 -467 -201 -183 -109 -239 -608
-391 -192 -157 -543 -584 -189 -509 37 -397 -486 -147 -115 -532 -103 -562 -424 -397 -206 -584 209 -675 -13 -504 -11 -748 -423 -77 -658 -171 -964 391 -821 157 -292 -522 -51 -268 -206 -449 -462 -636 -361 -456 -225 -349 -89 -197 -405 -569 -110 -371 -273 -237 -663 306 -924 -136 -326 -101 -433 -680 93 -404 -7 -566 -448 -8 -586 -340 74 -466 -115 -507 -483 -135 -57 -369 -142 -804 127 -921 160 -425 -771 -210 -709 -299 -628 5 -358 -607 -18 -222 -539 -399 -108 -494 -663 121 -310 -313 -618 -289 -405 -240 -642 146 -712 239 -887 188 -533 -601 -212 -259 -405 -270 -85 -9 -779
-126 -807 44 -378 -99 -461 -41 -309 -76 -355 -281 -405 -497 -44 -468 -192 -530 -280 55 -146 -146 -866 47 -564 -217 -730 -119 -334 -396 -312 -262 -135 -416 -219 -346 -110 -308 -769 -415 -415 -348 -250 -718 -206 -227 -317 -163 -481 -185 -474 -267 -630 75 -445 -294 -342 -508 -352 -465 -84 -512 -219 -504 -152 -180 -452 -183 -308 -239 -556 131 -714 127 -713 -174 -145 -541 157 -733 -56 -656 -261 -346 -590 -608 -188 -389 -150 -286 -233 -406 -49 -435 -316 -202 -611 -176 63 -672 21 -752 -419 -86 -577 210 -569 -298 -367 -352 -604 -495 -214 -101 -850 61 -150 -649 -129 -217 -417
187 -173 -315 -586 -125 -618 -292 -122 -294 -342 -329 59 -664 -4 -353 -153 -266 -28 -725 97 -275 -600 -252 -130 -729 -33 -394 -193 -780 120 -328 -638 -103 -184 -272 -260 -405 -713 -28 -601 -348 -329 108 -543 -321 -61 -550 -160 -180 -634 -290 -418 1 -554 -500 -394 -324 -504 -146 -540 -449 99 -475 -588 -164 -157 116 -674 -7 -715 -140 -693 1 -387 -290 -102 -725 44 -248 -595 -301 -408 -595 121 -803 87 -340 -247 -126 -209 -458 -525 -316 -344 -515 -145 -476 349 -676 -200 -313 -518 -16 -484 -204 -385 -460 -259 -150 -661 -282 -208 -66 -306 -843 166 -596 65 -311 -352
-740 48 -458 -590 -221 -2 -476 -494 39 -167 -350 -226 -162 -319 -220 -446 -346 24 -337 -856 59 -421 -253 -1 -507 -557 -270 -124 -348 -624 84 -439 -413 42 -354 -397 -433 -194 -315 -354 -246 -233 -666 464 -648 -221 -419 -139 -576 -276 -489 -48 -368 -62 -297 -604 -138 -429 -366 -176 -818 42 -244 -334 -298 -298 -462 -304 -10 -808 25 -507 -397 -449 -77 -215 -425 -632 -186 -386 -255 -31 -626 -53 -521 -296 -320 -485 -667 -294 -287 -234 -658 -168 -412 -289 -391 -115 -98 -962 -136 -368 -328 -330 -359 -570 -313 -188 -588 137 -613 -226 -270 -131 -676 -214 94 -850 121 -658
-548 -482 -38 -724 -401 199 -157 -360 -171 -143 -167 -378 -365 -361 -243 -575 139 -631 30 -465 -438 -148 -276 -384 -146 -349 -631 -5 -714 213 -972 336 -622 -176 -430 -609 -97 -446 -125 -580 -178 -94 -324 -456 100 -633 -263 6 -615 93 -357 -329 147 -787 195 -549 -458 -100 -309 -34 -531 -515 -124 -325 113 -536 -323 -836 186 -574 -240 -303 -407 -324 -432 -107 -306 -446 -202 -187 -209 -282 -260 -510 -452 -526 -107 -395 -343 -441 -377 -217 -315 -418 -267 -285 -402 -335 -210 -296 -477 -191 -481 -410 -140 -356 -327 -177 -512 -461 88 -851 -75 -153 -196 -574 179 -690 -380 -222
-81 -595 -163 -113 -238 -605 -226 -111 -276 -122 -703 124 -475 -42 -820 89 -341 -195 -664 -373 -124 -197 -597 -450 39 -602 -361 23 -849 -200 -14 -722 28 -678 -257 -411 -271 -353 -108 -454 -239 -331 -138 77 -594 -37 -710 35 -689 23 -144 -739 117 -721 85 -612 30 -293 -229 -333 231 -907 -144 -377 -177 -447 -248 -305 -560 -9 -759 -191 -359 -316 -330 -381 -209 -232 -303 -24 -818 245 -788 -393 -103 -742 -119 -413 -104 -448 -292 -430 -166 -387 -538 141 -619 -237 -127 -315 -261 -76 -605 -269 -318 -138 -405 39 -249 -105 -283 -365 -457 -87 -148 -454 -290 -375 -341 -135
-396 -199 -637 -28 -363 -226 -77 -582 -155 -348 -126 -787 90 -359 -20 -633 -216 -373 -446 -416 -644 -27 -503 -381 128 -555 -598 116 -519 -311 -191 -451 4 -450 -352 -46 -413 -154 -306 133 -652 -344 -242 -447 -176 -418 155 -1000 57 -862 238 -644 -247 -425 -84 -353 -294 91 -561 -602 27 -87 -434 -182 -737 -84 -438 -260 -67 -527 -549 -554 -178 -721 -188 -499 -315 -364 -377 -105 -765 32 -362 -589 -398 -186 -265 -239 -501 -270 -671 -212 -344 -325 -77 -321 -303 -478 -116 1 -721 -136 -238 -570 -204 70 -519 -280 -273 -268 -102 -316 -636 -202 -714 -253 -354 -528 -318 -249
-375 -421 -360 165 -658 -360 -79 -247 -601 -288 -62 -612 -317 -436 -160 -141 -537 -312 -177 -423 -555 -650 286 -564 -388 -102 -746 -61 54 -590 -120 -775 34 -110 -682 21 -175 -344 -484 -153 -127 26 -655 -188 -203 -566 -79 -366 -581 -552 -428 245 -665 64 -638 334 -678 -289 -238 -456 -483 157 -454 -89 -565 -332 143 -787 48 -561 -286 -701 -190 -198 -480 -49 -686 -247 -7 -275 -305 -476 95 -346 -651 -118 -347 -252 -483 -355 -453 94 -735 -228 -468 12 -263 -423 -69 -363 -540 -375 -366 38 -667 6 -324 -524 -232 -662 -203 -352 -628 -551 -248 -582 128 -767 -28 -798
-299 -353 -394 -197 -332 -522 -651 -210 -168 -88 -760 -31 -377 40 -429 -474 -240 -321 -136 -404 -267 -395 -260 3 -297 -376 -82 -498 -141 -312 -488 -493 -216 -151 -271 -452 257 -579 -7 -313 -414 -129 -119 -528 -369 -558 -432 -132 -69 -659 -249 -88 -223 -85 -987 -222 -280 -296 -385 -77 -164 -774 83 -685 -108 -476 61 -484 -159 -431 -107 -498 -87 -202 -128 -406 -39 -311 -391 51 -215 -627 -339 -93 -506 -474 -348 -758 -54 -225 -618 12 -60 -416 -322 -394 -12 -144 -794 42 -373 -421 -91 -227 -264 -429 -471 10 -778 -195 -555 -484 -53 -442 -314 -375 -311 -73 -294 -248
-374 -847 22 -481 -380 -228 -440 -143 -319 -513 -368 -575 -187 57 -84 -596 -207 -310 -236 -65 -236 -360 -158 -336 -434 18 -398 -173 -558 -658 262 -614 -331 -178 -172 -190 24 -484 -146 -285 -144 -1131 -53 -32 -572 -359 -275 -246 -87 -398 -151 -530 -285 -580 -261 -326 -629 -35 -321 -182 -666 0 -726 -299 -27 -333 -320 -322 -314 -330 131 -503 -137 -272 -186 -604 -421 14 -756 -404 77 -725 -422 -287 -306 -664 -45 -159 -552 -155 -356 -671 36 -494 35 -429 -339 -4 -479 -482 2 -144 -333 57 -667 -97 -812 -30 -329 32 -562 -354 -301 -185 -76 -584 -288 -309 -361 -182
-197 -468 -561 -134 -391 4 -692 -131 -395 -377 -591 -1 -353 -500 55 -309 -121 -316 -217 -287 -384 -352 6 -458 -416 -303 -340 -427 -74 -852 -231 34 -528 -17 -378 -224 -297 -345 -356 -533 -101 -234 -327 -311 90 -281 -226 -455 87 -755 274 -807 -222 -689 -311 279 -379 -526 -232 -52 -894 -152 -257 -761 -120 -299 -472 -124 -470 -470 155 -374 -508 -342 -395 -275 -755 55 -120 -701 -197 -210 -430 -377 -27 -394 -335 -210 -483 -238 -379 -283 -269 -624 -345 164 -386 -759 328 -621 -103 -349 -287 -258 -258 -394 -282 -32 -601 -112 -197 -400 -286 -374 -394 -398 -370 -402 -447 -529
-251 -394 -473 -126 -331 -343 -255 -486 -589 272 -606 -77 -490 -67 -424 -486 -1 -522 -309 11 -754 -386 -104 -538 299 -757 -68 -731 -259 -66 -605 -70 -326 -136 -253 -258 -383 -543 -162 -501 -155 -7 71 -594 -166 -177 -67 -701 84 -548 -247 -365 -514 -103 -332 -330 -158 -313 -611 40 -284 -714 -376 -242 -296 -359 -634 -359 72 -716 49 -587 260 -835 91 -724 119 -546 -158 -141 -755 124 -287 -548 -287 -401 -452 -390 -679 34 -285 -246 -469 -132 -83 -709 -163 -496 -103 -378 -277 -526 -210 6 -788 -263 -317 97 -807 -23 -553 -112 -754 -151 -506 -218 -424 -108 10 -690
-325 -255 -285 -514 1 -516 -830 208 -564 -264 -359 -503 -669 -25 -551 -423 -124 -691 52 -490 -27 -459 -236 -460 -356 -35 -503 -203 -315 -301 -202 -162 -612 87 -472 -263 -459 -326 -573 -112 -198 -356 -149 -185 -266 -530 -10 -553 1 -662 -269 -278 -273 -393 -125 -491 5 -451 80 -799 -102 -172 -405 -462 -399 -90 -458 -602 142 -433 -202 -440 -148 -569 41 -477 -481 55 -529 -585 -325 -596 -260 -662 -475 -204 -448 -476 53 -596 -327 -412 -345 -333 -191 -333 -543 -498 -160 -652 61 -694 -440 -331 -43 -735 -403 -34 -399 -233 -510 27 -479 -252 -474 50 -376 -369 -350 -217
-604 101 -537 -298 -634 -315 -214 -706 -125 -580 -152 -603 -552 -183 -235 -199 -193 -260 -548 35 -712 70 -347 -231 -239 -149 -416 -170 -290 -20 -459 -323 -502 -159 -254 -657 -636 -218 -663 331 -465 -231 -370 8 -227 -535 -322 -611 20 -534 -190 -305 -165 18 -455 -252 -381 -222 -210 -219 -402 -231 -300 -310 -509 -391 -230 -574 -41 -285 -537 -401 -6 -432 -627 61 -836 -161 -285 -585 -405 -904 225 -453 -569 -330 24 -676 104 -381 -697 -74 -472 -223 -374 -366 -303 -243 -1064 -53 -323 -3 -623 -548 -34 -47 -263 -387 -375 23 -746 -483 124 -525 -217 -306 -359 -460 -968 -168
-566 -335 -70 -689 -211 -603 -176 -360 -310 -619 -171 -66 -572 -167 -350 27 -396 -229 -533 -375 -162 -72 -503 -100 -371 -325 -115 -549 -56 -302 -449 -207 -451 -634 -336 -206 -651 -283 -455 -160 151 -509 -517 -492 -278 -255 -433 -667 -74 -70 -250 -348 -209 -564 -199 295 -584 -236 -167 -405 -369 -304 -353 -433 -46 -219 -822 36 -679 -16 -355 -541 -409 -60 -377 -677 -210 -481 -331 -327 -354 -231 -517 -3 -330 26 -549 -303 -383 -4 -368 19 -725 -10 -373 -209 -452 -351 -436 -278 -541 -37 -281 -375 -483 57 -209 -316 -710 -418 -20 -754 57 -763 -164 -570 -349 -506 -341 -421
-404 -656 -233 45 -952 -243 -58 -727 65 -544 -160 -585 -12 -306 -418 -774 -197 60 -543 -230 -205 -535 -81 -772 -61 -469 -306 -267 -166 -695 52 -530 -266 -401 -729 -73 -381 -297 -484 -228 -524 -355 -77 -925 -396 -337 -210 -428 -405 5 -594 -1 -813 -27 -508 -381 -329 -286 -459 -266 -547 -279 -5 -356 -522 48 -658 61 -699 -139 -356 -199 -524 -226 -146 -290 -330 -532 78 -479 -259 -29 -618 -295 -669 -287 6 -257 -334 -410 -311 -292 -222 -287 -149 -808 -342 -262 -386 111 -289 -787 290 -498 -180 -549 -263 -345 -333 -453 -215 -822 -32 -473 58 -851 118 -790 133 -687
-20 -879 -173 -184 -155 -801 -104 121 -733 -104 -222 -456 -477 16 -512 -382 -623 -294 -270 -77 -469 -285 -530 -405 -102 -325 -91 -477 -420 -354 -147 -340 -99 -576 -218 -742 108 -300 -418 -129 -365 -876 -173 -166 -327 -582 -18 -550 -303 -422 -593 -231 -174 -422 -228 -204 -905 -364 -19 -699 202 -362 -292 -74 -900 -140 -197 -146 140 -627 1 -410 -180 -314 -206 -631 170 -519 -371 -380 -361 -583 -449 -199 -204 -671 -423 -65 -384 -588 -100 -479 -287 -266 -580 -138 -337 -479 169 -476 -48 -491 -446 146 -621 143 -874 -183 -361 -445 -235 -205 -328 -420 12 -593 121 -779 87 -351
-205 -439 -498 -322 72 -285 -267 -368 -113 -440 -473 -192 -736 -218 -132 -702 129 -520 -252 -180 -575 -66 -644 -196 -480 -256 -515 -86 -253 -385 -65 -611 -371 -149 -494 -75 -600 -79 -177 -798 -330 -22 -880 98 -496 -11 -725 -233 -238 -702 178 -603 -376 199 -994 -95 -236 -508 190 -621 -212 -317 -352 -554 -178 -380 -59 -274 -210 -627 -133 -209 -521 -259 -128 -607 -434 -110 -382 -585 -582 -78 -579 -470 -145 -234 -536 -40 -685 -33 -677 -96 -165 -303 -608 -638 403 -344 -696 215 -502 -31 -571 -328 -93 -438 -121 -640 165 -502 -700 0 185 -395 -233 -635 -155 -111 -908 292
104 -460 -187 -398 -693 219 -648 -38 -286 -671 7 -554 2 -677 -81 -366 -283 94 -538 -142 -657 -48 -564 -242 -243 -215 -727 -216 -471 -140 -496 -675 -384 -428 -95 -624 110 -826 143 -445 -594 -253 47 -205 -588 -318 -172 -843 57 -774 29 -87 -611 -12 -640 -161 -267 -287 -152 -199 -917 72 -650 -241 -474 -246 -16 -578 -42 -540 -347 -57 -652 -307 -463 -389 -257 -775 -98 -87 -714 -334 170 -713 -132 -159 -106 -474 -215 -391 -188 -373 -577 -182 157 -632 -599 315 -596 -590 -59 23 -445 -155 -633 -123 -211 -352 -548 171 -395 -543 -468 -232 -202 -308 -664 -402 -495 -146
-272 -62 -618 150 -417 -596 35 -720 -123 -271 -326 -226 -374 -38 -602 -138 -638 -209 56 -598 -201 -376 -141 -723 -402 -116 -336 -94 -859 -318 -376 -540 -146 -688 105 -505 -252 -103 -503 -124 -268 -288 -205 -216 -409 -491 -365 -289 -319 -218 -253 -189 -376 -338 142 -305 -218 -491 -375 -186 -801 -234 -254 -262 -301 -289 -345 -313 109 -419 -115 -693 -627 -70 -291 -600 -447 -374 -243 -184 5 -939 143 -274 -173 -485 -316 -15 -756 -36 -582 -2 -370 -689 50 -343 -295 -717 -28 -303 -509 -272 -194 -348 -260 -521 -303 -200 -381 -770 80 -371 -177 -483 -433 -203 -504 -177 -464 -404
-356 -144 -300 -592 -61 -204 -401 -153 -712 -198 -314 -200 -924 -265 -259 -431 -329 -342 -18 -264 -774 -386 -121 -172 -432 -464 -344 -271 -368 -690 -426 -174 -318 231 -767 -11 -673 48 -567 104 -484 -102 -268 -128 -265 -386 -177 -513 -387 22 -396 73 -133 -543 -171 -135 -605 -558 -18 -397 23 -573 -236 -468 -123 -263 -131 -233 -337 -145 -756 -176 -815 -156 -175 -289 -432 -182 -544 -198 -267 -380 -543 -182 -235 -190 -782 -400 200 -671 -120 -505 -146 -162 -610 -497 124 -420 -618 -244 161 -481 -474 -204 -238 -491 69 -706 -129 -569 -235 -155 7 -147 -529 -433 -216 -144 -106 -451
-73 -502 -166 -316 -768 -27 -758 -311 -265 -311 -597 -401 -232 -369 -132 -385 -123 -372 -469 -115 -670 -504 -266 -217 -301 -25 -652 -593 5 -835 -88 -31 -573 -204 -504 -275 -465 -304 -221 -280 151 -466 -219 -457 -163 -260 -768 257 -517 -166 -244 -540 307 -490 -612 -241 -522 -217 -470 -26 -199 -557 -364 -212 -208 77 -589 177 -727 -94 -634 -201 -600 -367 -522 -327 -528 -37 -60 -1031 -88 -266 -52 -694 -260 -314 -390 -460 -401 -122 -408 -170 -641 206 -592 -419 -104 -282 8 -625 -529 -206 -75 -597 -134 -245 -350 -135 -530 -343 -209 -234 -186 -322 -312 -227 -367 -506 -561 -31
-494 -153 -756 181 -563 -112 -863 -123 -591 182 -507 -307 -395 148 -358 -407 -515 -16 -840 16 -384 -394 -212 -227 -442 -256 -120 -825 -99 -199 -567 -208 -431 -288 -659 34 -524 -45 -430 -403 -272 193 -880 67 -820 -119 -586 -186 -347 -22 -438 -559 12 -677 -410 -396 -383 -257 -579 -38 -488 -164 -512 -40 -336 -169 -187 -736 -42 -546 -464 -348 -430 -431 -295 -367 17 -884 27 -141 -730 42 -331 -453 -487 -339 -7 -911 -27 -555 -235 151 -597 -16 -29 -166 -507 -673 -168 -214 -462 -319 -180 -34 -408 -437 -111 -624 -47 -353 -222 -414 -365 -689 -90 -25 -479 -573 -185 -204
-176 -740 -134 -382 -188 -141 -368 -142 -450 -504 -90 -252 -503 -419 -336 -191 -588 -316 -31 -406 -152 -144 13 -539 107 -919 -80 -275 -800 -221 -179 -514 -544 -61 -440 -252 -416 -135 -567 0 -595 -359 -371 -461 -585 -56 -509 -501 -209 -93 -364 -439 -264 -415 -710 -53 -505 -443 -261 -148 -243 -399 -98 -274 -240 -534 -548 -192 -459 -402 -321 -168 -707 -80 -477 -170 -71 -343 -651 31 -479 -77 -752 -82 -778 -116 -219 -317 -521 19 -336 -44 -344 -318 -136 -456 -20 -893 -170 -278 -161 -106 -361 -212 -564 -164 -513 -380 -71 -668 -83 -558 -189 -147 -772 -19 -653 -57 -525 -97
145 -488 -181 -34 -419 -464 -458 -270 -199 -200 -597 -560 180 -942 20 -304 196 -683 -83 -175 -48 -584 -150 -336 -332 -544 -446 -524 -440 -776 79 -407 -214 -573 -157 -108 -618 -235 -145 -734 -136 -457 -549 -33 -738 -231 17 -395 -350 -324 -285 -279 -505 -420 -302 -306 -351 -195 -82 -505 -426 -348 -467 -170 -408 -173 -354 -420 -64 -731 157 -541 58 -912 399 -829 -169 -682 45 -226 -473 -373 -164 -309 -93 -638 -91 -771 175 -420 -236 -216 -562 -291 -188 -703 -4 -303 -587 -143 -491 31 -391 -577 -109 -556 -63 -573 -41 -837 265 -781 -324 -88 -672 -311 -299 -542 -460 -467
-235 -126 -444 -205 -335 -467 -408 -457 -488 -95 -113 -618 76 -108 -188 -399 108 -532 -114 -402 -312 -139 -750 -152 -424 -364 -525 -388 -232 -528 -293 164 -430 -163 -581 -41 -12 -834 112 -443 -245 -232 -568 150 -50 -515 -266 -175 -202 -653 -188 -84 -538 -424 -1 -832 50 -507 13 -449 -356 -69 -237 -403 -276 -276 -153 -182 -110 -550 -620 34 -141 -542 -243 -566 -281 -367 -247 -170 -309 -765 -176 -113 -652 -244 -196 -536 -253 -565 -106 -460 67 -529 -49 -669 -143 -520 45 -746 -566 47 -971 316 -543 -510 4 -380 -275 -305 -485 -118 -642 -454 -123 -445 -407 -84 -625 -487
-625 -202 -570 -391 -214 -568 -30 -310 -321 -267 -261 -85 -163 -225 137 -784 -17 -605 221 -666 -71 -472 -225 -251 -606 -117 -410 -405 105 -419 -421 -430 51 -212 -620 -125 -549 -55 -921 501 -748 332 -523 -540 39 -457 -249 -565 -173 -248 -161 -699 214 -863 -60 -310 -158 -456 -182 -171 -170 -389 189 -598 -67 -668 78 -265 -570 -149 -508 -245 -446 -299 -563 -503 -258 -442 7 -550 -560 -362 -396 -68 -749 -326 -341 -33 -88 -554 -101 -690 21 -301 -177 -488 -491 -334 -627 -184 -687 133 -865 -307 36 -455 -236 -119 -553 2 -678 -364 -53 -313 -772 243 -444 -456 -73 -547
-161 -455 -460 -575 112 -449 -380 -105 -274 -295 -171 -457 -232 -122 -545 24 -523 -92 -744 248 -878 -48 -619 -239 -130 -571 -340 -305 -92 -538 -276 -648 -179 -414 -104 -670 -354 -256 -353 -288 -390 -405 58 -773 -223 -462 -218 -241 -573 31 -475 -476 -193 -703 -97 -434 -88 -118 -449 -375 257 -735 -454 -59 -289 -487 -396 -625 -246 -451 -352 -57 -488 -727 -39 -755 104 -698 -138 -371 -353 -432 -350 -294 -170 -167 -303 -514 238 -517 63 -376 -255 -672 -177 -502 40 -785 -304 -574 -434 -167 -299 -82 -428 -215 -112 -458 0 -500 -176 -392 -235 -229 -480 -589 -183 -278 -672 -112
-493 -213 -302 -403 -305 -247 -512 -387 -247 -360 -23 -455 -326 -224 -17 -273 -317 -129 -1031 -129 -291 -235 -760 -208 -232 -256 -281 -663 -248 -193 -650 34 -410 -184 -486 -355 -135 -294 -666 246 -713 -261 -33 -483 -41 -323 26 -503 -319 -259 -292 -543 -423 -193 -652 225 -956 -59 -182 -820 -136 -274 -576 -573 -372 -112 -264 -687 -366 -60 -456 -275 -108 -919 249 -551 -89 -211 -376 -515 -210 -488 -7 -510 -251 -244 65 -64 -495 -40 -890 308 -431 -299 -337 -591 -205 -354 -561 -175 -592 -365 -67 -175 -133 -389 -288 0 -484 -190 -438 -367 -237 -565 -151 -225 -707 -138 -528 -393
-450 -472 -357 -201 -428 -99 -554 -248 -66 -617 -177 2 -265 -272 -581 -157 -362 -343 -253 -587 -310 -206 -96 -548 -216 -419 -210 -332 -417 38 -518 -228 -7 -370 -304 -659 97 -282 -303 -193 -503 -305 -143 -360 -72 -484 -244 3 -563 -135 -297 -280 -661 21 -662 -68 -126 -754 122 -687 -344 -217 -686 146 -443 -419 -316 -94 -412 -193 -255 -458 27 -417 -341 -122 -363 -133 -599 -579 -65 -470 -302 -387 -157 -454 -459 87 -400 -179 -570 -186 -397 -744 -28 -517 -327 -672 -406 -114 -414 -215 -278 -366 -469 7 -359 -172 -196 -480 -174 -845 -81 -512 71 -889 28 -647 -28 -72
-598 58 -584 -250 -606 45 -649 -30 -318 -386 -717 90 -319 -293 -272 -803 -67 -532 -149 -73 -246 -863 -16 -245 -587 -331 -33 -848 84 -290 -276 -481 -307 -584 -37 -389 -380 -596 -74 -342 -331 -515 -82 -159 -421 -145 -157 -231 -464 -264 -299 -139 -602 71 -376 -191 -136 -271 -693 -158 -752 75 -615 22 -538 -410 -338 -583 146 -134 -447 -192 -122 -133 -258 -647 -368 -88 -577 -135 -861 81 -424 -289 -751 244 -607 -288 -375 -531 -96 -672 -128 -493 -70 -806 -230 -300 -564 -198 -202 -530 -223 -192 -461 48 -566 -121 -661 -319 -119 -259 -813 -244 -519 -179 -250 -141 -708 -1
-194 -453 -529 -31 -949 66 -276 -428 -90 -678 -295 -266 -59 -895 171 -669 140 -509 -297 -285 -42 -366 -730 9 -671 -448 182 -327 -298 -632 -139 -658 -123 -478 -362 271 -870 68 -733 103 -284 -241 -407 -19 -583 -318 -418 -194 -85 -515 -274 -145 -341 -250 -209 -177 -390 -277 -309 -739 -258 -341 -228 -451 -281 -250 -291 -202 -446 241 -443 -356 -7 -698 -163 -332 -356 -331 -90 -70 -532 -460 -141 -223 -800 -71 -306 -172 -310 -316 -459 -192 -680 -30 -252 -247 -608 -336 160 -631 -644 -55 -729 196 -528 -122 -269 -179 -511 -768 89 -519 -347 -717 4 -393 -249 158 -242 -428
-581 -378 -798 118 -447 -551 153 -652 -285 -66 -469 -299 -401 -216 -714 7 -313 -107 -259 -583 -452 77 -1018 -83 -402 28 -470 -27 -422 -491 -378 -258 -370 -168 -325 -292 -390 117 -507 -620 39 -222 -491 -846 206 -671 -572 -529 141 -298 -491 223 -671 -129 -403 164 -828 -349 -395 -350 -354 -483 159 -542 -418 -193 -464 36 -350 -293 -284 -443 -229 -338 -501 -119 -304 -170 -174 -173 -396 -540 -23 -466 -42 -835 -293 -13 -442 -237 -654 297 -631 -592 -149 -400 -113 -506 -72 -276 -716 -99 -27 -622 2 -311 -309 -327 -301 -605 -414 -422 -351 -497 48 -141 -348 -516 -311 186
-696 60 -697 -212 131 -513 -542 -104 -536 -338 -339 -539 -331 -171 -632 120 -540 -459 -468 -148 -685 -550 63 -693 -265 -278 490 -1226 56 -670 -283 -277 -357 -65 -478 -416 -297 -253 -220 -392 -526 -235 -365 -691 -289 5 -441 -121 -480 -94 -711 -143 -325 -510 -236 -248 -263 -396 -752 116 -460 -230 -303 -181 16 -483 -540 -347 -71 -603 -359 -428 -205 -492 -298 -44 -258 -284 -292 -708 -20 -541 -253 -337 -412 -137 -738 -65 -227 -260 -780 -343 -142 -530 -186 -278 11 -434 -438 -341 -408 -158 -208 -262 -455 159 -779 -257 -591 -241 -727 -204 -73 -546 -324 63 -606 -277 -634 -332
-460 -98 -364 -294 -84 -3 -512 -191 -205 -463 -318 -190 -544 -44 -345 -283 -470 -308 -913 -22 -542 -456 -391 340 -577 -524 -37 -48 -906 60 -465 76 -596 -344 -19 -333 -156 -735 -14 -302 -426 -241 -780 416 -1139 181 -144 -546 -360 -287 -204 -697 28 5 -424 -136 -810 -49 -225 -212 13 -135 -392 -393 -354 -150 -406 -283 -592 -47 -375 -203 -271 -311 -443 -177 -93 -218 -210 -460 -227 -397 -386 -148 -995 365 -372 -382 -562 -376 121 -729 -377 120 -298 -65 -148 -319 -600 -145 -320 -411 59 -434 -204 -724 -113 -620 -123 -213 -431 -529 109 -437 -405 -305 -435 -508 -27 -300
-361 -268 -335 -51 -512 114 -581 -129 -510 -404 -352 -252 -476 -288 -116 -405 -659 -16 -500 -297 -240 -463 -437 -226 -23 -333 -528 -250 -246 -422 -379 -85 -183 -171 -655 -13 -260 -515 -277 -197 -438 -361 -446 28 -216 -702 -9 -609 -111 -384 -524 1 -331 -83 -475 -271 -109 -593 -141 -73 -445 133 -258 -287 -421 -362 -332 -67 -250 -212 -206 -442 -220 54 -199 -351 -582 -30 -494 -87 40 -485 -707 -37 -576 -523 183 -380 -715 -525 89 -106 -370 -106 -309 -348 -152 -593 -130 -173 -145 -415 -249 -264 -32 -658 -363 -241 -487 -102 -479 -354 -531 -120 -341 -384 -608 -187 -453 -364
-244 -324 -226 -87 -508 -237 -654 -70 -759 240 -946 126 -322 -648 -48 -281 -340 -408 -190 -475 -526 25 -432 -326 -470 -6 -720 -121 -322 -187 -160 -458 -502 -223 -273 -976 -20 -326 -362 -524 -456 -292 -378 -412 -428 -496 -39 -785 -100 -59 -464 -338 -299 -516 -468 -352 -144 -168 -184 -521 -281 -274 -282 -646 -123 -171 -147 -356 -537 172 -714 116 -601 -378 -52 -204 -373 -219 -224 -567 -323 -256 -696 -129 -440 -437 -229 -237 -544 -24 -481 -212 -653 314 -691 -207 -278 -152 -366 149 -408 -438 130 -621 -366 -242 -228 -609 -148 -376 -269 -282 -506 -510 -561 -357 -572 -400 -505 -179
-142 -527 -25 -497 -441 -420 -468 -93 -468 -26 -111 -601 292 -696 -341 -113 -208 -613 -300 -215 -645 -361 -172 -486 30 -562 120 -905 91 -243 -614 -132 -522 -767 92 -390 -144 -339 -434 -649 -138 -734 -93 -375 -669 -686 -54 -109 -690 -454 -238 -271 -198 -515 -29 -261 -628 -300 -181 -248 -578 -359 -324 -450 -231 -239 -208 -252 -594 -138 -566 -144 -75 -809 57 -520 19 -268 -407 -244 -954 94 -756 -59 -379 -133 -361 -478 -387 -302 35 -480 -427 -203 -118 -541 37 -10 -559 41 -183 -684 -310 -207 -689 35 -511 -99 -59 -607 -261 -221 -314 -392 -655 -321 -596 -488 94 -266
-270 -365 -497 -527 -516 -218 -548 -270 141 -855 157 -458 -342 -214 -348 -316 37 -515 -388 -374 -268 -128 -390 -259 -505 -222 64 -582 -425 42 -726 149 -545 -294 -273 -138 -166 -320 -921 88 -815 44 -766 -431 -161 -400 -386 -348 239 -647 -481 -113 -152 -336 -334 -317 95 -645 -564 -131 -77 -429 -170 -398 -231 -508 -153 -726 -174 -153 -430 -318 -269 -49 -374 -299 -266 -610 -117 -254 -611 -294 -224 -153 -434 -453 -119 -677 -80 -440 -47 -143 -608 -100 -548 -256 -89 -286 -382 -417 -304 -250 -558 -254 -446 -49 -475 -323 51 -541 -135 -412 -406 -54 -801 -64 -467 96 -719 -86
-366 -718 -457 -399 -564 -256 -169 -889 -60 -455 -449 -234 -682 350 -457 -448 227 -828 -190 -421 -560 -139 -430 -24 -450 -649 -100 -561 121 -487 -172 -569 79 -603 -311 -476 -355 -535 -262 -530 -109 -670 168 -682 -603 251 -546 -564 100 -77 -488 -228 -337 -270 -147 -472 -266 -211 -352 -450 -388 34 -469 13 -760 -259 -138 -509 -297 -570 -103 42 -581 -198 -66 -1044 115 -651 -141 -101 -170 -805 -221 -469 -45 -714 -390 -91 -110 -609 -180 -345 -443 -254 -340 -446 -140 -483 35 -633 -523 -470 -307 -64 -598 -333 -196 -356 -460 -31 -164 -530 -323 -176 -375 -338 -79 63 -377 -534
-619 -505 -249 -552 -276 -366 -155 -652 -18 -719 -101 -439 -120 -379 14 -742 -346 -376 -287 -763 131 -685 180 -775 -18 -477 -238 -320 -320 -353 -40 -790 -548 -209 -417 -315 -1 -495 -166 171 -833 -503 -313 -67 -784 -82 -19 -207 -621 75 -645 -128 -343 -586 -67 -413 -617 -305 117 -703 -462 57 -536 -58 -378 -409 -42 -541 -112 -448 -255 -198 35 -1034 -83 -369 -173 -28 -526 -231 -303 28 -906 -150 -731 114 -563 -455 101 -123 -545 -378 -377 -255 -2 -579 -490 -227 -207 -596 45 -580 -238 -109 -183 -679 -13 -253 -398 -216 -51 -368 -385 -555 -40 87 -740 -72 -144 -557
-541 -232 -59 -440 19 -614 -148 -628 -178 -97 -626 -196 -362 -591 -330 -179 -336 -583 -47 -235 -337 -366 -271 -112 -690 -1 -562 -352 -275 -425 -225 -122 -740 -230 69 -208 -215 -341 -469 -382 -181 -149 -678 -18 -340 -157 -205 -374 -239 -556 -396 -756 -115 -197 -630 -514 -383 -365 -265 -379 -190 -248 -225 -128 -609 -381 -359 -379 81 -683 -40 -416 -428 -147 -492 -278 -100 -120 -255 -728 -376 -347 -252 -219 -530 -502 38 -200 -444 -362 26 -223 -749 125 -531 94 -756 -309 -172 -269 -120 -201 -174 -282 -469 -56 -418 -244 -555 -461 -441 -78 -178 -457 -497 73 -358 -310 -677 216
-107 -276 -272 -725 -140 -205 -607 -15 -700 -268 -203 -710 43 -711 -318 -398 -22 -571 -231 -496 -178 -10 -739 -322 -512 -225 -198 -679 -243 -85 -550 -285 290 -550 -512 64 -671 104 -605 -136 -320 -320 -109 -164 -440 -161 -420 -641 -220 -376 -565 -175 -1051 -9 -238 -551 -309 -675 -296 -212 -655 124 -387 -586 -108 -412 -280 -711 -8 -356 -116 -652 -129 -615 347 -646 -360 -219 -257 -335 -368 -276 -403 -467 28 -848 -1 -292 210 -716 -708 458 -588 -391 -332 -700 78 -676 -40 -219 -442 -20 -638 161 -730 -598 37 -454 -119 -486 -353 -638 65 -359 -613 91 -687 -36 -687 -208
-502 -292 -100 -517 -446 -202 -341 -380 -200 -960 -124 -417 -84 -367 -191 -706 -341 -590 98 -132 -415 -388 -175 -330 -421 -531 -30 -451 -306 -10 -731 -353 119 -353 -404 -628 207 -557 53 -378 -247 -340 -497 100 -472 -378 -378 -386 -231 -727 -71 -278 -328 -639 111 -640 -246 -281 -917 339 -453 -594 -343 -7 -941 57 -503 -10 -536 -91 -309 -316 -368 -276 -232 -17 -174 -667 -1 -530 -124 -449 -195 -788 145 -559 -113 -544 -390 -90 -711 -280 -124 -530 62 -567 -355 -440 -120 -320 -388 112 -833 60 -436 -416 -619 206 -592 -145 -444 -556 -456 11 -894 -158 -458 -157 -498 -331
-639 -329 -263 70 -444 111 -466 -449 -255 -402 -186 -451 -300 -263 -252 -424 -533 65 -276 -330 -391 -195 -919 -43 -460 -314 -227 -334 -495 -220 -412 -313 -177 -199 -568 -376 191 -718 -132 -355 -446 -8 -699 -241 10 -599 -151 -598 90 -646 -71 -541 49 -336 -606 -163 -796 -63 -551 -386 -79 75 -886 -4 -748 -202 -542 -113 226 -842 109 -341 -106 -3 -376 -534 321 -571 -551 -358 63 -645 -273 -834 154 -697 -73 -588 -196 -355 158 -589 -436 -248 -391 -200 8 -699 11 -686 -380 -306 -513 -427 -314 -83 -938 -6 -306 -371 -226 -792 -59 -490 -297 -589 -364 146 -195 -318
-179 -102 -319 -226 -143 -161 -695 -372 -335 -275 -99 -209 -621 -526 -480 -242 -527 28 -103 -430 -803 -288 54 -843 -67 -533 -437 -222 -369 -436 -163 -598 -107 -483 -457 -552 -35 -432 -321 -559 157 -450 -107 -570 -205 -288 -174 -670 -379 -333 -20 -563 -295 -355 -702 -192 -675 -384 -383 -125 -498 -363 -274 -322 -312 -52 -277 -554 -224 -190 -626 135 -651 218 -258 -738 -213 -192 -570 -268 -199 -356 -476 -603 -266 -40 -661 28 -294 -341 -321 -7 -554 3 -288 -788 -88 -456 -514 -391 -634 -66 -749 -122 -486 140 -442 -349 -423 -347 -215 -630 -434 -366 218 -675 -237 -302 -183 -236
127 -239 -260 -390 -268 -578 -148 -741 -217 -238 -387 -580 -49 -390 -403 -323 162 -644 -259 -591 -29 -400 -345 0 -976 162 -700 -705 9 -294 -325 -113 -601 -239 -459 -30 -358 -313 28 -519 -221 -408 -26 -371 -382 -466 -283 -210 -470 -692 -228 -116 -385 -436 -605 -326 -234 -492 -213 -225 -186 -295 -583 -315 -433 -133 -362 -91 -682 -304 -123 -290 -415 -706 75 -505 45 -261 -263 -531 -228 -458 -486 -399 -416 23 -51 -466 172 -625 -485 -299 -66 -649 -239 -405 -300 -677 -224 -580 -298 -102 -421 -351 -361 381 -704 125 -599 -422 -501 -132 -486 -439 -296 -1 -325 -357 -71 -588
-245 87 -685 -243 -807 -107 -593 -16 -721 141 -498 -371 -702 74 -250 -372 -20 -229 -542 -331 -467 -166 -423 -412 -653 -125 -143 -201 -471 14 -529 -279 -330 -319 -505 -256 -458 -361 162 -445 -626 -101 -449 -375 -124 -907 -134 -418 -181 -343 -243 -419 -342 -99 -633 -76 -482 -510 121 -415 -61 -566 -365 -256 -268 -490 -456 -210 -12 -607 -430 -62 -381 -467 -362 -132 -521 -301 -418 -317 -477 -688 -62 -54 -338 -682 214 -658 -291 -148 -504 -247 -343 -192 -960 -92 -476 -314 -200 -460 -224 -229 -497 15 -419 -98 -374 -624 -102 -284 -598 -410 -78 -195 -451 -391 -211 -197 -307 -458
-372 -207 -602 -515 116 -834 -256 -401 -300 -405 91 -372 64 -580 -214 110 -855 -30 -950 381 -523 -316 -400 -323 -354 -421 136 -346 -444 -326 -274 -475 -784 -80 -103 -630 -290 -438 -344 -550 -376 -106 -654 -200 -835 249 -700 -156 -329 -499 111 -575 -325 -299 -297 -150 -384 -357 -317 -343 -467 -134 -227 -577 38 -551 -391 -424 -244 -357 -383 -605 -303 -449 -154 -241 -647 -234 -596 -322 106 -650 -251 -269 -241 -355 -234 -297 -547 -142 -259 -765 23 -520 -203 -544 -93 -507 -361 -280 -207 -217 -420 -147 42 -443 -197 -681 -362 -260 61 -743 -59 -519 86 -502 -336 -553 -326 -290
-311 -389 -167 -507 -384 78 -670 51 -126 -421 -107 -48 -233 -351 -625 -116 -229 -452 -385 -674 224 -491 -332 -346 65 -737 -99 -62 -916 -163 -450 -436 -99 -759 1 -406 -543 -54 -560 -401 -551 147 -426 -387 -395 -236 -390 -329 -437 -262 53 -591 -15 -649 -121 -167 -331 -493 452 -881 -355 -294 -68 -632 -332 -522 -205 -120 -604 -142 -604 -75 -364 -703 129 -423 -468 -260 -62 -465 -286 -309 -151 -510 -511 -41 -350 -223 -254 -297 -376 -736 -80 -588 -66 -446 -33 -385 -433 -197 -152 -239 -331 -115 -295 -132 -148 -458 -161 -682 119 -484 -341 -300 -525 -241 -473 -507 -350 -107
-7 -115 -360 -59 -551 -118 38 -398 -27 -524 -281 -6 -558 -289 -830 -308 -286 -327 158 -764 -301 -164 -476 -547 120 -260 -431 -269 -576 -176 -435 -506 11 -165 -756 -66 -671 -157 -562 -79 -368 -564 -4 -417 -317 -274 -508 -560 159 -315 -216 -413 -108 -355 -371 -219 -38 -815 -230 60 -612 -319 -387 -365 -446 -163 -325 -453 -74 -541 -827 119 -280 -631 -187 -479 -222 -505 -351 -217 -553 -153 -92 -280 -229 -81 -729 4 -443 -497 -145 -515 171 -704 -32 -406 -386 -242 -204 -282 -542 188 -342 -484 -83 -750 25 -17 -274 -695 -167 -504 -499 -184 -527 -433 -128 -385 -89 -299
-494 14 -386 -498 -77 -116 -464 -337 -369 -532 -411 -479 -575 -93 -207 -409 -136 -703 51 -132 -702 163 -655 -131 -327 -476 2 -343 -675 -38 -344 -251 -517 -311 1 -958 245 -709 79 -815 166 -813 -60 -551 -454 -146 -534 37 -240 -310 -438 -151 -595 161 -579 -517 -145 -72 -426 -427 127 -418 -616 -41 -503 -746 -162 -270 -473 -366 -612 -224 -268 -384 -282 -563 -366 -458 -159 -616 -25 -39 -234 -75 -638 162 -497 -136 -355 -582 -75 -333 -323 -27 -712 -210 -509 -596 188 -198 -792 -386 -324 72 -593 -288 -399 -232 -489 -377 -448 -220 -273 -603 -69 -793 -192 -192 -408 -277
-220 -224 -594 -315 -400 -282 -360 -458 -489 -374 -231 -330 -377 -384 172 -606 84 -589 -415 -106 -464 -283 -228 -492 45 -664 -93 -518 -102 -470 -192 -421 89 -825 109 -437 -201 -160 -528 177 -983 203 -664 -50 -431 -146 -249 -223 -299 -303 -686 135 -231 -502 -84 -348 -136 -574 87 -659 -205 -268 -344 -973 -13 -428 -259 -338 -85 -787 140 -462 54 -482 -402 -488 -267 -164 -420 -190 62 -277 -374 -211 -705 -550 -98 -330 -407 -178 -697 -82 -902 -200 -297 -340 -464 -111 -459 -338 -319 -459 -449 -229 -80 -444 -593 19 -562 -194 -435 -45 -457 -370 -390 -631 -449 -162 -256 -106
-128 -266 -200 -524 -164 -445 -351 -233 -483 -258 100 -549 -119 -464 3 -687 -110 -52 -591 -262 -234 -449 -379 211 -651 -145 -438 -88 -932 49 -501 -333 0 -494 -99 -595 -253 226 -751 -288 -277 -509 270 -908 150 -231 -623 -4 -662 -155 -437 -297 106 -206 -604 -425 -203 -447 -361 -255 -448 -292 -339 -548 -247 -370 -138 -467 -141 -407 -115 -357 -489 -336 -332 -552 -499 -346 314 -777 -179 -325 -636 -656 54 -486 -265 -570 -472 -497 -201 -270 -437 -680 -164 -467 -17 -566 -29 -477 -364 -195 23 -501 -404 -146 -299 -294 17 -276 -498 -23 -534 -507 -30 -609 -427 45 -595 239
-435 -321 73 -282 -118 -168 -477 -122 -15 -346 -322 -123 -354 -177 -201 -242 -589 -187 -121 -562 63 -462 -462 -177 -273 -390 -790 -172 -445 -318 -350 -239 -924 45 -469 39 -615 -362 -280 -228 -316 -295 -206 -726 -3 -880 55 -666 320 -527 -306 -451 -118 -565 -209 -516 -226 -487 -71 -425 -502 -328 -488 -289 -561 68 -969 -200 -705 146 -736 -400 -524 -607 -77 -154 -431 -608 -145 -126 -714 -323 -439 -658 -285 -66 -272 -321 -744 -254 -424 -85 -305 -260 -567 -242 -376 -203 -310 -674 287 -807 135 -507 -257 -434 -210 -206 -325 -86 -545 -279 -20 -874 -295 235 -721 -73 -387 -466
-214 -240 -404 188 -309 170 -458 -496 -28 -240 -481 -477 -309 -205 -280 -367 -84 -1013 159 -236 -494 42 -726 -374 -338 -13 -945 43 -734 -253 -424 -271 -721 -197 -482 -134 -18 -656 -184 -356 -197 -413 -563 -325 -159 -294 -227 -419 -409 -121 -324 -633 76 -617 -308 -255 -10 -418 -274 -488 -236 -363 -391 -522 -592 -507 90 -429 -466 -171 -485 -393 -322 -242 -249 -326 -27 -538 -334 -665 -242 -464 10 -279 -315 -419 -172 -546 -23 -495 -259 -201 -671 -380 -74 -510 -474 -557 -98 -619 -96 -550 -395 -188 -229 -336 -489 -186 -271 -187 160 -700 -129 -593 -353 -317 -264 -105 -167 -277
-495 187 -335 -245 -592 15 -7 -781 -288 -739 -196 -15 -555 -518 -46 -780 197 -252 -534 -289 -83 -324 -324 -239 -765 -187 -351 -618 -33 -726 -353 -256 -559 -161 -111 -719 -14 -445 125 -721 -460 -276 -553 172 -444 -424 65 -582 -534 -114 -234 -443 -47 -314 -294 -326 -79 -94 -813 -25 -447 -98 -518 -340 -262 -349 -572 -86 -272 -238 -134 -155 -708 92 -359 -501 -129 -475 -96 -276 -439 -112 -431 -193 218 -1069 105 -579 -89 -349 -111 -813 -56 -844 -237 -279 -194 -611 -307 -316 -629 24 -766 38 -488 -182 -342 -452 174 -511 -97 -457 -383 -818 423 -656 -341 -360 -137 -170
-568 199 -571 132 -779 -461 -286 -433 -150 -499 -350 -144 -353 -47 -504 -141 -516 27 -181 -849 -34 -211 -453 -423 -283 -290 -230 -522 -131 -716 -68 -182 -150 -593 -46 -224 -414 19 -518 -78 -881 -28 -155 -488 0 -880 118 -586 -64 -466 -21 -644 -176 -212 -294 -523 -323 -273 -297 -325 -481 -355 -435 -208 -352 -138 -110 -594 -110 -599 -101 -120 -660 -24 -126 -380 -474 -282 -99 -281 -371 -159 -217 -513 101 -610 -659 107 -657 -227 -302 -354 -306 -4 -355 -454 -345 -104 -651 -443 -158 -316 -88 -126 -756 13 -61 -517 -370 -103 -715 -583 -289 -383 -276 -281 -111 -596 -497 -384
-305 -524 -158 -409 -78 -639 -290 -369 -336 54 -882 -260 -441 -208 -79 -263 -135 -588 126 -227 -394 -102 -402 -610 -195 -98 -58 -320 -167 -300 -218 -321 -175 -125 -478 -60 -308 51 -505 -233 -457 -359 135 -267 -464 52 -454 34 -784 189 -881 17 -838 -209 -406 -134 -613 -544 -338 -198 -393 -409 -404 8 -663 -554 151 -414 -117 -348 -1001 -2 -344 116 -595 -291 -214 -650 82 -619 -188 -117 -518 -116 -187 -379 -549 -204 -291 -324 -344 -142 -217 -1 -545 -132 -629 -158 -369 -384 -36 -87 -574 115 -233 -544 -404 -61 -656 -696 -74 -323 -803 200 -466 -667 -57 -379 -357 -271
-238 -1 -534 -177 -251 -286 -590 -32 -679 -404 -29 -763 63 -84 -124 -499 10 -221 -281 -298 -360 -134 -307 -175 -390 -329 -198 -204 -61 -443 -244 -169 -735 127 -161 -99 -463 -390 -146 -472 -170 -10 -743 210 -383 -380 -178 -297 -341 -352 -538 -458 -398 -125 -533 -215 -323 -702 -194 -664 -370 -298 -407 -608 217 -780 41 -618 -536 -157 -375 -285 -100 -222 -405 -794 -268 -279 -48 -282 -443 -88 -197 -682 -191 -313 -618 23 -733 57 -114 -341 -333 -215 -441 -58 -555 -368 -172 -67 -512 23 -256 -579 -55 -462 -883 -211 -92 -643 -244 -55 -692 -219 -224 -298 -492 -259 -414 164
-55 -113 -380 -599 142 -609 -436 -112 -642 -256 -25 -594 -344 -99 -15 -407 -615 -169 -336 -427 -621 -202 -528 -89 -264 -293 -226 -583 5 -708 -219 -411 -434 -97 -209 -79 -548 -125 -510 -72 -556 130 -505 -640 154 -277 -568 -419 -81 -429 -261 -507 -420 -300 -339 -618 -467 -119 -663 -305 -653 152 -463 -443 -164 -73 -461 -251 -775 -107 -31 -407 -228 -650 -225 -502 26 -497 -440 62 -674 -512 -87 -435 -555 -385 -21 -688 -103 -144 -112 -447 -80 -691 -261 -34 -602 -264 -711 70 12 -778 -41 -659 -541 -282 -107 -753 -219 -133 -475 2 -235 -463 -662 79 -317 -601 -178 -319
-580 -252 -186 -355 -241 -342 -709 -76 -453 -117 -342 -591 -219 -688 -77 -387 -284 -443 -267 -370 -472 -197 -321 -466 -7 -467 -42 -863 -179 -468 -156 -350 -177 -257 -360 111 -290 -416 60 -722 -320 -290 -74 -497 -469 41 -820 243 -972 -40 -387 94 -1058 328 -775 -273 -347 -201 -205 -544 -152 -180 -160 1 -624 -197 -448 -414 -111 -685 -62 -260 -339 -631 -270 -531 42 10 -796 -125 -463 -423 -351 28 -440 -483 -48 -342 -278 69 -789 -224 -274 -442 -230 -433 -507 130 -179 -462 -424 -384 -535 -158 -488 -300 -209 -93 -807 286 -638 -301 -234 -157 -662 -551 -270 -628 -83 -417
-336 -735 -304 -76 -429 -108 -601 -478 -103 -314 -373 -585 -199 -153 -572 -1 -62 -349 -391 -159 -708 32 -227 -219 -380 -377 -659 132 -856 -115 -321 -37 -212 -151 -36 -343 148 -318 -709 137 -798 -348 -315 -82 -629 -31 -298 -295 -171 -600 -243 32 -460 -327 150 -408 -418 297 -768 97 -713 122 -508 -153 -402 -562 -343 -402 -107 -475 -255 -387 -276 -499 -155 -420 -419 -163 -229 -547 -211 -200 -188 -434 133 -300 -370 -62 -585 2 -509 -199 -415 -195 -462 -84 -458 -181 -84 -314 -416 -537 -300 -309 107 -674 -472 36 -704 42 -174 -620 -627 -310 -296 -312 -403 -234 -417 -182
-158 -357 -301 -406 -209 -396 -156 -337 -507 -258 -444 -272 18 -190 -410 -220 -187 -342 -538 -63 -42 -459 -178 -533 -228 -405 -398 -382 38 -503 -15 -78 -387 -70 -79 -535 23 -499 -576 -367 -355 -144 -412 -134 -261 -664 34 -107 -388 -97 -320 -186 -312 -297 -241 25 -677 -412 -309 -286 -387 -509 -259 -429 -674 -209 -223 -289 -437 -286 -104 -464 -297 -538 -196 -215 -299 -687 -240 16 -859 6 -355 -273 -360 -204 -25 -588 -131 -727 77 -446 -398 -242 -840 127 -474 -132 -664 -217 -421 -81 -311 -315 -238 -482 -263 -351 48 -563 45 -707 -19 -870 -67 -604 138 -674 -247 -401
-399 209 -388 -304 -147 -563 -213 241 -895 30 -267 -218 -361 -201 -462 -8 -157 -944 132 -361 -71 -265 -283 -454 -64 -439 78 -203 -441 -297 -97 -48 -645 -23 -544 -172 -448 -272 -773 -161 -320 -304 236 -620 -23 -545 -371 104 -542 -84 -403 -498 170 -883 59 -694 -355 -175 -742 -245 -562 -230 -495 -455 -300 -237 -115 -595 98 -700 34 -825 51 -286 -709 14 -648 -37 -717 -159 -343 -594 -72 -377 -87 -356 -205 -424 -192 -641 -103 -693 -475 -246 -25 -1012 99 -283 -506 -270 -115 -704 38 -691 -209 -370 -346 -3 -444 -132 -858 -163 -487 -32 -440 -475 -106 -322 -880 115
-567 189 -424 -175 -375 -225 -608 304 -503 -412 -74 -577 -75 -504 -329 -266 143 -249 -273 -303 -29 -365 13 -215 -392 -402 -297 -42 -1 -703 -302 -373 -380 -121 -474 -372 -266 -224 -641 79 -416 -170 -415 -394 -563 -104 -328 -508 -27 -508 15 -714 -296 -552 -337 9 -927 -156 -164 -476 -486 -245 -49 -454 -609 28 -179 -403 -84 -394 -215 -655 -356 38 -886 -7 -409 -640 -39 -415 -348 -378 -106 -140 -110 -312 -435 -144 -628 -369 -64 -606 -184 -385 47 -590 -266 -127 -272 -526 -49 -549 -622 -193 -438 -63 -726 -23 -284 -299 -471 -50 -628 -89 -666 -232 -274 -278 -256 -552
-160 -495 133 -387 -467 -40 -845 -166 -380 -276 -246 -637 -363 215 -251 -441 -238 -72 88 -331 -379 -61 -128 -582 -187 -421 -404 -529 -178 -149 -553 -259 -807 61 -262 -421 -356 -9 -375 -153 -655 -239 -485 -633 -113 -634 175 -612 -627 -134 -399 -233 -247 -619 -382 40 -756 -20 -673 101 -417 -265 -96 -400 -261 -405 -104 -404 -349 -543 -137 -336 -496 71 -671 -494 129 -644 -629 77 -395 -374 -343 -372 -123 -463 -300 -556 -219 -602 218 -540 -254 -721 -29 -403 -155 -362 -51 -543 -378 -399 -468 -310 183 -560 -248 -609 -146 -200 -331 -195 -310 -415 -561 -94 -544 -118 -784 -418
-289 -72 -516 -194 -585 -589 93 -680 -128 -661 61 -187 7 -335 158 -495 -199 -82 -537 83 -643 -342 -367 -436 -531 -14 -449 -653 -145 -403 -328 153 -521 -391 -179 -33 -395 -272 -298 -611 -500 -393 -592 -82 -555 64 -749 -97 -105 -850 -361 -267 -206 -403 -544 -133 -199 -382 -146 -403 -84 -364 -95 -741 -197 -24 -646 -176 -570 -145 -347 -139 -598 -97 -201 -901 79 -488 -302 -497 -497 189 -594 -101 -783 -192 -432 -164 -349 -359 -151 -524 -91 -402 -288 -84 -442 -365 -320 -234 -513 -66 -282 -326 -246 -271 -504 76 -513 -332 -6 -834 -509 -195 -363 80 -703 -426 -347 -570
-689 -3 -723 -157 -455 -84 -267 -102 -466 44 -230 -252 -314 -434 -517 -241 -574 -188 -250 -507 -343 -218 -246 -839 -163 -166 -174 -278 -294 -19 -604 -214 -378 8 -690 32 -362 -739 -161 -636 -162 -291 -895 -22 -279 -398 81 -902 100 -362 -365 -489 9 -623 -213 -415 16 -534 -540 -12 -492 -440 -421 16 -444 -247 -157 -611 233 -552 91 -616 -623 -163 -373 -408 -354 -308 -303 -262 -563 -401 -315 -70 -391 -582 -217 -171 -147 -227 -317 -172 -574 -233 27 -740 56 -708 199 -405 -625 141 -278 -682 94 -547 -143 -177 -650 -50 -646 -127 -498 -444 -47 -352 -409 -562 44 -239
-332 -323 -431 -509 -117 -547 38 -271 -548 -109 -258 -391 -687 -166 -794 -49 -305 -451 -77 -653 -438 -169 -282 -252 -381 -468 44 -113 -523 -466 -283 -203 -827 -31 -504 -232 -314 -1066 162 -505 -310 -9 -422 -301 -265 -362 -388 -274 -321 132 -414 -482 -88 -307 -334 -306 -419 -177 -595 -481 134 -860 -247 -19 -384 -88 -326 -321 63 -243 -700 -267 -367 -286 -290 -227 -354 -369 -148 -509 -9 -645 -457 -114 -598 64 -340 -352 -413 -170 -497 -248 -179 -757 50 -613 -60 -366 -576 44 -611 -356 -72 -556 -204 -37 -687 -124 -667 -299 3 -544 86 -498 -242 -221 -509 79 -403 -235
