-251 -247 -411 -261 -258 -416 -216 -257 -547 -41 -410 -378 -176 -325 -562 -264 34 -639 -84 -272 -227 -374 -239 -471 -283 -478 129 -486 -224 -421 -363 -277 -225 -334 -115 -387 -143 -583 -177 -912 16 -174 -407 -141 -738 -138 -653 -643 201 31 -771 -293 -16 -539 -88 -305 -375 -28 -659 -338 -234 -251 -381 -306 48 -567 -146 -314 45 -495 -239 -363 -173 56 -242 -569 -428 -263 81 -621 -99 -471 -138 -123 -376 -139 -582 -196 -116 -455 -327 -465 -642 -359 -436 -90 -499 -217 -128 -500 5 -668 22 -646 45 -311 -130 -675 -308 -325 -447 54 -426 -402 -190 -317 -182 -602 -62 -556
-526 -263 -222 -372 -276 -214 -486 -378 -104 -324 18 -742 -162 -282 40 -489 -42 -443 -91 -627 -230 -400 -366 -457 -655 30 -603 225 -704 34 -791 -10 -39 -347 -443 -58 -750 84 -385 -299 -432 -222 -233 -198 -611 -213 -394 -95 -648 -188 -73 -832 65 -76 -324 -490 -108 -588 119 -538 -446 -419 -178 -285 172 -469 -291 -319 42 -735 -71 -119 -615 -39 -191 -391 -449 -635 -58 -74 -555 -219 -263 -486 -453 -74 -615 -120 -919 -83 -492 -411 -513 -295 -325 -53 -217 -644 15 -648 159 -399 -83 -311 -634 -102 -554 -186 -588 -143 -449 -225 -215 -262 -294 -414 -496 -487 -334 258
20 -798 -125 -608 -441 -474 -92 -403 -200 -567 304 -388 -418 -471 -15 -308 -490 -152 -155 -453 -699 -124 -482 -375 -290 -143 -375 -312 -617 -69 -338 -282 -38 -415 -274 -298 -190 -664 -86 48 -613 -142 -532 -90 -653 -243 -580 310 -589 -159 -54 -325 -483 -48 -301 -360 -389 -280 -380 -582 113 -551 -501 -493 -260 -94 -523 -84 -51 -678 -243 4 -142 -914 -73 -227 -585 -514 -99 -192 -547 -32 -388 -364 -906 -39 -519 -109 -623 -193 -606 -166 -612 68 -428 56 -465 -13 -224 -470 -531 -136 -264 -342 -94 -492 -385 -402 -769 10 -220 -162 -765 14 -405 -520 -242 -206 -282 -186
-316 -469 -594 -350 -308 -527 -318 -152 -486 -223 -368 -220 -195 -696 163 -271 -149 -366 -117 -558 -153 -702 -136 -450 125 -458 172 -499 -304 -242 -79 -26 -676 -312 -150 -477 -78 -205 -935 402 -608 -212 -585 -158 -270 -450 -50 -290 41 -816 86 -90 -774 -103 -457 -509 -577 -79 -500 -750 -201 -69 -358 -154 -166 -326 -178 -626 44 -15 -983 -122 17 -549 -523 -252 -92 -350 -702 172 -585 -374 -135 -426 -527 -351 31 -775 -110 -525 -305 -443 -96 -170 -458 126 -520 -39 -293 -324 -341 -272 -299 41 -656 -465 -317 -136 -442 -518 -124 -282 20 -521 -258 -572 -308 270 -673 -1
-306 -492 -454 -429 -347 -181 -603 -149 -665 -316 -261 -551 190 -242 -548 193 -633 -61 -722 186 -537 -136 -194 -105 -251 -411 -430 -85 -131 -203 -530 -307 -127 -607 -273 -231 -526 -211 -436 -48 -106 -921 -294 -473 -77 -152 -574 1 -438 -578 -435 -398 -215 -743 -122 -310 -739 24 -562 -334 -254 -9 -480 -296 97 -237 -173 -212 -773 217 -293 -519 -148 -354 -181 -743 -164 -115 -225 -592 91 -385 -407 -236 -641 -15 -254 -221 -552 -257 -243 -315 -79 -56 -8 -277 -205 -563 -325 50 -481 101 -642 -256 -76 -548 -232 -139 -140 -278 -203 -141 -292 -564 -91 -387 -480 -1 -620 -92
0 -400 -469 -196 -309 -473 -358 -469 -357 -339 -395 -161 -264 -7 -229 -386 -247 -494 -195 -569 15 -460 5 -333 -393 -465 -404 -135 -202 -328 -380 -352 -709 159 -969 24 -441 40 -561 -580 -361 -47 -611 -266 -362 10 -405 -380 -132 -779 -46 -889 -5 -628 -463 61 -800 -386 -75 -393 -197 -13 -324 -199 -431 125 -321 -10 -551 -111 -198 -182 -513 -308 -203 -206 -230 -256 -81 -223 -489 201 -760 -207 -361 -337 -68 -504 -76 -39 -433 -177 -84 -387 -484 -33 -342 -289 -334 -115 -218 -190 -444 -511 -206 -68 -445 -266 -375 -102 -325 -238 -139 -575 -397 96 -359 -196 -338 -348
-241 -288 -290 -697 114 -447 -556 -371 -514 -78 -547 -171 -186 -529 31 -483 21 -986 304 -298 -362 -235 -832 -152 -296 -225 -294 -268 -116 -680 -335 -324 -515 -333 -377 -337 -310 27 -211 -775 -352 106 -414 144 -627 -431 -235 -401 -426 -375 -356 -334 -847 247 -889 -217 -97 -480 -219 8 -421 -295 -285 76 -595 -225 131 -410 -332 -511 122 -604 -84 -287 -557 6 -218 -430 -514 207 -717 -272 -239 -320 -456 -168 -546 -105 -447 -301 -270 -153 -337 -140 -627 -336 -357 -289 -12 -666 -331 -539 39 -486 -238 -362 -455 -32 -410 -82 -69 -552 -436 58 -509 -16 -653 265 -524 -388
-699 -52 -8 -507 -410 -436 -431 -329 -408 -130 -263 -499 -165 -187 -436 -527 56 -406 -330 -39 -485 -412 -390 -38 -490 105 -414 -288 -440 -325 -519 -626 365 -679 -47 -377 -240 -124 -514 131 -595 -129 -382 -535 -129 -373 -508 -244 -395 -525 -749 58 -276 -668 211 -993 -58 -279 88 -718 -330 -282 -296 -386 -128 -499 -464 -35 -520 -562 -157 -314 -327 -334 -511 -103 -208 -467 -460 -26 -704 -242 -470 -456 -2 -674 -373 -374 -30 -350 -615 27 -725 -447 -58 -660 -197 -236 -216 -572 -40 -400 -249 52 -642 -204 -252 -97 -309 -421 41 -543 -239 -267 100 -662 -323 -320 -181 -550
-232 -248 -234 -17 -648 -208 -694 4 -222 -747 3 -449 -519 309 -427 -549 -128 -255 71 -423 -367 -391 -293 -289 -60 -887 -135 -637 -150 -257 -493 -386 -130 -273 44 -468 -465 -5 -647 90 -519 110 -585 -610 337 -856 -127 -503 -280 -383 -486 -468 -217 -211 -247 -545 -108 -621 -172 -433 -614 -70 -214 -650 68 -347 -620 -156 -504 -113 -509 -450 -220 -270 -180 -662 -110 -586 -1 -415 -607 -419 -331 -670 -184 -78 -194 -587 -463 119 -639 -249 -206 -708 -223 -127 -343 -374 23 -644 84 -330 -207 -261 -466 -517 0 -548 -81 -731 268 -470 -469 -176 -513 -423 -521 -114 -492 162
-316 -155 -711 -374 -198 -311 -621 -152 -261 -506 -238 15 -312 -643 428 -503 -202 -326 -376 -125 -571 -236 -434 -605 -50 -556 -448 -320 -188 -233 -215 -558 -9 -486 -294 -82 -662 35 -148 -466 -422 -27 -298 -557 -129 -106 -462 -576 -95 -451 -338 -16 -777 -232 -165 -510 45 -410 -157 -627 -176 -303 -576 -208 -481 -560 -240 -486 -141 -377 -186 -605 -459 -247 -128 -564 -283 -419 -259 -262 -340 -730 -81 -96 -677 -99 -480 -27 -545 -127 -191 -608 -125 -138 -808 -222 -126 -517 -258 -238 -142 -439 -755 -16 -217 -381 -696 -222 52 -564 -123 -604 -198 -535 -310 -123 -847 67 -823 -33
-158 -229 -247 -550 -322 -287 -37 -460 -245 -375 -667 37 39 -639 -85 -424 -385 -130 -643 -154 -431 -580 37 -581 -251 -128 -408 -402 -37 -795 194 -538 -503 48 -399 -459 -289 -289 -71 -22 -617 -274 -419 207 -444 -449 47 -528 -160 134 -790 -22 -396 -123 -270 -351 -515 -326 -91 -656 -358 -107 -507 -366 -290 -244 -210 -444 -428 -238 -589 -43 -606 -301 -261 -86 -896 423 -777 -198 -491 -250 -222 1 -302 -176 -588 -151 -20 -242 -607 -170 -778 -522 36 -515 -318 -520 -237 -262 -209 -345 -693 -359 116 -253 -370 -537 -85 -317 -12 -532 -214 -501 -300 -423 -519 -272 -457 -468
-652 -192 -299 -202 -280 -513 -223 -306 -280 -241 -509 -365 -503 191 -746 -34 -436 -521 -331 -441 -276 -247 -338 -305 -266 -344 -153 -635 -280 -503 -539 -15 -709 -352 -122 -410 56 -614 -376 -113 -426 -177 -17 -499 57 -471 -296 -18 -574 -76 -160 -800 -123 -540 -113 18 -542 -952 41 -186 -499 -463 213 -493 -40 -258 -43 -322 -463 -123 -485 -382 -108 -353 -151 -111 -496 -570 10 -290 -500 -328 -224 -455 -149 169 -369 -540 -189 -518 -300 -668 -2 -494 -615 19 -57 -616 -179 -622 -411 0 -166 -497 -374 -213 -119 -118 -147 -529 -306 -61 -657 -194 -664 -205 -373 -143 -196 19
-381 -361 1 -617 -91 8 -704 -392 -392 -471 -147 -584 -119 -632 -271 -557 -198 -333 -92 -439 -302 -145 -464 -515 -62 -523 -653 -338 -487 -349 -334 -526 -418 -30 -800 98 -460 -232 -591 -209 -382 -465 128 -273 -627 -252 -334 87 -721 -189 -442 -203 -253 -372 -669 -319 2 -722 -321 174 -409 -226 -387 -307 56 -310 -267 -119 -366 -357 -309 -24 -459 -181 -265 -215 -202 -469 -385 -414 -150 -258 -516 -218 -238 -366 -273 22 -1009 20 -373 -98 -318 -71 -691 -425 -318 -160 -380 -349 -475 -91 -89 -102 -864 133 -964 91 -56 -528 -374 -262 -754 -213 -83 -505 2 -217 -472 -99
-97 -434 -11 -179 -516 -192 -338 -693 132 -961 274 -654 -425 -6 -555 -193 117 -651 -177 -198 -528 32 -474 -427 -276 -244 -732 -181 -102 -662 -296 -191 -500 -222 -179 -856 118 -401 -803 258 -497 -156 -676 -106 -172 -542 -291 -321 -101 -193 -812 -271 -230 -233 -172 -894 5 -587 -228 -266 -125 -619 192 -212 -602 36 -236 -657 -46 -464 -305 125 -73 -385 -383 22 -362 -188 -370 -683 105 -656 80 -603 -82 -460 -345 -117 -493 -191 -114 -178 -382 -418 -446 -70 -579 -388 -53 -136 -258 -541 -339 -37 -600 77 -408 -699 -150 -241 -709 -313 -336 -495 68 -350 -65 -490 -214 -742
-338 -597 10 -649 -335 -190 -321 -659 120 -619 -94 -412 46 -567 163 -735 -75 -364 -371 -212 -806 -200 -9 -435 -525 -45 -313 -412 -430 87 -834 68 -537 -143 -415 -450 -70 -302 -354 -502 -39 -753 201 -818 -162 -310 -169 -326 -186 -502 -58 -797 -237 -379 -251 -126 -186 -544 -357 -8 -465 -63 -772 170 -345 -575 -102 -491 -207 -100 -349 -480 2 -214 -211 -367 -154 -564 242 -682 -399 -211 -659 42 -430 -424 -154 -255 -184 -461 -264 -424 -236 -420 -363 -219 -401 -139 -195 58 -624 -185 -635 99 -401 -314 -246 -511 -579 -47 -421 -457 -429 81 -420 -294 -196 -568 -436 -168
-137 -845 -99 -374 -517 -21 -284 -496 -413 4 -444 -481 -82 -569 -177 -647 -169 -710 -137 -101 -634 -235 -430 114 -394 -559 -68 -430 -255 -376 152 -819 90 -543 -250 -261 -215 -298 6 -787 -52 -542 -233 -68 -315 -317 -681 137 -412 -580 -55 -382 -96 -329 -627 -357 -206 -46 -611 3 -393 -259 -399 -771 288 -835 -198 -314 -187 159 -385 -234 -287 -15 -168 -160 -498 -135 -356 116 -743 -370 -303 -636 137 -365 -478 -407 43 -206 -346 -725 -191 -240 48 -358 -294 -391 -245 -227 -287 -61 -513 -347 -311 -295 -575 -516 -259 -407 -441 210 -709 59 -600 -268 -419 -189 -833 -139
-111 -450 -361 33 -301 -516 -22 -632 -364 -318 -483 -298 -548 -308 -159 -351 -184 -212 -372 -96 -219 -534 -312 -13 -498 -165 -611 8 -304 10 -626 -109 -726 269 -641 -337 -312 -438 12 -414 -117 -487 -465 -59 -443 -47 -271 -429 -101 -508 -499 -194 -242 -555 -32 -364 -528 -2 -216 -236 -639 -391 -141 -601 -104 -283 -215 -39 -320 -304 -65 -450 -268 -128 -342 -243 -11 -508 -288 -447 -429 -458 -196 -257 -835 357 -450 -712 268 -775 -6 -84 -355 -716 -28 -266 -256 -241 -294 -426 -271 -371 3 -890 -322 -84 -243 -396 -225 -216 -613 -122 -494 -48 -595 -475 -91 -271 65 -317
-203 -356 -455 -38 -324 -599 -76 -419 -246 -679 -318 -59 -199 -540 -196 -50 -497 -59 -407 -160 -480 -200 -248 -484 58 -475 -79 -652 78 -559 -445 -224 -292 -621 -86 -649 -27 -487 -441 165 -672 84 -468 -181 -234 -449 -138 175 -674 -365 -471 -411 -221 -412 -314 63 -453 -654 9 -511 -291 -978 203 -276 -746 229 -470 56 -684 -127 -428 -321 -536 106 -381 -561 246 -601 -229 -820 -87 -594 -174 -88 -704 -259 -67 -617 -310 -1 -591 -132 7 -550 -433 -199 -424 -190 -6 -410 -285 -531 14 -291 -279 -563 -116 -296 -640 -70 -843 -25 -683 186 -475 -57 -71 -350 -459 71
-342 -241 -76 -669 -207 -111 -634 -413 -220 -251 -326 -217 50 -538 -599 -50 -319 -484 -158 -179 -337 -599 198 -749 -88 -598 117 -617 -7 -310 -622 -352 -214 -458 -353 -326 -87 -17 -536 -263 -304 23 -315 -356 60 -297 -538 -226 -247 -385 -94 -824 -129 -512 -316 -402 -237 -282 -492 -514 -134 -524 -472 428 -488 -396 -214 -425 -315 -144 -799 155 -170 -637 211 -505 -227 -400 -232 -306 -513 -120 -711 67 -298 -489 -365 -338 93 -813 -200 -339 -429 -407 168 -351 -374 -209 -448 12 -890 77 -354 -340 -290 -276 -740 -226 -660 -85 -341 -504 -295 -79 -218 -377 -210 -138 -622 -450
-176 -496 -287 139 -703 -99 -230 -432 -213 -317 -215 -705 -311 -43 -307 -291 -222 -488 -298 -230 -243 -352 -546 -209 -243 -163 -256 -50 -709 141 -492 -284 -335 -205 -141 -545 -218 -339 120 -662 -221 -366 -120 -592 236 -416 -339 -359 -458 -348 -392 -26 -775 16 -642 -232 -416 -276 -206 -729 -294 -76 -196 -639 -38 -448 -272 -524 -301 72 -576 -469 138 -640 -317 -257 -196 -99 -420 -249 -194 -656 -96 -402 -95 -109 -563 -296 -362 -148 -446 -395 -416 -449 -117 -376 -63 -529 -700 -160 -274 -214 -447 -11 -874 -22 -454 -439 -395 -564 -220 -37 -1003 72 -613 38 -616 -177 -632 -172
-146 -108 -571 -172 -436 -426 -584 -34 -274 -326 -405 -157 -328 -242 -86 -417 19 -522 -400 -36 -600 -265 -85 -525 -199 -85 -325 -266 -764 0 -494 -374 60 -805 54 -319 -226 -702 105 -700 -99 -390 -18 -487 -207 -295 -561 -116 -8 -444 -494 -462 42 -761 410 -858 -232 -702 -118 -450 -623 -170 26 -666 -557 -11 -557 213 -782 -44 -507 -607 -325 -237 -218 -531 -140 -414 34 -532 -407 -11 -274 -234 -518 -124 -297 -501 -597 -13 -236 -494 -259 -601 -344 -337 -465 -373 -245 -356 -359 -132 -424 -517 -196 -453 -137 -404 -315 -868 -168 -370 -144 -414 -104 -676 -51 -578 -123 -604
-287 -268 -120 -451 -278 -395 -246 -426 -225 -98 -131 -94 -290 -295 -354 -318 -237 -165 -445 -340 -716 101 -621 196 -793 69 -880 -59 -713 73 -207 -621 88 -607 -270 -247 -107 -580 -481 -183 -461 4 -99 -535 -128 -408 -349 -360 -107 -525 -56 -482 -247 -486 -368 -135 -565 -290 -410 -241 -5 -706 -16 -602 -71 -477 -243 -404 -200 -427 -469 -269 -193 -378 -147 -236 -381 -481 -363 -122 -354 -256 -279 -465 -35 -869 -37 -367 -468 -203 -359 -592 -110 -189 -571 45 -512 -336 -651 339 -511 -32 -587 -128 -325 -239 -404 -505 -34 -557 -210 -85 -370 -143 -373 -63 -221 -300 -240 -233
-229 -567 -436 -502 -210 -678 10 -483 134 -306 -295 -247 -410 -143 -574 -222 -369 -257 -67 -405 -748 128 -536 32 -602 36 -464 -422 156 -466 -333 192 -816 194 -639 3 -489 -346 -614 136 -185 -158 -362 -522 -246 -328 -402 -659 -70 -661 -281 16 -320 -234 -545 -205 -595 69 -428 -308 -181 -417 -210 -508 -275 71 -784 -99 -600 47 -569 -296 -248 -202 -462 -190 -360 -135 -451 -385 90 -487 -625 -240 54 -678 -352 -233 -165 -302 -146 -307 -586 69 -478 -656 -204 -66 -170 -789 -10 -215 -512 -95 -585 -37 -402 -417 -32 -283 -423 -255 -156 -452 -188 -327 46 -460 -213 -477
-584 -23 -410 -897 20 -371 -172 68 -680 380 -698 -173 -858 -24 -107 -139 -499 -479 -58 -97 -564 -304 207 -808 171 -804 234 -749 -148 136 -712 -245 -335 -230 -482 -172 -443 -305 -128 -127 -260 -281 -462 -443 -404 -399 -61 -651 -341 -57 -433 96 -232 -420 -322 -364 43 -515 -309 205 -553 -405 -220 -125 -690 -5 -457 -204 -482 -100 -362 -262 -500 -58 -325 -450 -315 -179 -170 -576 -370 -570 45 -601 -235 -15 -385 -207 193 -730 -223 -44 -459 -361 -174 -506 -65 -508 69 -226 -828 105 -760 -215 -431 -211 -83 -486 -234 -135 -678 -511 129 -397 -6 -539 -281 -557 167 -800
-846 -326 -67 -196 -445 -119 -434 310 -631 -112 -325 -459 -19 -611 -472 -63 -211 -438 -245 -473 265 -654 -123 -462 -627 -19 -484 -143 -649 -10 -466 -468 -644 246 -430 -543 -287 -419 -152 152 -722 -92 -146 -533 -425 -177 -292 241 -574 123 -239 -618 -321 -436 -19 -530 41 -558 -263 -360 86 -493 -731 169 -443 -319 -317 -471 276 -551 -222 -253 -328 -276 -11 -534 -594 -167 -438 -121 -719 -53 -454 80 -415 -294 -1 -218 -17 -494 -256 -645 80 -298 -311 -4 -335 -219 -573 -223 -564 -486 -394 -514 1 -350 -293 26 -936 2 -490 -322 -411 28 -70 -417 -341 -738 98 -345
-55 -414 -588 137 -102 -617 -150 -118 -440 -476 -280 -785 -63 -213 -279 -191 -321 -83 -198 -536 -167 -54 -500 -427 -314 -435 -175 -575 -542 -284 -130 -253 -674 -120 -503 -498 -71 -214 -354 -57 -336 -208 -258 -386 -171 -53 -374 -274 -212 -300 -189 -407 -860 -74 -528 -162 -455 -38 -742 -241 -415 -271 -567 -439 -207 -53 -578 -295 -140 59 -661 -185 20 -821 -25 -106 -792 -374 -305 -281 -234 -166 -338 -164 -250 -238 -67 -423 90 -894 246 -337 -595 326 -491 -312 -358 -576 -444 -412 -688 -324 -122 -641 -45 -657 -319 -496 6 -586 -455 -243 95 -804 -90 -581 -116 -268 -696 0
-166 -152 -502 -384 -169 -459 -418 -227 -162 -624 -181 -344 -348 -254 -361 97 -259 -5 -534 -39 -345 -485 -159 -512 -283 -516 -97 -222 -458 -393 -550 271 -712 -309 -578 -225 -444 202 -253 -552 -144 -189 -633 -152 -438 -155 -31 -562 -503 -332 -571 -144 -463 -277 -603 -317 -738 42 -69 -759 -570 -147 -334 -403 -682 259 -293 -266 -674 2 -392 -108 -56 -138 -876 31 -291 -520 210 -783 335 -726 -27 -96 -605 -384 238 -482 -212 -396 -494 498 -484 -576 -48 -658 -542 108 -1079 185 -536 -388 -20 -452 -39 -531 -407 -504 -450 161 -490 -522 287 -921 78 -726 -337 -192 -109 -473
-183 -400 -489 -338 -171 -157 -496 -414 -412 -62 -557 -137 -103 -542 -67 11 -662 147 -557 -209 104 -473 -233 -673 153 -843 -284 -207 -221 -92 -663 -298 -183 -575 -40 -514 -225 -192 -125 -19 -762 -133 -374 -547 61 -700 -63 -103 -417 -272 -798 -299 -200 -348 -438 -21 -396 -442 70 -386 -719 -425 -436 -130 -526 -391 -337 -2 -213 -261 -285 -97 -332 136 -708 -502 148 -317 20 -481 -10 -609 -402 -603 122 -456 -475 -176 -390 -408 -300 -173 -147 -720 27 -554 -203 -460 -34 -459 -50 -332 -150 -521 -446 -8 -583 -93 -402 -631 423 -774 183 -718 -259 -319 -298 -89 -262 -448
-621 27 -252 -465 -427 267 -399 -464 -372 -155 -682 -177 -20 -395 -374 134 -466 -666 176 -285 -470 -305 -239 -585 -180 -469 59 -836 -181 -447 -348 -546 -300 -121 -534 -286 -247 33 -445 3 -430 -471 -319 -249 -244 1 -454 92 -638 -115 -355 -564 -111 -221 -296 239 -342 -439 -286 -392 -796 -44 -478 -547 214 -343 -636 -543 175 -226 -453 -231 -249 -700 131 -391 -339 -246 -173 -314 -114 -764 -210 -721 -398 135 -390 -633 -255 -86 -94 -271 -271 -625 -222 -275 -245 -523 9 -39 -562 -529 -120 -257 -631 -96 -579 -152 122 -897 13 -314 -342 -676 -55 -397 -189 -215 -449 -493
-349 -312 270 -617 -223 -555 153 -371 -375 -638 25 -661 154 -241 -476 -430 -275 -385 -480 -28 -604 -310 -521 -260 -431 -368 -33 -699 -243 -354 -517 -277 -264 -336 -289 -125 -406 -10 -412 -267 -711 -122 -444 -220 -290 -209 -494 -21 -383 -583 -141 -339 -519 239 -617 -66 -535 -332 -573 -107 -630 -49 -369 -354 -596 129 -123 -567 -334 -319 40 -914 232 -541 -580 213 -197 -313 -483 -433 -311 -342 -570 -10 -391 -180 -257 -112 -460 -243 -15 -277 -509 -365 -546 -214 -536 -509 -97 -373 -405 -158 -532 -238 -356 -254 -449 -172 -238 -786 -147 -199 -417 -590 -394 7 -638 -55 -526 -519
-213 -100 -207 -476 15 -276 -651 -110 -116 -587 -12 -117 -574 277 -1032 219 -824 140 -657 -324 -191 -456 60 -931 300 -531 -210 -518 -625 166 -231 -321 -199 -448 -542 -30 -258 -590 -152 -267 -558 -579 -462 -130 -232 -539 -532 -74 -436 -566 -199 -147 -301 -524 -305 -241 -607 -226 -709 16 -460 -214 -209 -289 -496 -252 -166 -117 -280 -628 279 -733 -384 199 -338 -473 -154 -116 -204 -935 84 -371 78 -545 -233 116 -517 194 -186 -548 -273 -378 -451 -335 -439 -710 134 -715 -55 -435 -370 -262 -295 -720 -91 -622 -172 -394 -325 -260 -752 -300 -272 -663 204 -570 -329 -212 -77 -234
29 -706 120 -402 -314 -477 142 -765 -25 -105 -265 7 -864 299 -427 -302 -158 -432 -438 -236 -474 73 -344 -232 -571 -73 -351 -473 -220 -383 -82 -583 -430 -162 -242 -650 -56 -313 -568 20 -435 -433 -272 -446 -77 -273 -401 -310 -138 -536 -372 -143 -275 -177 -746 -311 -444 -203 -143 -622 -121 -150 -466 -3 -720 -137 -308 -279 -133 -543 -136 -431 -63 -417 -132 -85 -459 -268 -81 -334 -356 -94 -110 -581 -92 -250 -207 -295 180 -643 -386 -121 -726 -144 -41 -707 -109 -619 -120 -104 -738 -349 29 -857 -185 -288 -462 -252 -640 -7 -332 -597 -50 -490 -481 -43 13 -736 145 -56
-322 -38 -944 147 -342 -301 -635 526 -882 -129 -318 -88 -293 -411 -80 -661 -194 -430 -66 -522 -59 -440 -485 326 -784 -465 -493 280 -853 -83 -440 -283 -750 -242 56 -776 6 -329 -210 -268 -339 -194 -604 -152 -673 57 166 -830 -6 -435 -381 -166 -242 -522 114 -518 -556 -73 -277 -184 -845 -154 -368 -159 -572 -309 -297 -199 -373 2 -589 -179 -427 14 -61 -685 -187 -44 -741 44 -582 -392 -255 -362 -431 39 -724 -99 -406 -60 -637 -310 -1 -769 -311 -307 -84 -563 -710 -173 -7 -635 28 -450 -450 -253 -615 91 -665 -198 -45 -719 -183 4 -410 -458 -41 -419 -517 17
-501 -367 -376 -433 -445 439 -944 -341 -110 -322 -520 160 -525 189 -787 -304 -199 -200 -245 -314 50 -513 -598 -117 -189 -163 -878 -296 -165 -759 -81 -214 -332 -633 -495 -427 -336 -68 -469 -382 -375 -624 13 -279 -202 -657 101 -769 92 -396 29 -451 -7 -520 -236 -176 -397 -487 -604 -279 -164 -639 -336 -283 -12 -476 -178 -67 -272 -72 -664 -131 -235 -578 -373 16 -947 190 -539 -507 -52 -809 -384 -462 91 -424 -424 -156 -435 -391 -346 -351 -397 -205 -226 -679 -64 -90 -539 -404 -126 -179 -809 -121 -248 -126 -276 -562 24 -781 5 -198 -603 -67 -415 -286 -252 -371 -435 -542
-343 -532 5 -133 -545 -282 -100 -548 -186 -31 -561 136 -776 135 -246 -449 -154 -236 -457 -300 -215 -354 -70 -670 -123 -103 -277 -938 -5 -203 -521 -190 -457 -373 -584 -333 -247 -279 -454 -379 -148 -148 -567 -78 -34 -765 -233 -305 -160 -95 -237 33 -736 213 -862 -305 -538 -380 -481 -342 -216 -341 -502 -249 -344 -144 -27 -483 -86 -389 -317 -664 -159 -186 -634 -79 -422 -78 -126 -735 -104 -391 -592 -54 -459 -102 -518 -187 -105 -555 -44 -372 -337 -325 -164 -89 -708 -26 -405 -513 -179 -24 -628 -214 -103 -442 -357 -443 -361 -74 -331 -184 -306 -370 -682 -132 -503 30 -436 -731
-441 -252 -475 50 -167 -430 -465 -211 -177 -310 -530 31 -449 -387 -61 -661 10 -588 -218 -86 -506 107 -492 -94 -567 -94 -476 -42 -658 293 -978 -12 -530 -297 20 -765 5 -470 -14 -237 -502 -101 -55 -624 -504 -276 -392 -231 81 -257 -609 -40 -506 -311 -321 -519 -405 -96 -590 -37 -600 -488 -27 -187 -276 -141 -151 -67 -692 -361 -1 -398 -405 -467 -14 -28 -754 -180 -637 -15 -786 98 -850 -19 -512 -406 -224 -466 -168 -368 -394 99 -814 319 -572 -91 -686 -281 -380 -208 -265 -60 -451 -391 -284 -486 -326 -204 -231 -424 -249 -184 -301 -245 -614 9 -701 -100 -406 -491
-235 144 -381 -430 -345 -470 -60 -513 -79 -521 88 -610 23 -484 -306 -167 -226 -122 -202 -343 -300 -38 -678 73 -702 139 -617 9 -387 -342 -119 -570 -12 -483 -182 -5 -734 -172 -25 -397 -221 -819 -122 -366 53 -823 30 -23 -713 150 -721 133 -781 -194 -499 84 -397 -13 -398 -207 -185 -299 -502 -54 18 -88 -537 27 -509 -453 -246 -519 2 -490 -281 -237 -564 -343 -865 219 -663 -359 -368 -439 -126 -733 222 -467 -148 -194 -690 -7 -318 -490 142 -610 -310 -136 -222 -609 -252 -19 -428 -541 -533 -443 -123 -243 -362 -377 -491 -505 -157 -49 -713 119 -752 -235 -639 -56
-249 -231 -312 -270 -221 -597 -354 87 -514 -196 -276 -58 -946 220 -719 51 -708 -52 -360 -623 -340 -218 -244 -113 -272 -551 35 -407 141 -602 115 -350 -141 -129 -750 71 -249 -544 -140 -116 -327 -657 96 -640 -204 -174 -526 163 -553 -285 -194 -737 205 -527 -186 13 -102 -632 -37 -524 -188 117 -498 -46 -522 -64 -96 -641 -148 -758 243 -694 -193 -19 -631 -338 -34 -596 -156 -506 -102 -547 -284 -298 -65 -528 -371 17 -423 -444 -270 -166 -176 -270 -638 -38 -632 78 -310 -117 -1003 34 -610 -216 -417 -659 -141 -390 -382 -526 276 -752 -452 -463 -189 -390 -316 -444 -351 -620
-512 167 -802 -292 -275 -63 -281 -749 -4 -495 -271 -303 -662 -74 -585 -126 -735 -513 -128 -352 -240 -140 -312 45 -286 -341 -117 -290 -48 -401 -149 -275 -494 -88 -229 -500 -34 -378 -596 60 25 -524 -510 181 -604 24 -630 -85 -803 -16 -225 -603 -165 169 -475 -330 -7 -337 -329 -95 -594 -183 72 -154 -223 -526 -509 31 -521 -136 -335 136 -294 -75 -612 -168 39 -596 -163 -437 -439 -334 43 -466 -334 -317 -180 -281 -321 -187 -201 -254 -115 -149 -503 -145 -86 -329 -445 -56 -592 -23 -839 -64 -137 -264 -399 -65 -227 -484 -259 -243 -463 -768 17 -458 -551 -357 -251 -442
-473 -337 48 -397 -387 -463 -164 -448 -296 10 -566 -178 -555 31 -609 10 -268 -469 -316 -70 70 -423 -339 -379 235 -695 226 -664 -227 -619 -414 -80 -443 -604 -206 -30 -644 90 -383 -309 -231 -340 -54 -904 23 -471 -101 -423 -216 -638 89 -320 -343 -346 -64 -250 -531 92 -334 -506 -23 -70 -521 47 -749 194 -838 66 -536 233 -142 -492 21 -495 -452 -177 -456 -304 -434 -127 -326 -282 -448 -113 -400 10 -339 116 -80 -520 88 -666 -129 -288 -187 -407 365 -766 -250 -495 -425 -17 -534 -202 3 -320 -406 -159 -403 -174 -407 -94 -393 -256 -741 -125 -579 -286 -421 -477
-268 -663 -195 -356 -267 -478 -305 -116 -262 -299 -248 -189 -551 -35 -186 -423 -186 -286 -280 -413 -106 -198 -476 -274 157 -552 -539 -305 -539 8 -978 333 -615 -36 -834 58 -459 -36 -608 -82 -309 -538 -252 -234 -627 209 -653 -78 -264 -604 -421 15 -234 -504 -113 -120 -506 -208 -17 -417 -766 304 -516 -341 -348 -258 -559 300 -445 -451 35 -768 -174 -273 -60 -421 -381 -487 -322 -115 -523 149 -529 -199 223 -514 -98 -513 73 -48 -776 -242 112 -653 -38 -371 -292 -233 -682 -549 -335 -111 -148 -516 -255 -437 -54 -423 -22 -550 -358 1 -251 -554 -173 -329 -392 -400 -114 -313
-661 139 -334 -467 -331 -441 -339 -139 -123 -129 -758 251 -526 -454 -122 -648 -262 -173 -192 -616 -67 -266 -337 -406 -53 -163 -731 -120 -341 111 -667 -452 -120 -498 -141 -431 -102 -363 -233 -420 -352 117 -760 68 -115 -642 245 -775 201 -585 -452 -365 215 -369 -255 -185 -269 -880 67 -7 -639 -520 -196 -864 -2 -283 -546 -166 -20 -521 -168 -689 -505 3 -360 -48 -487 -221 -510 -318 -164 -518 335 -551 105 -395 -498 121 -891 -189 -107 -207 -443 -9 -634 187 -731 -561 -181 -518 -91 -360 -301 -322 -452 -34 -363 -389 243 -412 -405 -420 34 -542 -142 -147 -126 -409 -527 -197
-344 -369 17 -372 -409 -349 -14 -202 -265 -20 -640 -136 -691 -90 -328 -313 -443 -453 -200 -19 -845 112 -277 -321 -289 -270 -345 28 -728 -148 -189 -437 -319 -171 -589 79 -901 -103 -256 -516 -54 -441 -369 -176 97 -602 -226 -311 -512 -117 -353 -326 -291 -270 -552 -297 90 -713 -291 -285 -576 -416 -389 -125 -189 -332 74 -608 -146 -455 -160 -242 -14 -399 -359 -376 91 -900 180 -563 30 -525 87 -550 -237 -147 -799 -51 -366 -548 -185 -112 -252 -237 -273 -441 -283 -388 -335 -110 -500 -95 -551 -232 -351 68 -652 -326 -26 -212 -436 100 -523 -580 91 -502 -446 -53 -361 -561
-416 -310 -224 -401 -349 77 -353 -217 -390 -179 -326 -510 -44 -738 -107 -339 -284 -410 -446 -196 -285 -420 56 -328 -184 -139 -459 -92 -681 -181 -192 -304 -161 -692 -205 -801 87 -536 -27 -932 106 -460 38 -450 -386 -240 -325 -205 -721 0 -489 24 -430 -698 -179 -346 -127 -436 -550 -235 -387 -354 -249 -268 309 -555 97 -718 -245 -190 -353 40 14 -660 -319 -430 -211 -205 -717 -152 37 -640 227 -753 -284 -303 -533 -473 -332 -74 -302 -304 -436 138 -265 -465 -351 -411 135 -479 -453 -347 -612 167 -481 -173 -271 -535 17 -522 -524 -259 -167 -603 -336 12 -121 -583 80 -632
6 -599 -435 -340 -545 290 -249 -625 -251 -515 19 -335 -244 -565 -520 -102 -688 123 -269 -240 -266 -517 175 -332 -583 -249 -183 -645 -39 -429 -48 -218 -671 -343 -308 -662 -289 12 -289 -495 -126 -293 -166 -164 -340 -317 -327 -390 14 -530 -275 -418 5 -518 -347 -153 -274 -226 -573 -215 -330 -17 -170 -135 -495 6 -612 88 -584 -176 -242 -163 -417 -192 -420 -312 -164 -244 -263 -208 -255 -287 -262 -104 -922 -239 -483 -34 -448 -164 -175 -449 -155 -687 120 -371 -338 -347 -289 -379 -517 -182 -281 -531 29 -543 -92 -250 -636 -191 -443 -389 -355 -94 -257 -493 -115 -162 -508 -104
-209 -218 -450 -550 0 -438 34 -174 -362 -343 -394 43 -558 -25 -501 -434 100 -748 158 -550 275 -737 -444 -302 -97 -608 -127 -397 -197 -140 -898 -11 -308 -563 -61 -185 -151 -124 -605 20 -660 250 -807 -102 -232 7 -601 -98 -45 -174 -411 -700 17 -397 -617 36 -650 -325 112 -561 -6 -480 -245 -117 -568 -152 -536 114 -400 -312 -125 -272 -163 -425 -357 180 -491 -217 -258 -404 -77 -646 -496 -364 -112 -551 -117 -220 -50 -693 -253 -375 -504 45 -824 58 -546 -362 16 -637 -383 -113 -85 -396 -352 -279 -461 -274 -322 -509 -340 -485 -213 -120 47 -605 -320 -466 -365 72
-290 -500 274 -567 -381 84 -781 -177 -344 -114 -415 -199 -738 -258 -108 -524 -224 -477 -326 -468 -455 -242 -508 -403 -595 -175 -55 -582 -283 -301 -574 -436 -159 -47 -360 -393 55 -542 60 -355 -560 -167 -251 -343 -70 -297 -276 -249 -299 -323 -266 -629 -624 89 -530 -164 -528 -368 -63 -484 -55 -204 -798 -78 -419 -726 55 -466 25 -484 -44 -659 -1 -95 -189 -647 -101 -377 -481 -392 -630 181 -635 -517 -153 -131 -234 -383 -336 -538 -570 -401 -527 -96 104 -709 -379 -208 -462 -38 -447 -370 -261 -67 -607 -189 -429 -409 -332 -78 -437 -180 -246 -485 152 -352 -130 -499 -461 -202
195 -843 -70 -96 -754 -158 -270 -451 -743 -163 -371 -529 -274 -407 -439 -368 -203 -517 -235 -544 -494 -602 -349 -152 -408 -716 -49 -436 -378 -544 87 -575 -262 -430 24 -318 -163 -661 -298 -126 -457 -101 -40 -627 -226 -70 -452 -210 -31 -667 -43 -642 -222 -317 22 -291 -208 -664 -12 -309 -724 131 -221 -754 -107 -47 -643 -143 -594 -132 -75 -523 -77 -289 -178 -171 -709 -432 -33 -657 -362 -372 108 -387 -433 -298 282 -982 6 -796 -445 -227 78 -591 -183 -1 -580 -543 -87 -631 235 -472 -446 -398 -433 113 -478 -527 338 -731 -158 -42 -272 -251 -409 -358 -236 -249 -454 6
-202 -463 -157 -296 -175 -497 -103 -739 198 -764 -201 -408 -58 -440 -97 -802 73 -545 -658 -114 -475 -223 -464 -302 -164 -276 -437 -243 -489 -199 -699 -82 -416 -416 -156 -109 -427 -135 -534 -172 -487 -170 -550 57 -831 -87 -102 -120 -401 -262 -499 -9 -306 -2 -651 -16 -289 -584 -186 31 -565 -546 33 -233 -734 -73 -591 9 -658 -251 -96 -116 -339 -117 -879 -110 -551 -191 -253 -470 -79 -830 -133 -260 -318 -444 -313 -395 -695 -141 -614 -279 200 -413 -518 -619 -5 -248 -563 -120 -455 -164 -483 -383 -217 -392 307 -785 -323 109 -706 -124 -141 -347 -110 -624 -649 125 -663 76
37 -448 -41 -562 -154 -520 -179 -642 -214 -159 -173 -190 -326 -235 -745 43 -331 -317 -837 -14 -589 -110 -245 -273 -534 -67 -591 -418 -253 -420 -616 -9 -348 -264 -313 -235 -271 -407 110 -759 -177 -224 -942 -181 -165 -426 -158 -150 -137 -499 41 -396 -568 214 -751 -295 -191 -293 -283 -491 0 -615 -260 -361 -144 -239 -638 -160 -85 -339 -554 19 -622 -173 -387 -229 -227 -603 -266 -378 -344 -142 -661 -216 -425 -660 -325 -557 -178 -576 -37 -115 -567 -533 35 -502 -657 160 -217 -277 -671 -67 -494 -123 -355 -349 -164 -77 -756 -179 -112 -759 41 -290 -463 -199 -179 -106 -235 -596
-374 -183 -129 -532 -571 -163 -495 43 -375 -463 -132 -69 -526 -99 -540 -409 -393 -175 -572 218 -657 -7 -498 7 -740 -413 -57 -653 -166 -947 397 -819 169 -287 -523 -38 -247 -197 -426 -456 -630 -357 -438 -214 -328 -64 -185 -370 -539 -98 -326 -266 -242 -658 316 -920 -116 -318 -100 -415 -664 99 -370 4 -550 -419 7 -585 -326 90 -470 -98 -482 -470 -97 -43 -354 -115 -793 141 -892 173 -421 -740 -203 -709 -285 -612 23 -322 -597 -9 -195 -518 -382 -69 -476 -648 150 -298 -314 -598 -280 -392 -217 -623 147 -694 257 -882 204 -512 -583 -183 -232 -390 -235 -83 -1 -758
-122 -801 53 -374 -96 -454 -35 -301 -60 -347 -276 -390 -486 -39 -450 -184 -525 -269 62 -135 -127 -854 48 -542 -215 -722 -111 -326 -397 -307 -251 -135 -401 -209 -342 -96 -296 -765 -397 -410 -350 -247 -705 -203 -203 -304 -158 -459 -176 -470 -251 -619 83 -420 -280 -335 -488 -344 -456 -67 -505 -212 -492 -142 -179 -445 -173 -305 -221 -545 137 -690 133 -708 -163 -135 -539 172 -723 -54 -639 -250 -341 -574 -598 -184 -376 -145 -281 -222 -399 -49 -427 -303 -198 -594 -169 65 -665 32 -742 -396 -83 -574 215 -556 -295 -350 -339 -603 -476 -207 -99 -844 66 -148 -644 -115 -211 -394
184 -174 -322 -578 -124 -603 -287 -122 -288 -338 -330 64 -656 -1 -341 -148 -262 -23 -713 94 -263 -594 -248 -124 -721 -31 -384 -188 -775 128 -321 -636 -89 -181 -265 -253 -402 -707 -23 -592 -344 -315 103 -537 -324 -53 -545 -148 -177 -632 -283 -412 0 -547 -492 -393 -319 -500 -145 -534 -444 100 -469 -579 -156 -146 114 -671 -11 -712 -137 -687 7 -381 -278 -102 -723 40 -247 -595 -299 -396 -591 137 -794 88 -329 -241 -127 -202 -455 -522 -305 -341 -508 -137 -470 348 -671 -195 -311 -517 -7 -475 -186 -384 -458 -259 -149 -659 -281 -198 -56 -288 -834 169 -588 67 -306 -348
-735 58 -440 -586 -219 9 -463 -482 66 -151 -346 -199 -140 -311 -190 -427 -337 51 -317 -843 89 -399 -246 27 -498 -540 -249 -106 -351 -610 101 -439 -389 61 -338 -366 -407 -183 -276 -340 -243 -222 -647 470 -610 -194 -410 -97 -564 -272 -465 -31 -355 -29 -272 -589 -103 -418 -352 -148 -804 54 -214 -310 -286 -274 -444 -298 20 -796 36 -477 -384 -439 -51 -195 -421 -607 -172 -390 -233 -4 -617 -20 -500 -285 -293 -476 -665 -277 -278 -240 -649 -142 -398 -247 -378 -106 -81 -940 -119 -328 -319 -320 -341 -546 -310 -157 -573 136 -592 -212 -259 -107 -660 -203 105 -826 133 -617
-544 -481 -27 -720 -394 216 -152 -357 -162 -130 -167 -362 -359 -355 -230 -563 137 -614 38 -464 -430 -138 -274 -366 -136 -347 -616 3 -708 230 -956 335 -597 -168 -427 -599 -88 -443 -112 -575 -172 -81 -319 -443 119 -625 -266 19 -610 98 -348 -320 148 -774 205 -546 -442 -95 -304 -23 -521 -514 -103 -317 115 -522 -316 -828 204 -563 -234 -278 -402 -321 -425 -97 -305 -435 -196 -183 -196 -269 -257 -485 -441 -523 -88 -388 -339 -432 -365 -209 -291 -406 -267 -274 -392 -330 -194 -291 -471 -183 -478 -406 -131 -348 -324 -165 -505 -453 106 -844 -73 -136 -189 -569 194 -681 -377 -208
-82 -596 -159 -117 -241 -607 -216 -108 -262 -121 -699 129 -471 -47 -815 89 -335 -195 -658 -367 -117 -192 -600 -443 43 -600 -351 25 -850 -195 -12 -717 32 -672 -253 -404 -268 -350 -104 -449 -241 -320 -133 74 -586 -37 -707 39 -678 24 -124 -735 120 -711 89 -608 33 -286 -228 -321 230 -906 -145 -370 -176 -436 -247 -306 -563 -10 -759 -192 -351 -315 -318 -379 -203 -228 -300 -24 -812 244 -791 -396 -98 -735 -108 -407 -103 -438 -290 -427 -162 -382 -529 155 -614 -235 -116 -304 -259 -61 -598 -272 -309 -134 -398 53 -248 -100 -279 -358 -455 -78 -145 -453 -286 -372 -341 -131
-394 -204 -622 -32 -358 -208 -62 -573 -129 -328 -127 -758 93 -354 -3 -612 -213 -343 -420 -405 -614 -12 -507 -359 147 -547 -560 129 -515 -284 -165 -454 37 -429 -339 -17 -400 -150 -288 138 -645 -324 -236 -434 -148 -411 146 -986 67 -856 254 -630 -236 -398 -61 -345 -263 102 -554 -580 45 -91 -396 -167 -733 -60 -428 -245 -35 -515 -546 -524 -169 -716 -170 -484 -307 -344 -375 -100 -756 48 -364 -557 -378 -182 -234 -227 -489 -246 -649 -199 -303 -301 -73 -295 -286 -473 -90 11 -713 -118 -232 -568 -193 81 -510 -257 -262 -251 -68 -299 -637 -179 -705 -246 -330 -513 -317 -222
-365 -415 -341 170 -651 -349 -68 -242 -589 -277 -65 -600 -309 -432 -147 -136 -536 -310 -165 -419 -540 -635 289 -540 -374 -101 -727 -56 55 -584 -115 -771 41 -101 -673 39 -166 -342 -470 -146 -126 35 -647 -187 -192 -553 -73 -345 -571 -550 -409 246 -661 66 -630 332 -672 -276 -234 -441 -468 155 -431 -83 -559 -326 150 -781 63 -551 -281 -687 -184 -193 -468 -43 -683 -240 -2 -269 -297 -465 98 -327 -643 -114 -332 -244 -479 -345 -446 96 -725 -222 -462 26 -261 -421 -61 -351 -535 -349 -358 38 -655 11 -320 -516 -228 -659 -199 -342 -621 -532 -244 -577 138 -755 -28 -784
-297 -358 -397 -193 -332 -521 -644 -207 -160 -88 -755 -26 -372 40 -423 -463 -232 -307 -130 -396 -258 -390 -253 12 -293 -369 -72 -489 -134 -294 -481 -491 -202 -146 -267 -446 258 -581 -6 -309 -407 -118 -117 -523 -358 -553 -430 -124 -68 -661 -249 -80 -215 -68 -979 -218 -258 -293 -382 -75 -164 -765 91 -679 -104 -465 64 -482 -155 -427 -107 -496 -79 -198 -116 -401 -38 -306 -385 53 -207 -618 -332 -75 -503 -472 -340 -751 -56 -219 -605 10 -41 -413 -316 -381 -11 -141 -787 44 -372 -422 -87 -223 -257 -419 -463 35 -773 -193 -543 -477 -53 -434 -307 -376 -297 -70 -293 -244
-354 -844 51 -472 -371 -215 -415 -128 -289 -496 -373 -555 -176 61 -71 -579 -200 -297 -215 -51 -202 -335 -148 -301 -409 24 -364 -163 -551 -648 272 -606 -312 -163 -154 -156 40 -487 -122 -274 -141 -1120 -44 -30 -552 -332 -269 -209 -75 -400 -127 -520 -273 -561 -244 -325 -612 -10 -314 -154 -644 0 -694 -287 -14 -316 -303 -312 -281 -314 138 -482 -119 -261 -156 -589 -412 39 -741 -392 99 -705 -416 -254 -300 -662 -29 -139 -541 -128 -338 -663 65 -488 40 -408 -344 2 -465 -464 11 -107 -323 61 -650 -82 -801 -6 -323 36 -554 -336 -285 -147 -72 -580 -271 -288 -359 -153
-186 -465 -550 -123 -388 19 -678 -128 -369 -371 -587 12 -344 -490 74 -305 -116 -309 -210 -280 -371 -343 8 -442 -406 -298 -321 -418 -71 -844 -221 33 -520 -12 -372 -215 -289 -344 -348 -525 -100 -226 -318 -306 109 -273 -223 -440 93 -748 291 -797 -219 -673 -304 279 -369 -516 -231 -36 -885 -151 -238 -748 -115 -275 -463 -119 -460 -459 159 -358 -495 -340 -372 -270 -749 62 -116 -696 -183 -202 -423 -357 -20 -389 -322 -196 -479 -220 -371 -275 -247 -616 -335 188 -379 -748 349 -613 -100 -331 -278 -250 -238 -385 -279 -21 -590 -104 -176 -389 -281 -354 -382 -390 -348 -395 -442 -514
-244 -390 -462 -128 -329 -348 -257 -483 -593 272 -598 -71 -490 -66 -423 -481 -1 -512 -305 6 -751 -379 -104 -533 294 -751 -68 -721 -250 -44 -599 -63 -313 -133 -252 -249 -379 -538 -157 -496 -148 2 72 -593 -161 -178 -68 -703 88 -548 -240 -361 -514 -97 -326 -325 -143 -314 -604 46 -285 -716 -374 -241 -297 -360 -624 -352 85 -709 50 -577 260 -830 94 -715 117 -540 -157 -150 -760 125 -289 -547 -282 -397 -441 -387 -673 39 -283 -246 -461 -132 -83 -708 -158 -494 -102 -381 -276 -526 -206 4 -785 -257 -314 102 -801 -22 -546 -105 -752 -139 -503 -217 -417 -104 10 -689
-309 -246 -261 -500 6 -497 -814 210 -538 -254 -351 -477 -658 -14 -526 -420 -120 -680 61 -482 -7 -439 -230 -429 -344 -32 -480 -182 -303 -274 -187 -156 -595 93 -463 -247 -444 -321 -560 -91 -195 -334 -135 -185 -240 -525 -6 -536 10 -655 -247 -261 -271 -365 -112 -492 18 -434 83 -770 -95 -179 -384 -446 -393 -62 -437 -588 168 -415 -193 -415 -126 -565 81 -462 -468 74 -528 -577 -304 -590 -254 -636 -465 -196 -425 -450 60 -562 -321 -399 -316 -327 -182 -305 -522 -479 -119 -645 65 -667 -429 -320 -14 -718 -398 -14 -381 -225 -483 46 -476 -219 -459 61 -348 -358 -340 -194
-595 103 -522 -291 -625 -302 -210 -697 -110 -571 -149 -592 -543 -182 -223 -187 -188 -239 -534 36 -692 78 -347 -222 -237 -147 -414 -166 -283 -11 -454 -318 -492 -151 -250 -646 -626 -213 -647 334 -461 -224 -362 10 -211 -526 -316 -595 29 -527 -175 -298 -157 37 -447 -243 -360 -215 -207 -205 -392 -219 -274 -306 -504 -387 -224 -567 -31 -276 -532 -385 0 -426 -618 65 -829 -155 -278 -578 -391 -897 222 -439 -561 -324 43 -665 105 -359 -688 -69 -455 -215 -373 -356 -294 -240 -1052 -50 -322 1 -617 -544 -22 -36 -258 -369 -362 24 -733 -473 126 -508 -207 -298 -340 -451 -959 -151
-559 -332 -58 -680 -210 -590 -169 -364 -303 -609 -159 -45 -567 -164 -342 31 -393 -228 -527 -371 -157 -73 -494 -94 -369 -324 -103 -545 -51 -285 -445 -206 -440 -625 -336 -194 -646 -274 -443 -155 148 -502 -510 -495 -271 -252 -430 -658 -68 -64 -240 -341 -210 -555 -196 291 -585 -233 -165 -402 -364 -302 -344 -426 -38 -202 -813 39 -665 -11 -354 -532 -401 -58 -365 -671 -210 -471 -323 -329 -346 -228 -514 9 -329 23 -549 -298 -379 7 -365 20 -717 -10 -369 -211 -446 -348 -420 -270 -535 -16 -279 -376 -479 57 -205 -315 -707 -420 -17 -749 57 -756 -157 -569 -344 -501 -339 -418
-387 -651 -209 60 -937 -212 -48 -718 91 -521 -144 -552 11 -301 -387 -751 -191 93 -513 -226 -170 -518 -75 -748 -59 -470 -303 -261 -154 -675 60 -521 -246 -384 -723 -53 -364 -285 -455 -221 -514 -339 -68 -929 -387 -320 -203 -395 -386 22 -560 8 -803 4 -496 -363 -294 -273 -453 -239 -534 -266 27 -346 -504 72 -649 76 -682 -123 -347 -165 -512 -210 -123 -280 -319 -519 88 -471 -238 -16 -621 -269 -657 -279 36 -238 -329 -374 -301 -284 -194 -271 -143 -786 -330 -254 -358 118 -288 -773 298 -493 -160 -533 -249 -312 -311 -452 -197 -809 -27 -449 76 -845 140 -772 148 -653
-13 -871 -158 -173 -150 -785 -93 119 -720 -96 -219 -449 -466 20 -496 -376 -612 -277 -261 -71 -449 -277 -526 -395 -95 -314 -75 -468 -414 -336 -137 -336 -79 -563 -216 -724 111 -295 -416 -122 -360 -871 -166 -159 -314 -572 -13 -530 -294 -419 -583 -223 -177 -421 -217 -199 -894 -354 -15 -688 210 -356 -277 -70 -892 -132 -192 -141 150 -616 7 -391 -171 -306 -188 -624 169 -512 -361 -377 -344 -574 -447 -182 -197 -663 -411 -50 -381 -570 -96 -472 -285 -257 -580 -125 -328 -472 188 -462 -43 -467 -435 145 -607 145 -869 -180 -351 -442 -211 -200 -319 -406 20 -592 134 -766 86 -334
-201 -437 -492 -310 76 -274 -265 -360 -108 -435 -461 -172 -732 -216 -122 -697 125 -515 -246 -173 -563 -59 -639 -188 -473 -251 -499 -84 -251 -382 -62 -608 -362 -151 -496 -81 -585 -76 -155 -787 -326 -4 -871 101 -477 -11 -719 -223 -235 -698 186 -592 -366 218 -984 -86 -216 -501 192 -614 -209 -316 -347 -546 -179 -368 -52 -270 -193 -623 -133 -206 -517 -260 -123 -606 -430 -103 -379 -582 -571 -75 -575 -467 -139 -231 -525 -37 -676 -26 -665 -91 -144 -299 -602 -631 396 -348 -711 215 -501 -34 -563 -319 -70 -434 -124 -635 162 -497 -700 3 183 -395 -228 -632 -148 -109 -903 297
113 -447 -161 -371 -672 257 -627 -33 -260 -651 17 -526 21 -668 -56 -353 -266 126 -526 -127 -624 -29 -555 -216 -232 -200 -701 -200 -461 -102 -484 -673 -358 -410 -93 -598 126 -816 155 -425 -586 -234 57 -191 -567 -305 -168 -816 77 -770 55 -63 -603 6 -612 -144 -232 -268 -139 -176 -907 77 -635 -236 -463 -231 -5 -570 -16 -521 -337 -27 -639 -300 -439 -378 -262 -769 -87 -87 -696 -320 169 -693 -119 -147 -80 -444 -202 -352 -173 -356 -559 -164 157 -608 -593 317 -578 -569 -57 51 -425 -149 -601 -117 -205 -341 -537 176 -362 -535 -454 -210 -189 -306 -643 -378 -500 -117
-262 -60 -607 157 -411 -590 40 -710 -108 -268 -319 -215 -366 -36 -596 -127 -633 -192 59 -588 -187 -366 -138 -710 -393 -115 -322 -90 -854 -310 -370 -535 -136 -673 101 -482 -241 -98 -484 -115 -269 -275 -194 -208 -385 -488 -358 -275 -313 -212 -239 -180 -373 -322 147 -299 -205 -484 -367 -167 -791 -232 -233 -256 -293 -276 -337 -313 119 -406 -111 -671 -619 -65 -276 -591 -440 -354 -238 -176 22 -926 143 -256 -161 -475 -293 -12 -746 -22 -570 1 -342 -680 53 -321 -286 -707 -6 -298 -500 -255 -190 -343 -252 -516 -295 -183 -372 -761 102 -364 -174 -474 -419 -197 -478 -170 -458 -388
-347 -137 -289 -580 -57 -191 -399 -156 -712 -192 -310 -183 -915 -260 -243 -430 -330 -349 -12 -262 -763 -382 -124 -170 -429 -454 -333 -267 -368 -684 -418 -171 -305 227 -766 -17 -667 42 -563 106 -483 -101 -261 -127 -257 -380 -182 -509 -379 23 -384 70 -132 -548 -166 -134 -593 -553 -21 -390 24 -572 -232 -459 -121 -250 -130 -229 -333 -143 -753 -169 -809 -150 -162 -288 -436 -188 -534 -198 -252 -377 -539 -174 -231 -190 -775 -391 197 -662 -118 -505 -145 -158 -612 -490 125 -419 -614 -241 153 -486 -465 -204 -226 -486 66 -703 -125 -569 -232 -147 16 -130 -526 -429 -212 -140 -109 -445
-48 -487 -136 -295 -753 -5 -753 -301 -248 -304 -590 -380 -213 -361 -113 -363 -113 -346 -465 -104 -647 -487 -259 -193 -283 -21 -628 -587 9 -821 -77 -20 -556 -182 -513 -244 -451 -298 -196 -266 148 -450 -197 -443 -124 -256 -760 275 -506 -151 -218 -530 311 -468 -607 -232 -500 -204 -457 6 -181 -555 -325 -201 -196 95 -581 179 -712 -75 -628 -166 -581 -354 -490 -311 -524 -13 -45 -1020 -56 -245 -53 -666 -246 -301 -359 -451 -381 -92 -392 -169 -611 216 -599 -400 -91 -271 45 -621 -516 -185 -67 -594 -125 -238 -339 -117 -515 -336 -179 -213 -168 -283 -285 -218 -325 -495 -551 0
-484 -154 -742 188 -558 -101 -854 -116 -572 187 -499 -297 -389 151 -343 -397 -511 2 -826 19 -358 -385 -210 -210 -433 -254 -102 -815 -99 -182 -554 -204 -405 -281 -655 46 -512 -39 -408 -393 -264 218 -869 68 -801 -112 -582 -172 -338 -17 -420 -553 14 -665 -405 -392 -378 -251 -574 -29 -477 -160 -495 -31 -327 -147 -186 -727 -37 -538 -458 -331 -426 -425 -288 -355 22 -864 35 -139 -723 52 -325 -436 -483 -334 -1 -898 -29 -538 -227 153 -583 -10 -24 -157 -498 -670 -149 -208 -458 -311 -170 -29 -389 -423 -105 -600 -38 -350 -210 -400 -362 -675 -83 -22 -469 -564 -186 -191
-172 -737 -124 -375 -186 -129 -367 -139 -446 -496 -86 -236 -500 -420 -325 -194 -583 -318 -28 -404 -147 -143 14 -541 105 -917 -81 -275 -792 -211 -182 -519 -551 -56 -435 -247 -416 -132 -568 -1 -592 -361 -372 -460 -584 -55 -512 -500 -204 -90 -352 -436 -260 -398 -703 -51 -493 -438 -257 -137 -234 -390 -83 -271 -243 -529 -538 -190 -443 -397 -312 -155 -698 -83 -467 -165 -70 -339 -640 36 -457 -75 -748 -75 -768 -111 -199 -319 -518 16 -333 -38 -332 -312 -130 -439 -23 -892 -168 -270 -158 -95 -354 -216 -562 -160 -510 -378 -64 -665 -72 -556 -189 -152 -763 -14 -636 -58 -520 -96
160 -492 -159 -19 -407 -441 -449 -261 -174 -186 -578 -533 187 -939 37 -288 203 -653 -60 -173 -11 -572 -144 -310 -317 -546 -421 -506 -441 -744 93 -409 -185 -558 -148 -85 -600 -222 -108 -722 -130 -428 -535 -32 -710 -228 16 -382 -338 -312 -253 -272 -502 -400 -293 -301 -344 -182 -71 -481 -402 -339 -432 -163 -400 -149 -347 -405 -44 -718 171 -511 66 -903 415 -812 -161 -652 63 -214 -446 -357 -162 -287 -80 -624 -69 -748 174 -386 -225 -210 -541 -285 -177 -688 4 -305 -564 -130 -484 51 -379 -572 -89 -536 -57 -542 -24 -831 287 -753 -318 -57 -660 -301 -276 -529 -456 -442
-227 -122 -433 -193 -330 -447 -396 -449 -467 -85 -110 -605 83 -106 -179 -389 113 -518 -102 -399 -291 -136 -745 -148 -419 -359 -515 -385 -227 -522 -284 163 -420 -156 -581 -33 -9 -826 122 -432 -245 -215 -557 151 -31 -503 -255 -150 -195 -646 -178 -83 -530 -419 4 -828 58 -500 15 -432 -354 -68 -233 -396 -270 -260 -148 -178 -96 -541 -612 54 -135 -533 -224 -557 -277 -353 -233 -164 -284 -755 -170 -94 -643 -240 -179 -526 -246 -544 -100 -458 74 -521 -43 -652 -136 -512 60 -735 -561 68 -958 316 -525 -500 6 -364 -272 -298 -475 -110 -635 -445 -116 -433 -392 -82 -622 -486
-619 -202 -558 -388 -209 -565 -29 -309 -319 -259 -250 -73 -158 -218 150 -775 -14 -588 218 -665 -75 -462 -224 -232 -596 -118 -398 -396 109 -402 -413 -422 66 -214 -615 -126 -545 -57 -918 496 -745 329 -519 -535 51 -454 -247 -560 -170 -244 -158 -696 212 -856 -54 -311 -154 -450 -178 -157 -161 -387 208 -595 -70 -661 82 -268 -564 -147 -506 -245 -439 -300 -550 -498 -252 -433 6 -551 -559 -364 -396 -67 -742 -320 -326 -31 -86 -551 -95 -687 29 -303 -176 -489 -483 -331 -610 -183 -685 134 -860 -301 51 -453 -234 -106 -546 0 -663 -357 -45 -304 -760 242 -430 -449 -74 -540
-149 -453 -449 -555 124 -418 -363 -94 -238 -271 -159 -427 -223 -115 -535 43 -512 -61 -730 246 -855 -38 -609 -218 -120 -564 -323 -296 -83 -522 -254 -640 -150 -403 -102 -657 -350 -247 -337 -272 -392 -375 76 -775 -191 -443 -204 -203 -557 44 -451 -479 -183 -701 -84 -428 -69 -104 -442 -346 264 -737 -442 -55 -284 -469 -392 -621 -224 -435 -340 -21 -482 -711 -9 -734 112 -668 -127 -370 -332 -422 -345 -272 -154 -157 -274 -499 247 -482 76 -374 -238 -664 -171 -484 50 -776 -282 -556 -426 -129 -279 -79 -401 -203 -110 -433 0 -491 -162 -372 -214 -200 -460 -569 -150 -270 -663 -99
-482 -211 -288 -390 -300 -230 -501 -383 -229 -354 -19 -446 -321 -221 -3 -263 -309 -107 -1019 -127 -269 -226 -755 -195 -223 -251 -265 -652 -245 -175 -638 35 -395 -175 -480 -339 -129 -289 -653 252 -710 -253 -25 -480 -32 -314 27 -493 -310 -254 -278 -531 -415 -169 -640 226 -941 -52 -177 -808 -129 -269 -561 -565 -369 -91 -260 -678 -356 -56 -452 -266 -100 -912 266 -543 -85 -198 -364 -509 -193 -479 -3 -495 -238 -239 91 -58 -485 -21 -878 311 -408 -295 -329 -585 -196 -354 -552 -164 -589 -352 -62 -171 -117 -380 -280 22 -473 -186 -421 -360 -234 -556 -139 -227 -692 -127 -520 -377
-448 -468 -355 -199 -428 -98 -550 -246 -61 -607 -173 18 -266 -272 -582 -154 -360 -339 -253 -581 -305 -204 -97 -554 -208 -411 -201 -331 -413 37 -511 -223 1 -366 -305 -658 102 -282 -297 -189 -497 -295 -141 -351 -63 -481 -240 10 -559 -133 -288 -273 -656 31 -657 -65 -116 -744 121 -675 -341 -213 -682 146 -440 -417 -306 -95 -404 -186 -252 -443 29 -416 -339 -117 -356 -127 -596 -575 -62 -464 -301 -374 -160 -453 -465 90 -402 -172 -568 -186 -388 -738 -23 -501 -324 -670 -396 -112 -411 -209 -275 -367 -462 11 -359 -165 -191 -478 -169 -833 -80 -500 72 -883 32 -637 -27 -62
-576 62 -560 -228 -598 78 -627 -25 -289 -372 -711 109 -318 -295 -264 -789 -56 -501 -128 -70 -209 -848 -5 -226 -569 -320 -4 -824 86 -259 -253 -472 -277 -573 -33 -372 -365 -586 -43 -328 -321 -493 -66 -148 -399 -127 -153 -209 -446 -255 -269 -114 -591 113 -357 -186 -116 -255 -683 -136 -748 82 -603 33 -534 -381 -330 -569 164 -129 -439 -172 -108 -121 -230 -629 -359 -61 -554 -123 -830 93 -418 -260 -736 246 -577 -281 -369 -507 -85 -668 -102 -484 -58 -787 -217 -302 -549 -179 -193 -497 -216 -190 -440 62 -558 -87 -641 -312 -89 -234 -803 -216 -497 -181 -223 -118 -691 28
-183 -445 -510 -24 -944 79 -267 -422 -65 -669 -292 -249 -58 -885 182 -662 141 -496 -289 -284 -28 -358 -727 24 -663 -443 196 -319 -295 -620 -133 -653 -113 -472 -353 290 -862 71 -718 108 -277 -234 -394 -18 -569 -306 -416 -174 -79 -508 -260 -136 -336 -232 -201 -171 -372 -269 -306 -727 -249 -334 -214 -442 -282 -246 -279 -196 -428 247 -437 -344 -1 -693 -151 -327 -353 -322 -80 -67 -515 -448 -134 -196 -791 -71 -288 -165 -308 -307 -451 -186 -669 -21 -244 -229 -600 -334 170 -618 -639 -33 -716 199 -503 -117 -265 -168 -503 -762 106 -507 -343 -701 9 -389 -237 164 -239 -425
-578 -375 -795 118 -443 -548 152 -651 -282 -67 -467 -295 -399 -217 -708 8 -310 -101 -254 -578 -442 77 -1011 -74 -399 25 -473 -29 -421 -496 -373 -257 -363 -165 -326 -281 -387 119 -499 -608 41 -206 -487 -841 211 -665 -573 -524 142 -300 -491 222 -668 -126 -401 161 -827 -342 -395 -349 -350 -476 167 -536 -404 -173 -459 35 -347 -286 -282 -433 -225 -337 -492 -115 -301 -160 -170 -170 -387 -534 -25 -462 -40 -832 -288 -11 -437 -232 -649 300 -622 -585 -146 -390 -109 -503 -66 -275 -715 -100 -24 -619 6 -304 -302 -307 -300 -603 -414 -417 -347 -496 50 -139 -343 -505 -310 201
-680 71 -669 -201 142 -483 -533 -101 -506 -331 -334 -514 -336 -161 -621 129 -538 -436 -453 -147 -657 -536 64 -662 -250 -268 513 -1218 61 -648 -274 -270 -342 -62 -474 -393 -288 -242 -194 -373 -509 -211 -337 -690 -263 30 -439 -85 -471 -85 -687 -135 -319 -483 -226 -240 -237 -377 -743 140 -439 -220 -274 -162 26 -459 -518 -332 -31 -591 -353 -412 -194 -478 -268 -37 -251 -262 -275 -700 14 -523 -244 -302 -400 -144 -714 -53 -217 -237 -764 -323 -112 -512 -173 -247 26 -429 -420 -319 -402 -121 -189 -263 -424 168 -766 -231 -579 -235 -706 -181 -61 -517 -312 73 -578 -262 -628 -316
-452 -94 -348 -285 -82 9 -506 -185 -193 -455 -309 -175 -530 -36 -320 -271 -466 -289 -904 -17 -524 -452 -387 349 -567 -519 -16 -45 -895 72 -461 81 -587 -333 -21 -319 -148 -732 -1 -291 -422 -220 -767 415 -1122 184 -141 -542 -357 -281 -190 -689 28 16 -412 -131 -794 -39 -220 -199 19 -128 -380 -384 -348 -130 -399 -281 -579 -42 -371 -195 -262 -304 -429 -169 -90 -204 -204 -457 -224 -387 -384 -134 -981 366 -351 -370 -556 -353 125 -724 -370 126 -292 -52 -136 -315 -580 -137 -315 -401 63 -428 -198 -715 -114 -612 -119 -209 -427 -515 109 -416 -395 -298 -411 -500 -23 -278
-360 -269 -333 -47 -509 120 -581 -128 -502 -398 -349 -234 -471 -282 -107 -403 -658 -10 -496 -295 -230 -457 -437 -217 -24 -331 -526 -243 -249 -411 -371 -82 -164 -167 -644 7 -259 -513 -274 -193 -433 -357 -440 32 -209 -694 -8 -595 -109 -379 -514 2 -322 -78 -472 -268 -103 -584 -132 -54 -439 130 -252 -284 -419 -357 -324 -63 -238 -202 -205 -431 -214 57 -193 -344 -581 -21 -483 -82 57 -487 -708 -42 -569 -516 197 -376 -714 -521 93 -101 -362 -100 -307 -337 -148 -589 -123 -168 -143 -404 -241 -263 -20 -651 -355 -225 -482 -98 -469 -351 -526 -117 -340 -385 -610 -183 -452 -357
-233 -323 -207 -71 -506 -216 -651 -59 -744 251 -934 155 -293 -631 -1 -259 -334 -372 -176 -472 -502 35 -431 -312 -459 2 -688 -113 -311 -158 -154 -449 -484 -205 -274 -948 -5 -321 -341 -508 -445 -257 -356 -404 -395 -491 -36 -781 -99 -56 -453 -321 -292 -497 -443 -342 -109 -147 -170 -491 -266 -264 -261 -635 -122 -152 -132 -347 -511 179 -707 127 -583 -362 -25 -191 -374 -207 -207 -554 -302 -242 -695 -108 -412 -435 -194 -218 -538 9 -469 -195 -625 326 -683 -184 -255 -142 -329 156 -402 -427 142 -609 -347 -225 -224 -591 -140 -368 -256 -252 -501 -469 -544 -350 -536 -388 -502 -153
-137 -520 -13 -487 -432 -400 -463 -90 -463 -22 -110 -604 297 -695 -340 -104 -203 -600 -296 -216 -641 -351 -167 -468 33 -556 127 -894 93 -223 -606 -127 -506 -758 90 -377 -138 -332 -417 -634 -139 -716 -84 -372 -660 -680 -49 -90 -683 -450 -218 -266 -200 -514 -17 -258 -615 -288 -180 -231 -563 -352 -296 -445 -223 -221 -197 -253 -585 -129 -560 -127 -69 -803 67 -509 22 -246 -396 -242 -940 99 -750 -49 -375 -131 -352 -472 -381 -289 39 -476 -422 -188 -116 -516 45 -6 -545 51 -179 -672 -299 -206 -678 41 -509 -90 -52 -605 -251 -210 -311 -380 -644 -315 -577 -478 91 -251
-260 -363 -482 -521 -513 -209 -541 -266 157 -846 156 -445 -337 -207 -340 -313 41 -505 -379 -370 -249 -126 -387 -255 -495 -215 78 -582 -423 45 -718 148 -532 -288 -266 -124 -165 -320 -920 84 -803 42 -757 -428 -141 -396 -385 -336 236 -647 -481 -107 -143 -325 -327 -310 105 -637 -557 -115 -76 -426 -173 -391 -234 -495 -147 -721 -167 -154 -427 -322 -266 -47 -376 -295 -263 -605 -114 -249 -604 -290 -219 -146 -428 -453 -102 -671 -79 -431 -40 -140 -595 -97 -548 -256 -85 -287 -380 -408 -301 -241 -554 -249 -442 -44 -474 -319 53 -537 -131 -406 -396 -43 -794 -65 -464 97 -711 -75
-359 -708 -437 -383 -550 -223 -156 -885 -40 -447 -444 -232 -668 359 -443 -435 240 -801 -182 -422 -547 -127 -424 0 -430 -631 -69 -546 121 -462 -158 -556 108 -583 -306 -444 -350 -524 -239 -507 -105 -644 188 -675 -577 258 -544 -542 104 -79 -469 -211 -329 -247 -115 -455 -224 -180 -346 -408 -363 43 -428 19 -756 -235 -113 -506 -273 -558 -95 60 -567 -181 -38 -1031 122 -622 -123 -92 -138 -795 -206 -448 -38 -710 -371 -81 -99 -588 -171 -336 -421 -233 -338 -415 -125 -479 58 -608 -515 -447 -285 -56 -573 -321 -195 -339 -443 -25 -137 -503 -306 -138 -351 -329 -49 77 -377 -509
-612 -502 -240 -542 -271 -348 -144 -648 0 -710 -100 -424 -115 -373 24 -732 -341 -358 -281 -756 148 -678 182 -762 -12 -473 -229 -307 -315 -334 -36 -784 -537 -202 -413 -305 4 -489 -155 178 -825 -495 -303 -62 -770 -77 -17 -197 -612 77 -629 -122 -335 -579 -57 -412 -606 -297 120 -686 -452 55 -524 -48 -379 -397 -33 -534 -100 -445 -250 -192 40 -1025 -72 -363 -166 -14 -515 -229 -283 33 -896 -139 -720 117 -543 -442 103 -100 -535 -371 -354 -243 0 -556 -483 -222 -194 -588 43 -569 -228 -104 -161 -666 -9 -231 -391 -211 -36 -358 -381 -542 -31 88 -733 -63 -144 -549
-538 -228 -55 -436 20 -611 -142 -626 -174 -98 -622 -192 -358 -591 -316 -180 -334 -588 -42 -238 -335 -354 -267 -90 -684 2 -551 -348 -279 -429 -220 -129 -742 -222 71 -204 -211 -329 -453 -374 -177 -138 -668 -14 -325 -152 -196 -355 -239 -554 -389 -743 -109 -170 -625 -510 -376 -361 -263 -370 -191 -240 -225 -129 -606 -380 -349 -374 96 -680 -39 -409 -420 -151 -486 -271 -95 -108 -257 -725 -375 -339 -248 -207 -523 -497 52 -201 -438 -359 23 -222 -754 128 -527 100 -751 -311 -162 -262 -117 -192 -170 -277 -461 -58 -417 -249 -549 -462 -427 -76 -175 -454 -493 74 -351 -302 -668 232
-94 -270 -255 -710 -126 -175 -591 -10 -678 -257 -202 -689 50 -707 -298 -381 -13 -542 -219 -484 -146 5 -736 -297 -500 -213 -174 -658 -239 -56 -545 -280 303 -529 -498 91 -659 117 -581 -114 -301 -287 -88 -155 -417 -156 -412 -621 -211 -375 -544 -156 -1034 22 -217 -544 -280 -664 -292 -191 -639 125 -364 -575 -111 -397 -256 -696 24 -352 -108 -644 -119 -600 372 -630 -349 -186 -240 -335 -335 -260 -382 -435 48 -841 30 -272 211 -685 -696 469 -554 -371 -326 -665 86 -673 -26 -202 -442 0 -620 167 -696 -586 36 -434 -109 -483 -331 -625 76 -331 -599 95 -673 -15 -683 -183
-493 -290 -85 -506 -440 -183 -330 -375 -181 -952 -120 -399 -76 -362 -177 -696 -338 -575 100 -132 -413 -375 -176 -311 -416 -525 -18 -442 -301 7 -721 -346 140 -343 -405 -618 213 -552 61 -365 -244 -325 -489 101 -460 -374 -375 -383 -223 -725 -60 -271 -325 -632 118 -633 -231 -274 -908 359 -446 -583 -323 -3 -935 66 -493 -8 -527 -84 -302 -304 -359 -271 -214 -14 -169 -664 4 -527 -117 -439 -191 -774 154 -553 -98 -533 -382 -69 -706 -278 -109 -525 63 -562 -342 -438 -104 -316 -385 119 -819 62 -415 -408 -616 221 -579 -140 -424 -552 -449 23 -885 -156 -440 -148 -491 -312
-635 -321 -255 70 -439 110 -463 -445 -247 -400 -179 -445 -294 -259 -246 -419 -531 67 -271 -326 -380 -196 -911 -34 -454 -318 -217 -332 -495 -212 -406 -314 -170 -195 -562 -367 193 -714 -126 -356 -437 -5 -693 -238 23 -596 -150 -590 93 -642 -68 -535 50 -328 -599 -159 -786 -58 -555 -384 -75 72 -885 0 -746 -196 -532 -103 244 -832 107 -332 -105 -2 -380 -525 322 -560 -543 -349 76 -641 -271 -829 157 -689 -65 -581 -198 -350 153 -589 -439 -243 -384 -184 6 -695 12 -679 -377 -290 -511 -422 -310 -85 -940 -10 -306 -371 -227 -788 -60 -482 -294 -592 -365 148 -194 -319
-160 -92 -293 -204 -130 -124 -678 -365 -302 -261 -90 -177 -605 -514 -457 -221 -522 55 -97 -427 -796 -270 53 -817 -57 -530 -418 -215 -364 -414 -147 -593 -82 -468 -452 -526 -22 -428 -302 -540 165 -422 -90 -567 -183 -284 -170 -667 -362 -330 1 -549 -285 -335 -690 -180 -657 -376 -374 -99 -489 -345 -237 -315 -306 -37 -249 -537 -192 -170 -613 164 -642 224 -240 -729 -200 -180 -552 -254 -175 -343 -469 -581 -251 -29 -637 47 -287 -313 -322 -14 -546 12 -283 -773 -75 -450 -493 -383 -628 -50 -724 -116 -448 153 -446 -330 -407 -338 -189 -626 -425 -347 233 -677 -210 -289 -173 -209
132 -230 -247 -377 -267 -560 -143 -732 -207 -230 -384 -567 -46 -388 -400 -313 165 -634 -249 -587 -13 -393 -341 12 -965 167 -679 -696 8 -279 -319 -113 -594 -234 -454 -21 -346 -309 43 -508 -220 -392 -16 -367 -372 -460 -277 -198 -462 -684 -210 -110 -383 -427 -596 -320 -218 -483 -205 -205 -177 -290 -567 -306 -428 -116 -354 -89 -677 -295 -120 -277 -407 -696 96 -498 46 -246 -252 -522 -209 -447 -476 -383 -404 24 -33 -454 177 -609 -476 -289 -46 -639 -240 -390 -294 -670 -215 -574 -294 -93 -413 -345 -348 386 -696 139 -587 -416 -479 -128 -479 -432 -288 -4 -319 -345 -67 -569
-240 88 -677 -245 -804 -106 -584 -13 -704 140 -499 -373 -692 74 -230 -363 -19 -214 -539 -323 -460 -163 -426 -410 -649 -126 -139 -202 -467 17 -522 -276 -310 -312 -496 -237 -451 -355 174 -444 -625 -97 -445 -369 -113 -896 -137 -402 -175 -343 -236 -410 -337 -82 -626 -73 -471 -503 117 -411 -58 -563 -357 -257 -265 -491 -448 -201 -1 -604 -422 -51 -382 -470 -365 -126 -519 -284 -414 -315 -472 -680 -59 -49 -331 -676 227 -650 -291 -135 -496 -245 -326 -192 -955 -88 -470 -311 -187 -457 -221 -219 -491 18 -411 -93 -368 -616 -99 -282 -594 -406 -75 -188 -444 -387 -199 -195 -305 -453
-363 -193 -583 -497 113 -811 -246 -384 -273 -396 89 -354 72 -572 -199 126 -842 -3 -932 388 -497 -308 -402 -310 -338 -416 159 -336 -446 -309 -266 -474 -769 -69 -94 -609 -264 -425 -306 -532 -378 -81 -640 -191 -818 259 -696 -139 -316 -488 142 -556 -319 -270 -278 -138 -355 -338 -301 -305 -458 -131 -203 -566 48 -526 -367 -409 -216 -338 -373 -578 -293 -444 -129 -231 -648 -204 -580 -304 139 -624 -233 -239 -218 -355 -203 -277 -542 -121 -244 -755 50 -499 -206 -517 -80 -495 -338 -275 -199 -204 -397 -134 78 -436 -180 -658 -348 -250 93 -734 -46 -502 101 -500 -323 -536 -322 -261
-303 -385 -151 -495 -379 104 -664 52 -113 -411 -100 -29 -224 -347 -612 -106 -226 -439 -378 -668 240 -483 -327 -328 73 -730 -82 -54 -907 -146 -441 -430 -83 -747 4 -381 -535 -53 -552 -393 -544 167 -417 -381 -377 -226 -381 -301 -430 -259 70 -582 -12 -632 -112 -163 -317 -481 454 -863 -351 -286 -56 -624 -329 -510 -200 -120 -602 -131 -601 -64 -356 -699 142 -415 -461 -239 -58 -457 -271 -299 -146 -490 -503 -36 -330 -218 -252 -286 -368 -728 -64 -582 -62 -438 -22 -379 -415 -187 -145 -218 -327 -116 -292 -124 -143 -451 -151 -677 133 -476 -337 -287 -513 -237 -455 -500 -345 -92
-4 -108 -360 -59 -548 -122 38 -394 -21 -518 -277 6 -555 -286 -825 -303 -282 -320 153 -762 -296 -159 -472 -537 121 -261 -437 -259 -573 -163 -431 -496 23 -164 -749 -55 -663 -159 -550 -83 -367 -568 1 -417 -309 -271 -510 -555 160 -311 -213 -411 -109 -353 -367 -214 -29 -807 -225 79 -607 -320 -372 -360 -441 -150 -320 -445 -57 -536 -820 129 -279 -632 -190 -474 -223 -497 -345 -222 -545 -146 -91 -272 -227 -83 -727 5 -442 -489 -139 -509 184 -693 -29 -388 -379 -241 -200 -277 -541 195 -343 -481 -75 -739 31 1 -270 -692 -155 -505 -494 -180 -520 -433 -115 -382 -84 -289
-473 28 -349 -478 -72 -80 -456 -337 -352 -512 -402 -447 -567 -87 -194 -392 -122 -678 54 -130 -676 177 -645 -96 -314 -465 23 -324 -663 -3 -322 -238 -484 -296 1 -926 256 -707 95 -814 168 -798 -42 -545 -419 -136 -526 69 -233 -301 -415 -137 -587 191 -559 -505 -109 -52 -418 -399 131 -411 -599 -23 -494 -717 -148 -266 -457 -343 -605 -198 -255 -379 -264 -554 -359 -429 -157 -609 -5 -23 -222 -37 -634 162 -480 -132 -351 -567 -60 -316 -290 -8 -702 -185 -483 -582 228 -177 -785 -352 -323 64 -592 -265 -383 -204 -474 -371 -420 -207 -264 -580 -49 -786 -161 -182 -398 -250
-211 -220 -583 -303 -393 -261 -354 -454 -477 -365 -225 -314 -366 -379 191 -597 87 -577 -405 -101 -450 -272 -226 -485 48 -660 -89 -509 -104 -458 -185 -418 96 -820 113 -423 -195 -154 -516 178 -975 214 -649 -49 -404 -135 -246 -207 -290 -298 -677 142 -227 -492 -79 -345 -134 -557 92 -632 -196 -263 -328 -966 -12 -414 -249 -332 -61 -781 138 -453 63 -474 -384 -482 -263 -151 -410 -186 81 -266 -368 -191 -693 -542 -70 -321 -399 -158 -685 -76 -879 -193 -294 -328 -452 -112 -443 -325 -318 -442 -441 -223 -62 -435 -588 36 -556 -191 -424 -36 -455 -357 -381 -629 -434 -153 -256 -94
-124 -264 -196 -520 -163 -442 -345 -231 -473 -252 101 -543 -116 -463 7 -681 -106 -43 -585 -259 -225 -440 -367 225 -645 -142 -427 -87 -926 56 -497 -324 15 -490 -100 -587 -248 224 -749 -284 -281 -508 272 -906 156 -229 -619 3 -654 -153 -421 -290 107 -198 -595 -420 -183 -446 -358 -253 -441 -288 -326 -542 -241 -362 -138 -464 -138 -404 -116 -352 -485 -336 -327 -547 -499 -337 307 -773 -177 -323 -635 -648 54 -486 -269 -560 -473 -485 -197 -267 -434 -671 -163 -457 -15 -562 -23 -474 -359 -192 25 -503 -400 -142 -299 -290 18 -273 -494 -23 -529 -504 -30 -605 -424 49 -587 253
-415 -310 103 -262 -106 -139 -467 -113 9 -331 -306 -93 -334 -170 -168 -218 -576 -156 -101 -555 87 -435 -445 -149 -266 -382 -780 -159 -448 -296 -334 -227 -898 48 -469 51 -608 -351 -263 -222 -307 -277 -181 -727 40 -867 55 -647 335 -517 -284 -436 -108 -547 -198 -510 -214 -458 -62 -380 -489 -323 -470 -271 -555 98 -957 -192 -675 151 -740 -391 -511 -594 -49 -146 -427 -588 -138 -122 -686 -308 -430 -625 -263 -54 -224 -304 -737 -229 -403 -76 -270 -244 -559 -220 -358 -200 -279 -650 291 -778 142 -510 -244 -419 -202 -173 -320 -79 -526 -266 -16 -855 -282 239 -693 -56 -382 -437
-208 -235 -394 191 -306 175 -449 -490 -8 -233 -475 -472 -300 -207 -272 -359 -83 -1010 167 -231 -483 48 -723 -366 -329 -9 -936 47 -725 -241 -419 -268 -714 -188 -472 -113 -9 -650 -172 -344 -189 -391 -559 -319 -148 -290 -218 -406 -401 -115 -309 -624 78 -604 -297 -250 10 -408 -271 -469 -229 -357 -380 -515 -586 -494 93 -424 -463 -163 -482 -388 -312 -236 -231 -315 -22 -521 -327 -658 -223 -454 9 -264 -303 -417 -152 -534 -17 -477 -250 -202 -660 -372 -72 -504 -463 -554 -81 -613 -96 -541 -390 -184 -220 -328 -483 -175 -263 -185 172 -688 -123 -568 -341 -312 -238 -98 -163 -266
-495 188 -333 -239 -592 25 -10 -779 -288 -732 -188 0 -552 -511 -34 -769 201 -236 -524 -286 -69 -319 -321 -233 -753 -182 -334 -614 -34 -719 -347 -252 -550 -159 -107 -717 -8 -437 131 -713 -459 -260 -546 173 -434 -421 66 -571 -525 -111 -223 -438 -41 -307 -286 -325 -69 -93 -808 -17 -441 -95 -502 -338 -258 -345 -560 -82 -253 -234 -126 -150 -702 90 -352 -495 -128 -467 -96 -277 -442 -103 -424 -176 214 -1068 106 -571 -90 -339 -107 -813 -49 -838 -231 -266 -195 -608 -307 -316 -627 30 -759 38 -473 -180 -340 -446 173 -503 -91 -457 -384 -817 419 -658 -351 -350 -135 -152
-560 207 -557 140 -781 -454 -275 -429 -125 -479 -332 -122 -337 -49 -492 -119 -502 49 -161 -840 -11 -194 -440 -396 -260 -281 -206 -520 -119 -708 -56 -176 -134 -581 -27 -193 -394 32 -488 -62 -870 3 -147 -473 21 -878 128 -568 -43 -453 12 -624 -167 -182 -272 -517 -292 -254 -297 -294 -470 -344 -410 -200 -343 -120 -96 -585 -97 -582 -86 -98 -645 -17 -103 -362 -465 -253 -87 -271 -344 -138 -213 -481 114 -612 -628 127 -646 -194 -286 -362 -287 13 -345 -438 -328 -100 -621 -433 -162 -302 -79 -117 -740 19 -54 -499 -359 -100 -697 -569 -287 -351 -264 -283 -88 -581 -489 -358
-300 -517 -144 -399 -75 -623 -286 -363 -330 61 -872 -245 -434 -203 -66 -256 -133 -580 131 -224 -387 -90 -399 -596 -187 -95 -40 -312 -163 -289 -213 -312 -156 -119 -473 -50 -301 52 -494 -226 -453 -352 137 -263 -461 56 -442 50 -773 190 -862 21 -832 -201 -401 -130 -605 -538 -332 -184 -388 -404 -396 15 -652 -541 156 -412 -107 -341 -995 10 -339 117 -584 -282 -211 -643 88 -615 -180 -110 -512 -99 -176 -373 -531 -190 -290 -304 -334 -136 -198 9 -539 -113 -621 -153 -353 -375 -34 -76 -566 113 -221 -530 -399 -39 -645 -692 -56 -318 -798 209 -459 -661 -43 -371 -354 -265
-233 1 -525 -170 -241 -273 -583 -29 -671 -397 -27 -754 64 -79 -119 -490 10 -209 -272 -292 -343 -127 -306 -170 -386 -325 -189 -199 -58 -439 -244 -175 -736 130 -159 -94 -457 -381 -129 -464 -169 1 -729 208 -369 -373 -178 -283 -337 -353 -531 -454 -397 -119 -527 -211 -306 -698 -193 -656 -367 -292 -400 -599 215 -769 45 -610 -521 -158 -377 -291 -94 -221 -393 -787 -261 -268 -46 -275 -441 -87 -199 -682 -180 -309 -606 24 -732 52 -112 -341 -334 -212 -439 -59 -551 -363 -158 -64 -508 34 -252 -568 -36 -460 -879 -206 -90 -639 -240 -52 -689 -212 -225 -296 -494 -256 -408 168
-42 -102 -352 -580 154 -576 -430 -102 -636 -244 -7 -566 -336 -92 2 -390 -610 -146 -323 -418 -603 -176 -520 -56 -252 -289 -202 -571 12 -690 -220 -409 -421 -88 -200 -62 -539 -121 -493 -57 -548 147 -493 -632 167 -270 -555 -397 -66 -430 -236 -496 -413 -284 -337 -612 -456 -114 -653 -288 -643 162 -443 -426 -144 -39 -455 -245 -756 -97 -23 -386 -222 -647 -207 -481 35 -477 -425 73 -652 -503 -80 -409 -532 -371 17 -665 -101 -113 -96 -442 -56 -670 -248 -2 -585 -253 -676 79 11 -760 -22 -657 -510 -260 -104 -725 -199 -128 -443 11 -230 -445 -656 85 -302 -586 -173 -305
-566 -249 -163 -342 -233 -320 -699 -73 -441 -109 -336 -577 -215 -681 -65 -379 -280 -430 -258 -363 -455 -186 -319 -452 0 -460 -24 -854 -180 -454 -149 -343 -166 -248 -354 130 -287 -409 78 -710 -318 -267 -66 -490 -458 47 -815 255 -958 -38 -363 102 -1048 348 -764 -272 -327 -188 -204 -528 -143 -172 -144 5 -616 -183 -443 -411 -102 -675 -61 -246 -330 -625 -255 -524 42 23 -788 -123 -446 -416 -348 43 -432 -478 -24 -336 -277 82 -778 -221 -253 -432 -226 -412 -497 131 -166 -450 -414 -357 -527 -158 -483 -289 -206 -78 -798 288 -627 -290 -231 -139 -655 -544 -253 -621 -83 -405
-332 -732 -298 -74 -427 -105 -599 -474 -96 -311 -372 -579 -197 -157 -571 2 -56 -346 -387 -160 -707 39 -218 -206 -377 -377 -652 125 -851 -117 -318 -33 -206 -150 -36 -340 146 -326 -713 135 -795 -352 -311 -84 -629 -29 -296 -293 -170 -599 -244 35 -459 -325 149 -402 -415 297 -762 98 -706 118 -503 -147 -406 -557 -339 -400 -97 -471 -253 -382 -270 -499 -150 -417 -412 -147 -229 -542 -200 -198 -189 -431 134 -302 -371 -60 -579 11 -501 -195 -401 -192 -462 -79 -451 -170 -71 -314 -420 -541 -291 -297 123 -672 -468 42 -697 39 -166 -619 -620 -303 -292 -317 -397 -231 -407 -168
-131 -353 -258 -382 -199 -361 -138 -335 -486 -246 -439 -248 19 -188 -400 -202 -173 -312 -527 -54 -17 -436 -165 -499 -218 -394 -373 -370 33 -483 -1 -63 -363 -60 -71 -510 18 -501 -563 -352 -350 -111 -400 -120 -241 -654 42 -86 -365 -98 -285 -170 -294 -259 -226 29 -642 -389 -305 -254 -372 -499 -237 -426 -669 -192 -214 -286 -425 -265 -101 -438 -280 -529 -171 -202 -292 -661 -226 15 -830 17 -351 -247 -348 -197 12 -579 -125 -703 97 -435 -360 -228 -835 156 -451 -120 -634 -199 -413 -45 -292 -306 -218 -465 -257 -331 65 -560 63 -689 -12 -845 -58 -598 167 -663 -246 -379
-391 215 -371 -292 -143 -542 -204 244 -884 34 -261 -210 -346 -200 -443 0 -153 -935 137 -357 -61 -259 -281 -450 -59 -432 93 -195 -433 -279 -87 -47 -636 -14 -539 -159 -438 -264 -754 -153 -318 -291 241 -613 -8 -540 -368 115 -529 -81 -384 -492 168 -880 65 -689 -343 -171 -734 -234 -553 -229 -482 -447 -299 -227 -106 -592 107 -691 36 -809 57 -280 -697 18 -645 -27 -705 -153 -320 -584 -69 -362 -79 -354 -190 -414 -194 -629 -94 -690 -461 -241 -24 -1005 104 -282 -500 -262 -111 -694 47 -685 -196 -363 -346 6 -435 -129 -840 -156 -483 -21 -433 -469 -92 -319 -872 124
-558 188 -412 -174 -374 -229 -604 301 -503 -404 -71 -560 -77 -501 -334 -260 139 -247 -266 -304 -16 -358 18 -204 -386 -403 -285 -38 0 -699 -300 -370 -379 -116 -469 -366 -260 -221 -633 83 -413 -163 -408 -399 -560 -106 -326 -510 -30 -504 14 -707 -290 -536 -335 7 -928 -148 -169 -470 -479 -243 -43 -446 -604 44 -176 -403 -83 -394 -217 -655 -349 37 -880 -3 -406 -631 -40 -410 -350 -377 -101 -134 -104 -314 -429 -143 -623 -367 -58 -603 -175 -376 51 -575 -260 -124 -264 -520 -45 -541 -610 -193 -432 -62 -720 -18 -285 -300 -468 -44 -621 -76 -658 -229 -258 -275 -258 -547
-146 -483 160 -368 -462 -9 -832 -159 -365 -270 -239 -626 -341 213 -222 -425 -229 -50 100 -329 -362 -44 -117 -560 -180 -419 -386 -520 -166 -117 -536 -258 -791 77 -253 -399 -342 0 -348 -136 -648 -209 -473 -629 -92 -629 180 -592 -614 -128 -373 -221 -248 -611 -369 50 -736 -13 -661 119 -397 -259 -69 -382 -258 -380 -88 -398 -328 -532 -141 -318 -488 81 -655 -484 135 -621 -609 85 -362 -357 -333 -344 -111 -463 -279 -540 -217 -581 237 -530 -220 -713 -19 -383 -141 -359 -34 -528 -368 -377 -444 -296 213 -547 -247 -588 -137 -195 -303 -180 -307 -397 -547 -84 -521 -116 -773 -401
-283 -68 -507 -183 -584 -576 92 -674 -122 -655 61 -172 8 -331 164 -488 -196 -67 -523 88 -617 -334 -361 -416 -520 -7 -422 -647 -143 -392 -325 153 -518 -379 -179 -15 -386 -267 -278 -602 -496 -383 -584 -78 -546 68 -738 -80 -100 -842 -348 -261 -197 -389 -532 -129 -184 -369 -144 -384 -79 -359 -82 -729 -190 2 -633 -174 -549 -142 -338 -129 -591 -89 -183 -892 85 -466 -294 -488 -483 197 -586 -89 -769 -190 -409 -153 -341 -340 -143 -518 -72 -397 -278 -65 -430 -363 -302 -227 -510 -58 -274 -323 -233 -265 -497 86 -506 -326 8 -820 -502 -163 -356 84 -686 -419 -345 -565
-683 -3 -714 -152 -452 -82 -262 -103 -456 47 -224 -242 -311 -437 -510 -241 -574 -181 -248 -508 -335 -215 -250 -839 -158 -167 -171 -274 -290 -9 -599 -207 -362 8 -687 37 -361 -742 -157 -630 -157 -283 -885 -18 -267 -390 79 -895 104 -363 -363 -481 13 -609 -210 -401 25 -533 -541 -13 -487 -445 -409 15 -443 -247 -152 -606 236 -546 85 -612 -616 -167 -370 -403 -353 -298 -296 -262 -558 -387 -311 -55 -391 -580 -217 -164 -143 -216 -310 -169 -568 -231 29 -734 57 -704 204 -400 -620 149 -278 -685 97 -538 -136 -158 -645 -51 -645 -125 -495 -445 -43 -348 -395 -552 47 -222
-325 -319 -421 -486 -110 -517 32 -267 -543 -96 -253 -361 -691 -171 -790 -42 -303 -431 -59 -647 -400 -160 -279 -227 -365 -458 81 -98 -520 -444 -279 -200 -819 -13 -506 -204 -303 -1065 183 -490 -297 12 -401 -290 -245 -347 -367 -235 -311 140 -388 -471 -72 -286 -306 -293 -384 -153 -591 -448 138 -855 -223 -4 -375 -52 -299 -313 102 -241 -691 -261 -351 -280 -267 -210 -346 -334 -130 -500 18 -622 -443 -85 -579 63 -309 -334 -399 -139 -481 -234 -149 -754 65 -583 -40 -366 -549 64 -604 -333 -65 -559 -188 -22 -669 -94 -656 -290 19 -522 95 -453 -233 -214 -481 98 -388 -205
