1770
1806
1842
1878
1914
1950
1986
2022
2058
2094
2130
2166
2202
2238
2274
2310
2346
2382
2418
2454
2490
2526
2562
2598
2634
2670
2706
2742
2778
2814
2922
2958
2994
3030
3066
3102
3138
3174
3210
3246
3282
3318
3354
3390
3426
3462
3498
3534
3570
3606
3642
3678
3714
3750
3786
3822
3858
3894
3930
3966
4074
4110
4146
4182
4218
4254
4290
4326
4362
4398
4434
4470
4506
4542
4578
4614
4650
4686
4722
4758
4794
4830
4866
4902
4938
4974
5010
5046
5082
5118
5226
5262
5298
5334
5370
5406
5442
5478
5514
5550
5586
5622
5658
5694
5730
5766
5802
5838
5874
5910
5946
5982
6018
6054
6090
6126
6162
6198
6234
6270
6378
6414
6450
6486
6522
6558
6594
6630
6666
6702
6738
6774
6810
6846
6882
6918
6954
6990
7026
7062
7098
7134
7170
7206
7242
7278
7314
7350
7386
7422
7530
7566
7602
7638
7674
7710
7746
7782
7818
7854
7890
7926
7962
7998
8034
8070
8106
8142
8178
8214
8250
8286
8322
8358
8394
8430
8466
8502
8538
8574
8682
8718
8754
8790
8826
8862
8898
8934
8970
9006
9042
9078
9114
9150
9186
9222
9258
9294
9330
9366
9402
9438
9474
9510
9546
9582
9618
9654
9690
9726
9834
9870
9906
9942
9978
10014
10050
10086
10122
10158
10194
10230
10266
10302
10338
10374
10410
10446
10482
10518
10554
10590
10626
10662
10698
10734
10770
10806
10842
10878
10986
11022
11058
11094
11130
11166
11202
11238
11274
11310
11346
11382
11418
11454
11490
11526
11562
11598
11634
11670
11706
11742
11778
11814
11850
11886
11922
11958
11994
12030
12138
12174
12210
12246
12282
12318
12354
12390
12426
12462
12498
12534
12570
12606
12642
12678
12714
12750
12786
12822
12858
12894
12930
12966
13002
13038
13074
13110
13146
13182
13290
13326
13362
13398
13434
13470
13506
13542
13578
13614
13650
13686
13722
13758
13794
13830
13866
13902
13938
13974
14010
14046
14082
14118
14154
14190
14226
14262
14298
14334
14442
14478
14514
14550
14586
14622
14658
14694
14730
14766
14802
14838
14874
14910
14946
14982
15018
15054
15090
15126
15162
15198
15234
15270
15306
15342
15378
15414
15450
15486
15594
15630
15666
15702
15738
15774
15810
15846
15882
15918
15954
15990
16026
16062
16098
16134
16170
16206
16242
16278
16314
16350
16386
16422
16458
16494
16530
16566
16602
16638
16746
16782
16818
16854
16890
16926
16962
16998
17034
17070
17106
17142
17178
17214
17250
17286
17322
17358
17394
17430
17466
17502
17538
17574
17610
17646
17682
17718
17754
17790
17898
17934
17970
18006
18042
18078
18114
18150
18186
18222
18258
18294
18330
18366
18402
18438
18474
18510
18546
18582
18618
18654
18690
18726
18762
18798
18834
18870
18906
18942
19050
19086
19122
19158
19194
19230
19266
19302
19338
19374
19410
19446
19482
19518
19554
19590
19626
19662
19698
19734
19770
19806
19842
19878
19914
19950
19986
20022
20058
20094
20202
20238
20274
20310
20346
20382
20418
20454
20490
20526
20562
20598
20634
20670
20706
20742
20778
20814
20850
20886
20922
20958
20994
21030
21066
21102
21138
21174
21210
21246
21354
21390
21426
21462
21498
21534
21570
21606
21642
21678
21714
21750
21786
21822
21858
21894
21930
21966
22002
22038
22074
22110
22146
22182
22218
22254
22290
22326
22362
22398
22506
22542
22578
22614
22650
22686
22722
22758
22794
22830
22866
22902
22938
22974
23010
23046
23082
23118
23154
23190
23226
23262
23298
23334
23370
23406
23442
23478
23514
23550
23658
23694
23730
23766
23802
23838
23874
23910
23946
23982
24018
24054
24090
24126
24162
24198
24234
24270
24306
24342
24378
24414
24450
24486
24522
24558
24594
24630
24666
24702
24810
24846
24882
24918
24954
24990
25026
25062
25098
25134
25170
25206
25242
25278
25314
25350
25386
25422
25458
25494
25530
25566
25602
25638
25674
25710
25746
25782
25818
25854
25962
25998
26034
26070
26106
26142
26178
26214
26250
26286
26322
26358
26394
26430
26466
26502
26538
26574
26610
26646
26682
26718
26754
26790
26826
26862
26898
26934
26970
27006
27114
27150
27186
27222
27258
27294
27330
27366
27402
27438
27474
27510
27546
27582
27618
27654
27690
27726
27762
27798
27834
27870
27906
27942
27978
28014
28050
28086
28122
28158
28266
28302
28338
28374
28410
28446
28482
28518
28554
28590
28626
28662
28698
28734
28770
28806
28842
28878
28914
28950
28986
29022
29058
29094
29130
29166
29202
29238
29274
29310
29418
29454
29490
29526
29562
29598
29634
29670
29706
29742
29778
29814
29850
29886
29922
29958
29994
30030
30066
30102
30138
30174
30210
30246
30282
30318
30354
30390
30426
30462
30570
30606
30642
30678
30714
30750
30786
30822
30858
30894
30930
30966
31002
31038
31074
31110
31146
31182
31218
31254
31290
31326
31362
31398
31434
31470
31506
31542
31578
31614
31722
31758
31794
31830
31866
31902
31938
31974
32010
32046
32082
32118
32154
32190
32226
32262
32298
32334
32370
32406
32442
32478
32514
32550
32586
32622
32658
32694
32730
32766
32874
32910
32946
32982
33018
33054
33090
33126
33162
33198
33234
33270
33306
33342
33378
33414
33450
33486
33522
33558
33594
33630
33666
33702
33738
33774
33810
33846
33882
33918
34026
34062
34098
34134
34170
34206
34242
34278
34314
34350
34386
34422
34458
34494
34530
34566
34602
34638
34674
34710
34746
34782
34818
34854
34890
34926
34962
34998
35034
35070
35178
35214
35250
35286
35322
35358
35394
35430
35466
35502
35538
35574
35610
35646
35682
35718
35754
35790
35826
35862
35898
35934
35970
36006
36042
36078
36114
36150
36186
36222
