500793 444672 461099 559142 373083 613586 627081 596492 552793 563847 366143 424763 549302 632390 452495 554311 620283 538490 701468 658489 911588 545928 345486 295286 596739 564578 540985 398427 603689 529541 566163 673530 524192 800773 619835 884273 714182 908307 898830 845946 586763 536425 642557 946691 659682 527877 680474 728594 447789 341708 530499 710151 703672 899187 672250 659440 694111 739681 544308 657763 938850 626121
353124 433156 537390 477164 782593 517378 725371 623639 571169 436093 314631 580513 468717 666761 790492 482686 480051 601307 815360 640901 367275 578363 585915 665716 429651 546755 269081 303110 313427 777149 722275 573537 761472 747407 747338 661346 789303 665640 639319 383097 592373 708682 443482 478221 867766 639408 536437 461213 606696 359249 285084 423323 466760 546282 775964 833180 714032 654806 886387 874584 572841 672519
471624 321540 269392 548937 341809 651252 358763 869257 621935 645197 587049 574101 674742 540423 576615 723373 648907 797258 604231 745141 729383 711259 350573 512847 713561 619602 570885 628515 730544 701105 759801 771767 707123 799905 773455 809171 949971 806192 804235 743983 390632 292364 743691 717880 478133 578781 787064 915839 554493 478377 490133 463092 803896 570746 621315 686694 850640 555393 611882 700554 798787 386203
386424 248506 447139 529273 409459 605619 721046 401112 596956 536657 626340 601869 521034 673066 811848 535701 667175 709007 494202 569122 455843 479552 781803 818382 735576 676811 421842 552392 584459 875514 872821 856523 680437 643118 812438 670593 615413 480425 512160 398000 626297 470582 548067 669738 720672 654392 685623 633940 681062 484846 460325 280386 340932 565335 745732 621438 483288 661960 696763 721760 673821 511344
458375 360480 188769 399407 460979 331857 553288 782949 542185 517024 548911 729656 777806 563395 576410 530132 542168 463768 756316 611435 788817 678128 422294 572453 570534 757287 729421 739177 871120 824253 703174 677840 789640 560001 484341 514174 789045 908744 582618 684486 368723 543443 586907 770827 418899 673236 693091 891734 577870 589995 738488 661528 731003 476941 441659 720851 760408 535581 505174 535489 372786 446862
410207 407334 469378 345732 398652 464082 712823 545644 606160 613580 823959 610484 292189 532203 385036 527263 492119 587747 539637 646522 347222 545784 606096 810133 760023 281993 606416 847959 820430 791247 700855 570468 564496 546584 692322 738963 466221 531114 753129 447532 488177 457952 380327 670486 741387 687618 935760 564636 711966 546852 786495 653157 418349 432731 764225 681100 558958 449271 591022 580773 535123 221153
463306 352676 451047 380999 647006 308706 618251 805973 719751 472983 486246 633522 545322 276372 236062 458403 471398 682421 714004 700385 775613 428864 634296 431475 534350 763036 600084 806339 678121 639832 485608 661995 474631 553260 329957 400659 705146 588042 518855 544523 266559 325659 662141 544650 675495 717744 630322 633855 709704 765364 626043 465641 647278 506681 523500 584251 804710 704024 497192 506157 249184 310920
525546 384343 476209 575142 507030 742711 475233 501003 664197 492363 763369 470615 502114 403505 487383 471383 678780 458919 552501 510674 540431 700983 641428 685421 681558 540246 756508 541556 725573 627931 709023 601618 595429 607346 757623 714987 572587 905895 672882 638853 531423 799746 632883 704228 470189 573291 647509 665094 742034 587691 523777 453824 390225 510819 638201 691022 358295 540832 585140 659952 432532 276646
519880 631075 602290 663935 484058 273072 462390 399452 502257 615810 464368 458355 409654 438796 691998 430120 602222 703182 692833 527642 604824 679711 847592 515124 576815 497539 766917 636349 623950 522508 437239 622285 708042 553325 504761 629963 634051 756886 772599 725461 633470 475220 652424 760706 497407 386147 735804 671216 561245 535438 488040 308684 396750 427930 341863 469429 413576 553347 604127 616781 358549 420692
602815 463322 528365 485188 406662 434636 524131 845136 443422 423239 543845 472855 851231 669065 779312 882306 718071 559680 395452 512160 830532 642119 721083 669184 548579 631092 663981 507894 583424 650788 859064 573855 488402 853443 998482 891914 874114 719626 706261 592240 782063 774462 846823 664697 834180 667978 481825 895831 668986 516244 621385 857054 604706 409497 365009 595056 430269 387738 585585 637848 599198 398020
675153 618557 663794 641849 752533 625585 556250 360384 717805 327224 575665 655736 612727 752998 380926 484407 497709 727735 786330 796709 546677 838080 692648 786559 552331 439558 369001 688436 771242 801758 612230 616295 577196 637248 562662 676279 804621 658233 661217 567213 559696 518423 507043 869339 647122 740133 872641 545535 617080 459651 554389 658674 494030 621690 694395 516629 540134 615394 351497 379194 226605 478969
794599 710018 606829 576584 652989 514866 911837 799245 667064 441438 411219 681442 712637 551943 585301 685898 924465 813429 764489 740993 790376 591303 664290 372758 568242 695706 689933 470508 711140 966549 850856 660382 502418 387461 776690 645874 550868 491956 570368 582296 470255 471456 605960 459264 544300 655753 807694 764919 604958 801894 773311 767480 468294 528023 565378 926488 465085 388119 659002 732087 609932 591037
636645 932022 905187 778283 687400 562338 546326 576379 591155 553329 872629 621482 590023 482341 494580 317585 519665 645121 678078 660323 776811 609561 633284 915552 537122 551827 408180 939173 924574 950387 719598 352634 492678 660275 361046 592377 890618 576409 422405 358667 508652 339673 556830 587734 628566 708694 839556 572357 598341 569614 491131 432463 509151 767474 913669 495501 548552 403759 391351 413979 616998 715700
872653 530664 708539 544614 570217 561996 828976 777418 791174 709458 551833 749980 744696 473295 354506 594238 719469 719706 790716 637477 627821 679570 705794 700719 704883 805799 827217 760322 763171 726652 837637 837868 586868 429963 514063 691546 505794 622047 833804 581397 537081 712787 412673 547928 475380 644200 666002 856476 549681 857058 754179 695327 502533 629181 666268 618317 391211 371094 551820 784508 622986 666117
756579 710100 472602 638089 731161 667578 679076 703178 502668 596401 675156 675172 494633 700822 632290 558317 541305 422096 454096 625652 648727 778448 657884 797562 653047 611795 542012 726193 957160 747358 447093 683473 743955 692074 563695 717005 901134 737325 699722 751272 493200 354669 592760 388650 860408 731555 610620 677622 771681 884865 819903 585865 696663 592361 681747 592556 234053 156908 266656 305749 660715 720522
492052 465380 682701 643892 559813 614784 658056 633990 671461 543890 714562 646190 884525 489900 269194 430008 423272 645803 454183 870010 725125 611208 554753 478155 451551 702408 844768 904178 608361 659622 807829 676745 492963 691901 672418 503234 717569 957246 661616 433984 409177 472912 536283 752757 478589 575275 663977 679254 676050 809879 691554 511895 316490 689920 584297 469686 352996 355313 373490 526705 333943 325444
729829 513853 373934 562661 818574 662973 531631 244504 379656 233177 560125 583440 577148 561561 618659 689892 584580 641059 621603 364303 592387 724517 541276 316875 465750 367257 492827 469402 677110 548232 258259 571209 748341 583197 695128 766667 678482 726525 834499 427714 419087 555607 580598 426253 536923 669599 675402 838131 795482 768137 500685 536220 388250 292639 440275 467517 500863 211257 192454 340736 697679 763319
601402 804111 725804 405143 360810 598066 556537 577415 280526 540254 688581 650593 500536 582314 721830 563874 640837 453460 510376 669234 623993 509886 340694 210809 412532 587967 499500 941293 507143 479609 413420 576103 841778 749331 610159 673114 774106 617871 322408 487292 670346 512179 640713 474174 542569 529588 1031937 876441 715263 595534 511769 186690 400639 415916 543142 362523 342652 430649 596771 650310 513040 507843
792148 656274 638849 656677 463305 469699 429652 546777 569214 787642 537717 601257 492984 456160 693951 718131 514786 626365 499638 508465 606155 649619 479255 496381 448407 562801 617051 367049 602148 419360 731604 655875 672628 708266 524880 531316 552956 634294 861944 599985 685630 625981 380215 602579 892672 986133 840120 712435 854651 512669 391983 617950 634902 477437 524531 560751 523270 439899 519276 582556 597292 509020
916166 871754 687354 525234 708124 704423 650375 710079 676309 571333 633153 465940 674235 852136 622482 841015 628795 457008 479220 376829 690599 750930 542933 507370 759810 660172 485091 615819 766034 600730 597558 604132 629261 706379 665691 581643 557179 631246 531933 865366 667287 810964 738414 602710 518346 654580 808603 714147 691877 888940 771141 537209 374410 625330 392192 631745 550067 673386 758643 768673 525931 549295
720835 777189 672540 625819 429362 491973 830573 889834 991115 686995 493689 550955 633884 719530 811189 502300 547459 514445 476703 695893 755267 623214 629366 563260 663129 616523 615405 677437 602017 722658 563196 514595 420252 405319 568982 477132 726006 621042 672600 516598 633714 437317 489893 543165 847182 665433 649587 665560 808612 818267 568254 641669 584573 510338 819471 588899 616563 507510 535440 731741 600020 411979
422094 690114 520365 574633 685799 826436 688186 620259 317741 481580 765495 915908 1042803 598078 554466 469567 595010 491650 694729 579955 839844 658398 496068 588494 711514 557546 687784 774145 931427 625322 625118 586459 527463 279043 434730 468840 515474 736142 727605 639072 825974 674110 651429 467844 696904 801049 496837 661382 662531 920758 648833 317751 484057 770231 827449 539154 361064 669129 843519 650442 809655 573894
470594 549696 581706 555293 685187 441925 524966 676956 827797 556568 474243 816788 835789 710989 396940 601331 671175 710191 492759 719984 761663 795278 597911 758639 665979 559491 445565 834740 691887 631718 374158 338148 494479 713841 409128 593604 564801 438076 589326 690238 531909 490700 792396 722544 517718 690788 786640 628937 901342 631784 711456 652184 581778 819993 608915 760088 685800 464848 910186 830236 742013 703291
477160 505718 731350 661440 574946 786895 717628 247801 295497 427068 776409 785597 802493 693261 719391 511256 441697 699826 780406 804406 756303 925000 861501 642143 692195 753338 833493 452387 409088 423109 660662 621449 458809 337339 529378 256750 469808 781066 567266 500550 800592 920576 704032 730943 835831 362376 666619 626351 455634 715844 598791 853907 528565 735436 856392 502763 488513 763542 674436 833404 951244 707379
779983 719853 579034 737873 845956 501659 387127 566850 380785 385347 378103 737572 596906 606034 346398 648298 793237 549814 559238 702483 746516 585299 596645 702683 738238 547278 442113 534014 673463 463813 413348 541459 639826 601977 334501 530814 475670 376013 505176 685726 514758 735185 735171 409766 576273 730095 456284 646763 881206 885798 856511 477640 699635 760029 653300 500224 595967 542349 916431 878585 731921 625537
730406 708489 734531 689558 664029 724755 613203 371953 394842 408865 369724 442059 525199 589549 833058 445852 478109 707009 415141 615940 715115 775137 680878 816904 751538 557226 712748 456967 362340 595555 350041 503267 236165 479372 356783 247870 424914 676923 328642 506248 410017 514107 485422 821955 557314 493637 565225 636962 551944 566670 483007 726605 723019 706236 704224 401202 262612 661671 772092 717899 592825 413414
504762 450639 770224 762322 855702 540981 329516 355381 415713 549069 268127 366187 599233 516692 539015 846891 524438 449982 623237 774840 638798 595289 397072 369929 659860 731531 508659 546232 544485 633631 565556 530202 577889 338150 438473 542783 247283 498383 577134 568115 608599 717418 585360 595136 509426 526218 571206 728118 479821 572184 747630 747799 845842 876401 744931 568225 566338 444675 599391 466221 721841 559327
619009 484922 476517 447662 329531 544377 768716 843353 442413 179373 460536 211032 498400 952609 854762 522168 766080 675145 530054 526567 718126 490189 762164 504281 448945 338139 552566 642521 421053 480226 676612 566224 596364 609773 273799 225962 670603 545375 454362 446467 403810 489088 565804 439477 550746 610650 451079 602006 646734 348142 364813 414777 841048 755416 808869 598900 546651 543206 492859 583974 352147 304750
623540 531528 419115 534420 847591 714363 710963 648305 774071 457864 219461 768095 711422 662284 639131 712507 690191 612485 718989 587369 837188 751632 286728 370369 400324 750998 546282 318104 687045 554520 667471 760730 621025 263689 558634 654129 471841 579910 607219 643451 744242 456622 516909 542929 348752 523086 565184 434373 367460 575846 737672 463404 333934 733392 809752 721012 493835 478352 276572 316175 578280 685284
464002 513764 469760 411974 531631 665850 800667 936694 523071 409262 392798 345648 564091 556237 549154 517852 673559 487601 452108 584555 501813 598726 646833 467812 732917 495695 605459 422071 431037 685905 758046 464944 498914 551612 559283 366375 547402 385414 428684 451858 524456 468492 388004 523698 607239 305128 563560 784035 628004 347751 343960 482039 532185 315625 558797 656953 604827 353048 519294 703028 679409 272649
577322 421845 559100 748304 658807 666061 744708 667929 661163 501815 494046 651285 461743 573638 334398 554558 584877 707429 406837 747627 734745 553711 440138 558683 482962 472528 557589 506948 585031 522662 631144 527580 650674 330818 316227 502308 540533 535122 511856 751085 872412 607594 622480 283261 517642 686912 521086 573433 734952 695346 437995 350361 413863 685775 480648 553687 531815 472380 391938 595844 630581 703623
610535 692962 648125 477499 355556 349170 376032 668254 419749 546620 434988 581026 624607 623654 732756 631674 344375 435185 583406 619639 447996 452820 382756 624943 1011709 707964 356644 462445 875122 587537 572008 588225 486802 573740 378032 382217 367266 519939 477709 713486 786598 465105 289689 680242 567586 597309 753183 724491 774325 580367 428007 653166 536004 458814 676351 776697 498138 619108 744004 821573 839280 607162
411412 419605 619191 797029 565800 483049 315066 400077 549146 749210 703143 570622 703244 768284 450879 611755 671008 439777 474604 597139 313618 261905 474632 763988 658569 618354 868156 707051 671197 921009 594216 744871 687713 602237 376945 746469 592561 291473 666346 576431 525704 556954 511211 368342 595031 497601 696578 641331 462646 658891 709708 661099 815214 779548 350924 698648 738547 549839 757863 797889 845461 821257
647849 876462 764925 621097 500293 453753 559915 759266 686965 600288 710553 767860 496019 854086 833122 568105 488166 497357 360989 422503 494166 520623 600516 825099 945491 642441 675457 886262 878480 540022 561145 684162 617491 663394 488606 378745 626497 682748 390642 697370 527020 265778 303929 539520 654328 512365 255018 569349 812287 504523 716562 843745 781176 592919 628940 290580 550974 662211 877100 964846 607463 608674
593700 639462 763612 635510 641799 730134 633262 551344 704033 702138 421004 353750 627243 427898 784316 730387 561420 515462 589942 592485 503453 559423 611801 813329 614198 813715 712288 614627 458089 671515 634649 557781 595329 645239 615308 705527 457069 608653 587999 487655 287604 566691 623676 435294 224434 387191 653983 405325 432734 728333 657736 603207 822018 652946 559614 449729 586408 721968 751476 816076 736576 578592
927098 772862 432963 553277 714474 769589 778686 597177 515845 695572 697315 364256 547727 610485 589824 713789 932610 435050 551333 668556 652640 798916 839804 775578 540087 414315 447534 666671 679320 433499 407870 610066 423153 654545 577412 691411 312445 623722 674392 755366 699685 581710 552726 538759 518834 575317 385698 405827 589811 571306 687364 541177 678762 354301 455927 232056 434172 568837 698025 540500 726453 515264
511850 648506 526725 674083 849165 733063 532286 568945 634375 576100 513683 498821 517190 583376 720673 877443 498934 576582 583779 743346 963401 911331 692683 704495 680060 724187 543870 364667 371188 370096 366001 461252 694590 482582 561368 593769 714833 832422 596376 293222 521699 533270 615610 355540 603033 568305 504091 381982 374730 506020 636829 520175 662368 564183 387449 503609 467012 606649 798466 709204 671239 682700
880831 562273 316846 443042 706706 905945 719919 516412 635810 714652 623212 464430 615108 724479 689599 591236 582784 410901 432577 639768 722918 669964 724636 577229 643998 456753 419639 497059 640977 675768 632331 309871 508655 768007 624532 660111 726013 498768 686972 764196 690088 852254 421002 526852 305587 426685 356215 269145 444436 634436 861250 744517 507373 398168 409021 677051 806424 761962 607003 909384 743671 727931
460393 569829 488350 500849 573224 465370 657455 801468 751385 646905 725480 613515 746409 469751 664448 637481 506667 528329 579163 679495 731016 692514 647020 821461 649591 683943 514089 639389 582706 130604 462475 655924 613344 477650 952979 553002 493608 787541 730331 554756 526310 489485 635031 374250 408619 457042 482721 484433 628392 806967 571830 659843 397145 575690 550645 586894 796658 878671 642641 523590 667056 604097
670778 558463 408698 425187 775788 619528 512395 266536 529904 499129 573231 666930 579224 799941 739470 528566 496903 360260 572852 513688 517511 680245 587494 650080 546236 645024 537734 496157 704903 714714 597234 615717 715215 707730 574835 694435 715756 725159 678713 639386 975498 757267 457898 396258 452866 562305 370058 606866 562429 685196 691213 632224 762578 495200 900304 887963 599768 589089 616925 832370 663226 747509
679041 635429 604714 626092 540399 668924 586841 540960 608413 751012 437220 642598 797039 725424 785596 756952 571409 774572 501204 687296 531209 471357 425537 476149 507669 448853 737222 865675 660993 525429 546222 424455 622875 865634 811453 584132 556050 677828 664059 577877 569178 841353 482531 457350 467225 656719 753605 541956 509880 553342 692955 591288 562925 609052 612603 873715 588533 544601 400895 502232 811647 370122
749455 813650 692627 618975 600028 421773 566101 575888 286480 297370 695279 682917 685806 872675 688665 706900 653028 582492 420059 443451 552911 728564 709262 514058 648020 625752 813174 641087 835893 734400 726116 707726 772844 794477 661832 851127 688541 712727 578108 535491 592693 449015 497672 494217 530491 496584 442124 574209 616620 390127 559236 503509 824638 838285 762915 735414 838942 551263 855569 718825 552861 714278
435242 508220 597230 674403 568888 674515 489848 538525 651328 659327 587260 800635 614437 763013 824486 695443 545393 500546 713246 455324 429680 468955 638116 432205 575464 516003 496513 989363 825982 659591 770348 689188 544494 703024 883219 503028 877653 761966 475090 431930 744959 488179 300338 276177 526136 771115 707121 567248 365888 464352 591093 741130 590396 854425 981347 702378 677290 677769 529273 733576 793052 647719
592027 753782 527615 461286 442035 215940 407412 283587 592978 727014 809482 586476 661484 653757 790257 626181 727410 596048 712059 545166 658979 571252 737429 605125 244838 516685 695488 543782 776072 681357 592038 721919 834508 730834 818740 812903 656345 639163 644721 401815 593834 643018 446052 442106 434865 596414 694638 756442 611824 272222 424746 684156 824399 496862 647594 685247 672896 971190 807060 619876 628641 649073
538373 226322 379376 207583 274118 451815 430627 636130 609885 881565 791823 669794 435834 609304 564808 753572 619575 933242 536573 367851 461248 811113 478097 300119 326483 532209 754603 815684 523292 808954 918298 753323 614708 776087 814111 780749 711565 537757 543806 625691 557600 625818 414123 397540 380114 666379 713212 653031 343340 595252 690462 677961 654756 766308 633687 661707 627282 407282 534229 925950 843831 930192
456562 544708 379137 447499 472475 499629 414468 510488 514018 585326 759890 681805 620030 697282 667837 839597 961974 892595 906667 802810 577262 380796 529132 576330 476081 618476 705766 681872 766587 627622 758928 556088 740522 937068 975658 653130 604568 606711 488941 627944 980761 761135 656593 571387 533323 551216 596432 622549 682662 549685 907171 805526 741691 335983 420598 573465 453037 734889 626202 698788 889149 687695
468767 586648 488222 489912 302341 591917 433224 399786 424064 721135 656994 561542 634151 684676 830868 814181 794732 909797 684070 693913 830875 762832 559185 385948 754092 681340 907500 936494 762472 678693 800834 902690 724845 795194 968604 764106 554564 651336 783572 714726 649705 636282 716787 673746 639287 266614 666904 642862 715077 786644 835754 608271 410664 765838 747990 613321 757970 687542 876611 907245 812704 759483
650141 856809 660859 517715 306292 403130 523308 572924 540617 707012 843326 815422 663602 706508 545189 895185 893585 1027329 892183 936977 694852 460530 669905 851000 901403 805060 652575 593061 651599 842433 709443 403805 634933 723191 505779 601316 805446 892370 824783 809330 661866 804754 506544 494621 369817 571688 569253 597598 545326 580237 880299 746033 830073 713888 749844 625113 676318 646735 585389 758736 637103 621039
737772 651398 547677 484332 491951 690839 569478 634509 563420 763190 693181 621985 412001 491087 809805 737174 794526 611687 815557 801637 893623 629440 604664 739623 573753 689332 516142 637600 601054 473942 406583 590305 424696 364441 627048 692715 785990 830372 808729 729447 523387 637565 626653 496722 504570 457575 571247 805041 820509 806144 689189 696616 531705 690716 754700 806874 643777 868349 723775 820879 654374 578594
578532 688950 651294 421488 361323 575529 783584 601779 643478 738683 494653 608227 705789 430722 358369 925183 887492 827747 645546 601016 489629 853755 806504 897556 867538 518023 539355 590956 470301 614833 675940 597118 614925 497619 534376 538852 641828 776866 736842 776461 835974 541368 449411 325468 187451 576395 585601 407110 413615 770385 837134 713677 603014 615287 747546 602979 620544 583651 802402 630042 843545 546577
540444 480527 550957 683920 911946 823297 521752 519160 500629 631208 451324 187782 240747 593750 626532 527362 602228 658331 598756 659323 565942 522868 775025 867290 677816 783202 304095 395948 683328 642151 439711 588856 511572 508058 646171 644441 632588 720856 784911 504735 743047 877878 638180 581314 791406 570543 705525 589082 670092 769737 545005 577910 925934 980338 612717 502790 672508 865509 822449 689934 432187 411134
415574 712251 529751 437220 295120 555568 699656 540993 761373 646572 463208 354951 450923 431897 487813 678907 711010 480608 488523 494562 588594 876801 828303 926008 790267 516808 553852 676115 526867 740625 835339 732726 687801 470570 439842 477320 652258 688595 573726 762671 858039 792805 550487 472743 597945 422623 383086 681110 597321 653651 925734 680670 522007 589912 595133 478552 415242 540670 722331 667631 490983 375096
583865 641774 611146 441053 715831 473276 452832 468795 536174 453092 212959 471830 486163 450271 468169 716482 776988 843560 604562 630006 429246 619941 801611 898055 680045 597469 582641 637522 686767 579007 547384 458445 385038 450337 614859 675076 419186 607917 742799 734217 937395 778543 754112 483818 683413 840396 773613 318861 584572 553523 689350 783301 694618 712825 453340 511412 501820 804701 659415 625729 394956 566252
729546 480284 616838 639676 470326 772392 610274 548366 567293 487171 636790 493206 552507 635577 508137 543591 666221 751016 700380 404207 579828 579792 769404 740546 696561 458237 407736 859099 842763 584111 509329 521048 576370 364596 228506 279526 515577 575530 591825 662442 621367 711365 404223 555758 722296 612942 568628 483892 570462 716943 493336 571751 398154 486362 461367 550250 478840 507051 517291 585618 487296 298570
582394 793566 656053 555305 631508 388971 500715 437031 529887 513308 641017 699981 538479 324228 716865 841131 683922 662765 525537 657819 554410 659195 727041 568306 435860 579874 876838 728113 561368 508074 616962 454479 388042 475248 681383 491392 442686 766543 795402 1017771 823876 530492 467742 641187 682401 765068 694711 757197 523575 520172 599629 438301 446001 592254 564756 499802 572571 730820 570608 576158 578252 605148
671836 572608 774392 730498 468014 711583 537373 492099 452638 624319 548798 528136 556771 591306 519287 557860 697766 704858 821000 508950 700961 580074 568580 544888 441639 534618 577766 549486 473683 457456 352256 587541 651924 673923 553580 717395 650762 764633 776938 658365 579398 566485 406187 550355 922907 783683 646892 645537 781259 389976 227523 430637 666283 478819 536316 556575 340521 605987 757289 555495 622911 683435
753388 870342 654295 663970 430971 410925 668761 700850 917409 614867 845303 655979 662287 513570 680921 705229 770724 442961 511627 818757 734962 674418 415820 614963 244398 356284 479288 536804 497563 335902 600179 767318 603231 796472 766623 849508 809897 1005199 940243 624194 558243 435091 548614 810837 539584 692313 827878 839434 707417 628301 415157 400824 567073 550612 351567 306286 839982 644432 724402 939256 846301 744249
768665 697697 639783 542227 819201 635071 508345 584001 424617 727092 724182 711484 597969 454863 650622 486386 655214 887776 661492 584804 447578 646066 399188 461066 600441 533640 422166 359499 267992 661498 493200 486992 592509 862186 731923 627506 763945 847130 585608 652372 469608 671245 667465 536995 696547 399823 749838 844563 925488 467310 707783 543969 532255 422527 686386 771127 452058 773129 822961 791097 699101 824259
882708 723883 865283 589353 485763 663684 766196 665017 791656 715259 679472 735417 688706 451352 536738 838660 826427 340743 304703 589698 807464 568688 842535 572945 478890 671771 432181 491899 556620 408198 428283 584989 745498 685589 610323 685344 568524 608652 538726 420207 692563 523532 750583 655756 571039 739831 680902 716593 666490 762705 570216 755979 744100 651497 558072 532984 634489 491477 599871 709842 765343 571655
753649 521946 801981 574781 699792 571837 512589 524302 378721 563020 746679 582543 415045 630975 532565 684074 543226 545373 625212 417945 661183 714402 580447 801171 871315 579754 509455 567162 607296 683928 353048 574056 653032 814358 592956 362143 549380 493097 662831 475661 662289 634994 738680 768233 811203 530566 785218 675500 522850 682806 913415 840473 505188 747841 577538 956058 697838 643427 658379 509974 349375 613784
812556 569263 550765 717348 668710 439671 648321 546289 664802 383000 436711 503525 580623 391914 618864 591484 741146 366013 416571 613893 790777 758711 787146 712990 850866 875371 576171 592474 560457 401848 541270 606051 706635 580235 522160 368414 383052 369158 470576 712506 420599 713608 843877 768230 687503 878760 481273 368888 576318 589367 746800 775228 482769 668657 942921 679874 527731 636731 544919 696215 626779 337143
567863 558391 394438 320295 677315 927786 601874 639524 521012 447188 386481 555489 573146 749275 476196 518315 410490 531725 542810 654867 804836 733383 770122 624982 810584 544161 344250 533848 473609 663029 696956 686034 525003 374999 337564 302291 465369 797654 655133 615437 692237 533175 670457 790414 632003 714988 588960 451833 460519 715686 586437 304463 623563 598243 577163 859250 948857 772833 482154 409461 692141 598572
