500794 444672 461099 559142 373085 613586 627082 596492 552795 563847 366143 424763 549304 632391 452496 554311 620283 538491 701469 658489 911589 545929 345486 295286 596741 564578 540986 398427 603689 529541 566164 673531 524193 800774 619836 884273 714183 908307 898831 845946 586764 536425 642559 946691 659683 527877 680474 728595 447791 341709 530501 710152 703674 899188 672252 659441 694113 739682 544308 657764 938851 626121
353124 433156 537390 477164 782593 517379 725371 623640 571169 436094 314631 580513 468717 666762 790492 482687 480051 601307 815360 640902 367275 578364 585915 665716 429651 546756 269081 303110 313427 777149 722275 573538 761472 747407 747338 661346 789303 665641 639319 383098 592373 708682 443482 478222 867766 639408 536437 461213 606696 359250 285084 423324 466760 546283 775964 833181 714032 654807 886387 874584 572841 672519
471625 321541 269394 548937 341811 651253 358765 869258 621936 645198 587049 574102 674742 540423 576616 723373 648908 797259 604231 745141 729383 711259 350574 512847 713562 619603 570887 628516 730546 701106 759801 771768 707123 799906 773457 809172 949972 806192 804236 743983 390633 292365 743692 717881 478133 578782 787064 915839 554493 478378 490134 463092 803897 570747 621317 686695 850642 555393 611882 700555 798788 386203
386424 248507 447139 529274 409459 605620 721046 401113 596956 536658 626340 601869 521034 673066 811848 535702 667175 709008 494202 569122 455843 479552 781803 818383 735576 676812 421842 552393 584459 875515 872821 856523 680437 643118 812438 670594 615413 480426 512160 398001 626297 470583 548067 669739 720672 654392 685623 633940 681062 484846 460325 280387 340932 565335 745732 621439 483288 661961 696763 721760 673821 511344
458376 360481 188770 399407 460980 331858 553289 782950 542185 517024 548913 729656 777806 563395 576410 530132 542169 463768 756316 611436 788819 678128 422296 572453 570534 757287 729423 739177 871122 824254 703174 677840 789640 560002 484342 514174 789046 908744 582620 684486 368725 543443 586908 770828 418901 673236 693092 891734 577871 589996 738488 661529 731003 476942 441659 720851 760410 535581 505174 535490 372786 446863
410207 407334 469378 345732 398652 464082 712823 545644 606160 613580 823959 610485 292189 532203 385036 527263 492119 587747 539637 646522 347222 545785 606096 810134 760023 281993 606416 847960 820430 791248 700855 570468 564496 546584 692322 738964 466221 531114 753129 447533 488177 457953 380327 670486 741387 687619 935760 564637 711966 546853 786495 653157 418349 432731 764225 681100 558958 449272 591022 580773 535123 221153
463306 352677 451049 381000 647006 308707 618251 805973 719752 472984 486248 633522 545323 276372 236063 458404 471399 682421 714004 700386 775614 428865 634298 431476 534352 763036 600086 806340 678121 639832 485610 661996 474633 553260 329959 400660 705147 588042 518855 544524 266560 325660 662143 544650 675495 717745 630323 633855 709706 765364 626044 465642 647280 506682 523501 584252 804711 704024 497193 506157 249186 310920
525546 384343 476209 575143 507030 742711 475233 501003 664197 492363 763369 470616 502114 403506 487383 471383 678780 458920 552501 510674 540431 700984 641428 685422 681558 540247 756508 541557 725573 627931 709023 601619 595429 607347 757623 714988 572587 905896 672882 638853 531423 799747 632883 704229 470189 573291 647509 665094 742034 587692 523777 453824 390225 510820 638201 691022 358295 540832 585140 659952 432532 276647
519881 631075 602291 663936 484059 273072 462391 399452 502258 615810 464370 458356 409656 438796 691998 430120 602223 703183 692833 527643 604824 679711 847592 515125 576816 497540 766918 636349 623951 522508 437241 622286 708044 553326 504761 629963 634052 756886 772600 725461 633471 475221 652425 760707 497408 386147 735805 671217 561245 535438 488042 308685 396752 427931 341865 469429 413577 553348 604128 616782 358550 420692
602815 463323 528365 485189 406662 434637 524131 845137 443422 423239 543845 472856 851231 669066 779312 882306 718071 559680 395452 512160 830532 642119 721083 669184 548579 631092 663981 507894 583424 650789 859064 573856 488402 853444 998482 891914 874114 719626 706261 592241 782063 774463 846823 664697 834180 667979 481825 895831 668986 516244 621385 857055 604706 409498 365009 595057 430269 387739 585585 637849 599198 398020
675154 618557 663794 641849 752534 625585 556250 360384 717806 327225 575665 655736 612729 752998 380927 484408 497710 727735 786331 796709 546679 838081 692649 786559 552332 439559 369001 688436 771244 801759 612231 616295 577197 637249 562664 676280 804622 658234 661219 567214 559697 518424 507044 869340 647122 740133 872641 545535 617080 459652 554390 658674 494031 621691 694396 516630 540136 615395 351499 379194 226606 478969
794599 710018 606829 576584 652989 514866 911837 799245 667064 441438 411219 681442 712637 551944 585301 685899 924465 813429 764489 740994 790376 591304 664290 372759 568242 695706 689933 470508 711140 966550 850856 660383 502418 387462 776690 645875 550868 491957 570368 582297 470255 471457 605960 459265 544300 655753 807694 764919 604958 801894 773311 767480 468294 528023 565378 926489 465085 388120 659002 732088 609932 591038
636646 932022 905188 778283 687401 562338 546326 576379 591156 553329 872630 621483 590025 482342 494580 317586 519665 645122 678078 660323 776813 609562 633286 915552 537123 551828 408180 939173 924575 950387 719598 352634 492679 660276 361046 592378 890619 576409 422407 358668 508654 339674 556830 587735 628568 708694 839556 572358 598343 569615 491133 432464 509152 767474 913669 495501 548552 403759 391352 413979 617000 715700
872653 530665 708539 544615 570217 561997 828976 777418 791174 709459 551833 749980 744696 473296 354506 594238 719469 719706 790716 637477 627821 679571 705794 700720 704883 805799 827217 760322 763171 726652 837637 837868 586868 429963 514063 691546 505794 622048 833804 581398 537081 712788 412673 547928 475380 644201 666002 856476 549681 857059 754179 695328 502533 629182 666268 618317 391211 371094 551820 784509 622986 666118
756579 710101 472604 638089 731161 667578 679077 703179 502668 596402 675157 675173 494635 700823 632291 558317 541306 422097 454096 625653 648727 778448 657885 797562 653048 611795 542014 726193 957162 747359 447094 683474 743957 692074 563696 717006 901134 737325 699723 751273 493201 354670 592760 388651 860410 731555 610622 677622 771681 884866 819904 585865 696664 592362 681749 592557 234054 156909 266658 305749 660717 720523
492052 465380 682701 643893 559813 614784 658056 633991 671461 543890 714562 646191 884525 489901 269194 430009 423272 645803 454183 870010 725125 611208 554753 478155 451551 702408 844768 904179 608361 659623 807829 676746 492963 691902 672418 503234 717569 957246 661616 433984 409177 472912 536283 752757 478589 575276 663977 679255 676050 809879 691554 511896 316490 689921 584297 469687 352996 355313 373490 526706 333943 325445
729830 513854 373935 562662 818575 662974 531631 244504 379657 233177 560126 583441 577148 561561 618659 689892 584582 641060 621605 364304 592388 724518 541277 316875 465751 367258 492828 469402 677112 548232 258260 571209 748342 583197 695128 766668 678483 726526 834499 427714 419087 555608 580599 426254 536924 669600 675402 838131 795482 768137 500685 536220 388251 292639 440276 467517 500865 211258 192455 340737 697681 763319
601402 804112 725804 405143 360810 598067 556537 577415 280526 540254 688581 650594 500536 582314 721830 563874 640837 453461 510376 669235 623993 509886 340694 210809 412532 587968 499500 941293 507143 479610 413420 576104 841778 749332 610159 673114 774106 617871 322408 487292 670346 512179 640713 474174 542569 529589 1031937 876441 715263 595534 511769 186690 400639 415917 543142 362523 342652 430650 596771 650310 513040 507844
792148 656274 638851 656678 463307 469699 429652 546778 569214 787642 537719 601258 492984 456160 693953 718132 514786 626365 499640 508466 606156 649620 479256 496382 448408 562801 617053 367050 602150 419361 731604 655875 672629 708266 524882 531316 552958 634294 861944 599985 685632 625982 380216 602579 892672 986134 840121 712436 854652 512669 391984 617950 634903 477437 524533 560752 523271 439900 519277 582557 597294 509020
916166 871754 687354 525235 708124 704424 650375 710079 676309 571333 633153 465941 674235 852136 622482 841016 628795 457008 479220 376830 690599 750931 542933 507371 759810 660173 485091 615820 766034 600731 597558 604132 629261 706379 665691 581644 557179 631247 531933 865366 667287 810965 738414 602711 518346 654580 808603 714148 691877 888941 771141 537209 374410 625330 392192 631746 550067 673386 758643 768673 525931 549296
720836 777189 672541 625819 429364 491974 830573 889835 991117 686996 493689 550956 633886 719531 811190 502301 547460 514446 476703 695894 755268 623215 629368 563260 663130 616523 615407 677437 602017 722658 563198 514595 420253 405319 568983 477132 726007 621042 672602 516599 633716 437318 489895 543165 847184 665434 649589 665560 808613 818268 568255 641669 584574 510339 819472 588900 616563 507510 535442 731742 600022 411979
422094 690114 520365 574633 685799 826437 688186 620259 317741 481581 765495 915908 1042803 598079 554466 469568 595010 491651 694729 579955 839844 658398 496068 588495 711514 557546 687784 774146 931427 625322 625118 586460 527463 279044 434730 468841 515474 736143 727605 639073 825974 674111 651429 467845 696904 801050 496837 661383 662531 920759 648833 317751 484057 770232 827449 539155 361064 669129 843519 650443 809655 573895
470595 549696 581707 555294 685187 441926 524966 676957 827798 556568 474244 816789 835789 710989 396942 601331 671175 710191 492759 719984 761663 795278 597911 758639 665981 559491 445566 834740 691887 631719 374159 338148 494480 713842 409129 593605 564802 438077 589327 690238 531911 490700 792396 722544 517718 690788 786641 628937 901342 631784 711456 652185 581779 819994 608916 760088 685800 464849 910188 830236 742014 703292
477160 505718 731350 661441 574946 786895 717628 247801 295497 427068 776409 785598 802493 693261 719391 511257 441697 699826 780406 804406 756303 925000 861501 642143 692195 753339 833493 452387 409088 423109 660662 621450 458809 337339 529378 256750 469808 781067 567266 500550 800592 920577 704032 730943 835831 362376 666619 626351 455634 715844 598791 853907 528565 735437 856392 502764 488513 763542 674436 833405 951244 707380
779983 719854 579035 737874 845957 501660 387128 566851 380785 385348 378103 737573 596907 606035 346399 648299 793239 549815 559240 702484 746517 585299 596646 702684 738238 547278 442114 534015 673465 463813 413349 541460 639827 601977 334503 530815 475671 376014 505177 685727 514759 735186 735172 409767 576274 730096 456285 646763 881208 885799 856512 477640 699636 760030 653300 500225 595967 542350 916433 878585 731922 625537
730406 708489 734531 689558 664029 724755 613203 371954 394842 408865 369724 442059 525199 589550 833058 445852 478109 707010 415141 615941 715115 775138 680878 816904 751538 557226 712748 456968 362340 595556 350041 503267 236165 479372 356783 247871 424914 676923 328642 506248 410017 514108 485422 821955 557314 493638 565225 636963 551944 566671 483007 726606 723019 706237 704224 401202 262612 661671 772092 717900 592825 413415
504763 450639 770224 762323 855703 540982 329517 355382 415714 549070 268128 366187 599234 516693 539015 846892 524439 449983 623238 774840 638799 595289 397072 369929 659862 731531 508660 546232 544486 633631 565556 530202 577890 338151 438474 542784 247284 498384 577136 568116 608600 717419 585362 595136 509428 526218 571208 728118 479821 572185 747631 747799 845843 876401 744932 568226 566338 444676 599391 466221 721842 559328
619009 484923 476517 447662 329531 544378 768716 843354 442413 179374 460536 211032 498400 952610 854762 522168 766080 675146 530054 526567 718126 490190 762164 504281 448945 338140 552566 642521 421053 480226 676612 566224 596364 609774 273799 225962 670603 545376 454362 446468 403810 489089 565804 439478 550746 610651 451079 602007 646734 348142 364813 414778 841048 755416 808869 598901 546651 543206 492859 583974 352147 304750
623541 531528 419116 534420 847592 714364 710964 648306 774073 457865 219462 768096 711422 662285 639133 712508 690191 612485 718989 587370 837189 751633 286729 370369 400325 750998 546283 318104 687046 554520 667473 760730 621026 263689 558636 654130 471843 579910 607220 643452 744243 456623 516910 542929 348753 523086 565186 434373 367462 575847 737674 463404 333935 733392 809753 721013 493836 478353 276574 316176 578281 685284
464002 513764 469760 411975 531631 665850 800667 936695 523071 409263 392798 345648 564091 556237 549154 517853 673559 487601 452108 584555 501813 598727 646833 467813 732917 495696 605459 422072 431037 685905 758046 464945 498914 551613 559283 366376 547402 385415 428684 451859 524456 468493 388004 523698 607239 305128 563560 784036 628004 347752 343960 482040 532185 315626 558797 656954 604827 353048 519294 703029 679409 272650
577323 421846 559102 748304 658808 666062 744710 667930 661164 501815 494046 651285 461744 573639 334399 554559 584878 707430 406839 747628 734746 553712 440139 558684 482963 472529 557590 506949 585033 522662 631146 527581 650675 330818 316228 502309 540534 535122 511857 751085 872413 607595 622481 283262 517644 686913 521086 573433 734952 695347 437995 350361 413864 685775 480649 553688 531815 472380 391939 595845 630582 703623
610535 692963 648125 477500 355556 349170 376032 668255 419749 546620 434988 581026 624607 623655 732756 631675 344375 435185 583406 619640 447996 452820 382756 624943 1011709 707964 356644 462446 875122 587538 572008 588226 486802 573741 378032 382218 367266 519940 477709 713487 786598 465105 289689 680243 567586 597310 753183 724491 774325 580367 428007 653166 536004 458814 676351 776698 498138 619108 744004 821574 839280 607163
411414 419605 619191 797029 565801 483049 315068 400078 549147 749210 703144 570622 703246 768285 450880 611755 671010 439778 474605 597140 313619 261906 474633 763988 658570 618355 868157 707052 671198 921010 594217 744871 687713 602237 376946 746470 592563 291474 666347 576432 525705 556955 511212 368342 595033 497602 696580 641331 462646 658891 709710 661099 815214 779548 350925 698648 738548 549839 757863 797889 845462 821257
647849 876463 764925 621097 500293 453754 559915 759267 686965 600288 710553 767861 496019 854087 833122 568105 488166 497358 360989 422503 494166 520624 600516 825099 945491 642442 675457 886262 878480 540023 561145 684163 617491 663394 488606 378745 626497 682749 390642 697370 527020 265778 303929 539520 654328 512366 255018 569350 812287 504523 716562 843746 781176 592919 628940 290580 550974 662212 877100 964846 607463 608675
593702 639463 763613 635510 641800 730134 633263 551345 704034 702138 421004 353751 627243 427898 784318 730388 561421 515462 589944 592485 503455 559423 611803 813330 614199 813715 712289 614628 458089 671516 634651 557781 595330 645240 615308 705528 457070 608654 587999 487656 287605 566691 623678 435295 224435 387191 653984 405325 432736 728333 657736 603208 822019 652946 559615 449729 586408 721968 751477 816076 736577 578592
927098 772863 432963 553278 714474 769590 778686 597178 515845 695572 697315 364256 547727 610485 589824 713790 932610 435050 551333 668557 652640 798917 839804 775579 540087 414316 447534 666672 679320 433499 407870 610067 423153 654546 577412 691411 312445 623723 674392 755366 699685 581711 552726 538760 518834 575317 385698 405828 589811 571307 687364 541177 678762 354302 455927 232056 434172 568837 698025 540500 726453 515264
511851 648507 526725 674084 849167 733064 532288 568946 634375 576101 513684 498822 517190 583376 720675 877444 498934 576582 583781 743347 963401 911331 692683 704495 680060 724187 543871 364667 371189 370096 366001 461253 694592 482583 561369 593770 714833 832423 596377 293222 521699 533270 615611 355541 603035 568305 504092 381983 374732 506020 636830 520176 662369 564183 387451 503609 467012 606649 798468 709204 671241 682700
880831 562273 316846 443042 706706 905946 719919 516413 635810 714652 623212 464430 615108 724479 689599 591237 582784 410901 432577 639769 722918 669964 724636 577229 643998 456753 419639 497059 640977 675769 632331 309871 508655 768008 624532 660112 726013 498768 686972 764197 690088 852254 421002 526852 305587 426686 356215 269146 444436 634437 861250 744518 507373 398168 409021 677052 806424 761962 607003 909385 743671 727932
460393 569830 488350 500850 573224 465371 657457 801469 751386 646905 725480 613516 746409 469751 664449 637481 506668 528329 579163 679495 731017 692514 647021 821462 649592 683944 514090 639390 582707 130605 462476 655924 613345 477650 952981 553003 493609 787541 730333 554756 526311 489486 635031 374250 408621 457042 482722 484433 628392 806967 571832 659844 397145 575690 550647 586894 796660 878671 642643 523590 667056 604098
670778 558463 408698 425187 775788 619528 512395 266537 529904 499130 573231 666930 579224 799941 739470 528566 496903 360261 572852 513688 517511 680245 587494 650080 546236 645025 537734 496158 704903 714715 597234 615717 715215 707731 574835 694436 715756 725159 678713 639387 975498 757267 457898 396258 452866 562306 370058 606866 562429 685196 691213 632225 762578 495200 900304 887964 599768 589090 616925 832371 663226 747509
679042 635429 604714 626093 540400 668924 586842 540961 608413 751012 437222 642599 797040 725425 785597 756953 571410 774572 501206 687296 531211 471358 425538 476149 507671 448853 737222 865675 660994 525430 546222 424456 622876 865635 811454 584132 556052 677828 664061 577878 569180 841353 482532 457351 467225 656719 753605 541957 509881 553343 692956 591289 562925 609053 612604 873715 588534 544601 400897 502232 811648 370123
749455 813650 692627 618975 600028 421773 566101 575889 286480 297370 695279 682918 685806 872675 688665 706901 653028 582492 420059 443452 552911 728565 709262 514058 648020 625753 813174 641087 835893 734400 726116 707726 772844 794478 661832 851128 688541 712728 578108 535492 592693 449016 497672 494217 530491 496584 442124 574209 616620 390128 559236 503509 824638 838285 762915 735414 838942 551264 855569 718826 552861 714279
435243 508220 597232 674403 568889 674515 489849 538526 651329 659327 587260 800635 614437 763013 824486 695443 545395 500547 713247 455324 429682 468956 638117 432205 575465 516003 496513 989363 825983 659591 770348 689188 544495 703025 883221 503029 877653 761966 475091 431931 744960 488179 300339 276178 526136 771115 707121 567249 365888 464352 591095 741131 590396 854425 981348 702379 677292 677770 529275 733577 793054 647720
592027 753782 527615 461287 442035 215941 407412 283588 592978 727015 809482 586476 661484 653757 790257 626181 727410 596049 712059 545167 658979 571253 737429 605126 244838 516686 695488 543782 776072 681358 592038 721919 834508 730835 818740 812904 656345 639163 644721 401816 593834 643018 446052 442107 434865 596414 694638 756442 611824 272222 424746 684157 824399 496862 647594 685247 672896 971191 807060 619877 628641 649074
538374 226322 379377 207584 274119 451816 430627 636130 609885 881566 791825 669794 435835 609304 564809 753573 619576 933242 536574 367851 461249 811114 478098 300120 326484 532210 754603 815684 523293 808954 918299 753324 614709 776087 814112 780749 711567 537757 543807 625692 557601 625819 414124 397540 380115 666379 713213 653032 343340 595253 690464 677961 654757 766309 633689 661708 627283 407283 534230 925951 843832 930192
456562 544708 379137 447499 472475 499629 414468 510488 514018 585326 759890 681806 620030 697283 667837 839598 961974 892595 906667 802810 577262 380796 529132 576331 476081 618476 705766 681872 766587 627623 758928 556089 740522 937068 975658 653130 604568 606712 488941 627945 980761 761135 656593 571387 533323 551216 596432 622550 682662 549685 907171 805527 741691 335983 420598 573466 453037 734889 626202 698789 889149 687696
468768 586648 488223 489912 302343 591918 433225 399787 424066 721136 656996 561543 634153 684676 830868 814181 794734 909797 684071 693914 830875 762832 559185 385948 754093 681341 907500 936494 762472 678694 800836 902691 724847 795195 968605 764107 554564 651337 783572 714726 649707 636283 716787 673747 639288 266614 666905 642862 715078 786645 835754 608271 410665 765838 747992 613321 757972 687543 876612 907246 812705 759483
650141 856810 660859 517715 306292 403131 523308 572925 540617 707013 843326 815423 663602 706509 545189 895185 893585 1027330 892183 936977 694852 460530 669905 851000 901403 805060 652575 593061 651599 842433 709443 403806 634933 723192 505779 601317 805446 892370 824783 809330 661866 804755 506544 494621 369817 571689 569253 597598 545326 580238 880299 746033 830073 713889 749844 625114 676318 646736 585389 758736 637103 621039
737774 651399 547678 484333 491952 690839 569480 634510 563422 763191 693181 621986 412002 491088 809806 737174 794528 611688 815558 801637 893625 629440 604665 739623 573755 689332 516143 637601 601055 473942 406584 590305 424698 364442 627049 692715 785990 830373 808730 729448 523389 637565 626653 496722 504572 457575 571249 805041 820510 806145 689189 696617 531706 690717 754701 806874 643777 868350 723776 820880 654376 578595
578532 688951 651294 421489 361323 575529 783584 601780 643478 738684 494653 608227 705789 430722 358369 925183 887492 827748 645546 601016 489629 853756 806504 897556 867538 518024 539355 590956 470301 614833 675940 597118 614925 497620 534376 538852 641828 776866 736842 776461 835974 541369 449411 325468 187451 576396 585601 407111 413615 770385 837134 713677 603014 615287 747546 602979 620544 583651 802402 630043 843545 546578
540445 480527 550958 683920 911947 823298 521753 519161 500629 631208 451326 187782 240747 593750 626533 527363 602229 658331 598757 659323 565944 522869 775025 867290 677818 783203 304097 395949 683329 642151 439713 588857 511574 508058 646172 644442 632590 720856 784912 504735 743047 877878 638181 581315 791406 570544 705526 589083 670093 769737 545007 577911 925934 980339 612717 502791 672510 865510 822451 689935 432188 411135
415574 712252 529751 437221 295120 555569 699656 540993 761373 646572 463208 354952 450923 431897 487813 678908 711010 480609 488523 494562 588594 876802 828303 926008 790267 516809 553852 676116 526867 740625 835339 732727 687801 470571 439842 477320 652258 688596 573726 762671 858039 792805 550487 472743 597945 422623 383086 681110 597321 653651 925734 680671 522007 589912 595133 478552 415242 540671 722331 667632 490983 375097
583866 641775 611147 441054 715832 473276 452832 468795 536175 453092 212960 471831 486164 450272 468169 716483 776990 843561 604563 630007 429246 619942 801613 898055 680046 597469 582642 637523 686769 579007 547385 458446 385040 450338 614859 675076 419187 607917 742801 734217 937396 778543 754113 483818 683414 840396 773614 318862 584574 553524 689351 783302 694620 712826 453342 511412 501820 804701 659417 625730 394957 566252
729546 480285 616838 639677 470326 772393 610274 548366 567293 487172 636790 493207 552507 635578 508137 543591 666221 751017 700380 404208 579828 579792 769404 740547 696561 458238 407736 859100 842763 584112 509329 521049 576370 364597 228506 279526 515577 575531 591825 662443 621367 711366 404223 555758 722296 612943 568628 483893 570462 716944 493336 571751 398154 486363 461367 550251 478840 507051 517291 585619 487296 298570
582395 793567 656054 555305 631509 388971 500716 437032 529889 513308 641018 699982 538480 324228 716866 841132 683922 662766 525537 657819 554411 659196 727042 568307 435861 579874 876838 728113 561369 508075 616964 454480 388043 475248 681383 491393 442687 766544 795402 1017771 823877 530492 467743 641187 682402 765069 694712 757198 523577 520172 599630 438302 446002 592254 564758 499802 572573 730821 570609 576158 578254 605148
671836 572608 774392 730499 468014 711583 537373 492100 452638 624320 548798 528137 556771 591306 519287 557860 697766 704858 821000 508950 700961 580075 568580 544888 441639 534619 577766 549486 473683 457457 352256 587542 651924 673923 553580 717395 650762 764633 776938 658365 579398 566485 406187 550356 922907 783683 646892 645538 781259 389977 227523 430637 666283 478819 536316 556576 340521 605988 757289 555495 622911 683436
753389 870342 654296 663970 430971 410925 668763 700850 917411 614867 845304 655979 662288 513571 680922 705229 770725 442962 511629 818758 734963 674418 415821 614964 244398 356284 479290 536804 497564 335902 600180 767318 603231 796472 766623 849509 809898 1005199 940245 624194 558245 435091 548616 810838 539586 692314 827878 839435 707418 628301 415158 400824 567073 550613 351568 306287 839984 644433 724403 939257 846301 744249
768665 697697 639783 542227 819201 635071 508345 584002 424617 727093 724182 711484 597969 454863 650622 486386 655214 887777 661492 584805 447578 646066 399188 461067 600441 533640 422166 359500 267992 661498 493200 486993 592509 862186 731923 627506 763945 847130 585608 652373 469608 671246 667465 536996 696547 399824 749838 844563 925488 467311 707783 543970 532255 422527 686386 771128 452058 773130 822961 791097 699101 824259
882709 723884 865284 589354 485763 663685 766198 665017 791656 715260 679473 735417 688707 451352 536739 838660 826428 340743 304704 589699 807464 568688 842536 572946 478892 671771 432182 491899 556621 408199 428284 584990 745498 685590 610325 685344 568524 608653 538728 420207 692565 523532 750584 655756 571040 739831 680902 716594 666491 762706 570217 755979 744102 651498 558072 532985 634489 491477 599873 709843 765343 571655
753649 521946 801981 574781 699792 571837 512589 524303 378721 563020 746679 582543 415045 630975 532565 684075 543226 545374 625212 417946 661183 714402 580447 801171 871315 579755 509455 567162 607296 683929 353048 574057 653032 814358 592956 362144 549380 493097 662831 475662 662289 634995 738680 768233 811203 530567 785218 675500 522850 682807 913415 840474 505188 747842 577538 956058 697838 643427 658379 509975 349375 613784
812556 569264 550766 717349 668711 439672 648323 546289 664802 383001 436712 503525 580623 391914 618866 591485 741148 366013 416572 613893 790778 758712 787148 712991 850866 875371 576171 592474 560457 401848 541270 606051 706636 580235 522162 368414 383053 369159 470577 712507 420600 713609 843878 768230 687504 878760 481274 368888 576318 589368 746801 775228 482770 668658 942922 679874 527732 636732 544920 696215 626780 337144
567863 558391 394438 320296 677315 927786 601874 639525 521012 447188 386481 555489 573146 749275 476196 518316 410490 531726 542810 654867 804836 733384 770122 624983 810584 544161 344250 533848 473609 663029 696956 686034 525003 375000 337564 302292 465369 797655 655133 615437 692237 533176 670457 790415 632003 714989 588960 451834 460519 715686 586437 304463 623563 598243 577163 859250 948857 772834 482154 409461 692141 598572
