8 59 103 3 86 122 46 102 123 69 123 107 86 76 68 61 103 28 108 88 67 103 105 69 6 116 109 49 3 60 13 57 54 11 2 56 81 124 46 102 36 39 69 23 14 76 73 52 122 118 98 95 29 48 83 90 76 117 46 125 123 24 26 59
102 123 11 14 57 106 20 108 89 78 77 89 49 17 89 6 0 117 64 36 94 18 92 87 28 75 88 57 12 123 17 60 42 1 111 76 13 17 101 22 54 120 64 94 20 33 68 16 22 51 95 61 83 47 53 18 49 112 108 10 121 20 61 70
49 95 41 84 78 3 55 48 114 95 35 115 88 71 107 21 16 79 59 65 18 81 50 88 84 40 119 74 107 41 107 66 68 71 26 85 95 66 73 28 79 92 37 65 8 39 61 103 59 54 36 124 8 121 63 58 21 73 31 70 50 111 75 29
76 98 103 57 93 8 108 85 5 119 24 57 5 80 12 61 5 18 17 61 10 123 54 5 90 31 37 46 117 31 30 125 118 90 74 51 93 22 67 44 53 118 50 78 64 106 57 3 109 48 91 14 126 121 3 81 93 66 17 97 75 123 41 109
4 27 49 77 109 81 103 122 112 68 60 97 73 55 16 85 104 118 25 34 52 47 76 15 15 56 26 119 10 116 2 14 47 48 100 87 31 59 0 15 64 85 110 11 97 21 17 88 20 27 53 99 101 97 31 28 64 93 40 21 45 90 97 89
15 62 29 4 111 111 6 100 91 12 25 40 41 98 83 38 32 110 71 88 34 33 72 54 109 112 86 56 24 85 54 29 119 105 113 64 9 50 100 96 13 39 103 102 65 15 58 13 2 105 55 98 33 81 42 15 7 124 108 37 13 121 51 28
46 65 53 17 44 10 23 50 105 36 91 122 59 15 76 34 80 93 78 5 11 75 121 82 89 96 57 124 72 71 44 91 39 65 70 32 35 57 40 68 41 13 84 91 6 27 30 6 31 15 35 19 76 49 15 79 19 23 99 67 14 115 54 31
17 98 56 80 108 104 51 119 26 116 22 91 27 65 35 3 34 51 79 90 66 116 38 121 120 111 10 7 106 28 113 103 103 103 24 114 61 112 4 47 60 73 118 100 33 24 60 105 104 67 12 11 58 30 69 39 24 8 2 122 112 85 50 3
118 49 26 20 87 3 83 33 13 121 32 52 20 72 1 111 43 125 22 9 83 115 124 116 115 33 31 74 11 4 98 25 59 33 29 26 124 67 51 120 93 57 104 103 18 53 94 3 92 55 78 69 64 80 76 52 55 68 66 65 15 7 43 2
75 57 66 33 76 59 0 87 23 86 36 123 105 105 62 57 98 88 51 35 82 10 37 96 22 85 33 64 101 25 53 9 41 113 106 119 36 49 52 24 3 117 74 116 46 68 6 16 85 84 89 91 57 125 18 84 86 41 71 116 41 110 15 73
77 107 57 30 88 115 77 105 9 99 15 87 109 110 66 75 110 6 53 91 27 90 119 28 50 103 61 104 25 29 13 125 117 3 120 47 50 42 73 43 51 121 125 11 78 75 30 69 54 13 95 111 111 29 82 94 27 41 57 93 70 98 29 86
105 110 111 27 57 125 116 38 116 113 58 91 105 64 61 64 117 77 49 92 88 5 120 3 92 53 44 47 33 65 96 118 19 34 52 53 110 120 102 112 90 103 105 28 48 28 86 9 108 88 46 70 82 4 52 91 20 119 102 91 122 100 123 27
89 122 96 75 62 60 95 83 8 60 39 36 111 10 64 38 56 41 66 101 2 56 116 28 26 78 99 12 109 114 1 14 63 70 66 102 100 23 22 76 78 120 28 31 68 126 33 42 123 53 19 114 104 5 48 84 9 76 107 75 112 87 84 100
119 92 116 94 79 76 49 38 25 103 62 123 64 18 25 124 50 49 42 37 47 115 106 115 80 9 2 1 13 72 98 56 34 39 94 105 102 38 88 87 18 81 25 3 30 66 35 34 92 94 65 5 73 36 65 45 35 91 23 106 21 102 118 52
71 120 3 12 118 114 110 76 114 112 121 83 100 50 31 33 62 32 56 10 73 117 70 70 2 3 103 22 16 37 101 92 39 5 82 75 53 88 40 105 15 122 4 111 78 78 48 95 8 87 79 54 87 32 12 34 21 49 25 2 58 45 44 5
60 73 18 11 66 8 122 71 58 107 3 25 106 29 21 24 108 80 89 123 25 35 91 38 43 102 59 31 71 93 76 14 17 77 96 126 49 19 95 48 12 82 35 45 38 71 55 22 121 96 38 2 44 62 64 119 45 93 108 98 57 96 97 53
81 103 23 55 120 96 42 81 51 9 124 45 40 103 54 82 101 5 51 22 29 72 21 13 14 79 74 74 0 2 33 24 53 79 126 25 72 29 82 91 74 43 58 122 51 3 28 61 67 82 112 98 94 77 109 126 75 34 121 18 93 0 48 58
64 112 47 72 93 64 26 114 42 46 31 37 81 43 100 18 27 94 18 107 54 32 12 76 69 98 48 68 5 110 113 63 3 1 104 122 51 121 8 65 47 63 60 117 123 93 86 86 103 58 73 27 55 112 103 30 116 47 66 61 71 82 103 77
95 44 6 1 105 118 69 88 102 48 54 115 53 5 63 82 11 34 3 87 65 18 119 90 115 55 115 93 113 4 24 23 20 26 104 30 51 76 36 6 113 92 11 73 110 86 40 106 8 98 24 72 114 92 8 52 102 114 113 24 68 73 93 39
1 26 99 28 56 47 112 98 81 18 102 116 121 61 30 126 45 13 20 47 82 51 23 67 87 60 68 101 75 60 66 56 106 64 115 69 67 103 64 32 119 25 27 22 52 16 82 85 81 110 5 19 105 60 115 87 54 92 40 88 77 95 81 55
38 77 59 59 53 85 79 61 63 62 44 35 66 9 114 45 10 45 79 50 29 19 68 45 108 113 14 73 91 81 113 118 35 80 32 124 125 31 41 97 102 87 90 31 111 68 47 49 121 88 72 68 68 21 62 25 98 122 43 37 28 66 17 6
45 27 50 121 83 90 51 44 111 50 83 63 83 64 93 123 96 119 98 31 8 13 105 8 40 117 41 105 22 80 61 71 46 101 32 28 13 12 78 56 65 50 80 48 32 57 62 66 34 46 72 98 84 41 126 29 22 38 30 66 56 69 77 16
4 49 88 122 125 51 18 59 32 33 52 9 16 56 71 31 30 120 105 115 16 52 9 85 81 107 42 44 110 116 69 16 77 57 57 5 38 50 12 88 4 63 59 91 120 92 116 104 121 1 31 112 78 58 80 63 38 118 3 53 67 47 60 18
116 53 34 12 8 57 72 116 34 80 9 85 42 90 84 105 13 40 111 24 82 7 56 105 112 12 78 78 15 59 68 11 48 74 121 32 19 115 89 126 81 110 71 50 30 92 92 59 76 84 19 53 41 47 118 95 2 102 112 27 24 13 107 50
9 29 82 60 109 62 31 13 71 63 59 55 10 83 19 61 11 4 109 117 66 125 35 125 18 26 96 54 115 66 76 41 41 81 102 104 72 42 38 26 10 41 58 106 0 80 32 99 116 125 39 54 101 61 79 21 119 63 41 125 125 30 10 111
105 16 65 15 16 114 0 38 34 112 32 52 31 43 2 108 28 109 69 91 39 21 108 121 70 5 60 58 69 118 2 41 118 107 14 58 114 32 120 98 117 28 32 73 33 108 56 35 4 32 109 75 28 117 122 37 1 37 40 35 69 114 5 39
92 100 29 95 78 117 4 97 47 122 67 80 35 30 31 78 86 60 66 18 36 14 8 37 17 76 103 101 112 14 61 27 82 102 112 122 105 104 100 48 54 4 14 117 106 59 30 42 29 112 10 19 23 113 63 7 29 40 31 46 20 40 106 115
122 51 93 69 66 40 2 43 103 41 83 22 14 124 125 104 71 0 17 113 119 81 41 52 31 116 107 87 64 106 107 28 26 66 74 55 36 50 41 76 24 57 79 52 99 13 83 54 122 18 122 41 35 12 70 24 96 71 42 45 62 107 12 56
87 84 12 23 107 115 17 37 112 85 11 42 30 124 90 23 100 58 3 45 2 48 95 6 85 15 59 125 114 79 32 117 62 126 53 33 40 101 62 37 89 77 20 117 53 36 66 116 50 116 21 122 29 13 47 43 87 47 117 16 48 76 93 125
111 85 3 42 39 85 27 29 47 25 28 109 50 70 52 20 79 49 87 114 62 67 81 126 13 82 25 61 29 32 77 2 24 77 32 38 43 57 3 61 6 58 91 102 36 38 122 61 42 70 85 17 111 51 75 18 56 69 7 62 112 42 97 93
17 54 12 76 102 81 28 43 14 121 105 14 84 69 19 64 66 52 110 108 27 104 26 19 71 102 119 89 117 33 124 4 6 44 58 68 108 110 110 53 72 125 68 86 2 85 81 120 12 104 89 34 126 95 2 114 119 29 45 40 92 80 87 10
124 58 82 55 107 12 92 69 8 116 29 63 98 27 81 25 117 14 37 0 63 64 73 102 2 75 77 18 60 107 71 14 3 37 9 49 32 15 65 77 78 5 13 23 12 16 28 28 50 70 61 64 43 21 83 111 104 65 66 0 19 115 36 87
123 15 121 93 40 77 36 34 124 118 108 11 60 3 89 111 89 85 100 107 92 69 85 112 88 102 37 44 54 101 12 5 43 9 6 17 15 55 26 108 61 82 89 25 26 41 46 11 57 78 23 17 31 111 53 57 89 103 46 50 34 3 43 18
31 4 38 120 109 42 99 78 72 103 79 3 43 92 109 94 72 47 16 11 112 93 25 46 42 62 58 37 39 108 109 92 28 10 121 60 85 108 72 123 75 93 5 62 18 111 115 31 71 89 41 52 116 38 67 18 19 110 74 34 106 26 0 9
114 11 123 2 89 17 13 30 64 99 116 119 15 102 56 98 72 11 119 120 35 118 87 69 4 117 114 46 42 28 74 31 24 68 84 18 60 125 11 104 110 98 56 104 46 10 40 32 6 69 86 103 85 109 49 109 77 104 100 74 126 8 26 91
23 65 107 107 116 44 89 46 3 53 25 12 15 96 80 124 90 32 108 126 117 50 104 12 19 75 12 20 102 62 72 64 97 56 27 62 63 72 94 112 59 51 114 23 116 7 80 117 39 74 70 27 35 104 4 79 0 87 9 0 82 86 18 110
116 87 111 91 27 104 26 56 7 49 92 105 58 49 97 19 57 24 101 52 65 125 81 95 25 108 15 107 29 44 14 83 74 80 28 76 119 73 78 25 110 106 37 78 35 112 104 1 71 96 105 48 75 92 60 118 20 100 107 91 111 22 119 72
79 115 49 23 14 54 47 68 76 29 35 19 1 80 106 126 121 28 5 12 49 51 12 67 6 17 24 31 56 11 99 94 40 69 95 20 38 22 43 24 35 9 102 84 88 102 65 100 51 109 9 55 115 88 71 118 51 68 116 4 74 40 38 87
113 43 54 68 121 7 54 59 39 73 25 74 53 1 110 4 43 20 60 37 77 113 79 56 48 115 73 72 97 28 113 125 95 106 48 118 56 103 115 27 103 34 108 92 117 77 61 15 1 48 30 93 9 65 94 122 58 94 120 117 71 59 78 30
23 10 23 67 3 83 59 74 41 6 3 31 23 52 65 98 50 39 9 30 23 17 85 5 74 105 91 40 90 46 22 10 61 2 22 59 49 59 30 22 12 9 28 23 97 123 95 23 17 121 70 11 78 2 84 107 49 118 15 8 118 62 9 47
115 115 119 112 47 38 73 92 81 84 120 17 20 119 37 13 30 60 53 64 118 106 0 77 51 91 44 93 27 93 44 21 41 67 42 94 42 41 72 70 46 24 10 42 121 46 21 68 0 48 28 31 123 94 118 86 74 78 124 126 91 10 48 65
108 79 42 113 72 97 3 40 111 116 122 45 124 116 47 88 24 39 82 26 122 59 100 15 40 106 50 105 103 13 119 57 2 112 93 2 126 20 66 25 19 51 101 84 51 70 19 86 31 10 32 113 21 14 109 123 88 92 120 72 118 91 32 54
43 116 81 112 40 69 53 47 9 47 126 126 111 78 74 8 80 33 118 97 14 120 118 22 125 64 37 59 105 52 11 12 68 99 55 51 14 118 54 12 49 16 49 31 49 69 60 91 55 4 52 50 23 0 89 126 28 7 39 80 96 57 101 71
37 103 5 29 8 28 96 34 18 60 10 105 84 14 114 91 40 2 28 73 63 113 19 43 56 78 42 25 45 95 8 40 29 39 90 75 15 108 108 117 61 103 56 77 114 62 98 87 15 53 1 57 90 44 126 12 62 36 31 43 82 63 17 64
124 118 64 67 34 6 121 33 21 26 36 93 94 125 5 120 56 61 102 112 32 117 116 103 43 55 53 35 97 32 95 27 46 10 77 5 37 101 110 43 123 6 60 108 50 69 92 101 49 101 57 92 68 123 93 48 33 101 0 40 20 90 47 38
115 29 100 21 74 37 66 93 60 81 22 94 63 87 2 55 57 88 16 96 117 31 125 40 22 122 6 0 32 126 1 110 48 120 4 108 32 100 50 1 74 68 121 79 19 77 75 82 15 5 31 26 39 125 7 87 50 65 101 123 1 65 31 12
81 99 13 76 104 111 57 36 3 94 16 53 36 104 27 99 96 120 99 121 35 14 13 36 52 92 75 23 66 120 5 21 124 83 31 26 37 6 66 98 11 2 126 106 114 65 113 112 126 95 102 90 93 111 25 51 69 105 68 2 91 39 100 105
25 19 40 1 81 53 44 40 19 71 106 42 73 32 121 33 118 43 113 109 58 2 71 115 35 108 104 33 118 83 57 95 28 83 41 124 84 106 80 3 85 31 82 97 107 115 69 60 72 7 22 43 85 79 13 51 12 33 66 105 89 95 66 67
22 27 106 50 21 41 65 44 49 29 31 107 51 0 105 83 50 48 7 63 112 7 20 40 48 76 8 87 59 60 4 112 44 92 95 19 23 70 44 99 40 121 40 2 30 107 73 41 2 69 81 4 69 29 84 63 99 124 67 64 71 73 95 72
44 48 22 8 117 68 9 6 120 43 82 14 82 67 101 81 14 8 106 99 62 7 105 73 51 0 70 99 49 36 115 31 15 16 107 27 30 88 70 78 41 102 114 119 107 112 37 105 88 100 101 51 28 4 112 47 123 48 38 78 105 97 13 125
2 75 74 26 63 52 35 88 56 29 16 54 115 80 105 85 52 91 56 52 64 120 17 102 111 89 29 27 56 88 28 101 61 124 16 44 1 94 100 15 89 108 58 4 52 18 80 83 107 112 18 123 83 60 85 82 36 122 31 0 18 124 0 28
38 66 48 62 56 34 49 62 21 13 40 35 59 99 61 33 32 41 105 110 21 72 57 102 111 60 89 117 19 5 44 3 95 95 15 38 43 26 46 42 68 9 62 71 81 51 39 72 53 0 20 80 43 98 2 110 51 92 111 113 112 99 61 10
61 11 83 48 30 7 114 82 50 52 32 55 106 123 4 3 101 18 44 66 43 43 20 43 20 92 54 28 116 15 100 60 97 42 58 30 58 104 100 30 47 57 73 108 89 13 42 29 41 33 18 27 28 24 52 50 119 95 16 24 26 50 117 35
13 77 16 105 61 25 58 7 99 34 29 104 33 126 42 23 78 87 62 32 52 115 126 103 29 68 3 34 66 65 80 13 18 71 111 72 70 61 106 118 7 121 95 66 56 105 58 96 105 7 46 90 74 121 17 99 125 45 43 121 19 53 107 111
50 74 47 52 18 107 107 47 13 3 30 97 56 105 78 6 26 26 32 109 119 56 36 88 92 59 105 71 41 74 59 111 124 6 83 53 103 58 47 124 25 100 11 80 57 104 48 0 3 57 66 49 55 121 81 36 19 55 111 101 117 21 3 39
98 46 122 51 93 100 98 7 24 125 47 61 7 126 7 54 31 5 59 16 18 117 15 115 71 38 47 23 58 3 48 43 126 16 72 86 100 121 49 24 94 113 31 108 74 34 95 105 35 67 39 97 57 108 63 66 89 109 14 42 21 8 116 72
126 124 100 7 44 18 18 63 7 33 102 85 30 34 13 53 99 32 4 24 96 111 123 9 74 72 66 15 107 12 91 50 33 12 57 88 60 12 119 80 3 126 1 92 9 2 4 50 96 41 95 0 14 73 64 88 52 75 10 70 63 35 95 76
113 108 39 59 4 40 29 71 44 60 5 54 94 39 92 116 115 40 104 125 100 92 51 48 56 30 122 61 64 87 102 42 79 9 91 49 30 19 111 38 12 12 19 38 27 120 76 42 43 42 63 107 8 49 99 83 52 34 25 108 20 54 28 68
38 17 109 67 88 59 59 15 14 12 68 123 109 104 81 38 54 12 73 105 60 115 31 2 42 6 3 122 88 96 18 96 89 116 81 27 87 99 59 42 98 75 73 76 35 93 46 18 27 76 40 29 68 126 58 5 88 28 71 100 14 10 21 52
120 81 70 21 45 68 90 118 36 71 98 102 13 76 84 120 8 21 84 123 80 59 109 52 73 75 84 102 8 7 18 121 97 37 9 31 9 0 122 94 44 80 115 55 55 0 77 94 99 43 6 91 23 67 94 100 109 106 15 36 113 110 43 102
71 78 10 54 41 33 124 60 9 34 91 125 99 73 15 91 99 49 120 69 31 68 86 61 126 30 68 10 81 76 119 45 63 9 101 15 116 28 66 17 0 3 90 117 62 106 116 113 81 3 58 16 73 25 87 62 86 79 38 78 9 111 57 33
57 36 42 41 85 55 86 24 13 58 82 36 69 126 107 13 34 69 111 6 42 48 42 23 31 81 53 54 53 19 40 50 104 66 48 117 4 12 120 10 56 34 65 58 50 100 123 89 86 74 59 44 72 7 97 65 2 83 7 50 32 78 81 52
26 113 41 41 88 120 24 110 124 40 117 118 77 2 58 122 73 97 50 28 66 64 74 84 43 33 100 32 95 74 88 9 23 55 11 44 13 25 98 67 65 10 118 10 2 124 54 58 111 104 31 75 7 27 56 38 9 114 90 73 110 95 13 113
71 80 91 90 11 3 111 19 112 33 74 102 91 49 60 27 59 14 42 93 17 37 121 92 54 78 110 116 2 7 29 57 24 58 51 37 116 73 20 13 80 114 72 117 21 113 18 4 118 20 0 86 21 84 115 85 58 5 109 16 3 8 33 61
