29 80 96 46 103 113 117 115 52 30 66 55 117 93 71 31 23 74 80 120 64 36 113 15 111 98 60 67 76 21 104 38
78 9 21 68 125 80 27 112 39 1 121 72 70 53 33 23 88 28 59 23 98 28 67 97 38 54 13 32 46 14 111 115
100 97 12 86 37 88 54 76 102 61 49 73 82 111 90 53 23 15 119 53 86 90 86 115 0 24 116 33 87 116 23 102
15 20 58 53 74 122 10 18 69 35 27 58 75 60 10 19 109 98 3 55 123 85 35 95 17 108 85 11 34 122 3 24
38 17 46 22 116 75 101 27 89 65 21 39 61 29 120 9 86 47 96 124 61 50 124 116 86 62 93 125 73 41 64 82
38 98 34 118 100 81 1 126 8 86 43 17 101 20 7 123 45 81 36 117 104 63 42 24 59 44 113 3 26 116 114 6
24 7 28 103 75 63 85 40 108 94 77 58 123 126 8 8 15 7 113 23 79 49 92 79 29 31 122 65 25 101 42 126
126 59 45 13 90 98 48 89 51 78 33 45 31 114 15 108 113 22 104 0 85 94 6 27 53 18 52 8 103 17 108 88
60 57 58 107 7 82 10 27 114 85 45 68 18 75 41 20 39 113 52 100 21 69 76 28 2 119 25 112 57 62 106 108
7 55 102 45 45 16 113 93 50 25 117 65 108 118 103 115 119 43 30 45 116 126 100 58 120 89 106 24 37 33 40 11
94 29 9 10 88 33 83 57 93 0 31 55 45 111 99 115 116 99 68 60 65 12 29 102 70 125 2 28 58 47 13 65
15 56 110 126 67 83 64 0 22 113 15 118 79 42 114 120 29 26 10 109 38 65 72 105 65 78 69 87 100 67 122 65
77 19 31 55 14 41 14 91 62 126 40 92 117 94 61 3 50 36 122 79 105 121 107 14 45 4 106 87 103 83 111 53
77 30 102 58 113 10 53 1 21 24 117 76 77 53 13 9 6 18 48 76 118 83 70 68 23 98 102 61 100 54 66 54
22 69 90 29 49 47 43 15 56 41 69 102 114 80 98 85 115 104 63 93 82 124 81 98 91 110 83 106 40 33 65 16
63 123 85 0 100 95 54 21 11 89 21 30 122 66 1 89 107 38 111 46 32 48 55 38 14 47 53 69 105 27 1 69
25 97 123 51 3 70 119 103 22 101 1 110 82 28 32 126 89 32 50 10 125 86 11 43 105 123 76 62 70 58 25 98
60 67 77 28 100 53 48 58 67 1 44 57 54 40 2 71 121 15 40 76 68 86 19 42 21 115 26 96 18 39 90 98
57 111 85 8 96 37 31 22 97 70 72 63 70 7 123 125 53 68 118 98 123 29 23 25 79 81 61 27 125 20 43 70
17 80 52 103 123 84 36 22 18 95 106 21 73 84 117 121 120 10 84 53 48 48 50 58 106 64 126 0 116 120 15 121
109 78 50 92 28 11 64 2 29 33 75 106 103 11 35 39 111 33 24 9 89 47 74 37 85 28 96 101 64 125 28 37
72 89 50 33 16 89 60 22 16 3 70 91 86 103 4 112 77 25 78 4 118 107 70 126 18 10 52 98 3 5 34 100
33 87 56 72 26 56 84 67 74 79 16 9 83 109 41 88 89 75 126 46 4 6 24 83 123 119 113 108 110 90 63 52
51 83 46 76 81 28 19 94 78 83 71 89 34 76 110 35 25 82 5 58 94 98 75 7 44 65 73 7 22 106 81 39
50 6 97 1 2 68 61 123 16 74 107 73 27 109 95 114 15 104 22 14 78 41 65 43 83 36 1 114 64 63 42 111
65 58 97 102 124 85 57 55 97 55 16 5 59 26 80 8 124 30 33 2 48 16 25 107 77 112 23 26 107 17 94 66
111 112 31 53 125 116 106 57 62 87 45 120 11 40 34 1 37 109 78 92 95 58 118 52 20 21 48 59 14 91 126 106
52 90 26 80 84 76 120 53 83 10 11 104 35 82 30 103 60 35 56 62 56 45 3 109 97 23 68 94 107 19 26 12
107 40 29 87 56 113 31 23 114 1 54 34 31 107 121 126 9 114 107 52 78 18 120 38 54 94 76 63 7 96 71 8
28 10 121 87 90 103 89 14 95 63 125 76 55 114 65 117 90 35 29 118 70 40 24 30 61 97 71 30 67 16 52 75
112 126 66 102 42 25 13 23 63 26 91 108 112 88 111 56 87 76 119 68 40 96 117 14 84 1 32 106 39 28 56 30
17 10 25 93 25 92 54 64 1 28 6 58 64 83 33 17 21 26 73 61 41 1 69 121 16 2 35 30 36 95 57 96
