7 186 3 37 46 146 36 30 237 251 57 150 1 165 153 122 128 26 207 209 171 147 98 43 110 115 155 111 200 133 79 185 16 19 171 97 81 142 218 114 64 144 170 90 137 209 102 67 172 166 205 52 54 8 57 181 33 187 33 91 250 147
190 196 11 79 228 214 125 116 218 99 231 238 199 179 52 102 73 241 106 119 153 73 115 75 239 158 117 145 89 32 106 247 182 13 51 85 25 116 59 164 73 183 9 125 240 133 2 112 157 170 213 250 97 21 189 165 73 181 159 218 136 141
105 217 14 88 36 123 182 6 183 139 204 151 111 50 22 157 253 51 4 77 111 93 142 102 75 217 233 86 97 143 232 81 108 100 131 125 225 179 227 148 55 96 58 235 157 29 201 235 181 164 176 18 198 200 247 105 94 160 234 90 208 121
210 31 199 114 48 113 77 109 250 129 1 51 61 194 37 146 252 68 32 111 47 224 197 178 247 34 181 214 136 171 178 176 97 79 164 26 243 106 227 236 32 1 152 70 1 130 176 32 202 214 221 250 104 93 170 84 124 190 61 205 168 148
186 50 103 168 55 189 55 41 157 92 121 62 160 213 11 9 152 76 223 29 250 80 167 126 113 221 7 248 150 2 8 10 249 224 167 19 22 25 107 12 136 193 190 45 33 86 165 154 134 180 108 229 179 200 71 10 174 107 181 237 12 37
181 30 83 231 72 240 71 46 209 221 247 200 10 22 25 173 167 109 93 137 163 51 11 218 247 169 7 59 233 14 107 18 215 137 254 25 98 111 12 233 51 114 223 2 126 6 166 88 49 48 45 68 189 75 172 15 55 108 12 178 30 3
143 105 242 140 83 101 231 111 132 56 214 93 97 74 10 111 211 46 147 109 34 6 114 52 173 140 188 199 108 78 102 182 170 70 254 196 74 213 149 79 76 212 70 72 103 15 9 69 137 93 141 112 238 187 180 110 127 106 53 108 46 118
56 199 178 211 95 218 141 48 94 37 103 155 101 53 3 165 74 226 204 218 140 72 2 33 24 235 171 173 243 214 191 231 157 251 148 158 73 105 27 94 54 98 75 214 62 113 246 71 198 139 113 196 125 250 150 204 128 55 178 63 183 209
139 90 109 168 162 45 88 4 37 122 209 107 158 90 88 138 37 25 170 157 73 115 34 78 217 130 90 60 17 125 63 8 187 14 165 27 98 60 45 6 216 115 159 238 175 107 162 158 204 139 59 197 44 152 240 17 137 89 182 161 103 254
220 115 14 54 107 78 181 58 154 143 234 192 108 5 134 155 221 93 62 197 71 176 134 250 106 27 48 0 225 5 49 133 118 92 197 233 9 207 208 151 19 139 109 140 134 50 5 189 17 158 99 251 56 178 108 216 114 49 190 39 126 142
105 50 150 203 29 244 5 251 161 33 155 175 115 129 213 162 75 148 127 70 244 92 165 233 64 19 97 215 120 152 220 155 8 215 64 161 137 102 75 43 203 50 185 0 140 223 40 211 158 222 77 141 192 117 227 223 53 183 214 210 236 230
128 38 141 206 188 211 139 211 42 138 132 153 32 12 230 194 115 111 159 34 71 36 216 21 126 62 152 176 246 119 169 23 221 60 46 245 111 129 191 64 0 245 28 43 238 126 161 85 206 167 230 229 19 123 114 58 10 250 142 40 141 125
241 171 8 25 136 31 247 49 89 14 201 254 247 243 122 177 240 137 213 254 171 69 156 29 110 21 125 197 225 153 75 49 186 142 100 101 118 33 171 178 103 63 98 79 30 36 238 149 96 145 98 47 59 91 195 205 10 47 203 166 119 245
84 112 5 181 158 253 251 95 109 145 87 158 217 180 105 178 194 117 224 70 34 129 207 138 140 84 13 10 159 12 153 42 252 191 201 116 105 10 241 130 195 248 195 3 12 40 210 16 213 166 26 26 17 217 141 99 100 213 42 9 63 118
17 22 250 157 2 128 149 53 158 140 158 152 72 144 61 138 94 198 108 33 218 76 66 128 179 169 91 245 239 199 206 79 212 169 101 254 186 134 102 78 193 64 186 226 187 90 191 111 204 126 61 199 63 116 127 217 19 187 194 96 48 74
105 153 219 223 199 89 46 232 187 62 194 252 190 151 222 43 13 148 117 32 227 10 13 52 1 209 157 36 129 80 40 162 244 148 34 181 4 161 151 74 245 135 206 50 219 43 86 155 2 235 213 185 75 193 65 166 226 119 23 81 139 93
219 33 194 50 4 169 87 88 215 4 250 6 120 9 110 4 176 215 208 76 9 220 152 12 183 38 91 181 236 107 51 8 232 210 207 53 56 144 49 65 167 180 161 160 253 214 179 57 126 107 132 45 162 7 236 82 190 165 64 114 184 105
152 238 3 138 198 196 61 170 82 177 39 91 81 109 148 93 3 169 119 162 38 37 48 16 191 154 22 192 80 144 78 203 46 45 103 28 15 70 134 38 96 201 165 154 48 71 113 25 33 128 78 153 187 186 25 223 74 102 95 73 63 162
160 216 161 58 34 155 53 102 104 95 114 69 179 25 249 170 145 43 88 49 96 226 138 45 165 225 210 114 67 49 13 108 116 18 201 206 179 34 143 0 91 50 193 167 129 91 131 66 223 45 237 179 69 173 36 43 103 67 61 226 79 111
20 189 65 14 40 100 18 3 179 253 106 51 38 253 72 14 105 74 250 63 18 189 49 87 53 129 59 214 38 95 206 138 32 231 241 50 142 66 108 2 197 204 71 117 141 45 17 202 32 72 135 166 87 35 160 25 21 171 17 78 164 167
81 202 116 187 186 222 194 114 203 171 9 36 41 19 108 144 127 106 81 10 243 2 54 82 143 254 232 214 128 240 17 216 143 178 76 73 133 146 77 195 117 205 188 106 238 235 102 23 217 99 150 250 90 113 139 253 80 3 58 243 136 49
99 183 155 133 157 40 110 110 177 218 191 214 65 98 2 62 1 46 207 153 133 35 28 115 110 7 243 199 52 83 124 244 6 233 242 81 86 124 73 131 193 168 64 143 199 14 155 140 236 50 101 12 230 240 72 67 63 114 201 9 65 198
98 246 127 87 119 2 21 54 132 35 241 209 144 139 118 176 161 95 106 57 127 139 77 152 113 204 176 16 68 61 14 83 133 254 123 106 120 18 5 1 235 77 115 101 173 53 70 82 228 48 252 135 225 199 53 163 227 154 216 231 83 136
113 218 161 65 46 169 191 129 237 215 185 85 99 137 204 166 196 15 213 94 120 45 102 185 5 202 41 43 87 32 96 121 170 153 96 155 66 193 0 196 117 50 124 67 168 130 32 230 144 7 146 172 153 99 151 239 233 45 160 129 71 73
199 29 234 221 164 250 249 45 25 119 105 35 246 18 124 238 188 37 21 194 195 167 194 239 202 211 25 37 187 153 88 183 175 118 218 67 92 167 6 93 5 5 176 232 184 158 71 112 88 99 162 78 222 11 230 3 119 18 21 143 200 231
105 254 36 24 62 221 44 90 221 216 203 28 58 189 194 192 215 80 238 121 62 79 191 189 77 22 39 137 88 178 4 125 51 165 234 40 208 123 25 253 44 164 4 36 131 26 140 143 2 252 127 31 99 207 54 249 143 238 179 161 251 253
81 59 78 152 27 246 63 105 198 242 47 74 8 26 246 179 144 158 226 119 34 158 83 28 94 45 205 32 199 141 91 12 251 125 254 5 200 148 115 30 144 239 0 122 98 74 99 116 185 146 23 229 206 4 172 243 92 133 152 194 100 237
78 1 193 16 242 225 11 103 118 36 115 149 146 251 81 203 61 223 159 77 11 76 18 180 189 12 242 19 45 220 217 129 224 19 124 249 170 144 109 221 214 104 187 175 221 138 227 81 111 155 5 250 4 150 183 77 65 16 2 3 100 80
95 219 163 32 1 10 32 123 133 1 159 208 253 236 246 164 226 252 231 160 31 118 50 117 116 114 2 245 210 3 175 115 213 72 11 183 25 95 230 227 126 244 174 96 66 105 6 226 64 82 79 152 103 37 129 188 194 18 100 227 107 20
52 189 86 6 14 36 50 25 75 135 83 147 7 18 88 10 98 49 245 241 223 144 213 195 246 93 148 136 178 102 163 215 204 162 11 47 15 183 90 28 225 179 143 35 185 22 234 3 72 77 102 137 177 105 71 38 116 120 38 137 166 118
195 6 63 121 78 177 33 234 212 235 144 190 112 175 228 148 47 205 246 210 133 240 40 41 31 189 126 156 188 246 182 35 253 102 28 123 116 206 50 49 75 62 173 234 14 211 5 65 102 133 84 227 228 248 200 97 63 171 134 85 134 144
251 175 199 135 113 153 206 98 181 17 139 41 226 175 174 238 193 166 46 25 12 146 246 49 118 173 117 10 220 170 114 245 204 125 17 83 32 14 126 226 166 126 176 124 64 5 219 207 187 138 145 172 123 76 80 105 151 54 95 205 169 120
168 159 62 95 233 228 226 250 102 98 122 180 214 52 37 41 23 53 57 218 112 133 38 229 156 161 64 245 133 186 206 254 188 58 70 121 87 186 66 73 225 131 78 244 8 72 68 222 177 21 146 10 104 128 248 251 21 15 216 246 100 22
252 160 217 211 27 128 137 13 88 148 6 164 141 232 76 185 106 199 111 159 142 119 54 254 55 209 248 16 146 22 130 62 141 118 101 198 48 167 90 189 23 14 245 18 19 98 208 163 251 51 123 41 66 208 31 73 2 204 119 195 88 133
54 113 86 184 89 218 148 152 159 39 2 246 37 10 249 254 96 144 215 105 24 47 25 236 192 130 0 32 81 166 192 231 238 67 4 62 14 150 196 68 116 214 184 233 175 80 124 147 157 116 45 198 149 186 99 233 236 171 203 11 206 7
210 230 222 115 77 197 126 74 188 189 207 19 30 80 75 130 129 132 196 120 97 55 40 179 181 253 86 24 72 174 125 104 195 184 234 67 95 190 151 67 139 251 217 123 77 108 165 172 166 192 83 84 98 231 251 100 170 47 16 193 7 80
137 144 32 24 198 239 67 207 222 26 231 40 231 188 51 77 46 25 130 157 46 122 86 14 165 237 2 251 35 177 16 214 228 211 135 83 140 60 127 82 60 116 79 40 130 83 127 210 142 216 115 169 154 236 193 95 223 88 222 185 136 97
174 207 252 193 157 239 209 224 151 46 210 101 98 249 57 9 134 136 134 15 158 215 44 163 172 42 223 197 69 150 99 244 128 7 164 167 16 63 80 218 56 174 189 90 107 132 117 33 224 175 125 159 147 254 137 205 192 163 236 180 140 228
40 4 110 187 134 65 197 167 164 177 237 246 227 127 92 206 109 245 237 54 34 93 61 117 192 244 175 238 251 194 125 11 68 117 48 97 7 236 24 27 205 108 110 52 13 52 140 247 72 27 201 155 251 152 204 98 209 205 94 240 183 5
212 118 96 179 187 125 87 145 14 41 82 148 160 12 125 74 11 93 8 178 69 21 95 22 24 100 51 51 96 222 28 74 119 223 176 169 195 206 138 201 213 247 252 81 144 154 45 37 159 152 234 188 174 159 202 14 197 38 42 116 128 0
24 159 6 220 153 80 60 251 109 91 119 239 18 173 233 2 99 104 206 189 181 75 165 188 188 122 203 42 121 8 234 141 26 73 155 7 150 16 138 2 220 198 246 3 132 105 21 161 178 171 166 220 154 91 199 87 166 53 120 228 187 225
66 136 203 190 141 97 73 24 12 160 58 238 5 161 233 24 26 31 137 230 145 215 254 203 33 195 17 84 16 74 142 20 38 40 150 71 42 9 174 184 35 88 172 201 121 3 230 106 235 27 224 202 134 252 101 133 238 79 200 240 204 219
6 251 126 96 113 77 223 36 138 187 0 28 237 5 227 186 133 15 136 112 131 209 230 154 22 126 62 207 74 144 59 242 126 68 86 245 124 15 130 53 107 168 15 63 74 53 132 70 10 246 249 152 142 80 213 183 200 250 35 53 61 144
41 77 180 2 236 120 95 232 240 41 165 34 81 199 244 214 87 13 160 4 145 14 156 58 37 194 157 50 26 226 28 176 160 0 64 152 183 250 230 216 158 28 169 42 152 106 171 79 156 15 229 8 8 236 122 87 246 37 230 209 220 242
208 168 189 200 60 0 32 15 136 104 162 181 190 77 93 26 112 109 160 50 228 137 227 226 251 197 75 4 217 244 114 48 27 124 65 76 7 61 247 121 234 236 124 245 139 165 87 118 93 194 27 232 120 32 61 112 138 248 162 221 147 17
125 233 223 18 171 204 124 33 201 201 166 2 10 114 122 109 8 222 85 109 216 218 192 40 21 206 154 207 52 94 201 117 131 81 241 248 67 147 88 129 232 55 45 163 83 57 29 51 102 25 97 231 140 76 254 6 110 244 154 217 33 229
185 199 150 183 0 243 80 77 169 119 254 135 138 131 165 187 54 64 17 163 142 203 139 164 140 64 138 243 20 158 234 246 109 176 14 13 211 184 52 94 213 142 8 181 93 0 212 158 12 54 170 180 163 243 122 24 101 53 10 20 183 239
119 29 139 91 28 56 41 193 233 154 141 217 15 121 53 9 167 118 170 160 251 127 222 71 18 29 89 3 92 183 135 215 92 207 61 226 12 6 80 19 45 217 25 122 190 228 157 101 215 235 181 134 218 92 103 12 148 84 25 52 73 161
212 185 126 29 200 61 254 22 38 172 6 222 134 27 249 249 108 224 65 219 1 62 181 64 106 6 68 15 21 159 1 47 0 164 186 170 234 253 185 88 207 217 95 87 54 183 122 232 31 109 155 68 129 251 73 84 60 207 222 229 225 139
34 177 110 214 207 250 194 234 194 35 129 168 227 169 158 117 175 224 92 233 197 135 71 187 2 180 125 118 252 30 97 148 44 221 84 171 177 54 132 51 48 224 60 65 113 1 104 0 29 114 65 3 186 106 143 231 150 69 59 206 183 56
148 207 136 181 226 243 29 24 207 122 206 158 14 89 189 134 41 196 170 0 141 182 19 134 3 183 118 229 8 105 85 132 157 195 156 219 243 89 210 35 187 107 159 102 247 97 69 54 227 94 193 4 172 127 230 161 240 16 174 103 178 98
5 108 99 91 204 36 211 50 232 90 158 23 40 118 143 135 215 179 11 123 97 218 93 119 135 105 187 39 69 81 16 52 40 74 167 69 154 4 99 100 188 178 88 131 86 110 243 243 24 128 216 22 223 177 1 41 172 25 191 130 222 96
172 150 239 195 251 205 180 26 60 228 124 220 24 113 13 230 107 3 53 78 77 118 105 126 17 176 66 252 73 232 135 202 175 137 138 33 242 55 230 81 237 141 190 102 22 187 98 247 112 125 249 34 62 10 187 28 179 91 111 44 186 102
234 1 120 158 78 97 16 48 112 56 206 34 107 227 13 27 71 201 194 147 123 183 0 20 1 213 185 139 106 180 173 173 77 47 156 244 94 186 180 144 124 197 46 130 176 103 213 5 14 219 187 13 100 54 11 239 132 235 101 228 106 140
106 45 114 51 154 35 159 104 68 91 216 155 108 147 97 244 139 207 31 41 37 4 145 196 56 112 33 167 45 15 217 161 112 109 216 228 137 1 110 66 24 132 126 9 57 67 145 197 67 180 131 140 244 83 65 22 58 208 41 91 111 223
148 252 194 222 82 109 22 9 187 189 148 21 246 37 167 245 226 39 156 105 187 164 132 160 73 23 67 100 75 24 160 145 247 147 156 138 68 78 91 24 91 228 2 83 142 191 2 146 221 143 132 140 25 100 144 231 199 156 65 77 207 143
125 26 174 154 248 15 149 24 15 208 107 102 108 227 168 44 30 156 10 250 217 67 228 36 9 251 37 121 143 126 164 109 151 159 120 14 42 237 33 19 192 244 203 106 9 65 81 155 5 6 24 65 192 209 240 114 169 71 176 73 53 70
211 182 115 124 115 251 33 82 167 111 247 21 144 45 58 171 233 111 73 97 52 202 64 233 108 109 100 195 77 222 79 13 172 84 58 116 0 120 52 31 5 213 196 69 147 185 196 68 134 132 84 243 187 10 170 16 178 105 144 63 44 94
182 78 11 240 108 87 106 26 178 168 226 248 58 176 254 98 61 38 144 78 24 32 4 201 30 25 128 65 48 68 122 67 228 213 205 24 226 3 35 126 28 15 65 40 127 136 98 240 195 111 231 179 74 127 7 28 140 191 115 0 226 220
91 36 27 252 227 133 218 94 134 107 245 79 5 79 91 45 134 218 230 218 15 118 114 3 160 54 149 80 29 36 213 110 66 86 245 26 221 165 69 201 117 160 30 32 140 202 216 12 43 152 23 147 173 14 241 110 242 45 137 89 145 184
213 71 4 99 16 23 136 59 178 6 118 228 95 239 208 88 109 137 216 225 240 5 181 95 254 153 122 126 154 241 111 23 140 73 79 207 216 161 242 231 45 63 211 137 56 238 241 62 111 22 183 29 131 58 87 177 141 208 42 58 30 85
72 170 22 175 58 53 115 140 55 142 78 104 121 17 227 107 217 146 38 9 229 215 190 176 63 94 177 94 5 204 234 218 38 235 45 158 20 208 208 54 108 124 91 91 190 251 200 145 226 204 100 94 251 209 141 113 234 42 124 184 72 88
