-277 -128 43 -319 -171 -15 -311 -348 -223 -345 -333 -145 -293 -77 -288 -65 -622 -73 -140 -309 -182 -258 -65 -488 -173 -309 -515 -284 -214 -210 -581 -152 -58 -306 -438 -179 -674 -277 -534 -112 -400 -101 -177 -560 -424 20 -474 -509 -377 -237 -468 18 -191 -498 -480 -75 -402 -123 -603 -167
-734 194 -497 -265 -224 -446 -21 -468 -287 -423 -105 -295 -114 -281 -237 -457 -337 -145 -172 -399 -104 -504 -451 -209 -625 -266 -193 -379 -220 -560 -238 -377 -166 -116 -287 -119 -373 -334 -328 -278 -274 178 -483 -293 155 -259 -445 -120 -428 -675 -159 -565 -157 -339 -222 -191 -241 -633 8 -573
-94 -345 -109 -265 -232 -291 -82 -342 -335 -119 -408 -128 -414 -93 -212 -314 -178 20 -652 133 -656 -143 -189 -535 80 -677 -106 -243 -313 -64 -216 -60 -386 -546 -36 -436 61 -182 -399 49 -184 -534 -404 -21 -242 -446 -150 -528 -256 -351 -311 -386 -316 -525 -125 -54 -589 -119 -414 -410
-171 -255 -271 -274 -342 -284 -222 -432 -346 -441 -195 -378 -258 25 -124 -590 -80 -493 142 -549 -107 -414 -187 -350 -600 3 -516 -103 -394 -158 -206 -286 -441 -233 -356 -236 -174 -622 89 -448 -195 -239 -286 60 -360 -134 -260 -184 -285 -49 -386 -15 -505 -71 -158 -345 17 -298 -280 -122
-175 -177 -668 22 -567 -6 -283 -337 -275 -106 -449 -87 -257 -54 -247 -201 -400 -123 -259 -354 -100 92 -454 -211 -431 -148 -354 -669 118 -342 -16 -646 -306 -457 -74 -453 -243 -88 -579 -78 -180 -660 165 -312 24 -352 -107 -189 -383 -262 -397 -519 -308 -507 -168 -297 -396 -125 -435 -93
30 -613 -283 -425 -179 -504 -135 -268 -136 -486 -106 -232 -155 -85 -115 -642 23 -590 -434 -374 -105 -314 9 -444 -25 -388 -453 -336 -385 -390 -406 -608 -108 -706 -211 -74 -258 -194 -71 -91 -391 -190 -79 -510 -180 -212 -518 -230 -237 -356 -90 -604 -159 -524 -133 -343 -321 -5 -536 -48
-454 -233 -351 -30 -496 -124 -88 -213 -113 -317 -493 -183 -283 -44 -414 -64 -289 -53 -299 -213 -91 -190 -279 -75 -647 -205 -115 -215 25 -116 -338 166 -553 16 -435 4 -369 -29 -331 -21 -553 -159 -537 -201 -233 -415 -68 -463 -286 -267 -245 -307 -423 -69 -559 -57 -157 -396 -108 -451
-354 -273 -195 -227 -225 -278 -294 -147 -349 -454 -274 -368 -156 -30 -486 -229 -382 -504 -223 -323 -247 -263 -119 -564 -224 -105 -355 9 -653 -198 -66 -642 -128 -570 -128 -617 -101 -402 -126 -576 77 -266 -358 -172 -142 -321 64 -523 -80 -254 -447 -333 -245 -685 32 -522 -181 -186 -388 -21
-234 -124 -308 -587 128 -703 191 -449 -287 -276 -291 -371 -127 -388 -297 -415 -55 -189 -593 93 -582 -68 -455 -356 -134 -253 38 -763 -88 -265 -395 -416 114 -487 -299 81 -383 -124 -269 66 -609 -63 -515 -230 -212 -387 -507 -251 -454 -244 -524 43 -659 -167 -468 -425 -53 -691 -279 -553
-167 -161 -446 -82 -735 -49 -477 -447 7 -489 -297 -151 -102 -219 -453 -282 -337 -201 -149 -339 -84 -87 -662 77 -177 -124 -507 -203 -363 -227 -470 239 -704 -119 -250 -424 -360 -305 -162 -506 253 -708 30 -179 -594 111 -581 -38 -609 -213 -404 -522 49 -315 -334 12 -142 -400 -209 -113
-192 -392 -183 37 -457 128 -710 136 -361 -169 -577 -450 -308 -761 -325 -234 -476 -484 -292 -582 -226 -493 -123 -176 -97 -234 -302 -504 -246 -498 40 -431 -247 -125 -532 -23 -253 -251 -248 -123 -617 47 -14 -456 -92 -194 -308 -499 -120 -251 -361 83 -381 -386 -341 -155 -514 -195 -305 -624
-137 -223 -141 -704 -169 -799 -272 -340 -45 -466 -244 -180 -392 -287 -284 -421 -256 -191 -363 -131 -8 -479 -194 -424 -81 -246 -228 -120 -355 0 -287 -349 -423 -311 -439 -286 -204 -212 -470 -276 -392 -366 -377 -116 -68 -303 -425 -82 -475 -393 -81 -176 -55 -435 -359 -88 -181 -503 -70 49
-342 187 -513 -201 -120 -330 -130 -106 -386 -277 -396 -485 -204 -206 -251 -458 -54 -613 -304 -19 -405 -302 -77 -298 -295 -436 -265 -818 -261 -533 -179 -464 -266 -452 -151 -517 -70 -592 -131 -101 -425 -273 -182 -368 -335 -577 -106 -437 -405 -204 -126 -226 -423 -321 -166 -313 -350 -274 -342 -296
-120 -576 -494 -224 -570 -461 11 -493 -382 -239 -484 -411 -599 -121 -534 -101 -272 -264 -101 -266 -288 -92 -76 -276 -65 -41 -401 -55 -91 -314 30 -538 -435 -207 -191 -301 -35 -351 -324 -448 -376 -288 -401 -5 -211 -336 66 -605 -81 -220 -508 -226 -251 -351 -441 -12 -532 -241 -9 -116
-445 -159 -271 -180 3 -150 -441 -162 -318 -66 -534 77 -155 -176 -183 -51 -583 -371 -103 -676 128 -343 -530 97 -608 -233 -209 -552 -472 -118 -304 -288 -467 -159 -749 38 -280 -299 15 -445 -140 -602 -195 -670 -297 -396 -587 106 -486 -127 -378 166 -632 131 -551 -285 -344 -274 -225 -272
45 -833 -130 -223 -519 -344 -120 -679 257 -844 95 -496 -122 -470 36 -358 -79 -398 -122 -120 -263 -41 94 -356 -197 -377 -45 -500 -41 -350 -6 -639 -73 -150 -55 -32 -322 -57 -261 -341 -269 -380 -163 -391 -44 -155 -43 -208 -151 -475 -100 -584 0 -764 129 -579 -190 -26 -180 -346
-539 -63 -302 -186 -169 -80 -335 -79 -415 -74 -331 -64 -400 -157 -454 -159 -578 -48 -297 -109 -312 -444 -170 -402 -370 -157 -680 -122 -225 56 -303 -134 -399 -313 -335 -295 -412 -146 -179 -69 -430 -145 -491 -316 -377 -328 -281 -84 -658 -46 -402 -388 -198 -62 -438 -1 -269 -262 -149 -393
-145 -265 -127 -87 -312 -48 -253 -172 -307 -441 -59 -464 239 -663 -62 -76 -251 -243 -366 -131 -141 -269 84 -336 -130 -336 -56 -393 -256 -159 -465 -424 77 -478 -380 -111 -69 -329 -101 -286 -253 -577 -178 -138 -157 -292 227 -608 184 -402 -289 -157 -476 66 -325 -257 -13 -194 -357 -31
-504 -378 -209 -403 -540 -341 -311 -347 -428 -189 -45 66 -471 -86 -195 -421 -39 -429 -130 135 -774 85 -253 -273 -563 -368 -675 -232 -91 -605 -98 -165 -375 -509 -24 -372 -122 -487 116 -563 -345 -260 -505 -386 -355 -236 -634 64 -448 -421 -355 -432 -115 -503 -97 -296 -420 -12 -211 -446
-422 -144 -298 -101 -296 -46 -74 -444 -516 -291 -332 -473 -121 -241 -1 -131 -176 -261 -118 -624 -12 -180 -81 -108 -407 -34 -416 -127 -435 32 -384 -411 -330 -342 -379 -257 -210 -88 -353 -192 -423 -352 -26 -283 -410 -5 -199 -426 -258 -65 -524 74 -344 -330 -292 -51 -159 -32 -598 -142
-329 -419 -282 -315 -158 -189 -105 -169 -386 14 -477 -171 -373 -237 -444 -287 -255 -313 -178 -266 -109 -246 -276 -510 -114 -631 -429 34 -184 -85 -450 85 -451 -504 -87 -183 -304 24 -232 -101 -548 -67 -348 -456 -116 -264 -126 -382 -318 -333 -359 -467 -453 -320 -310 -256 -382 -587 -229 -418
-496 -290 -255 -367 -62 -370 -463 -537 -293 -624 -362 -108 -237 -147 -409 -182 -382 -184 -353 -222 -256 -32 -240 -284 -71 -525 0 -148 -270 -121 -346 -189 -582 -263 -132 -465 -34 -489 56 -724 -103 -159 -278 -347 -124 -431 -68 -655 40 -332 -66 -473 -446 -39 -349 -411 -340 -155 -302 -59
-658 -156 -364 -370 -383 -349 -214 -224 -46 -316 -293 -50 -466 -259 -230 -540 10 -455 31 -494 -321 -380 -630 -193 -683 -238 -121 -216 -209 -358 -202 -431 -494 -101 -527 -9 -322 72 -237 -195 -28 -269 -245 -572 -309 -55 -414 -294 -37 -387 -458 -189 -446 67 -543 -180 1 -362 -220 -297
102 -608 -47 -6 -168 -561 -94 -296 -638 -414 -131 -540 58 -470 -570 -375 -361 -102 -544 -212 -102 -184 -342 -182 -312 81 7 -451 -72 -230 -133 -362 -78 -442 -356 -93 -540 -144 -267 -461 60 -400 -141 -31 -321 -10 -349 -375 26 -555 -121 -491 202 -928 47 -791 -226 -433 -491 -328
-461 -106 -210 -413 -440 -313 -117 -341 -249 -497 87 -147 -245 -126 -473 -476 -18 -476 -351 -315 -89 -430 -357 -102 -300 20 -584 -52 -591 -2 -575 45 -616 -385 -193 -298 -359 76 -607 193 -401 -397 -144 -483 -70 -281 -376 76 -608 -347 -37 -350 -639 131 -474 -218 -246 -191 -191 -553
-317 91 -586 140 -722 -183 -85 -284 -504 26 -317 -346 -185 -820 -132 -444 -119 -553 -205 1 -224 -302 -98 -352 -245 -251 -133 -385 -151 -371 -220 -467 -245 -516 128 -728 -258 -397 -185 -389 -693 134 -530 -321 -415 -283 -369 -279 -287 -143 -114 -625 160 -363 -550 -4 -228 -69 -246 44
3 -665 75 -273 -212 171 -251 -355 -267 -141 -353 -239 -699 -244 -767 -145 -694 -499 -335 -242 -242 -81 -236 -346 171 -769 125 -324 -608 -38 -200 -500 -126 -301 -119 -321 -198 -106 -441 -586 -117 -426 -224 -272 103 -491 124 -456 -310 104 -681 61 -335 -334 -285 -338 -424 -274 -216 -529
-209 -340 -86 -181 -158 -24 -231 -236 97 -427 -113 -304 -56 -60 -79 -38 -363 -185 -449 -200 -580 -194 -595 -339 -561 12 -496 -344 -149 -556 -243 -622 -184 -189 -428 -70 -50 -422 -412 41 -558 -303 -372 -77 -641 183 -741 93 -219 -145 -410 -230 -249 -267 -188 -200 95 -186 -280 -205
-637 -79 -39 -268 -108 -476 -151 -492 -444 -428 -545 -411 -418 -589 -329 -628 -128 -640 -381 -418 -17 -415 12 -324 128 -421 -339 -481 -205 -409 -500 -101 -416 -83 -237 -144 -441 -424 -12 -368 -268 -299 -18 -764 350 -740 123 -252 -185 -356 -257 -526 -365 -467 -353 -371 -191 -200 -429 -234
-332 -335 -389 -115 -440 77 -556 -28 -428 118 -442 75 -373 -428 -284 -213 -404 -393 -176 -35 -442 -121 -607 -150 -435 -192 -359 -76 -452 -494 -45 -797 -223 -83 -101 -37 -372 5 -276 -557 -327 -289 -484 147 -602 71 -429 -377 -420 -150 -412 -260 -220 -136 -110 -86 -410 -180 -180 -444
-75 -328 -180 -205 -461 -580 -286 -739 -78 -516 -119 -492 -341 -104 -130 -40 -222 -260 -236 -397 -283 -523 173 -449 -389 -470 48 -788 -374 -263 -510 -451 -320 -15 -307 -350 -131 -323 -309 -75 -286 -500 -122 -440 106 -385 -114 -318 -314 -17 -450 -185 -383 -372 -333 -526 -123 -120 -457 -385
-623 -302 -264 -528 -104 -155 -383 24 -72 -322 -82 -596 -157 -579 -321 -482 -293 -243 -391 -135 -404 -182 -269 -447 -319 -33 -699 81 -361 -36 -429 -218 -137 -250 -210 -245 -245 -309 -106 -546 -176 146 -725 199 -243 -201 -692 -349 -270 -383 -109 -296 16 -418 -195 -77 104 -591 -371 -338
29 -276 -299 -280 -400 -632 -247 -286 -432 -36 -232 -317 -363 165 -495 -256 -365 -125 -447 -207 -89 -25 -528 -140 -387 -433 171 -438 -122 -649 -402 -488 -327 -54 -220 10 -338 -59 -610 -184 -118 -867 -206 -316 -321 -334 -201 -495 19 -461 -20 -345 -586 -363 -460 -169 -705 -176 -670 175
-586 -385 -574 -66 -341 -229 -241 -304 -335 -46 -776 13 24 -404 -296 -93 -338 -391 -351 -186 -262 -68 -425 -380 -428 -350 -202 -150 -178 -273 -271 -366 -327 -259 -597 -98 -337 -456 -188 -149 -384 -362 -341 -197 -120 -353 -413 -454 -279 -166 -313 -176 -389 -125 -520 -128 -201 -406 279 -711
-177 -286 -144 -63 -533 -502 -123 -397 -381 -151 -403 -105 -434 -434 -243 -141 -158 -279 -124 -293 -66 -95 -466 -111 -353 -354 118 -502 -225 -465 -149 -558 -260 -435 -64 -77 -450 -186 -90 -212 -294 -271 -236 -82 -263 -302 -275 -416 -332 -325 -325 -350 -432 -508 -318 -417 -478 -116 -706 -150
-593 -401 -352 -556 -522 -195 -484 -555 -103 -471 26 -449 -158 -247 -293 -137 -256 -344 -438 23 -310 -473 -65 -416 -712 293 -700 -83 -466 -97 -376 -403 -393 -109 -131 -453 -26 -364 -108 -473 -394 -381 -283 -341 -176 -238 -491 -32 -557 -184 -298 -315 -441 -578 -110 -612 -118 -430 -409 -319
-94 -83 -134 -265 -444 -90 -494 -383 -156 -666 -364 -387 -691 -156 -51 -540 -239 -496 -202 -215 -252 68 -276 -472 -146 -659 -486 -247 -567 -105 -534 -166 17 -406 -184 -172 -43 -315 -397 189 -463 -224 -50 -141 -147 -325 -73 -645 -271 -47 -524 -233 -739 -109 -508 -277 -253 -611 -214 -226
-407 -454 -399 -389 -269 -501 -147 -233 -12 -201 -162 -256 -320 118 -320 11 -131 -350 147 -323 -333 22 -221 -125 -112 -114 -174 -199 -106 -458 -85 -285 -344 -394 -531 -65 -705 -265 -264 -664 -403 -487 -480 -202 -254 -246 -379 -89 -270 -531 -324 -551 -289 -373 -325 -160 -453 7 -334 -277
114 -344 -177 -401 -239 -279 -340 -379 -359 -406 -312 -684 36 -423 -520 -31 -576 -127 -613 -223 -303 -359 -352 -418 -645 -247 -513 -118 -663 154 -339 -216 -227 13 -259 34 -402 197 -370 -78 -428 -332 -200 -44 -279 -267 -125 -413 -244 -512 -308 -436 -336 -385 -126 -533 -255 -237 -438 -604
-489 -22 -679 -360 -225 -10 -389 48 32 -327 -355 -162 -185 -434 -68 -134 -28 -230 -239 -483 -132 -441 -300 -420 132 -510 201 -409 106 -333 -230 7 -255 -352 -95 -465 -58 -404 -68 -652 -167 -511 6 -497 -414 175 -593 -175 -545 -149 -524 -472 -136 -665 -97 -409 -293 -195 -505 -341
-59 -454 -323 -180 -278 -168 -529 -80 -415 -129 -550 349 -683 -331 -171 -330 -299 -185 -464 -153 -306 -447 -463 -95 -397 -166 -241 -324 -155 -631 -38 -421 -200 -434 -101 -413 -133 -177 -359 -103 -248 -395 -87 -161 84 -386 -13 -603 166 -680 -515 -103 -564 -65 -373 -620 0 -523 -195 -155
-534 -55 -467 -117 -254 -557 58 -367 -678 85 -257 -517 72 -670 -294 -309 -42 -203 -394 0 -455 -177 -314 -30 -323 -91 -456 6 -157 -243 -297 -112 -232 -16 -377 -266 -191 -736 -348 -302 -548 41 -500 -155 -265 -395 -416 53 -585 -96 -314 -272 35 -536 -311 -108 -719 -37 -616 -498
-473 -609 43 -604 -44 73 -206 -233 -33 -409 -204 -310 -379 -222 -302 -36 -77 -477 -177 -434 -359 -625 -422 -278 -567 -345 -260 25 -710 -111 -423 -269 117 -297 -236 -96 -148 -53 -471 -347 -192 -693 -12 -581 -128 -456 8 -484 42 -922 63 -241 -541 -107 -83 -700 25 -621 -183 -254
-210 -314 -538 -141 -295 -457 -369 -361 -290 -323 -213 -178 -58 -435 -141 -397 41 -538 20 -484 -193 -384 -187 -196 -163 -396 14 -534 -318 -88 -421 -163 -446 -191 -518 -500 -187 -652 -104 -261 -402 24 -240 -155 -242 -64 -177 14 -437 98 -386 -325 -378 -104 -547 -133 -353 -415 -388 -609
-473 -589 64 -516 5 -344 8 -328 -410 -360 -409 -297 -401 -290 -303 -101 -418 -77 -43 -499 -296 -566 -283 -254 -554 -70 -310 -415 -205 -499 -231 -501 25 -366 -224 201 -476 -344 -210 -516 -240 -332 -312 -265 -358 -69 -337 -449 -63 -146 -575 -344 -33 -695 25 -127 -416 -1 -401 171
-399 -25 -366 101 -479 -53 -116 -554 -322 -541 32 -374 -13 -200 -283 65 -498 -132 -592 -285 -675 -128 -319 -157 -45 -80 -497 225 -288 -465 -310 -259 -364 -460 -18 -552 -154 124 -172 -371 -38 -168 -413 -283 -85 -571 -392 -111 -345 -545 -470 -127 -550 -143 -99 -240 -355 -244 -55 -279
-300 -494 -365 2 -620 61 -521 -239 8 -415 -299 -108 -588 -221 -312 -674 -26 -494 9 -578 44 -329 -298 -94 -223 -241 -74 -148 -187 -268 -230 4 -319 16 -707 -292 -459 -552 -408 -231 -646 -109 -262 -222 -154 -438 -21 -426 -133 -192 -243 -473 -147 -528 52 -443 -154 -321 -477 -456
-55 -431 -32 -673 -62 -841 -251 -381 -695 110 -618 -277 -155 -432 -359 -83 -530 -257 -613 -270 -378 -585 93 -495 85 -451 -283 -116 -784 -38 -353 -273 -267 -459 -153 -184 -305 -35 19 -304 -176 -238 -242 -59 -502 141 -465 61 -224 -338 -164 -61 -582 -85 -298 -273 -337 -136 -85 -334
-518 -248 -383 -336 -368 -311 -142 -122 -233 -306 -339 -364 -56 -316 -285 -364 -307 -34 -521 -6 -181 -259 -255 -14 -208 -314 48 -676 195 -219 -291 -40 -627 -272 -496 -549 -438 -320 -426 -64 -721 -47 -366 -332 -317 -451 -233 -82 -626 -168 -248 -358 -355 -190 -567 -189 -528 -61 -611 -320
-181 -125 -341 -202 -699 40 -462 -357 -252 -250 -402 -40 -208 -406 -383 -163 -525 -494 84 -493 -336 -186 -471 34 -588 -4 -647 96 -214 -138 -87 -111 -257 -24 -402 -206 -38 -303 59 -447 -242 -405 24 -465 -98 -266 -139 -676 66 -365 -163 -352 -185 -483 -32 -292 -36 -307 -361 -373
-594 -366 -483 -721 -227 -531 -13 -515 27 -724 -66 -369 -120 -413 39 -406 -358 157 -235 -112 -381 -72 -161 -326 7 -664 0 -540 -250 -426 -413 -431 -388 -443 -323 -327 -363 -254 -426 -289 -522 -162 -423 -311 27 -484 -313 -230 -376 -406 -60 -310 -353 72 -460 -375 -61 -395 -162 -298
-328 -155 -93 -361 -41 -307 34 -88 -537 124 -558 84 -349 -167 -416 -214 -125 -405 -421 -351 -280 -286 -149 1 -355 -156 -583 20 -409 -123 -295 -224 -175 -317 -4 -816 147 -612 -77 -592 -63 -484 -163 -56 -669 -23 -617 29 -51 -607 -142 -244 -26 -481 211 -729 -115 -640 -79 -687
-9 -292 -463 -108 -531 -61 -249 -357 -152 -522 -213 -267 -451 -177 -295 -428 -238 -309 -11 16 -368 30 -316 -211 -333 -284 -94 -202 -353 -99 -511 -302 -245 -301 -545 -157 -379 -85 -175 -190 -324 -41 -271 -127 -55 -506 -142 -319 -414 -489 -85 -328 -414 23 -413 13 -247 -119 -311 -157
-175 -660 -216 -597 92 -289 -123 -68 -291 -457 -315 30 -606 51 -493 -184 -714 -17 -445 -348 -268 -360 -292 -68 -387 1 -398 -128 -138 -386 -375 -198 -355 -416 -372 -291 -49 -352 -259 -133 -257 -493 -19 -356 -196 -462 -182 -51 -625 -244 -60 -460 70 -325 -365 -421 -660 -142 -356 -119
-376 28 -489 -53 -585 -22 -133 -321 -84 -500 28 -674 44 -439 -397 -311 199 -515 62 -401 -414 -66 -485 -184 59 -503 -225 -238 -174 -459 -250 -387 -187 -342 -336 -115 -21 -469 -67 -94 -696 -140 -305 -193 -242 24 -227 -355 3 -63 -323 -134 -451 -267 -469 -159 -420 -17 -221 -353
-288 -585 -168 -571 185 -620 -55 -124 -719 -42 -481 -7 -373 -272 -242 -268 -628 55 -387 -385 150 -779 -11 -198 -554 1 -238 -428 -51 -451 -217 -162 -359 -296 -8 -149 -337 -15 63 -334 -159 -274 -379 -159 -420 -233 -638 -147 -330 -424 -169 -395 -358 -137 -297 -256 -199 -335 -198 -233
-255 -259 -132 -340 -469 94 -226 -225 -273 -661 -35 -744 -233 -256 -409 -266 -98 -50 -426 -59 -309 32 -167 -190 -215 44 -418 58 -414 -91 -202 -471 -428 -249 -578 157 -633 -19 -93 -154 -397 -154 16 -113 -209 -441 -62 -397 -396 -18 -535 -488 76 -591 116 -390 -158 -415 -269 -48
-181 -26 -464 -361 -509 -291 -250 -379 -309 -208 -466 90 -50 -288 -175 -281 -244 -583 -308 -414 -212 -51 -690 110 -304 -309 -262 -185 -251 -163 -157 -386 -168 -190 -178 -425 -144 -340 -270 -335 -264 -428 -83 -295 -426 -165 -494 -129 125 -486 -226 -92 -568 24 -470 -266 -561 -142 -2 -399
-287 -25 -280 -173 72 -186 -147 -186 -289 -481 -173 -413 -417 -542 -283 -191 -293 -291 -521 14 -551 -115 -269 -386 -247 -457 -229 -280 -154 -609 -218 -129 -253 -577 141 -629 -390 -128 -524 -206 -290 -20 -275 -442 -225 -541 -350 -136 -560 83 -506 -200 74 -426 91 -684 -1 -477 16 -263
27 -295 -354 -345 -182 -405 -45 -581 64 -382 -330 163 -448 -56 -321 -277 -385 -362 -194 -230 -96 -631 -45 -535 -88 -157 -212 -168 -265 -409 -197 -649 -27 -439 -139 -469 2 -358 -532 1 -142 -364 -209 -103 -593 -572 -158 -437 -195 -619 -142 -421 -362 -421 -503 -106 -596 -30 -294 -356
