33 486 -357 -186 1036 -657 -278 995 448 -1372 386 624 304 -558 -493 188 1419 134 -350 231 68 122 -521 153 1140 -113 -943 -45 -225 765 -65 -351 -144 -270 134 1414 -267 -385 -12 -606 0 888 -282 30 -749 278 794 177 -401 258 -790 343 9 -732 1268 -115 421 -914 78 138
538 88 -238 -363 -728 1050 1068 -1059 -230 1002 -607 -1123 -707 376 703 212 -436 -383 428 135 -658 -166 1099 -701 -1435 -420 1324 946 230 -857 403 590 -419 54 899 -1354 -237 706 -9 1141 323 -532 265 478 72 -828 -747 -26 270 951 738 -145 1218 -80 -1199 613 -337 1136 -268 172
-1215 532 778 -238 -45 -373 -1342 769 586 -376 252 1143 605 -655 -546 -387 212 740 -974 275 1057 62 -1482 968 1013 980 -2229 -657 1312 377 -642 -815 830 50 -825 1295 689 -213 -556 -954 -561 502 179 -386 317 630 -164 294 -134 -425 -152 -80 -949 201 334 -187 487 -514 200 114
730 -704 -421 200 626 -636 619 -720 -761 510 296 -1189 -902 779 997 -53 -141 -550 76 -347 -998 882 1345 -552 -1301 -880 2196 45 -1698 -148 603 772 -342 24 517 -803 -636 29 735 597 -71 -460 -583 173 -83 -229 312 -375 -475 451 338 172 268 -576 -5 73 -839 -100 322 -89
-71 90 353 -172 -304 940 -138 -4 -241 -581 113 1331 507 -916 -680 575 -412 371 509 -245 443 -767 -871 623 1079 651 -963 33 1905 96 -427 -926 511 -257 -684 528 219 -109 -573 399 440 377 383 -704 423 125 -578 768 652 -794 -1005 -303 138 655 234 -63 650 110 -119 572
504 115 -805 -482 26 84 -607 511 434 160 -482 -770 708 666 -104 -486 1041 -613 -153 388 -677 -35 122 378 -63 -441 356 159 -879 -108 343 442 -181 320 569 -1184 -624 292 876 -179 162 -308 260 1139 -961 -367 820 -629 -956 448 809 -25 389 -815 -415 258 -128 618 311 -866
71 -56 427 574 135 -343 964 -432 18 259 562 377 -1810 2 665 -333 -465 319 69 340 -3 -248 243 -605 485 -735 -663 63 279 63 284 -708 413 -188 210 940 792 -611 -613 230 -690 50 -230 -1118 1544 -311 -343 215 932 -60 -395 461 -593 460 448 104 -261 -241 -38 557
154 277 -33 -814 229 -134 -79 699 -380 870 -729 -701 565 -734 654 211 563 -360 -613 -848 225 486 -432 264 -1021 820 598 -105 192 -200 -106 -3 -1050 -96 -127 -205 -151 -15 -280 80 1091 -784 618 235 -410 251 151 -433 -1003 512 179 149 507 444 -741 -822 525 -100 -77 -427
70 -820 528 221 185 428 -460 -154 369 -1314 1231 96 341 -393 -1788 -490 -141 275 506 226 -381 -157 880 430 489 -769 820 16 -683 101 449 411 1273 -236 -596 -500 199 155 731 -495 -946 349 -422 387 162 -552 155 983 690 -1270 -768 -237 208 -1091 559 962 -184 333 -265 -504
141 67 -62 -90 110 -176 754 -302 -589 740 -944 641 -299 973 1953 -41 -24 -470 -754 593 -53 -45 -426 0 240 819 -845 -282 728 75 -5 -82 -642 -307 256 174 265 -73 -316 293 372 -36 223 -587 685 183 -324 -473 -285 427 1147 -28 -891 865 -282 -438 425 35 468 545
518 -351 -174 -21 541 -150 -548 166 -212 -562 415 -359 743 -288 -900 643 897 525 22 -1134 851 359 -127 412 43 -1077 1090 443 -902 -193 248 -485 925 267 84 -1176 75 -8 236 635 37 -956 491 446 -587 156 897 -1083 -444 438 -676 1271 446 -625 -345 885 -966 -349 -417 -124
-1280 285 77 -559 -365 -130 -340 -226 198 535 -171 277 -874 434 555 -842 -53 -582 412 1511 -681 -608 -455 -150 -31 1003 -1115 -372 1569 60 246 -867 -1005 3 618 1627 -778 -1142 -1110 -296 508 741 -487 63 416 -1517 -269 2535 244 -1075 -641 -1712 994 593 -625 -549 1078 -176 127 -53
1252 -655 102 255 442 264 402 477 -1308 -268 187 -308 1298 -724 232 1141 -707 107 -53 -396 -105 675 772 41 -397 134 -205 -228 -580 258 -91 688 251 -410 -1148 -620 2012 1314 624 -541 -457 -109 547 -12 212 1851 -339 -1932 -478 800 1311 958 -811 -591 268 318 -367 172 -235 436
-237 1193 232 -356 23 44 -217 -1204 1279 577 223 -109 -1766 671 -889 -823 850 283 -647 835 215 -700 -349 98 37 -682 332 452 71 -82 597 46 729 19 256 -126 -1796 -770 349 1562 527 -931 -561 -198 2 -1038 349 1529 125 -1478 -1161 698 399 193 123 291 3 -969 497 170
-398 -122 122 866 -497 -562 41 1264 -633 -12 -805 223 1334 -586 196 108 -640 -614 899 -391 262 -369 50 -29 455 492 -1088 8 -155 -511 196 -850 -771 29 264 250 986 -69 -675 -202 -627 765 11 715 -330 600 230 -1656 -366 1278 198 -678 590 -597 -333 605 416 1175 -1302 -725
97 -400 54 -468 592 278 -99 -1166 -60 -374 636 10 -24 47 -896 888 474 413 -578 93 -886 414 -88 -432 -375 156 50 -38 686 139 -1043 608 928 468 -802 -288 -175 764 67 -1238 603 -273 888 -993 1111 -204 -686 1042 67 -678 133 1020 -141 627 -275 -1430 -724 -1202 1825 1035
554 335 -685 725 -957 44 -345 1085 55 769 -434 352 -584 -455 352 13 784 -1069 -164 316 580 393 -28 183 98 -415 141 966 -989 882 1287 -786 -113 -706 648 0 -345 -1360 363 1227 -561 -33 -1097 1173 -936 -48 1428 -407 324 -391 -325 -491 -122 61 580 401 698 217 -918 -771
-469 -40 45 -713 974 228 188 -321 -238 38 -338 -149 506 733 -448 -313 -1343 1094 779 76 -540 -366 527 161 87 667 -999 -132 483 -1785 462 729 -231 681 -122 -297 46 359 806 -731 -117 -752 841 -1081 -456 -365 -1159 607 -792 722 208 491 -296 -817 -180 -311 -437 189 425 731
221 172 -390 321 -1216 195 -242 214 -260 52 -40 -95 -163 -187 521 429 1350 -810 -722 78 403 10 -521 520 -91 -79 727 -85 -74 632 -1215 -702 90 -340 -354 632 -49 644 -1494 905 853 184 -1012 1429 625 273 390 -162 673 -692 -23 -233 -16 647 -505 -916 672 214 234 -762
-419 -208 -73 315 1245 148 -476 -499 543 632 594 80 -485 -315 91 209 -776 -116 142 147 301 592 -647 -863 209 -629 -921 954 -459 -207 864 810 -227 981 -600 -33 64 -388 1170 -856 -952 118 619 -680 149 -444 99 438 -826 238 703 181 -579 -198 883 1316 -868 -292 -91 330
396 -248 100 -459 -966 232 123 802 -602 -293 -707 161 138 277 -169 724 -334 -157 513 298 -471 97 1002 242 -902 831 606 -877 551 412 486 -318 391 -525 227 -585 -749 468 -152 294 900 -273 9 142 -553 458 -442 -199 511 7 -585 -162 979 52 -243 -1151 1426 130 -400 -457
-408 622 -865 584 532 -542 254 189 478 31 -14 371 357 762 -307 -955 470 75 -232 0 511 -885 -310 285 1305 -1012 -629 1049 -258 -799 56 186 -572 -23 -410 851 1062 -450 -346 396 -1142 169 194 -56 396 -116 309 243 205 416 -275 341 -490 409 267 225 -982 89 613 368
132 -73 320 -439 -631 865 -454 -530 -247 418 -111 28 -5 -25 580 263 -618 86 211 424 -340 129 -559 -306 -949 591 936 -775 77 836 -571 -353 558 769 -493 -550 -1045 935 -505 -528 985 -547 -205 239 671 -363 -67 125 -1306 548 248 -590 431 -129 -880 -628 989 323 -1020 517
-101 238 -1419 629 992 -846 486 120 -342 -416 457 -1452 -734 -126 238 586 347 -810 207 -294 -296 -284 582 -313 941 -621 -390 110 -64 -230 1025 -77 -1173 -785 1116 391 -119 -1077 673 159 -1285 987 801 -667 -850 1021 529 -289 740 -441 -78 570 -406 -170 1054 -388 -132 620 -436 -760
271 -466 822 88 400 -77 -649 101 407 132 -193 1609 877 -644 -431 -819 -304 1405 -666 -396 62 167 898 69 -3 670 -479 -235 180 -270 -498 227 1500 400 -970 -305 357 806 -320 271 337 -1337 -473 1171 669 -765 -458 513 339 -151 169 340 -130 -381 -568 1366 -390 -1201 795 603
-6 268 -286 -661 -458 907 -80 -57 644 6 -757 -1260 -215 439 451 335 37 -839 570 202 -266 -206 -294 100 -227 153 955 -471 489 104 336 -353 -1348 -493 587 367 -271 -725 -156 -627 564 1238 -337 -515 470 475 -416 -290 -48 69 -625 -697 228 776 -38 -1240 504 1200 -699 -453
225 -212 -325 1477 -74 -373 211 -629 -745 91 754 754 648 -569 -224 790 -1162 -319 -499 -132 -100 1466 245 -439 351 -1293 -144 131 263 606 -245 -462 676 19 -489 -198 484 -137 456 858 -128 -1208 -443 524 476 -536 161 -146 554 -784 336 1377 61 -257 4 700 -403 -1319 -6 1171
-104 709 97 -610 -49 -358 -120 443 719 189 -411 -1047 -301 549 500 -1341 567 508 570 135 427 -1363 355 -31 825 1596 -604 250 -633 -1030 288 64 432 179 -150 35 -411 10 -232 -813 351 716 162 -374 -1443 1343 260 195 -1311 212 22 -535 44 61 273 -688 500 1173 -876 -1459
-531 500 -143 156 436 366 -1260 -447 -148 -187 345 1076 220 -579 -312 1489 359 -671 669 -87 -301 370 123 -316 -988 -970 1198 -837 356 721 90 -586 -1583 594 788 410 747 20 432 -607 -145 -761 153 589 986 -1926 -145 276 747 -81 67 -541 511 -351 -310 -117 -438 147 1195 1287
869 -1078 323 -390 -248 -98 893 55 295 -295 165 -38 -209 123 927 -1425 -234 1225 -1046 -23 607 -201 -1174 489 1048 496 -402 509 -250 -191 -646 684 1475 -1460 -427 -753 26 -195 -104 630 336 143 -455 171 -546 1572 -1039 -52 -501 385 715 -124 -1287 546 398 -473 -250 -272 -385 79
-986 727 514 -170 441 29 -418 -187 171 732 -811 -68 83 -442 -354 131 -128 -424 293 31 -116 -15 787 -298 -360 -681 135 -206 597 670 880 -1442 -772 898 -165 1050 -472 138 -170 -446 -112 -295 83 499 661 -329 775 58 48 -478 -480 -163 686 -326 -477 443 269 -285 -442 -446
570 -579 -330 725 -541 -139 306 1161 -770 -707 949 -154 407 -325 -110 148 -473 29 219 37 -293 -210 554 154 34 97 306 -291 -560 -175 -535 161 458 29 -231 -108 -65 -511 -94 66 823 -27 -430 105 -508 -477 100 41 -2 597 221 627 -33 -23 0 -405 82 103 -174 -45
-121 -360 -731 -1083 384 421 -492 -861 546 618 -551 344 -380 758 -597 -318 675 -269 -894 236 794 -103 -256 -171 315 -43 570 35 949 -371 719 92 -934 277 524 -195 -269 282 311 -507 -390 319 -318 -106 480 91 -1034 625 387 425 -800 -1391 -416 490 275 -195 248 190 569 347
-894 945 555 660 -519 -789 -44 733 -288 -177 84 55 -7 -958 566 398 -927 227 598 325 -1062 73 -173 -147 -130 776 -471 -333 -208 895 -425 -350 610 -684 -306 -45 429 412 277 -87 -17 759 284 -234 -347 683 165 -601 -442 -326 891 156 124 -648 -195 809 -568 -409 -483 -779
601 -1532 -364 -500 794 970 186 -1024 112 213 -550 322 -743 191 -290 -422 275 69 1 19 477 -542 588 -153 160 -359 593 25 -107 -915 345 -133 276 -242 441 579 -320 -618 -1177 1254 1431 -595 -169 1023 200 -689 120 -191 431 277 -515 -26 116 415 -169 -524 1158 241 195 698
-387 757 128 475 -344 -739 380 1227 -952 -458 454 -579 -18 111 -171 15 -123 76 53 -82 -456 401 -596 141 491 -4 71 789 485 251 254 82 -173 -40 -565 -88 -297 288 674 -1367 -681 -306 -334 -416 -269 -441 196 637 18 -294 42 331 508 44 993 -436 -1028 66 211 -93
-317 533 -158 -370 -107 694 -570 -883 906 453 -286 -78 510 -101 67 929 221 -698 310 524 -720 -405 719 -229 -82 364 -6 -567 132 -458 -363 -395 -30 -370 358 -677 526 362 322 902 -257 -335 -3 414 1240 -41 -1150 -697 -561 798 454 -743 -149 684 -1768 1072 111 -88 -50 -580
771 -1142 74 398 208 -719 179 160 803 -132 -434 258 -664 1379 8 -1403 169 845 -642 -333 1130 677 -795 -247 5 -470 -416 118 -353 372 515 -300 -617 531 -25 145 -8 -1071 -321 -505 608 402 159 -686 -929 7 252 1129 364 -1344 -223 1627 -301 -1132 1407 -885 432 -699 94 500
111 796 113 149 -145 753 159 -496 -1779 -789 1054 309 -276 -1806 1133 597 -512 -801 731 319 -801 -210 537 556 -528 -37 491 240 -44 -874 -400 527 169 -414 1002 435 -236 182 -503 424 -400 -198 -718 749 826 -397 453 -506 -21 713 -346 -1070 657 1264 -670 372 225 -253 -53 202
-816 -210 157 -335 41 -615 532 267 1501 487 -768 -842 1321 1264 -1427 -242 -56 393 816 -371 -507 196 12 -602 403 374 -329 -217 110 -232 277 -684 -138 764 -477 -303 623 -59 799 -612 107 -567 1038 -415 -1230 1165 -555 647 -836 -90 875 596 -563 -1144 -38 204 -770 962 677 199
743 -216 -773 17 -334 791 -1257 -33 429 199 248 451 -1457 -828 693 215 -115 -502 -1125 113 878 262 -1040 688 135 687 -66 -85 366 264 -81 887 70 -426 -428 428 581 -521 -624 517 493 1087 -1052 588 339 -195 980 -1033 501 375 68 -86 -129 799 -119 -78 988 -799 61 732
-371 697 1030 -83 -450 -309 1130 -728 -647 -834 -169 -90 1466 438 144 -549 -441 -306 2135 -351 -1408 508 1212 -684 -608 -601 -16 86 -506 -487 442 -565 -30 769 518 -726 -834 149 1461 321 -1039 -733 -269 664 142 -1008 -497 644 -484 -1087 -611 300 602 -571 -340 105 -1005 487 277 -415
59 -432 -1213 -145 867 -490 -751 178 31 -136 314 -167 -734 -230 -796 533 712 1353 -2124 533 1249 -1006 -402 1096 1158 -597 8 367 498 232 -230 -261 -258 -436 351 685 543 -618 -1012 -583 535 -166 1357 -353 -197 1224 -584 -916 109 1040 402 -630 -28 185 -87 372 98 -712 -145 -243
-556 318 1030 221 -607 767 426 -358 896 -15 -1048 20 246 -14 708 -882 -660 -500 1474 -1000 603 1092 41 -191 -147 822 -731 -728 170 -483 801 -200 415 352 -1110 -95 422 154 570 138 -337 515 -1583 289 -231 -1386 1340 116 -235 -329 -16 635 -765 560 117 -82 57 915 562 435
279 357 -677 -145 322 -595 -168 803 -645 363 1755 -130 847 -675 -1091 612 127 1083 -451 238 -1179 -234 -168 -659 -211 -223 981 381 76 262 -526 731 -476 260 624 -680 -902 -87 583 -752 129 -315 1119 -126 11 1006 -327 -66 -254 -403 489 35 1146 -466 249 -265 124 -762 239 -449
-863 -400 1036 -395 -147 449 416 -140 889 -1568 -799 860 -986 335 249 597 -215 -934 -5 -88 228 -537 191 62 -249 24 519 -149 -377 -373 497 -110 479 -308 447 700 970 -773 -391 307 -239 809 -430 -258 -933 -282 -55 201 359 894 -528 -436 -134 896 -195 109 -778 724 -469 -26
1149 107 -1249 -42 -605 -112 -726 604 104 843 -184 -952 1073 -155 337 -886 225 357 -321 169 -323 1049 143 -288 625 -71 -954 -78 544 385 -239 -123 -452 96 -1141 -256 -742 576 305 -337 -623 -78 301 32 1294 -101 -147 -803 1004 -681 490 903 -144 -109 -239 334 355 -895 881 208
-1302 250 833 -35 786 120 518 115 -666 -234 153 49 -947 68 -534 903 -815 316 -800 -146 1412 -538 -34 621 -832 -87 963 260 -324 -652 220 -475 322 -56 553 124 461 -373 -565 -799 1231 -783 -197 462 -982 240 399 506 -1290 610 32 -187 -357 -166 -446 -338 499 72 -1165 -567
914 -159 -855 -242 59 885 -141 -594 372 498 866 -220 368 -917 -68 -77 1048 -231 678 139 -1611 366 -1265 -390 1356 1266 -677 -944 294 143 -392 662 -347 -863 333 66 -10 -110 572 586 -848 887 -71 -1064 599 158 8 -222 898 -526 -897 303 78 182 343 560 -680 464 654 -140
-839 -384 783 562 -529 -729 490 454 -769 -335 -166 553 -69 101 520 309 -902 713 -332 -639 857 -573 1177 -291 -475 -461 585 -87 -18 -108 -41 -895 561 1139 0 -87 203 -118 -339 -460 518 -344 -310 -348 -438 323 128 120 156 84 42 -525 289 453 -760 -502 362 -253 261 715
439 42 -739 -298 1013 283 -765 230 780 -121 -441 -1182 701 445 -182 158 674 -1284 298 799 762 713 -1134 211 -305 -149 62 755 -315 59 65 390 -44 -1190 882 280 35 270 -151 772 192 447 611 751 -165 -258 0 -11 -768 426 847 250 -259 -1025 166 -61 -238 -305 -865 -370
-495 368 1156 -731 -957 -323 587 -1436 -648 626 986 -44 -873 -331 554 256 -994 942 -507 -48 -744 -331 1011 152 -44 627 211 -1012 -240 -340 -3 -28 566 744 -1178 -95 12 -1085 -105 -402 72 -231 -345 -375 1541 -594 -264 -143 550 -405 -392 -73 219 203 5 -67 -58 -18 769 -160
258 -343 -880 623 1366 209 -402 752 743 -500 -711 179 985 -483 -445 521 317 -341 -282 317 1009 -366 -481 -368 292 -258 -771 288 1591 -7 -237 -387 -350 -668 594 -583 -213 1756 468 565 -706 -216 -12 -645 -1981 702 385 -158 -300 147 -270 419 -524 -31 291 29 426 613 -527 -25
-452 -12 956 -111 -944 -73 519 -308 -447 1251 428 -636 -961 553 -346 -396 -384 210 651 -594 -48 814 -656 -242 359 27 884 -44 -1478 -48 474 -64 176 -292 240 1160 736 -1412 -833 -270 937 -406 186 1023 945 -1035 136 193 -461 60 76 48 811 -511 -669 -28 261 -239 -69 59
-189 397 -608 138 879 -368 -69 269 -184 -874 719 1151 1214 -919 449 361 121 -29 -803 679 -145 -1035 893 -437 334 443 -700 138 395 -294 -39 200 621 501 -459 -375 -875 872 -183 -42 -731 784 -899 -658 644 251 -309 -316 468 -363 -433 -48 -735 -42 1263 -543 -317 548 598 -43
190 -104 726 -248 -915 317 498 -522 215 730 -968 -1228 -236 1332 287 137 -681 403 1121 -756 181 307 -670 -59 -283 -181 276 84 275 234 -998 -101 -200 -318 592 -277 699 -295 300 822 79 -633 549 31 -802 -609 479 87 -255 302 413 -45 -188 746 -480 1157 573 -973 -494 523
-540 -375 -253 54 836 54 -234 60 343 -128 220 1091 -358 -1327 -92 122 -117 -424 -890 914 240 -104 67 -153 -59 594 -1291 -63 -2 417 652 -360 341 -657 152 301 -1098 -177 61 -551 408 566 300 -113 -30 213 -275 237 -330 -186 -507 861 -267 -1068 -16 -774 -526 892 302 389
128 551 -471 -361 -1080 180 281 -244 -927 -110 1191 -1135 341 726 -155 37 682 44 0 -946 -221 263 111 -35 342 -377 1329 105 -422 -784 -429 -67 199 511 -33 -258 1096 31 -113 -75 -201 -446 -506 -19 218 -512 -73 213 465 -294 375 -149 257 973 546 84 236 -444 -606 -802
-268 -109 873 379 -249 -325 -91 134 582 -712 -475 1165 -1 -320 142 -57 -1114 66 1111 520 -429 -1037 -133 54 -52 -247 -144 130 115 718 93 381 -495 33 634 -460 -96 -6 64 -670 24 446 -403 -180 392 575 -430 -681 -303 711 150 -1011 -639 -451 -499 -452 -470 922 828 -163
-336 27 -559 354 470 -54 457 -39 -505 1587 537 -1438 -547 204 -252 95 791 351 -1459 -493 727 781 31 -41 355 181 -791 149 -45 392 760 -242 443 -622 99 35 250 -187 -335 740 807 -278 742 834 -809 -582 619 1010 404 -1114 -533 1468 -233 -216 895 346 -429 -356 -740 391
