-271 -123 47 -315 -166 -10 -308 -343 -218 -340 -327 -141 -287 -71 -282 -61 -617 -69 -134 -304 -175 -253 -59 -483 -170 -304 -510 -280 -208 -205 -576 -147 -52 -301 -432 -172 -669 -270 -529 -106 -393 -96 -174 -555 -420 24 -469 -505 -373 -233 -466 21 -186 -493 -474 -70 -397 -119 -599 -162
-728 198 -491 -260 -219 -441 -17 -463 -282 -419 -100 -290 -108 -274 -231 -452 -332 -140 -166 -393 -98 -498 -444 -204 -621 -261 -189 -375 -216 -555 -233 -372 -161 -111 -282 -116 -368 -327 -324 -272 -269 182 -479 -289 157 -254 -441 -117 -424 -670 -157 -559 -153 -335 -217 -185 -237 -628 13 -569
-88 -341 -104 -259 -229 -286 -77 -338 -331 -114 -403 -123 -408 -89 -208 -309 -173 24 -646 136 -650 -137 -185 -531 84 -673 -102 -237 -308 -58 -209 -55 -382 -541 -32 -433 66 -177 -396 52 -180 -529 -398 -16 -237 -440 -146 -524 -249 -346 -307 -381 -313 -519 -120 -51 -585 -113 -410 -404
-168 -252 -267 -269 -338 -281 -218 -427 -342 -436 -189 -373 -253 29 -118 -586 -74 -487 146 -544 -102 -408 -180 -345 -595 8 -511 -99 -391 -154 -202 -282 -438 -228 -350 -232 -170 -618 93 -444 -190 -235 -281 65 -354 -129 -254 -178 -280 -43 -382 -9 -500 -65 -155 -340 20 -295 -275 -117
-171 -173 -665 27 -563 -3 -277 -331 -269 -100 -444 -82 -251 -49 -241 -196 -395 -119 -254 -349 -96 96 -450 -207 -427 -141 -350 -663 120 -338 -11 -640 -301 -452 -69 -449 -238 -84 -576 -74 -173 -655 169 -309 28 -348 -101 -184 -378 -254 -391 -513 -302 -502 -165 -292 -394 -120 -428 -89
33 -608 -278 -419 -174 -499 -129 -261 -131 -480 -101 -227 -149 -81 -110 -635 27 -585 -428 -368 -98 -308 12 -439 -20 -383 -449 -331 -381 -385 -401 -603 -103 -699 -206 -69 -253 -190 -68 -85 -385 -185 -74 -504 -175 -206 -513 -224 -232 -350 -84 -597 -156 -520 -128 -338 -318 0 -529 -43
-448 -229 -345 -24 -491 -117 -82 -209 -109 -311 -488 -178 -278 -40 -409 -61 -284 -48 -293 -206 -85 -185 -274 -69 -642 -198 -108 -209 31 -112 -334 172 -548 22 -429 8 -363 -25 -326 -16 -548 -155 -531 -196 -228 -410 -63 -458 -281 -261 -240 -302 -419 -64 -554 -52 -152 -390 -102 -446
-348 -267 -189 -223 -220 -274 -289 -143 -346 -449 -268 -364 -151 -25 -481 -224 -375 -500 -217 -318 -243 -257 -115 -558 -220 -100 -350 13 -646 -193 -61 -636 -123 -564 -122 -612 -96 -396 -123 -570 81 -262 -353 -167 -137 -317 69 -519 -75 -247 -442 -329 -240 -680 35 -515 -176 -181 -382 -16
-229 -119 -300 -581 131 -698 194 -446 -283 -268 -286 -366 -122 -383 -291 -409 -51 -183 -586 96 -578 -61 -451 -351 -128 -248 43 -758 -82 -260 -391 -411 119 -479 -293 86 -376 -119 -264 70 -604 -59 -507 -224 -207 -380 -503 -246 -447 -239 -519 47 -654 -161 -462 -418 -47 -686 -273 -549
-163 -156 -440 -79 -730 -45 -473 -441 12 -484 -292 -146 -100 -216 -449 -277 -333 -195 -144 -334 -79 -84 -658 79 -172 -121 -502 -199 -359 -223 -465 244 -698 -115 -245 -420 -354 -301 -159 -502 258 -701 34 -175 -590 116 -576 -33 -603 -207 -400 -517 53 -310 -329 15 -137 -396 -204 -109
-186 -387 -177 39 -453 130 -707 140 -356 -164 -572 -447 -303 -756 -322 -231 -472 -481 -288 -577 -221 -489 -119 -173 -92 -230 -296 -500 -241 -495 45 -424 -241 -119 -526 -17 -247 -246 -242 -118 -610 52 -9 -452 -88 -189 -302 -495 -116 -246 -357 87 -374 -381 -336 -149 -510 -190 -299 -619
-132 -217 -135 -700 -165 -796 -268 -335 -38 -460 -240 -175 -387 -283 -280 -415 -252 -186 -356 -125 -2 -474 -190 -420 -74 -241 -223 -112 -350 3 -282 -342 -419 -305 -433 -281 -198 -208 -467 -272 -386 -361 -371 -111 -63 -296 -418 -77 -469 -387 -77 -172 -51 -431 -354 -83 -175 -497 -67 51
-337 192 -508 -197 -114 -326 -126 -103 -381 -272 -391 -480 -199 -200 -245 -454 -49 -609 -300 -14 -400 -299 -72 -294 -290 -431 -261 -813 -256 -527 -174 -458 -262 -447 -146 -512 -66 -587 -126 -98 -420 -269 -175 -362 -329 -571 -101 -432 -399 -199 -121 -222 -418 -317 -160 -308 -344 -268 -337 -291
-114 -570 -490 -220 -566 -457 14 -489 -378 -234 -478 -407 -593 -115 -531 -97 -267 -259 -96 -261 -284 -90 -71 -272 -59 -35 -397 -49 -86 -308 33 -533 -432 -202 -186 -297 -30 -346 -321 -446 -371 -286 -395 0 -208 -331 71 -600 -76 -216 -505 -222 -245 -347 -436 -6 -528 -235 -3 -111
-438 -153 -266 -176 6 -147 -436 -159 -313 -59 -530 80 -148 -171 -180 -47 -578 -367 -97 -670 132 -340 -524 100 -601 -229 -205 -546 -467 -112 -297 -285 -463 -153 -743 41 -274 -295 19 -440 -137 -599 -189 -665 -292 -389 -582 110 -479 -125 -375 170 -627 135 -545 -280 -340 -268 -220 -268
50 -826 -125 -220 -515 -341 -116 -676 260 -840 99 -492 -117 -464 40 -353 -74 -392 -117 -115 -258 -35 97 -351 -191 -373 -41 -494 -34 -345 -2 -634 -69 -144 -49 -26 -318 -51 -256 -336 -262 -374 -158 -386 -38 -150 -38 -202 -147 -470 -95 -579 4 -760 132 -574 -185 -20 -176 -341
-536 -58 -299 -182 -164 -77 -332 -74 -410 -70 -326 -59 -396 -151 -449 -155 -573 -44 -292 -104 -307 -439 -164 -397 -365 -153 -677 -116 -218 60 -299 -128 -395 -309 -329 -292 -410 -141 -177 -65 -424 -141 -487 -311 -372 -321 -274 -78 -653 -40 -397 -383 -192 -58 -434 3 -265 -256 -144 -388
-138 -260 -122 -83 -306 -43 -248 -168 -302 -436 -55 -461 243 -658 -58 -71 -246 -237 -360 -125 -137 -265 86 -331 -124 -332 -53 -387 -249 -152 -458 -418 82 -471 -374 -105 -65 -323 -98 -280 -248 -572 -173 -135 -153 -287 230 -604 189 -397 -284 -151 -471 70 -319 -252 -8 -188 -352 -26
-500 -372 -205 -398 -533 -335 -307 -343 -422 -184 -40 69 -467 -81 -191 -415 -33 -425 -124 139 -770 89 -248 -268 -558 -363 -671 -229 -87 -602 -92 -161 -370 -504 -19 -366 -116 -483 120 -559 -338 -253 -502 -380 -350 -231 -629 67 -444 -415 -350 -426 -110 -500 -92 -292 -417 -7 -205 -442
-417 -139 -294 -97 -292 -41 -71 -440 -513 -286 -325 -468 -116 -237 2 -124 -171 -256 -112 -621 -8 -174 -75 -103 -401 -27 -410 -121 -431 35 -379 -407 -324 -336 -374 -253 -205 -85 -349 -188 -417 -348 -21 -277 -406 -2 -194 -423 -253 -58 -519 78 -340 -328 -287 -47 -155 -26 -593 -137
-323 -414 -277 -307 -152 -183 -99 -164 -383 17 -472 -165 -368 -232 -440 -280 -251 -309 -171 -260 -104 -241 -272 -506 -108 -626 -424 37 -180 -82 -444 86 -446 -499 -83 -178 -297 27 -227 -94 -542 -61 -342 -450 -110 -259 -123 -378 -312 -328 -354 -461 -449 -316 -303 -251 -379 -581 -224 -414
-492 -284 -251 -362 -57 -364 -458 -531 -287 -619 -357 -104 -232 -141 -404 -176 -375 -178 -349 -218 -252 -28 -235 -279 -66 -518 4 -143 -264 -117 -342 -184 -578 -258 -127 -462 -28 -484 60 -719 -98 -153 -274 -341 -118 -427 -63 -650 42 -327 -61 -470 -439 -34 -346 -406 -337 -150 -296 -55
-653 -150 -361 -364 -376 -343 -209 -219 -40 -312 -289 -47 -461 -252 -225 -535 15 -451 34 -489 -317 -376 -626 -190 -678 -232 -116 -210 -204 -354 -197 -426 -490 -95 -521 -4 -316 75 -232 -191 -24 -265 -241 -566 -306 -51 -410 -288 -32 -380 -453 -186 -440 69 -540 -176 3 -358 -214 -295
106 -603 -43 1 -163 -557 -87 -290 -632 -408 -127 -537 61 -465 -565 -369 -356 -97 -538 -208 -97 -178 -337 -177 -306 85 11 -445 -68 -226 -127 -357 -75 -436 -351 -88 -535 -140 -263 -457 62 -395 -134 -26 -318 -5 -344 -371 31 -550 -117 -486 205 -924 51 -787 -221 -427 -487 -325
-455 -100 -204 -408 -433 -309 -113 -336 -245 -493 90 -145 -242 -121 -469 -471 -14 -471 -346 -309 -85 -426 -352 -96 -295 25 -579 -46 -587 3 -572 48 -611 -380 -187 -292 -353 79 -603 198 -395 -392 -140 -478 -66 -277 -371 80 -604 -343 -32 -344 -633 135 -467 -213 -240 -186 -186 -547
-311 96 -581 145 -715 -178 -80 -279 -500 30 -312 -343 -178 -814 -129 -439 -115 -550 -200 5 -219 -298 -92 -348 -239 -244 -129 -379 -146 -367 -215 -462 -240 -512 134 -723 -252 -393 -181 -383 -688 136 -527 -315 -412 -277 -364 -274 -284 -138 -112 -621 165 -359 -545 1 -225 -62 -241 48
7 -660 79 -266 -206 176 -246 -351 -264 -135 -349 -236 -692 -239 -763 -140 -689 -494 -330 -238 -238 -76 -232 -342 176 -762 129 -317 -603 -35 -195 -495 -121 -294 -114 -315 -193 -102 -436 -581 -113 -423 -218 -266 106 -485 127 -451 -305 106 -676 65 -330 -329 -278 -333 -419 -269 -212 -524
-205 -335 -80 -178 -154 -21 -226 -230 101 -423 -108 -300 -51 -55 -75 -33 -357 -181 -445 -194 -576 -190 -592 -335 -556 17 -491 -338 -142 -551 -239 -617 -181 -183 -422 -64 -47 -416 -406 44 -553 -299 -368 -73 -638 187 -737 95 -215 -141 -404 -225 -243 -262 -184 -195 99 -183 -276 -200
-633 -74 -35 -264 -102 -473 -146 -487 -441 -424 -540 -408 -412 -583 -325 -624 -123 -637 -374 -412 -11 -411 15 -319 131 -415 -333 -474 -198 -404 -496 -96 -414 -78 -232 -139 -439 -419 -9 -364 -264 -296 -12 -759 353 -737 127 -250 -181 -351 -252 -521 -361 -464 -349 -367 -188 -198 -425 -231
-327 -330 -383 -111 -436 80 -548 -24 -424 122 -436 79 -368 -423 -279 -206 -400 -389 -169 -29 -437 -116 -601 -145 -429 -188 -354 -68 -447 -489 -39 -791 -219 -76 -95 -31 -366 10 -271 -552 -323 -284 -479 150 -598 75 -425 -373 -415 -147 -408 -254 -216 -133 -105 -82 -406 -174 -175 -438
-70 -322 -175 -201 -456 -574 -281 -734 -75 -511 -114 -487 -336 -99 -126 -35 -216 -256 -231 -391 -277 -518 177 -444 -385 -464 51 -783 -367 -258 -505 -446 -316 -10 -302 -344 -126 -319 -307 -69 -280 -495 -116 -435 109 -380 -108 -312 -311 -12 -445 -180 -376 -367 -328 -519 -118 -117 -453 -381
-620 -298 -261 -523 -100 -151 -379 28 -69 -317 -76 -591 -153 -574 -319 -476 -287 -239 -385 -129 -400 -177 -263 -442 -315 -27 -696 83 -357 -31 -425 -213 -133 -243 -206 -241 -242 -305 -103 -539 -172 150 -720 204 -238 -196 -686 -345 -267 -377 -105 -291 21 -414 -190 -72 107 -588 -367 -334
35 -272 -294 -276 -395 -628 -241 -282 -428 -30 -226 -312 -358 167 -492 -250 -359 -121 -440 -201 -85 -20 -522 -135 -380 -428 173 -432 -117 -644 -397 -482 -322 -47 -215 14 -332 -55 -608 -178 -113 -861 -202 -312 -317 -327 -197 -491 23 -454 -14 -339 -580 -359 -455 -165 -701 -169 -665 178
-580 -379 -568 -62 -336 -225 -236 -298 -330 -42 -772 16 29 -399 -290 -90 -334 -388 -345 -180 -258 -64 -420 -376 -422 -344 -198 -145 -172 -269 -265 -358 -321 -254 -592 -93 -333 -450 -183 -145 -378 -357 -337 -192 -115 -348 -407 -449 -274 -161 -309 -171 -383 -120 -516 -123 -196 -399 284 -705
-172 -281 -139 -58 -527 -497 -118 -391 -376 -147 -399 -101 -430 -429 -238 -137 -154 -276 -118 -288 -61 -91 -461 -105 -346 -349 121 -499 -219 -462 -145 -551 -256 -429 -60 -72 -445 -179 -85 -206 -288 -267 -232 -76 -259 -299 -269 -414 -327 -320 -320 -345 -424 -504 -315 -411 -474 -109 -699 -144
-587 -394 -345 -550 -515 -190 -477 -549 -96 -465 28 -445 -152 -242 -288 -133 -253 -341 -432 28 -304 -468 -61 -412 -706 295 -695 -78 -459 -92 -369 -398 -389 -104 -127 -449 -20 -358 -103 -466 -388 -377 -277 -335 -170 -232 -484 -26 -552 -179 -294 -307 -436 -574 -106 -607 -113 -423 -403 -315
-91 -78 -130 -261 -439 -85 -488 -378 -150 -661 -358 -382 -684 -148 -44 -536 -233 -490 -197 -210 -247 71 -272 -468 -141 -653 -481 -242 -562 -99 -531 -160 20 -403 -179 -168 -39 -311 -393 193 -457 -219 -43 -135 -142 -321 -69 -641 -266 -43 -519 -228 -733 -104 -504 -272 -248 -607 -208 -220
-403 -447 -396 -384 -265 -498 -140 -227 -6 -196 -157 -252 -313 124 -316 15 -125 -344 151 -318 -328 26 -217 -120 -108 -109 -171 -195 -101 -453 -82 -279 -340 -391 -525 -62 -699 -260 -259 -661 -399 -484 -477 -197 -250 -240 -374 -85 -265 -527 -321 -546 -284 -369 -319 -152 -447 10 -328 -274
119 -338 -172 -395 -235 -275 -334 -375 -353 -400 -309 -681 42 -416 -514 -25 -569 -121 -608 -217 -298 -354 -348 -413 -639 -242 -506 -112 -657 157 -334 -212 -224 17 -253 39 -395 198 -365 -73 -424 -327 -195 -38 -274 -262 -120 -410 -238 -507 -304 -429 -333 -380 -120 -527 -250 -232 -432 -600
-484 -17 -673 -354 -220 -6 -387 50 36 -322 -349 -157 -180 -427 -62 -129 -24 -225 -236 -477 -127 -436 -293 -416 137 -504 205 -404 109 -328 -224 11 -250 -346 -88 -459 -55 -399 -64 -648 -162 -506 10 -491 -409 178 -588 -170 -540 -143 -520 -468 -131 -661 -93 -402 -288 -189 -499 -335
-53 -449 -318 -175 -272 -165 -526 -75 -411 -126 -547 353 -679 -327 -168 -326 -294 -180 -462 -148 -302 -442 -457 -91 -393 -161 -237 -319 -149 -626 -32 -415 -194 -430 -95 -409 -129 -172 -355 -100 -242 -392 -82 -155 89 -381 -9 -598 169 -673 -513 -97 -559 -61 -368 -614 1 -517 -189 -149
-528 -50 -463 -112 -249 -554 62 -364 -674 89 -251 -513 77 -665 -290 -303 -38 -199 -390 4 -450 -170 -308 -25 -317 -87 -452 10 -152 -238 -291 -108 -228 -9 -371 -261 -188 -730 -343 -298 -544 44 -495 -149 -259 -388 -410 58 -579 -91 -310 -267 38 -530 -305 -102 -716 -32 -611 -493
-469 -604 46 -599 -38 76 -202 -228 -28 -404 -199 -306 -376 -217 -299 -31 -73 -473 -173 -429 -356 -622 -417 -274 -562 -339 -255 27 -706 -107 -420 -265 121 -294 -232 -92 -145 -48 -466 -342 -185 -687 -8 -575 -122 -450 13 -478 44 -918 66 -237 -537 -102 -78 -695 29 -617 -176 -248
-207 -311 -535 -137 -289 -453 -366 -355 -287 -317 -208 -172 -55 -429 -138 -391 46 -534 24 -480 -190 -378 -182 -191 -160 -391 18 -529 -314 -83 -418 -159 -443 -187 -513 -497 -181 -647 -99 -256 -397 28 -235 -151 -239 -59 -173 16 -434 100 -384 -321 -374 -101 -542 -129 -349 -410 -381 -604
-468 -583 67 -510 9 -340 12 -324 -407 -354 -403 -291 -396 -285 -299 -94 -413 -72 -38 -495 -293 -560 -279 -250 -547 -66 -305 -409 -202 -495 -226 -495 29 -361 -218 205 -469 -339 -204 -512 -236 -326 -306 -261 -353 -63 -332 -444 -60 -143 -572 -338 -28 -692 30 -123 -412 5 -394 176
-393 -21 -361 105 -475 -48 -111 -549 -317 -538 38 -370 -6 -195 -279 71 -492 -127 -588 -280 -673 -124 -314 -151 -41 -75 -492 228 -284 -461 -304 -254 -358 -456 -13 -547 -150 129 -167 -367 -32 -164 -406 -278 -81 -566 -385 -106 -341 -539 -466 -122 -545 -139 -94 -234 -349 -239 -52 -275
-293 -488 -360 4 -616 63 -517 -236 10 -411 -292 -105 -584 -215 -309 -669 -20 -489 13 -572 48 -324 -293 -90 -220 -237 -71 -142 -181 -263 -226 7 -314 19 -703 -287 -453 -545 -402 -226 -640 -105 -256 -217 -149 -433 -14 -422 -129 -188 -239 -469 -142 -526 57 -437 -147 -316 -472 -451
-49 -426 -28 -666 -57 -836 -245 -378 -691 114 -612 -272 -151 -428 -356 -76 -524 -251 -607 -265 -373 -578 96 -492 90 -445 -279 -110 -777 -33 -348 -268 -262 -455 -147 -179 -299 -31 23 -298 -171 -233 -236 -55 -497 148 -459 65 -218 -334 -160 -53 -577 -81 -293 -269 -332 -131 -81 -330
-515 -242 -379 -331 -362 -306 -138 -116 -228 -301 -332 -359 -52 -310 -280 -362 -302 -29 -518 -1 -175 -256 -249 -11 -202 -308 52 -671 201 -212 -285 -35 -622 -268 -491 -542 -433 -315 -421 -60 -717 -44 -363 -327 -311 -446 -228 -78 -621 -164 -243 -353 -348 -185 -562 -182 -524 -56 -606 -317
-177 -120 -336 -197 -694 44 -457 -352 -248 -245 -397 -34 -203 -400 -379 -160 -519 -489 86 -487 -332 -182 -466 38 -583 0 -642 101 -207 -132 -81 -106 -253 -20 -398 -201 -32 -298 63 -443 -236 -402 28 -460 -91 -261 -133 -673 70 -359 -158 -348 -179 -480 -24 -285 -32 -304 -356 -371
-589 -361 -477 -716 -222 -526 -6 -509 31 -718 -61 -363 -114 -406 42 -401 -352 161 -230 -107 -377 -67 -156 -321 12 -658 4 -535 -245 -420 -405 -427 -383 -437 -318 -321 -358 -249 -421 -282 -517 -157 -417 -306 31 -478 -307 -224 -370 -400 -55 -304 -347 76 -453 -367 -55 -389 -157 -295
-326 -150 -87 -358 -36 -303 38 -83 -531 127 -552 86 -343 -162 -410 -210 -121 -400 -415 -344 -274 -282 -144 4 -352 -152 -578 24 -405 -119 -290 -218 -168 -312 1 -810 152 -607 -72 -588 -57 -480 -158 -50 -663 -17 -612 32 -48 -602 -138 -240 -20 -477 215 -724 -109 -635 -73 -682
-5 -286 -458 -103 -527 -57 -244 -353 -146 -517 -207 -263 -446 -171 -291 -423 -233 -304 -6 22 -364 33 -310 -207 -328 -279 -88 -195 -348 -95 -505 -296 -238 -295 -539 -153 -375 -81 -172 -184 -317 -36 -265 -121 -49 -501 -136 -316 -410 -484 -80 -323 -408 26 -409 16 -242 -114 -306 -152
-170 -655 -209 -590 95 -284 -117 -64 -285 -452 -311 33 -599 54 -489 -178 -709 -11 -438 -342 -263 -355 -286 -62 -381 4 -392 -122 -134 -382 -368 -193 -348 -409 -365 -288 -43 -347 -254 -126 -252 -487 -14 -350 -191 -454 -176 -45 -620 -240 -55 -455 74 -321 -362 -417 -656 -137 -349 -114
-372 33 -484 -46 -580 -17 -128 -316 -78 -496 32 -669 48 -434 -393 -307 203 -511 65 -395 -411 -63 -480 -181 62 -498 -220 -234 -171 -454 -246 -381 -182 -337 -329 -110 -15 -463 -62 -89 -691 -134 -301 -188 -238 28 -222 -351 7 -58 -318 -130 -447 -262 -465 -153 -416 -11 -217 -347
-283 -579 -164 -566 189 -617 -50 -117 -714 -37 -476 -3 -368 -268 -240 -263 -623 57 -382 -380 153 -777 -5 -194 -548 5 -233 -424 -46 -448 -213 -156 -354 -292 -2 -146 -333 -10 66 -330 -154 -269 -376 -155 -418 -228 -634 -143 -324 -418 -166 -389 -353 -132 -292 -250 -196 -329 -192 -228
-250 -255 -127 -333 -464 98 -218 -218 -266 -657 -32 -742 -229 -253 -407 -260 -92 -44 -420 -55 -306 35 -164 -187 -209 48 -412 63 -409 -88 -195 -465 -423 -245 -573 162 -626 -14 -87 -148 -392 -151 21 -108 -204 -436 -58 -393 -391 -14 -531 -483 79 -588 121 -384 -152 -409 -265 -43
-175 -22 -458 -356 -505 -284 -246 -374 -304 -203 -460 94 -47 -283 -171 -276 -239 -577 -303 -409 -208 -47 -685 113 -301 -304 -258 -179 -246 -159 -152 -380 -164 -184 -173 -420 -139 -335 -265 -330 -260 -423 -79 -290 -422 -161 -488 -123 128 -480 -222 -86 -563 29 -465 -259 -557 -137 2 -394
-282 -19 -275 -167 76 -181 -142 -183 -284 -477 -169 -410 -413 -536 -280 -185 -288 -287 -517 17 -548 -112 -264 -383 -243 -451 -224 -274 -148 -604 -214 -124 -250 -571 146 -625 -385 -123 -521 -200 -285 -13 -270 -437 -221 -537 -344 -131 -556 86 -503 -196 78 -423 94 -679 2 -472 21 -260
30 -291 -349 -339 -178 -401 -40 -575 68 -375 -324 167 -441 -50 -317 -272 -382 -358 -187 -225 -90 -624 -41 -531 -83 -152 -207 -161 -259 -406 -191 -643 -22 -432 -136 -465 6 -355 -530 5 -138 -359 -204 -99 -588 -568 -155 -433 -190 -613 -137 -416 -359 -417 -496 -100 -592 -25 -290 -352
