31808256 31838208 31868160 31898112 31928064 31958016 31987968 32017920 32047872 32077824 32107776 32137728 32167680 32197632 32227584 32257536 32287488 32317440 32347392 32377344 32407296 32437248 32467200 32497152 32527104 32557056 32587008 32616960 32646912 32676864
32766720 32796672 32826624 32856576 32886528 32916480 32946432 32976384 33006336 33036288 33066240 33096192 33126144 33156096 33186048 33216000 33245952 33275904 33305856 33335808 33365760 33395712 33425664 33455616 33485568 33515520 33545472 33575424 33605376 33635328
33725184 33755136 33785088 33815040 33844992 33874944 33904896 33934848 33964800 33994752 34024704 34054656 34084608 34114560 34144512 34174464 34204416 34234368 34264320 34294272 34324224 34354176 34384128 34414080 34444032 34473984 34503936 34533888 34563840 34593792
34683648 34713600 34743552 34773504 34803456 34833408 34863360 34893312 34923264 34953216 34983168 35013120 35043072 35073024 35102976 35132928 35162880 35192832 35222784 35252736 35282688 35312640 35342592 35372544 35402496 35432448 35462400 35492352 35522304 35552256
35642112 35672064 35702016 35731968 35761920 35791872 35821824 35851776 35881728 35911680 35941632 35971584 36001536 36031488 36061440 36091392 36121344 36151296 36181248 36211200 36241152 36271104 36301056 36331008 36360960 36390912 36420864 36450816 36480768 36510720
36600576 36630528 36660480 36690432 36720384 36750336 36780288 36810240 36840192 36870144 36900096 36930048 36960000 36989952 37019904 37049856 37079808 37109760 37139712 37169664 37199616 37229568 37259520 37289472 37319424 37349376 37379328 37409280 37439232 37469184
37559040 37588992 37618944 37648896 37678848 37708800 37738752 37768704 37798656 37828608 37858560 37888512 37918464 37948416 37978368 38008320 38038272 38068224 38098176 38128128 38158080 38188032 38217984 38247936 38277888 38307840 38337792 38367744 38397696 38427648
38517504 38547456 38577408 38607360 38637312 38667264 38697216 38727168 38757120 38787072 38817024 38846976 38876928 38906880 38936832 38966784 38996736 39026688 39056640 39086592 39116544 39146496 39176448 39206400 39236352 39266304 39296256 39326208 39356160 39386112
39475968 39505920 39535872 39565824 39595776 39625728 39655680 39685632 39715584 39745536 39775488 39805440 39835392 39865344 39895296 39925248 39955200 39985152 40015104 40045056 40075008 40104960 40134912 40164864 40194816 40224768 40254720 40284672 40314624 40344576
40434432 40464384 40494336 40524288 40554240 40584192 40614144 40644096 40674048 40704000 40733952 40763904 40793856 40823808 40853760 40883712 40913664 40943616 40973568 41003520 41033472 41063424 41093376 41123328 41153280 41183232 41213184 41243136 41273088 41303040
41392896 41422848 41452800 41482752 41512704 41542656 41572608 41602560 41632512 41662464 41692416 41722368 41752320 41782272 41812224 41842176 41872128 41902080 41932032 41961984 41991936 42021888 42051840 42081792 42111744 42141696 42171648 42201600 42231552 42261504
42351360 42381312 42411264 42441216 42471168 42501120 42531072 42561024 42590976 42620928 42650880 42680832 42710784 42740736 42770688 42800640 42830592 42860544 42890496 42920448 42950400 42980352 43010304 43040256 43070208 43100160 43130112 43160064 43190016 43219968
43309824 43339776 43369728 43399680 43429632 43459584 43489536 43519488 43549440 43579392 43609344 43639296 43669248 43699200 43729152 43759104 43789056 43819008 43848960 43878912 43908864 43938816 43968768 43998720 44028672 44058624 44088576 44118528 44148480 44178432
44268288 44298240 44328192 44358144 44388096 44418048 44448000 44477952 44507904 44537856 44567808 44597760 44627712 44657664 44687616 44717568 44747520 44777472 44807424 44837376 44867328 44897280 44927232 44957184 44987136 45017088 45047040 45076992 45106944 45136896
45226752 45256704 45286656 45316608 45346560 45376512 45406464 45436416 45466368 45496320 45526272 45556224 45586176 45616128 45646080 45676032 45705984 45735936 45765888 45795840 45825792 45855744 45885696 45915648 45945600 45975552 46005504 46035456 46065408 46095360
46185216 46215168 46245120 46275072 46305024 46334976 46364928 46394880 46424832 46454784 46484736 46514688 46544640 46574592 46604544 46634496 46664448 46694400 46724352 46754304 46784256 46814208 46844160 46874112 46904064 46934016 46963968 46993920 47023872 47053824
47143680 47173632 47203584 47233536 47263488 47293440 47323392 47353344 47383296 47413248 47443200 47473152 47503104 47533056 47563008 47592960 47622912 47652864 47682816 47712768 47742720 47772672 47802624 47832576 47862528 47892480 47922432 47952384 47982336 48012288
48102144 48132096 48162048 48192000 48221952 48251904 48281856 48311808 48341760 48371712 48401664 48431616 48461568 48491520 48521472 48551424 48581376 48611328 48641280 48671232 48701184 48731136 48761088 48791040 48820992 48850944 48880896 48910848 48940800 48970752
49060608 49090560 49120512 49150464 49180416 49210368 49240320 49270272 49300224 49330176 49360128 49390080 49420032 49449984 49479936 49509888 49539840 49569792 49599744 49629696 49659648 49689600 49719552 49749504 49779456 49809408 49839360 49869312 49899264 49929216
50019072 50049024 50078976 50108928 50138880 50168832 50198784 50228736 50258688 50288640 50318592 50348544 50378496 50408448 50438400 50468352 50498304 50528256 50558208 50588160 50618112 50648064 50678016 50707968 50737920 50767872 50797824 50827776 50857728 50887680
50977536 51007488 51037440 51067392 51097344 51127296 51157248 51187200 51217152 51247104 51277056 51307008 51336960 51366912 51396864 51426816 51456768 51486720 51516672 51546624 51576576 51606528 51636480 51666432 51696384 51726336 51756288 51786240 51816192 51846144
51936000 51965952 51995904 52025856 52055808 52085760 52115712 52145664 52175616 52205568 52235520 52265472 52295424 52325376 52355328 52385280 52415232 52445184 52475136 52505088 52535040 52564992 52594944 52624896 52654848 52684800 52714752 52744704 52774656 52804608
52894464 52924416 52954368 52984320 53014272 53044224 53074176 53104128 53134080 53164032 53193984 53223936 53253888 53283840 53313792 53343744 53373696 53403648 53433600 53463552 53493504 53523456 53553408 53583360 53613312 53643264 53673216 53703168 53733120 53763072
53852928 53882880 53912832 53942784 53972736 54002688 54032640 54062592 54092544 54122496 54152448 54182400 54212352 54242304 54272256 54302208 54332160 54362112 54392064 54422016 54451968 54481920 54511872 54541824 54571776 54601728 54631680 54661632 54691584 54721536
54811392 54841344 54871296 54901248 54931200 54961152 54991104 55021056 55051008 55080960 55110912 55140864 55170816 55200768 55230720 55260672 55290624 55320576 55350528 55380480 55410432 55440384 55470336 55500288 55530240 55560192 55590144 55620096 55650048 55680000
55769856 55799808 55829760 55859712 55889664 55919616 55949568 55979520 56009472 56039424 56069376 56099328 56129280 56159232 56189184 56219136 56249088 56279040 56308992 56338944 56368896 56398848 56428800 56458752 56488704 56518656 56548608 56578560 56608512 56638464
56728320 56758272 56788224 56818176 56848128 56878080 56908032 56937984 56967936 56997888 57027840 57057792 57087744 57117696 57147648 57177600 57207552 57237504 57267456 57297408 57327360 57357312 57387264 57417216 57447168 57477120 57507072 57537024 57566976 57596928
57686784 57716736 57746688 57776640 57806592 57836544 57866496 57896448 57926400 57956352 57986304 58016256 58046208 58076160 58106112 58136064 58166016 58195968 58225920 58255872 58285824 58315776 58345728 58375680 58405632 58435584 58465536 58495488 58525440 58555392
58645248 58675200 58705152 58735104 58765056 58795008 58824960 58854912 58884864 58914816 58944768 58974720 59004672 59034624 59064576 59094528 59124480 59154432 59184384 59214336 59244288 59274240 59304192 59334144 59364096 59394048 59424000 59453952 59483904 59513856
59603712 59633664 59663616 59693568 59723520 59753472 59783424 59813376 59843328 59873280 59903232 59933184 59963136 59993088 60023040 60052992 60082944 60112896 60142848 60172800 60202752 60232704 60262656 60292608 60322560 60352512 60382464 60412416 60442368 60472320
