124251.000000 124368.000000 124485.000000 124602.000000 124719.000000 124836.000000 124953.000000 125070.000000 125187.000000 125304.000000 125421.000000 125538.000000 125655.000000 125772.000000 125889.000000 126006.000000 126123.000000 126240.000000 126357.000000 126474.000000 126591.000000 126708.000000 126825.000000 126942.000000 127059.000000 127176.000000 127293.000000 127410.000000 127527.000000 127644.000000
127995.000000 128112.000000 128229.000000 128346.000000 128463.000000 128580.000000 128697.000000 128814.000000 128931.000000 129048.000000 129165.000000 129282.000000 129399.000000 129516.000000 129633.000000 129750.000000 129867.000000 129984.000000 130101.000000 130218.000000 130335.000000 130452.000000 130569.000000 130686.000000 130803.000000 130920.000000 131037.000000 131154.000000 131271.000000 131388.000000
131739.000000 131856.000000 131973.000000 132090.000000 132207.000000 132324.000000 132441.000000 132558.000000 132675.000000 132792.000000 132909.000000 133026.000000 133143.000000 133260.000000 133377.000000 133494.000000 133611.000000 133728.000000 133845.000000 133962.000000 134079.000000 134196.000000 134313.000000 134430.000000 134547.000000 134664.000000 134781.000000 134898.000000 135015.000000 135132.000000
135483.000000 135600.000000 135717.000000 135834.000000 135951.000000 136068.000000 136185.000000 136302.000000 136419.000000 136536.000000 136653.000000 136770.000000 136887.000000 137004.000000 137121.000000 137238.000000 137355.000000 137472.000000 137589.000000 137706.000000 137823.000000 137940.000000 138057.000000 138174.000000 138291.000000 138408.000000 138525.000000 138642.000000 138759.000000 138876.000000
139227.000000 139344.000000 139461.000000 139578.000000 139695.000000 139812.000000 139929.000000 140046.000000 140163.000000 140280.000000 140397.000000 140514.000000 140631.000000 140748.000000 140865.000000 140982.000000 141099.000000 141216.000000 141333.000000 141450.000000 141567.000000 141684.000000 141801.000000 141918.000000 142035.000000 142152.000000 142269.000000 142386.000000 142503.000000 142620.000000
142971.000000 143088.000000 143205.000000 143322.000000 143439.000000 143556.000000 143673.000000 143790.000000 143907.000000 144024.000000 144141.000000 144258.000000 144375.000000 144492.000000 144609.000000 144726.000000 144843.000000 144960.000000 145077.000000 145194.000000 145311.000000 145428.000000 145545.000000 145662.000000 145779.000000 145896.000000 146013.000000 146130.000000 146247.000000 146364.000000
146715.000000 146832.000000 146949.000000 147066.000000 147183.000000 147300.000000 147417.000000 147534.000000 147651.000000 147768.000000 147885.000000 148002.000000 148119.000000 148236.000000 148353.000000 148470.000000 148587.000000 148704.000000 148821.000000 148938.000000 149055.000000 149172.000000 149289.000000 149406.000000 149523.000000 149640.000000 149757.000000 149874.000000 149991.000000 150108.000000
150459.000000 150576.000000 150693.000000 150810.000000 150927.000000 151044.000000 151161.000000 151278.000000 151395.000000 151512.000000 151629.000000 151746.000000 151863.000000 151980.000000 152097.000000 152214.000000 152331.000000 152448.000000 152565.000000 152682.000000 152799.000000 152916.000000 153033.000000 153150.000000 153267.000000 153384.000000 153501.000000 153618.000000 153735.000000 153852.000000
154203.000000 154320.000000 154437.000000 154554.000000 154671.000000 154788.000000 154905.000000 155022.000000 155139.000000 155256.000000 155373.000000 155490.000000 155607.000000 155724.000000 155841.000000 155958.000000 156075.000000 156192.000000 156309.000000 156426.000000 156543.000000 156660.000000 156777.000000 156894.000000 157011.000000 157128.000000 157245.000000 157362.000000 157479.000000 157596.000000
157947.000000 158064.000000 158181.000000 158298.000000 158415.000000 158532.000000 158649.000000 158766.000000 158883.000000 159000.000000 159117.000000 159234.000000 159351.000000 159468.000000 159585.000000 159702.000000 159819.000000 159936.000000 160053.000000 160170.000000 160287.000000 160404.000000 160521.000000 160638.000000 160755.000000 160872.000000 160989.000000 161106.000000 161223.000000 161340.000000
161691.000000 161808.000000 161925.000000 162042.000000 162159.000000 162276.000000 162393.000000 162510.000000 162627.000000 162744.000000 162861.000000 162978.000000 163095.000000 163212.000000 163329.000000 163446.000000 163563.000000 163680.000000 163797.000000 163914.000000 164031.000000 164148.000000 164265.000000 164382.000000 164499.000000 164616.000000 164733.000000 164850.000000 164967.000000 165084.000000
165435.000000 165552.000000 165669.000000 165786.000000 165903.000000 166020.000000 166137.000000 166254.000000 166371.000000 166488.000000 166605.000000 166722.000000 166839.000000 166956.000000 167073.000000 167190.000000 167307.000000 167424.000000 167541.000000 167658.000000 167775.000000 167892.000000 168009.000000 168126.000000 168243.000000 168360.000000 168477.000000 168594.000000 168711.000000 168828.000000
169179.000000 169296.000000 169413.000000 169530.000000 169647.000000 169764.000000 169881.000000 169998.000000 170115.000000 170232.000000 170349.000000 170466.000000 170583.000000 170700.000000 170817.000000 170934.000000 171051.000000 171168.000000 171285.000000 171402.000000 171519.000000 171636.000000 171753.000000 171870.000000 171987.000000 172104.000000 172221.000000 172338.000000 172455.000000 172572.000000
172923.000000 173040.000000 173157.000000 173274.000000 173391.000000 173508.000000 173625.000000 173742.000000 173859.000000 173976.000000 174093.000000 174210.000000 174327.000000 174444.000000 174561.000000 174678.000000 174795.000000 174912.000000 175029.000000 175146.000000 175263.000000 175380.000000 175497.000000 175614.000000 175731.000000 175848.000000 175965.000000 176082.000000 176199.000000 176316.000000
176667.000000 176784.000000 176901.000000 177018.000000 177135.000000 177252.000000 177369.000000 177486.000000 177603.000000 177720.000000 177837.000000 177954.000000 178071.000000 178188.000000 178305.000000 178422.000000 178539.000000 178656.000000 178773.000000 178890.000000 179007.000000 179124.000000 179241.000000 179358.000000 179475.000000 179592.000000 179709.000000 179826.000000 179943.000000 180060.000000
180411.000000 180528.000000 180645.000000 180762.000000 180879.000000 180996.000000 181113.000000 181230.000000 181347.000000 181464.000000 181581.000000 181698.000000 181815.000000 181932.000000 182049.000000 182166.000000 182283.000000 182400.000000 182517.000000 182634.000000 182751.000000 182868.000000 182985.000000 183102.000000 183219.000000 183336.000000 183453.000000 183570.000000 183687.000000 183804.000000
184155.000000 184272.000000 184389.000000 184506.000000 184623.000000 184740.000000 184857.000000 184974.000000 185091.000000 185208.000000 185325.000000 185442.000000 185559.000000 185676.000000 185793.000000 185910.000000 186027.000000 186144.000000 186261.000000 186378.000000 186495.000000 186612.000000 186729.000000 186846.000000 186963.000000 187080.000000 187197.000000 187314.000000 187431.000000 187548.000000
187899.000000 188016.000000 188133.000000 188250.000000 188367.000000 188484.000000 188601.000000 188718.000000 188835.000000 188952.000000 189069.000000 189186.000000 189303.000000 189420.000000 189537.000000 189654.000000 189771.000000 189888.000000 190005.000000 190122.000000 190239.000000 190356.000000 190473.000000 190590.000000 190707.000000 190824.000000 190941.000000 191058.000000 191175.000000 191292.000000
191643.000000 191760.000000 191877.000000 191994.000000 192111.000000 192228.000000 192345.000000 192462.000000 192579.000000 192696.000000 192813.000000 192930.000000 193047.000000 193164.000000 193281.000000 193398.000000 193515.000000 193632.000000 193749.000000 193866.000000 193983.000000 194100.000000 194217.000000 194334.000000 194451.000000 194568.000000 194685.000000 194802.000000 194919.000000 195036.000000
195387.000000 195504.000000 195621.000000 195738.000000 195855.000000 195972.000000 196089.000000 196206.000000 196323.000000 196440.000000 196557.000000 196674.000000 196791.000000 196908.000000 197025.000000 197142.000000 197259.000000 197376.000000 197493.000000 197610.000000 197727.000000 197844.000000 197961.000000 198078.000000 198195.000000 198312.000000 198429.000000 198546.000000 198663.000000 198780.000000
199131.000000 199248.000000 199365.000000 199482.000000 199599.000000 199716.000000 199833.000000 199950.000000 200067.000000 200184.000000 200301.000000 200418.000000 200535.000000 200652.000000 200769.000000 200886.000000 201003.000000 201120.000000 201237.000000 201354.000000 201471.000000 201588.000000 201705.000000 201822.000000 201939.000000 202056.000000 202173.000000 202290.000000 202407.000000 202524.000000
202875.000000 202992.000000 203109.000000 203226.000000 203343.000000 203460.000000 203577.000000 203694.000000 203811.000000 203928.000000 204045.000000 204162.000000 204279.000000 204396.000000 204513.000000 204630.000000 204747.000000 204864.000000 204981.000000 205098.000000 205215.000000 205332.000000 205449.000000 205566.000000 205683.000000 205800.000000 205917.000000 206034.000000 206151.000000 206268.000000
206619.000000 206736.000000 206853.000000 206970.000000 207087.000000 207204.000000 207321.000000 207438.000000 207555.000000 207672.000000 207789.000000 207906.000000 208023.000000 208140.000000 208257.000000 208374.000000 208491.000000 208608.000000 208725.000000 208842.000000 208959.000000 209076.000000 209193.000000 209310.000000 209427.000000 209544.000000 209661.000000 209778.000000 209895.000000 210012.000000
210363.000000 210480.000000 210597.000000 210714.000000 210831.000000 210948.000000 211065.000000 211182.000000 211299.000000 211416.000000 211533.000000 211650.000000 211767.000000 211884.000000 212001.000000 212118.000000 212235.000000 212352.000000 212469.000000 212586.000000 212703.000000 212820.000000 212937.000000 213054.000000 213171.000000 213288.000000 213405.000000 213522.000000 213639.000000 213756.000000
214107.000000 214224.000000 214341.000000 214458.000000 214575.000000 214692.000000 214809.000000 214926.000000 215043.000000 215160.000000 215277.000000 215394.000000 215511.000000 215628.000000 215745.000000 215862.000000 215979.000000 216096.000000 216213.000000 216330.000000 216447.000000 216564.000000 216681.000000 216798.000000 216915.000000 217032.000000 217149.000000 217266.000000 217383.000000 217500.000000
217851.000000 217968.000000 218085.000000 218202.000000 218319.000000 218436.000000 218553.000000 218670.000000 218787.000000 218904.000000 219021.000000 219138.000000 219255.000000 219372.000000 219489.000000 219606.000000 219723.000000 219840.000000 219957.000000 220074.000000 220191.000000 220308.000000 220425.000000 220542.000000 220659.000000 220776.000000 220893.000000 221010.000000 221127.000000 221244.000000
221595.000000 221712.000000 221829.000000 221946.000000 222063.000000 222180.000000 222297.000000 222414.000000 222531.000000 222648.000000 222765.000000 222882.000000 222999.000000 223116.000000 223233.000000 223350.000000 223467.000000 223584.000000 223701.000000 223818.000000 223935.000000 224052.000000 224169.000000 224286.000000 224403.000000 224520.000000 224637.000000 224754.000000 224871.000000 224988.000000
225339.000000 225456.000000 225573.000000 225690.000000 225807.000000 225924.000000 226041.000000 226158.000000 226275.000000 226392.000000 226509.000000 226626.000000 226743.000000 226860.000000 226977.000000 227094.000000 227211.000000 227328.000000 227445.000000 227562.000000 227679.000000 227796.000000 227913.000000 228030.000000 228147.000000 228264.000000 228381.000000 228498.000000 228615.000000 228732.000000
229083.000000 229200.000000 229317.000000 229434.000000 229551.000000 229668.000000 229785.000000 229902.000000 230019.000000 230136.000000 230253.000000 230370.000000 230487.000000 230604.000000 230721.000000 230838.000000 230955.000000 231072.000000 231189.000000 231306.000000 231423.000000 231540.000000 231657.000000 231774.000000 231891.000000 232008.000000 232125.000000 232242.000000 232359.000000 232476.000000
232827.000000 232944.000000 233061.000000 233178.000000 233295.000000 233412.000000 233529.000000 233646.000000 233763.000000 233880.000000 233997.000000 234114.000000 234231.000000 234348.000000 234465.000000 234582.000000 234699.000000 234816.000000 234933.000000 235050.000000 235167.000000 235284.000000 235401.000000 235518.000000 235635.000000 235752.000000 235869.000000 235986.000000 236103.000000 236220.000000
