-1149
-487
-3057
1021
-1323
-735
-293
-593
-963
498
-1234
-826
-2254
1908
-2458
1739
-1527
258
520
-1471
2484
1325
-1625
677
-1769
-250
-706
420
-2162
717
1584
3290
-838
525
712
-1752
-108
-689
97
931
-179
596
1330
-1368
130
455
-246
-56
680
2720
389
-1674
464
-1455
0
-247
-1277
1143
1114
-1146
2482
1226
2950
-1263
-1804
1832
-1792
1433
-571
2711
3717
716
920
3242
340
889
852
-1022
-198
1184
717
-1424
1850
411
-2148
781
571
-1631
580
1088
-684
-898
-1658
1420
-231
2364
2444
-1180
-498
-693
-735
5108
54
-2446
-912
-450
-165
1129
945
651
-1090
-118
-18
-548
-745
-206
-2786
-3239
-1187
1486
-23
-1332
58
-810
-403
1551
-607
228
824
388
60
2769
149
2644
-1992
-551
-1695
-829
-1443
484
1170
149
961
-1992
516
-1469
-71
1514
-1298
1261
-1221
-2085
1193
2109
2883
115
1561
372
-4188
1371
-1231
-1084
2270
-2993
1839
1837
-2856
3093
253
1115
-1552
3150
952
1712
3460
23
447
-1524
591
-2679
1569
-1119
-2493
-1065
-3323
-419
-985
1344
-1318
2245
87
-1066
2590
1443
1431
-2593
1694
-245
-5365
287
-712
2054
-3804
1426
-744
-981
-1481
-204
2213
793
-1781
-1604
-2872
-223
2026
-41
857
-1878
290
-267
-1247
3418
-148
-2795
4739
-2546
2023
-2133
2777
-2566
779
-1591
-1473
1987
-1829
2159
641
-370
-274
-3199
-21
1872
2712
-1059
-23
2191
425
3489
860
1006
-2548
461
-1657
2535
-1873
1961
-995
1334
-1600
-816
-760
1602
2278
-25
-753
832
-1160
1263
315
1419
-599
-2414
1520
154
-415
3624
-3126
1579
-1797
-1724
564
-1558
-1251
1415
-1333
1301
810
4437
1191
-45
593
-2344
-904
-2861
1750
-943
729
811
-2030
1673
-553
674
-3384
-1268
1341
-3634
2440
-2829
1003
-686
-2994
-1494
759
-2161
1963
-1011
2158
-1531
2691
-823
885
-1640
2472
-1197
674
1877
-2831
451
678
-2491
1911
-1428
3112
3201
1070
2225
-707
-1446
478
1271
719
1357
1772
-755
-597
-4691
779
801
-2861
3995
-1578
254
-92
-2493
200
-1340
1380
-2494
2482
2587
2056
2228
-628
253
-3060
2020
-1588
2368
1725
-3221
-519
133
-3094
-205
1233
-611
454
1120
1756
-2883
-1180
2995
-3759
-2936
551
-1460
26
56
-1694
-2376
-3127
2236
-466
1608
2753
-4147
603
446
286
1564
1248
133
1447
-582
1288
-778
811
-114
-1318
2145
-1789
2352
-2244
1310
-823
2058
396
-305
-1008
125
-351
-1494
2316
-3898
2111
-805
-711
1138
-502
698
290
2127
803
-8
-1058
1572
-1133
-460
-1284
-741
2737
-1770
2522
-290
-1479
-1010
-4804
2161
-1192
1693
-507
59
-623
6214
1056
-2125
4229
-5116
-2743
532
-254
-241
-896
-682
-3356
-297
-992
-482
3104
-2238
799
702
1410
-946
2057
920
2526
251
-1030
1366
2199
1809
149
2159
330
78
-1310
-1559
589
2871
-313
2444
-370
-1941
2543
-72
2401
-633
357
-1050
-1631
425
-457
3366
-918
-2238
-194
1603
-1297
742
141
1203
-1577
608
-4056
2220
576
-248
1480
-475
235
-679
2959
4599
-2345
-42
-505
-1414
2752
2796
-191
-1134
-2136
-753
1948
195
-585
-469
-51
-2417
-955
-71
877
-218
-1298
1664
88
362
-2420
1649
4563
-793
-1981
767
-1065
-116
-75
2024
-970
1888
-349
14
3496
-21
1582
-767
353
-229
2715
2723
-487
58
1460
438
-85
-967
-589
1965
-1403
872
-658
4172
2272
-2467
1947
-691
251
703
-623
-2784
1488
-1549
-3259
152
-201
1421
-371
-1200
696
-4411
-287
497
-335
3794
3313
681
1491
1538
-1116
-958
1112
1323
-469
-2449
915
-627
-301
158
1476
-633
1551
1910
-2430
2027
78
-1880
978
2816
448
-294
646
1349
-617
-1693
-2109
605
-2213
-2155
1907
-1901
-155
-1592
748
3300
468
-444
240
-1340
-1612
-1020
-809
4067
-419
1095
-2895
2012
-2192
-29
2719
-1824
-1036
-2421
-1483
89
85
-397
717
2431
-1311
1509
-1177
1214
-996
1484
-2728
2508
-1544
750
-1438
1014
541
-9
1045
5
-2023
1064
-1244
-669
303
2120
-885
125
-1603
551
205
292
-64
-2833
919
-2243
-1645
-4224
1290
778
86
3005
-619
-274
-3250
-2750
1406
2658
674
4846
-637
-1569
-437
-177
-1371
-1618
1036
-1350
202
-925
963
-616
116
1504
577
1512
2934
-427
-333
-585
755
764
901
-648
-1336
-279
-395
-170
-942
3409
-724
606
582
1966
-490
2766
-2666
2429
-2427
2986
-683
-20
1234
-1977
3174
-1295
-153
-1501
-395
-2496
-2854
-2931
1143
-1186
3154
-1866
829
-1471
-529
-1434
2721
-1152
-1426
-1137
1924
-223
828
-1239
-1751
1876
-1189
406
-2364
619
174
1247
-2399
-61
-1903
1614
1220
-473
29
-38
818
514
1591
1649
3775
2122
-133
1056
2130
47
126
-1415
2677
-1231
2701
170
2138
-824
-3054
1434
-2029
644
4394
-853
192
-1796
-1114
-1357
1201
-446
954
-802
-1394
2365
-3697
1116
353
1488
-2768
2087
-2459
-1796
-1596
147
-303
-1348
3014
-1870
466
1776
-953
-56
-1546
792
-198
1491
287
-200
-1065
0
-290
941
469
800
140
-520
513
-1331
3107
-1411
1405
-2657
-1426
352
-3124
3326
-1575
3625
2283
125
1076
-1452
1814
2273
-457
-103
1553
558
-66
1469
-1539
551
608
2020
-206
1148
-2154
-353
-375
-1695
256
572
2153
704
326
277
-3470
374
-256
-459
171
2055
2629
3221
-558
1229
-4385
596
-3455
615
1409
-2825
4066
1900
-516
1833
-2360
2336
-276
1679
853
3040
-191
-1262
-2380
-13
222
14
3100
2426
-1217
2744
842
474
1378
988
1540
845
-1117
2237
1963
2633
142
-173
1035
4610
1497
-1657
-2259
-1704
262
2046
-3275
-4140
-930
211
1480
1992
1050
3008
-2177
-642
-2432
-2152
-1626
-1734
-3518
-677
1143
-311
211
1207
-3778
-1181
-1753
704
1873
-1543
-2229
-940
718
-472
-3027
262
736
989
-2873
558
816
-5148
2202
362
-3324
4739
-110
-2210
-1124
-1344
-2371
328
1446
4683
538
-540
-196
672
872
94
1564
-6047
21
3118
-2453
-2510
1014
-1354
-1743
-2798
-1300
2144
188
-2297
-1783
258
1179
1653
1339
82
-1846
-332
1172
-893
2387
861
655
-3195
387
974
1502
1197
-1244
517
1252
-282
350
-3576
-2096
-2561
301
2234
-950
1699
-257
1532
1768
-2144
326
-1637
1572
879
-2653
-2161
-363
-1175
-3515
-55
898
-2428
1662
626
1498
-2552
1044
1438
-1530
-1654
-686
2013
647
-830
-1912
1631
-377
928
-782
-3864
-1242
-1449
1628
1505
2089
-259
-793
-1287
-1235
1387
-264
-1002
-3500
-84
282
46
2863
2731
595
520
4275
1189
373
709
-98
-1846
-1658
1989
-4216
13
1549
-4699
-972
897
-315
-2036
1054
4774
2396
1584
-2494
-1692
-1258
201
727
1053
-3462
-1938
1878
18
586
-545
-2089
790
-1639
663
1483
-604
-158
1523
-3255
2353
-1423
-921
1979
2506
3327
890
-1456
-3095
463
-429
359
-1151
-1502
-303
633
-374
290
462
-2321
-1304
-1244
-118
1253
2594
4862
1080
2209
-49
-2733
-1401
-3314
-1827
727
585
1567
-826
-2692
-3826
886
-2261
-1415
-2351
-1982
1639
2011
3178
-518
-1434
717
40
-84
52
3199
-1178
-726
-892
763
-231
5401
223
-470
-4343
879
767
9
88
706
-814
532
-1709
-1111
2017
-578
-1971
2772
-1
2547
-586
1249
1696
-358
2955
2065
569
1749
554
-2133
-240
2552
-1496
3696
2806
492
5416
-2690
-2499
-2377
-2552
-2121
-1268
364
-4622
453
-514
-3100
-2586
-2492
123
-1591
315
-521
2187
-537
-658
2804
2273
-528
1060
-826
53
2093
5135
1655
-3677
-1258
117
-229
1699
-93
-1531
605
-388
935
-544
-2323
3159
-1459
569
2085
-3882
64
-4538
-1992
-810
-3260
-2852
-2
-876
-1180
1431
1670
-2064
-2056
-2218
-133
1750
1918
1975
1284
617
595
1517
841
750
345
-1379
-977
-2599
2215
98
-276
950
-1890
832
-4566
-884
614
-1742
-1126
777
-520
-742
-2086
-1346
3699
-3622
-1650
-1111
1808
2755
-635
161
-1575
504
1404
3367
9
3286
-1821
-548
2396
-6915
2672
1363
515
2247
77
2092
530
755
1631
197
1801
-5266
-3208
-1990
-1104
2600
2270
1017
2077
-24
579
834
934
-959
-1007
-4
-1699
-73
-859
-704
549
1185
-1037
3038
-2375
-559
2301
-2856
-1061
-4218
1146
-343
-1207
410
338
1818
-2081
-1746
2180
1540
2853
-22
-1029
760
-1862
1670
-377
-90
-2246
1310
-309
-1215
691
-3128
120
-1176
-1964
-1233
-920
-473
383
-606
2351
1771
-1821
-1493
-1977
-1153
477
2458
1917
-881
-37
3644
5450
3984
289
-780
0
-1180
-155
407
-367
232
2092
920
-796
1417
1128
799
-2173
-2014
-447
287
-2737
-3447
-599
19
829
2288
-303
-2667
-773
254
1830
1348
749
2123
3085
1270
-1929
-269
-249
4701
-1014
-3203
2575
-2035
2244
1253
1303
2046
-1032
-3252
-1942
294
-1561
-3635
-805
-461
1680
-868
1404
300
-2156
-3842
375
-451
-2345
1168
2895
1382
-1710
-1943
-1815
-1464
2474
535
-1784
-574
-1198
1016
-428
-691
-667
3006
-1276
-961
-1667
-2714
-1910
49
558
-559
-2849
-3183
-580
-385
-799
1181
2665
-730
952
-1421
-2925
2329
-327
709
2518
1081
-1031
254
441
2332
1120
1523
-144
-590
-2008
-1578
-836
-1579
3186
-963
415
-231
-412
1307
2685
349
-1699
1358
-2676
-2639
-939
-1595
-1423
-427
64
821
-523
944
2049
-728
-2720
-2099
1930
2142
-232
-1810
-368
97
-1657
-753
-445
2126
1099
-64
-62
-584
-1460
-448
-220
-3797
-1029
-716
-2068
57
-1779
1161
-127
-100
-2141
-957
-2205
7293
478
1908
-10
-489
1021
369
-568
-509
789
530
1571
163
-1827
523
-850
-1326
-1446
2286
586
-1174
-2748
-140
580
1641
1131
341
-1399
-44
628
2463
-851
-824
-2186
2592
3035
1730
-413
615
-477
2686
-411
-1958
-1740
-8
886
-2412
-2
1172
2759
148
2540
892
43
-2929
-475
-289
1370
1331
961
-783
-81
-1342
-766
-750
-1068
-2418
185
-1049
2371
1966
-1699
-350
960
1872
-1872
3860
2142
3726
1257
2988
1532
1046
2071
-3253
-3379
-1723
-1192
-933
-471
-1559
-2665
402
-10
464
-2024
786
1267
-1494
996
-1486
1285
101
1675
-1623
-3210
-857
1
-2907
-1741
-633
-149
1367
1164
-238
1440
-742
256
-423
-2841
-919
-2085
-3709
565
-1487
-2299
530
-4171
-976
-1842
-902
972
-1804
88
1059
-223
-428
-812
2357
7
-287
-1171
-521
522
1005
671
473
206
529
-1581
111
441
-1435
-1255
-2496
2434
391
-121
-1103
-1297
-322
-2506
-1978
-3824
-574
1754
1132
-1550
-3872
-2100
-779
811
807
-1166
2208
1290
28
-264
983
2221
3499
-387
186
-1228
-3176
-51
1230
92
2555
2123
745
-2386
-202
-246
841
-807
575
-1017
-863
-1603
1629
-411
1164
-927
-1547
-597
-1601
-773
-2063
-1567
1273
-2471
-753
783
126
-2585
-1906
2428
1160
50
-494
-806
902
556
293
671
-536
54
1927
-486
-862
1064
-60
321
358
132
767
-1344
968
-162
825
-339
-880
-714
-1147
1344
859
802
860
1294
-884
-246
1670
140
-807
-1177
-180
-482
2335
-214
306
-1276
-1396
-623
-148
-338
-1031
-1766
-738
-452
-2251
459
-1242
-2360
-253
-220
-223
-562
-969
35
845
508
-302
3158
-638
-1247
1913
1091
5597
1409
-871
1417
784
-223
298
940
1940
2418
1421
497
2424
-1054
87
-1121
-4313
506
326
570
-1288
-1612
-577
-569
1080
-1152
724
-888
-408
-1244
1120
-1668
507
-447
-658
319
463
-837
-175
-649
1701
-379
-118
913
-1424
-1082
-1103
-866
614
1294
-947
-1829
-718
1304
-75
2801
-752
-879
256
-944
146
617
191
2031
365
132
57
-585
-859
2908
329
-1053
354
150
104
632
703
1390
-1608
-238
-685
997
-170
88
919
-313
-136
263
1474
-1402
482
-185
811
-37
1243
-492
1013
123
321
-622
961
-309
910
-700
-734
-1138
-1429
-962
-476
425
-634
-78
-905
-1408
1555
2465
570
580
829
-95
1727
-455
-634
1150
-2720
-1898
1786
-96
-731
-794
-328
-940
-1303
1365
-786
1034
-55
1309
-213
-291
756
-1934
-644
1896
-826
26
-694
-867
-1358
-1948
-268
509
1342
652
364
1320
780
2772
213
-255
-161
1825
1
254
1867
-289
-81
218
-577
894
584
1566
878
827
1426
-132
227
-519
-10
660
-1112
82
222
-406
-1798
735
1838
164
1978
-1945
-188
768
-729
1895
-492
1636
-746
712
1278
-1156
1062
-824
1082
969
382
-1208
271
509
-1130
-2232
-850
-398
-392
976
-1202
1515
562
1772
-264
369
506
974
-1777
153
-40
-1240
460
30
-2208
1467
987
-347
-917
624
-777
-1277
-1064
-69
740
-782
1944
-502
-1317
-389
-1944
-430
285
-843
3423
5
-135
-947
-2511
-672
-297
1121
-2846
-909
690
-574
-281
733
402
568
47
-1577
564
2793
1345
441
3630
69
603
-1207
-108
-192
-2298
-280
-1824
3351
-143
1091
408
992
-990
-2284
-628
-1042
-41
-403
1311
-1243
2033
944
-386
1902
-957
-644
415
425
95
250
-1165
-205
-4
1744
-381
1663
-1610
-17
-90
582
1216
488
77
473
-469
-1050
-388
-445
385
687
379
28
-728
-2164
-1077
964
1765
1171
1205
-1456
-209
-2557
-884
70
-1447
1249
-1684
2047
812
1256
456
-518
229
-727
1265
-1130
-812
-573
2272
-292
6767
-120
-1552
3502
-7162
733
-119
-173
-1114
732
1563
-285
-3096
623
-2145
1873
-2324
1006
-817
-279
-842
896
84
1468
1536
441
362
1887
1241
637
760
-978
-142
1078
1167
-843
-200
790
2157
1645
1335
431
-1536
-800
-201
-123
1142
1378
-780
-1140
806
1154
643
1937
-638
-594
8
1039
1507
501
709
-79
1251
-711
-586
13
-910
762
1775
375
1179
-373
332
842
307
1181
-1640
-453
-60
-184
987
-848
-216
40
-380
1068
145
-57
1269
3
1891
447
-939
483
-1420
-595
262
-350
1085
65
1889
637
202
-1018
-441
-603
2306
131
1082
-914
825
1702
-1028
72
244
2464
-261
637
-197
1473
898
121
-639
-983
1821
-902
-282
790
2031
-728
1243
853
-1329
733
-636
122
430
841
316
-134
-90
-519
-368
180
-1852
1814
688
319
-1877
-803
703
555
196
518
-82
-639
-407
-709
1538
-66
1067
-1319
1021
188
-291
-2253
230
823
-336
-1284
1505
-1164
68
440
390
-448
621
47
660
-922
1293
65
-186
-74
-752
-2
-1798
-2
-1023
789
983
-1159
1033
1414
-1233
-935
-2330
1081
2363
807
2929
543
-815
-1011
1621
465
567
923
-338
-780
-1949
-229
-634
-994
2164
-1086
1114
570
295
345
929
-341
2447
1428
471
-799
-122
441
1739
-997
907
-739
-925
-1077
1137
-369
337
-2791
1013
-2313
1440
-1766
-122
-502
307
496
-1201
-177
-1244
-1390
837
-1821
1960
-711
-1847
379
-2005
-372
3148
-870
4916
373
-97
-2197
-451
-532
1664
879
74
1084
-217
716
499
-377
472
-387
953
-1419
-728
-777
254
-302
436
334
-140
880
731
-366
1978
530
1122
500
1167
977
1153
101
-406
1429
-69
-585
283
-70
-178
-1410
-288
496
-345
783
-1367
-1186
510
-110
-42
-104
570
2904
-555
-93
1210
1000
792
-603
236
34
-133
-160
383
471
911
-637
1461
838
-8
-528
-178
-450
821
-1251
2249
-1518
-488
-600
608
152
1566
980
-959
675
1142
-264
844
1027
-1228
914
1061
938
-509
-136
-1586
182
1345
520
-1141
91
-1137
1735
-1474
1842
-2004
-288
-1411
797
-73
-200
48
32
-3484
-80
1406
428
-462
-414
-175
-1289
-1073
-776
-1043
-1050
8
-134
-485
706
601
-423
260
-1238
-443
-1489
1947
380
-1778
-988
-63
-494
1631
-299
134
316
-333
-1445
-813
964
-34
-846
-1980
174
1302
1770
-1885
147
15
-787
1229
787
-804
-164
-2815
-379
-1302
409
694
12
1766
-1804
-298
-364
-1778
-224
-83
1713
870
-94
772
276
-1243
-224
-77
393
209
1737
1327
-777
1402
-688
-622
-1898
1450
-1374
-1837
-1763
1262
-3184
2484
-305
-1005
43
-2173
20
-572
-1374
217
-2841
1109
-977
-48
110
-19
1784
-785
1909
1568
-1125
669
-77
814
-1806
1352
990
3252
716
1236
166
1165
50
689
125
2765
-192
2410
-438
1537
-1882
-496
240
-523
-743
1011
2740
-759
1115
-864
-407
2361
-389
998
152
-1096
-894
844
812
1260
-1194
2075
1304
365
249
-1261
-2338
3044
-512
-1275
-1334
-660
-1704
-1033
-1515
341
1310
180
-276
2037
541
238
2344
-2191
1044
3459
-649
5439
729
-132
2754
150
-1131
3102
-324
1606
162
1323
-195
1761
-2038
-2861
-1585
-4029
-1234
-1476
-491
-1853
1565
-142
881
1631
-1021
2702
-143
223
629
426
-840
-96
-1184
-769
367
-964
640
639
-787
-265
-1085
1334
-678
37
-747
-1912
-1096
-538
1566
-202
-96
-1222
86
1733
1059
-1059
1355
1035
-179
-151
-803
392
2782
-1842
771
-78
-1006
-2290
1322
-448
560
-510
975
-164
-174
-285
612
-390
-2342
-1642
-984
-1768
-400
815
-1075
-869
987
-585
165
1443
-341
24
-590
1438
983
-1940
324
-658
-164
46
562
402
-1449
1428
90
1071
-1324
104
-849
-732
1488
-1772
-655
1256
1022
1148
2059
190
-1334
2293
-129
476
-630
-1605
-1566
-943
-937
-1288
-1412
-661
2249
-1864
-647
-1488
1558
-551
-396
679
-1290
45
-1161
-29
-1358
1090
1770
-439
-424
-2851
-2063
-2185
-1539
737
-1267
1783
1188
-481
2613
-354
722
-209
-529
-939
1864
80
384
1113
-26
-743
1100
-801
-1413
-724
1112
-57
975
-603
1355
98
0
-912
226
-1892
-2558
-1991
1202
236
1792
1142
-1128
225
-393
-687
1106
-1661
1853
-2469
-188
-289
-3478
-205
-1493
812
-254
315
435
1053
-891
-2302
332
-1284
1304
662
504
-2033
-450
-1262
758
-44
810
1773
-641
-381
254
-1979
567
-1089
-520
-555
2571
737
2277
406
-249
-1319
-537
-110
-772
-1641
-1423
1381
-468
-1270
-1410
-2669
155
454
546
2981
-1468
1274
-2354
-2467
-1635
-1592
1442
-3755
165
1749
-2139
1701
1281
399
665
-133
617
1507
-516
544
1874
1197
-1122
1451
-1691
1213
-1528
-2320
-1050
-2321
1618
-666
32
-1087
-532
-470
1284
-829
-1829
1075
-706
685
397
2231
755
-812
2994
-2367
-672
1475
-367
318
1571
636
-1526
577
702
-1956
1340
-1075
1552
-2090
1160
-894
-23
-1515
-439
-435
1424
421
-954
-265
231
-25
-259
1942
-356
1229
-2644
-659
531
2230
617
64
-3110
-941
-2672
-1670
1014
-1345
2036
-1816
1714
-626
-1499
-2119
-23
-1329
-856
1571
-671
2206
-716
6579
383
789
2065
-7444
1400
-295
-1137
-1910
-315
857
-235
-487
200
-3471
2143
-3463
600
-221
795
417
1747
-1542
232
-878
1384
-1244
144
870
-592
460
-1162
807
269
339
-599
917
-657
-90
365
1334
1218
-1462
-5
-1463
359
-439
206
-857
-237
102
-511
-547
1597
-2801
1957
-2485
-1862
-309
-333
-1434
61
1176
-196
1359
66
-893
1251
-161
-226
-1156
-772
-351
288
860
1912
-2033
793
-1807
-281
1374
106
483
-783
-3625
1598
-811
-392
-469
-137
1594
153
-646
-686
-2241
1644
469
-779
1533
1064
-286
-858
-861
-1010
-750
-750
-2493
-701
1561
-709
674
-1290
1333
1019
-785
742
-1957
626
187
455
-225
2455
1690
-124
1202
1200
-133
253
1579
1773
-568
1550
-975
1809
-744
558
13
-738
-266
-1506
-1142
-951
793
-71
-2386
758
-1702
1815
-328
2030
3
51
-218
350
-446
1393
404
-798
-753
1293
2458
-2122
-1
-544
649
-1715
-1009
-3399
412
1556
260
-3830
1172
368
-1023
-1415
1635
224
-1077
-1145
-167
606
1074
-916
-2208
1654
-1591
-255
-1677
1069
675
-1491
2450
940
-845
-1755
-300
451
-389
715
1964
402
-1140
504
629
-61
1507
1462
-1309
151
-2501
-942
-1108
-250
480
-1978
767
-697
-829
2379
87
705
1804
1074
503
541
340
-321
-705
-553
730
-666
-1690
-742
-1359
-1647
-141
-436
-317
-987
449
-896
-955
-1421
-1061
-314
-1098
780
-2041
-933
992
-1178
3227
1241
-1159
-1269
-2061
568
1021
-803
5383
6
-736
620
7
-618
897
156
-341
385
74
1142
796
-920
1136
-934
1876
-848
1144
-510
480
-1190
543
-19
-769
1183
-409
-2889
302
-1804
1215
-1147
1709
1207
2016
1107
192
1066
1235
749
-838
9
-482
-1936
920
-1327
977
-323
-2153
-944
-1592
-1742
581
-1389
-620
536
-573
377
1302
-1252
812
-314
-127
39
1763
-1257
204
-88
481
227
-430
947
-208
-1370
644
-2047
841
-1699
3921
-976
-400
-1386
-403
-1481
1082
-1014
-745
-487
1538
-704
1394
-12
1359
1377
1497
461
322
2608
1062
2452
-1363
268
-427
-1141
-1463
473
-1975
1929
-1570
-112
499
851
-25
-15
-96
384
-1142
-150
145
-1315
-184
1162
-908
896
-285
-84
-173
-1347
1626
1092
-381
1061
-11
1487
1299
-886
-593
-111
3203
1459
994
484
-1018
-169
996
-730
1240
-518
149
307
751
-418
-290
1052
-501
1509
778
1443
-510
2724
-1658
735
958
646
845
-206
-1212
414
-1084
1933
2089
-711
1687
-1783
499
-665
-225
1521
-986
-64
-386
11
-27
403
514
1197
-264
1451
2551
1565
1541
1281
-2811
-1801
190
-1667
-836
1816
439
237
1250
2246
-1384
1940
-3587
-709
125
-530
-41
-991
-2026
-1232
-2595
675
162
-1322
-2212
2989
1841
1241
-989
-1378
-416
-406
-1131
-292
1186
964
2326
-1515
1045
245
-3238
1259
-1426
-2242
3028
1313
-45
-447
-1768
-787
-1783
3085
-3167
-278
-1296
3909
-227
-219
827
-650
-88
3854
-2253
896
530
612
3566
1233
2423
1587
-854
1517
-1946
1950
-170
1607
845
1987
-1698
-1133
-427
561
2115
182
-174
2457
-2032
1212
1282
2668
1514
3100
-1109
-2662
2586
-730
8016
1979
1412
880
3142
2391
-402
1628
1305
-743
1198
3100
-1197
-394
-2818
-1432
-3356
439
-1514
1299
-605
-327
895
2242
1547
-307
-631
-938
2473
-207
2242
203
-1138
2944
1923
-2417
-56
1576
-812
-1785
789
2077
-522
-210
-302
-1202
-637
2274
-1454
-1184
-1215
-319
2013
1637
783
1807
-115
-531
800
1072
1766
-1450
1707
19
5
-1876
425
-1625
1752
-1560
341
-1195
-699
1161
3030
-104
-46
990
-29
-1048
-2639
-567
-987
-165
609
1745
-2935
939
1310
346
352
-1110
1355
723
2373
838
-971
-757
-110
-1376
-947
-475
65
2153
1492
498
36
-1282
-839
-1615
-2825
-687
-675
-1298
-480
3574
-4593
-1007
1596
-1220
1354
-336
-759
-1377
2504
201
436
-2144
-637
-3918
-1294
1678
-3413
2304
-781
843
1283
812
-2900
814
-1400
-1258
768
-1030
498
406
-714
-117
-1959
-1957
-3064
1343
-965
1375
826
3113
48
-358
-1321
-3097
658
4258
-721
-851
-95
1305
1874
236
-452
-2167
-430
692
100
1234
-970
2572
-1539
-867
-56
-2096
303
-1258
-2524
542
-2128
3695
797
1481
1089
-1888
-385
-467
-1250
-745
1411
921
-12
1005
-673
-1901
-866
-1924
-140
588
544
854
2059
759
2380
-1340
-2863
-138
-2472
-3334
-2436
-23
2977
-411
67
-1036
-93
597
440
-567
-51
1411
-818
1529
-1593
-1006
1060
-146
-880
784
38
-1070
1714
1282
1247
-2397
3075
-774
116
-742
-4744
-2099
-209
737
1086
597
1247
-2115
-4138
-1319
-2011
557
-845
-3154
1411
1800
-490
2076
364
1778
-2500
-680
812
1571
1184
-4522
1694
753
516
430
-2007
149
-2107
-85
-426
2125
301
-1469
-3190
-2814
-13
-1787
99
-1161
1272
-154
261
3387
3410
-867
-163
1939
505
470
455
1131
1486
-1153
428
-598
-1726
2366
-1767
563
-3121
2424
341
-1143
427
-2257
459
-435
1928
-1974
743
-554
-931
1611
1956
-2035
1047
1381
-1111
-1948
97
-303
1528
-1335
2060
-782
-352
3358
-3881
529
-923
982
2285
241
-1835
-1341
-1869
-1595
-22
302
649
-4519
3498
-264
7908
2378
-2561
4333
-5574
-3567
-1455
-431
740
2529
655
1071
-4533
2487
-3455
2247
1461
2349
1405
-1309
2200
189
-1053
-2199
3172
-2026
868
-916
1490
-374
1738
-1546
1232
2696
-1381
-1032
505
841
503
1855
2504
-288
1419
-656
-176
108
2266
24
-570
-838
855
3636
193
-2151
-1561
-677
1469
502
-1267
-1527
-2628
-2284
1225
2985
-356
-1323
1604
984
1622
-2532
2116
298
-2121
-1287
1287
2575
2325
-1954
-962
1716
1206
2276
-1987
1239
-3251
1676
2009
-20
-1625
-2377
-1416
-1140
147
103
-1988
-1199
3216
-1112
1522
-1246
284
-430
-243
-2559
2449
1185
-1169
-230
26
-780
2338
670
-813
525
-2371
2262
1699
839
572
360
912
-629
650
-178
-581
803
1462
342
4411
40
2951
-21
101
43
1701
1425
-401
-1499
1115
-1915
-1793
1417
-1619
2977
-2702
2427
-1052
698
488
1472
-132
-801
2425
779
-2816
-1550
977
1475
1791
-2139
3214
-572
197
1593
-264
-1310
-1988
1091
-50
788
-743
-1002
-120
1732
1168
896
432
798
293
-1695
1815
-255
-657
507
-596
-408
1524
1024
-2600
-778
3526
-1582
1671
-508
-520
-3450
-4263
-659
1132
2222
3496
-2463
-820
200
-187
-2140
2924
826
89
-2511
-1193
1015
3381
-947
1660
1510
542
1226
-1022
632
1482
-1814
2367
1962
-1868
-2826
-3115
2575
2750
276
-342
309
-3036
-1092
3057
-1870
94
-2287
-994
-4918
-3427
91
1626
-1054
201
617
-1480
654
-3068
-367
1395
-2199
5340
955
-874
-2302
-1502
1681
3319
-3247
4251
1667
-804
-3116
28
-3863
-238
-1466
-719
-1649
-387
181
1173
-943
-1330
448
1085
1181
110
-1801
531
-1909
-1519
3261
-784
-464
-1392
-85
-578
-928
-698
3114
1258
84
1892
-1425
425
116
-260
-142
-117
1719
1100
-2854
-2382
-263
-122
434
-2611
-2425
587
-2465
-1273
1109
-123
1855
-881
-2369
-592
1108
47
1031
284
3280
1551
1580
-588
520
1258
-280
-1561
963
-116
-3154
798
1121
622
-550
2829
-585
43
-2865
1615
-2351
-1169
653
-3159
-1029
3670
-326
673
1213
318
994
6293
144
-3772
-655
2658
-278
1006
1890
-758
-766
-1504
4293
-1502
432
-278
1263
-1965
13
1147
-2104
-1948
1874
-5257
149
1165
1135
-3131
1025
756
1138
970
562
-3839
1920
270
-750
-334
-307
1938
1488
689
2245
-1932
1048
2869
2220
-652
2220
-477
-2813
-884
1370
231
1317
437
-843
-414
1577
1791
1271
2406
-1755
910
-647
-522
112
-683
354
516
2158
1975
127
-2117
3195
2728
3238
2386
-958
2572
-1139
-1906
1250
395
-110
-786
1520
879
952
183
219
961
-158
495
570
821
1675
1379
-1484
-246
1870
-1764
338
775
-1029
2411
1187
-508
-1438
-753
-749
468
1504
-2089
-1350
-636
582
2752
1728
-1112
-1462
-1185
-475
-344
-3831
-1710
-1650
-1197
-266
1837
2593
1511
1385
-2177
-1699
1154
-688
-401
-773
638
-787
-1114
2498
2288
68
-1974
598
2794
542
1687
-629
-2836
937
2071
-1713
-518
-838
-669
-1966
-125
-709
1793
-1823
-3537
-1619
536
-1688
-3159
-2535
-1870
-2757
1740
340
-3048
-916
-860
-1736
-1006
1790
867
-1393
-806
-267
1147
-2038
2165
-2481
-203
-616
-2452
650
366
436
659
-3547
2039
651
2310
1598
-1690
-1225
1208
-592
5986
2254
658
-272
1353
682
-264
2508
-3299
-8
102
-475
764
-2518
-734
-3204
-4214
424
-333
-837
-304
-46
-1598
-2360
-304
-436
46
655
1538
-46
-2873
-456
95
-147
350
-987
-579
-1539
260
-6
222
2751
1516
-1892
-1865
-242
59
-275
1088
414
604
476
354
563
-238
-1376
-235
954
391
-1187
397
-456
401
-3575
-1797
804
-2447
-623
499
1826
711
539
1780
868
143
834
-683
-97
18
-1948
-168
428
-732
-367
-2478
84
155
-2476
2117
3767
105
4006
-83
761
-1307
-1594
-1441
-345
-3349
-156
-1105
296
1715
1345
-855
490
1911
1353
1340
644
1909
-809
1797
595
-4012
1370
-2599
-4093
1164
-406
1487
592
1022
-632
-131
-1134
-973
-583
-1184
1508
-389
-1420
-2201
161
-680
108
297
-2205
-369
-2656
458
1364
1052
242
1809
2489
-2179
-1600
986
1466
1694
1866
-977
-2829
-751
233
-344
-1016
-1841
-1302
-599
1888
2028
-1390
482
1238
46
-520
1649
848
1979
2025
1215
-1529
2265
57
-1074
-1520
-552
122
305
60
-1041
913
-1478
-1612
1225
-1685
-75
39
-789
138
1584
1718
-4
-402
1246
292
1499
396
1229
439
-1263
2141
563
2255
1290
1746
-1408
-650
605
138
-421
1333
-1674
-618
695
-1243
-55
289
-1159
1036
-1608
-928
-3135
-1414
726
-1238
-403
-447
-122
404
1072
-192
-565
1815
1837
3595
3177
1855
-177
-894
-2579
-1123
-2191
-46
3
-405
-1361
-852
-772
-512
-467
-1985
-1006
-966
-916
-1890
-1596
1720
-254
-444
1128
1114
-1290
860
507
-568
-1268
930
496
521
53
3025
1663
1339
113
-861
889
366
-417
-762
-171
-2115
1078
3734
2129
-3295
-3332
-74
-2558
-1906
-2271
-314
-450
-198
947
1343
-635
-3281
-1883
-2407
-1120
1062
2720
2747
918
548
1869
1408
90
1484
-553
-889
-3014
-62
-859
-391
1102
-102
132
408
-485
-194
-1206
-390
-1145
789
2283
-139
-2681
209
-766
-1600
-794
81
1962
900
1667
-188
-684
2161
3259
-1425
5835
714
-2942
404
-2986
1223
723
723
-2260
410
1981
2167
-275
-865
-169
-1675
-4115
-2002
-265
311
1158
-1600
1359
1079
4194
-420
298
-169
-1800
1218
-692
-694
-902
2120
493
829
-1376
-2696
1822
-514
341
687
-2105
-2388
-1454
-3078
1150
2961
-180
-2516
-226
172
-234
1306
3426
276
-529
907
2345
1445
2196
1098
-991
-1005
709
84
-1351
677
-1093
-1986
316
-644
-105
2045
138
-1938
-1791
-289
1057
-925
-2804
-2541
-294
434
-4
2
317
53
1071
1839
3578
1596
-631
-789
1387
1256
-4135
-1311
5159
210
-818
30
403
655
-190
-1090
-1023
-509
-443
-1053
-966
-1817
496
-2024
646
-70
-1191
1755
262
-2940
1081
2240
-668
1210
3818
-385
-322
-574
-1055
-1288
1886
-194
-985
382
-1669
3837
2558
419
297
-765
262
-525
-4008
-1658
-1992
1447
1414
239
-25
-1809
-3122
-957
-953
-1967
2275
1590
2018
-2948
-2377
84
-1374
794
1198
988
-804
-588
-554
-52
-141
-583
868
1141
-1163
-3589
-2541
-1675
352
-2404
184
1704
807
-929
1042
1292
-371
-1358
490
-274
-1070
-3108
-1810
-1310
14
710
95
43
1580
-1363
606
316
5384
348
584
-1712
-522
595
-1393
-546
908
532
711
1971
-646
56
2031
-860
34
-1310
1118
-2656
-570
-158
54
366
1619
1067
-1020
-393
-2236
-946
556
1884
1280
1256
560
-2239
-443
-1358
43
-1303
784
-2052
-2222
1482
-284
-1979
685
2491
-1160
-3880
-182
-1936
-982
-723
-619
609
383
-1871
1456
316
5587
-1469
-372
-1634
-443
1202
873
608
284
1268
917
560
330
-454
-1009
-892
-1481
-2319
2665
1693
956
-630
1054
-700
-1040
2716
661
916
959
-1027
-181
2180
1342
-1296
82
-81
700
1044
315
-917
-389
730
-525
813
-1618
1775
1071
43
1103
2574
1879
3593
1062
-1755
-1125
-931
-741
292
831
753
-2206
-2367
-64
52
-2981
-25
-1260
1354
-751
-943
1515
482
1189
1059
-508
-1457
-379
2245
3851
-878
-715
1195
2600
2217
409
-489
-3227
-592
-2637
-1271
-314
-2707
-868
-1612
255
-51
2766
-522
-2705
-2659
-99
-1282
-62
820
907
-117
-2604
-1316
-2082
-717
-826
-940
-1847
1569
896
1122
-1917
-2
-228
672
-1127
-2321
-2590
-1462
-1449
83
-62
-869
-3441
-221
-967
-2848
-1596
-786
-698
467
1517
-1209
-1844
-1578
-893
-1383
48
2347
3143
-589
504
-861
526
1514
-663
-507
-592
-2106
-2939
434
1893
301
1033
-849
-860
-2048
-195
-2327
-1097
-194
1055
-4415
-1872
-769
-2692
-384
1576
-2160
816
286
-249
-722
-482
-914
2785
1548
2176
36
-3000
-2618
1457
1787
63
-1781
-1482
-681
203
795
3
2415
1005
1007
88
414
972
-568
-148
-667
-1078
480
944
2673
378
464
548
-930
2070
1558
1817
2101
2132
94
-602
796
-190
-275
9
335
718
-2908
1818
880
988
-66
879
229
88
-1622
1803
691
301
-833
-834
126
1683
526
-2608
-132
417
-1363
743
-814
-1744
-822
256
1219
1371
741
-160
494
624
-1778
-662
-952
-929
-235
38
-308
-1131
261
609
-1041
602
-826
491
336
-428
-1860
555
2003
267
-1789
-1053
3125
632
-1790
1282
-1132
-1480
441
1696
400
3649
-317
-1287
-1505
-1838
-1576
1990
1714
1811
-791
-663
2081
-1469
2567
-590
-780
-1517
61
2383
-1981
-1356
584
-937
-725
-1735
293
1832
-705
-1510
-196
-44
3363
-390
1094
486
-1649
-1321
867
943
2245
-111
237
-585
775
969
805
-899
535
632
12
-657
-199
-645
-1387
-5
-933
-1443
-1096
1094
-2078
28
360
-678
482
-79
1288
383
-2887
-644
354
1000
-1992
1894
1413
-2511
535
-136
-1275
-1203
590
123
-1763
-259
-405
1447
1391
-229
-454
1634
226
2070
-166
-3178
894
-1465
2020
-1423
551
-2002
-548
338
-2030
420
-527
-869
-1827
1150
-209
-677
-968
283
489
-252
2481
-588
-728
769
-1788
194
-2506
3535
-1906
1587
635
-1682
-942
1600
-732
-1258
-540
3095
-121
383
-1961
-1132
-802
-1236
-330
-635
-553
-558
968
98
-1020
1194
-1452
2382
-145
415
2601
-2757
233
-504
-1658
1949
431
545
-87
400
1226
905
-421
12
1899
221
1161
550
268
678
-1000
188
-142
1814
1635
-2062
416
93
1304
2073
915
2540
1779
-143
-817
-1029
1574
-211
585
-336
337
-1253
-2135
-2572
130
-1079
-1473
-641
-1303
2017
1840
1140
-1342
-2468
-1177
-414
-1240
665
138
-2893
-1303
-2742
-411
833
2303
-183
-290
215
1035
3062
-971
-947
-1365
-1150
476
-915
47
1319
-221
-551
1373
543
1899
1938
436
637
-1225
2025
2870
8
892
2322
-2922
-918
336
-2901
1336
375
209
2648
-396
-933
-621
-3398
-133
-780
-592
-623
1045
-885
-1340
-1228
-2048
-2326
216
1531
-299
632
-956
436
1240
-221
823
1962
1122
1673
1227
2247
-1825
-2824
-856
-147
-1583
659
-684
-839
-183
-2026
145
478
-948
1999
835
639
116
-4336
140
-2129
-633
-344
-1306
-412
-249
-919
-509
1859
2144
-378
2348
-727
2577
973
791
476
-193
-119
-929
1994
-540
-610
-936
1113
-915
361
1436
530
-210
-1183
-1869
1496
-1586
-140
-203
-2291
-1905
1273
-28
-462
-916
-1651
-1031
-1373
61
220
1903
-359
651
-818
592
1738
-328
38
270
-336
154
-1039
1797
-4368
1959
1915
-2249
1367
834
490
1276
-1682
1139
-1079
3329
-2746
-191
576
-1436
1949
1863
195
641
772
970
-249
1938
-260
-1470
2142
-1373
1244
-642
-1305
398
1491
543
723
-286
663
-495
-1560
57
-402
676
-677
-2551
294
388
145
-3450
-73
839
1061
2004
227
104
243
193
-1033
-616
914
-64
1276
23
-611
475
-711
1501
-661
-451
-657
-8
1840
-234
1371
471
-566
-1414
380
913
-1734
944
667
950
7
752
2071
3209
1175
-918
-1028
-998
-1470
-817
2475
1245
-987
347
-109
-159
473
970
342
-276
-757
1243
1436
-2592
-634
-633
-214
-768
3615
-88
-1269
-1569
824
246
1026
-1114
1518
1058
-633
-144
1006
1400
1304
-1523
-2376
2376
812
-667
986
-2010
4361
-661
-2080
-2266
-85
611
-1962
-2068
279
287
-1252
128
-509
797
697
267
751
949
2324
450
-610
654
-892
-2010
-984
-118
-2337
-1458
-1580
-1950
161
1343
484
594
773
-2163
315
967
-1439
-546
-223
901
-2937
-4677
-1303
2465
-190
-1342
2355
690
420
-534
-436
-776
578
1648
2773
81
530
-1706
148
2735
-150
-1848
1292
-197
-1318
-10
240
-1718
-1072
627
541
-719
-289
-1227
1570
1846
-143
-494
1102
276
-1734
102
-2150
-1056
-1555
115
46
-1074
450
643
416
-2706
674
1301
-540
-2988
-1340
512
-492
-2918
-318
68
1432
1345
383
-2587
1690
-1068
-1096
-1914
-3331
380
730
-2628
1563
-894
540
-2432
-665
-760
1701
-2287
4573
568
3043
-713
-293
150
182
-1336
-727
-1967
754
68
-684
-842
152
386
211
-939
1056
276
63
-517
-1023
204
1115
547
-2045
-1520
352
1250
1062
-2038
-337
-671
664
1173
-212
1381
1043
-93
2330
-704
-1174
-428
809
168
-2936
8
-49
653
-1849
1077
-710
1144
-302
192
1327
1414
-36
-86
-170
1038
-1718
560
292
-866
-1668
701
-3461
1131
402
-210
-788
242
2665
452
1814
1862
831
1079
3009
2295
-1292
420
-822
-1724
-653
-286
1992
50
-138
-1590
1258
-668
2120
-2272
-1424
-352
-80
-508
283
2213
-1350
1084
-1983
-1727
1939
2937
-1579
-2193
-1807
13
247
1155
-294
1534
-952
490
-1232
-1536
-303
668
-3547
645
-3693
-665
-1642
-3672
-1219
-1613
777
-747
-838
746
510
-621
-541
461
1506
-291
-2512
-2016
-2154
-1607
-1539
401
274
-122
691
-1519
479
-570
878
-498
-855
536
-153
233
-1091
-791
-1070
-525
-714
-1448
1111
-1001
-4
100
-2087
-323
792
862
1293
876
2710
196
1788
128
1027
1571
-1006
404
-492
-1634
-1093
318
-473
294
-863
-1155
136
-735
1311
-543
904
-1291
2938
-1362
799
1609
2166
-2524
2366
-105
1335
1593
-1384
-86
592
-1442
23
896
1920
-1012
-463
1441
2479
-1102
-3238
-1476
969
1466
-427
-43
-147
-711
-1269
1725
2199
-895
-3093
7
-886
533
-1163
-751
1198
-1652
-959
-743
121
112
-41
-1993
-1381
-261
-2403
-272
-1678
212
-1921
886
1183
-1997
2183
-261
2637
27
-1043
-269
-449
-2865
-1192
-1717
-1251
-635
-138
1568
1269
-639
-1899
704
1451
1643
313
-983
1645
-1321
-1058
-1832
2063
994
-272
1802
-2599
-214
2031
-2509
2153
-1087
-1304
2014
-4246
78
3155
-7
2339
2267
-154
1178
4173
-1652
894
-4
-2980
424
-1118
-1124
-2202
1646
226
-1329
-847
-4787
1346
517
-382
-1832
740
453
4405
-2361
1685
1358
-2874
-636
1668
418
1017
2471
915
-1244
-892
-652
324
440
97
842
1474
2488
-747
-569
-673
-1053
86
469
467
-347
-471
921
-726
1402
-1835
-1816
2165
117
358
-790
111
1949
-1559
1091
225
-1321
-1023
320
-1450
1048
1372
626
-2329
785
1577
1473
2688
999
-809
-1511
1961
2331
294
-2094
943
-480
-1837
-1889
1380
1238
-13
221
-1735
-1579
-443
-237
-1731
1022
-516
-709
-617
-31
438
589
1681
-1013
485
-865
-596
-1862
3647
948
-1857
3091
-3215
-825
-13
-575
2274
-1636
514
498
1694
-156
252
584
-2376
-726
-1574
-1484
376
372
860
589
203
2243
-83
656
-784
-1438
1580
-2064
2878
-174
2612
1869
-1291
-977
-2596
931
1133
1227
-344
1609
113
-1031
1253
-171
-489
1165
8
1406
1428
1430
1176
-2670
-439
-1274
-769
857
-500
3451
1053
-713
1496
1155
-95
-1535
-334
583
162
-882
-1094
-916
-579
1079
-3215
865
1333
-1757
2122
708
738
-1990
-2972
1694
995
-804
-803
-841
-694
57
-2767
1551
938
1813
-1029
7
-588
2991
-1516
-2248
18
2670
-41
745
-57
159
1333
2921
-232
564
141
-2460
535
3343
1440
-104
2710
1118
3700
330
-1989
-1575
-1299
327
1002
2086
4085
-2766
-2690
-1514
-1217
1
259
985
-4519
1450
1510
-1431
-710
-1788
-2674
-1407
82
884
-924
-2106
-1228
2408
331
-1241
3010
2660
418
-676
-355
2485
-2407
-356
541
1129
-702
812
-1605
-517
-460
-2312
5
-538
1185
399
2883
153
-250
-1424
-2923
-83
3454
-768
-2913
53
-1936
-2110
-2189
812
961
1751
1702
-205
1302
-964
-164
312
1607
1177
685
2413
-1380
2372
1013
1191
-2569
337
-2792
90
1791
-811
846
832
2423
-313
-1130
-412
229
1394
1425
871
-3666
-343
-2966
1488
-314
-1626
1837
103
1901
-2131
1030
1155
3218
-3130
6670
-683
-758
2228
-7174
646
1029
1681
-1193
1338
-2075
-363
877
-254
1
2883
-2653
-1667
572
1992
-787
1547
1053
-575
1181
711
-682
402
-18
366
319
4105
-386
-754
-1235
557
3474
-2088
1219
-29
449
3243
-702
1428
-51
-895
-1332
-703
989
1555
994
-1221
-2017
741
1080
2740
-647
-389
1491
-639
2389
-418
-255
-1253
2480
1516
-1643
265
1066
1349
124
-3068
2141
1301
263
273
-1843
1045
39
569
-625
356
2368
-1230
-472
127
-2710
-797
-407
1275
3433
-622
843
-851
-2040
-14
1141
373
2550
493
-890
-374
311
739
2531
125
515
-763
1493
1339
-889
-1784
356
2010
82
1659
-240
1003
783
-251
-706
760
-172
-1606
4158
-457
344
-1028
1474
1220
-825
-2189
394
1182
-3185
1265
-269
3106
-135
-2757
-1741
2364
143
-1081
-2833
908
-1502
-78
-212
1478
642
-1807
37
413
-194
1506
1461
-1981
775
1413
-1692
-144
662
-3523
531
2097
2490
624
1706
756
-458
-1897
69
825
1859
-1087
747
-3604
848
-982
-268
-1034
2110
-1666
-1485
2314
-2812
826
476
-530
1049
-827
1448
383
-1537
743
813
-377
1547
-1599
1323
-1465
830
118
-248
-557
-531
334
-718
2332
1746
1776
-1138
1950
3867
-1248
2038
-460
-694
-3234
-611
-991
582
-4595
-987
1685
67
799
-1727
1915
405
-1047
454
558
-482
-187
2545
-2505
45
-741
2270
-1921
726
196
-2106
1718
-1315
-521
-3402
-2132
1732
-1314
681
112
-916
-900
-1011
196
2099
-753
7495
-1911
-8
-1440
451
-93
-284
-181
-1644
228
-2446
1184
36
-534
1742
666
-142
-2844
-717
943
715
-2177
897
359
360
2534
501
430
1804
1354
1839
175
1066
-1998
347
-1309
934
-2564
2432
538
1352
915
-1861
259
-613
333
-94
-960
-570
1261
-752
118
2134
1317
1366
-540
-1431
3146
-19
-1513
154
1039
-89
-987
-1663
-590
-1181
574
-142
-1704
1412
-805
717
669
1031
-545
-874
-808
4304
-1105
2000
1174
246
1497
694
92
-11
536
-1007
1027
2080
-333
-107
-1193
-1807
-1402
-1019
-204
-1906
2064
-1576
139
2026
-788
-639
-413
-1729
4243
-4612
-1674
-903
-1919
-3195
3296
-756
-508
-435
-1085
264
-1050
-1001
-1111
-3007
-2771
-1441
-2063
-1860
-3010
-494
-512
-1428
2984
-1375
-229
-112
-1892
1085
-317
-42
-2900
-1014
-4878
-1043
517
-837
-427
1933
-824
-207
1343
-32
433
-1127
1341
-1716
223
-1418
-1836
769
-683
223
-295
1612
-994
-1630
84
543
1161
-2894
-1616
33
1203
4421
1034
1215
195
643
2086
232
-612
1822
-1333
708
-752
-1579
-2034
-273
296
-758
-362
484
-1117
947
-697
-657
-787
-2583
-253
816
52
1002
76
-43
-1166
-270
-12
485
358
83
261
1867
-2263
497
-743
-100
-1621
-116
857
2565
-493
-869
-93
353
183
1160
1306
-1600
992
840
884
234
644
479
469
290
836
544
594
467
-227
-107
-1421
-738
-1730
-2162
131
1307
1305
1561
1951
-579
-1793
289
-985
2050
756
2560
1260
2418
-76
1394
2232
-1715
-1461
1870
-1464
668
1184
-629
-463
1059
449
-1774
-382
34
-1325
539
-259
-1986
-2062
-1224
-1031
1089
2627
1912
-1663
-952
-2262
4899
-2572
-655
-1345
-732
1036
849
377
5271
-2969
229
-529
-410
659
-2821
-1633
-6087
384
-855
2477
-369
-1557
-358
-1217
391
559
-2536
-863
1456
74
-27
2384
-893
2371
414
-205
-289
-1075
-1390
857
261
-593
-1282
81
-1924
-2170
569
224
1346
-1854
-2609
-633
649
1950
647
1009
615
-1196
-77
359
2211
1050
-2725
373
-441
452
-1185
2863
986
124
320
-3030
2002
-1211
762
2400
-1312
237
-1831
-330
1949
-1455
-351
-4380
-365
-27
835
360
1095
-1049
1989
-576
883
849
-2099
-600
979
-365
-3372
1712
-646
-1188
354
-2555
-1076
-1246
-1266
1561
1641
-861
-1761
-1279
-1654
2025
1707
3005
-817
-2799
978
-1840
3780
-2624
-706
-776
-1584
-342
1918
-182
810
464
19
-1885
831
3478
1787
257
1435
168
-1592
1416
-117
1003
-49
3091
538
1164
2423
792
1435
407
-1411
806
538
-1174
-373
-934
1226
-208
-71
192
-1366
3024
-1456
-275
-2707
371
-2239
1608
-1019
-459
-599
-1413
940
-1846
-984
228
-2223
-1455
-1790
500
-158
564
185
-107
-2370
10
502
1078
2874
-6
-596
504
-3910
-463
-853
-641
128
-1415
-590
2395
597
-1093
110
-774
-1392
-2016
-617
-193
-22
-736
-950
514
425
441
-830
1818
-1598
354
1170
-1428
2146
590
-1388
533
-825
-541
-708
-395
-1038
-3093
613
1335
146
4337
1259
-313
2562
1426
2296
2916
2635
827
1281
377
-3433
392
819
507
3492
166
-200
-456
-2189
-262
-2383
-1207
-2306
-424
-68
1274
1887
-695
556
207
-244
-3046
17
1291
-354
-2942
-526
-744
-1768
782
1317
1506
1124
234
-570
875
-651
1437
-795
118
-1425
-681
-136
68
-1264
-1386
-257
-1119
2214
3510
-1528
386
-690
-447
-507
-131
732
-1603
-1353
-2395
-655
-1812
503
-671
-3311
759
-344
974
226
1110
159
1559
1439
-1181
1036
684
255
-1219
42
-886
-1168
1294
-842
1737
1123
-1525
-270
1071
1693
1035
-1015
1176
-2049
581
-4511
2397
-770
788
-736
502
-1411
-1115
-1307
-487
1112
-1467
437
-421
6748
399
-735
2007
-2945
-890
-1240
-1408
251
-565
-323
-739
-3451
672
-2965
101
-4381
1248
652
-1912
2182
-189
1871
2809
1588
-173
-2659
-58
565
1919
-355
-894
-553
-19
-1633
168
-256
1516
1325
-1825
643
-281
1032
3136
-2011
-977
-1085
77
-504
18
1424
691
-442
-1322
-215
31
839
743
1488
404
1930
-2754
-394
-1280
679
414
-240
1020
-1170
3409
-144
1370
-2290
-1553
-1030
-828
2854
153
250
-1800
-1823
-1217
594
804
-403
52
-770
807
174
622
194
2658
74
1968
429
-1298
-1308
2724
1798
-687
1726
840
-1478
-1213
-764
1530
2172
1141
-1072
70
2173
-143
-2262
-980
1443
1064
3136
1410
1587
1137
2234
-768
13
2023
205
775
1263
-827
722
223
812
-690
-971
-805
-358
-204
-1505
-2680
-195
-2249
-914
-993
-1107
-87
-2409
-1081
-284
-1434
-937
101
1308
856
1368
410
260
-1305
63
1829
1608
-1315
-1537
1749
1194
2388
1477
-531
2771
322
157
-689
2837
839
-694
-982
-121
1241
-882
1561
171
27
-2513
-2406
-3031
171
-1815
-1889
1452
104
-218
-1698
2979
23
2187
744
644
72
-1925
-236
-616
720
3515
-1257
-1071
-533
-1526
285
-898
1015
-757
-1801
-541
-302
-1521
845
1313
-345
252
44
704
-2390
-1015
-827
-1567
1996
368
-1508
-673
1384
-18
-406
1991
17
33
1315
1808
-1513
1288
-381
1693
-3205
58
-982
1030
-1002
-519
-2350
-1574
-1434
-4159
1157
2271
-2325
3601
171
-1644
84
-2027
-1748
5986
-2624
7128
-1446
1760
-3754
1726
-984
49
988
2060
-1236
224
-292
1240
70
1295
-442
920
24
1897
-1412
535
-841
1418
-1800
494
212
-608
3091
1003
-455
-192
1965
59
1333
1772
629
458
-112
-2340
330
2011
491
1322
306
-1248
789
77
1323
983
-472
1255
643
-3062
2030
-706
-440
-1366
-1600
-167
-523
-1524
-1474
-667
-361
-2038
1040
-16
1820
-2464
1798
-1565
1377
-418
-462
-334
-695
65
523
-1549
-668
51
1479
-16
2084
-896
962
-1274
-218
1611
1151
2526
406
-1351
-117
3094
-1084
328
-1617
144
1688
968
91
-3671
-269
-3037
-424
-23
-261
601
128
247
-2463
-490
-428
187
-361
-3346
-371
638
-104
-1096
-1297
-1344
-430
-2251
2951
-1396
1855
952
-300
431
-1410
863
-1569
-1327
540
-356
-2346
-225
661
398
780
2597
-2387
1936
54
173
637
429
-633
-442
947
718
-42
481
1717
-555
-685
-1285
-1299
296
-841
444
384
924
-314
-687
-1055
592
760
-978
3552
1296
547
1176
272
1267
793
2270
1510
817
188
19
-1319
-323
-2595
1274
-2631
-4174
-2122
-2049
-218
1891
-251
-710
-1814
313
-411
-397
-859
147
-3079
-628
-639
689
1553
1635
2534
806
-1598
978
79
1399
-175
-1296
246
2059
1342
-1049
-501
428
-1961
-477
2243
1558
1758
771
-401
2099
2738
-474
-958
936
1699
1304
2438
1846
-330
1415
-39
-219
1448
1168
-1806
-1214
1184
1984
-1366
-1805
2675
-384
-341
21
-1475
1080
810
2113
-319
-655
1038
1078
714
1524
-485
-1554
-24
-1350
-992
-1181
57
219
-696
-90
-412
-1246
-2542
-964
-812
-1492
-2132
-536
-602
-1841
413
1374
171
-315
-2821
122
-3793
-4100
-1654
-3313
-1883
987
939
1748
-2167
-1275
-2487
1819
-1033
413
415
-3998
-87
-1029
-492
626
704
-1975
-1220
459
-3299
-788
1358
586
-560
274
-79
2315
-1083
-2502
-326
-609
-1679
1099
2359
-825
-1005
84
247
807
-1461
99
137
1549
-1215
-1276
1224
-1150
742
-1003
1061
542
-1502
-861
-175
587
-696
-312
276
-264
300
1106
1692
-933
-220
3409
1055
316
615
1092
782
-554
-148
-1725
927
2656
-404
-3188
-3890
-1789
-2949
1354
1436
-447
-541
819
478
474
-1642
126
-1356
-262
-1780
33
-1534
1025
2139
-1758
-2635
-2030
-1888
-4
1520
1617
435
-1417
355
271
2424
2004
1596
488
-196
-2023
-1121
1533
1067
-1146
-290
-850
-1224
-1551
1569
1807
2652
726
298
-158
507
336
726
-1049
-271
-1138
691
2491
895
906
1416
1486
2536
1293
2432
438
-220
-274
-1009
1096
68
497
-1097
-1497
1655
237
1445
354
-666
-196
67
-939
-575
-1642
240
-1350
-2118
-1582
-314
-1101
-1253
991
-707
-963
62
-143
1339
1007
524
-382
-18
226
-1573
1709
721
2342
470
-528
-2238
-3671
-160
-1413
-143
-2354
-1800
-325
644
2430
-322
869
-1073
-1555
-1461
-999
-1176
-1029
-71
841
2204
1668
3324
392
539
-2619
229
-1746
2334
1340
110
1141
-472
419
213
-1582
1024
313
-254
401
3655
1864
1608
-546
2758
-304
-1140
214
-200
2750
1339
-79
1215
1744
2314
1773
-43
3169
-1812
-1541
-1987
-753
-172
-117
1507
-2670
2229
3030
760
1936
-520
-1778
-3645
2119
1205
-787
-1583
1746
256
-1843
-2946
-619
-829
2540
3212
434
2078
-2250
-867
-2074
696
-83
1400
1712
480
-606
-1548
-589
-2912
-1444
-2136
276
473
-833
643
-3318
-2511
282
640
574
1305
227
-1757
-725
-359
-605
321
-1003
-1106
668
-476
638
925
931
1457
1845
2059
326
1652
812
-300
-3594
-95
1227
-1757
-502
1049
422
-1676
860
1425
1769
-131
-1613
-1019
-1725
833
-177
810
-3048
1372
484
455
-291
-2345
-1371
-931
1980
911
90
-2350
4879
-930
-732
1324
-2203
282
86
-538
-2537
-1494
-2415
107
1833
-436
-569
263
-3830
-781
-1036
-158
246
1844
2584
2838
1582
976
-2817
2091
3439
-1113
-1257
1561
-535
-2561
-1572
1229
2887
2767
-541
-2908
-770
658
814
1988
809
-931
-4923
-2677
743
2261
887
-1737
-1876
346
965
2784
-621
-2434
13
1327
3124
-468
-1119
-1405
492
2271
-576
-3030
-193
2451
927
-405
-767
-2115
537
1355
52
2232
-218
-2334
-2416
-1525
338
500
598
1186
-2200
1698
507
901
3110
3200
715
37
830
1381
-960
870
3013
113
563
-537
357
415
-415
-2177
-352
530
1382
1054
-1490
-579
488
846
612
1184
-1012
1385
2581
1945
-473
1221
2254
-518
1054
2276
-209
-2339
260
1737
280
-1090
1266
2333
-537
-907
-2506
-1148
-946
-622
-1803
-1906
1895
-23
-4046
-572
-2125
233
-1617
-953
1320
1499
-969
745
2025
1112
414
-696
-373
-1858
-1271
-2037
204
589
1134
1224
1792
876
1451
881
1443
-147
-2015
-875
-208
332
1880
601
973
-1427
-3189
-1511
-14
-3906
-2357
2411
-1452
-1434
-1989
2305
1373
31
2299
-753
-1643
2369
974
370
854
-1348
1179
1743
310
-1848
-730
46
-296
-3361
-2401
755
-441
-817
-952
972
2347
-2499
-1194
132
873
-1749
-1443
-2449
-21
-457
1217
365
2936
756
-1306
-816
-605
-349
1502
828
-1044
-512
2460
-907
270
1466
4191
650
-499
-1691
-2511
528
-2071
-1771
-3247
-445
2404
-392
193
-1579
-2634
264
-2291
-859
470
2004
4807
-294
1097
1209
-475
-562
175
296
479
849
-676
1037
625
649
2146
-168
2480
1570
1006
-1208
-325
199
1206
-876
-1242
826
455
-555
-13
893
2151
-1690
-1169
1699
2850
1222
1774
-2829
1167
227
702
412
-1234
556
1529
842
-775
-1111
570
1339
-1234
-1694
125
32
-2237
-311
-676
2252
1596
-1742
-1050
-116
-1336
-3318
-2021
-2818
-43
-1111
451
-1477
-926
642
-22
-76
-9
-154
617
-1851
2304
-81
658
2334
2529
-430
1321
403
166
1094
908
1378
1728
1104
248
-502
-1949
-432
-1455
1985
690
566
-134
-1125
-50
-450
-1001
-792
-2055
2413
-8
-48
195
-1041
-1873
1802
248
1892
823
-1070
-1516
-1728
1141
-1157
-23
-1755
-3119
-446
2407
-1137
-314
-986
-1185
1625
-518
-480
-64
-1185
-508
-688
-2225
111
1305
-1273
-540
842
1874
18
1658
-388
740
1076
-120
-1241
-2563
759
-1059
-824
-314
659
-1646
-1504
281
532
-889
1593
574
542
-205
1259
-2780
-3232
-1986
-1270
1118
1060
1936
480
-721
1130
-419
1351
535
-1720
-302
-1048
-666
-2113
-1414
193
447
1399
-359
2517
-2165
-1377
87
-1127
1386
-108
1115
288
-1251
-1481
-266
925
-1306
-1378
2667
656
-649
-981
-2217
391
-1312
-800
282
1056
-710
1232
524
1058
-632
-2501
-174
2474
-1904
2829
2718
196
2784
384
1052
-784
-159
-74
687
1349
1810
1908
1263
1557
935
-808
-1049
623
-2257
-1072
693
-1896
280
194
-1278
1939
-284
2724
444
-577
-960
-1758
-354
1732
-82
462
1391
-942
-655
3583
-1432
1402
-1653
1645
-305
-1084
759
-1169
1235
-1540
131
3085
-456
1588
-2786
223
2064
-1652
3507
-435
904
-10
5752
-399
1743
417
675
1658
2802
-64
3069
-173
767
1529
-111
250
-2821
-1023
-4751
504
-162
-1699
1902
980
325
829
1431
-353
182
698
178
690
1350
1899
-719
1131
475
-2339
934
970
125
-481
-715
2785
-3294
2170
52
-924
-462
-947
-120
273
-410
-64
-1568
-231
-1352
3652
2318
622
448
2226
842
-92
691
-1073
-1707
-695
59
-1969
-1847
-1271
1041
-2013
-1046
1051
825
1289
1510
-394
1887
-897
-2004
-2462
-22
-381
1882
-2038
-836
-590
1144
-290
-222
740
-1765
427
2087
783
-1427
841
543
-1903
311
-675
2960
2763
-1363
545
-294
-1370
193
-664
-413
-1195
681
220
-1059
2179
1725
-1738
969
-1125
2115
-459
-744
-450
-1682
-1286
-1195
-829
-3240
82
1961
-539
201
-249
384
-156
270
1216
-618
-1087
295
-475
-2073
-160
1316
-2132
623
-335
-2191
-1639
-2819
361
-1266
3424
-248
262
-74
1416
-994
70
496
-1430
601
-2667
-196
592
-427
-514
-1228
-1474
-1000
1446
-2110
-668
-179
-121
1166
-123
1096
284
935
-1589
-2682
-1226
-1648
-1815
1475
29
2189
479
-959
-2381
-1294
-380
487
-355
-1852
82
-33
-102
-924
-2378
1910
130
2571
113
2610
413
1438
538
-1221
293
1384
-1504
-652
-1185
545
-373
-961
387
-583
1031
1678
-1390
365
-85
-218
236
593
472
807
1423
-849
1215
459
2419
-1156
1037
-1490
-1652
2273
-1122
241
187
-2318
1702
-199
2293
3359
-2294
-354
-1744
-5674
-1704
-275
-2003
-1496
-1494
-1105
453
-1532
1942
628
417
1233
-1859
-273
-711
1786
-534
-919
930
-185
-1011
-2379
1362
8
-1424
-2599
1248
-457
-799
-2156
-1503
1690
-168
-488
1289
240
-506
1538
854
1617
-880
659
759
-481
1326
-2335
-81
1822
573
135
-627
193
-2192
-847
-859
-2444
29
917
-1949
500
-861
-611
373
2139
797
-369
-1680
534
-1490
409
1986
-131
1077
-1483
-1480
-1279
-1873
1956
151
829
1115
283
-552
-3525
-1009
270
-819
-41
617
-2236
-267
-1151
-1371
-2503
-45
1491
-2131
2150
502
4672
3838
-1360
1134
-3467
-3076
679
-1023
1041
1909
-1714
3002
481
-395
-339
-163
-4680
642
1430
-762
2895
114
-1683
-1189
1603
512
-913
-247
150
42
419
-317
164
-770
-552
935
1204
-2112
524
-240
3167
-1681
318
-2059
115
973
-545
-331
1739
-893
649
-62
1066
-490
-532
124
-1024
-1706
-2712
-848
-169
-2021
1336
1432
436
-551
700
-2022
1818
-1402
-2352
922
-3088
-612
986
514
3877
-1221
-559
-425
1441
-391
-1248
570
-326
415
371
628
108
-516
-611
-151
1538
-1690
580
153
680
-2
-564
1440
-1016
-742
-706
66
354
-3022
-937
-739
137
-2301
-193
959
1684
-402
-1114
-1023
-1595
-336
731
525
1095
1631
2088
-634
2022
1051
-852
2070
2841
-261
399
57
853
1802
2916
-370
2563
-2540
-1070
-708
-1898
-48
-595
-399
1255
-335
-805
501
213
-1455
218
-2035
-63
-135
6
-382
43
185
-950
1017
397
1795
-1350
83
1909
-289
-1279
-517
-330
-92
-173
-535
-1355
-875
463
445
-854
782
-114
-888
247
1371
-709
-2859
3667
-283
-620
-584
-3354
1839
-1109
731
381
-993
-350
-1460
-3015
-825
1199
869
2990
0
-259
-569
-2537
694
701
458
-702
460
-537
845
2039
285
801
-573
-212
-1984
-990
435
-845
755
-125
613
76
-2414
583
173
1445
-489
188
-1294
-133
-1435
127
1046
-3205
-1486
-348
-2706
-244
41
-259
-1547
608
-141
-232
-1142
-2829
226
151
-53
2887
-590
102
-1798
-799
-1522
809
-593
7248
-621
1073
-1497
-1917
-2101
319
-1798
1301
-1139
1278
721
-73
339
-64
-1964
2099
1645
-245
-526
-2109
-2259
246
749
533
-1367
-636
-1671
-710
-762
879
-1001
767
-361
2075
1663
639
290
775
-969
1654
-103
-1374
-1954
-1905
-789
-384
-474
70
-464
-1128
-20
32
-1931
-1299
309
-987
-305
-1132
-554
1817
225
-868
1718
-599
-469
1163
1266
1609
-11
-430
7
-852
-40
-1427
1687
-448
1554
1436
1210
-2096
-456
-2882
-1295
-2353
-489
-1993
-1083
880
-370
-505
1783
1248
234
2247
869
-1023
2761
-445
539
1444
2452
-1666
-562
-3141
-496
-852
146
-4204
570
965
1075
-2483
780
-2392
2080
-2413
625
-1142
402
75
-2025
726
2802
-2652
-266
897
1475
134
-760
781
1106
344
2474
2657
-1145
887
1473
990
2067
1089
657
965
-480
907
1249
876
1372
1144
-1186
424
393
18
1734
593
-415
-1180
-641
-511
129
-184
-196
-2127
1671
2143
613
437
1143
-828
1725
974
-382
1313
-441
-1130
106
441
-289
-660
1970
1138
628
-265
-653
18
1284
-1528
-876
1200
-2478
-1365
-828
-296
142
-229
282
-339
-2811
-860
-504
832
-2584
407
-374
-1686
2366
1343
-691
-2621
-1057
-1091
-1157
1515
-1463
-2047
-3491
-1017
1959
513
91
-1754
-2130
1409
-1355
2857
359
1360
1332
1547
20
1030
-282
1489
-532
563
-185
1969
1985
632
-164
-505
-1366
2009
541
7
245
873
2737
2031
-899
122
-882
1457
-1715
-379
-1301
-878
122
3173
-162
1192
-896
-319
-1012
789
-1035
-607
-2993
424
-1908
-783
-978
-261
519
-1689
-1395
-359
7
171
-2061
2582
301
881
3141
-2995
-482
3389
893
2999
575
269
1389
541
-249
1438
-418
2097
1965
370
1108
1160
-1879
-989
-2737
-1429
-185
-345
-1076
-1117
1041
2482
673
1553
-1811
-923
527
637
1341
1823
-959
-444
-2200
-1472
-540
-594
540
-323
-1046
1089
-961
2157
558
-512
-690
-1120
222
1531
-228
-1052
-1602
1299
-999
1564
2310
259
-1000
837
-399
-1826
1151
1865
783
-965
-1115
1207
-981
-225
2823
318
1822
-1008
2313
1318
100
-389
1712
192
-1076
-966
-368
-481
363
-1228
-3014
-1067
-126
-1051
-2367
-114
1977
-365
2661
1429
-271
-1031
-1351
939
1397
1616
1096
1176
-1091
238
-816
-697
-898
-594
-1124
-1465
1033
-3482
-119
3042
2760
1545
828
3083
-1739
1905
2051
-1645
1481
-3105
-1450
-117
-1593
-466
-612
-1821
-1643
-1472
1009
-1185
1023
-1624
1097
-2531
60
498
-1826
968
-242
1543
-383
1055
-622
-2983
-1791
-171
-2095
3056
1884
1057
1057
2327
365
-1466
-1245
1023
-315
-2398
-603
697
-1699
490
-1799
-366
508
95
157
-797
1126
1748
-920
736
-47
1051
-411
-47
-975
-319
-1317
-404
2961
1089
2133
-555
-1421
991
773
-735
2435
1455
611
251
-47
1188
-3184
-387
1995
2307
1922
-176
604
1014
-501
-1359
543
-1457
2643
1293
43
466
3751
615
-1005
-1989
1091
-163
731
-673
1437
521
-291
-771
785
282
3689
623
-729
-219
-1930
384
-1488
-479
-639
-2905
-2155
423
-714
-2871
881
-1476
934
2434
2622
1648
-1194
-1278
-2366
-4617
1194
-398
1106
-1993
-697
2107
15
2422
1738
695
-727
-1064
-2026
827
2792
-330
1496
1362
-2078
-178
-1256
69
-3045
-3519
-1801
998
694
296
230
-1481
2015
311
759
249
-310
-130
-672
-698
-1414
-798
1962
1015
1761
-317
21
-296
2426
740
1945
-179
2123
-1213
622
77
75
-1246
-236
-1999
-763
-325
-33
-452
-660
-397
615
-83
914
1008
1296
200
-1728
-973
-2287
675
-759
766
2548
1058
1285
599
-2239
1883
-2196
999
2041
-438
1658
1175
2391
-323
-1997
-720
-1544
-697
-1367
-121
-681
1514
1550
5624
3860
-1892
1404
-6971
-707
1374
-870
-2774
-817
-2407
-679
-465
1178
-1794
1542
-2117
671
-399
1781
448
640
-31
1169
4209
-273
-772
1594
1771
-721
-150
-1459
551
-23
-603
648
2071
-335
-505
4084
630
-1036
-850
214
1108
438
2092
225
-118
-800
1373
847
521
367
-916
654
-62
616
-789
1747
159
131
1653
913
81
529
-925
2807
1924
-616
1256
-650
-1068
1850
691
2695
-533
-980
-1620
838
-190
-303
410
-130
-1414
344
-144
1054
-507
-2583
2511
915
805
-503
-387
663
-319
725
2674
2900
1688
-1874
22
626
539
39
-1809
-558
892
702
2004
-445
1528
-420
26
1538
-1198
487
1574
158
1344
-241
-1079
131
2670
-230
1247
839
863
2275
-477
259
492
2244
54
1278
-57
1933
1931
-1809
-839
602
-165
-1077
-1952
2473
-567
-690
-1324
2622
185
-1142
-1000
-542
-1300
-207
321
7
1447
813
726
-1154
345
116
-249
669
482
51
1312
-196
1109
-1742
374
-688
1297
963
-1374
-1001
274
330
2575
1204
491
245
-815
-306
-2146
-1718
127
937
-1294
-1336
1491
-2565
-3252
-2484
-138
1943
1640
278
2877
-867
1321
-181
1432
1310
2651
-1225
-1964
-1520
107
504
-819
455
1529
-662
536
-440
271
63
1606
212
3593
-17
-808
-424
960
1189
1630
-436
1351
-3365
-941
933
1344
-1326
-1375
-1189
-360
-1288
647
-781
-487
-689
455
261
460
1202
-1027
-1981
1173
-1735
3860
-2222
-2100
-1436
-3591
1773
2296
700
7046
-572
-2439
-1949
-1711
244
1469
-376
-1067
595
4
1725
609
1191
118
795
1917
-1431
-863
-256
-451
-549
-67
-440
-1178
348
-97
7
1594
-2534
1747
625
1811
793
-197
25
569
-982
-48
-98
-1007
311
-1836
-1346
-477
2276
504
-280
-3214
41
-444
-942
-588
-506
341
753
-2591
856
746
1420
406
-11
827
-1565
-1934
-550
558
2252
-340
-2162
1133
799
494
-1952
1105
-1746
-1418
-2178
2856
-2891
-1244
-1370
-42
-104
4315
1979
-707
1348
950
72
3468
983
943
1075
1084
176
-752
1216
-1272
1118
135
-466
-428
-1306
1981
1716
-1547
1703
-601
536
2163
873
-431
1108
365
-445
-1597
1225
2030
916
-1155
652
372
-872
-408
-940
-2675
-612
-1057
-397
235
2025
861
299
1575
-1285
1579
1447
2509
-2306
-2002
1432
-1110
1859
2542
-1498
1212
-388
543
-63
1893
298
-1617
-267
-1320
-2001
-850
-2876
-1295
561
-911
-61
3303
637
1466
-1160
-1307
659
1130
-1092
-1275
-2555
261
-3099
23
-2939
126
-43
-455
-843
-613
773
618
344
-1551
-56
-1272
