97 30 119 10 1 80 111 116 100 98 17 120 6 101 63 38 35 92 58 4 18 30 72 66 75 54 50 55 92 105 61 6 114 70 38 99 68 85 90 112 100 14 89 96 33 104 61 70 82 44 62 61 108 111 79 46 35 57 78 117 66 46 47 71 64 35 93 66 2 117 39 11 70 39 107 93 112 99 55 46 86 33 24 94 92 67 27 10 51 85 72 35 113 44 105 18 63 35 100 47 21 36 107 15 54 26 56 68 66 26 35 108 55 14 14 96 92 21 32 75 71 19 125 26 114 109 105 29
95 14 54 96 83 15 5 122 105 91 113 109 74 95 94 117 39 125 34 6 95 27 64 52 30 126 30 111 7 95 52 18 24 120 43 15 53 99 81 23 114 85 16 76 103 30 30 6 66 8 102 54 5 37 13 113 52 92 95 40 125 73 88 6 86 50 9 18 35 2 84 119 102 91 114 23 121 21 69 124 79 120 2 116 90 103 16 0 95 43 98 122 93 14 14 93 38 26 17 14 8 87 89 99 93 16 63 48 110 87 110 13 94 95 4 74 9 6 2 27 84 43 23 119 9 65 123 55
111 72 22 58 27 110 33 71 12 75 109 105 58 37 29 74 7 46 2 67 116 84 78 15 95 24 68 111 84 13 93 93 12 67 23 81 37 112 43 9 44 10 123 17 124 97 79 97 98 30 13 93 78 54 49 73 9 47 18 87 10 16 98 65 73 74 19 40 110 2 73 32 24 109 77 110 64 86 68 51 75 6 101 108 32 124 6 38 71 36 24 53 10 45 45 1 122 95 37 109 84 122 79 10 95 14 64 56 80 47 70 111 119 68 32 124 91 122 57 18 105 22 78 123 28 115 10 50
112 117 124 98 101 54 37 17 58 12 5 23 56 71 70 88 49 64 71 21 9 122 35 101 21 73 98 61 120 121 29 70 22 126 24 74 23 33 109 118 73 36 51 112 38 2 39 96 30 53 107 79 106 103 107 71 60 51 23 42 89 47 96 88 62 43 31 85 68 107 55 126 110 86 97 55 110 104 88 80 29 73 115 45 84 43 83 26 14 113 85 4 67 39 78 58 53 97 85 4 43 39 80 66 81 83 74 79 34 50 39 118 14 28 7 61 100 50 123 16 26 51 70 107 80 42 55 8
82 112 31 87 1 35 77 124 85 39 50 19 82 25 61 46 94 62 101 11 36 4 1 4 65 101 8 62 75 23 66 74 104 61 69 83 54 1 67 120 44 114 0 51 30 117 101 65 81 72 93 68 99 47 109 39 120 39 118 34 69 36 114 29 62 14 120 58 85 49 120 27 104 47 45 106 13 97 98 103 24 29 29 92 46 100 57 66 23 44 79 113 66 45 0 15 94 81 3 40 10 33 48 23 19 56 84 114 18 41 91 118 113 38 76 19 16 79 107 64 117 30 125 25 81 63 4 43
50 86 104 99 69 110 111 10 40 101 16 72 114 109 31 110 123 98 94 51 103 52 19 82 122 57 59 65 109 66 60 12 56 47 65 124 79 57 104 79 96 95 80 84 65 74 9 43 62 19 68 54 47 57 124 41 74 66 124 124 56 50 25 91 48 102 15 12 59 31 85 37 71 112 14 113 74 40 25 70 111 34 61 62 73 92 66 59 90 56 61 33 71 36 44 111 106 44 99 41 52 97 97 1 83 92 60 80 114 82 91 46 40 103 105 40 88 94 67 113 1 106 105 108 108 33 23 95
95 57 75 12 36 11 29 82 5 88 52 110 6 2 61 70 109 75 20 32 95 90 103 114 15 22 43 79 104 75 120 99 77 59 88 102 109 126 28 110 29 29 92 119 114 34 29 31 74 115 25 119 12 93 18 71 89 64 72 7 17 79 37 117 92 34 31 5 7 38 81 6 27 30 21 96 61 17 47 76 80 123 126 8 69 82 82 120 92 101 49 126 25 18 101 32 86 17 119 65 24 99 77 33 77 101 21 1 104 25 51 14 73 102 91 43 45 85 121 47 12 78 105 34 117 19 99 39
43 70 81 100 71 31 10 4 31 107 90 13 17 114 71 89 111 5 71 109 126 55 6 11 84 114 68 62 33 54 6 122 14 40 64 52 120 96 29 89 5 67 55 120 80 120 89 84 81 121 54 50 68 42 78 17 6 89 54 95 56 88 72 113 106 52 89 114 31 22 0 102 0 6 88 84 31 27 38 60 46 43 32 108 100 5 46 126 77 29 20 69 100 80 24 79 100 119 58 12 10 45 123 10 10 93 89 112 50 79 25 7 49 100 97 9 97 5 60 44 35 59 66 83 18 61 48 102
52 105 87 88 30 92 95 0 1 94 14 30 54 28 36 50 30 67 69 78 109 17 90 47 86 72 74 9 92 114 89 44 67 11 47 64 59 59 121 9 95 123 39 73 65 105 22 81 62 106 116 80 21 7 3 1 36 101 19 40 118 102 40 60 23 38 77 86 77 96 71 72 35 97 39 24 115 119 119 29 17 40 99 117 27 18 66 7 16 112 56 106 50 113 49 73 60 85 3 38 95 119 105 78 95 115 42 28 90 16 114 47 86 73 71 91 92 17 13 79 116 69 114 4 60 109 56 16
33 94 48 28 55 19 48 103 83 0 40 84 119 62 29 50 114 121 102 1 103 43 26 88 84 67 69 111 65 88 16 89 20 105 78 29 100 1 102 32 28 94 93 102 90 72 109 36 76 74 46 1 82 43 113 100 20 2 77 17 27 10 71 3 46 95 0 24 68 86 105 39 63 85 104 5 82 124 100 109 120 11 102 55 72 120 54 37 126 80 81 48 28 21 55 110 125 99 7 55 107 21 73 13 40 11 7 41 22 72 99 109 101 9 41 108 77 100 15 112 86 8 57 10 118 46 60 50
93 15 96 82 37 46 46 82 104 37 28 82 24 23 103 104 67 20 0 106 85 57 120 113 2 71 79 99 74 30 19 62 27 31 33 90 107 29 116 114 94 68 22 57 59 1 49 93 124 75 45 26 26 78 94 100 19 119 100 104 119 29 59 17 117 125 46 5 77 36 64 34 96 89 32 72 51 87 51 97 105 108 30 6 29 82 64 71 46 2 93 61 115 43 16 58 35 91 46 115 72 15 55 48 67 3 14 94 93 66 70 86 50 104 28 93 56 43 22 27 52 47 30 61 33 82 72 45
1 16 6 60 40 54 121 50 94 76 45 117 38 2 85 1 63 32 30 80 36 70 25 86 70 99 73 74 71 43 13 65 73 111 118 37 61 12 51 120 38 100 13 38 79 99 94 84 103 80 112 84 52 70 24 121 124 34 103 33 79 102 13 120 37 53 10 58 31 60 77 72 50 88 63 22 87 78 53 24 74 54 119 73 58 9 40 120 28 89 109 5 95 69 81 107 121 101 107 29 67 102 124 34 33 79 14 12 103 7 108 32 99 114 21 77 70 97 19 121 63 69 26 59 30 68 112 63
93 80 104 93 42 75 61 105 40 10 2 59 64 14 104 99 121 92 117 86 67 87 21 50 4 30 29 98 18 13 116 103 21 14 116 119 126 74 62 63 55 29 7 37 90 22 35 122 69 96 66 122 3 3 106 48 125 69 62 92 108 51 119 36 17 28 123 38 25 14 77 109 22 62 31 3 99 36 76 64 58 0 122 119 100 97 50 62 1 104 67 123 120 47 79 123 25 59 49 105 22 115 47 16 15 77 1 58 70 95 114 26 81 44 93 84 73 12 2 46 96 61 77 106 117 50 9 110
15 90 124 58 57 1 51 67 121 110 57 97 71 109 106 16 89 15 30 97 14 73 84 54 90 70 77 97 88 121 115 35 23 61 101 62 120 14 91 73 64 6 87 54 124 118 47 11 43 26 66 95 33 6 87 115 103 26 51 103 84 123 58 101 59 110 122 51 124 121 53 45 52 89 94 124 53 38 67 65 3 56 67 18 52 109 106 27 20 99 64 53 77 6 74 4 2 27 117 113 12 86 93 18 99 72 34 97 51 73 93 3 31 23 12 33 103 24 24 74 79 59 122 62 68 22 11 77
102 104 106 79 31 20 87 89 69 74 90 29 95 93 100 42 41 104 119 9 4 43 122 56 46 98 22 52 107 106 125 71 83 87 121 42 63 43 71 106 29 5 115 120 99 71 122 63 13 86 47 120 63 8 60 41 87 39 39 14 9 118 48 25 71 104 6 31 116 109 109 32 26 89 42 59 38 91 118 48 74 85 65 20 2 53 32 37 122 97 45 82 3 102 34 98 120 37 120 75 78 15 4 71 46 5 107 118 109 27 5 54 9 99 28 104 39 81 45 87 105 21 57 36 5 103 44 98
110 85 100 125 71 3 113 12 37 25 38 23 83 96 64 57 109 60 122 120 70 83 86 83 77 80 102 30 8 36 23 12 39 94 26 80 59 81 123 125 111 14 51 113 30 14 121 95 40 3 122 51 78 58 84 17 13 126 4 77 48 80 28 86 40 31 71 91 61 35 62 27 106 119 107 31 81 111 81 84 62 111 15 26 91 0 2 29 40 91 99 109 89 23 84 69 73 31 59 12 44 85 23 105 44 41 88 69 17 83 86 40 21 67 63 17 94 45 86 109 38 93 36 77 26 26 86 8
34 7 98 34 109 12 13 54 54 27 42 28 54 26 22 90 30 76 85 109 2 116 9 122 11 18 123 101 106 65 27 15 0 31 49 12 115 97 57 19 118 54 80 98 79 112 67 41 39 35 63 36 70 76 2 43 34 31 62 59 5 41 25 79 110 107 46 18 97 59 108 125 11 67 5 75 90 105 97 61 119 10 87 24 82 23 11 102 28 43 85 90 53 68 13 115 20 106 58 121 15 29 100 107 38 67 120 16 84 85 56 22 17 43 87 46 88 65 8 91 73 79 107 57 32 15 73 78
7 84 81 31 106 21 71 73 46 46 22 0 59 40 117 42 55 92 87 93 29 91 5 24 46 105 113 111 76 85 64 110 13 86 113 58 111 72 4 13 65 4 32 103 93 28 30 113 126 15 51 70 93 19 87 70 105 100 57 68 85 7 1 20 35 9 55 21 98 90 44 15 67 101 126 33 4 10 23 101 10 116 122 75 16 61 108 47 106 91 29 124 92 17 110 75 5 123 61 79 24 89 122 38 95 28 99 41 79 112 57 29 54 54 27 93 55 34 40 88 61 104 45 35 124 9 117 7
6 0 9 76 10 80 23 49 26 62 102 35 125 74 113 10 66 105 83 84 80 2 85 49 22 36 55 7 22 64 44 30 110 100 89 51 75 33 60 123 64 121 42 111 30 47 125 88 29 72 99 6 41 78 60 34 86 24 28 18 77 35 117 12 14 29 84 29 114 58 34 121 29 126 30 69 88 34 94 85 14 75 109 34 39 99 2 118 94 47 91 90 117 21 56 123 124 10 124 104 35 70 43 16 19 48 71 124 102 126 30 90 59 5 84 38 18 81 65 86 118 1 24 91 20 78 2 80
58 8 119 0 37 60 51 97 98 8 71 61 82 88 60 25 108 50 44 110 112 96 91 45 94 122 58 23 53 91 30 88 93 51 17 27 32 110 98 72 97 35 86 86 124 57 52 8 13 116 60 126 95 50 35 6 68 52 12 78 14 105 107 120 63 60 88 63 16 110 105 114 33 31 7 123 13 106 108 15 103 18 5 15 67 116 99 39 101 110 3 92 9 75 74 45 64 41 65 104 61 96 59 109 107 45 46 51 14 44 125 44 81 7 102 26 5 111 16 18 76 3 67 18 71 89 16 103
87 11 69 45 112 13 76 97 47 77 59 33 119 42 30 57 45 48 87 38 64 5 9 3 26 39 33 32 28 104 13 93 77 84 61 81 88 78 15 51 84 82 67 64 126 51 36 100 7 71 97 71 33 1 26 58 5 54 33 84 108 96 41 7 65 114 42 115 120 84 23 68 89 115 105 39 17 67 117 120 81 121 77 72 76 24 91 41 22 15 46 62 18 47 68 89 42 42 12 59 47 71 75 45 27 76 55 64 51 101 80 111 83 7 26 104 6 98 112 43 0 64 116 32 4 31 84 68
109 95 101 96 79 13 1 91 42 4 77 12 107 72 54 48 3 78 62 97 47 55 47 9 91 71 125 24 32 12 26 32 108 124 103 58 111 62 24 112 119 46 52 10 21 94 65 118 97 28 44 66 45 101 7 2 53 108 108 109 41 65 26 24 117 49 79 96 45 94 121 49 28 43 96 32 87 57 79 76 48 111 28 23 25 107 121 84 104 64 18 37 58 41 98 93 68 16 94 2 27 38 47 9 68 85 9 65 118 41 75 51 6 52 123 49 47 85 91 45 18 45 121 85 25 112 98 71
4 112 121 113 12 53 47 27 29 114 11 85 51 70 16 49 71 7 10 30 102 94 69 5 48 24 86 98 2 88 108 13 67 37 71 115 49 99 31 60 118 126 11 85 26 21 49 74 75 32 30 47 11 39 120 60 62 88 114 75 54 121 38 12 1 58 55 39 100 106 63 106 1 87 118 10 97 100 57 67 45 44 87 45 68 30 21 70 100 15 123 120 3 6 106 35 123 55 121 96 122 75 72 20 14 23 74 46 42 57 90 16 12 75 61 41 14 4 33 27 48 94 123 0 13 119 55 79
16 126 80 29 2 44 91 39 100 88 99 49 106 63 95 21 105 45 67 52 45 27 62 56 59 71 17 106 72 92 126 86 29 107 33 42 70 35 5 68 16 28 62 91 23 81 22 61 83 77 73 118 24 33 64 2 117 57 85 81 26 19 57 89 7 41 113 13 71 6 72 126 57 102 91 110 93 30 86 60 109 44 91 39 55 45 103 0 12 42 81 108 106 44 84 41 119 114 28 119 36 74 58 105 50 7 103 104 115 41 115 52 64 64 108 89 105 57 87 104 73 109 101 20 88 26 19 64
106 116 24 103 103 15 106 60 4 50 81 32 76 2 0 65 89 103 38 17 10 35 25 67 87 55 106 114 85 42 45 106 25 64 125 50 7 31 124 26 31 40 52 18 15 69 65 15 66 61 14 69 34 2 49 105 110 90 11 71 66 62 47 87 6 64 108 19 92 63 101 3 88 93 97 61 2 116 126 63 87 82 6 43 14 125 122 33 29 92 54 79 52 15 82 34 39 14 57 34 102 77 18 14 119 6 8 102 85 98 42 80 80 72 8 69 27 52 32 16 105 50 108 31 40 37 33 64
41 35 36 66 48 16 61 119 86 91 11 54 105 53 3 44 85 46 71 61 12 39 1 17 23 25 111 12 1 51 117 115 125 94 97 62 21 88 41 21 32 116 36 42 34 9 30 32 37 45 111 77 44 73 84 35 101 31 76 96 88 30 81 4 22 108 81 123 95 27 20 30 47 46 42 59 61 2 124 110 87 75 40 15 86 80 101 5 95 93 118 106 108 64 66 124 21 58 96 98 122 77 3 93 123 82 19 28 75 111 68 118 118 60 33 39 112 63 1 53 65 6 86 103 55 66 53 15
66 42 38 93 81 103 18 88 69 110 60 103 122 75 23 62 87 35 15 63 8 21 105 86 24 39 103 26 79 88 50 39 37 60 109 73 1 55 10 97 54 58 117 36 3 34 101 124 44 74 116 85 75 6 21 33 28 39 35 23 18 102 40 75 68 24 121 103 88 15 100 108 73 12 5 25 30 73 7 71 124 48 92 81 63 59 118 44 46 75 21 9 95 34 81 30 63 21 18 119 117 34 91 116 67 81 67 17 28 20 65 81 101 2 9 88 37 2 50 31 10 98 83 12 36 92 84 115
119 24 75 67 35 15 40 18 58 5 93 13 38 28 105 104 69 25 111 41 60 81 67 107 112 35 75 76 28 4 109 91 86 65 95 17 116 14 85 12 87 126 116 90 52 105 122 66 27 16 70 68 5 105 7 25 33 0 32 104 94 126 41 35 63 95 6 76 118 125 89 115 7 35 113 38 6 109 82 105 52 4 70 32 104 6 56 55 44 121 81 88 81 97 91 94 59 42 51 96 55 72 1 109 114 73 59 42 19 42 6 28 103 101 44 113 19 100 65 85 65 79 31 84 65 63 85 62
16 46 103 50 75 94 17 34 105 101 5 35 91 31 53 23 21 9 59 59 54 90 94 33 2 123 10 18 76 62 93 33 64 54 98 98 106 56 104 116 25 10 108 49 41 9 44 110 12 91 101 53 63 2 116 25 66 94 81 26 21 43 16 102 1 80 68 95 7 65 51 13 112 60 6 79 95 54 94 124 29 81 52 35 39 64 61 102 32 15 14 11 54 54 55 33 15 14 2 41 25 55 45 64 124 72 58 60 91 8 63 114 103 93 109 112 82 52 51 17 80 106 96 70 44 84 97 85
86 41 104 79 69 111 119 57 0 126 112 77 9 11 35 125 75 39 83 1 55 12 74 4 50 46 44 40 22 72 107 64 32 104 39 68 73 86 122 110 88 66 63 32 20 99 54 72 101 60 49 43 12 88 5 112 81 54 11 27 14 36 46 124 72 58 27 49 52 11 82 72 46 43 84 45 65 92 68 58 122 48 18 40 52 85 46 56 19 62 109 90 66 62 29 82 85 106 85 62 2 93 35 61 117 109 86 54 101 96 1 60 89 78 30 92 63 74 30 50 117 105 28 120 106 55 36 66
109 5 75 86 109 103 6 54 115 62 51 28 72 39 89 19 64 106 98 89 18 62 125 92 76 7 5 56 51 51 35 29 37 36 33 9 9 99 12 64 90 31 88 107 97 7 74 15 39 33 51 88 9 85 113 16 33 39 47 13 17 15 44 5 44 85 58 92 28 44 70 60 34 20 44 67 102 123 113 61 90 89 6 94 2 100 19 32 125 81 119 120 123 45 70 87 46 40 100 94 81 37 52 76 59 122 2 73 96 74 61 90 69 43 84 40 88 82 75 62 79 10 10 39 27 109 112 33
71 73 32 43 94 60 106 108 84 2 97 114 70 82 41 9 50 63 103 47 90 77 62 109 52 45 4 68 83 103 27 12 30 52 34 24 45 108 91 39 50 97 70 13 37 83 74 97 66 28 8 12 101 20 33 78 116 9 72 124 28 20 31 36 82 98 70 99 102 33 38 123 80 107 13 35 95 59 69 49 118 110 34 84 1 109 15 76 12 86 7 79 63 77 50 16 61 121 91 17 15 65 51 7 95 88 92 7 19 77 90 3 79 14 24 52 78 54 49 61 113 71 113 37 73 42 121 7
60 78 87 44 66 26 112 95 15 7 50 46 34 54 19 88 111 29 120 71 114 124 31 74 49 58 84 85 103 101 63 9 120 41 26 44 29 27 49 96 79 37 78 50 9 102 124 49 2 114 32 11 82 71 98 24 33 82 82 22 116 96 72 72 85 97 56 101 70 58 91 104 97 97 32 87 96 124 55 3 44 70 121 24 38 105 36 103 115 30 83 103 78 35 89 95 61 76 7 33 88 51 83 87 50 3 44 50 44 38 90 81 6 41 3 119 80 79 23 88 64 89 101 78 52 106 30 66
49 33 70 91 40 86 122 94 44 79 98 83 46 46 52 81 56 8 37 10 112 26 10 23 3 86 2 99 90 53 12 81 104 116 48 75 58 25 43 118 42 45 83 85 18 65 55 122 23 41 2 6 94 0 0 108 95 113 15 12 58 50 100 109 42 68 118 8 96 119 76 37 80 98 62 32 77 95 108 35 62 54 6 88 29 114 55 64 82 85 15 62 65 124 67 87 84 89 87 79 37 122 13 24 35 38 61 10 24 58 43 78 90 10 112 107 101 84 5 28 24 122 115 82 109 107 117 30
34 101 24 106 77 5 10 29 69 26 4 109 118 77 104 121 65 68 90 115 14 110 13 57 87 36 23 60 22 106 45 19 53 4 42 109 9 118 6 123 2 67 93 45 104 51 111 51 89 31 68 113 51 31 34 27 66 103 62 46 93 16 38 20 79 56 11 119 44 22 61 48 56 0 8 69 18 30 42 41 25 93 87 79 11 109 69 11 42 39 17 92 111 15 92 20 76 96 76 3 65 114 84 120 42 42 26 35 34 35 47 42 46 121 75 33 51 50 102 70 95 111 101 83 66 79 76 55
104 57 100 40 117 2 3 3 65 118 32 40 81 117 88 35 65 71 96 38 84 103 48 52 69 123 36 84 101 77 118 84 67 28 54 81 1 102 5 65 87 39 10 40 71 125 47 103 78 117 43 107 115 96 85 23 13 66 60 95 32 56 0 4 54 89 46 93 59 86 54 67 8 19 88 55 49 15 105 80 29 118 47 67 21 1 84 117 121 52 56 116 5 20 36 47 72 10 126 110 84 18 42 23 15 78 66 77 79 114 27 7 21 0 43 109 64 121 75 114 125 92 99 56 40 73 112 108
3 53 103 99 30 80 112 14 52 86 27 89 105 105 29 60 94 43 22 71 40 19 51 24 104 29 73 23 29 1 75 111 30 99 85 121 113 120 92 102 71 76 117 49 98 32 62 46 93 33 83 2 14 6 124 70 72 66 121 118 70 29 20 5 39 87 74 7 25 26 27 97 24 110 10 101 83 100 71 78 72 96 43 80 3 91 23 31 104 99 68 52 36 55 69 19 57 117 25 48 64 114 51 24 111 28 108 89 62 82 55 99 118 97 88 123 11 99 114 68 36 86 89 95 71 7 102 41
86 4 4 58 108 118 25 42 123 108 54 49 102 105 33 85 113 69 66 76 11 99 45 44 18 117 34 86 30 42 119 39 61 19 7 34 36 126 7 102 14 52 26 97 61 64 97 108 21 106 76 16 78 19 61 111 28 20 27 56 53 51 63 10 21 58 65 26 57 64 85 11 51 55 37 26 30 52 44 32 22 88 120 65 64 12 79 65 34 0 48 61 103 96 119 115 51 12 38 92 11 16 125 68 3 106 62 9 14 42 33 94 119 38 20 51 34 77 56 96 8 41 21 16 91 2 17 68
36 0 72 118 30 66 88 107 13 117 41 103 54 72 54 78 52 94 33 16 29 32 60 58 57 82 89 77 56 80 119 126 48 78 114 60 11 20 13 82 7 62 39 94 30 111 121 13 78 42 57 94 96 40 21 13 18 73 60 89 24 80 101 78 81 107 94 68 105 6 37 45 74 4 27 53 40 75 90 59 61 102 126 37 125 117 123 12 102 104 9 70 121 66 99 119 18 16 102 89 64 27 42 115 76 2 125 81 85 93 112 101 103 34 69 40 86 92 8 45 118 117 39 74 7 3 43 29
42 115 4 66 47 113 112 57 27 121 2 105 63 29 5 45 16 62 124 83 60 96 21 72 88 108 50 12 5 47 11 30 70 70 68 84 120 42 36 110 75 24 81 42 105 1 19 95 64 19 92 86 8 98 71 110 58 65 101 32 75 98 87 81 104 23 54 12 36 8 43 2 96 69 48 49 43 101 28 48 9 1 115 85 111 95 38 21 38 112 8 25 81 103 45 57 22 1 4 20 23 72 11 105 66 51 54 22 20 103 116 58 28 97 36 77 103 100 50 21 99 25 61 19 120 43 40 55
71 51 125 117 55 24 74 6 97 56 32 40 97 22 122 27 41 31 90 51 59 94 101 81 119 34 41 55 98 90 119 25 82 75 112 79 98 121 82 102 73 96 36 125 95 122 56 69 6 51 9 23 88 69 25 25 25 34 14 2 37 103 42 25 64 105 98 34 77 86 26 15 80 119 78 17 83 111 125 8 103 103 25 19 4 72 122 81 59 28 95 22 102 0 49 79 40 21 48 115 43 116 108 53 1 18 74 50 2 84 85 40 75 106 11 7 11 29 43 90 69 109 100 113 94 77 56 41
13 79 60 51 59 96 5 34 52 0 9 34 15 108 120 10 39 6 55 58 86 33 123 21 81 24 79 8 120 46 92 53 67 108 10 111 107 53 49 31 79 18 26 63 76 116 59 51 124 99 84 31 43 121 92 80 25 22 20 1 74 27 100 57 48 89 56 37 35 113 40 33 66 24 27 24 8 2 7 2 102 78 70 76 106 13 68 11 13 110 36 17 75 95 22 17 70 124 65 20 32 108 24 67 82 97 111 54 63 52 91 1 1 10 60 77 108 73 100 110 103 109 45 21 78 26 78 68
47 52 48 106 66 119 117 34 4 69 123 80 3 40 9 53 40 10 42 31 50 94 85 26 60 115 10 22 64 33 19 89 91 11 22 74 97 114 42 87 71 101 44 94 65 40 63 124 35 36 2 82 84 100 26 82 44 62 20 21 40 63 107 38 106 69 36 86 107 63 105 2 96 90 108 109 66 54 126 106 97 24 112 115 24 88 90 43 45 80 73 34 120 75 105 82 14 100 64 87 124 109 36 5 60 66 5 91 60 110 115 116 109 69 105 44 115 22 84 62 62 109 91 89 108 15 84 12
69 106 89 11 9 4 126 110 122 61 124 79 86 24 40 23 32 42 4 35 19 14 3 122 1 111 98 59 67 123 54 64 11 68 68 42 112 109 97 53 35 48 100 101 17 44 83 78 91 7 111 68 67 63 124 125 106 15 13 52 11 83 41 41 63 75 83 51 83 32 47 36 0 54 60 9 85 100 104 79 118 83 106 109 21 40 43 9 40 75 116 51 105 75 108 35 91 9 24 100 53 36 50 57 107 27 72 98 1 85 71 47 122 28 7 4 65 100 89 122 61 3 24 72 83 19 0 14
93 25 123 52 57 78 24 12 0 60 39 5 118 92 9 77 109 89 69 72 13 8 13 95 123 79 115 115 74 107 112 71 20 74 31 87 97 90 19 41 71 107 118 86 33 86 107 94 120 16 109 35 48 55 93 97 2 111 18 82 38 46 49 126 101 125 121 70 118 97 16 103 44 1 99 84 108 35 48 123 16 115 72 73 103 22 38 4 65 55 57 32 108 33 120 99 107 61 126 52 49 18 119 117 123 116 6 25 62 88 41 80 12 116 70 50 9 120 7 96 6 33 2 12 81 103 118 15
113 27 77 28 68 90 18 29 6 119 96 4 71 56 59 125 8 103 79 87 22 45 66 36 96 21 86 118 9 10 75 30 87 69 4 109 48 0 64 55 91 90 77 48 53 122 3 84 91 35 70 0 20 104 92 52 84 43 77 83 90 108 6 79 43 72 126 72 37 58 119 43 49 79 54 4 6 10 109 45 85 87 15 99 116 88 113 89 64 37 108 112 21 56 92 57 21 73 116 83 1 23 102 121 91 34 87 96 77 54 29 91 94 103 77 103 25 51 124 10 53 86 31 94 22 47 29 96
33 119 2 125 45 107 4 16 108 5 45 48 11 87 31 111 79 105 39 47 36 48 82 104 94 6 116 32 73 121 108 80 12 71 54 90 57 96 83 115 16 29 115 90 52 60 61 53 71 56 0 97 113 107 75 48 20 116 18 35 90 76 65 14 91 58 26 82 50 11 24 8 20 44 59 63 36 62 33 27 125 117 98 87 103 111 17 117 44 54 40 87 29 47 43 4 54 25 6 45 14 81 49 19 34 19 14 59 2 86 68 4 45 34 82 13 118 100 87 87 16 89 58 56 53 96 65 82
25 6 35 71 60 21 74 62 17 43 113 15 73 93 9 31 75 120 58 113 116 110 102 24 109 35 62 88 69 117 69 5 84 18 25 59 86 88 107 11 66 15 94 111 74 19 119 97 110 45 4 108 54 68 32 13 15 48 108 124 101 111 101 43 53 17 20 107 57 66 77 124 76 57 83 83 101 7 44 11 89 100 15 61 35 73 123 61 43 21 4 26 93 27 54 36 3 54 97 83 105 97 93 79 84 66 64 112 107 70 78 12 56 83 11 52 5 9 85 74 55 76 43 34 51 93 113 72
56 42 126 114 57 28 30 96 61 83 26 111 98 91 72 15 59 93 54 56 39 41 5 49 100 123 125 18 103 121 33 78 80 32 20 88 67 21 61 36 23 58 0 34 82 40 106 70 54 46 47 13 26 66 72 126 40 112 48 60 120 38 63 11 22 75 117 95 53 68 27 22 21 11 23 39 5 121 82 42 66 108 13 41 107 3 31 21 56 37 6 69 95 68 39 45 45 106 27 77 88 49 107 24 68 72 54 71 94 39 7 119 78 44 67 91 10 15 94 5 52 121 6 90 76 42 41 118
47 109 117 85 89 78 39 37 101 69 27 6 0 35 62 73 122 80 94 115 118 82 57 74 114 7 109 12 34 24 27 82 113 49 62 94 91 124 30 73 74 104 39 100 57 85 22 94 26 46 95 31 103 15 11 78 61 101 77 52 61 13 78 11 71 30 104 87 61 98 37 31 46 90 78 99 69 13 24 81 5 83 121 122 31 9 125 0 69 7 98 49 38 75 39 92 51 63 9 77 38 37 99 86 111 82 24 21 89 1 41 113 9 50 107 54 71 92 8 48 87 56 64 110 116 4 41 77
106 119 3 108 83 92 85 95 119 119 53 60 109 89 88 39 103 82 81 98 83 78 16 81 39 108 107 12 8 6 35 50 54 84 39 100 73 108 42 95 36 38 46 46 116 42 22 39 52 113 119 58 76 67 115 114 115 3 76 91 40 10 115 101 60 112 74 50 65 5 8 102 73 16 62 3 68 16 106 5 30 35 46 1 49 48 76 113 124 78 34 38 112 38 91 78 15 38 23 72 35 76 104 67 77 38 36 80 82 41 107 70 47 92 13 4 119 100 95 29 100 76 58 21 59 95 76 116
113 102 48 8 69 50 31 73 28 23 1 96 25 18 108 123 37 14 32 33 63 7 109 97 22 120 18 104 96 8 53 34 119 114 33 15 85 17 34 109 62 81 38 7 20 95 25 90 60 77 111 65 26 102 126 45 114 99 78 42 17 9 71 88 8 36 48 29 17 17 12 69 92 50 9 28 75 60 53 63 36 125 2 72 42 77 104 107 107 72 123 16 37 111 101 42 42 54 50 12 102 98 20 30 21 86 3 77 78 15 43 73 73 113 51 47 60 64 35 23 3 73 67 114 103 90 106 7
94 28 12 97 0 29 24 21 76 92 35 90 69 18 72 80 68 46 86 15 123 98 11 33 49 52 19 73 95 62 78 36 57 26 50 98 5 98 32 76 88 116 35 43 18 26 37 42 9 105 62 62 56 20 51 50 103 74 117 61 100 107 84 46 31 84 34 110 21 30 69 49 68 93 38 63 60 108 65 30 109 2 109 96 2 106 7 73 107 56 97 105 119 48 44 13 17 66 12 109 54 126 54 85 45 125 48 62 74 12 24 32 23 120 64 116 52 93 48 65 23 53 73 119 34 71 35 50
34 96 37 7 68 7 57 9 37 54 121 113 39 68 113 112 123 19 99 16 5 9 73 86 73 76 84 11 122 120 19 64 35 46 37 107 13 21 96 44 62 114 54 21 54 79 41 115 50 79 123 31 57 124 117 42 109 107 40 108 26 75 30 37 18 40 22 39 118 50 37 104 100 104 62 57 115 85 56 46 5 86 111 50 124 102 41 74 24 43 85 45 123 55 110 66 87 95 15 82 77 58 113 12 12 97 60 125 83 30 101 21 104 39 28 122 3 15 95 93 61 113 87 1 96 1 115 36
83 25 97 80 48 85 36 13 125 28 99 115 120 59 90 24 103 51 76 126 66 64 7 82 39 4 8 59 77 27 118 87 32 78 87 41 42 85 18 6 69 18 99 20 2 84 62 108 74 53 117 100 93 26 114 9 88 69 95 80 57 82 91 87 67 111 18 76 58 45 91 4 48 0 86 55 37 100 36 95 23 107 53 12 71 95 22 109 95 92 116 53 119 102 80 42 84 50 89 32 48 87 24 28 20 107 45 94 2 96 15 40 77 60 53 91 72 44 70 104 54 40 95 42 106 94 49 14
85 118 102 8 61 85 25 94 16 23 13 82 51 108 75 29 76 67 12 73 121 123 53 18 37 76 69 23 100 24 98 10 39 58 105 25 106 40 50 100 113 11 126 116 42 48 2 34 78 9 45 45 101 100 29 33 67 38 30 15 57 61 76 109 57 45 121 96 106 18 91 119 116 120 123 103 62 88 17 106 63 96 69 38 61 28 78 85 88 91 74 35 103 123 124 44 32 70 87 29 92 52 19 78 56 63 51 44 57 115 59 120 49 28 38 41 46 120 94 126 64 107 23 117 85 109 69 98
44 26 93 101 56 89 120 123 92 25 119 50 0 113 73 43 7 36 38 46 117 22 122 10 30 7 49 19 67 81 94 30 45 52 23 84 17 110 112 41 22 42 81 89 21 81 13 96 110 84 3 0 124 115 25 50 107 121 71 84 45 7 100 28 81 50 5 37 57 12 44 108 47 67 72 7 116 97 106 2 110 12 39 113 54 87 9 6 69 81 7 47 76 88 96 68 76 101 59 117 80 16 39 44 28 101 3 54 88 120 74 56 111 80 86 55 121 22 14 34 73 27 104 23 30 77 13 50
72 71 48 108 55 74 46 35 79 55 23 35 21 62 2 60 37 55 45 85 57 102 5 7 32 64 2 115 50 12 41 114 14 76 117 55 61 8 34 103 70 30 95 28 5 104 92 58 113 72 17 42 57 53 91 77 9 121 101 94 59 24 17 53 87 11 26 13 115 121 112 124 45 116 7 83 66 116 114 13 41 44 31 83 84 56 109 58 39 63 54 38 42 56 106 33 21 123 79 66 100 100 0 96 110 94 21 55 92 17 47 87 80 119 100 116 81 45 34 123 121 86 45 96 50 99 119 55
110 28 32 109 112 109 59 125 94 84 66 49 63 1 73 90 37 62 116 4 55 68 58 63 99 7 28 11 6 124 104 69 54 76 100 98 10 61 83 83 100 122 113 120 50 113 39 108 10 47 53 3 61 22 46 111 34 116 87 124 108 33 62 87 98 55 51 50 83 50 29 10 115 58 117 7 63 110 74 17 5 76 46 56 81 119 31 107 60 16 11 91 95 100 44 113 68 17 66 58 0 71 60 93 75 42 44 70 62 79 72 52 124 10 12 10 67 85 77 121 10 54 120 98 29 50 62 47
105 1 115 93 15 52 26 47 118 23 56 37 73 61 101 83 41 84 80 1 4 23 122 121 90 103 83 58 92 85 35 27 50 122 103 53 117 67 67 63 86 9 36 119 50 109 74 67 83 22 88 66 51 29 35 82 55 99 71 78 18 109 79 39 72 68 115 102 6 120 13 42 20 97 38 41 36 41 48 112 69 64 70 80 79 71 45 125 75 3 112 119 59 39 74 76 23 81 40 46 36 78 93 126 122 69 115 32 109 0 53 87 31 14 41 53 106 27 43 47 16 2 115 93 110 106 21 112
1 125 108 67 93 43 20 91 118 11 27 13 48 118 37 56 83 60 3 101 0 33 111 84 80 113 59 115 103 121 108 45 32 89 82 7 45 42 9 104 115 39 60 36 62 70 91 71 71 85 19 23 113 71 56 66 57 126 92 40 68 36 21 28 76 10 69 95 0 93 106 64 34 124 117 53 96 10 41 70 72 118 91 97 96 15 101 63 60 125 68 38 80 96 94 74 77 44 50 48 61 25 56 2 79 117 66 79 117 74 42 75 34 105 59 22 38 80 18 5 37 114 20 36 24 53 26 103
102 114 121 19 26 15 6 114 7 84 12 21 93 35 60 35 31 75 57 14 62 19 59 81 68 30 10 86 14 90 44 17 75 72 36 112 17 126 35 116 15 109 66 123 31 38 103 71 48 18 85 11 115 100 82 59 95 25 73 64 64 57 5 31 74 9 120 91 109 80 82 37 45 66 24 124 8 73 125 71 49 98 122 84 101 30 41 115 76 19 78 76 116 7 100 43 117 61 4 47 94 104 62 78 53 22 27 103 115 61 83 108 119 107 118 112 89 16 101 121 15 48 113 36 100 64 117 87
66 92 4 100 70 123 120 50 104 14 88 55 54 46 12 40 18 108 37 73 82 65 31 114 45 74 84 119 7 71 54 56 71 31 85 59 40 8 47 46 80 32 99 39 58 102 11 70 87 123 72 26 19 29 103 63 10 24 108 25 70 19 96 100 33 84 102 32 42 111 28 3 4 112 69 111 93 126 49 43 110 61 10 38 21 34 32 67 7 51 56 49 31 52 58 81 101 124 53 21 22 40 57 12 97 54 43 29 41 51 16 108 117 10 27 110 116 53 14 125 73 80 86 54 93 80 73 101
6 85 98 85 93 94 26 12 29 89 6 26 23 106 109 102 68 117 117 29 66 82 33 83 120 59 32 123 25 54 82 83 57 89 36 33 74 68 83 66 19 6 111 27 107 42 12 28 62 66 10 14 26 59 97 70 0 9 97 47 12 46 78 106 78 54 11 18 63 73 7 80 124 47 1 39 57 15 66 63 60 89 25 37 65 96 2 98 114 95 9 116 76 36 28 9 61 57 31 79 96 74 79 108 43 120 56 10 11 97 70 16 126 123 46 87 6 124 121 95 47 78 51 117 9 29 63 104
73 53 38 24 66 63 21 3 98 69 59 64 37 49 23 59 30 65 42 12 0 73 90 6 59 71 72 46 79 107 46 125 48 22 36 21 105 72 82 81 121 116 114 125 23 9 31 8 51 113 23 120 121 32 80 90 58 16 72 78 86 76 71 90 50 9 86 67 105 0 105 86 89 20 0 104 0 51 22 63 115 71 12 92 9 85 47 98 40 41 86 59 101 40 84 25 31 28 51 24 71 96 44 65 121 12 21 37 82 51 120 97 49 78 49 117 113 48 33 108 5 119 65 112 33 123 25 81
93 125 43 9 80 76 85 56 90 1 61 78 113 74 117 76 23 105 29 102 86 25 76 93 63 108 38 58 74 26 41 67 106 2 51 114 98 83 88 107 58 109 105 106 41 53 58 41 53 5 43 2 50 47 91 43 52 86 116 63 117 49 121 90 1 70 45 122 17 25 28 117 22 74 22 71 116 109 100 73 40 113 37 112 33 120 69 4 83 80 53 35 42 51 41 30 23 109 73 28 95 33 3 25 7 5 16 67 80 97 40 11 1 1 78 70 24 65 34 104 8 71 47 14 55 58 60 35
63 109 87 64 41 50 71 66 111 57 5 96 75 105 78 38 78 97 43 70 76 77 50 16 63 84 1 81 81 77 32 20 35 43 19 81 2 65 123 24 53 91 45 124 73 62 108 106 82 63 71 71 85 27 46 39 115 61 27 87 46 52 66 46 112 101 18 22 40 58 31 56 48 57 36 60 114 123 125 100 116 50 53 76 37 54 85 115 114 125 106 113 24 70 34 23 115 24 3 115 7 57 5 54 67 94 43 125 14 115 41 59 39 113 29 46 52 49 27 116 124 101 109 20 38 80 11 96
3 47 27 124 38 86 112 105 41 26 44 85 97 19 58 94 124 84 1 110 125 29 126 90 45 81 101 75 18 81 107 114 23 66 46 24 14 88 37 92 0 3 32 102 110 124 102 43 47 5 101 103 26 33 117 1 71 42 77 98 120 5 81 64 52 57 114 20 113 74 66 6 47 24 8 29 0 89 2 102 20 36 3 76 87 56 7 28 121 112 37 24 9 34 105 22 18 55 34 26 22 30 107 43 82 54 77 7 93 93 126 120 47 2 112 7 69 78 101 25 39 101 76 48 18 73 51 126
46 21 42 67 76 64 49 54 54 10 6 7 6 12 32 56 80 70 74 12 126 48 66 84 96 41 124 96 40 20 79 32 17 36 63 83 113 28 12 83 24 48 106 70 114 90 56 23 111 23 95 88 85 53 64 47 121 101 75 9 54 74 13 73 48 93 83 79 102 104 120 62 61 36 124 23 67 38 98 114 60 109 78 63 74 22 13 85 12 66 67 23 101 17 38 95 74 106 50 92 110 16 16 31 45 28 1 107 90 62 40 21 110 30 54 24 105 115 41 96 122 15 39 87 76 99 11 27
114 74 120 73 29 81 100 34 98 80 90 111 75 19 21 26 24 30 37 73 13 50 1 70 75 117 97 10 7 4 28 45 40 11 106 59 39 108 21 96 94 4 27 41 123 107 18 86 91 115 80 81 26 60 89 59 82 126 112 80 11 71 94 46 105 63 63 4 0 118 43 72 78 90 7 99 110 80 14 48 122 92 53 18 2 31 30 105 61 80 77 0 89 86 97 38 100 0 110 82 77 2 5 81 63 63 18 82 107 110 96 121 34 91 51 17 50 42 64 38 18 40 82 43 46 62 10 48
92 40 85 70 67 98 28 39 103 65 63 40 115 108 14 96 87 46 107 67 113 49 19 96 50 110 78 7 69 86 45 24 70 56 11 51 3 111 23 74 95 91 23 54 48 67 73 75 89 37 78 48 36 42 1 46 63 38 69 20 107 18 90 84 47 113 124 102 61 96 20 115 42 71 113 107 35 72 87 4 71 93 69 106 107 11 31 114 119 71 123 111 70 32 3 11 99 102 48 115 1 23 3 25 97 35 90 84 108 93 81 109 53 88 104 124 88 0 39 80 59 43 71 19 73 101 14 94
32 18 98 67 110 5 64 67 3 12 117 126 53 35 76 71 92 59 58 124 79 77 42 12 40 8 17 43 9 2 1 0 17 120 44 122 62 116 48 64 93 122 76 36 0 57 82 87 13 76 113 28 13 7 49 50 86 119 71 124 27 106 17 57 89 79 82 39 101 61 61 12 93 113 60 4 101 113 0 125 15 116 111 125 111 122 45 121 48 35 64 76 2 81 76 69 121 43 34 26 104 49 93 15 92 29 99 6 92 118 46 87 57 52 117 102 12 100 114 4 20 122 117 14 80 15 27 106
22 63 37 92 11 43 83 75 66 104 23 14 28 103 76 1 105 57 100 34 8 116 40 107 24 26 22 78 23 5 7 38 121 95 120 78 21 102 26 47 126 12 21 30 49 69 47 105 27 29 76 64 63 69 95 114 69 122 83 0 119 53 38 15 103 106 11 114 55 68 13 33 78 48 124 53 118 119 9 32 17 122 13 37 12 115 15 123 53 32 33 108 88 95 29 70 16 53 124 124 121 79 5 101 52 61 118 60 51 110 61 118 10 107 50 123 105 14 112 93 13 36 14 4 71 113 38 83
15 119 24 68 21 21 90 60 114 36 24 99 103 26 20 33 80 84 20 23 58 119 37 102 119 100 45 29 80 72 48 124 79 44 123 72 121 113 17 126 44 91 119 51 50 13 82 81 85 114 102 13 51 24 27 102 46 84 36 44 33 82 37 31 119 101 14 61 81 70 58 40 59 122 91 37 24 119 48 28 30 17 43 45 36 37 65 31 51 118 100 59 44 30 68 63 35 2 85 33 42 74 9 34 54 86 35 91 86 75 33 32 3 66 44 13 18 25 89 79 109 125 33 52 123 96 52 15
36 61 122 62 110 7 47 2 95 96 16 125 50 10 19 79 45 3 47 65 50 111 82 27 105 74 38 5 30 111 100 69 104 19 32 124 105 49 98 90 120 66 17 40 99 23 40 121 92 92 108 97 57 66 12 4 125 54 49 102 122 2 83 74 71 86 111 6 90 29 111 16 99 47 59 87 42 76 113 25 94 39 36 110 59 68 54 76 38 59 11 95 29 21 87 9 58 57 1 93 0 120 117 85 60 79 40 16 57 1 19 6 2 43 10 68 117 83 105 30 114 17 89 82 45 30 55 23
81 89 95 96 53 34 45 75 76 16 77 121 100 89 115 61 85 51 40 96 34 55 91 90 82 117 18 2 105 7 118 44 70 9 48 89 56 19 9 99 58 11 18 113 92 77 13 116 70 67 27 75 9 107 118 98 0 32 79 28 54 114 88 51 116 45 54 75 114 11 121 92 62 24 13 61 114 27 44 39 51 13 111 106 16 28 29 74 55 48 85 123 4 29 29 26 88 23 43 36 44 89 16 28 101 53 105 17 99 4 49 115 107 37 10 99 110 69 38 27 24 35 23 35 42 119 26 123
86 98 118 117 48 68 121 78 53 67 75 87 106 22 96 80 84 45 76 77 7 102 59 68 85 103 34 56 1 105 66 16 67 120 115 69 104 112 95 118 120 51 74 43 33 8 118 88 90 74 59 21 91 26 58 124 50 114 4 86 55 5 70 3 0 48 90 41 96 25 80 118 36 116 103 70 61 106 62 8 90 30 17 12 4 23 27 79 14 56 67 62 36 50 29 43 94 31 102 106 23 67 3 31 102 31 86 78 120 113 49 76 19 79 6 34 75 84 79 110 3 87 72 29 74 103 25 111
43 61 77 1 88 30 89 29 0 32 73 96 94 65 43 58 92 121 49 55 116 88 73 12 108 4 115 27 18 70 62 18 8 23 56 6 42 46 24 14 34 76 54 69 92 119 46 5 75 107 89 65 103 116 42 37 23 39 37 94 45 29 46 95 55 115 3 80 109 37 93 117 63 31 120 19 112 53 113 62 6 53 48 4 103 6 90 117 71 61 1 114 3 92 8 41 0 60 6 110 30 32 8 82 0 103 66 29 65 81 66 17 62 75 111 81 102 83 125 118 116 63 75 65 53 94 78 11
49 68 76 6 85 41 126 19 102 2 45 45 58 73 104 21 122 114 56 54 52 120 83 57 0 54 96 16 15 2 93 87 38 2 59 101 35 6 41 125 70 2 56 114 77 89 53 104 119 91 55 61 24 83 44 71 13 65 73 48 50 31 70 60 12 12 36 124 89 49 6 20 68 33 62 103 40 107 7 67 4 125 38 106 114 88 58 22 85 27 15 28 3 40 33 62 40 28 54 110 110 2 107 96 37 87 111 4 110 110 80 56 94 35 49 32 99 35 119 51 38 46 98 3 105 72 46 54
45 83 119 42 83 65 70 70 89 61 81 43 87 3 57 72 115 76 123 13 76 59 109 59 18 96 21 71 113 64 1 2 33 39 110 75 2 118 94 3 80 122 94 87 32 22 105 93 86 87 78 126 32 25 124 105 24 123 94 104 51 56 106 55 119 92 17 59 118 72 101 59 104 59 25 13 6 54 36 93 72 4 83 75 81 56 54 54 48 82 56 46 100 17 114 112 28 3 57 122 18 121 56 80 96 63 109 2 100 55 20 99 62 114 7 46 14 3 107 81 117 20 70 118 20 77 107 6
102 74 63 35 31 40 126 71 12 67 45 3 42 38 6 66 99 70 47 114 7 80 60 72 109 90 76 35 100 71 71 23 29 13 8 52 124 59 94 111 74 61 94 10 20 123 119 95 3 98 37 91 89 34 97 103 83 72 93 18 51 97 5 55 109 40 119 65 74 59 125 118 21 104 25 108 39 26 124 3 125 53 1 53 17 96 56 50 81 64 107 110 10 82 46 126 29 110 6 98 54 38 23 71 5 86 10 119 0 8 112 13 90 90 7 86 123 10 79 111 23 87 5 18 107 79 47 16
26 110 92 117 121 92 110 6 66 19 43 105 26 55 63 102 113 65 11 126 99 29 95 12 125 79 7 24 70 80 32 99 50 92 93 21 42 115 52 60 73 55 75 124 30 41 61 123 88 8 118 28 117 108 59 19 1 56 32 53 25 48 46 71 50 36 3 119 18 81 5 60 104 116 123 28 23 3 45 20 63 28 37 19 115 37 87 27 68 30 89 41 90 7 58 82 9 105 96 0 107 122 69 52 20 17 110 8 122 29 93 94 85 63 122 113 101 15 9 103 110 98 46 54 104 26 40 122
17 37 63 29 37 117 54 122 12 87 110 86 91 80 60 10 68 103 117 36 47 121 59 78 42 2 27 40 39 39 14 94 22 117 0 53 9 124 119 119 64 102 35 92 57 99 12 35 120 83 124 87 13 53 108 95 16 71 46 55 118 97 104 85 120 65 8 108 6 62 117 73 23 31 52 59 105 67 91 44 54 65 5 120 100 104 104 113 46 81 63 48 47 73 106 10 79 93 101 18 118 53 102 107 89 63 17 57 39 21 78 107 77 41 42 114 120 82 41 34 5 126 18 95 92 126 86 71
51 86 117 70 67 68 33 115 21 41 25 37 52 43 114 81 95 87 30 79 13 105 58 126 87 72 100 89 38 28 85 107 2 122 38 103 63 111 47 18 69 117 26 105 87 94 84 50 109 104 41 85 8 108 93 17 78 90 80 21 51 25 56 77 49 92 125 113 64 119 126 60 113 90 73 12 111 19 100 39 96 51 62 68 108 117 40 44 60 70 67 112 89 25 32 61 11 96 62 106 23 119 98 9 22 112 11 21 88 20 72 101 16 17 44 46 24 27 5 67 54 1 107 125 84 73 84 84
26 105 34 88 43 1 126 115 81 35 26 22 28 10 102 62 55 50 116 38 2 126 56 84 5 84 0 111 27 28 82 11 60 12 54 116 29 3 47 80 29 88 50 72 57 94 118 79 72 117 4 53 75 116 28 25 69 121 122 41 21 10 58 65 67 8 22 7 5 102 122 90 2 107 60 49 42 44 50 53 110 60 72 113 34 85 95 21 56 4 102 118 46 29 118 122 115 88 24 22 59 68 75 23 73 8 98 64 77 71 56 15 101 65 97 33 19 57 76 76 58 75 38 21 126 18 21 20
114 96 103 59 68 120 86 22 107 21 89 82 47 111 19 39 87 90 102 79 46 76 44 82 24 32 85 36 49 30 88 66 87 35 17 54 4 9 80 17 78 63 59 60 49 101 52 54 110 95 30 65 70 111 118 28 82 72 125 32 53 27 89 36 61 17 99 41 0 119 118 7 90 118 70 32 46 11 44 10 121 31 20 7 48 104 63 22 75 81 123 77 95 116 52 71 123 93 7 113 73 67 77 34 73 59 63 12 116 100 62 31 50 7 8 57 118 2 7 114 83 82 98 33 76 99 107 100
31 92 57 20 79 24 37 112 49 103 124 95 0 84 93 38 82 68 63 104 21 31 75 72 113 90 61 113 107 29 50 29 84 15 68 46 121 6 19 65 102 104 43 40 23 61 8 18 41 61 93 89 60 37 80 14 71 115 100 10 44 41 88 18 29 83 66 28 84 17 5 124 25 5 13 68 56 5 45 76 57 76 73 68 91 107 15 7 45 88 28 56 91 85 74 56 81 97 50 43 88 32 74 55 25 54 60 68 71 79 23 112 8 58 1 113 50 40 98 97 82 80 43 68 44 83 86 119
23 54 121 69 69 75 96 51 40 120 24 68 116 35 43 62 13 86 71 88 109 89 105 106 107 57 87 69 109 113 65 118 66 107 24 105 68 36 6 62 44 97 31 53 3 108 73 76 71 27 65 96 2 22 115 107 98 63 103 16 14 100 87 81 56 47 106 59 123 33 106 72 75 60 80 61 44 11 113 41 44 96 45 87 70 43 35 51 64 46 64 34 69 72 117 58 14 99 48 109 50 118 75 28 81 21 66 60 10 119 19 0 48 74 70 100 86 29 84 5 36 90 116 37 65 124 126 115
32 3 14 103 39 66 109 2 76 115 55 124 0 112 113 4 106 94 82 89 66 5 35 60 44 82 23 124 104 17 21 51 58 26 34 43 2 38 73 55 119 124 120 65 52 79 80 112 22 119 114 97 29 104 52 117 95 55 63 63 59 76 15 119 96 107 108 121 63 82 49 105 95 93 61 89 62 125 101 38 15 71 18 113 106 15 85 74 73 68 47 104 86 27 67 73 37 12 100 9 85 112 12 59 93 34 57 120 67 45 13 99 1 48 35 99 30 64 91 85 111 72 121 81 30 38 49 82
12 78 50 102 123 1 1 84 43 92 117 19 8 116 13 99 48 84 56 85 10 45 48 15 75 121 30 94 17 18 15 101 81 79 96 6 94 8 78 46 62 4 94 85 95 33 25 11 29 18 113 50 46 27 19 5 38 125 68 113 53 47 73 25 18 11 50 29 114 119 34 116 49 42 51 87 38 106 78 56 77 76 27 121 94 101 116 20 46 45 12 121 105 112 109 3 68 101 120 102 114 58 47 112 56 83 54 0 121 36 111 45 109 72 2 18 76 40 8 55 78 42 117 38 5 122 70 122
28 62 59 88 54 117 84 31 82 97 102 41 89 101 19 84 17 25 89 126 14 14 62 22 70 116 104 76 103 118 6 29 5 10 111 48 62 5 86 57 103 2 116 75 73 100 24 52 94 93 1 51 52 108 90 39 22 105 17 78 28 75 64 126 111 61 23 53 60 74 43 35 120 13 106 3 7 26 36 111 121 35 95 91 53 111 37 80 59 57 117 46 86 73 125 119 79 94 29 102 47 79 39 78 0 109 31 48 85 79 93 80 101 119 84 18 85 94 35 124 39 2 104 48 37 53 80 80
17 58 32 104 11 16 109 82 107 44 14 105 64 117 11 82 30 46 74 65 32 28 122 83 13 18 11 46 43 121 21 43 43 47 71 57 93 36 119 101 85 112 101 117 35 54 68 80 65 68 104 12 92 107 88 72 27 68 54 50 9 78 98 95 9 109 94 123 108 88 79 88 22 10 88 1 57 15 16 120 88 107 33 4 28 30 68 120 86 110 100 61 121 38 125 17 122 67 42 75 87 85 58 106 110 30 19 61 124 45 43 88 21 58 53 66 104 93 73 37 108 124 78 5 75 13 93 82
88 98 91 16 44 81 77 99 39 105 70 108 0 121 72 7 121 70 63 55 114 28 37 16 108 9 43 46 24 64 56 19 18 11 67 117 45 51 46 56 126 30 13 13 4 14 99 71 30 65 80 79 70 46 105 47 126 46 126 118 37 10 74 100 119 52 18 41 53 95 115 40 106 63 65 102 98 26 30 101 39 91 32 81 27 49 0 68 74 49 9 31 114 11 48 33 33 101 94 88 40 80 68 68 47 9 73 38 67 10 108 9 85 39 13 26 100 119 48 83 49 54 68 73 33 3 109 65
91 51 8 79 93 5 77 5 111 66 121 116 11 121 75 3 32 13 71 116 125 77 121 5 109 6 34 58 85 61 40 71 59 123 116 62 84 63 119 114 106 53 34 120 82 23 50 6 43 46 44 3 22 81 73 8 107 103 26 76 115 16 116 7 112 68 31 106 117 96 61 116 30 17 48 100 58 104 115 20 49 12 66 2 61 110 124 28 124 113 4 107 7 69 45 89 42 125 10 111 25 61 47 4 17 98 106 35 100 71 37 55 77 64 75 28 1 70 32 111 78 53 22 101 81 60 22 68
23 89 47 85 73 48 21 100 110 22 78 121 37 39 124 118 4 62 101 15 122 27 82 57 83 64 76 114 45 111 7 114 89 19 15 48 40 98 91 27 0 66 65 126 35 121 58 114 53 58 122 60 14 61 38 54 111 13 71 108 21 101 103 79 67 24 69 108 67 47 9 110 6 71 122 2 41 79 29 96 100 69 21 107 123 74 99 79 109 116 31 112 70 23 126 99 67 63 60 106 123 41 113 92 55 45 56 122 13 106 20 109 13 75 27 51 25 39 53 1 31 117 109 37 34 66 46 36
93 81 84 93 119 87 57 89 109 67 40 44 69 15 13 39 43 23 58 34 64 80 70 12 106 109 52 77 13 8 80 56 109 30 38 76 86 53 85 21 91 93 113 66 13 121 99 125 40 15 72 44 26 72 114 124 90 59 57 91 8 30 74 77 11 51 52 104 85 88 95 31 19 78 60 95 120 13 47 91 79 101 96 36 111 67 85 122 5 119 17 5 94 120 45 115 97 115 66 55 94 5 24 111 58 114 1 34 63 28 126 43 69 9 13 101 70 67 40 50 66 113 104 40 3 103 96 48
62 115 91 53 105 97 55 34 10 103 29 116 44 30 106 111 115 60 28 1 54 118 58 115 3 36 57 65 88 113 109 114 123 16 59 119 94 93 19 28 69 41 108 92 66 20 124 27 88 97 45 28 18 126 30 44 25 21 51 106 111 67 63 4 91 102 40 4 66 119 26 45 108 13 119 72 44 29 21 110 27 29 108 105 86 9 107 68 17 119 18 20 25 47 104 54 5 110 66 29 13 16 4 77 43 60 20 114 108 3 42 8 115 115 4 25 71 32 24 26 7 52 43 1 110 29 26 104
71 107 50 84 121 93 41 82 51 96 115 48 125 72 9 35 50 112 37 41 73 11 20 37 76 116 117 5 28 29 10 79 94 72 82 10 114 73 68 72 34 117 22 101 125 37 71 57 17 67 65 9 79 115 6 44 20 59 98 69 29 120 120 27 87 34 38 28 15 70 67 101 122 4 122 45 111 36 33 74 31 106 72 96 51 7 120 15 105 5 114 20 3 47 113 121 109 56 119 7 88 79 86 93 37 10 57 49 79 77 121 96 1 89 27 4 64 57 92 115 52 97 53 72 63 24 85 102
114 71 60 9 28 44 45 120 91 26 1 16 27 95 112 44 4 65 80 13 126 11 116 79 11 23 50 18 13 115 11 96 93 44 82 37 100 7 3 37 124 3 4 71 95 71 23 50 70 117 106 78 23 89 61 10 14 79 1 82 92 31 120 35 13 122 119 48 3 40 66 49 13 108 9 27 25 117 103 18 99 116 84 123 4 30 76 69 107 69 97 86 110 116 126 26 4 52 22 2 4 28 122 83 116 16 40 82 66 9 64 41 95 101 47 48 42 27 60 30 5 93 11 113 112 9 46 22
45 12 117 92 89 56 3 110 53 95 98 66 38 3 81 38 77 84 82 56 38 80 113 76 68 10 86 117 107 72 0 91 4 31 53 121 100 80 62 35 94 35 8 31 84 87 80 97 119 99 33 87 48 41 110 88 86 64 93 20 93 34 96 17 52 43 86 78 13 30 120 38 100 41 118 28 35 23 102 124 4 113 126 112 108 59 122 118 68 111 75 91 45 86 101 97 49 53 19 48 73 4 110 29 50 32 33 24 98 81 104 11 100 46 58 91 124 123 89 87 68 34 64 87 118 77 32 47
111 115 36 88 118 119 55 55 15 108 8 30 63 80 36 78 111 73 46 5 68 118 93 88 31 83 49 24 124 69 39 102 21 62 45 36 33 4 62 63 113 105 43 74 21 121 32 39 18 85 67 87 45 38 5 28 0 90 91 12 46 27 72 36 56 43 65 55 50 109 56 10 20 120 55 56 52 53 11 19 98 33 106 121 114 37 77 108 4 68 8 67 103 27 36 46 98 120 123 91 109 104 59 64 103 56 49 125 105 105 53 125 47 9 89 90 62 72 35 65 86 70 20 32 22 57 115 96
18 124 21 82 22 45 97 4 35 11 57 36 37 4 3 109 52 34 50 86 45 117 94 78 46 116 57 117 24 85 4 124 39 118 9 113 47 104 93 19 116 123 47 10 95 88 31 64 68 51 69 66 9 17 8 49 99 36 21 90 96 65 90 3 50 26 7 19 123 43 111 65 40 17 9 41 38 51 43 97 27 82 111 16 87 95 84 87 120 123 0 124 69 21 56 95 108 86 116 102 42 71 3 45 74 70 51 101 122 53 109 116 67 54 73 73 59 34 122 37 84 33 54 38 25 105 117 86
72 114 32 39 39 8 21 29 77 99 77 59 102 79 55 44 36 35 11 16 107 11 60 103 4 108 98 57 8 21 71 102 77 111 26 119 103 101 80 9 49 111 38 33 24 109 27 48 54 14 109 88 50 13 111 32 120 91 98 31 54 100 23 32 99 92 64 64 35 0 1 7 118 21 123 86 74 12 5 88 13 15 85 62 96 96 72 100 65 52 120 45 6 38 67 11 30 121 27 27 2 122 64 61 47 5 24 33 52 120 57 76 34 113 100 46 110 40 74 86 71 73 104 116 65 99 36 116
57 81 15 99 78 89 74 75 13 43 94 23 33 83 80 123 108 91 79 100 47 61 56 77 77 120 71 49 52 57 119 7 92 74 40 66 39 85 92 95 33 17 79 51 51 103 27 4 10 86 106 44 111 34 50 13 96 69 114 55 98 57 100 54 110 7 112 100 1 16 94 102 55 26 56 90 97 100 26 104 85 38 41 102 88 14 122 54 76 7 5 5 121 117 47 126 56 121 53 77 0 35 21 111 73 66 72 124 58 64 14 101 109 100 19 32 64 46 10 105 3 98 123 15 114 90 27 43
70 75 61 48 56 0 10 48 12 70 115 16 111 14 65 110 70 126 35 124 49 19 27 5 49 89 89 106 65 30 78 11 84 100 44 59 15 34 28 25 29 53 46 10 117 115 105 125 98 6 102 123 64 34 70 106 13 22 26 93 117 13 4 58 115 83 49 23 96 28 22 42 65 6 75 107 7 67 83 60 36 98 73 81 68 4 6 84 109 13 41 2 121 97 57 14 73 73 92 3 101 104 109 71 21 64 124 27 44 99 82 21 79 12 97 6 82 1 76 116 66 30 85 26 16 0 115 81
121 55 66 17 126 88 75 26 56 7 22 58 19 40 119 89 67 37 114 1 61 98 56 101 61 57 102 83 46 52 38 48 75 15 69 106 11 9 121 11 108 49 51 75 89 30 56 50 96 39 112 9 122 15 66 9 47 79 93 41 108 3 73 57 109 59 51 86 69 61 33 28 92 10 77 14 76 80 100 25 14 77 31 109 17 53 107 0 1 52 121 113 42 26 118 100 82 64 47 79 31 7 19 77 71 22 64 88 74 110 111 79 6 10 31 81 69 106 106 117 65 123 5 90 94 48 10 20
43 0 108 67 111 26 112 4 19 9 47 58 26 119 43 2 110 82 80 105 82 84 124 125 16 108 27 29 101 121 33 106 110 16 115 108 86 97 10 30 84 49 73 36 36 102 81 6 62 115 4 17 62 42 94 100 32 49 53 10 115 32 92 35 12 125 123 52 66 72 49 31 85 8 47 80 4 6 48 62 76 76 94 20 73 116 4 63 29 38 50 60 52 57 19 33 110 11 1 58 49 60 55 93 61 92 26 74 16 79 106 112 65 101 40 11 11 92 79 67 61 8 64 72 120 111 70 96
11 51 74 4 13 10 22 44 17 34 75 48 93 120 76 25 49 67 78 32 82 35 126 89 85 83 25 120 112 8 62 109 79 49 28 77 123 101 84 96 125 33 99 30 26 25 25 76 106 91 86 32 75 41 30 90 50 83 43 35 98 53 36 111 119 105 119 96 65 121 49 73 78 46 86 117 6 108 97 71 100 126 37 74 97 18 80 115 85 77 54 99 84 48 30 81 79 87 24 119 115 48 110 117 2 67 117 117 24 47 124 98 15 93 38 123 114 65 23 71 111 71 59 108 8 79 31 108
22 61 61 75 41 44 78 41 88 5 109 8 66 21 77 125 111 121 57 5 87 108 23 93 116 112 84 97 12 10 50 1 25 18 4 91 72 54 27 114 22 78 2 39 18 4 125 82 37 54 54 65 107 13 67 120 24 108 117 13 47 14 2 82 63 73 4 15 110 52 36 6 90 5 2 60 39 51 73 56 52 3 46 93 112 79 99 114 90 10 126 57 115 71 112 1 47 81 71 97 79 41 108 54 57 6 101 83 61 34 64 50 27 57 61 15 23 24 114 24 101 91 18 57 118 18 102 106
103 62 107 95 0 90 103 93 31 125 14 117 111 57 16 123 123 96 79 13 126 17 79 78 119 87 6 48 114 65 64 71 66 42 74 16 111 124 82 64 60 24 25 83 34 15 123 39 57 51 99 124 89 93 120 59 60 28 119 76 27 54 10 42 46 64 0 27 62 68 74 60 29 48 12 86 116 102 23 72 53 68 45 84 4 108 69 121 58 16 20 102 43 10 63 23 103 86 92 122 106 74 32 100 107 61 102 23 28 58 46 50 38 107 92 65 4 53 65 24 20 4 78 34 102 58 108 69
8 38 78 37 40 63 47 67 56 15 4 15 13 117 87 94 31 91 25 38 17 92 46 120 14 40 73 73 63 86 52 23 79 19 124 2 8 11 96 97 126 86 92 8 44 12 82 49 31 40 95 48 79 113 33 52 38 23 51 42 70 62 105 1 79 76 91 80 14 56 62 105 83 33 80 5 125 73 5 111 31 14 20 103 10 17 106 115 18 29 96 65 44 101 115 34 32 116 111 91 1 6 45 70 43 119 78 58 44 89 99 46 54 1 81 28 55 38 0 100 78 73 41 125 96 36 6 26
24 4 44 19 1 29 71 108 41 31 11 66 92 28 57 66 108 99 45 112 74 34 99 78 108 28 70 122 69 58 116 37 43 124 95 104 6 3 15 123 75 87 14 48 92 36 54 27 5 105 112 11 104 121 48 19 95 9 99 22 69 67 60 92 31 26 94 40 106 101 119 95 52 36 105 15 29 94 95 123 62 63 89 96 91 63 89 6 94 11 61 74 111 2 3 29 1 92 94 113 69 114 38 69 53 99 2 84 95 59 118 26 43 109 97 16 11 45 34 27 93 36 40 66 114 84 106 119
63 121 55 84 58 113 5 31 89 103 69 60 43 55 41 42 56 2 18 88 8 48 117 4 56 98 53 9 39 22 62 91 19 116 16 117 61 107 17 103 77 14 34 92 19 15 11 99 35 70 4 55 93 112 30 0 37 96 90 5 20 85 77 44 11 8 70 76 82 62 83 85 46 89 18 115 66 109 56 109 104 21 8 72 83 45 1 62 5 40 111 61 46 11 85 108 94 3 42 56 126 76 93 115 75 61 47 38 117 100 121 58 44 118 58 70 47 56 126 73 21 71 6 122 21 107 67 8
7 22 88 125 52 68 96 70 12 126 65 20 119 98 24 1 25 92 90 109 17 114 11 36 116 91 71 120 17 78 76 110 110 61 81 89 40 45 69 63 7 34 50 96 16 65 97 89 58 25 48 7 125 31 62 107 47 57 111 81 62 78 84 107 84 63 109 95 113 81 45 117 44 29 45 31 78 113 93 83 45 41 98 38 13 81 53 17 98 0 111 98 40 15 98 83 87 9 68 78 18 2 12 59 92 54 64 63 20 6 84 27 47 80 87 15 78 46 76 51 67 51 117 121 71 78 42 17
105 42 108 86 26 85 118 41 95 51 21 82 27 66 60 48 26 96 68 66 13 4 87 56 46 75 100 116 64 108 113 21 122 67 60 61 101 55 103 63 47 99 99 119 11 98 120 118 60 99 19 94 100 79 22 125 51 2 62 0 111 66 106 117 88 63 10 78 23 78 116 71 102 124 1 55 50 34 49 76 31 34 38 117 58 58 121 67 78 87 109 36 26 37 98 126 13 69 123 104 109 21 83 45 9 19 97 123 27 66 114 118 48 97 2 110 4 84 102 109 101 53 111 105 62 8 84 92
31 113 87 90 77 113 76 51 41 93 117 33 7 55 90 118 52 87 113 74 9 47 105 2 83 39 120 91 82 104 42 102 1 32 111 52 90 67 46 51 88 59 76 8 104 44 34 87 83 43 101 117 118 101 23 74 52 10 118 5 107 93 6 29 7 31 64 18 122 7 11 83 39 57 104 26 104 56 13 62 48 97 19 98 19 10 68 59 111 21 50 29 13 83 63 48 95 14 65 45 88 58 11 107 82 87 44 79 19 26 47 71 19 92 89 1 24 96 4 61 36 106 115 90 57 70 96 30
42 125 53 27 68 74 113 105 9 25 119 14 48 18 27 106 20 74 109 91 28 62 106 94 108 69 78 69 28 11 11 79 20 41 24 16 103 97 45 0 122 69 107 60 25 38 16 93 73 118 49 1 24 111 4 10 88 29 81 92 110 65 118 55 29 13 46 81 50 75 83 12 38 55 45 5 124 26 72 70 95 116 98 70 66 78 0 114 4 88 55 15 45 20 50 90 50 4 101 105 65 61 118 122 51 95 112 103 12 14 59 11 45 69 103 11 32 1 60 76 94 103 4 115 75 96 34 59
34 36 53 117 125 15 27 105 120 77 23 61 85 36 13 91 7 50 110 7 97 92 46 47 66 87 8 120 63 35 37 64 105 21 110 110 68 82 26 92 70 126 56 13 71 88 17 33 36 120 62 58 94 93 116 84 10 69 59 61 86 62 37 107 112 69 2 61 80 40 48 25 17 12 66 90 105 14 43 45 60 28 75 97 50 24 14 121 53 91 13 103 74 88 39 62 109 40 118 21 20 35 71 118 2 84 65 69 104 87 35 11 79 13 30 62 7 57 63 119 34 57 69 101 16 117 85 103
12 62 33 61 126 58 26 110 32 103 121 51 84 123 87 65 38 73 119 122 12 47 126 59 66 46 91 79 44 78 11 44 81 36 35 82 85 122 64 100 19 40 53 66 102 106 99 67 10 7 83 39 27 114 86 12 110 122 63 84 81 45 2 52 29 32 45 31 10 103 21 77 55 112 108 16 108 23 91 46 18 75 18 118 85 118 23 120 125 24 57 76 84 49 96 53 49 77 101 100 10 121 22 34 17 20 38 102 9 8 88 95 50 52 65 95 39 36 72 116 80 64 85 20 27 71 38 76
72 17 1 98 30 95 11 61 13 27 41 93 117 22 112 99 3 119 95 14 122 57 40 123 121 66 1 83 71 15 121 88 51 79 53 104 64 12 24 98 31 20 12 40 101 0 53 89 31 36 66 125 16 36 76 83 66 116 110 45 30 53 123 2 66 27 41 72 71 122 8 31 105 99 1 111 74 66 115 15 84 16 48 66 11 101 32 96 43 89 57 66 1 12 3 79 5 83 119 108 57 13 48 6 20 124 72 91 0 45 32 60 49 110 51 121 8 25 106 125 75 38 52 76 31 6 96 112
63 76 17 42 115 11 70 63 53 103 17 50 78 69 69 41 119 39 8 53 114 96 121 55 52 79 35 87 26 117 112 23 114 37 28 22 80 15 47 105 119 71 106 43 44 38 29 91 119 53 40 109 121 55 47 71 126 59 83 3 23 52 48 58 61 72 42 26 16 5 9 102 123 31 14 27 28 34 86 105 53 16 30 67 18 41 46 70 27 77 15 53 25 50 56 110 109 15 60 7 91 104 9 105 28 93 47 30 12 108 116 42 31 8 52 54 112 110 111 97 20 70 65 34 16 0 19 86
102 121 53 99 126 24 80 13 45 54 28 21 70 54 52 116 60 60 75 21 66 34 56 36 121 48 105 59 73 11 96 114 15 97 9 87 73 86 88 2 63 50 66 90 99 58 64 89 122 123 92 31 65 119 71 44 2 56 1 104 30 88 6 6 58 57 50 52 8 73 103 16 44 95 72 107 80 92 0 31 38 98 67 33 44 123 84 123 46 71 47 6 45 47 82 12 46 112 91 36 12 20 74 126 65 7 101 38 28 74 118 63 61 62 32 31 56 44 112 13 116 120 54 5 58 53 56 115
88 36 18 30 62 29 92 87 92 83 117 88 35 59 66 22 102 93 86 62 124 14 53 76 22 77 5 65 111 50 104 20 48 92 67 63 93 67 83 39 6 62 73 53 34 82 41 90 107 7 96 120 92 90 20 28 99 11 36 18 79 7 26 82 32 32 32 39 32 35 100 14 2 70 9 103 90 51 40 7 123 30 104 94 29 36 62 52 39 100 106 58 11 78 122 49 7 20 9 3 71 61 15 87 119 58 89 74 54 55 91 51 114 89 27 74 120 106 106 53 63 77 96 2 95 52 107 54
81 60 113 41 8 117 97 105 77 83 59 114 38 116 78 11 50 123 75 1 18 5 125 1 96 51 0 17 63 23 16 23 13 98 78 53 70 116 103 125 120 61 12 110 76 96 31 32 7 122 49 84 34 109 62 51 107 96 84 107 92 88 57 13 93 41 99 25 109 8 109 94 21 91 105 2 89 23 102 71 84 39 101 91 61 102 111 125 109 94 13 117 12 9 97 107 19 69 3 80 12 92 38 101 97 12 113 86 58 11 4 96 120 76 90 46 111 82 109 22 106 88 103 105 7 66 111 91
4 58 30 11 104 30 113 113 10 83 42 103 39 4 38 5 113 105 25 26 12 58 14 115 110 87 88 34 80 15 96 8 82 86 4 21 76 89 111 9 71 92 80 64 86 91 121 68 24 71 41 56 16 40 79 101 98 94 24 26 112 91 114 10 97 88 91 83 34 49 88 89 74 8 17 98 84 74 58 41 3 80 41 120 109 2 48 51 79 46 108 90 84 8 68 39 85 16 29 7 95 108 77 43 74 18 42 38 118 25 57 37 117 37 60 106 16 99 17 32 62 77 79 24 4 39 64 13
105 105 51 23 3 83 124 64 6 43 50 13 16 57 3 94 38 61 79 83 68 61 80 95 98 7 16 34 71 72 69 118 102 107 77 103 26 52 83 28 82 68 91 103 68 22 70 54 48 20 114 37 7 12 30 27 88 24 122 33 38 58 1 48 15 69 116 74 44 67 60 7 71 18 29 51 126 44 125 111 9 27 41 42 2 98 53 94 74 72 19 50 51 89 15 91 37 45 59 22 20 66 86 1 78 69 124 99 108 56 123 14 125 111 104 14 99 89 124 53 82 84 61 33 37 13 76 91
21 17 100 88 39 94 49 60 80 73 69 102 64 78 48 103 9 121 125 33 43 30 17 96 119 40 18 90 107 101 78 54 13 100 121 33 38 7 25 36 29 36 11 6 53 90 19 24 69 13 65 107 68 46 113 104 34 13 126 111 72 36 121 102 51 61 107 108 4 21 121 82 15 80 35 44 116 23 39 65 64 40 5 82 85 116 54 31 48 56 19 112 58 25 96 125 81 54 81 88 85 45 24 97 65 45 53 46 46 93 91 116 70 42 17 45 10 65 105 7 106 30 43 0 121 44 124 3
19 107 106 22 38 90 84 27 101 112 66 46 6 28 85 117 105 101 71 23 49 72 24 89 101 92 64 37 90 92 63 15 83 35 13 68 63 113 5 82 123 74 8 45 47 90 89 76 126 7 49 84 95 78 55 36 16 124 91 87 115 124 120 22 59 8 92 54 18 27 88 53 95 91 86 119 123 49 39 67 97 71 5 35 62 70 48 61 101 4 30 45 82 101 103 118 53 93 105 109 31 21 124 98 69 21 7 109 20 79 42 43 113 15 67 53 38 15 94 105 92 34 94 4 35 74 38 39
