32516 30786 26684 28174 33707 35984 34293 27103 35007 35851 46487 35690 45683 49961 43224 41455 44024 38389 40694 37042 35674 49857 45682 42270 49226 42219 48822 46730 44187 41529 44187 36427 43953 49693 51499 38795 36581 46262 50195 44729 46098 50216 54758 42743 44129 49033 51741 49404 43910 37485 36407 42291 42383 43879 42187 42199 50175 51906 33732 29015 22765 29871 37016 43298 43408 40180 32395 39413 35332 29657 37016 28877 38361 39046 40139 45828 58943 40963 35921 33190 39411 42682 47622 40978 34076 37941 29959 42691 53117 51958 47957 53393 43131 39519 35053 43978 54520 41493 43478 36650 44099 25584 17424 24146 38753 41038 43463 56905 62192 54639 25145 27235 50485 52272 47504 44318 41005 31426 29706 30184 36850 38025 43259 46396 51606 42573
44500 31383 32014 31624 39627 39413 34132 34223 34728 41662 45125 46276 38575 52313 48437 35692 33777 38908 44870 43424 47138 45609 54599 57119 40117 42397 45626 44944 36747 35983 39762 41311 50544 58766 45785 38772 43724 51813 39331 38291 40214 52118 44997 41331 37893 48340 48464 45115 31342 29787 31060 44649 52742 45769 30310 30070 36798 39606 37029 35287 33940 31367 38883 38283 52793 37927 32753 25665 34292 28860 30370 32208 26534 41699 54956 49420 52539 48597 40696 43271 44017 48869 36656 41836 37566 34269 31824 38751 41225 49434 55063 39808 46176 36251 46777 52443 46614 39586 41550 54675 40283 24944 20192 24580 26232 47690 52506 49519 54875 50924 41768 33381 50234 50249 41883 37848 36477 25138 27763 31002 33811 27474 32764 50558 50423 40874
41654 26444 10144 22363 27250 21252 35130 37624 43111 53219 50229 56650 44763 41074 43761 27716 20511 22839 32296 45503 34324 36153 46381 51281 56181 40632 28574 35169 38923 44060 53297 61770 63503 64819 44374 47247 57313 47704 54838 43513 40144 44438 49014 38827 44583 48173 41561 31636 27772 28069 46921 50476 56293 35210 28099 25570 33715 40702 41789 44809 42559 34119 37762 48743 45966 37201 29504 22266 17732 32760 34879 34619 36231 34671 42677 48345 44685 50353 47323 38353 36420 26159 33008 30365 41503 40521 30095 31553 47510 52193 44086 47388 34283 42378 31586 40293 43370 37363 43323 45707 38389 29103 24862 31576 35792 42252 38861 42413 38644 35489 30379 34198 40981 42720 43976 42061 40811 25076 28028 39842 43107 38876 35768 44896 43570 51913
39065 27515 27142 31441 36049 38050 31466 34346 29040 39846 50887 44099 45475 40598 41229 30357 25928 33743 40182 43861 39776 36610 51773 61083 51721 46934 38516 33584 34116 40658 57810 65106 66091 54356 48527 42210 49344 52676 33064 37939 51402 47738 47734 49814 41313 43057 39860 29911 24295 21179 43810 49450 45006 38712 28698 28346 30264 29867 40966 43610 37432 39952 32919 44126 47039 35211 36918 29033 25324 24701 42784 32931 40236 41264 48159 51260 57550 57189 40045 39236 35428 26924 23136 31903 41554 47277 51229 40231 40106 48929 40938 42509 47674 45481 46877 45685 38878 42366 45910 43835 31032 35027 25838 34598 46589 42501 43050 36434 40781 39518 36731 32081 33679 38084 37077 45143 44388 39908 40189 38315 40043 46425 53039 51354 58784 41525
32947 33025 23307 25871 30935 39969 40340 28876 25265 32913 47117 44260 37578 40723 36095 51265 34171 34388 30619 33169 32253 42881 45263 45605 50622 49962 54877 38393 32702 38268 45769 52877 48179 56790 39727 36829 49827 53895 45337 36985 51906 55823 50264 36061 38199 41240 51194 38874 27992 34792 45637 52927 44841 48962 48211 40185 36546 41714 48076 36857 45034 44793 48000 39148 41626 46780 38957 40685 27880 34296 33989 36774 30964 41727 42381 44638 40593 39064 47983 41018 36255 37800 36675 32837 37830 42972 38464 44152 52054 50786 46329 46887 42999 42369 42751 43663 33388 26082 32095 21614 12301 30235 47383 47112 49723 52580 33696 36467 33511 35643 32117 26368 42401 37901 46019 47746 51436 36416 25746 45507 48534 47614 43437 44006 47089 50655
36923 30461 32717 35429 50448 57501 56540 27967 22449 34280 41624 37600 24114 35764 43240 41605 43377 33988 46924 42103 48698 49757 47554 38792 45490 54534 60936 62858 42587 47277 47667 38047 39208 34321 35343 29794 38321 44034 35500 31811 41533 49619 33474 33550 36385 41630 53100 43807 30052 33277 49733 47444 44721 40200 44682 42475 45086 52183 42510 45972 48269 53238 58461 42748 35221 48610 48715 26634 25288 32446 33745 29642 45775 47332 53017 53477 47425 40479 39075 54699 52857 39417 39201 34975 34273 36219 37298 36728 35643 41700 43497 47309 46091 44220 55821 43555 32480 30368 25580 25659 27359 34061 38214 46370 57259 52522 47010 34082 41378 36634 43335 45155 39371 31385 42105 47875 41852 34095 29579 31177 38855 32630 35930 42104 51606 47049
35221 30522 38557 29268 50892 60547 47062 31576 21154 40509 40559 40885 45657 43590 56409 56508 42913 40688 44459 35279 39137 40056 41733 45735 50638 49002 59535 57839 53715 36084 37754 36241 30925 43344 34642 44214 48368 49297 34061 30571 29236 43371 37542 27777 24065 37131 46001 47417 48707 45728 49912 47960 47904 46456 38218 38758 38373 40066 47179 44209 54576 63819 60495 47398 31703 33410 37434 26548 30858 37555 46194 47254 55430 51436 39457 45068 43553 39141 42057 40965 42759 45177 34540 43115 42932 43597 37865 46547 41678 37591 41977 44163 39956 36398 41390 38769 37326 42923 36634 28259 23822 36989 41953 37847 49356 53751 48113 29927 36227 41172 45041 48372 44459 35279 21574 39037 34355 29226 36038 37368 44599 43524 27725 30237 32570 47544
44172 38833 45902 43902 42231 48428 35358 25286 36493 39112 39059 35887 36654 41763 43457 39572 31236 35695 48377 44493 29985 38916 46453 43616 47021 41279 45070 53763 53773 53352 46561 37243 33750 33890 49180 37383 34345 27232 21615 31228 35894 26018 32609 31869 35492 37084 45600 45271 42127 44751 44464 56083 52799 40400 37262 31741 43223 41101 50750 48066 55071 59390 58664 39415 37032 38023 43109 30131 35699 49966 43322 43047 47077 44861 43862 43327 52693 45002 33597 36782 29732 38099 50408 49038 45346 46588 45474 44235 35496 37015 43966 35808 33929 32717 30195 34207 41490 45835 55825 43615 43915 35201 39514 33633 37082 52634 52833 37050 30138 42099 49435 44852 43746 36722 34652 37753 38085 41056 42983 48959 43880 43527 37663 33736 31112 32130
42575 53937 48875 44804 37015 30382 31798 36247 44453 44791 32681 33707 39155 45441 53127 52196 33895 35581 41270 48652 37447 29221 25493 33145 30411 38678 42230 45183 39440 38446 46044 38231 39617 44714 39453 34773 25338 24292 34997 30671 31383 34086 36945 38631 34384 29508 42734 40051 38531 46801 51297 53250 48796 33686 31562 46318 48632 50345 33074 43416 42372 52729 44629 39284 33419 34393 30305 31923 31848 46931 48317 44547 38844 39233 41402 50666 60419 61521 49932 37572 41289 43666 50666 58880 51887 57124 54519 46617 49363 39852 41693 44510 34695 34835 30298 44523 57768 49083 54716 47774 44252 35262 29592 29363 35867 49865 47062 37573 33262 38149 43705 49652 52555 41720 31052 25811 34104 47004 49730 55884 54576 50650 41274 36702 23815 25270
43842 51099 52761 38416 24890 23885 33901 41389 52074 45446 38240 19314 27561 42173 43113 49098 38643 37337 49524 54332 47699 35889 27893 34766 32386 30876 34919 35177 42111 49023 41042 40907 42275 29361 33381 39089 33285 19164 34581 44039 31878 35199 46090 35989 38019 40299 32785 40685 38734 38617 48641 52027 42770 24224 29076 44427 50182 45213 40043 33767 42272 28732 35575 42600 44712 45247 27401 21701 29470 38347 43071 42273 37245 30266 43830 52973 60950 47547 34064 28069 32536 46050 52247 41392 44336 48332 48097 42266 31105 35535 47602 40565 34746 28963 37879 41039 53351 52434 45277 59106 44927 32695 24879 34329 38033 42994 41104 35824 46413 47600 39400 32225 43671 39792 35943 34367 45401 47613 46803 48755 58721 44261 37477 39504 40688 39399
46423 42964 43954 32409 17773 32045 47451 54799 45810 52456 40446 42650 42500 58280 57054 54413 47135 47850 45958 52296 43725 53333 36441 25274 25505 36689 36499 44617 31005 31425 40979 46181 45155 34582 33744 33890 42093 32030 33861 36414 42279 41270 46316 40719 41125 43599 40451 40595 45296 37927 49991 49192 46446 34724 25217 37738 48854 40654 36808 28484 25756 26932 43655 45668 41137 35243 33980 29531 30476 36461 36182 30674 38043 42042 28759 45611 47952 54643 39575 46481 41010 39319 40659 36571 39892 39194 41039 33046 36303 42708 37058 45683 35166 30575 35843 42943 46936 40438 43713 41219 41254 27577 38583 43266 39177 28834 19463 38457 42685 40653 29605 23705 36197 35183 37847 31093 39178 39076 40761 34442 39581 41222 40506 38930 44764 39105
48591 43195 45388 43398 33432 32481 43112 37204 45300 43420 48997 33457 36673 39528 55297 52834 57572 46165 44751 55918 54214 45844 42428 38418 31560 35904 36113 33810 29330 23227 36437 42383 35087 35809 46250 40083 32393 29478 22311 31146 39359 44764 44140 53029 40324 49376 59285 61429 46522 39986 42790 52016 45282 40395 23483 25592 36069 35449 29647 27922 30400 39759 46759 46134 39292 44258 41369 46882 48953 45113 34344 37110 35439 42546 32977 45237 59734 48787 37215 31235 37842 39471 46044 45734 24488 39937 41072 42345 33973 42945 48365 47128 50044 34966 40697 37582 39899 45739 51029 50560 37532 34674 29896 42165 31087 21267 27452 30653 41678 36971 31302 27317 25384 29100 37278 38973 28582 26133 38628 44252 35586 38720 43970 42399 43619 51038
51036 49510 49515 36616 30499 33190 35362 46251 49868 53712 43606 52932 47133 45771 45720 51595 44054 53485 49038 43193 39985 48082 47348 27324 29132 41083 44264 33171 32269 28376 29803 35572 48556 49891 44925 29062 19881 23023 26521 35950 43718 47942 44325 48691 48888 55772 70370 65924 49186 31792 29203 41985 52586 38248 34537 37663 36706 31257 28689 34603 43791 51079 41889 41026 33813 38779 47146 52348 51769 51387 50565 43715 44263 45356 47343 51578 57490 53804 49040 35977 37953 46556 40197 35899 27942 27809 31010 41691 45381 53804 51498 45169 45158 47162 28255 33669 47948 42772 34325 40582 37189 32469 34985 37733 41616 31757 23260 28976 42455 45263 34332 27735 41534 40843 35318 40706 49156 39786 41487 38991 39825 35916 37865 41260 39842 46421
37337 41541 52594 57574 38880 35522 24818 41249 45118 49600 25973 26572 31241 45709 42294 37275 35879 37391 45954 39811 42403 38751 42782 41234 29795 52048 49040 44108 35870 38054 35811 30041 48060 50315 48466 27165 23893 24323 39324 47762 46239 48369 48780 62577 61093 52467 56768 55762 46146 22331 17179 37691 48542 47514 30483 35375 37818 38129 29564 42604 57622 61659 50466 35317 46228 44336 54278 48431 47264 50891 51995 55338 47773 38518 43800 40267 49104 49983 47269 49461 45294 46803 42553 36458 23626 36844 48754 49965 61414 45357 43197 48935 46657 42516 39702 39594 46744 44697 43577 42019 46261 39429 36225 33334 28402 28611 23634 30228 39530 37230 43844 34218 44414 43619 34961 30776 44014 41357 46411 32914 31643 31284 39844 39872 53693 58848
20639 35417 49925 47146 41431 31403 22310 32087 46829 39319 32697 36407 45646 42551 41571 36028 33677 29765 36437 35252 32784 44560 50397 41668 35405 42866 53527 39858 46948 57737 45133 33184 39699 47333 40105 32335 20849 32275 35158 44066 47592 53653 50467 47971 42934 39554 40720 40061 35519 30730 23472 41848 48366 42940 40531 47785 42210 29484 36434 39584 54281 43845 39404 41056 39685 48667 42099 45860 43984 46846 46876 52195 50181 48340 47863 48247 40140 42592 44972 39677 34117 44448 47087 33234 28155 29081 34346 50399 46272 51797 39923 31363 37244 42898 53768 50277 44420 36542 39062 43671 43397 53305 51531 43289 37515 39088 32160 28575 40307 43541 35657 38751 50419 54181 44969 37936 48372 52915 35607 29580 23729 43087 42846 44056 44067 47735
39151 43705 53573 59690 44954 40453 33141 37226 38928 36333 30826 34002 30710 38774 44164 45912 41114 33675 35893 38998 48214 47566 48982 41919 34388 43035 44286 46472 53307 56545 49353 42213 36539 41852 49334 36083 24673 26514 32601 47095 60395 61429 55932 50807 38587 36339 37188 40097 28252 31181 31690 46638 50517 52078 40827 37865 33219 30146 30335 46554 49070 57410 44445 34032 35984 41855 57249 48350 52975 49399 42912 50812 53587 50657 45121 45102 25558 30591 43076 46183 40188 35284 37525 38464 22872 41228 51375 55500 57634 40655 29652 24213 34240 55019 52203 53124 36281 37874 40243 41468 46090 53247 45544 45241 31713 32921 36739 31322 28383 28380 29452 45453 51900 53900 52593 45411 44185 38666 29232 23182 33436 30826 42496 50651 48453 43139
41855 50734 50220 52285 51430 42264 38549 45094 38388 48423 53177 53425 47113 43922 52331 46928 43480 45417 47241 57710 49415 47736 40562 36605 38280 43690 50156 48527 53752 61555 53543 40394 35308 41339 36593 37251 34311 28584 42642 44878 58668 63327 58712 42852 36848 30407 43608 47698 38089 34725 44577 39647 46674 34802 48492 40383 31977 33040 47003 53304 47159 38916 38139 38087 43318 50748 53254 59362 54066 48711 54688 55117 55990 45053 45582 38797 31865 25986 38469 43112 29511 24127 26937 30568 42726 37137 47808 51497 40843 36125 24853 23566 30702 52127 55034 40590 45473 36557 36833 50990 55078 44687 43615 42742 42235 42125 44680 44609 26340 35456 43798 48724 53663 51107 52811 56679 56673 40145 22915 29261 37447 37032 34869 46498 41494 36794
54357 61252 63225 53815 44109 35834 40620 49104 38105 40480 39495 46177 39473 43267 46130 50428 51678 61167 61165 60066 58890 44016 37658 39268 46931 47145 47901 46563 42284 42523 43778 41262 39012 29384 37696 34137 39059 34904 31888 43107 43087 54416 61269 55275 42466 41042 47155 57892 50556 35202 34019 38500 35711 36443 32160 45570 45677 36417 48175 43402 37796 46631 46079 44528 35668 39887 46052 44912 43686 47375 46725 52618 51077 39226 32119 29545 28951 35680 40892 47223 45529 32369 26075 28478 22978 46302 53262 44055 40061 33064 26642 23933 36432 40576 45410 43400 41899 46349 46010 54981 43917 44331 35280 36239 32585 34344 40532 33953 33137 23377 33017 38172 31727 39645 38502 50304 55567 38675 33106 37409 55613 41151 33281 47094 60025 44533
52905 59535 61095 52767 35763 37254 39669 46256 49881 41446 44091 40313 37290 47441 49050 55942 37987 45217 56239 58551 39696 40008 41342 44404 51795 56517 49043 44686 57113 49206 58692 44351 44537 35290 23108 28756 29718 42824 33489 44082 43269 42644 53864 57166 50479 56909 51894 40777 41727 42957 37661 47201 32502 19051 29152 35770 44345 43682 43790 41183 41831 29640 35501 42039 50825 48654 39296 45662 44515 42862 39025 41609 38634 30943 19609 20880 21966 35262 56473 57459 47113 49590 41628 32378 29400 35505 44828 38945 31133 41262 37312 42452 44677 47125 53700 57713 48109 44570 33626 45327 44643 33062 36279 36281 30358 32688 40006 31119 26733 23937 22449 23659 22224 31882 41368 38856 42431 31331 17751 42238 52723 56932 41004 42321 50596 49240
33777 48506 47738 40161 26551 27536 37552 39350 46195 37773 38624 33844 31973 34132 50632 54563 51157 44302 48060 48194 43953 41303 50638 53459 48307 50151 38009 37933 42120 50801 38268 51512 42629 35151 21609 27818 39337 34195 39882 34099 30254 37955 43147 59377 63604 57564 51595 52280 45799 52527 47699 39190 40730 34312 31313 44229 42756 47804 49523 34170 44096 40533 40711 50848 51003 50029 31498 35384 36842 36756 28556 32750 24033 27108 25825 19428 27061 38264 50061 57514 59611 56851 50393 33882 28537 35182 28381 34446 34331 34641 40078 43152 43486 49259 53039 53380 47114 44461 42521 39300 43170 39887 33993 33399 39286 38916 40761 44262 36372 32231 21996 27800 31101 24409 30293 33529 33864 33139 27643 43497 64198 56826 46017 35004 39245 35166
43906 35394 48236 35041 38036 31491 34189 41714 48205 52734 38310 30434 36664 39371 40930 52792 49826 46861 44093 54154 39836 39973 41641 42425 40736 37672 47732 38238 47567 50741 52748 53268 51780 33408 31294 31907 40182 28855 34042 44993 44854 43239 52827 52958 51467 56805 57562 50816 47893 55443 61743 54053 45369 48650 35306 29624 45261 44166 44108 46631 38679 35935 40668 55644 60794 48001 32045 35667 38835 48582 33864 36433 33347 33440 44866 37542 28073 38294 46942 53869 54813 54154 50207 38566 30217 24125 30201 30218 38010 39652 53845 52516 42278 45401 48346 39021 43833 41166 43431 34366 37117 33113 43424 44337 36754 39903 43011 43802 36793 41784 35852 37649 38251 45395 45099 42744 43541 42551 26570 35656 52850 56628 45840 43874 32812 29912
39697 50049 45889 37716 29422 30277 26454 38131 48348 42473 37660 42330 48590 52343 45371 45706 53981 55475 52446 45257 56243 45133 36406 34635 32673 40295 50063 43316 31775 45211 50295 42580 45799 38262 30421 45212 51157 51982 38983 45162 40307 45723 44112 50128 56986 58552 57824 55582 43671 39822 39911 39626 41702 44009 38640 46368 46889 54725 36639 45124 51245 45752 34920 49537 44371 31744 19030 32054 36773 43093 50515 37164 31925 43431 51211 49818 30325 27645 38060 46774 41506 38178 38001 37908 32724 29676 25779 36303 38618 43223 42842 43686 32845 34853 43306 40389 46599 51532 41447 42302 46099 43928 42949 43837 34898 31548 35056 46132 48114 49047 57859 48868 50402 44056 40949 38821 43362 42031 43217 39888 42211 39917 38188 43606 29216 23571
58749 49817 44273 44316 44833 37079 36411 37076 47189 40690 35660 49055 59301 57116 60181 50170 55595 54790 55772 45275 45543 41718 37668 38891 37355 33470 47674 53537 43808 48269 57361 52406 39333 43967 50090 45144 34382 40943 47973 46629 50396 45960 41694 51027 44991 49285 37864 33933 35642 36014 33512 49223 48366 37854 44754 38669 45815 35974 39919 40673 41579 32152 30032 36256 42704 32162 28275 26120 32288 49393 49527 54232 42364 40511 48957 45680 43819 44117 45661 44191 33470 26445 25104 38558 43986 32899 23730 46058 45584 37198 42799 47064 35838 37470 33699 38951 54311 42917 38714 41015 41261 35284 41945 38388 41874 33038 43676 41367 53185 50062 51000 49748 53067 47190 48203 42944 44135 46005 40799 45908 39425 31164 43592 43840 34335 32386
54832 48508 40788 37966 46140 40316 39336 42068 48735 44148 39917 41152 58319 53900 48104 47536 43536 54004 58835 50680 36050 44007 38816 27844 34406 40293 45383 51860 47263 43138 45483 44543 52872 47680 42827 32457 29964 31932 43335 46294 37013 37887 31690 43170 56869 55409 46389 45095 39506 38963 39580 32790 33885 32328 38795 43872 41580 34054 39294 40277 40228 30491 32816 40772 41734 35633 25808 20738 29690 32574 52502 40540 34328 33810 42596 38732 32697 30793 35920 36721 44925 38000 38375 38166 38171 40403 35456 52398 54441 36933 28104 40155 45563 25489 25790 28959 32945 39856 33619 22959 34375 42733 45015 41331 36025 40369 44454 47859 57463 50927 51580 45008 41698 42553 43196 35111 29458 30949 36110 31978 32406 30963 38868 50782 43894 36838
38318 42280 31084 38096 41548 50028 40531 49722 47872 37341 34794 42628 36634 43589 49809 59918 56802 51057 45872 45489 36389 34545 28614 30432 35526 37262 40358 44162 53397 43464 49591 55217 59447 53391 41013 32951 20880 29598 37022 45172 45088 40297 49896 46097 54204 43602 41601 40299 44690 40813 46980 48740 39512 36613 53310 44105 35332 31900 49527 49370 44347 43966 42992 41893 42697 38728 27394 27427 33926 38947 39123 36678 33389 37859 39124 27352 35490 32860 41736 45674 56052 48985 33533 37180 33097 33080 50838 60973 54912 36118 28250 41251 37923 23059 19928 24905 36536 36346 35529 37849 39891 53888 43560 34844 34231 49298 59522 55375 45597 47139 41300 37141 41617 42311 29626 35174 41003 41048 44982 40577 33192 26857 32573 44889 51913 30337
47073 33802 37862 45557 52956 49005 44273 33090 33541 30266 32538 29828 39010 43033 42561 42810 33675 44436 47543 43875 42046 28501 23157 22768 40199 46823 41462 46447 46840 40942 46564 53026 51254 43537 35479 32568 36265 32247 39832 35800 38569 44805 44968 54042 44408 46427 46921 46395 31831 41450 48147 52163 39184 45155 40881 41385 25966 42191 59300 60984 46978 43458 42858 45004 50298 44446 49352 43409 46162 40980 39227 27498 26705 44866 51448 54178 38422 29156 23828 43865 56810 57646 46994 29768 33456 40481 52058 63925 51196 39001 37290 41615 49595 31952 23509 26865 35781 38172 29232 25726 40706 45530 50580 30791 39466 54193 51426 43550 46354 52238 37084 41642 31231 35146 38084 39202 40277 35600 40121 40732 22179 20657 33200 50360 53997 37653
36955 37950 41748 53258 51489 41449 29626 36177 41313 46526 48610 47278 40531 38090 41071 39906 40231 39323 49458 41059 27707 24016 21700 24762 35430 44009 41364 39542 48415 50061 36064 40939 44459 42700 43470 44012 42922 45480 49560 54146 45350 46574 49109 50167 40070 37980 33570 33359 21140 37108 49581 49327 43305 46453 50561 36542 39341 37076 53740 53264 52718 54389 50596 32773 28375 36874 44791 47403 44110 39703 38549 40423 36882 47324 47472 47447 39664 29297 36102 52345 54397 48696 40118 33399 28119 41666 51517 54440 41442 36814 40528 53330 46445 45442 37100 41531 41765 40173 44283 38647 36635 47299 38810 39269 40035 44268 51714 47173 41129 44500 34730 32916 45074 36662 42619 35435 38466 35428 51809 53302 35622 18249 39548 51665 50131 33779
29789 30819 31126 49992 45492 39499 25906 33197 39714 46055 39929 38261 45077 44936 38459 31565 32666 43488 43493 46104 33329 34738 39027 27925 27534 41541 49360 49292 55614 42433 38991 36375 36651 43784 48516 48959 42034 44840 48098 56420 54467 41760 36448 36740 32400 26987 40956 46831 36849 31470 44762 53053 44510 46410 47339 42063 30051 36050 33810 40139 38267 39465 43069 41392 40545 50131 47441 57930 53636 43242 53505 52150 48857 48793 51329 41523 36025 33481 29280 49559 62048 44208 49179 39742 33294 31654 45221 39681 38648 32928 40884 56565 60874 49188 51638 33436 39769 40770 42298 33970 31158 34120 36228 29872 48697 49934 36264 44375 49574 52490 45045 34003 41821 35379 24937 35967 30721 38642 45753 53998 40771 32473 38561 58135 46409 36482
29864 41729 40228 32548 41033 41443 41621 44433 45264 48037 41734 43665 44825 56113 35172 26835 39326 55232 47185 34427 38729 43358 43751 38383 29433 37368 50163 49258 44388 44404 38044 40100 41887 39297 47999 47222 32941 31091 46582 54085 60473 44864 39954 26806 21760 38985 51189 48252 38217 43072 46734 41298 34269 41053 54908 47704 53767 39680 35961 25576 36976 41426 44398 47646 37756 30550 42129 42105 43470 52191 45000 48719 47811 41291 37903 31839 25314 36959 35254 43075 48545 55283 52398 51872 27916 23014 30184 35384 28998 23586 29941 48444 47893 50231 46312 52755 37157 42211 44949 46383 31461 22558 19671 18183 23814 33313 44103 41609 60829 56418 48142 31566 28130 25136 32967 33408 36573 38196 47020 38067 42236 42911 43497 46867 47779 38681
28961 40650 40779 44792 50893 57106 48011 43780 38587 27152 42184 47318 51274 50646 45422 43517 42045 38995 33923 38458 47459 55485 52162 38031 30078 33252 41600 44265 37429 43128 42131 48470 37192 34755 41582 40048 35514 32954 50030 55201 53931 47639 34692 31500 41009 40745 50272 50242 43915 44241 47545 38277 40130 49240 51467 42288 30295 41096 32229 34572 27153 29623 41073 46625 48919 40580 49974 47439 45901 44082 53888 43789 39201 33820 43257 37526 31166 31221 49533 41665 40341 39708 50188 47684 41300 26971 23342 27734 37415 31467 25212 33141 48266 44489 50905 50322 50814 47339 50516 54706 41484 25886 22285 19568 26665 41585 41637 52623 63260 69470 54054 33927 28921 37719 36996 45391 47146 44365 41158 35657 44049 44004 50152 49355 55768 44763
44703 46194 47672 40000 39227 36966 46669 48350 38121 24841 26823 39110 43894 50306 43763 43334 38536 38098 36066 41539 47422 47542 50382 41880 30763 44746 49711 45442 36146 46995 45736 37400 22082 29504 27682 24244 29580 46314 51859 61176 50495 45824 37688 39367 41851 47865 38177 38733 36548 40248 42358 37707 37322 46161 36751 28617 24026 30379 39029 28576 29543 32001 46326 50868 35470 30598 39130 44069 45140 50361 35456 37567 33023 37957 41500 39449 37047 34716 33148 43817 35690 32262 39200 37867 37170 33270 23627 25031 37674 41588 28228 26293 37850 42294 33528 43836 53953 57059 60661 54657 50323 38528 30013 24009 22958 33981 52066 50228 53155 60887 55964 47493 34776 42707 49551 62164 54922 35777 25766 26833 19706 36596 47029 54128 50871 52155
54156 56986 46491 45680 45153 45938 46377 48828 48025 47838 41356 40602 45717 45828 46863 42300 39069 22187 34871 46944 57788 48821 43336 47538 37028 44670 51335 44793 27191 36965 40397 31478 22327 20789 31723 30176 33403 48620 52421 49295 53631 40955 30297 29783 45094 44663 43331 25780 28809 38568 33997 29327 38717 41060 25791 12615 11658 29581 24464 34706 27545 35325 38107 42197 39880 40713 44099 53853 58457 47024 41000 31068 45184 49137 42546 40805 35904 39351 35629 38434 46693 31629 29720 36501 32027 32989 30102 33092 31834 39685 23331 31890 47775 44824 43120 41860 58432 65659 68761 63944 50243 37739 32145 23074 32566 41874 33936 47372 45106 53509 41369 42969 46976 46220 40138 38843 45175 39718 22764 18379 23642 28494 49767 62445 55253 39073
48771 49942 44919 39371 33876 33288 38503 39878 47481 49392 44575 30567 28026 35923 32299 35014 38161 41911 36221 51400 50671 58972 50167 42241 41913 48991 50122 48992 47967 52242 51447 43193 26096 13933 27759 36102 36024 29768 43800 36023 48619 41818 24622 29182 43005 56279 43562 30418 34973 33848 34774 37153 43338 38240 21962 14435 18311 29336 30464 20302 23955 30286 26753 42309 35793 37026 40992 51676 48607 50529 42284 39480 46098 47592 44780 42149 48643 43732 43521 42138 46588 44311 35797 32237 24778 31427 34763 35038 34130 34536 45653 40486 48656 38216 33602 38491 47676 58883 67213 57700 39544 38953 32903 35628 25367 34436 34355 28625 34123 41861 48043 47621 42299 29058 23749 38276 42545 43421 30843 17937 14341 28139 42715 52277 54125 51069
54024 62189 63333 49367 42786 44194 41407 47598 45935 58135 50967 31054 25911 32989 41474 37787 30881 35429 44087 51142 57099 58028 51617 37867 41385 45948 57261 47681 51844 53883 59082 39540 30232 25714 33744 31404 31121 36600 37403 40654 41461 46591 39678 28561 39313 42990 41876 27043 36376 47081 40521 43061 42079 29345 25314 26948 40824 39078 36371 32313 35022 33155 38490 36927 37084 38486 41424 37494 38790 50162 44810 51035 46303 57416 41004 55088 58083 49997 33680 34474 39350 54402 45931 32696 22024 33811 41896 33421 26566 26289 31190 45717 52695 49389 43494 44804 52697 61249 56607 45681 35028 33621 34679 22552 32094 33420 27305 32713 40134 48983 35687 33658 44462 37020 23037 32133 47222 36026 34881 24974 23878 29537 31491 49214 52146 47688
53784 61021 43664 43569 28852 40094 37022 32788 30985 36346 46719 37755 31033 39671 40670 39497 31664 31281 47357 52678 55225 51700 52343 37040 30849 43839 51548 55693 56163 61331 56562 42419 35436 32782 26394 29846 28435 30709 33721 35147 45208 41499 42842 45687 47836 43795 30020 42006 35282 38733 48352 49855 46921 33154 27077 34799 46887 38699 28598 39701 38098 32159 34568 35921 24710 34184 38308 34594 36845 42251 47159 52044 60093 53885 55493 42098 52887 45826 36322 37116 48690 35056 37150 33234 38953 40514 42136 40796 29258 41501 42037 46614 47672 34010 29905 39950 47742 40353 48123 39627 37113 25087 28567 32621 25501 31647 34675 27773 35998 39869 33398 37664 46849 37522 30975 45434 48297 41587 32328 27640 24860 41367 41244 42099 53623 55755
46506 49605 47961 33441 36271 26009 41450 41958 43105 41648 41393 53017 37610 26329 33564 32696 19160 21264 33593 47830 43418 38252 30925 27261 29342 48184 45452 44835 54030 57444 53501 50927 37496 31613 33683 34499 25019 33799 35107 46041 49229 50161 51516 47081 36343 34270 37092 32408 44364 42682 53062 38142 26193 32736 34173 44049 48409 49710 44184 51974 52522 39744 45102 36309 34099 36186 41864 37944 24760 24676 39286 50305 62075 53940 52284 54851 46243 41145 31470 23018 41937 39212 37009 49940 43165 41690 37427 37966 26164 23336 28039 32783 43827 55533 47490 50003 49157 41395 40694 40329 38106 31922 29946 37310 30633 37216 40315 48379 39294 41346 31216 39430 40896 25388 23553 37395 47247 49741 33963 31577 35847 46406 51326 35413 34555 40701
43629 37800 38723 35996 26938 37492 39065 39768 29613 34545 42282 47106 41357 34175 24588 26403 20735 17896 30869 44347 45605 44311 33141 31551 27498 32179 38703 45370 49743 43621 43848 44604 41659 38095 43810 43571 38144 47748 51190 39529 33399 46534 43838 38944 47404 41645 41124 50005 42802 33807 28187 36778 33360 42726 52885 51969 57465 43938 46556 55859 47333 33489 22335 32907 25791 29654 39403 45214 41888 31711 41029 51156 49594 52429 49249 44631 38806 29001 36991 38286 49889 39466 25570 39302 47331 38752 48023 45235 30433 20450 29056 43119 50908 52826 49953 41132 34395 33170 24688 43659 44292 42704 26285 28321 28831 39723 36167 35829 36170 38237 39305 30054 33022 22275 25168 39452 46158 44116 38662 26571 42278 46520 51209 37686 32816 38674
28653 35048 42702 41189 33969 24656 31145 36029 41100 33320 50216 50614 49976 42759 37716 33147 33526 37479 37010 39564 30849 32884 39948 42210 41707 40891 43685 49108 40947 38207 45921 38845 30897 34484 36837 37559 45594 47328 57903 34033 33924 46589 47529 49860 40487 48372 50370 52447 45358 40824 34242 33586 42376 49424 50108 48442 38328 48974 44823 36551 30455 31666 33684 39309 38114 37635 48687 48851 37237 15625 26956 26650 34873 32697 40609 26198 23998 30281 41071 50111 45500 45874 32388 39275 41583 42189 46240 47229 27842 16664 17972 35130 51331 55653 47369 42287 33973 34941 40945 37519 42700 36349 30133 31170 43339 35978 40348 28891 37957 36720 40057 43031 36639 33180 32102 37600 44907 36798 35195 32633 39040 49607 36086 37617 42513 40427
23110 39914 46563 53810 40560 36932 34282 35883 32813 42898 39679 44937 39820 42753 37435 42979 43796 40586 35263 34201 35170 37271 45563 52199 37527 27845 37683 42740 45912 34395 37591 37240 32365 36976 53140 46858 47763 50572 54750 51427 40572 36883 39814 41913 44788 46063 50348 50068 42122 32077 23519 33717 41937 46276 43515 43455 47648 39493 34485 34292 27525 31767 37001 42775 48098 42954 49324 55181 39967 40755 33073 37694 26402 27461 24018 22369 23687 42136 59522 58713 57220 45459 43453 31497 35267 33058 38421 51983 38187 27427 29425 32539 40854 50360 42677 36460 26674 33008 32450 34717 24460 23364 27641 27657 35476 43768 38643 35508 30657 31559 37106 37762 41462 30500 37067 33223 36191 34451 25198 31592 31950 36161 37014 38711 47418 44910
33823 36969 48828 48529 44540 33182 33021 22564 22964 39756 50716 54568 55916 54924 46884 51895 60933 54532 46008 36508 28466 19568 28593 35165 50918 36484 41352 48533 40173 44932 40946 43123 48217 46867 45461 43080 51007 52240 56507 47700 44840 46056 43036 38037 43603 39314 33184 42910 52576 41661 32758 31648 39371 35784 44447 36030 37225 35423 25206 27109 33993 40804 49691 50358 34614 45690 49770 49871 44792 41046 40848 21896 17180 14572 11968 25983 31331 34446 49473 55077 43708 37297 34516 34036 28156 37568 38487 39527 40804 33458 37716 39998 36989 36631 39431 39554 38857 32037 33531 31631 23432 15095 22249 39293 53953 42920 38468 40987 43928 45675 52825 46792 35702 27726 28699 41090 38309 38114 18625 20753 25450 31132 29324 32541 44381 36561
39412 51408 53677 46160 37821 42195 34344 35916 36056 54106 50661 52046 46105 35237 38030 41014 46925 46637 37931 38657 38355 28620 22299 37358 40593 37515 23365 30134 48977 41000 50884 48375 57676 57180 49028 42023 49851 52641 48886 50724 38865 37146 41774 34369 26125 37314 46936 40918 48059 44083 22781 28428 44373 51505 52176 43787 35528 38750 40545 41977 48626 49061 41323 42001 31552 37995 55058 53863 56117 55455 52228 45300 29804 31443 29555 22491 26980 24069 37984 49539 44141 36896 32962 39383 23730 27162 21273 35293 34979 54733 46316 46601 49503 44452 44013 45120 39554 29557 30520 36681 34530 26843 38504 45255 45955 42947 41258 50997 61930 50563 37706 34055 20638 21775 29803 43177 36137 32864 29614 16829 24906 31587 30594 37446 31649 33548
54200 41919 39811 42575 48032 43265 37582 28998 38775 42498 54677 46173 46454 43051 29523 39630 48601 55607 49581 47348 39134 30557 28354 33601 39250 33050 20769 36131 43623 50038 46104 47100 42797 50900 40045 32162 40278 49434 40122 47410 53408 43858 34812 36660 35032 40805 39929 41062 39369 39938 41523 39736 45090 50923 46937 47197 36710 30459 29945 41584 37233 40144 43017 45486 39040 27016 36565 51898 46171 44408 41035 44087 41050 37438 30919 21552 27016 39458 33069 49614 42423 32672 29894 42659 34086 36043 42570 34757 41138 44398 54339 51855 50794 43006 36268 39676 37638 26371 26069 35217 40645 37787 37814 40661 43552 39366 38127 46320 54344 56458 51397 41513 32651 21980 36852 38952 41002 29886 40061 40344 33214 29046 23648 31694 31110 27268
39455 49969 59065 46793 36105 30838 28133 26270 41220 55657 47090 43978 32041 34485 32744 36109 39125 37865 31285 29646 29365 44342 41024 43692 40300 32257 18738 26657 46455 54232 45913 46292 38913 44707 55379 47322 38004 28755 38463 57474 56317 35258 24280 38230 45553 48647 52582 40281 35290 30214 30689 34212 45503 49583 45415 40479 33198 26368 28103 40638 44180 39622 53367 55811 51927 32519 36717 46625 41097 28306 44765 54209 58356 46811 41210 31005 29488 41788 40007 38815 43242 40184 45532 46205 44535 36161 45932 45368 53734 53235 43688 44061 44958 41821 39373 37317 36495 25569 27708 37979 52972 55316 51572 47993 44305 46978 52241 54970 54253 36054 25393 34267 33434 37304 50166 42246 33231 38441 48684 41629 23990 25329 26905 34126 49965 36373
46629 50017 55802 53904 46367 38949 33023 35303 31508 46247 41515 30991 44302 38710 24361 22754 40888 34465 39958 24075 32415 42695 55225 37654 30293 31527 24892 30328 48028 52637 58452 47871 42252 36133 43537 43875 40139 34768 35619 51842 58501 40042 28716 24960 51297 44361 35170 31783 30973 28976 42580 43022 51106 52840 40989 41485 34615 25461 27133 38481 43344 46935 38604 45945 48289 43611 46019 51591 40039 32151 45900 47101 44045 46959 43107 35495 34081 43291 50207 41533 45112 53768 59659 52654 38492 41507 48870 58131 55384 47817 33322 39110 48383 46365 34052 41857 41567 33782 29288 30636 41838 47780 45639 45402 52085 57347 56052 45263 33202 35316 35203 37158 49861 47043 39373 42144 29767 37127 52166 47124 31045 24157 39939 38460 39326 41157
41748 52044 55643 36968 34334 37846 27234 21409 34193 54797 50674 42525 38684 41743 43660 39552 33174 36226 28474 21846 31404 46771 45178 44210 32021 26549 26709 38331 39721 50315 57100 54281 41834 34651 39500 49687 42122 37253 38899 41820 43164 36027 29698 29870 28214 43424 39851 32028 30631 35813 43321 47597 47589 46263 43480 31272 28183 32598 43073 45455 45262 37102 46071 43413 45051 54208 63978 53849 52825 42752 35939 32612 35072 44926 49426 45721 44088 48630 41666 32580 43658 59370 47876 44614 38211 42788 45057 49184 50664 40294 31476 46824 51035 52634 49228 47170 51193 52017 40413 38227 43304 44232 41138 45127 52206 60811 51604 41923 36488 30603 31160 29677 45357 63732 54688 36632 32500 41597 49584 55064 40282 35580 34871 39365 39361 44529
35708 52760 47177 36933 38377 34981 30137 25494 34988 44596 57937 56652 50494 36920 36776 29282 23673 23458 32259 30267 24730 44732 52457 40065 23395 31018 37744 44892 39450 45650 54201 46076 48793 37501 35938 39546 43142 32545 27237 39823 51139 49094 30642 27246 27827 33644 35880 18945 28500 43335 45733 54808 56403 50047 47406 35595 43925 37199 51470 42116 42254 35429 37405 37871 37741 46946 61233 52636 43867 43765 28236 21338 31229 47700 55950 57119 60509 52894 44914 44980 56363 53478 45255 37874 43131 36867 33773 44148 44563 39043 37629 48694 54118 52956 67979 64900 62751 58440 52637 42081 36075 32853 32126 41074 42702 35937 37710 32854 34806 30996 36502 41733 37072 40413 42878 28868 27625 42265 49679 48365 48027 42198 42979 42953 38859 39306
40840 37028 35651 36661 29568 33614 30869 30494 34422 45429 63463 58058 48195 37925 38170 40956 31424 32924 29163 35621 47669 52398 48351 43546 31452 31959 48959 44319 40031 37682 47516 43939 42740 44411 36727 27766 33752 29844 30928 44953 44654 37188 14141 20590 30527 31224 31704 31415 28743 47708 47761 35321 45990 45235 40587 41429 40673 44973 37487 48026 39883 39635 43124 42665 47399 43317 54961 49889 45128 41828 28488 13313 25661 43115 55185 58094 60047 49828 36959 46191 53026 55993 39236 39618 44175 37766 31196 28956 36722 37415 37754 37455 44107 39467 53157 59707 56946 57901 54944 53757 40427 37155 34026 36838 43835 49498 48487 45738 35138 43462 36826 44624 41580 37783 29389 22872 30209 38119 46868 48386 52673 35703 35642 33037 38063 51252
48465 45048 35811 32360 43035 42817 32486 26509 39954 35929 45209 51775 45140 37215 42699 46457 40314 37990 43507 37095 42884 50818 58752 51829 36488 38538 55749 41262 32661 43136 41001 39912 41788 46287 32848 31996 29188 46530 54055 57199 50749 32822 26700 30139 36507 38652 31680 37486 40002 43009 48941 34261 43649 59396 55221 47397 47987 38963 39838 42082 49171 36750 43264 31831 26760 32217 31341 31231 38774 42528 33934 32381 42008 47614 47341 45752 43214 33205 37457 41517 51287 47009 48650 50695 47493 38440 23405 28484 38014 43404 45443 40531 35075 32698 34877 49008 48138 45324 57774 60973 46819 36509 48016 51028 44643 45907 34573 38271 44949 39667 49818 44688 37921 34263 27011 24459 30650 39779 42728 42900 36388 33348 33014 48201 53542 58944
39073 39186 25623 34001 44974 43374 37514 33145 33841 33826 33640 37771 40689 44529 51854 42083 46806 39382 44892 41493 43513 55113 52437 48960 42778 35796 42849 40627 38794 29879 36923 34453 45604 50353 36971 33088 43045 47569 57422 59082 44919 33659 27681 38464 47532 40404 32394 32891 45598 41967 38006 32008 35622 40188 45820 42846 44091 48638 44467 45257 54513 45149 29802 28493 21824 26712 28335 39403 49758 55984 41755 33568 37467 37289 34722 24635 28052 29510 21166 35890 37154 38839 43908 55497 51916 37726 30343 24407 39490 37670 41693 48352 46560 34193 35693 37908 47708 41070 50415 59915 52643 38665 33571 42436 46242 49284 50640 44255 36433 40777 45745 45081 41312 38160 36277 36231 36976 35286 52003 50813 48975 32188 38003 38785 50741 45048
33876 37143 48160 36053 41850 36141 27932 33413 37831 31371 26812 35859 39122 45859 50106 43622 33557 48868 49878 54711 43248 44849 46836 45553 43880 46083 33851 42799 39701 43145 39949 49836 45391 49233 52341 36318 52652 54134 51695 46687 45657 50941 57838 53552 44384 39353 31612 41906 42576 38542 28777 29935 38904 37294 49896 55275 58134 41965 41238 39324 40229 41402 20333 24511 23376 24708 27999 34678 42406 34944 33597 31176 43235 37273 37749 32385 26632 33271 51811 41700 32067 35451 45983 52419 44986 41403 35675 39696 33251 39962 40828 54429 52880 38581 44514 51063 37492 39443 41875 50948 51788 40118 31559 37335 40073 39790 47830 39650 27133 30798 40835 39721 27599 37942 48310 48820 41021 43906 59797 64549 56279 47303 47964 58329 62350 59513
40436 34854 43003 50761 41031 45713 39209 31500 38931 42286 34375 34944 53321 59603 50350 44088 31775 48249 54367 55350 51018 49505 38316 36972 43105 51672 48429 40892 42203 41468 35062 38142 41026 42444 47663 53057 51255 55634 50918 38478 42957 53038 48754 48171 40010 39807 46684 39971 33200 25011 26136 36832 31192 40269 42085 55671 51372 44755 23198 37109 40897 42641 33363 32618 39420 29159 28356 41410 35249 30396 33792 34964 45393 38349 30774 27466 36926 43427 51775 52341 50619 42274 48105 43182 35859 36995 49547 44332 28731 25004 32055 42405 48137 40059 36552 49529 51163 31522 39772 44878 55377 35872 22538 19564 18037 38671 44376 48083 32389 28824 25711 44539 38442 36267 39557 39769 44405 49344 62133 63978 55279 44575 47123 52216 47088 42065
27449 31658 41320 45525 44465 45449 41065 29426 33306 46559 41057 38854 43855 48329 50944 41581 44345 49352 50094 51129 47370 39448 38920 30773 39503 50193 47828 49584 36124 39229 38399 41131 37688 44535 55106 53616 50880 48927 47700 36940 35273 48779 53057 35816 31299 40194 48421 47790 49918 41908 41703 30147 30014 27217 36416 44617 48670 35507 24726 19839 36856 46901 43294 42826 43677 36462 29356 45331 35160 19367 24892 49424 51173 45488 34315 33862 37282 50129 51546 53265 50911 49453 42928 39833 36127 36141 34797 43800 26527 27517 31198 41668 37266 35135 29794 39563 40523 42666 35708 37845 38871 39648 28935 24235 29665 27703 53696 50513 48734 39405 33371 39708 46605 42085 46550 41455 45885 51921 58697 49074 43961 47048 46554 49811 50692 53376
29454 31741 37451 47486 43487 46815 41658 37220 31477 37356 42611 54197 45722 37556 42399 49055 41835 43447 45944 44326 42466 30093 35014 41266 44629 57302 55980 49409 46460 41254 45346 28373 35108 52386 42965 47910 34890 36889 42717 41369 35757 37302 41155 35978 44896 51788 61784 58958 43732 36793 25886 31718 30138 27455 33687 42262 45642 34257 28114 30171 37676 43855 50163 39895 33142 33267 35964 41583 34925 32500 38290 50702 48337 43821 29430 38659 50621 51029 52253 43830 41249 38822 28774 43092 30862 42269 44942 39411 32650 30998 39816 45839 32795 28485 25136 28994 26192 37105 46200 42935 28642 32972 38021 29565 20579 36666 45086 58428 50516 48528 46696 41223 55707 48969 39847 36248 41047 52287 43446 39573 35819 32225 34551 35996 31809 40997
41616 37618 44143 37037 29902 39243 44990 36100 35849 44503 46466 49822 50459 35007 23580 28162 34217 34516 55346 47462 36028 31507 24028 28913 46014 49763 54132 44559 36888 41418 46663 42695 36901 37258 44096 46248 46752 37942 41396 55540 51414 53528 51497 38180 40668 51857 58579 53598 48422 38887 43696 32431 37103 29738 43012 34626 28897 44410 37681 28976 32110 42612 35245 36139 22948 29251 46773 54068 45035 26652 32766 38421 33645 35985 41163 47663 59580 52484 43285 40791 29773 34402 35251 33538 33763 29353 38443 30499 35533 53738 67548 53917 32214 28501 43490 39545 37896 43451 43643 42583 32419 38334 32517 23399 23057 36920 54555 49915 51971 39828 46828 47158 52941 56244 52560 39533 44381 37513 44873 42754 26321 20357 40047 33428 30423 38245
35169 37624 42916 47409 45741 44299 43573 46421 43836 47205 54290 55203 49046 44524 26855 22809 36195 43278 44512 53252 35219 21869 26818 33628 41645 51630 55547 39852 36368 28170 38724 38692 39434 41042 44981 43589 45380 33714 45352 50830 49158 51473 45051 37170 27629 35627 41246 36549 30232 36507 41396 38098 25583 39602 39624 42972 45226 42224 40875 40291 44431 50156 36610 34463 28750 32999 50052 44450 36711 45559 43893 39328 32656 36868 41285 41208 50357 58666 39626 43577 30071 31619 41037 41165 47755 52757 46324 39493 51300 61015 58222 50051 37710 37964 34887 41924 34583 46385 51776 44501 34546 37176 38313 27555 26742 32990 41098 37614 42828 47799 36093 43547 39698 37110 37665 51024 38050 44371 44321 39052 23642 19331 25214 38055 31031 38301
45830 45059 52859 43801 44068 38694 48220 48576 42189 44612 55577 46182 42032 37866 36098 28794 27452 41812 51873 50853 45460 33697 27549 27355 38339 44350 41872 34374 28800 23559 28045 40667 43779 42446 56180 51695 39104 34271 36578 58424 53602 50752 42566 34072 19540 24724 22483 31530 33480 39640 42418 49534 42519 42071 36272 37873 42352 54933 46447 52732 54379 41198 36092 27991 35591 40876 43898 57836 50587 47273 51888 49428 40458 33288 46295 46477 52077 52539 45368 32512 32873 45282 55205 50030 43346 41109 43582 48995 46040 52467 44937 46758 49156 48756 45858 41708 58052 46083 34925 37693 42369 45968 43620 34721 38196 42398 33551 34078 31868 34819 33413 32475 33580 41378 49778 46874 49513 32846 41657 32328 28853 23219 30296 34391 32751 29981
43819 64827 49556 49294 38521 37907 35079 44301 51616 42447 37383 40395 32899 27104 36765 42037 38243 44753 46041 53273 47089 39169 40037 44885 39354 35391 40781 39254 35865 23290 18950 16941 39694 53717 55995 53670 37066 35773 41905 44105 49681 41457 40531 34164 33411 24630 32104 34010 28994 35648 34673 43637 47174 34127 34973 46686 48359 43651 55862 51069 40975 40375 30069 35847 36721 56307 54309 56881 40864 39508 52527 56999 57082 50273 46144 55377 53051 43016 47017 41285 36114 42842 60600 50735 40435 46667 62673 63461 54191 43041 36832 28859 43523 45126 41915 45384 37756 46132 39751 36605 54280 50847 45046 41344 44559 42536 32347 30336 29313 39750 38928 30672 26391 39522 53922 56732 38667 38779 30347 35020 34851 30217 26402 27992 33616 35298
46211 52444 55664 51271 37417 27890 37647 52570 49943 33054 33807 33159 36621 37179 35905 48223 47317 58112 62491 50108 43824 51098 47550 54763 52152 41007 37008 40416 42783 24904 17604 31777 36577 44780 50120 48541 46513 33970 47092 44469 45132 45393 47971 42520 44719 51718 39978 38378 28703 29681 40009 45205 49405 42735 40244 33408 43956 42116 46197 42108 28160 25721 33500 29039 38134 41750 49790 49962 40720 36433 46053 56214 56275 54192 50625 47588 46870 47353 33554 43120 41763 36193 40649 40333 37385 36480 51097 54503 49695 33680 21561 21962 35155 54553 54029 53440 47550 39928 38534 38064 42996 53560 36076 29223 35959 42224 39238 36043 38224 28052 33690 43259 39301 42363 48889 44483 37077 24198 27947 43478 43146 41826 41341 44202 34263 31873
43382 49611 50722 38957 39364 40878 53126 54026 39821 34559 39762 41136 26358 40177 44339 53744 61801 55947 49894 45309 39571 48821 55076 38066 36620 34973 39843 50443 48292 39515 21939 28548 34155 27546 40210 45213 51979 45187 42601 42723 53350 42963 50209 45353 50832 47838 55394 41839 48966 41747 43789 48289 40382 48088 46213 44387 29243 29395 25726 23082 31479 43642 46248 46169 31365 42106 41385 40290 29569 31084 36084 46733 47448 45534 45362 50003 44153 45943 50816 51372 46063 42849 42654 51337 42603 47770 57443 68032 54654 37058 25400 20453 25686 35281 46042 36865 37466 37626 42257 53072 55540 53313 40715 35078 35990 36244 46344 42160 35171 37400 40296 47389 47953 43748 41646 39960 39170 32494 35823 44269 54800 43880 34688 37562 35140 28903
34849 34407 42069 42640 39277 47961 51239 52171 38959 30821 34270 41940 40151 41502 59480 57512 53157 43414 37027 38893 41278 45827 40806 45530 40955 47148 47078 54404 46250 42952 28228 32109 35480 36292 42888 45064 45532 33739 27974 44672 47092 45985 49951 61959 48776 43239 37314 45665 40522 51165 52165 43886 52136 47979 48078 38219 29296 19378 22685 29332 33490 45877 43094 35528 18957 25504 33061 33058 40818 36831 50520 42754 43059 45640 38228 51666 51426 49308 45595 44978 40244 44944 49247 53067 51370 51256 55711 58301 47136 25250 18398 21088 26280 31889 35877 39120 35737 50922 56512 61067 49261 48871 32882 26342 32474 38283 35755 38587 37058 34626 38373 49921 48192 41401 28673 23064 35918 36999 44432 41170 31165 36194 40189 47885 50216 38653
40592 39824 33861 33666 48326 56267 56604 45302 41789 41126 35291 40303 34220 40372 47987 52370 42912 32333 23402 34523 51803 49697 52843 40685 41016 37938 48163 45683 41134 35927 34618 38803 43978 44271 44748 48523 37982 29205 21939 40849 51760 42982 41780 45187 37963 30869 41764 48715 54730 49259 53243 45475 45452 50540 47073 48127 42491 27129 25222 39300 47848 43919 42974 32573 35940 29400 45901 45862 46508 48392 47016 55304 52335 36108 43618 55289 58061 46577 33603 38273 45902 53600 59611 62161 45187 42047 52682 47488 40997 37999 22347 25161 21661 25152 24215 29982 35933 57446 55265 52392 46503 35285 37619 37284 40050 37475 31120 46083 42287 39155 40802 42487 48084 35489 23604 30012 31344 52397 48016 35793 31458 25262 44234 41141 36215 31279
31844 26754 35218 46786 53824 53696 50804 46171 48301 52290 51138 40527 40141 42472 42166 31018 25443 28833 29645 32713 41172 45956 31645 37769 35343 53647 54970 47849 43069 38401 33806 25781 37956 51119 49884 49362 32783 30103 27908 31681 38959 43833 39406 28824 36672 24358 47092 47442 39205 41895 42162 43936 41852 36502 44057 52102 52416 41285 42467 49829 38676 26489 23997 23105 24329 41643 38541 50300 48562 50191 49005 60178 54755 43372 28923 43562 44753 32717 19049 32404 41721 54595 50536 51702 48017 42953 41142 48352 37434 29540 23514 25796 38978 34666 35195 27920 28331 39684 53212 43946 39404 31339 44668 42203 37546 30044 39538 42023 45673 39211 39698 47963 46311 34488 27512 26850 40000 47606 52373 37611 30201 38675 43527 38131 42415 44341
43057 39821 47605 46631 50341 53777 51687 61844 50437 58792 55855 37928 18011 20498 28849 26155 27305 37813 30024 23981 30093 36662 38329 35797 50722 54381 49466 50760 49465 39861 26686 29767 33351 49244 46777 37237 35493 32756 39023 38133 43025 33885 37787 28979 23513 35829 45476 55798 43538 25152 26203 31057 35614 30443 37210 38121 39913 35786 29308 35355 38536 26267 20203 23949 28164 39725 56845 50519 45665 36202 35428 39809 46129 46594 35984 30553 33106 35529 38293 42783 52735 44181 48708 34617 40529 31897 34903 33366 39161 34286 30652 38249 42449 49721 36432 29988 25113 32073 45333 36536 34656 47336 58776 62586 48289 47364 41167 44191 46470 43357 50744 48551 52768 49066 43205 41453 41063 48777 56137 57438 39027 43814 39756 34942 33992 46026
47126 45659 47254 47769 37751 33751 46894 55025 63301 55302 45658 31323 19258 35482 32582 36610 37964 40708 37449 34959 43751 38095 31505 37197 48887 58287 52932 48719 55888 50067 37771 19783 25562 42041 37920 36735 37498 42578 40801 50687 43376 43266 35474 36882 21792 27026 38575 41623 36226 20237 24510 33392 34342 31497 22322 33932 34650 30020 33803 33586 34953 25979 23207 25411 30538 38612 50614 43604 29796 22847 37657 44218 48571 40815 34214 30596 35542 40587 37335 45796 43599 47661 41482 36110 36036 42393 35763 36508 35382 34235 49015 50085 50278 52956 45473 32391 24105 32756 36032 36670 45274 50904 55456 54580 57364 41720 47071 43882 30626 41861 55716 56387 47976 48567 41372 35743 29971 40760 57206 53152 51134 45422 43719 31174 38498 49091
49641 60044 55509 46030 34330 33137 51198 51672 45819 46016 36255 29611 19163 23789 39654 32070 42816 47047 50171 44148 54090 38095 34551 47362 51507 46807 44658 47231 48497 42430 32487 31331 27256 30400 40006 41852 39192 50022 51729 59330 40744 35876 44320 35587 27745 27895 42660 37988 31114 21711 17711 28712 31419 32933 28065 38382 41438 31170 28644 32277 33599 27000 29523 36539 36082 36405 31308 24078 19496 33227 35946 37196 34619 36173 35824 38248 42032 41418 46083 49778 61470 60676 45740 37441 28596 31244 19440 20265 39380 51526 45749 42637 33591 41590 54485 43228 41720 35312 36687 49919 52535 56101 47405 54182 53253 44820 48981 50940 44346 35666 38733 42568 47761 53912 41531 26775 45893 49258 52247 53774 40041 31653 37136 39567 33668 38842
46708 42565 49802 49684 39242 30723 34239 53305 44413 39282 32863 31856 26898 28440 45148 42503 34972 37525 47051 57898 56930 39998 32847 37499 47257 40260 52417 51997 54243 48997 38307 34529 32825 34690 35179 51538 35201 41988 38381 43700 46934 43461 43587 38181 21051 27517 36861 43167 24557 31859 35602 44804 50416 39627 38914 45787 45874 45172 45277 49372 46442 49191 41205 37803 29192 36558 31776 32310 35825 36248 39622 51718 34577 49268 41746 39986 40356 49851 49529 48148 56402 57256 38665 25832 30498 41674 29816 31717 42725 46761 39061 32458 43227 45715 49605 45483 38678 41269 45273 62144 61036 42458 38844 45319 44628 40395 50554 54120 42707 37400 34568 35843 41714 42831 34718 34852 39464 54639 46220 35485 29888 34150 33978 41311 41685 29743
40118 40978 47245 49917 33408 35523 35626 40814 35394 22342 33361 42052 32467 25815 34643 38414 26947 25071 31867 49218 54957 37264 29631 32136 34291 42027 42006 48519 35027 35255 36831 44840 41464 36093 39820 41276 37985 26651 37843 37396 41840 51852 51191 42650 27513 36940 48233 40208 20308 25122 44837 41004 33550 49248 58151 56182 49263 47506 50135 49610 42185 35894 20843 26341 41237 41915 48286 41643 41635 47266 49089 45707 42201 30860 37781 33040 32059 35560 36881 44859 52025 49176 47377 42886 52004 48480 53398 44749 43434 32363 34188 30338 41504 50519 52353 47290 48014 36781 50495 55053 53254 48930 45019 46823 41493 45286 52231 59376 53329 37056 31857 23530 38126 58872 50365 46107 46702 43614 42731 42073 35884 39386 50625 47583 39658 34150
28974 45160 41652 43433 37407 31934 48135 34624 27505 25819 40178 56639 47853 37794 35622 40129 33094 19468 31223 41505 45972 37432 38525 35750 32623 45215 43862 43980 49720 49177 46329 47466 31975 19022 27077 43189 36239 22038 20978 43934 52338 58353 50102 39887 30143 43463 46590 27460 19737 23782 43938 47315 43932 50867 54475 50597 39068 39497 43985 60804 49435 30610 28177 25855 42247 49634 48314 54996 55222 55374 52827 47145 45125 50621 42273 37183 34388 37833 35208 40462 45219 53565 48906 52139 41656 50519 46015 44460 24689 30646 29678 37229 48651 50387 41932 40245 41376 47894 38080 52934 50578 50460 44245 36893 42146 50275 52780 46902 48134 46927 35160 30814 26179 40695 44470 55457 46943 40954 35512 43807 47361 41636 51872 57970 37836 34897
32238 25782 36341 33713 49367 51143 55070 37952 15272 13896 32665 47353 42256 34043 34197 34120 31689 33526 28750 38193 32665 39170 39737 37744 33201 34850 36801 26899 38629 40597 40837 34927 32282 26981 31393 45136 41211 41772 37155 41633 52301 60237 54716 40758 43040 44105 46262 23080 12201 29326 26477 26871 33145 41916 44679 53462 47622 44372 50349 57595 46932 24328 16879 34812 52757 49284 51655 53855 50086 53173 49043 53035 41085 41593 39108 44749 53344 44090 35605 30585 44819 45361 48628 54368 46624 43235 47370 42641 38973 25366 38436 32905 39436 36096 37208 33630 48652 51612 42736 29055 40263 48797 45523 27509 40769 39387 47115 38089 49806 45218 33399 21178 30339 37676 54034 58225 44668 27188 32598 44473 55149 50797 45991 42797 43011 34751
33199 30907 29898 34726 44956 56267 48261 48669 25692 19151 34475 46232 49479 40111 47358 34148 40227 38475 47478 29966 30319 32527 40193 34561 45680 51866 44682 42970 48310 51523 49776 44697 38403 37022 43646 54811 59571 44321 49452 42500 56377 51588 44421 36293 41331 47087 47514 41134 21533 25136 33091 27323 37204 39149 35331 32460 38243 45930 43129 44222 45043 38883 24558 36517 42792 48279 41754 45335 49943 49782 51249 47531 48758 47535 54502 56063 54984 50766 34619 34118 31479 40538 40043 47308 44764 48236 47475 40154 37619 37938 24445 35377 31590 27651 26969 39950 43689 48885 34527 34367 47294 44876 44545 36819 30604 41563 41165 48686 43221 51654 33967 32531 25034 27238 45277 53101 47018 35079 42615 49346 44358 49014 43373 39818 41412 34863
26796 32747 42176 42930 48424 51266 52322 35459 32732 22956 29571 45274 44150 32363 39714 36573 38850 44374 43638 38492 28363 31112 41961 58348 45978 41799 42538 36169 47658 53598 42839 43807 54189 48596 53834 48041 48003 45350 36123 39899 44157 56499 38307 48912 37883 49595 53341 57896 56521 49629 43953 35808 21267 30894 39698 32177 46024 49693 45691 38741 44056 42875 38888 40753 47337 36445 28429 35551 36920 44052 40268 47277 46305 46406 41699 45910 43295 43442 31842 25921 33030 35369 33142 44067 45699 49687 41954 45693 48392 45902 35167 19474 26913 29554 31881 46429 53489 40914 45729 39253 47723 46049 34466 42722 33288 45691 42023 46367 53188 48804 36201 29937 33098 35510 46676 57686 41272 41512 43158 50044 55573 54425 49941 40463 33678 31050
43056 50706 48473 48676 43600 46861 33140 31399 18921 31325 31105 35660 45871 43526 33853 43567 52664 50710 46854 37521 29955 38664 43651 44257 47331 41040 40282 31709 42027 53200 57608 47635 42902 47486 48401 56529 54435 48895 40257 37843 48932 53575 44233 32449 44232 42574 52838 61233 58965 56393 47228 45247 43800 34870 37514 36315 41364 43105 38797 39218 45239 39949 38817 39916 43789 38156 37831 33400 37858 31500 29845 31456 37940 39868 45226 50796 40397 29440 30737 36833 49377 46565 42527 46675 53564 50767 49558 45443 49620 55665 50296 46495 35130 37628 43306 46455 51408 44943 37303 49612 43340 37192 41382 40326 54387 43254 48839 48572 44731 49180 41429 30703 33165 42253 40123 39243 45362 48696 48252 47643 52181 50834 48912 52817 47645 38053
28278 39705 45083 46635 58519 59117 40648 26395 21974 22857 23254 33552 36463 46411 44073 44824 42149 52849 33748 40710 50408 50653 50426 55829 49847 39365 34998 37791 47227 69154 66714 55399 38804 31332 29055 35133 45747 40173 38252 36785 42829 49508 44271 36786 37561 49725 51946 56966 58959 63063 66772 57837 45946 43261 36017 41664 43447 45832 38263 45307 47661 42170 48484 42584 38622 34468 36840 37776 33341 35276 21750 29287 46288 47847 41857 50375 51351 53902 38841 33211 35237 52663 43926 45915 49358 39454 32499 38952 43989 52777 50002 48332 35904 44540 42362 41717 31877 37342 40063 37719 38169 23448 30756 42462 43242 48218 38898 37802 45067 39607 32098 26312 43587 46936 35590 36158 45686 42823 42892 43668 49378 43586 41501 48826 45725 42649
37277 34285 45547 42660 50771 49810 43504 36161 35989 28497 35095 31653 39076 40378 46618 47273 49922 49289 38333 31213 33401 41022 40548 37805 39779 43316 37016 36923 44368 61000 58189 42898 35385 25584 31088 42102 53211 58946 50740 50077 48488 38434 36907 34560 38119 47277 45934 49027 48280 57907 62536 60079 39776 36103 34712 34418 35266 45027 39429 44938 53892 54348 42268 41137 27044 39260 46002 45117 50446 52705 42376 29517 29096 38724 35135 52020 64915 59110 43627 33449 32438 44098 51693 56005 56035 42467 35904 39721 41877 44947 51626 54109 41222 39111 44746 29724 26288 21377 43611 49237 43522 35600 37208 40254 38971 43476 39856 43207 45796 42676 33174 32845 37949 44007 42927 41537 43104 34054 43006 55814 45795 35228 41013 47714 47075 42188
31534 29841 37138 40259 43532 59193 60983 47571 47627 43041 36584 26309 21011 39059 49298 49219 31677 32655 33038 34232 38323 40331 41225 46233 43623 40263 29075 35502 39492 49988 54895 49104 37816 33903 25911 38019 47961 45941 48637 49619 42277 46796 42323 41081 39665 46844 53498 58855 54702 55206 61399 47989 42538 38579 47028 45591 50286 41223 46400 41560 46402 60077 48781 38956 22895 30482 38484 44521 49313 53050 46195 37710 30895 35038 50224 57159 56310 58137 47059 31822 30304 34863 52647 62718 51780 37624 25756 43151 37008 30472 40558 42823 37964 36741 38543 33117 20298 23992 31409 41311 45603 38697 44648 36197 38519 44343 52098 52413 52993 36273 32960 32798 30509 29657 42424 48705 39593 39025 41230 50962 38967 39614 29978 36849 42231 50912
37030 43885 55473 54447 43313 42352 47167 44172 33479 45797 43811 31843 34537 51038 50670 34780 28786 30755 35002 39405 31308 31276 31618 42823 33301 20497 19518 24084 30045 27824 32919 33007 29032 34587 40745 41806 48230 44843 35313 42948 35101 34565 38678 30144 42056 44217 46334 43229 56577 54784 57510 54950 38252 42427 44821 54909 46994 53575 45850 44491 50824 59579 54667 41207 39348 37128 30124 33548 45389 56180 58154 44263 41284 42843 49259 43828 54767 52028 45784 38639 28834 41988 44472 50652 48150 44605 33766 37096 35767 35758 36419 40495 35324 29126 32716 29953 26680 21984 30516 45479 42451 43581 45567 50628 47375 49081 56094 41904 33477 30921 36572 39691 29797 37465 43190 41489 37800 39380 45089 36504 33419 31304 43183 50675 58561 54831
44288 59250 64378 53870 34028 41500 48397 41492 37761 46173 44197 40815 40489 47368 42486 31480 21560 26058 34291 41405 45384 38691 43568 36429 30512 21664 27884 25443 25463 34401 41897 50968 43136 42214 44023 42161 30598 37626 33345 27343 31873 41406 46029 42541 44562 50464 39076 43547 50157 57458 45759 38744 27601 36128 54220 53320 61470 54114 55036 57834 47976 53339 49593 53769 44607 37990 33992 40987 47050 60063 43422 40383 44813 46215 53926 54551 44998 54506 39632 31053 36826 39884 46196 46746 37890 41137 41001 40811 45480 34553 30350 36936 43985 30249 37760 34945 34543 26503 33890 32519 44507 43211 52542 56976 57619 45125 44743 39763 32441 44441 49284 43905 43436 34458 37425 31236 37378 41878 44439 33803 24148 35968 45824 51665 61186 63151
44000 55357 59251 50057 37996 33696 48809 33903 29674 35583 41585 45707 39808 30892 30888 28116 37200 42187 32823 42637 39118 37161 33829 37990 33854 38973 38340 30749 23170 35775 47088 46023 37275 45266 44545 45480 37727 36557 31332 24007 21313 36911 38514 39269 47450 53280 38773 44839 48249 53512 40831 29853 34670 40440 49000 52425 48308 54932 55585 52860 57183 36931 48285 48007 52873 42115 43101 34879 39847 38027 47413 46891 40474 39794 30218 43435 44950 37785 37462 33970 29066 47082 38265 42340 42377 49140 41680 36527 42399 34097 32724 34398 37325 39299 42915 38464 33613 42480 47321 51769 46707 41212 42362 48874 53041 41123 29408 34010 30393 33653 43051 48524 51375 44962 34918 30247 34768 32568 28314 36359 41870 37498 50295 54068 50265 43391
41485 43375 42955 47151 38346 36511 40413 40196 29722 29045 40476 43803 35696 38753 41290 48456 37036 38934 38536 36016 34596 35827 29993 24934 38381 41801 38614 35181 37823 46150 51078 45249 53806 49760 48381 44020 39507 37289 28015 29695 23137 22294 35770 49090 52331 48996 41999 33491 40111 37178 29897 18261 24480 34705 40601 42937 42643 51672 55417 48952 37134 40581 41602 55265 49872 42590 36372 38878 43165 40138 42093 42394 47765 44587 35432 33101 41342 41767 34676 35020 42207 42566 54087 46677 54473 38290 35098 38118 51589 43949 31744 32039 43047 39545 47316 47959 45571 47107 53621 47044 45496 44326 40671 43187 45185 51720 45845 39523 38488 45786 58211 51467 51361 43909 41207 50786 37432 34079 32047 38554 42995 51425 47704 59126 54948 48229
41740 26661 34014 36516 39662 37731 41361 38351 38362 43064 44633 41589 34927 33525 33731 46318 45293 42034 41249 30867 23178 32117 36808 40022 46712 50732 35848 36468 46210 41117 44144 41541 44328 44840 39284 39225 34746 46034 39295 32521 33851 35197 37831 54939 41660 43087 49076 37323 37609 38159 38236 38962 33964 40124 32323 23452 22053 33252 40831 39797 41681 37655 44064 34365 37500 41695 39257 48674 44185 40104 43994 52315 41868 38363 30507 33445 39039 48369 46283 37993 50459 52958 51781 50693 54508 53195 43433 40591 41919 44515 36372 34586 37787 46288 43147 41971 37685 42373 49103 53321 49651 36809 34821 45637 43623 50449 53999 39511 31424 30865 40728 45841 44347 58246 41697 43165 39225 28044 30903 41458 52329 43531 54136 52302 45918 37401
38377 44370 44854 48435 36308 29847 42616 39881 44453 49982 46171 30918 38538 44489 44007 48081 47610 29546 31915 35548 33619 45117 42548 44691 45410 40283 33122 37290 52291 46860 44008 43217 43225 35805 46457 52194 47394 33465 40623 46588 41689 53471 46447 37837 37989 35027 40792 42304 46649 43662 46969 40231 45601 35560 36795 26557 34750 42941 44409 40599 33688 31726 26617 37678 33128 37484 37334 37455 49561 53112 56521 58651 45818 41752 35986 38165 37197 37907 37974 42114 40472 49314 37384 39936 45572 47200 47460 46504 49354 50249 38645 32229 31520 39264 50085 44067 34597 32041 40467 49862 44357 40387 33719 41915 51919 50999 45904 41197 39547 42708 35407 45983 46685 42314 38280 33900 41323 33988 35942 50764 52671 43540 45535 57689 59053 46725
46985 43951 49424 45828 37904 30173 46420 51178 47651 51905 51386 42545 31716 31731 41158 46245 41651 52458 40097 32632 39418 35514 51478 41334 38430 34758 37008 48683 46898 46384 49009 50780 46401 42908 49821 44309 42515 32359 39789 53190 51989 42787 44232 33769 39637 41972 33546 47597 53267 64079 56038 49950 43406 38539 34305 36430 31069 31844 37663 33717 33700 30742 30712 35282 40634 29336 33525 36767 48734 59229 61195 55149 45172 35559 35694 34404 32653 40193 37354 53190 41464 34286 27384 28924 47157 56515 48807 57071 43207 33256 29896 27053 16854 34413 43994 46487 27210 22407 39253 51019 39970 39076 41022 44188 41359 45310 44480 54678 46046 35998 38460 44158 36751 34123 26151 30217 33989 35561 38378 41309 50563 47957 41857 34669 37054 37404
49350 54201 53803 56735 39651 26255 28141 42434 51129 44551 33461 40289 33897 40188 30435 35718 48258 49596 46273 32252 35496 49981 41194 36467 37438 40958 39664 30800 47398 49284 54758 42250 41365 38162 45178 43307 30445 39266 50122 46079 52317 46076 37327 42075 38597 32729 32453 41267 56765 49689 49020 41962 43028 53218 49475 39642 39983 42696 34098 36099 30354 35849 36803 29480 37592 27361 27581 41923 50062 45409 48779 58731 60433 47406 39595 38876 33810 35231 50514 43838 36931 22921 32691 31286 35088 45617 51345 45196 40998 33848 27573 29682 30993 28770 40273 39716 42683 32338 42496 40213 45593 44206 44089 51080 50312 43733 46060 49511 48166 45047 34336 36115 30653 21203 22000 22286 37925 39967 35097 42184 43303 52631 39577 44730 42011 40418
51177 57964 57252 51106 49736 29333 30038 40512 34167 34084 41169 31596 43216 35357 35612 38013 52796 57241 41308 23177 37436 52003 49546 34366 29131 39771 33107 33215 41112 40968 36739 46256 46239 40347 33018 26924 24525 29832 36083 45349 34528 40972 23953 29986 44680 46334 34531 35824 45455 56441 56582 48725 40931 40306 32914 26119 37861 36403 33112 27542 38305 47348 56207 42237 27410 31287 31645 36630 50033 47492 43820 54828 58757 41873 45459 45674 59525 56685 58143 52900 46801 34629 29639 43665 43486 52011 39796 47197 40930 31986 24496 32745 39805 31206 22664 35731 39662 49446 43108 42089 43840 37554 46391 37950 38086 43265 46352 43656 40642 40534 38051 37242 35534 24921 23183 38991 55919 41880 25082 32279 52702 48088 50706 38916 49031 35767
59384 58745 56466 57633 47337 50066 44869 39515 46970 38753 41701 41340 36861 28433 22069 32474 49100 48118 38292 36684 39197 46583 42107 28247 32526 45260 36186 37549 39420 46987 44949 48295 45986 31236 25595 30297 21089 20626 35108 40103 44834 35305 27856 28293 39304 45875 33694 40311 46053 56767 46307 38071 36331 31891 29456 32775 36578 45545 38015 43615 50463 59916 53498 47252 35175 31143 39518 44037 46345 48211 46733 43528 51084 51841 53731 53364 57778 51975 42362 44526 52480 51754 46682 42657 56872 45485 48950 38795 38973 36727 45931 53998 49479 42772 39165 32733 45096 50508 49172 36602 48472 54525 41602 42071 42146 48185 46895 33691 29033 41962 45256 43935 37573 28374 35873 46014 52087 49457 48978 39773 42999 53048 55541 54230 41863 38575
52089 47691 45865 51556 55840 50108 53011 36849 31109 43349 40404 33378 26564 23119 27978 45477 50029 43431 39556 33758 38773 37247 39127 37509 40712 45789 55235 37252 34365 42110 36577 33296 41812 45309 32753 30689 26925 21922 18966 31078 48973 42105 32733 32976 42123 46553 48551 39819 45962 50050 42570 42353 40448 36554 24660 30724 34657 39974 51112 52168 54916 52515 47595 37896 46611 41608 41274 45515 45232 43280 49530 45015 35224 43637 39879 43145 42117 42857 37253 49604 55760 50171 50966 44821 48473 44007 44283 49156 40439 43896 55183 54131 53155 42846 42810 47218 47970 60392 58781 50225 53363 53654 50878 28382 30622 31324 45872 36414 35680 37962 58394 45991 40742 30526 40606 48195 54455 52001 50261 48021 44280 56730 54465 46763 42648 41596
40438 44343 38872 36220 47897 48054 52286 45101 42577 39560 41659 31915 29494 27908 26432 23364 43589 38225 33712 28000 29393 40167 41864 35251 46334 56590 49009 37643 38763 38667 32085 31395 40816 44790 41453 41459 27782 28260 34046 42005 46847 49214 39196 32459 42307 41588 39913 39325 51036 40940 50099 56104 59055 39449 35548 34356 43566 48544 61760 53421 49921 39609 36567 31173 39473 52401 52662 43246 43666 43766 49684 42406 46351 50299 40123 35290 39580 37404 40834 37609 41090 46580 63077 61117 50151 49673 47780 43816 53568 48449 54499 50823 38437 47437 40153 41034 52199 61484 58686 46268 42839 48018 40942 39387 30787 36049 38606 43393 36766 44197 48336 54919 40986 35660 42954 49216 51586 53936 41371 39032 45389 52224 58201 52172 33754 38733
44253 51100 44730 51270 54433 46875 41521 32857 36303 39895 29435 27386 37041 37859 35592 40448 34335 43339 32703 27412 43051 50453 51980 48889 41775 46037 47016 38546 47671 49037 37270 30847 40495 58717 51811 47319 44628 33715 36256 41714 42375 39375 53707 45117 42359 35908 53706 49648 42255 39508 41023 50743 53562 38528 38505 40469 39337 46546 56248 52162 36453 31996 31121 26830 22717 45805 55513 43577 38586 35486 40824 41748 45907 44300 28503 37242 44275 38072 40275 42487 35264 43656 56369 53999 43008 38022 36651 40385 42990 49517 45081 40789 32333 41552 48550 42164 52107 62157 58171 61955 50550 41545 45079 47869 44711 35753 36591 43644 42786 48779 54715 51541 42433 45759 38670 28251 28894 37531 48043 40154 45180 45615 50059 49037 45599 47206
37960 46240 52092 48106 44644 39179 37975 34499 33200 43140 40833 31678 41519 45163 29115 26275 40060 31258 31990 30339 33487 54663 57035 43770 45242 47629 40061 40909 45288 52688 40689 40186 46260 43246 43353 45739 40226 37171 47392 44800 44090 32492 39963 39100 33401 45973 53086 53432 45646 37835 38943 40916 39247 44173 46906 51050 39828 41865 36810 36474 33790 39900 32106 27464 32894 42980 42044 43200 25483 34660 34083 54045 49452 36684 33924 29852 36543 48637 38457 41228 43013 47860 53622 57427 57299 39091 45349 30205 40577 50504 51269 41764 48990 50932 46805 43538 38889 55891 63838 53001 50061 47209 50550 50426 54116 51255 48559 34707 43495 52256 45794 41714 55234 40215 26838 26793 37695 50447 45087 38499 35739 29789 34588 43803 58386 60094
29869 29622 43595 44056 53110 49247 41517 27717 31831 38679 42372 41304 35158 29784 20811 36779 45644 42256 36055 37804 40277 52616 57943 61358 42799 41599 34838 43751 52635 52616 47277 37167 39052 38624 29544 31341 47684 44797 42579 41340 37746 37126 37476 35917 40637 45301 53823 45913 41002 45658 38106 26949 27556 39069 32620 32796 35479 28165 45234 43042 47875 38336 33189 36107 38690 41551 43675 36411 24761 17596 30857 36416 42051 26017 27846 26070 34176 48204 51244 44382 52370 35478 34884 47547 48992 44240 37301 39075 35328 44645 43062 45553 53226 50564 37502 37861 42657 53960 66348 56964 56478 63026 52923 52955 52959 53544 44414 36675 38538 39742 48092 49766 45774 42871 36397 34416 41892 47395 52233 39599 24737 15721 27834 37406 47667 60772
30556 29008 32149 42229 30428 27239 33629 35850 35971 46458 46790 41731 44332 35293 33036 32764 45497 51716 35585 34112 39564 40871 44652 51192 45822 37492 50001 48360 54873 47045 32244 35654 37769 43423 30300 39532 45420 46794 45394 43423 34367 36190 43148 46648 47376 45752 55056 45893 43230 47466 49646 27952 18027 18690 30188 29189 36486 50720 48898 58961 48780 45206 41398 48963 42075 52887 46426 27785 30618 41438 43994 49031 48142 37827 27207 28343 31244 37193 55557 56039 43909 37465 34779 46029 34989 32239 26438 33854 28710 42320 48431 55339 56614 57534 51952 31769 40860 47758 63011 59225 46731 41564 49118 48518 46424 49362 42910 31229 38655 39684 36354 30610 45015 45345 38144 38608 50053 46049 42555 34445 24678 18143 19529 36205 38648 33971
30675 31485 35351 42236 48655 39804 38558 37817 41422 34655 36528 44780 42305 36048 39890 41544 52285 62721 43850 29055 25339 33433 37754 45136 38949 36395 37103 39294 34871 47250 32223 39381 31422 41005 44517 50941 48981 48509 43255 41344 42512 52407 50489 48598 42113 46156 43072 40298 39835 40087 38524 29330 17188 18993 21911 42526 47173 53629 48086 51476 49825 42788 48144 50090 45814 42836 47519 50887 37575 46382 43781 48281 40005 41809 21920 28231 35756 38058 47182 58364 50516 36884 25637 28187 30287 30400 32632 34921 54665 56260 55230 39259 53547 54580 53727 46314 46464 44377 41331 41792 54612 49919 43104 30397 36714 32127 32836 31599 36107 38654 43282 40419 37390 47618 57420 53696 51900 46535 42188 34032 18403 23822 33383 40023 42649 32372
30000 37917 42631 45864 48829 42047 38895 39161 35707 35388 37830 50905 43064 38207 43366 47717 49689 50453 37837 21593 25782 34512 47762 41332 33518 20805 32402 30999 27713 40677 51837 47721 39104 37172 54386 54363 51450 50946 43162 45955 45631 39544 49058 47218 48161 38995 43226 50453 39397 33446 32095 29782 33383 38920 49084 51543 60707 44128 40473 41161 45997 48376 42140 42643 25967 35280 32274 39306 48019 59449 54552 50072 52617 43398 39494 26714 39424 43731 45683 51612 57120 49054 46777 35976 39164 36072 34360 44197 52756 53699 36386 42771 46101 60589 57482 50277 48566 45135 38124 38066 43754 47243 38373 29368 31569 29209 38324 37219 39716 51262 41840 26180 26714 41808 51218 51841 42245 39554 41906 36561 34103 20757 41774 48554 54550 31681
40787 27723 32762 41128 44107 45073 43965 41924 25166 24693 44099 46670 40342 34774 36871 42853 47932 48493 31282 24467 33003 45969 50353 46220 37701 38622 40120 37604 31004 41175 59563 48435 44321 41100 40370 50327 40777 34548 25519 32619 35433 46073 42869 43328 39757 33071 32372 35756 36565 30335 34164 47468 43989 55011 60027 66338 52641 35589 25693 30591 33619 46655 40598 29962 35317 35704 44736 46024 54483 50828 48763 47915 56552 40720 30341 32284 37749 42907 40076 39432 49531 56244 41067 42420 35704 29254 42367 53754 50904 32427 24086 28655 44797 52980 50043 44780 45334 44031 37109 28902 39704 49943 42619 36765 36148 39581 38922 52096 54300 50851 45258 28722 33374 41156 54425 42881 39749 43488 49423 37922 32779 27543 33064 53591 56796 43390
37951 30094 36740 28810 35999 45527 50447 37839 29942 27430 46478 53942 43664 34912 34720 34066 35472 40373 28110 25424 41519 40436 33432 30365 27125 37389 48136 46983 47985 43580 47077 51239 42992 38056 44804 45579 44019 28852 32402 40435 50460 39117 39771 36199 36279 24867 24223 28158 46918 44159 43731 47144 53839 59655 65106 57886 50400 32431 29250 41184 52009 50667 45372 38139 40399 33591 22039 35679 39203 55230 54920 51405 48331 55678 35403 34687 47015 53619 40836 37496 44311 53636 51929 35566 34666 39237 43199 56083 49782 32314 35000 31527 42322 35941 34904 38619 46887 46059 36127 34977 43867 54289 54356 44326 43595 47568 50876 53765 49882 51356 39138 26365 25187 40556 46482 45874 46521 46880 35681 42368 37908 37936 34027 44494 47553 38312
46380 53195 36771 29516 25359 33290 50477 35395 28154 32283 43740 45992 33507 33489 26893 33635 31705 38110 32296 33714 38099 39128 32185 28599 35226 38583 49693 52078 48126 45839 33162 29570 41546 54496 51295 44998 42451 26202 18262 29388 36780 31133 27621 32691 33981 28208 17630 38700 42468 46319 37556 41555 47970 48463 56791 43104 29862 34101 31598 36755 40069 49202 38941 42599 35923 51958 38445 34823 41781 49236 54855 52546 46405 38960 30290 33312 31625 39604 37915 43248 47375 36001 41096 51624 41972 33950 36998 46609 56383 48391 43528 35164 38626 33441 29902 38727 45047 35385 31636 30073 44478 54884 54331 46943 34266 39296 50024 44900 49505 41739 36765 37174 41601 47660 48425 50472 38047 31715 35042 34435 46882 38575 30036 38971 43977 36600
48992 46404 49723 38145 33983 48040 49454 41820 33126 38821 41248 44312 40193 28200 24064 29639 39068 45149 47433 40194 42340 30931 34223 30111 27779 29794 37873 48525 50040 49057 45368 42712 44750 50063 35823 35581 36779 34735 21728 35068 46384 39400 26508 37264 34681 26237 25524 40956 53262 42957 45553 47581 47848 41033 32839 35474 29092 29277 32170 37417 38365 51235 44095 38147 38687 39269 35911 25436 38689 51598 67375 55299 31634 22160 36562 29990 35053 33404 50267 55439 41507 32887 28476 40831 37268 29267 42139 45840 55905 60264 54835 45707 35913 30345 34144 46536 48805 38344 21325 28908 34048 45928 57483 42977 39045 36553 37755 39258 35579 46334 36512 42259 47373 38678 35464 43512 43196 28227 25414 29108 42036 37949 33406 29212 28150 37239
35597 42093 43825 43071 40747 38437 39030 39356 50252 43075 42913 32768 38400 33898 31177 35220 46643 41656 47970 37449 42408 42225 39823 46466 42471 36620 34448 42576 48726 51752 49944 39238 39532 41203 40401 36542 32201 34460 33839 44772 45920 37672 26312 26199 43103 41417 36969 47316 43503 34043 36272 42613 37950 40451 33875 29408 21581 36201 39796 37367 39676 41213 35882 24684 39226 33833 32192 39104 44338 47059 50162 41417 20227 16251 28516 50909 40663 37618 31988 37579 32629 22543 19153 27370 37308 38738 37748 46652 47180 48323 40009 47918 35426 34294 32788 37249 40358 30091 24870 18104 23517 31678 37672 34918 27863 29853 28187 20876 29456 32555 43305 46791 47669 47278 38207 40136 46857 31219 27500 42170 46158 50742 37719 32108 34452 49440
37034 36862 44516 36655 39309 38627 34296 25578 34070 40097 44016 49871 42775 41370 39076 27189 45711 56430 47398 32762 31642 36461 44528 51143 50758 38402 41852 49239 53069 52944 44241 50274 42427 34837 32569 39925 48850 40564 45922 47315 48202 41037 38740 37081 38808 45295 48623 52866 61109 47477 45831 59915 61428 47119 34779 30819 38438 35204 48179 34767 46797 49947 45155 40224 33037 30571 29583 36334 43395 50215 47630 44881 33585 29525 30363 38683 40869 35483 40574 47753 49565 38856 32769 22588 24902 37201 51931 41908 33485 27381 32377 36697 48276 38776 34953 37877 37848 31672 21463 21589 28527 35735 37924 39372 44999 35585 25153 35829 40908 40672 42402 36403 35322 34140 33753 38026 51629 44869 30480 42498 54242 60493 40459 30975 42613 50903
26026 24308 39006 42104 39245 33525 22742 23745 41070 47959 43457 38266 52146 42954 34586 41923 48652 55442 35486 25768 32142 44403 49328 51640 52444 48302 45011 53787 45195 47296 49096 37528 31981 42314 42354 52751 50534 52898 56985 55394 56710 40665 43869 55139 47576 46962 55151 62802 59316 51829 44926 51289 65431 55910 48388 32986 33369 37745 48683 46539 45139 53336 48050 43836 37051 35249 29868 43283 54339 44111 41863 37757 37473 37376 42784 41425 47763 49938 57957 53421 34836 32463 38253 32262 37984 42068 38844 31041 27689 33173 44863 52799 54113 52877 39008 46439 33490 34712 36540 34890 28101 41667 40239 33583 35395 35394 39604 35351 34595 35335 27481 26109 28952 27737 36962 39748 49643 49617 38468 39741 51552 59046 61067 50855 57305 54988
39001 40332 44534 45394 36328 31268 26547 19264 27842 39631 37502 36398 34384 38928 38034 44538 49145 34694 28737 14077 26145 44175 43613 44749 38695 35844 37761 42903 39601 39354 42525 52732 43455 47522 50731 54440 61861 56109 56677 59584 42397 35284 33644 46318 41303 43044 50670 51155 55665 61367 54585 52485 59682 54398 40572 35132 38719 42900 47805 44470 33963 38194 43808 36880 40265 32785 35333 32453 45870 52626 49263 50790 42952 30274 36759 35073 31694 42999 51072 45919 40751 40269 44411 38339 38444 42767 42721 32530 38056 49189 53573 60966 56162 54489 53379 43808 34126 26504 35914 47298 41490 40559 40582 42636 38023 48988 37942 49297 40438 40528 41820 32016 33003 32368 41225 52776 55059 55664 34210 28719 33794 43243 47384 52110 41518 40009
45138 38341 40448 41775 42636 31888 31156 40179 48061 57495 39499 30715 33048 45401 43764 42363 39533 36857 28549 30128 34943 40808 46596 42852 37410 28609 41644 49349 39159 35550 51367 40184 32744 34996 49358 50338 43093 47628 55053 56037 33850 25081 30404 40825 46499 47324 38723 42918 41435 44773 48086 47995 49343 37342 39165 37786 42578 43241 37543 40072 41958 35292 38686 24432 38895 42314 29699 30207 51792 65212 44659 36744 27333 32369 32420 42351 39275 41980 47685 32910 30827 38355 45465 39235 45792 48292 38093 30332 43566 55155 48950 44938 51021 47317 49226 44288 38376 38026 44852 42795 38653 40956 33667 36752 41334 37424 43415 38532 47742 36401 44128 41936 36668 52062 66536 58965 58929 54150 43437 19607 25335 36466 50421 57763 42219 32247
39329 46870 44789 42509 34634 33308 38040 36606 35949 39974 49386 34712 29307 31065 36230 29180 35933 30823 33328 22117 26056 37550 46024 38312 40323 36764 42528 46367 42656 33604 45563 41040 31687 43072 55255 55929 43753 42423 51899 46802 33848 26510 30315 39753 43531 31549 40250 36082 45962 38473 42321 50384 36759 27889 33507 43023 44608 47908 46882 44653 43530 42926 34560 23461 31909 46411 37865 35267 52996 51225 50326 41709 43038 33616 42048 38344 37298 36588 41894 35832 45336 46957 45246 42326 32389 45224 37588 43616 50719 56165 41540 32752 38568 44949 43536 43989 41517 39735 36903 37345 45688 49010 32170 21779 27686 34193 27969 39154 38149 43342 30513 27096 33983 52464 55693 54361 49403 53338 45620 30854 22000 37952 39717 35100 32472 33221
40589 37012 46779 38342 38449 37176 38812 50415 48324 52567 58837 55962 42840 34126 42830 35332 39131 40673 45529 29098 38215 51953 41131 37234 42104 52769 46645 39498 36777 47171 45998 37638 26385 35792 49413 47002 35187 37894 46263 42558 37000 35345 39470 40719 42509 35352 40397 50367 46425 37545 36671 33290 33311 34112 38718 51290 46680 36523 43687 48456 47058 50155 48805 31800 30897 40278 46288 48176 53426 52277 38148 40275 33161 31393 37436 31141 44131 49947 56317 56512 62306 65559 59202 48777 40213 31335 47276 43550 50064 44775 39477 23493 33264 45476 43569 43456 39188 40018 24202 31016 33827 42386 32540 28792 30306 31394 38365 35695 32313 40390 35665 28709 31508 46902 55426 44285 45801 53462 54270 40174 42921 38765 33927 37022 34599 40595
34651 54520 61555 52004 42016 46671 42206 38810 48641 49846 53802 55027 39318 27122 29813 30359 41710 39992 43252 42299 42459 43763 38189 31670 40831 33801 29375 36141 41518 45154 44612 38386 31740 44722 60670 51601 43261 39603 36582 45626 52591 46254 48509 35438 41718 56359 60621 54250 34776 29129 24445 36590 32970 29377 48161 52182 39941 37252 46459 56176 57549 47902 42151 31722 26453 39145 47395 57375 55081 36691 37647 37623 45966 38763 37388 40005 42533 58434 65910 58368 59121 61483 53375 43552 29156 35827 46862 56279 35650 46378 43723 46926 33775 32464 31709 28997 34363 25712 34716 33739 40496 36832 31384 28184 32310 36046 34520 30074 27817 40219 44894 29901 24582 35592 42761 42185 35295 40323 45266 44641 38785 38844 29949 32906 50290 40497
51137 67097 54786 47882 36412 34113 35861 28997 44965 52768 52052 44682 52192 34069 36990 40934 43659 55413 43889 48207 59772 53855 43358 37824 32694 31024 26356 23286 35684 38055 47006 35831 38182 46556 56568 49469 47241 39590 52134 44628 43865 48668 42127 35610 35656 51245 56645 38684 32980 27076 42288 34415 37591 39731 54089 51744 51218 40466 33756 43300 49968 48336 39370 33954 26159 34138 34499 44991 46993 42690 26525 41508 34449 25227 18400 14651 35321 55203 52688 56349 43917 51192 63603 53931 35273 35720 50862 44533 34987 30249 41548 42745 39135 27226 31841 32590 42905 34389 29415 35483 43679 31664 37517 44691 41720 36959 31400 26669 23920 36371 45012 39657 27928 41770 49349 46478 37843 34653 34319 42235 42998 38397 45642 41861 47708 38847
43780 59719 60664 42223 41760 40402 37449 34266 39173 43269 36079 48362 55131 49059 29073 38842 45959 40589 50492 45032 52431 58649 41464 34163 40681 38357 32971 37932 36670 40722 39953 43257 38609 39579 50124 53756 41825 51795 55367 61722 48223 53072 35764 24974 35038 48752 53011 37243 26898 25015 29066 37443 32581 42016 47089 40536 36908 34977 34237 45131 62999 50005 37299 37560 34017 30747 42744 34933 35311 37258 39715 30896 34030 28837 29289 37322 41615 46442 50614 41132 38508 42264 65128 56351 46727 38038 46882 40487 27025 19688 33080 47072 44054 35495 35303 53192 49951 57540 51051 56567 48439 40237 30388 38968 38298 27923 26601 25849 27441 35125 43943 44834 39768 29710 47016 43072 37305 28423 35317 45819 44464 31982 36989 40071 41922 36936
40510 43973 51567 44302 31107 33475 36927 35677 37323 38423 41246 42823 57333 55091 47156 43450 52784 52248 38795 51328 47091 50894 43732 39390 46302 53460 41633 47836 32814 42902 54001 50917 48563 45839 48199 53381 54572 48197 51238 52572 51378 37719 33941 23629 38146 57833 48984 27735 24939 27508 34981 35779 36592 40732 35471 35159 29164 34336 30682 43884 49015 47102 45627 53589 58907 44919 38839 38159 37939 35444 36907 31755 37678 34833 24169 29165 39261 47844 44236 41676 42029 38314 53872 58541 43403 40061 47572 52659 36835 24517 21150 28797 42624 44876 49920 58925 64324 49109 46891 40693 41101 36062 41836 43123 34449 40170 35711 43959 33726 39113 52165 51055 42345 39904 32475 36994 33876 29156 39610 47757 43740 32386 29559 34561 30312 23409
35309 49176 47442 32175 36211 34881 41284 37622 46667 49471 43008 37340 44203 50622 54075 45674 39698 34859 44948 43348 53701 42520 33364 32194 43119 44358 36505 35775 45639 39813 43709 43218 41310 45261 50461 46056 43455 44756 44320 45463 48634 50063 41610 42461 46303 57524 52925 45348 33329 33069 29907 29263 35353 26906 25903 27464 45476 45641 49599 46236 50938 51836 54220 59163 51603 52048 43838 48029 47200 40726 40782 42216 31050 24688 26693 39096 58585 55845 45139 32304 35652 40875 42641 54284 53632 43991 43916 55552 46597 26619 29539 41338 37795 50141 56322 42892 37007 49566 44352 44213 41050 41543 41867 34279 34116 28415 36175 36842 34510 37132 51850 57590 46958 34633 41084 37408 37868 36081 39924 53247 59836 42891 34898 25178 31282 31958
42182 40081 46400 35444 28602 33603 25327 41349 58958 54762 42919 31343 31754 40154 39417 28160 20438 18455 37074 53987 54175 44840 31384 29581 36190 27484 29291 33052 33262 36770 35596 34872 39465 53342 53986 50725 34982 39712 40786 37957 41503 43967 41980 50524 52136 48564 45860 52911 48856 41394 30307 32616 33812 37854 32388 42124 43542 49920 48040 48873 39937 43166 48949 54612 53454 47110 60608 58508 37667 36552 36327 25183 14763 26641 26219 39197 47429 52507 49814 33040 39486 45535 52380 47471 37215 40084 38221 45065 48627 37152 28743 36088 42582 38997 43136 37110 31263 30822 39326 38231 42596 34098 40317 33834 31713 36832 42334 30250 29055 35346 53020 62449 56051 47044 32335 23533 27632 29094 36518 51028 63172 41430 29305 42263 42817 32283
33978 40088 37762 45408 34651 33317 41598 53267 63406 53689 36013 35248 36888 32077 35711 23747 16959 26131 36966 47905 49377 40033 37452 39797 29911 29053 28424 36009 36205 27447 26305 23030 21213 33312 44470 40624 33009 36370 43752 41444 41300 57432 56417 56655 44915 36496 37737 53912 58247 45180 33398 46911 44359 41876 28200 44277 51267 52303 50224 41279 30063 31191 44066 43513 37345 44767 48691 44524 37330 32599 42055 32594 28490 23934 35563 35295 50183 56678 51439 35651 28692 37792 47822 44732 42598 36112 41085 35444 33920 48982 48501 43385 37171 38464 35271 42632 21826 26317 34597 47453 43286 44194 37319 41163 43540 45075 35168 23401 19281 24134 43801 49968 41533 24211 23377 24589 38513 36067 43474 50278 47911 43156 38038 43022 42998 49051
52901 48089 45864 45080 48997 36314 43354 49668 54024 51618 51923 31927 36987 46267 45712 38843 28294 25779 33400 50852 45505 41495 43248 35557 22482 21874 39202 38797 34496 31154 27909 25597 22759 29607 38662 46411 37119 36888 36613 49176 39514 50492 51707 50630 42143 32056 41717 49082 54095 61459 53596 38793 49898 41731 46358 45767 42205 36185 41162 35772 31583 32953 40224 37335 41150 40644 54105 34849 24123 32343 41295 45569 34699 35757 34837 35490 41509 55671 49861 40956 28539 36096 35482 36682 47659 46029 43598 37270 43224 43850 49033 39022 21496 31979 42162 44140 43958 36247 37901 41630 44180 43254 37111 49285 51577 51165 39409 26625 19128 39658 37881 45573 36481 28690 22856 32800 23347 39158 41161 50730 53032 37292 39979 37276 42939 41071
44630 52968 52928 47082 51708 50862 51914 53172 49413 52087 47446 45827 38679 51088 44590 36765 31831 39192 38592 42759 47049 26971 26150 26180 22145 31273 40314 42977 24786 25785 30025 34405 24137 26160 38769 54039 42099 41020 45902 40208 38279 43558 57318 41707 37528 39756 37025 48230 50715 47559 41934 42635 42176 47169 44681 50550 42087 35042 29085 37878 28634 20314 28305 29888 41849 36395 37179 31965 27063 30636 53320 54434 51470 38753 40882 47890 53066 58725 51631 32010 24204 19070 26725 35192 52230 50482 51156 36990 43939 48696 43457 39302 31600 30204 43285 50836 39486 43934 42251 53666 46410 33306 34877 51854 53650 40133 35508 37986 38755 36625 45765 33796 44065 39429 40842 32671 38183 42117 44790 44247 44154 43314 30093 35581 32773 28802
48718 49714 47248 48583 48975 46108 51068 48658 52748 45278 41904 31268 39771 51010 54811 48724 46191 37790 39441 45307 49256 40051 25214 26173 27451 42596 39156 33094 22156 28164 27746 30817 31869 39086 50888 51032 52883 40313 32181 35670 52248 46225 36890 38258 25750 37827 42694 49578 39770 42597 38513 51868 43716 45208 56575 49722 33969 19037 19677 27794 35866 34079 43886 43133 32831 50530 46757 27779 15563 25169 36965 52177 46566 53048 59214 53405 41638 47845 45123 33777 24918 21737 15106 34544 49280 51711 40662 42240 38676 36551 30438 30015 39145 43506 54116 55535 45955 43627 55322 55163 43952 31932 29856 39291 35810 37272 35741 44421 37715 42310 41198 36807 37057 60846 46171 32111 33838 45199 58145 50918 55926 41528 36446 33832 25762 30241
44120 41898 37447 43538 48073 47922 48242 62796 55194 46768 34965 33850 37527 51500 42763 29608 32127 24387 32493 35741 36217 29933 25837 36008 50477 41120 40986 38033 26942 15896 33341 41683 42845 47269 53001 55951 49095 32432 30000 45886 52850 54511 43886 32345 26110 37029 41351 44567 49904 32399 29012 35157 36949 26579 35875 46464 34572 27180 30404 39724 36940 40794 38684 46228 39727 36375 37486 23066 16827 26123 37117 44183 44357 42242 47422 54497 39278 30658 37725 29375 17883 17465 25126 35135 35750 30653 35809 45644 43797 32714 33407 37462 43431 41595 34004 36142 40409 46828 48420 54871 37984 30945 27127 33665 32652 31954 34556 30103 37897 43009 44460 47420 40780 52441 44571 50719 46527 48376 49350 56013 50193 32999 31701 25501 30661 30351
45466 28812 23880 37373 35030 33787 38220 48175 50834 34520 32793 39671 43249 47657 53394 51036 43920 37225 27397 44908 48060 50555 42947 46411 46056 56644 49346 42309 32064 26362 39324 49242 47514 46829 47952 44316 37099 26580 33479 44041 54419 47865 43712 36371 32591 39172 57172 48626 36324 27919 26128 21301 19664 27291 39380 43192 34913 33005 35714 36180 40411 43334 46578 40498 41828 47526 48582 33523 19964 24985 38346 38318 42787 43109 39560 49021 41371 29901 27533 36491 31170 25919 22415 21782 18736 19849 39346 51200 48047 46429 37558 46274 35402 41462 40946 42023 40875 39125 34053 33008 37810 33671 37397 36503 33924 43041 38063 33535 27503 39392 37990 37821 45670 48454 41374 31369 47997 42667 42505 52421 51648 54913 35806 33321 26823 38714
43164 36846 30851 29897 39444 36173 37362 44589 50771 56165 47317 44358 35461 42024 48874 44064 38022 30974 23182 38350 44627 40082 46539 46214 43520 36279 42212 34252 39039 38998 51260 57920 54008 45993 44707 36591 34507 44854 43751 46384 38547 44765 45228 37764 43833 56410 58262 42162 21848 21025 31184 26526 18673 19807 40933 48207 41441 42361 51366 42541 42975 39705 44483 38823 36204 52833 53126 41881 27210 39357 46228 47866 39905 40218 33716 36112 38979 29174 34611 37196 32586 26420 28066 29259 32847 31098 45400 55662 56498 50095 55366 42595 40249 37619 43246 36797 33876 37956 33994 28940 46716 53798 44632 36901 35686 27678 30663 29167 28167 49270 54859 43064 26897 37406 44549 46248 43367 46212 32163 40986 52319 48352 46390 35198 47191 54425
49501 36633 33260 37596 42278 32879 25184 30567 38705 33699 46133 32751 36993 36119 53612 49219 45849 34912 32878 42184 46490 36813 43869 55718 36620 32839 30966 48593 49886 57508 52749 53503 47462 60097 57516 54122 43011 43297 40384 39361 41646 32349 32833 41675 45607 51623 47136 42526 29542 33543 41932 40764 29495 36703 44365 49205 45031 36174 41803 42059 39660 39708 30348 33282 35274 53334 62589 43412 47349 45574 48791 39511 48252 51662 53328 40910 34973 33277 40516 42166 38282 37479 37401 42804 49978 50585 46775 54766 53808 48681 53835 50771 35830 42492 44206 39508 31957 33793 39983 43181 45522 49636 40922 26587 32323 36912 38815 25857 32485 48127 56187 40433 31128 32770 41767 43471 48605 47019 45348 42095 47290 49805 47935 52348 52802 54674
51157 34531 23611 40851 33255 31907 31500 35898 37016 35697 37852 34290 29903 40456 39508 52945 34363 36481 39610 45120 35309 26922 33832 48182 44510 29432 39525 39579 42440 45781 48140 40820 40783 54807 62767 45979 27565 31600 44636 60166 58602 48021 38604 35357 33021 38790 36552 36224 39410 41944 44979 41994 41259 50443 47624 39567 40068 39797 44776 47554 38993 48223 41560 37183 37725 44661 47096 35947 32486 42371 39366 40907 47960 54662 46801 36757 20212 31023 35483 36407 44545 38585 50084 53845 67171 59285 57351 41090 41397 39476 49463 48587 38944 30993 42745 39206 32310 38785 43466 45679 34111 31581 37208 34687 29120 30317 39482 34905 26690 34773 51570 51768 27858 29320 41092 49499 53442 55329 45623 38852 39088 37783 40298 55109 63239 53974
45404 43179 35515 34659 43010 29898 41129 38746 34534 23909 29141 39877 42945 49407 52970 39886 43531 29973 45326 49553 45031 29650 23006 35948 44294 42234 35582 40180 30452 38557 37326 31906 36190 55680 64542 44935 34065 30748 44523 54486 54340 49246 33022 25628 29202 26954 31021 41285 49774 53683 49858 44411 36668 39208 42323 39086 46520 44692 46360 43530 32783 39350 38255 46781 43581 40730 35257 36541 22568 35608 34910 43864 42120 46398 44120 40974 29514 32752 45464 35688 34101 35778 42461 49760 52439 59073 52361 46956 35764 46166 45994 48931 39580 27324 37702 32708 27268 38582 43729 37926 38494 37967 41504 46978 42866 40455 43863 42576 21507 25701 43822 51956 43693 30668 34361 34518 49624 55154 42230 18559 18562 29144 39900 53333 50547 44774
47993 44309 33648 29605 34566 40821 43397 56588 35322 30626 39648 31975 44571 50421 59992 47638 34555 46609 53773 63457 52719 36553 32814 39888 47456 52290 34235 30543 36363 35425 38041 45082 46454 55302 57659 49514 32950 37460 50655 57792 59140 57388 45909 34320 27327 38106 31751 41242 47749 52727 40445 43569 38837 43138 37490 46890 45235 48733 35581 41400 41390 49796 53473 42728 41250 44763 34456 29334 19007 14492 20295 37046 42436 42909 32148 33415 37942 30676 37080 31283 30435 36181 36984 31293 43457 57026 52815 36265 33813 35728 38307 37270 33498 35632 41631 31950 34701 39073 41688 32263 28434 35705 46031 42298 46216 39895 43412 44398 35052 25619 34823 46657 39554 33597 36824 46514 58180 56592 39535 30295 29997 34784 44415 41775 57426 46897
53201 57392 40329 32539 29653 41475 41355 45698 46502 29968 28299 39833 49479 54241 55661 43233 34006 40876 50524 46516 46033 43504 34829 27206 31192 36951 43771 43164 48960 57734 45095 47398 60415 55303 61453 55799 57150 47927 53028 47673 45162 46238 43191 44566 40743 44983 42347 39753 47288 56490 52639 41384 29948 27214 34066 28644 34557 44993 44627 36561 43439 38999 45574 45699 43047 49402 37223 29047 25773 20761 25687 43663 37321 25924 25799 23019 26189 32038 29519 45809 47432 39456 28705 37945 38382 51326 47250 43241 39985 43857 47882 41168 41369 36607 42459 40350 38981 52409 49263 43077 42143 41833 49302 50062 38777 43152 46472 40302 34369 41248 50928 41042 46375 39932 45685 51183 57820 60880 40066 38774 40629 39676 34517 36026 39527 62086
53382 51546 46885 34161 38266 40773 45576 45252 43317 31172 31788 39129 43505 53125 52507 54131 48250 45350 35128 32712 37999 33142 28757 45919 43336 42137 44710 55739 54709 55862 46951 40969 49093 61866 58969 65338 60032 52280 41591 37498 38853 44411 52748 48849 53075 43157 46979 44090 50165 58187 43901 44045 39464 33270 27193 34649 40038 48844 40108 33928 34213 42486 37166 40166 41947 37638 35071 32215 33297 27842 28902 34904 31422 26621 24809 35435 33978 29185 42415 43251 53140 49525 40414 23943 42876 55683 52934 45793 44136 47202 52315 37127 26405 22589 32569 35146 37860 34526 48373 35440 44930 45201 46596 34201 35353 43031 48656 42937 46142 37995 39862 47648 45690 48453 42090 46940 51000 43554 47163 49413 50234 40230 31422 33450 33348 42025
37004 54197 39573 33940 45877 35957 40461 43295 38578 31898 36462 53333 57633 50014 49220 56239 50757 41943 28408 25002 27657 47253 36325 32301 34793 36725 34958 50980 58238 48678 33710 42702 54679 62589 56903 54288 57249 38226 34082 24798 25510 30525 34509 41352 44850 46066 46646 48562 44152 51748 57009 48686 44752 32293 30284 37804 50884 49317 46025 35226 38254 41782 38272 44633 34917 35898 38143 31636 27556 31892 50241 46593 29644 22830 42458 40176 30988 19803 36370 51282 57791 57825 45139 34127 31600 38228 46237 50100 56054 58834 54914 41237 30549 42858 48724 45201 46033 40297 42749 42937 40256 44216 36649 26207 30037 43410 42070 51903 38735 42503 42563 40643 37791 31512 34716 48510 57032 50608 38488 51412 46188 35054 34282 34636 39170 40400
34034 35172 38235 30611 36735 42526 38591 46455 42796 43460 42688 52437 46872 39904 33585 41149 57293 50068 42576 28709 36395 45796 43590 30916 30840 34041 33194 34567 41926 48643 42473 40880 56211 57430 52687 47294 42057 39952 36104 37337 47509 47366 43774 45054 36892 41023 35070 40089 33690 49731 54468 55686 52400 46778 44837 46617 55839 45534 43239 46833 36014 36607 25617 24022 43086 41696 34134 31799 34107 37193 45153 50815 42788 36786 48781 52490 33256 29923 36151 42349 45089 46645 42556 32343 22212 28296 46127 58293 50330 43804 35418 30571 45379 46502 39051 40718 46638 36645 26337 38065 44356 45830 41866 34333 31676 33607 42885 42321 53908 29923 30303 33489 35041 46402 47872 42335 48928 36365 41553 36806 36798 32277 31166 46403 45989 39771
36322 43983 46775 34552 33961 33845 29350 30563 45805 37743 39599 36822 34028 27542 31940 31956 41205 54780 48073 32745 39378 46970 45839 43841 34140 30948 25537 23834 33934 47454 49671 44929 45419 59422 48691 35410 35076 42999 46488 49775 45603 47394 45268 38590 39370 36467 31333 37053 41831 39648 54130 56008 62481 51314 48530 45889 45410 34400 37401 48251 55412 40077 36291 42574 40501 46625 40536 36317 42437 42087 32492 41265 50650 48140 43854 42963 41296 31548 26207 37369 38615 49535 46959 41087 24449 23684 35507 37850 38651 44005 39692 39963 53994 51390 50571 53837 45840 43471 34099 50621 59355 61868 51718 44227 35518 23289 23839 42748 47536 41099 26226 33498 41404 44461 40730 33896 29383 35609 26396 42175 32184 38452 39058 52455 51847 35436
