54353 67333 56121 44809 37694 33695 36247 26337 46843 61792 48586 43981 23034 39044 43767 47320 43192 36034 32699 29401 22596 41726 44063 46899 40440 35888 43126 60420 62008 44327 46235 45243 49568 40241 35431 41748 40495 62850 49112 62080 66327 64838 58472 56264 64464 61038 45597 41018 38247 31765 41907 42104 51662 37285 39549 24735 20178 27368 40018 51787 48415 45965
62343 62298 52864 48845 45162 45708 52575 43727 63285 65279 57973 53037 44828 44778 42598 44230 41747 34311 41080 43862 37206 34262 37639 37782 33652 39176 39176 55069 60282 50161 47080 32386 48674 52816 42899 37434 36094 54254 51624 70203 62882 49005 41947 50820 50867 49542 31855 31863 47177 50444 56441 43127 61475 47417 35628 31756 17336 25476 34215 61101 54425 41853
55635 51964 46710 47247 50095 43906 46130 48460 65503 76061 70311 52890 45867 41064 58782 45714 37148 30703 36922 28098 31538 28126 36245 45319 30748 37931 39442 59043 60238 53362 53306 50662 39857 46482 37392 41387 46200 57280 53405 58952 59773 48717 54798 52212 48565 46110 42249 48629 51308 51659 53106 38618 46307 38210 33403 32988 23667 35207 37563 48551 49530 39766
51775 42316 39019 49964 47815 58689 51091 50811 58787 65294 66520 56499 53026 44451 45023 43018 41636 44448 58891 46122 46245 45591 40857 49930 46288 50408 32806 45708 46064 46051 38798 46605 51215 43723 47841 31805 31001 39937 48839 46272 56904 42750 50491 37642 28570 35184 33185 47323 47628 50632 46753 33348 38228 44414 39059 56287 42952 46720 45635 48624 46716 35444
47392 56471 44343 50902 54463 68967 60582 56933 56619 64844 45426 36099 37175 50222 42586 46516 43658 39310 47536 48736 49692 43388 43236 46159 39789 49153 38264 44443 37172 54150 49651 54541 61111 55129 47843 46402 49233 38371 45322 34758 57183 50949 54007 39518 37032 46980 49337 58291 44154 45752 36003 34923 34916 39618 20795 37556 43812 41788 39375 42514 49835 34917
39858 52861 42390 44026 49300 61074 50204 36155 34926 48674 41935 28443 37388 50665 44024 41914 47139 47521 46050 43240 54381 42520 49915 54956 56787 65820 47339 40100 34942 45192 50669 45930 51333 43677 36099 31479 47182 42186 53124 44261 57948 53674 40806 36712 39626 44086 44234 45335 54954 42521 47550 47344 46293 39557 31023 39878 39719 37200 43574 41785 48865 32439
47693 50052 53103 42207 52767 52523 56384 48564 44540 47739 37727 47272 45724 50625 41725 41349 43381 54633 55084 46717 34884 32694 35927 46230 44459 58890 50453 58943 59785 54269 52546 57201 61736 57358 37621 34760 49076 52696 61268 57334 57059 59807 42647 48059 54052 57317 54306 50813 65135 52536 56669 41738 45295 22733 24367 23272 25671 42081 49681 42940 38375 31224
43678 37436 39948 45503 46560 53062 42598 53641 48550 49012 45802 49001 53175 55404 41642 48465 39281 50394 54274 42526 44218 30260 26439 40532 45756 50713 59220 49396 55883 38085 45190 42472 48208 48210 52362 46898 47818 56976 56492 58503 48568 44633 41736 42517 47421 49729 57608 57643 60404 50516 61514 35818 43031 32655 41506 35288 35612 38968 54489 39209 41010 31875
44997 49047 52190 42855 37953 42727 40817 56509 59954 60798 54405 61120 48947 57082 40229 48671 47396 50572 49584 35946 41970 33654 40235 37923 37167 31603 41995 50206 51624 45373 55469 52734 51411 46879 42499 39599 44783 44480 45648 40547 49846 54218 48108 48732 55469 61537 55880 54235 58791 43757 54889 36438 42034 40976 40699 36442 40966 47645 50395 39379 39928 40823
41164 30806 43541 42374 37144 34166 35005 50982 54263 48665 44020 48434 50016 64135 49510 50160 52281 46353 58111 42462 35699 25932 42874 51929 43945 34651 31847 43914 39174 27970 48830 37640 54126 46883 50203 57500 45983 47701 34622 46520 47581 58916 48131 46722 48042 60317 50819 50728 46405 38885 34120 40214 38155 53305 59413 56177 58436 43042 43478 44163 54009 45288
39547 26021 33496 25741 30869 21470 27127 42149 55088 48441 42741 52580 60158 59519 51246 45323 33753 40348 36831 47565 43149 53053 59532 63160 43684 45445 25184 42430 45200 53108 56777 47034 47505 40053 29579 33071 33650 42154 33252 49695 46436 63687 63571 59973 56181 66687 60685 45018 40796 39907 38032 50061 50255 45607 46328 47456 59322 38491 41189 44736 51839 49810
35023 22859 34819 27533 33955 30977 29396 37942 47104 48349 50393 48190 54777 56697 52050 44865 40317 49324 46523 41540 49338 51335 68301 68661 51407 43208 36121 32960 36780 30098 49744 45669 40183 43982 36944 44862 32305 52306 45767 57309 49847 49162 51827 64271 59541 55037 62394 46647 47519 41122 38898 43688 59038 47934 50251 44518 67149 45929 46381 46732 56513 52624
27118 26432 34623 43693 45008 40037 38268 42326 53035 46170 49955 37154 39929 39337 36263 31862 38004 39596 44941 42580 54972 60538 55268 55322 46733 47044 48909 48836 39594 44755 36134 39364 30958 34211 33243 44388 44423 48763 36601 35768 44536 52216 49111 45305 66133 56811 62404 40115 40210 41958 42118 51774 57881 54603 59415 51729 62015 46701 41407 45173 40863 57292
31512 44808 48016 47720 52329 53686 50020 39120 57457 57858 43831 37357 29827 33589 25216 40141 39545 35514 40306 34444 46875 43239 45268 43622 50906 42283 53542 49619 38675 42569 32340 37224 35697 36637 41228 48516 46340 42855 33409 38102 40289 45230 49640 44057 46820 51717 51902 49392 47004 52891 45845 53881 46936 46486 50638 62819 59828 59082 48409 45392 39716 40270
27966 40548 44765 51645 49777 47313 56873 61432 53935 48115 29099 30379 30557 44317 35983 52256 34549 35756 34534 27592 32703 25600 38109 38254 55083 53320 49672 51139 34614 41712 30144 38877 32307 36141 46964 58532 55867 48744 35307 45754 48714 42788 44052 47631 38891 55301 44554 39937 34258 49172 43986 60276 48206 55894 57075 60351 44815 60524 60885 48663 45354 48176
37264 44810 31834 35587 40291 42120 48895 53761 47304 42746 37466 38532 25566 44725 43743 53945 49189 34350 50820 37619 40756 31619 43945 48068 40551 34115 38374 35307 40749 49188 57618 51241 46227 39503 58947 54582 42002 34482 30249 34639 49184 39165 33640 42058 31307 52629 41108 39744 37769 61544 46207 50214 35128 38486 36024 41858 42954 54874 54646 49959 31877 34049
42013 47298 45725 41334 41459 44588 43714 44890 47965 39095 33997 43255 44033 44887 48589 44077 45949 40220 46760 40909 46196 35704 49677 40007 44931 26289 34221 28735 36712 44600 51262 54153 57365 49854 55214 55235 45559 53154 47830 25183 43993 38665 42543 46246 42706 34105 35051 38173 37132 56082 52238 49568 41249 44608 36369 34987 38375 50916 51830 53779 40201 39918
61959 62734 56144 52240 49894 42129 30318 32089 35743 43301 53654 46153 54427 38658 49571 30669 42647 37005 48051 39117 50198 50035 49849 40780 41734 34151 46226 38238 47503 54720 61602 49959 56237 56981 49976 39678 30542 21999 29501 21556 32642 40380 42237 46374 42238 27469 28185 48862 61525 67109 51701 37164 28335 34692 39421 39138 27792 33519 28632 43187 31300 38875
62079 61447 61097 70817 52807 43599 35381 37481 55751 45893 65588 55638 63890 52839 39284 33438 33024 33152 27486 30132 31963 30479 49020 38766 40894 36591 52807 55847 41403 51949 49326 57761 57655 48788 42186 29589 51279 33181 31231 26775 23386 51581 55273 52142 47709 40806 46331 54979 59549 61423 51030 41181 28624 45612 52229 44418 29747 25448 31468 47639 40156 43516
44990 49212 53374 55436 44605 33933 36395 43673 53752 59102 60418 59200 54633 53203 41856 44741 29083 40681 34057 41404 43225 41215 46519 46646 38721 36905 41922 57537 46657 57143 43076 47449 48182 34309 40490 18090 40248 28140 33136 45411 38863 51976 54306 46355 48229 43888 61408 63010 61424 57859 39608 41146 36713 44383 51492 49314 34982 34365 37463 45905 59351 52668
32417 42510 46437 52454 43985 46170 48341 56174 54621 53851 47954 48332 35234 43323 41045 61314 43961 54784 38824 38047 41592 43026 44813 38237 35437 41975 49511 63375 53862 57513 48008 55515 56984 52065 54993 36112 38307 32418 42740 46607 52352 54042 58377 52012 61218 50913 49348 62950 58885 62789 41763 34941 49271 46680 56757 44286 53214 45241 49568 43242 41288 41038
32502 31267 39466 53990 60567 50944 39787 45475 42681 59551 50007 50383 44273 52361 51362 56802 40437 45633 42551 41198 51017 50971 43808 55206 48693 48573 48471 55112 44529 46891 35872 54373 40729 47296 40002 32237 31415 26411 40566 59487 59580 56174 51225 37925 52920 48469 48222 55813 50257 51574 41804 48034 63038 53733 51078 39451 57809 57068 51647 50965 50978 37102
38124 43128 40877 52213 55568 51592 49310 48268 50828 44768 39541 29589 40959 44953 47200 52536 45248 52397 42815 33366 35478 52254 46095 54973 70334 60105 60738 42718 54588 47950 47297 51272 51049 49667 44945 38107 28276 31222 33176 60722 47258 56699 55543 50002 42223 42600 40023 57412 57825 54471 55077 36633 53044 40538 47360 43237 47669 63772 56186 49243 39746 34268
24972 43362 51726 60218 56986 44610 48125 46370 59503 61633 57339 55067 50774 55782 49883 38928 41233 31587 37053 41637 45549 48666 51995 52810 64257 58166 61401 27050 40522 29965 50248 40296 39919 29597 36331 32861 43376 42773 37782 54045 43655 36816 49430 35914 42743 52180 48234 62424 56331 48594 61215 53464 56414 54890 45753 44895 40330 37927 41380 41634 33984 24425
36236 35216 38488 39843 53997 39843 57441 60970 67933 53062 44756 49986 48268 50583 40340 53269 39302 51606 43064 42347 52716 47895 59691 49299 67621 50665 65571 36862 45720 29804 43773 32714 25601 28219 48002 43925 54196 59622 46544 53875 46212 46493 40843 39328 29333 46931 39577 61546 74344 52593 52835 39689 47872 56372 58379 53106 35796 42066 38111 35703 30060 17372
55183 50568 59784 49220 64631 46416 51845 56221 64787 53012 58985 48821 48280 48566 39742 55013 38365 34667 51158 35320 49237 41891 53364 51309 63269 46115 56122 34131 51285 43385 49031 41053 42301 35338 44923 41281 49350 48856 56193 49309 59924 46175 48826 47964 51257 55062 61410 72667 68879 59867 40554 44096 46571 54705 54589 51639 42568 20033 26573 22106 25842 18043
47092 27126 36556 44243 54395 55092 67355 60807 65897 43412 53671 48873 45400 58167 47710 47103 41016 33942 44659 40470 49823 49184 62357 57747 63843 42511 48172 33284 37578 37953 41130 50304 49313 45694 47168 36689 48543 44662 54155 61365 53485 50655 41352 47483 49802 50709 63889 70864 68943 57910 51296 31767 43037 40666 52423 48244 55333 32849 38538 28753 37006 27081
55968 35463 34617 48978 50827 62202 61729 60111 63661 50316 58736 48698 45203 52175 47904 51123 57139 51946 55949 44065 42150 44924 61135 58834 50658 26071 45078 42273 49471 42258 47703 54673 54310 44494 30022 32577 38302 46959 52161 59202 52094 46110 50795 37434 60840 53996 71574 62803 65281 50730 48118 36731 32776 25718 41251 40586 49419 39726 48351 43208 42301 44490
39733 46921 42023 55333 52496 60665 53488 48676 49973 49699 58049 67525 56844 55578 53769 53752 51709 47808 58859 51803 55451 55821 72645 67674 56342 41976 46097 51523 41841 35415 34808 41266 51065 47019 43103 42899 43842 55120 64289 55884 40452 35990 46148 36224 50937 48383 69223 63631 71696 52798 50801 42898 47720 43599 42325 49305 59592 45220 47099 50274 50086 62453
56389 57596 56466 67116 38689 42379 37008 44052 53232 59806 59780 55292 48893 40342 54383 67305 62037 63789 64947 54895 55178 56830 62688 57102 55231 53167 59491 67545 57603 44694 38070 32856 26181 44553 48765 61686 40565 60931 62175 63235 47087 30930 41122 30009 52394 43655 65539 54442 60702 47859 38066 47152 40205 57226 47147 47216 47742 55825 39604 46686 46568 70695
61872 67125 52441 67139 41993 30891 22808 25937 37458 48672 70028 45698 39170 34041 36344 51152 48064 53337 55938 51212 47712 37366 58116 62597 70846 70660 70065 61210 50172 36546 39350 48299 44537 59944 60251 59899 47531 57659 65592 62399 40459 26846 35335 37983 60257 56776 69614 60069 49847 49398 41620 61869 57740 61727 53944 52042 41571 53482 40591 58702 51193 65871
57025 63624 43648 57213 37286 29383 33452 42196 59164 56566 67574 50071 47416 47817 42717 42524 40882 45478 53996 49507 47384 23797 42782 47434 59764 53697 65657 66862 60462 57993 40477 45134 45245 49856 55551 41720 46863 46031 56153 52827 52401 39138 45023 52873 72149 53809 59028 49580 35610 47386 32860 50426 43925 52921 47299 43745 26904 42877 31765 51446 44613 56419
35698 41328 39706 46370 34234 28650 31638 35092 55841 58628 63982 44146 44505 52580 49584 42225 28436 37847 48815 37388 30095 24670 42240 57640 55099 57656 57239 61653 49735 54942 43326 49274 56414 56378 59565 41106 44804 42656 46547 44041 43815 41245 49487 50074 67305 45398 51156 47912 49937 49677 47226 45211 45462 47716 50244 44638 38001 55651 37995 55110 46470 63343
38783 43433 35885 33375 21031 26440 33938 45962 45924 45802 58380 61555 51146 51996 49112 43545 36934 39099 44657 43976 39495 39428 49370 56529 50159 52183 49657 66710 60014 53224 36259 30273 50539 42613 43635 38084 44994 42845 39462 56000 52017 50215 49641 45597 57106 33526 43920 40893 53754 53119 41296 34610 43960 45337 54800 38662 42971 58273 52655 52543 41717 49634
38136 41057 31950 28454 21883 27105 44097 45443 51355 47758 52048 57437 57539 53481 41306 45562 38919 54645 39753 43765 31380 44838 42026 59709 50267 60929 48317 62412 52088 39134 32034 36800 45058 52922 36754 44406 44891 42261 31286 54381 49681 50628 42847 37199 27460 33839 42912 45102 40032 51079 48724 48069 50294 54146 62705 56625 52232 66393 62841 64671 57036 69179
44374 42603 42161 20554 30354 32658 39291 41372 35685 44490 43414 43725 39025 33141 29509 50825 50138 59336 52881 64117 43742 47373 46773 46898 51374 57423 54121 54905 47820 32775 35286 47494 38026 45889 49968 48246 51282 47939 40312 53295 51806 51906 39703 50911 39442 39635 45362 47427 42257 51348 55179 44952 41918 39891 50945 47873 59594 76333 70753 58034 50929 51040
45811 43060 47751 33059 35709 39524 53452 52611 52135 48288 47444 45384 45135 42017 34195 43831 45572 51826 34114 54328 46809 39179 39160 37741 35338 47700 55672 53050 48048 48909 39264 53178 44413 62906 70252 61970 60759 45561 50054 49995 61698 60378 48264 47144 48713 51514 34843 39599 44528 53937 45452 44944 45854 48166 40900 39568 51700 67958 72931 59678 60761 54978
50776 51654 62523 40715 34237 26117 36182 54016 46125 40613 31103 40915 41273 48000 45423 53983 49454 58314 51785 55142 52664 47615 44777 45178 31656 43133 53759 50768 61528 64374 56726 46173 52412 63825 74759 63609 72206 56510 69632 59497 61604 56339 55551 55181 48570 46117 45815 54254 60816 53699 34997 40608 47705 42554 42019 54422 74398 76410 72146 56305 49157 43748
45518 48439 59483 39775 34515 32174 34225 35975 38060 36415 40606 49420 57725 57490 49030 47557 39596 44024 57217 60954 53179 53080 42305 49977 36788 41236 44961 64002 61875 59318 49473 52449 59030 63404 75995 52345 58121 52003 64659 62490 60710 49496 49307 51598 49322 37221 39678 45531 43324 40909 37851 44508 50035 49396 48157 46004 70508 73474 64816 53603 47426 42928
61127 66902 73691 54816 40352 28499 30820 35971 42770 40069 59136 62463 64886 62273 58022 45579 47687 54100 59152 64550 61574 60433 41321 49477 40529 49358 50135 55555 65842 41110 48817 39796 46571 45938 51869 46650 43947 66431 66083 68251 46376 58055 51731 54191 40897 45191 44445 52294 37254 37386 37926 53787 48681 41131 59819 63273 59767 57169 38331 41140 45348 46937
60075 56984 61425 42622 47129 34029 38782 26519 40535 45499 60869 62464 45793 53625 56119 62851 49661 51505 56117 59045 55933 61303 42968 46807 42015 49903 54683 55420 59936 46031 49309 41560 51414 50085 52699 51789 48735 56604 46127 66363 48530 59064 47745 49337 48330 53983 42970 33031 37854 34159 37221 28984 51869 35234 43747 46627 53173 54296 44326 43677 45609 40653
59382 52111 66842 42471 38073 26310 44433 41970 60450 61622 66382 61736 45542 44389 49872 63058 58156 49953 43324 57140 64956 65434 47261 41042 40954 53326 58292 43926 62796 46873 51491 38261 41630 48381 49521 59370 57766 67713 51947 57765 36494 51567 43910 44353 36992 40273 49442 39199 38493 41778 38182 36755 44598 48875 46744 47708 38315 33820 32611 39565 47138 50304
65779 39493 50645 38535 56102 39688 39576 25347 48873 50073 53281 42406 33548 45850 48321 63289 44335 47646 34956 47451 50332 57180 46382 36166 34087 37909 57836 47854 48325 45702 42791 46908 45698 54418 58475 61837 52086 61186 50433 54576 49491 43057 59807 50551 60902 47313 44492 37594 42570 56293 42225 37472 39195 40427 46080 47995 58277 49167 47048 32528 31029 27447
56329 46084 54804 49976 50291 33945 39396 33908 58710 54615 53545 51453 45610 48510 47571 61063 54737 37753 48387 55480 61191 55506 33636 32420 30850 33276 36457 35315 33534 27472 23058 24876 28122 52132 55244 52883 49689 48116 49385 38143 33094 43845 50410 55641 59640 53390 49039 48663 48250 60600 47038 45680 40877 55360 47769 46369 36807 27807 31873 27928 40192 23235
54269 47242 52625 52183 51668 37229 37409 37340 39397 46024 41436 31939 38994 42080 46814 33944 41283 30181 40705 50132 51224 50348 28678 25402 27954 36492 46426 39912 33310 38987 35084 28752 23052 45145 47384 47465 46802 47778 54519 45484 56494 45737 61672 53751 61653 53709 49627 48249 53892 54055 44736 48495 42893 48640 32789 38743 30502 29035 39961 29381 40450 19575
57121 46068 45929 39136 36102 30882 37674 49327 49907 47731 56944 36651 40827 40724 47402 44841 50747 44188 60367 62185 61651 52303 43215 39813 37656 44697 44612 49280 39999 35126 44408 40294 31880 41678 45462 48840 47201 39493 44176 48200 50819 60589 57439 62804 60253 61747 53531 52032 53069 54150 57511 55721 53837 58525 41784 35427 29006 30485 49097 38393 40133 32039
57635 39240 30866 25535 29253 32883 41251 52226 56095 42518 41128 27961 32954 40135 36655 43153 50882 53227 55274 52437 55479 56302 57520 48522 41970 58367 47925 63269 51756 49817 46466 54236 43958 52489 47011 47304 53983 47270 50032 43187 54159 47782 59887 48952 50660 53375 47029 48399 39638 43483 48627 68053 60689 61540 53245 43763 43064 32581 39003 43527 46619 34470
66780 45902 31010 20140 27433 26217 40297 46254 68952 53278 46987 40726 32027 44116 42069 61664 73524 66337 59807 56483 61595 61157 77022 63689 56723 52637 53826 47183 41002 31669 35677 45508 42166 51734 51704 39738 25818 33933 39330 46313 60596 55180 67489 57114 57081 49144 58290 68541 62672 53661 54553 61390 77697 67523 62159 55236 53720 38856 36008 32438 38188 43647
54513 45981 31896 22831 31720 22821 30415 36181 51539 53324 44152 50325 38817 44103 39431 48956 51122 52393 38331 34131 50474 42483 54697 56204 53771 44755 60776 53176 48741 35537 30864 40808 51406 60347 51105 37100 38976 26279 40992 35231 50436 46371 62214 41538 53417 37129 43764 50701 49789 41109 43657 53270 61368 56045 50519 39488 40064 24909 34666 43838 47407 42261
50758 35129 36767 25863 35340 27139 27087 29038 35370 51194 56023 53601 42781 37590 45109 47888 48706 43769 48762 40542 54570 51617 56403 52596 60259 48653 56642 54874 50325 33065 37396 39329 43010 46441 46333 30423 42046 39028 46467 54080 54738 37729 54681 30184 50962 46348 58878 52430 50366 51235 69206 65234 56821 45138 44038 39201 35638 35347 43752 30125 47176 51996
50285 35609 42344 28277 27394 27617 25825 41937 28193 39682 44523 48060 41383 43898 33552 40255 40615 33225 31540 36069 37790 43632 40937 39143 45564 46759 67313 57143 58718 43547 42330 51835 61153 48549 51147 45440 52307 59812 46813 46163 48130 42227 62036 35906 46584 41739 47780 38130 46429 43914 60011 61310 44875 41505 36732 41545 39642 48474 65026 53931 54358 50526
37857 35976 46048 37101 43511 40196 45620 50363 41075 30127 49822 48506 54666 49957 47950 43993 51123 47060 46116 44688 55337 47639 41906 48238 50598 56575 66562 70273 56057 46095 52683 45232 58175 52039 43134 50330 56292 61097 53608 33637 44013 31806 49629 34103 43709 55527 52692 37506 45584 57146 53361 65055 50771 51755 40871 48402 53500 51985 58361 58424 50617 52076
47595 35814 40592 25744 30173 45445 54419 52177 42550 31145 39634 51993 56627 57678 49695 54187 51009 45641 52860 59198 55712 48682 36653 43364 59236 56845 62629 61447 52154 42934 50053 50162 46809 46979 36571 45861 52333 63028 50421 39288 46807 49142 46690 56837 51934 49376 46965 34023 48112 51930 50699 52954 65273 58714 47068 43307 48487 55663 57623 50272 37443 35997
34095 37213 40121 30085 40587 38283 41787 36419 43450 42952 51809 59416 77230 68094 52444 49967 54797 50920 59548 59815 64848 52506 44874 47632 44835 67934 53748 54638 56664 40933 49201 41812 35316 33796 38473 50362 53078 48923 45515 46392 43013 39656 41143 50737 54660 44457 46775 38147 45901 47917 43313 47702 58276 47845 46143 50260 48770 40656 50568 51380 50462 51101
41749 30341 35166 22079 29281 36468 34970 31306 42033 36503 53153 53710 70416 68237 63161 61707 49889 54439 62454 60140 65724 60170 63734 58478 52979 57152 50312 43611 45778 47096 54680 48720 51553 36979 48714 49681 45522 50218 47393 48093 37686 38367 58681 76271 57848 49301 49471 59555 55698 49355 52403 55011 56564 48597 47074 47047 49887 29308 41650 38822 51277 46775
56771 50199 48448 37791 41195 26428 46485 38126 52001 39840 48354 45717 64610 60132 51815 56855 47666 52141 56594 53025 45975 48979 46509 44465 40218 41994 41194 39330 47979 49205 42127 27952 46822 46869 53519 49222 34140 49651 56861 60897 53583 47230 53052 59720 58458 49165 54827 50474 48230 48297 49420 48588 42403 37049 55734 49591 49597 46283 64677 57450 65831 52943
44491 57314 57445 42975 37694 36808 46141 43191 37824 30026 38936 41343 56074 56952 55906 48973 49420 48667 43860 64113 46515 62259 64426 56473 51118 48838 43864 41199 37478 45120 48391 47660 47895 44676 49310 44061 33141 32393 47907 50576 63313 55948 57203 54707 55818 43743 61426 48825 46929 42649 50808 57404 54865 51844 43656 61030 47725 45496 49756 41602 47415 48850
59141 68355 65070 53151 50359 56130 62454 58094 41786 35516 28484 38782 48808 38283 50544 43429 51467 55816 39724 51808 40039 53232 56295 50910 49653 37707 39115 35978 40802 42515 35219 45767 33399 29458 33891 34550 38527 34713 52902 66477 72768 60593 46418 40865 49161 37386 44570 44469 47206 46873 39242 47053 38001 48992 33330 54551 52564 66224 70564 60519 53832 51651
41356 47402 50346 50789 56787 62527 65772 60197 37789 34103 38265 36372 46731 33818 52689 51060 44089 52719 49060 57122 44981 54322 50960 56219 63847 51057 49226 33758 20942 39423 25980 33009 33321 31497 47727 33252 31322 26281 43586 53793 61765 45072 40796 43927 51910 43603 44823 52807 49585 45441 50011 52138 36616 33723 23900 47284 45605 41975 55536 50721 52945 58762
41703 45539 37189 48022 53752 61884 63368 55282 54078 46977 57099 54032 44856 45529 46541 60194 60828 61302 42987 44350 42545 57047 58477 55032 60660 53749 50954 50229 40466 38393 29714 27749 40223 27006 44547 34834 35409 35729 40880 40970 38044 37040 45322 56653 53246 47878 30160 37015 40348 45523 43917 50738 27554 30489 14275 32483 40811 37097 47522 50277 40870 54471
36205 35657 29195 39909 49143 47391 59399 44790 45281 57597 65936 61564 42956 51451 45400 63274 59246 57700 52964 45194 47908 40262 59002 48949 59567 53324 52895 57320 32530 37508 33777 41472 47766 46652 51135 50597 52582 46853 45849 33900 33001 28452 49133 56511 46240 55557 35492 30304 31397 48218 57633 57526 40264 33131 36447 41465 45202 38024 35250 47280 39446 48563
40851 36425 28417 42774 40045 45421 35842 47290 42570 51888 63817 65709 56468 56044 50682 57184 44900 41372 43698 45494 53802 49911 55504 48672 55350 52760 53107 58487 42802 42653 46159 66773 62894 46088 49156 47118 62932 47433 32979 24839 37888 40145 46411 53748 44970 43801 35279 35125 34540 55664 50820 66629 51435 47493 46745 47153 41452 33543 34987 36297 36203 33356
