1514 1623 2265 2661 2201 2861 2942 3347 2214 1934 1272 1516 2065 2490 2623 2737 2900 3091 2886 1965 2190 1938 1936 2040 2344 2578 1745 1439 908 1943
1847 1370 2052 2662 1950 2681 3044 3252 2712 2685 2333 1896 1675 2052 1848 2574 2417 3333 2672 2364 1782 1917 2125 2349 1895 2382 2273 2228 1906 2718
1500 1576 2133 2017 2877 2388 3025 2939 3068 2503 2703 2223 1828 1467 1492 2240 1821 2763 2244 2791 2610 2660 2784 2619 2274 2144 1837 2137 2776 3294
1770 2163 2131 1425 2757 2024 3113 2262 2343 1870 2422 2387 2104 1353 1774 1746 2260 2417 2564 2894 2989 3126 2735 3125 2980 2505 2073 1154 2680 2511
2415 1956 2417 2189 2172 1893 2323 1988 2358 1759 2772 2342 2245 1932 1918 2125 2781 1990 2542 2329 2604 3090 2242 3205 2915 3485 2610 2092 2535 2255
2814 2361 2372 2612 2358 2177 2137 2419 2274 1822 2139 1376 1983 1727 2067 2152 2410 1759 2063 1856 2569 2936 2489 2700 2458 3918 2674 3209 2420 2419
2431 1913 1646 2069 2448 2645 2764 2572 1850 2305 1618 1478 1670 1667 1769 2203 1662 1810 1386 1392 2541 2477 3090 3274 2880 3309 3182 3701 2712 2905
2392 2121 1462 1802 1827 2462 2792 2528 2494 2432 2010 2369 1909 1860 1908 1838 1716 2205 1881 2198 2321 2396 3190 3208 3387 2588 2823 3206 2831 3063
2023 2493 1777 1975 1401 2228 2471 3359 3196 2924 2427 2779 3116 2202 2665 1256 2278 2345 2294 3052 2156 2860 2367 3116 2942 2677 2162 2038 2826 2238
1771 2794 2123 2929 1990 2849 2074 3121 2773 3080 2684 2010 2579 2591 3092 2390 3007 2130 2149 2425 2234 2678 2242 2879 2047 2654 1953 1795 1915 1393
1483 2214 1802 2453 2356 2709 1944 2117 2473 2567 2111 1743 1413 1925 2584 2778 2814 1859 2354 2324 3011 3036 2821 1954 1832 2026 1719 2116 2262 1631
1599 2123 2384 1954 2598 2318 2939 1966 2536 2255 2679 2265 1695 991 1894 2197 3500 1983 2267 2722 3245 3903 3179 2115 1742 1568 1881 2189 3237 2440
1921 1964 2243 1885 2221 1514 2757 1674 2525 2474 2857 2430 2145 1500 1699 1878 3114 2508 2188 2114 3124 3867 3091 2618 2474 2177 2007 2548 2663 2935
1829 1950 1592 2537 1943 1692 2387 2068 2955 2880 3071 2881 2313 1645 1324 1629 2374 2879 2547 1954 2122 2971 2619 2486 2831 2281 2528 2684 1837 2177
1783 2501 1567 2551 1476 2292 2345 2533 3149 2902 2709 2662 2151 1407 1409 1103 1908 2360 2795 1976 1744 1962 2271 2034 2801 1968 2551 1769 1343 1642
1796 2580 2101 2367 2069 2538 2658 3158 2972 2764 2406 2563 2542 2656 2076 1457 2190 2070 2807 2084 2101 1654 1974 2426 2592 2362 2546 1724 1855 1587
2143 2772 2498 1924 2435 2202 2962 3096 3343 2411 2109 1807 1976 2621 2047 2594 2406 2440 2764 2760 2633 1863 1401 2239 2057 2484 1652 1827 1839 2451
2010 2377 2499 2548 2878 2627 2823 2591 2284 2280 1812 905 1790 1683 2067 2398 2929 2577 2295 2227 2265 2496 1829 1624 1789 2283 1541 2299 2300 3261
2804 2796 2872 3121 2772 3043 2559 2094 1659 2237 1902 1649 1752 1086 2168 1881 2753 2622 1723 1975 1961 3482 2632 2403 1890 1833 1974 2951 2702 3526
3139 2810 1909 2845 2820 3016 2049 1645 1548 1758 2387 2609 2139 1271 2089 1857 2898 2701 1957 1883 2245 2926 2840 3561 2130 1682 1693 2863 2950 3060
2695 3593 2098 2887 1940 2957 1317 1264 1759 1979 2929 2318 2896 1941 2424 1491 3049 1689 1885 1529 2571 2944 3148 3009 2415 2459 1576 2206 2646 2783
2563 3392 3372 2732 2218 2635 1980 897 1825 2193 2896 2458 2338 2413 2832 2157 2677 1789 2009 2048 2311 3230 2891 2249 1985 2201 1745 2645 1791 2265
2556 3150 3196 2583 2772 2002 2172 1571 1580 2281 2843 2634 1889 2301 2631 2565 2788 2575 2361 2616 2561 3259 2526 2500 1969 1955 2125 2617 1664 2805
2584 3112 2561 3160 2468 2581 1433 1555 1452 1807 2112 2815 2311 2669 2285 2137 2874 2996 2908 2717 2358 3195 2769 2477 2627 1990 2593 2414 2402 2509
2799 2872 2102 3105 2026 2667 1078 1628 1621 2325 2051 2549 2667 3033 2550 2036 2048 2060 2605 2271 1644 2712 2910 2845 2883 2075 3267 2575 2842 2275
2439 2821 2511 3259 2854 2718 1208 1823 1719 2386 2607 2301 2570 2570 2935 2293 2034 1731 1991 2326 1697 2398 2089 2874 2813 2634 2861 2671 2743 2559
2397 3003 3735 3629 2957 2464 1487 1380 1162 1588 2226 2807 2311 2343 2584 1854 1858 2113 1607 2263 2191 2542 2137 2751 2905 3152 2936 2889 2485 2428
2247 3089 3322 3571 3224 2454 2608 2381 1666 1843 2317 2353 2190 1634 1829 2259 2598 2424 2370 2429 2493 2670 2204 2464 2558 3363 3326 2984 2132 2127
2595 2541 2752 3058 3313 2448 3210 3358 2841 2367 1744 1961 2190 1370 1694 2764 3300 2650 3323 3019 2550 2648 2159 2675 2155 3273 2555 3058 1638 2468
3303 2486 2923 2699 3543 2969 2666 2639 2819 2370 2057 2132 2525 2005 2400 2411 2829 2696 2668 2393 2298 2332 1750 2470 2297 2150 2223 2127 2251 2710
