166 31 56 164 17 65 169 224 81 33 184 61 111 225 59 151 37 97 27 194 124 207 118 17 47 185 117 172 72 174 63 88 48 141 187 42 209 194 205 225 158 183 168 249 218 167 82 162 179 58 91 181 244 121 241 82 94 152 195 34 253 185 119 104
6 56 214 152 115 207 91 176 66 186 65 22 24 176 70 194 37 42 180 98 105 78 192 55 103 35 57 4 67 0 215 93 32 220 127 215 49 199 15 164 130 186 88 148 9 201 143 11 38 99 26 62 75 168 100 173 197 247 140 203 196 12 227 176
35 161 11 107 136 4 205 1 212 181 141 33 35 177 36 194 188 126 236 97 253 193 64 71 93 243 86 170 51 118 161 245 89 107 194 211 203 173 242 196 175 14 44 250 132 91 235 171 234 16 122 78 106 245 160 87 146 168 48 113 224 161 58 107
220 25 4 145 90 229 58 236 9 184 11 216 140 76 215 167 4 133 128 236 14 91 158 192 77 171 95 73 6 66 237 178 154 161 98 133 153 131 205 14 84 212 55 31 234 176 14 172 199 145 55 17 18 31 205 160 207 67 185 182 245 90 226 66
193 69 1 44 60 126 26 196 254 47 125 232 176 49 182 118 174 106 120 242 34 251 96 20 140 183 110 250 170 182 68 173 201 229 152 122 229 201 248 114 171 34 124 82 224 6 66 225 222 94 238 69 223 63 43 157 249 159 52 116 181 81 81 9
146 87 68 192 9 86 127 59 120 140 12 196 66 66 235 94 242 131 112 6 160 62 131 245 213 194 3 102 182 223 167 201 149 84 233 136 84 4 44 154 59 188 14 228 147 216 92 175 5 176 101 41 145 44 128 84 42 179 110 93 204 145 59 180
133 83 24 89 110 63 92 69 244 95 15 157 200 211 10 63 67 130 105 187 197 182 12 93 48 242 187 20 173 249 174 120 148 35 110 12 173 254 162 102 162 46 83 212 21 165 218 176 209 13 247 121 249 175 133 22 178 207 67 49 86 0 144 18
111 96 89 28 155 2 243 63 230 117 252 179 8 126 30 64 9 121 75 191 63 77 188 15 224 34 65 248 71 243 84 157 103 170 55 223 112 96 249 143 89 82 22 57 160 41 242 246 188 36 208 203 84 4 240 189 200 32 133 221 95 43 3 40
81 138 107 51 183 82 1 228 179 20 195 33 177 26 51 98 133 74 235 146 150 167 125 166 116 10 220 176 146 84 53 90 187 100 80 39 7 85 29 188 28 80 27 252 102 120 11 72 212 122 181 57 46 47 34 147 160 209 88 220 102 80 39 53
147 105 63 127 196 205 47 25 165 11 117 148 206 82 133 131 224 58 90 23 145 111 177 206 238 44 235 28 201 175 141 181 104 157 255 248 156 231 170 219 146 247 241 207 148 174 16 19 222 170 95 27 228 51 32 132 21 88 2 179 178 123 57 111
95 157 170 103 115 136 7 32 49 220 28 61 102 0 254 41 112 220 184 80 104 27 229 106 146 57 174 48 185 105 112 43 171 64 67 164 160 183 246 141 197 65 52 128 219 46 245 191 20 191 42 54 116 159 53 89 7 127 10 151 109 6 224 168
166 56 170 33 11 57 195 229 248 36 179 15 170 242 200 234 122 248 65 112 203 213 41 210 31 146 180 128 9 153 204 243 40 117 219 247 139 145 103 29 215 154 100 202 124 203 164 209 246 82 183 236 223 166 47 156 239 83 56 245 91 61 32 21
152 96 244 199 229 139 197 3 218 18 161 138 141 181 28 17 8 100 193 214 220 145 206 233 203 3 73 100 221 133 251 184 74 132 131 7 252 146 129 11 126 153 22 168 203 72 137 160 147 41 2 238 31 172 129 225 101 251 7 74 15 84 118 212
182 217 58 166 221 109 126 200 253 46 52 55 247 60 117 116 233 194 211 130 160 72 95 96 72 244 81 191 10 250 213 190 164 28 12 146 77 63 255 62 133 19 70 63 52 26 193 121 254 104 227 187 14 36 94 136 212 3 155 222 228 165 143 126
141 221 223 100 234 11 73 58 235 128 187 229 91 89 177 26 33 107 120 6 250 154 32 173 186 163 60 165 228 228 171 28 78 224 102 73 168 199 108 44 152 48 112 209 36 237 157 178 11 242 54 158 36 188 219 192 36 27 15 24 117 233 142 240
215 96 122 97 105 136 186 105 185 233 142 185 160 241 17 85 85 194 214 48 214 197 145 245 103 246 156 217 168 86 243 201 154 242 16 160 190 20 253 247 104 227 208 22 203 2 220 186 71 179 191 249 144 56 240 152 146 123 34 80 133 20 141 113
115 195 67 37 172 244 228 125 46 6 99 53 149 142 233 231 50 138 14 117 1 207 179 147 69 172 8 115 161 198 40 82 216 242 17 224 248 69 216 252 43 95 30 53 176 184 51 220 126 191 243 226 142 65 8 212 115 8 11 80 14 204 138 6
132 46 189 165 61 6 189 181 196 14 244 12 239 73 6 69 28 125 61 243 161 61 114 10 19 94 187 193 240 103 149 121 2 116 198 10 108 237 181 10 49 15 76 139 235 34 28 236 16 177 59 99 35 110 74 117 85 37 156 99 38 50 60 178
157 119 45 151 179 107 3 67 18 48 48 116 222 72 83 170 243 106 199 133 28 208 239 26 43 24 22 60 3 248 1 118 20 197 226 67 99 167 253 169 68 158 205 21 133 53 242 144 252 229 55 37 141 28 73 19 207 69 1 24 185 254 77 252
204 207 229 41 81 217 77 200 37 60 98 240 46 159 208 187 178 77 72 91 62 178 132 64 76 215 50 137 248 2 125 62 248 239 151 236 126 66 58 32 237 170 217 56 57 62 253 248 241 186 217 7 40 142 128 25 127 84 145 82 246 82 7 175
105 236 252 74 105 71 94 230 175 247 233 71 50 37 46 225 33 154 113 84 130 72 163 75 138 215 141 155 133 41 207 136 186 51 43 152 131 102 145 210 19 226 12 147 255 253 206 54 68 193 115 126 201 217 117 218 3 218 85 119 149 56 24 241
118 202 245 144 184 165 98 112 189 125 199 37 226 215 100 180 223 122 112 93 53 253 217 11 134 227 78 41 209 226 86 157 55 143 128 69 157 91 241 160 189 159 185 141 91 29 246 72 52 195 252 216 8 16 177 82 162 138 195 244 164 127 119 55
5 146 65 202 82 85 105 247 190 251 12 20 235 195 251 53 155 44 187 50 224 141 255 32 98 180 113 26 229 115 197 36 55 78 172 14 157 130 97 55 149 11 138 34 115 70 192 238 95 237 93 251 63 3 191 178 145 11 8 149 228 89 190 63
30 32 84 52 141 170 238 56 5 10 158 236 216 230 52 58 24 132 117 193 103 148 118 121 113 183 128 235 159 228 124 239 137 22 13 108 0 222 144 124 233 172 219 45 200 212 58 114 176 123 155 75 89 157 252 246 26 62 201 37 226 141 189 60
36 214 138 34 170 125 43 118 243 91 103 47 250 174 104 62 237 194 83 123 155 220 96 223 225 49 35 113 223 72 20 46 153 195 232 54 138 65 28 206 119 32 254 209 160 110 210 30 242 203 87 245 37 254 54 208 251 150 247 254 110 200 195 114
148 117 227 231 112 124 235 68 16 116 48 141 92 248 201 210 0 165 194 162 198 234 253 179 192 187 241 50 5 26 88 118 46 51 177 66 22 173 147 78 26 216 195 126 246 29 116 128 33 60 158 246 199 19 122 113 52 22 251 96 252 246 42 68
185 92 132 181 206 195 102 64 77 37 27 143 24 37 139 12 166 132 22 138 53 109 21 34 111 205 213 4 240 193 76 237 21 167 17 98 79 122 46 208 12 205 71 38 28 208 130 118 176 240 189 161 57 228 252 67 32 1 84 164 209 180 35 52
241 122 83 60 181 138 210 141 131 110 17 172 22 30 225 135 37 238 13 67 113 249 92 173 152 48 140 158 53 172 26 133 61 52 111 9 9 181 16 163 7 78 45 175 133 145 35 159 117 130 7 33 126 213 254 233 53 30 223 78 113 25 163 108
157 11 181 131 180 150 17 14 83 254 46 11 241 55 161 223 199 81 179 183 217 179 145 3 156 38 255 42 25 192 88 139 191 86 130 198 22 25 167 178 165 192 178 204 161 52 35 244 71 19 204 169 233 23 226 251 210 95 178 38 75 211 121 27
74 104 107 37 3 9 229 224 176 22 16 13 4 247 235 155 113 200 166 6 146 65 172 212 6 23 65 223 83 24 181 133 211 135 142 5 133 213 17 70 62 32 131 13 103 210 8 182 175 81 14 4 214 66 32 184 108 160 74 136 85 29 12 117
227 192 85 71 214 179 227 247 232 236 35 126 153 137 121 28 157 152 208 36 170 196 110 38 131 51 228 43 160 130 89 129 240 3 29 113 232 146 141 125 238 80 74 10 50 155 69 39 93 164 190 44 27 74 229 80 125 65 23 10 146 152 228 22
34 169 87 61 144 89 14 163 234 105 121 97 38 114 13 95 45 138 5 168 36 188 121 74 250 221 129 5 87 145 210 39 118 55 214 15 5 96 4 64 200 137 186 40 227 34 74 197 163 90 138 126 49 91 25 165 223 138 16 186 233 133 40 77
114 58 89 187 213 117 26 112 32 135 83 221 66 170 116 60 163 182 41 193 128 220 15 41 139 7 185 112 49 83 243 23 151 166 100 16 83 218 7 76 233 237 212 115 27 220 123 136 196 153 139 96 77 225 1 33 192 185 15 93 177 127 193 191
170 140 207 96 34 118 12 147 47 56 59 141 135 243 227 247 91 6 123 163 57 151 1 70 249 230 145 36 242 194 53 211 44 203 87 91 23 247 124 2 244 29 15 51 154 133 200 69 227 221 31 96 213 209 87 231 11 210 207 132 232 146 131 220
7 36 120 192 170 184 33 107 110 231 226 64 29 238 13 179 195 88 22 170 0 17 22 137 244 121 243 158 252 195 217 179 149 219 67 221 171 14 116 212 20 90 88 51 70 39 133 98 13 112 224 89 201 248 174 82 158 81 201 169 233 241 47 151
110 185 231 148 173 136 92 208 194 154 254 239 48 82 223 22 246 143 12 125 101 228 65 198 181 129 60 202 187 132 6 131 141 164 41 135 95 127 100 167 173 138 11 139 176 124 7 8 172 75 185 169 129 122 155 5 48 23 129 250 133 124 71 85
154 132 177 112 68 200 187 98 79 17 73 84 63 70 195 90 225 92 225 66 211 209 53 205 123 147 139 78 8 73 137 59 34 232 40 234 24 249 3 140 44 84 208 153 23 75 122 239 2 58 231 32 162 114 250 43 208 57 161 142 187 92 237 87
239 254 48 3 61 241 232 182 77 74 212 47 59 173 62 111 234 205 38 129 132 144 240 244 54 117 39 131 170 167 118 89 60 67 197 206 15 98 176 242 155 101 249 72 131 36 255 69 51 138 165 41 184 3 74 52 47 143 111 34 131 139 148 6
0 213 155 101 207 154 44 192 150 207 247 31 197 134 57 236 148 39 102 157 151 255 231 109 223 202 182 30 99 22 46 112 211 15 56 227 63 226 246 1 19 106 56 159 22 238 60 57 62 37 153 112 228 125 84 68 42 131 231 206 80 241 115 224
152 232 22 9 179 154 196 68 14 228 185 33 209 96 245 117 90 53 45 48 98 144 23 82 77 225 52 64 168 158 235 5 171 136 170 61 247 85 118 183 213 239 152 25 78 28 14 90 30 57 239 255 137 173 32 254 208 194 150 250 242 163 87 97
12 183 87 19 53 13 243 142 183 55 189 136 158 74 109 151 162 179 176 62 242 94 137 218 49 236 62 154 231 3 9 83 187 100 211 243 4 26 239 148 99 104 215 145 80 38 157 230 78 255 97 83 70 14 149 51 216 247 26 7 100 164 52 183
98 183 226 71 149 131 60 70 42 6 30 239 89 135 223 98 66 140 28 227 23 121 246 183 39 180 122 45 216 203 128 155 171 58 142 249 93 180 241 13 180 238 77 182 44 198 89 57 193 165 100 122 236 132 171 228 28 229 35 142 159 147 254 47
50 198 161 202 236 157 174 78 205 245 31 50 203 201 255 231 120 148 108 219 26 31 17 34 60 35 164 122 253 124 223 1 99 151 174 201 18 248 120 55 91 207 153 5 61 236 137 109 39 14 186 106 254 9 192 240 104 85 166 12 218 101 31 108
180 150 108 133 93 84 102 137 103 87 46 209 26 178 122 202 205 160 56 60 192 194 190 168 185 62 246 180 23 247 249 105 215 234 134 154 217 73 251 79 16 67 152 35 74 73 78 202 114 48 38 26 136 224 99 224 251 161 216 246 128 106 174 136
23 28 32 171 40 132 157 9 170 60 248 236 115 33 133 93 184 33 214 12 119 12 243 127 143 79 26 183 242 38 199 224 94 37 228 136 120 210 248 30 206 129 62 63 33 126 179 241 169 82 166 54 163 151 242 125 160 109 73 183 168 248 169 55
138 184 237 37 117 16 4 11 14 173 195 243 126 201 122 208 30 206 248 235 51 38 90 218 9 8 2 151 210 41 5 236 127 113 225 220 53 130 164 22 187 241 133 185 6 144 28 225 216 108 10 176 191 63 39 120 39 254 229 27 39 228 74 167
160 76 1 35 5 77 155 183 98 149 165 100 106 76 126 243 20 208 248 59 107 174 170 19 13 188 104 230 205 100 245 229 193 47 237 248 181 56 93 74 64 82 214 71 76 126 12 145 71 33 173 176 224 97 247 89 63 148 15 230 191 238 219 145
69 90 84 150 73 197 77 222 68 54 94 205 135 62 138 230 227 249 175 250 233 73 133 92 206 147 208 81 186 173 160 106 112 169 213 223 171 143 168 122 196 238 184 107 250 101 192 48 217 58 245 214 198 117 0 196 102 8 133 163 181 220 74 118
34 207 182 209 14 110 1 90 9 95 182 131 184 169 68 225 136 222 17 231 192 247 179 42 134 177 184 212 237 110 109 198 245 68 191 213 56 150 243 208 136 174 27 254 191 49 43 236 213 130 248 55 85 48 220 223 250 189 243 177 155 229 21 89
105 233 254 183 23 37 55 226 47 233 190 179 216 240 10 42 248 244 225 98 222 45 159 177 240 210 53 144 34 208 186 61 45 126 53 3 127 189 230 212 101 183 30 52 35 18 62 131 46 4 209 216 166 248 165 79 113 236 22 130 71 232 68 168
145 71 35 162 139 189 223 216 80 168 144 65 2 95 157 148 48 208 108 193 241 116 5 212 107 111 127 13 37 154 36 5 123 32 58 130 226 94 153 202 39 204 254 33 130 199 4 250 216 143 124 202 86 133 186 73 109 160 214 125 207 40 213 199
182 11 140 64 26 3 240 189 6 225 107 69 120 98 22 194 221 180 69 88 73 222 217 210 207 212 96 253 49 135 168 249 251 145 107 158 117 46 181 167 161 185 187 15 37 72 159 26 83 115 201 224 26 6 241 234 4 81 215 203 227 108 26 51
37 223 91 236 219 191 109 34 19 153 165 13 11 72 104 62 106 147 193 51 20 85 91 226 177 210 115 28 129 235 8 105 178 80 165 175 102 110 242 73 39 251 249 169 181 195 238 92 9 214 92 111 252 254 251 155 61 169 188 116 181 18 67 152
20 206 79 79 71 2 255 111 162 197 214 92 7 213 48 89 105 104 136 200 52 179 109 205 140 214 0 108 152 168 193 104 164 60 17 71 56 240 137 85 169 148 175 24 197 3 93 130 250 57 183 169 107 68 33 128 28 84 11 189 112 74 58 140
107 140 196 20 55 104 38 137 58 49 35 28 214 144 16 235 227 189 172 234 147 36 212 133 235 114 127 242 17 161 175 33 124 26 126 196 27 43 135 246 235 217 135 95 92 170 231 69 96 21 146 248 102 170 2 155 98 185 144 194 88 118 240 6
206 71 186 244 196 167 208 81 187 31 115 115 160 122 115 15 142 150 127 140 5 138 75 153 214 33 33 215 248 169 70 63 240 53 58 24 73 18 33 145 0 218 129 18 142 249 165 69 55 190 37 50 121 148 73 155 82 150 43 169 62 21 151 83
38 113 168 145 122 150 7 112 159 153 184 235 75 77 94 220 113 108 113 35 236 113 135 109 94 30 123 206 181 74 88 169 65 136 149 219 128 214 239 232 185 187 32 113 122 118 236 199 254 143 129 13 22 104 245 49 73 224 48 196 159 64 177 76
249 53 99 200 8 162 139 33 58 32 215 11 206 16 188 113 131 215 253 112 197 200 87 176 14 179 70 38 31 26 107 26 121 224 109 255 116 227 219 173 178 104 95 85 150 207 53 144 225 186 27 83 81 130 121 118 33 27 241 152 170 188 253 224
243 241 189 232 30 28 255 211 243 234 60 237 232 80 180 42 228 96 5 160 172 237 0 239 12 71 52 108 124 108 35 238 146 148 109 245 66 208 240 132 28 149 33 226 196 43 182 55 230 132 224 3 252 22 101 13 125 241 44 249 235 186 67 184
241 108 177 148 235 164 17 94 148 80 142 215 175 65 138 28 147 166 218 7 30 84 95 54 202 167 90 142 23 143 155 97 26 137 242 86 13 208 130 91 135 91 199 114 137 61 103 208 183 208 95 248 144 58 157 229 235 63 164 125 187 106 139 222
230 42 215 39 244 108 159 105 86 215 69 111 185 149 18 218 198 210 15 25 233 163 218 189 55 233 195 42 101 143 16 98 46 253 108 161 113 43 99 17 216 77 206 104 185 97 250 44 169 109 75 206 199 254 16 234 14 131 34 37 190 115 24 161
207 37 220 39 91 132 246 24 71 37 205 33 100 105 124 83 197 10 215 57 152 135 243 118 178 243 59 138 177 255 84 32 206 151 157 106 116 83 166 105 93 169 75 240 232 173 135 186 70 25 239 158 120 216 27 210 251 243 147 108 8 70 178 15
222 184 87 191 126 27 137 244 108 81 81 58 77 146 15 150 91 112 74 99 106 115 208 43 252 243 165 78 87 185 32 200 130 95 122 28 47 39 77 208 92 15 188 205 86 238 133 79 22 112 166 176 26 38 249 217 20 176 225 230 184 44 192 46
239 36 62 27 100 249 111 221 236 99 43 120 152 250 165 43 109 87 100 158 182 167 210 13 83 212 18 21 47 5 244 247 71 45 47 33 38 208 164 196 246 7 143 114 27 159 230 50 138 47 237 3 10 87 136 124 154 219 4 60 216 167 182 63
