828 -2254 801 -452 -104 -542 432 -890 -2592 548 -2561 4234 -611 -1626 -1826 -2093 280 933 -832 1094 1145 368 -771 -530 -1113 -426 -836 -1320 744 1844 1132 -1920 1248 -1265 1585 377 -9 -916 2080 -979 646 -340 -2401 683 436 1087 2082 143 -436 278 2324 396 416 2785 1892 2060 -136 1389 489 788 946 -1100
1016 -1713 -1256 1388 -1655 -1112 -161 414 285 619 161 772 1323 -1005 175 -188 1005 -1967 542 -1457 692 -410 858 -1042 493 -864 6 -691 880 -376 -1203 585 2240 2576 -600 274 1722 523 1293 1549 2852 522 -378 1174 -3413 351 1204 1559 -1517 -1478 987 516 -284 2670 -1128 173 552 -410 1861 -401 1460 -940
124 -1160 146 645 530 652 1815 -54 -481 4317 571 2076 102 315 -1427 990 -920 1028 350 2785 2391 -198 -395 880 -2141 1593 327 -269 -780 1235 2116 -2042 -469 627 -569 173 -910 -1582 -927 -292 -1019 -696 382 -286 -1955 -1516 2515 2093 -2148 2084 2626 -31 -1994 1516 -560 294 -1195 1182 -559 1074 -1363 -824
2 -2021 1537 973 2408 184 119 -1353 746 1655 -139 -17 1203 17 197 5 1516 585 157 -623 1773 -750 2131 1443 178 -654 1181 32 -2033 185 -292 -315 1162 2927 -60 3070 1030 -793 806 867 -1574 -1578 -1487 760 -2110 1538 916 -131 -667 880 -12 1209 -379 -1509 268 -1697 1925 -1322 -684 -213 666 1463
-947 848 377 827 -315 -791 1748 -29 547 978 145 644 -1193 -506 417 -1754 178 1205 -357 -570 2426 -1827 873 1015 2402 -1190 1002 -2666 -1947 -192 629 2388 -1231 -668 -1643 -1836 -350 902 -392 -672 -904 1061 498 406 -842 786 496 1082 -1688 1132 125 2645 -186 -23 -623 2425 -1326 -1195 644 520 703 -679
1816 1407 1551 3142 1714 2432 -1078 508 83 -237 -1738 1447 591 567 -292 690 -1334 909 254 66 1461 1277 1301 1647 969 -1769 -2575 -149 97 1519 -12 -703 385 -972 1722 2478 2195 -1250 -2510 -432 -1769 1461 -2109 436 -3434 -532 -1095 125 33 632 341 496 27 -3187 -2128 -569 274 722 -573 2170 -707 -402
2425 1480 2161 877 388 -220 -1134 -1292 -45 996 1062 -534 851 -3196 3829 -3542 2740 324 685 -1279 1455 -1324 924 -888 61 2376 -809 791 -1352 2249 -192 539 -911 -1684 3255 -1033 1036 -443 -944 -808 -239 -76 966 224 2643 15 -429 -892 439 -1523 2518 1347 897 -206 -1334 2492 -476 -267 1057 269 221 -622
-191 -993 -552 555 1218 1022 903 676 -666 989 -371 1805 1415 2687 1216 -2134 1023 -659 164 370 179 -1389 -1133 543 2360 -655 1160 -598 -1053 564 -239 -592 1421 914 -284 1528 1966 -145 -2700 1448 -3288 307 -70 -821 1126 -1728 -635 1569 14 -340 -54 -1027 1356 1215 1118 -281 510 2073 755 1546 162 -1259
520 -2228 1247 1197 -1305 464 1109 -669 -1693 1201 1990 1319 382 640 -1239 802 -476 830 270 478 298 1081 -1065 -1650 -753 1063 1385 -3254 627 1184 706 854 1658 -1590 -520 1418 -95 -523 1419 -109 -181 1075 16 -501 1736 2718 -1715 -131 228 -2088 1316 -1072 1449 -994 -811 2597 -2613 -978 1744 -554 2089 -579
-232 -1362 -1530 -715 1381 -1049 1825 -780 -1763 2121 -892 2058 17 -576 293 235 -1985 -512 -701 749 1320 -26 653 -883 1342 690 2816 -577 1341 -427 -1277 -484 1512 1595 1611 1083 870 690 485 -1732 -342 313 -806 457 -489 2011 -162 -264 728 -3594 1920 -2074 -140 2377 582 1797 -971 100 1090 1660 -1157 233
136 -448 -947 101 -1614 954 3405 -1903 -962 1776 -1034 909 -1210 464 -702 -185 -725 106 963 -513 -186 311 2430 1503 -2312 863 1302 860 -449 2148 926 1794 -1383 491 -1092 670 -1740 3055 -700 -1120 -133 353 -1324 -7 457 1814 117 -431 -1169 716 884 -408 525 1277 -982 43 502 -418 466 -635 -2030 116
-449 47 92 -243 2465 1093 -335 -453 1484 -1207 349 1484 -114 2712 205 -919 1827 2150 2197 1084 401 400 2539 804 3022 695 357 -727 -3289 997 -2063 2745 85 -1953 1378 -625 -1832 673 7 -1913 968 609 349 1667 3458 -2445 2569 -2270 -193 -866 568 1885 1097 2315 -1976 1072 -360 148 1888 -107 660 792
934 -1612 -996 -424 1294 559 1132 1056 1946 -1589 801 -926 -252 1722 1364 111 -1045 -197 -167 -300 -2474 -573 215 140 343 -901 -721 1231 188 -262 -609 -1408 -2049 -448 -98 -169 2236 -362 555 872 379 -340 1699 -1890 -211 -1491 -1304 -2921 144 481 475 -962 -221 1829 -2410 127 -3650 1850 -931 10 -296 -397
-68 613 -217 743 327 -872 -536 826 1043 -1952 750 -1588 -952 2 -1094 -285 -507 1455 -754 1645 1700 2256 181 844 1749 1288 -1248 765 -608 1063 1566 389 -736 -726 1341 131 1762 -1549 1431 -1094 -1166 -1013 2720 713 -1168 -244 488 658 -833 176 -1656 -239 -1152 -2218 835 1252 24 485 -1504 -39 -1533 1939
418 1122 -527 1819 -2828 518 2451 1485 1686 291 1470 -1744 -409 121 1522 1482 -223 355 1107 2 939 -849 514 -117 2001 707 1089 3667 -456 1580 -860 -3856 -382 946 1054 -436 1262 519 -650 -1267 448 527 -1493 495 -1506 327 1859 -897 334 -1577 658 -1479 -530 1006 -576 821 -315 1573 -304 1502 947 3342
214 -532 137 2779 -1246 -938 -2204 494 -917 378 1725 -874 -418 2940 -618 2247 389 -157 2407 -3792 1390 -133 -829 -1147 1251 407 -1141 -289 254 261 93 -2445 -247 1263 7 832 162 3463 -719 -1095 -1398 1538 306 299 -670 2580 -1475 95 -938 -291 1274 -461 138 -8 1123 -1080 2204 -562 209 -978 -378 1768
1395 -352 -4 -852 -1574 -87 -1389 1408 1318 -1166 733 -2338 1856 741 -973 1336 658 1225 -236 234 356 -393 -708 321 -720 1902 -1851 2579 -28 916 -118 1759 595 -45 142 745 -380 1647 -1984 -1190 -1763 151 -1042 1111 1001 1026 561 820 992 593 -1142 -1144 -2022 373 -762 -451 -1286 1198 -1157 -592 -673 600
836 9 2005 404 -2513 2109 -1659 -1909 93 -426 454 -67 937 25 815 966 -998 -1424 1944 -2519 -341 2351 99 -353 -1691 -1250 -1864 1540 -190 -1725 2128 -818 -1109 886 -217 346 468 -399 1527 39 784 1219 1822 1770 466 84 -193 79 -1940 1903 817 -1403 -1724 456 92 -777 -372 1461 -1870 1385 -598 -370
-1117 -2346 153 -534 516 548 -2345 1128 -897 -502 -1911 -144 -969 3121 -2170 -2474 2937 -2142 940 1330 1289 881 -513 -228 312 -214 1930 -94 2182 -289 895 -1001 1692 -1342 1959 68 444 1987 -1286 -1350 1465 -552 338 2313 673 -538 1202 997 -2205 -228 649 -2316 -515 -1746 102 1546 -1040 282 2306 -1192 -667 197
-778 376 2090 1588 -1673 -43 -248 -686 -1733 -1282 -1936 109 287 -522 -548 1412 -310 -544 -809 -725 -1024 1405 119 -909 -2858 -2140 29 -1782 -1869 -116 231 3129 -907 -2152 2307 -703 -125 1549 -1249 -409 97 -867 -289 284 -400 -604 -559 2050 -761 259 1023 -800 -1067 -46 -1905 110 -382 -124 788 -396 -1383 741
-1141 464 311 2511 1340 -1294 2128 1689 1072 1026 2167 1721 1568 -1185 -691 -1481 286 870 339 -1255 -1191 986 -1246 1952 1667 -1577 1231 -1128 79 205 537 -325 398 146 -156 -785 1228 1358 1194 986 -863 -1736 -288 254 175 1451 711 1698 260 320 -54 -2160 195 -295 1379 384 313 943 1265 -1263 -501 -1826
-511 2582 -317 1670 -311 -672 -643 209 -1127 231 -1130 156 -760 -420 -1141 489 966 -1005 830 -1611 -2574 1892 -335 -240 303 -1046 -417 1056 -509 2183 1852 711 -422 -1256 4 1368 -312 239 263 610 1031 1219 450 -1686 1248 -2979 -743 1049 -2419 786 -2023 -203 784 712 1587 -3 992 -264 720 -1186 541 -1367
2069 -50 -181 740 1241 -645 -365 2930 -32 -1500 1424 54 2107 -2785 1424 2232 632 -1220 595 -2483 1711 -213 1395 693 2168 -1049 640 -722 2555 -526 482 -511 -1046 403 1001 1244 -308 -1269 -856 116 -33 109 1218 -420 -1901 -1273 1876 737 2805 -1307 87 -999 2577 -399 1027 -2233 1315 -1614 -383 -818 -197 -880
508 922 736 2047 307 -964 -626 167 882 1454 466 471 591 1278 -1751 422 63 -1823 -322 -771 50 117 -1436 1395 -1231 1812 -1011 1391 1898 -901 596 -1653 638 -2772 1647 -1643 -62 -485 2952 861 672 190 1766 -1232 865 -598 -436 -1635 -970 -1562 -497 470 -707 3304 302 -614 14 839 600 -2648 1047 -2897
624 -696 2861 -270 152 206 -1097 134 1588 756 3088 -1469 -58 643 -1097 -309 1268 -1008 1086 -56 -971 -1843 163 873 1184 437 89 -144 350 -1207 258 -1664 -262 840 200 -1505 1624 -1322 2054 173 287 -1465 27 -2015 658 -2227 2633 -1424 -531 2403 1589 -1505 505 77 -3444 111 91 136 -963 -2019 1905 290
-1429 299 -720 151 -2556 -1884 -2429 -1900 -1215 454 1435 -387 631 2238 1505 -1692 2492 2020 -744 0 -466 -1236 1242 1152 -810 179 904 513 657 -627 -87 -1655 -340 -158 191 -848 -148 -962 -1560 -117 969 -1550 2505 -807 1016 -796 125 -949 -1342 -1217 1886 -2234 1007 -42 949 -240 -740 -229 215 -1817 798 131
2262 -385 -149 2914 -2165 -334 1759 -394 -734 -2950 257 591 -434 1121 207 -864 1364 -2976 -1671 -7 -1238 1200 -680 333 447 -1606 3351 396 -1128 -166 -153 -663 -373 1152 -1123 -77 -566 -1027 -698 806 3151 689 180 -1249 -7 -1661 2292 1898 -1485 1228 0 973 1121 269 918 213 1062 768 -596 889 -1905 583
671 -1171 -1651 542 -1191 345 -468 2353 -1646 -495 693 1580 1020 -1814 -439 299 2458 1143 -1204 161 -170 354 -1916 2762 -2902 113 -1424 -161 -1058 860 -1142 361 -1752 375 -437 334 658 -1718 -857 1335 32 284 -149 -1155 242 -723 -323 3634 1673 -1399 199 437 1606 -235 -1059 -1099 99 -2034 -745 277 1399 991
1873 -929 -1061 -74 -1209 -2313 -1624 -1843 -479 517 -430 2065 730 -1903 796 1023 -246 2616 -3742 -11 -1089 -486 -1218 1233 -638 -736 -494 -1310 1205 457 1378 2176 1305 -698 -386 -162 180 -368 -2626 1207 -1161 -356 -946 -249 -2281 -121 -2079 1400 -1190 1093 -219 -573 -145 1620 -737 -1104 -534 -531 639 2501 -875 2145
1994 -778 1025 403 -637 -1754 158 1761 2622 685 -2296 1637 -438 1069 -513 4359 91 1962 13 -22 882 -575 -523 408 -1299 -1114 -1794 -210 -1375 410 -281 -1927 780 -1395 -126 -313 977 379 -198 -220 1650 451 335 -1656 793 1242 1147 -225 -843 -155 -703 -207 2093 -1656 -631 -2591 -596 -810 -954 2378 -119 -275
-1844 -659 1849 -2444 1450 158 -199 1594 3277 300 -2282 -487 -28 -48 -1337 2574 545 392 2528 -2150 -1027 -521 -1501 441 -49 1630 -1327 830 -270 153 -559 -732 3380 -1655 1485 -1827 2485 -660 -1693 -910 -2723 2317 -762 -799 -702 835 884 1596 701 552 -364 25 80 346 -2932 648 -1376 98 513 789 -976 -405
1217 2 -309 -2186 -318 -1215 1031 -540 -793 -301 180 1858 2424 1956 -948 492 -1365 1408 1589 -1421 748 2555 94 643 -699 2241 455 -785 -400 517 -369 34 2026 -968 -68 -929 168 806 -1048 1247 471 2388 982 1114 1232 2277 -374 598 997 -2246 1244 -206 213 933 1030 487 -350 1383 -2203 -1027 -1065 567
499 -646 648 -816 1509 154 -305 2908 -540 604 -570 878 1804 -1606 -727 -294 -3368 155 318 -24 -980 966 -625 -964 2435 -107 -1209 137 -1319 306 158 -1131 -626 -297 -1386 -1325 -84 2197 -90 2185 -912 2383 -2090 518 -2580 -683 -104 -566 1510 -2258 -1094 2194 473 1284 -654 369 2809 -1017 1013 -1014 -1244 -568
1092 -186 -1134 135 593 43 -225 -3459 135 -3014 1660 -2191 695 87 -197 673 -565 2596 314 -1576 2563 657 529 -1639 220 1215 -1917 1871 -676 -680 1658 164 -1174 21 -713 1455 1 -2724 -531 1021 1850 -239 2020 131 708 1278 -40 1173 -1138 308 -794 1287 -1201 2742 -1510 203 610 -2112 1200 202 -1692 466
-1379 2130 255 376 241 601 177 1002 -330 654 642 -213 43 -1937 1356 2363 917 750 2166 549 -2117 -1317 1200 -2210 2373 -1735 -476 1373 1054 -436 314 -1314 -1743 1848 606 138 453 -1060 2370 667 -26 -1991 163 -2334 156 248 15 1553 -1799 417 151 -775 -1404 2260 1564 -496 2304 -635 469 384 1542 305
-1233 1831 -2872 -1941 -1306 3398 -240 556 -592 298 -531 -926 224 -415 -16 1194 1057 -1041 3842 -2300 -601 701 1349 -1034 1066 -211 1507 -375 -1273 1052 -621 53 161 917 -545 54 -1723 -350 -1026 -141 -94 -1891 2219 847 407 301 -3518 -292 -53 -1893 -285 -1212 -267 2636 1001 -1462 2569 -1753 1272 684 -2078 -299
1760 -1073 -712 -893 409 1808 -465 963 -250 943 2732 338 -249 -271 512 -611 74 -468 -882 644 -383 1019 22 2666 -415 -1314 1450 43 2442 -37 -910 -363 471 1471 1761 250 -488 -533 574 -349 732 1931 1661 351 451 -1174 596 1716 564 -1018 -562 2273 1974 339 -343 -1086 -3010 -1335 1281 1461 -460 -1977
-556 1784 1224 -438 213 -376 -1198 1355 1189 560 8 1380 -2156 -524 -2313 360 -956 1642 -228 2530 1028 102 1217 69 -248 -1096 1160 -164 307 -385 -1018 1169 -2452 991 1859 -1456 297 -38 -371 -3450 -1816 -2333 657 361 864 836 -3922 -976 -1231 -468 -3197 1671 -1326 3707 -2735 2505 306 115 705 -85 -1654 -1228
-72 -349 -700 112 -3530 1842 -1589 2401 340 881 -1004 -2 1628 686 -350 -1978 938 -1085 619 646 2111 168 -365 -291 -451 1795 677 -442 -716 -1468 -3401 1370 -1090 2997 -84 -1827 -1638 623 -417 -1346 -2536 2013 1873 911 -551 1206 -1914 925 1524 1513 -1153 1435 1922 -1369 -2013 -157 320 -458 681 -283 -4265 -798
-2171 95 752 -1516 -212 831 -1659 -3896 2541 1361 -645 632 -3094 -2800 -576 600 -1166 62 685 88 350 -1549 1880 -1507 2780 428 -835 -2101 -614 950 -385 395 -1027 -796 1261 296 1310 195 -1289 -1500 -611 2354 -1032 214 -1876 -258 96 -385 621 -613 -767 -451 1631 466 -821 -1511 1190 432 439 -1261 2592 -3119
-571 1057 747 1410 2050 -1231 -181 1037 1042 2060 7 -180 2365 170 157 661 1347 765 424 390 -105 534 284 -244 -1533 149 644 898 2784 643 -1508 -1058 160 939 1820 -122 -375 2609 -394 -910 120 -1576 -487 80 426 1617 844 -1659 -673 2154 -1509 727 589 -167 1080 974 675 -1842 831 -726 2216 -769
-83 -1176 -697 -723 -2389 1289 -1670 -1899 -473 2490 174 -517 -498 -755 2639 1310 1818 -488 -74 -135 370 -753 776 253 -1807 -1162 -2881 -8 81 346 774 -564 -1310 -190 193 -1490 -328 -222 -924 -1273 1228 535 1293 -1310 -652 1087 -57 2689 -50 1945 302 -993 222 -681 144 -287 -654 480 -1422 -1791 1213 -362
386 -1245 739 961 1010 -1311 29 -95 -3 -536 1099 -930 -214 -960 915 537 1087 -2690 460 604 -199 2012 -1059 -1324 1797 -750 -18 493 -1377 606 676 -3580 1291 -1039 -358 -196 3551 2488 -1222 537 743 -325 1379 -1559 -1107 -1490 2594 -209 -872 -45 1754 291 667 834 37 398 1125 -56 493 201 926 248
1188 -182 519 815 477 1290 -197 18 -2262 394 -1143 -1337 828 -2802 468 -1475 -574 -759 2095 2476 595 -111 -1493 1198 339 -958 -1219 -1270 1477 3244 557 758 563 -15 -482 1696 571 -247 -1667 663 -308 457 916 -1007 -384 434 170 1758 -985 2723 -1093 731 1503 -722 1734 243 -637 763 -1457 641 -642 990
-974 1093 212 2566 3089 -428 -39 1914 -1387 2759 830 -1164 1715 -768 2244 285 1086 -1941 -1209 -1021 -785 131 -717 317 899 -1643 626 -384 415 -116 1292 -585 2071 -572 -1101 -424 -659 -413 3150 1371 -1022 -772 534 -588 -276 849 1502 437 2071 -1681 1326 587 -42 26 2190 528 -1283 -1952 -197 640 182 1329
-16 632 -1588 1893 718 724 -701 -395 2296 834 -448 -354 3468 -670 21 -699 -1008 512 -552 -1279 1588 -1215 -242 1050 -2387 1768 -915 -1183 973 2048 400 1188 -1067 349 -1748 -32 -397 -412 -1454 895 397 2233 144 -1861 -1277 1855 24 -59 503 -395 116 -597 645 -300 805 2988 -1342 -609 -1475 254 -155 897
718 1552 824 -604 -592 -1658 -1152 -88 507 1400 418 -180 1193 1373 -1123 -514 204 306 1137 1441 -410 1002 523 163 -113 -196 1586 276 937 1487 609 320 990 -1412 1700 -557 2103 -77 -433 1215 -173 1123 -474 -76 528 258 -697 -155 864 -2325 372 -801 906 -264 152 203 180 1264 -992 1948 -173 565
2316 1335 -430 -1043 332 -233 1613 1395 74 3867 1558 -605 735 730 2509 -1340 1477 -417 1217 -532 -322 -795 -1030 1504 -803 466 1253 1083 287 898 -2214 -253 2519 -1142 592 400 1762 702 1636 -708 720 293 772 -427 -753 3830 336 406 640 2058 884 175 -361 -701 -2662 -427 -352 -1753 -660 -1257 -509 1320
551 1265 1062 -1264 96 308 -863 1079 -3286 1302 -136 1889 -427 722 2020 1305 -429 990 -166 -535 1025 1323 406 1446 104 524 1187 -27 -1019 -245 -1835 609 1561 -351 540 -1280 2085 194 1497 590 392 900 250 -2421 1289 229 -192 1655 -2053 -218 -2083 540 -736 -230 2036 -169 3205 -1797 1677 -111 6 986
451 1890 -1871 -553 1543 -646 1705 -1883 -795 558 712 1855 -1439 -132 1263 -253 -1990 1294 -2227 696 -9 1349 -1851 1226 -356 -899 2179 559 -984 2802 -1393 -2982 2218 -2449 1637 1568 1650 90 -833 568 586 712 -658 -12 -142 898 18 257 -206 534 1721 1109 -28 3879 -2737 437 -1568 -186 -201 -864 965 -789
427 -2312 -343 -2033 -327 -2597 -626 625 -1797 1113 564 2473 294 1937 -74 6 -1881 -719 508 -1185 1198 -1315 1294 1041 -1100 -2142 2824 445 262 677 -1374 -1203 -542 1135 -325 47 1671 -1953 905 -356 302 1987 1836 -1526 374 -41 2622 -1319 -428 -596 -3581 -527 6 -2081 472 -609 1 23 -65 1320 851 3966
389 -950 322 -2105 41 528 3228 -555 3492 1026 2354 -516 466 1240 1348 705 309 -615 2281 -1268 1291 -597 495 -1347 -504 -215 1664 1861 1588 62 -1692 933 -1883 -226 364 562 854 -1183 -458 230 1389 -1503 -165 86 -69 74 1013 1641 1930 -1385 1053 49 584 -1683 -335 -3111 -725 -952 -317 321 1830 967
-2493 -878 -1669 -539 607 -507 1339 271 -1587 -145 -199 -1476 -204 -2239 305 1905 -762 -538 840 1617 -628 -440 577 1743 -462 1654 -1394 1719 2481 959 -511 87 -970 95 1298 -1095 463 -3845 421 -537 1180 -593 -788 7 -2767 -47 -739 -24 811 -1979 -1097 3164 713 -861 2263 -241 752 661 -104 -205 -540 -1786
765 69 1183 1220 1275 -800 -656 -2032 518 -1133 998 711 -395 -410 1139 4378 -774 669 1864 -1476 337 -844 -1252 1642 -1334 3522 -2105 2960 -657 -8 -349 2140 -1759 314 63 -319 -1774 -206 -873 1047 -486 64 -777 1746 -435 1042 -60 941 2151 -1240 1955 1352 -1658 216 -702 -2293 -1970 -1958 -1370 54 -253 1131
-390 -1597 903 523 734 107 1556 1782 600 681 689 -507 -1070 1994 -602 -1662 -1975 3857 693 1806 496 1545 927 1843 1227 -1018 378 -1137 522 1144 1182 -2319 -726 -537 500 703 185 -352 1282 463 714 334 1137 -1333 -1800 2323 -135 1078 1571 84 -323 -530 -418 2539 -75 -1314 1102 1534 1044 -1259 563 -1056
-1210 -829 -46 -556 -133 905 271 -146 -446 315 -1112 872 -344 1286 -40 2807 1054 667 468 -1069 -512 2373 69 643 -1901 799 -513 477 637 1040 1870 181 -547 -901 -1470 -375 495 -718 1452 83 -1173 -748 -772 -389 -1015 -27 -608 -304 2200 -215 1976 -474 1087 -868 196 138 -377 1525 -1116 -2286 959 895
-2522 -1404 -402 -225 865 -982 1619 -961 -668 1117 -2668 1479 -3395 575 -483 -1188 -911 1230 1242 -1944 2913 2688 -174 235 306 259 190 -1848 316 -2253 -638 1207 473 -1714 -277 1411 -1299 -796 2023 1716 2588 -344 1316 412 186 2 -956 33 288 60 -575 552 1921 -324 1656 -401 884 951 -815 -700 898 -1281
1446 1336 -542 801 428 130 448 -749 610 -1628 807 -820 2676 -337 -186 844 -916 -576 -2070 2394 339 1517 -536 -585 -2515 678 424 -1538 -145 1357 -483 -1346 -701 -1291 -48 1360 207 -2667 1082 64 557 635 1081 985 1045 -716 604 975 455 -1291 -2055 -1335 1940 1324 813 543 958 223 -1082 -1142 -966 318
-158 -1332 -549 973 -516 -341 -199 -825 -636 -2646 12 60 52 594 -1560 805 1246 -1253 -1264 1765 -1253 88 -457 -1161 -1291 1456 -1639 812 -545 460 -220 -225 1386 2564 -539 1146 719 -644 608 11 1861 -429 681 876 -1010 -117 -900 1338 -355 -1359 -1152 967 1542 -899 1427 318 75 -1053 1454 -787 -952 1399
1943 140 1656 -861 -454 888 511 2723 -44 -670 360 1366 -746 485 -21 -1550 279 -413 959 -435 -112 -2771 -2330 417 -1160 227 57 1952 -201 1160 1353 -281 -552 -2551 -2465 -687 108 243 -862 1349 -779 -680 458 499 1526 2516 1150 540 -176 100 1082 -301 1521 281 -806 1816 -1714 1373 1592 183 -854 190
-987 -2033 876 -2324 709 488 1555 647 1250 -1373 -1830 823 -639 -1442 67 -703 2897 101 -1095 1535 -2218 -1775 -444 -316 -1143 -9 -3238 35 526 1745 1202 -17 -618 325 -162 1216 229 1986 -422 -34 717 -1624 2487 372 1528 -20 -968 258 -1290 172 -2304 1246 1685 -881 -206 -260 -1300 349 3991 -462 -86 1191
1401 326 1217 -1178 849 -1320 -1124 -650 -475 363 3361 1197 837 -2771 -511 -367 1852 -682 661 31 129 -2590 986 333 -908 1105 -695 3934 1683 2158 231 -1448 2124 -2335 1550 1666 29 217 265 2578 1162 -1332 -485 1795 1305 1268 360 1397 -307 2455 1671 -1464 256 -1786 -1653 571 -1165 3641 474 -87 -1701 21
-16 471 1028 45 1029 1677 -271 -491 1195 -1455 -441 387 596 1576 1295 -774 -3294 -1561 -264 -2148 1103 -815 -1152 3113 2141 -592 -452 -334 -1282 -113 1024 79 -305 -758 -1327 -688 -811 -2007 559 671 837 689 620 -1654 -1397 532 -485 -2398 1186 -2029 473 645 479 111 -2054 1687 -346 -718 513 -2278 1208 678
-1186 -1678 -1374 -1387 -355 -1267 -2823 -1181 -1432 -1796 -1373 -610 -1876 406 35 -2519 -1424 624 803 471 -2298 -428 1557 -2650 -1775 -763 -950 -100 -251 1068 1201 -2296 623 -2034 -1874 -779 -178 -259 -2091 -3140 1191 175 275 -1232 -2463 1604 -395 -1069 2227 -576 -1007 191 -1320 745 -10 1438 -2475 -2240 -876 -1037 -709 -1489
2441 1234 2 -982 3101 -944 -608 -1300 2045 -3671 -1108 2348 5 -928 -3019 875 -1554 -1456 -1600 -2377 -1811 903 2567 -1694 1787 85 -624 -3736 -812 -1049 -2109 -3932 -16 -817 1918 2134 -1190 399 154 -2067 -927 -1937 -758 -1489 454 -1329 -2301 -1385 -749 -1825 1278 494 -1379 1062 -1001 -162 -794 -2125 -75 -629 1912 1926
-2389 -1741 -4792 -2352 -352 -978 -1272 -3984 -1292 -244 -790 1359 -1858 235 2 -1744 -136 -3374 -1491 -1251 -1382 -1020 -917 -763 -1322 1554 -120 -2522 -1481 -164 2047 767 -1729 -697 -925 -900 -747 -2014 -1404 160 1097 -1166 -906 -599 -1277 -3639 -530 3273 1697 -1414 -748 1098 -1420 1996 2068 -458 -4096 1169 1645 -29 45 -3287
747 115 -539 236 -1446 1255 1255 -631 -1546 -234 -138 -1008 -2642 -1951 -3534 103 401 -722 -861 -397 166 -1215 -1236 -862 -622 -824 3219 1117 -1711 -1500 -914 -834 -342 452 -73 1239 341 -2633 1075 -1562 990 563 -2317 787 -44 -1043 -1408 -8 -1459 -1357 380 -6 -3237 -1527 -624 -2162 -1263 -2035 -625 -203 -2139 -311
-2887 -4020 -2030 -2377 -485 -2346 85 -558 -264 1627 -1958 -1145 378 666 -60 -2833 618 -3042 2356 -1678 -372 -2301 172 397 -80 355 -1195 -339 -2938 318 -497 682 -1012 -742 -1457 -366 -1618 1162 445 -1063 -593 -804 752 -96 -1245 145 -1463 176 -1787 -1086 -408 1515 3029 3329 -437 -738 -59 282 661 -953 597 422
-2788 -336 -2913 -713 577 -121 1832 -843 511 2393 -482 3 -600 3141 -2065 -3105 916 -747 955 -2280 -567 -1103 584 -2076 -30 1218 1035 -1105 -3610 -1520 269 -258 -1391 -536 -1621 2650 -166 1887 132 -1262 -1425 -149 -372 -1425 -1612 -100 1442 -592 -2380 -1458 -3405 1038 1288 -273 -1561 -1822 895 -2999 -3626 -24 388 555
-447 1202 1753 -1052 -869 1045 1752 -1627 -903 -1495 -1163 1003 -93 574 913 -1017 681 -1151 -270 -1678 403 -981 -87 -1278 -1037 -116 -1824 356 849 765 1095 1463 -1333 -2569 -1625 1518 627 1836 1173 -904 1161 725 -840 -61 -1104 795 -1694 -705 -404 332 -647 -2157 -1741 -444 -125 -2236 -1235 -857 -1745 -1639 997 1395
77 6 -2292 -224 -61 -1955 -894 -1236 1143 -1042 -2791 -1399 -3151 1121 987 -4076 -1776 -452 -1047 -545 1897 1408 270 -2322 -339 -363 605 -572 -106 -3064 -967 1495 126 958 355 -1087 127 1813 -926 -690 -450 -1806 -889 -3107 -2051 420 -2997 1637 -124 -1402 -1033 -2067 758 -1767 1323 368 2387 1699 -422 -2561 245 253
2522 -1351 -2904 -1384 -3303 -1512 363 -1616 431 -1707 -1914 491 -1481 1960 -241 1486 660 -110 -938 -474 5 -530 -1046 -3695 -2054 -1659 441 1168 136 1876 -2668 31 -250 369 -2157 214 1309 446 346 -317 -902 -1579 -1614 -3667 -1519 2090 -1638 -579 392 332 -1327 -2301 -2812 -809 -443 825 -1041 -1485 -1100 -1751 -40 -2
441 855 -1388 -21 1419 -842 151 1916 520 -499 751 -1640 -172 791 -2642 95 -2110 -1401 -741 -1239 366 100 1301 -112 144 -1363 754 -2118 -3095 -654 -902 1115 -2012 -2640 -501 -1470 -2809 -446 34 -1573 -733 -1637 1131 -1296 -5808 966 -174 -2684 2816 -3413 10 2111 1033 -2145 692 2367 -423 -647 -701 -68 -1002 777
-115 -1307 -2121 -99 -1789 -2837 560 -1030 -2522 -35 -1182 -716 -2047 -882 -659 999 -910 -1655 -127 -1324 -1632 -3020 -1043 -1698 1077 -1541 -1022 966 1282 -956 -2756 626 511 -81 143 1039 -704 -1392 -456 -1345 -537 782 -1273 -877 -2312 558 -514 136 -140 -1347 -1020 -314 1108 -1305 -1311 -775 460 -1318 -924 -296 -3170 -84
121 2187 -696 -1968 -1855 860 -422 -2560 1757 -825 -1332 1591 -1424 -1083 -1589 643 -2354 -877 1393 1007 62 -115 1113 -959 172 -1200 -1640 -1378 -2281 -81 831 1961 -1225 -3768 -3171 -1240 -1705 1555 230 -3566 -2600 447 -1020 1207 -1591 -1496 158 -1828 -171 -2175 -1628 -411 147 708 -211 -1169 -1971 -2001 1279 1124 -4546 -2286
-275 -628 -1686 -2376 -388 2306 112 -3501 2414 -301 340 513 -503 -1650 -552 -325 -796 -274 732 -186 -3414 -3275 331 -3251 -171 673 396 -1109 -28 -1754 -2313 1402 693 -2493 -1385 -1579 -1150 -170 -575 399 -38 -1634 -479 35 -472 1204 -799 1884 353 -1849 785 -1218 766 -1408 685 2114 -876 -1479 219 473 -842 -1787
-3291 1076 1314 -948 -1694 1319 -2468 -2083 2232 395 -2452 -414 75 -2122 -2772 689 -3447 -905 -1507 -466 -345 908 -107 -1402 1069 -1129 -819 -1883 -348 1512 -282 612 -390 -3619 -859 1144 2759 -364 -927 228 -12 -3683 -131 453 2834 -441 -1448 2539 -1222 1950 -187 -1012 -267 -1250 184 1519 -3171 -2051 -284 877 -2328 -1151
94 -1328 -320 2059 1067 -1651 184 1555 -480 -969 -785 -1021 -1606 -2365 -1812 1822 -594 -341 -851 1315 -805 -2160 -643 -365 -1146 231 -1014 -1860 -1951 2110 483 -512 -2516 -2949 -883 -2410 -1086 771 577 1587 -1332 -1397 416 -305 3 -2663 1492 3346 -1678 -1539 -1192 -122 -708 -1485 -2780 1992 -850 267 -2318 351 -177 -2703
-315 -1382 1671 -371 -843 -1547 -4666 -887 -864 -1440 -1164 -969 -3050 -1589 -1621 -993 -506 -175 -353 775 -1145 -687 -70 -342 -1467 -1796 311 -1238 -2987 2136 1227 -2968 -304 -889 1063 -1453 -2061 1219 1325 -1647 -1792 508 -1321 -28 2235 1497 1150 811 -1457 2410 902 142 -298 645 -2284 -576 281 -1755 -1395 62 -1986 -374
-1550 227 1314 876 -1029 -179 -1942 534 -467 -2446 -539 -3585 -2497 838 -2448 647 -597 -393 1029 938 264 -778 -614 1052 -589 68 -117 -236 -831 585 -3794 -1274 1195 683 283 -2339 -2727 -190 1152 -63 443 -210 -690 -2732 -852 673 1556 -2243 -1763 638 3474 -2690 -1282 -3270 -1357 255 -287 617 -2371 -396 -245 -246
768 656 -2678 -1600 -220 2291 -2841 -989 917 -2024 -1861 -2612 -1945 -274 -1920 2329 1217 -219 -922 -972 -1331 1275 223 1449 -724 -660 -3336 -300 -257 -760 -812 -734 -3617 -126 -843 -795 1544 34 139 8 -2248 -507 -885 137 -736 -802 279 709 -1722 -220 1686 -218 -739 -3092 -626 -2306 -307 -986 660 -978 -834 -1461
-464 166 -1337 -1371 -2101 1210 1779 -933 704 231 -1997 -1107 -301 1316 -1242 -1150 528 -517 1210 -1618 1795 -1739 -670 1754 -1290 743 -1175 -1356 41 -2814 1038 -489 2046 1070 -1850 -675 -2189 -1752 -36 -3080 -1770 -1056 -102 -1089 1667 -135 -1139 -959 -475 -699 656 949 -1342 -1145 -1316 525 1859 -1763 160 -360 -1066 -1691
-3017 -889 -1964 790 697 5 -2122 -1060 1282 -525 -807 -916 -241 1618 -1329 414 1372 -256 833 -1592 1006 1796 236 756 -2419 -257 632 1371 -1719 146 -1636 -2247 -56 -1303 -2060 -2414 -2151 -1102 2811 -365 -375 42 -1718 -1793 -2306 -2550 -606 -1046 -393 1355 338 852 -2051 -3054 -688 -2566 -726 -516 3026 619 -1522 539
-2063 -314 293 1086 1859 890 -99 490 113 294 -851 -495 -919 374 -1722 -1211 -331 1373 2729 214 -74 -3525 1014 168 633 1863 1974 -2218 -1586 -1602 1681 1358 1586 -1144 -1627 -902 -1019 -2338 -824 -1428 907 704 -1633 -406 -1238 903 -2052 -3256 -1753 -275 532 -1458 -3307 -4750 -1309 556 2054 -1853 1770 -46 503 -371
-936 -37 -910 -467 -2483 115 -1510 734 -157 -1363 150 859 -462 -631 -527 -1106 -1625 -451 178 -752 -1685 -1250 274 -3677 -2606 1740 1471 553 -2757 -482 1204 -369 -2534 -1952 -1275 -775 669 -1731 -205 948 2997 -1184 -9 463 -883 -1573 -2440 1668 -2191 -2879 -1679 -2961 1398 443 1419 -542 -2183 -444 2218 -347 998 -2653
-1607 786 -369 -1566 1645 1905 -1519 808 413 -393 -204 -1997 617 -1545 1180 3718 -949 -716 1317 -1392 -132 -1326 2260 -16 172 -1144 1197 -2728 383 936 -399 149 -1157 -1661 -1168 -597 -379 279 -1613 -1736 -629 -2388 -2368 548 302 -3581 -2118 -1728 1676 -1088 183 -1291 95 -2760 288 -390 -156 210 -3128 -1114 866 -1812
-861 480 -3285 -4 2949 -1488 -2109 -2229 -1249 -1846 -1266 -1327 -273 -2843 -3170 -491 3001 -997 -1713 -2191 -2488 -493 986 -942 -2060 977 -5 -2193 -487 -1684 -1376 335 -1554 -2846 68 1350 903 -2168 -991 906 1058 -2235 -366 2826 -495 -791 -2480 -1713 193 -1682 -1332 72 1736 -75 473 -2080 -2505 2725 -1623 1792 475 -3218
500 -1335 -751 -1794 -466 613 1764 -2715 -2812 -1486 1308 -954 -1027 2114 -2627 1460 -1169 -341 2997 831 -3308 -1730 -644 -496 -1720 -198 -1863 -984 1386 904 -1603 -105 861 -1200 83 -1530 -25 -887 -1396 -875 757 -2066 -2908 -925 2426 -1417 -135 -1041 -337 1554 1905 -1790 -2000 217 979 -1139 2026 893 265 -811 -1770 1119
203 111 2383 860 2161 -1962 -2254 -1726 -2317 -686 -1244 -2597 -8 845 310 373 -556 544 2153 2090 -33 -933 -1965 1186 -1974 31 -599 -555 1444 518 -960 -619 715 303 264 -1927 -578 812 -912 -1060 1193 1189 -1437 1381 -1798 -1199 1496 -1064 -2044 -2007 1237 -1285 419 -759 -978 -1104 -1236 -3400 -162 -1936 -1344 358
-1608 -674 -967 -1617 1998 -1174 -2384 -422 -1233 -840 -1475 1398 -684 1193 -360 -391 2070 2 -3604 -124 -2312 -1125 220 351 -1451 -574 -2273 -981 427 637 4242 -1293 -98 -1214 1302 -927 -466 -2073 -1888 -2638 -2230 140 -100 -1075 772 -628 -1853 617 -353 -42 1146 -2254 -461 1697 47 3182 45 -1089 -2181 232 -1099 -30
145 1680 210 -1975 -303 -2325 -883 395 -867 -1929 -1360 -802 -593 -179 -1150 -4583 828 1630 -1618 729 -2153 -278 -2109 -1166 -229 -1636 1704 -2544 -626 -61 716 46 -226 -110 849 -1780 186 639 -3276 -2435 490 -141 224 873 1026 -818 -152 -2100 182 -346 -655 560 -145 1206 -2056 -2401 -632 -1317 -96 -67 -1266 -299
-2183 2765 -249 -1299 220 -2167 -3887 -210 -1378 965 -728 -492 -172 -2766 117 1182 -911 2056 568 2396 559 220 70 -452 -54 1507 3096 1186 -1209 -457 1709 854 -1540 -1163 1424 -244 1007 -2131 -958 -2246 -697 -245 107 833 -2547 -1644 -1683 15 1499 -1401 -1984 -1890 -1318 1025 1607 -1084 -1243 -1210 -1209 736 -60 1443
1507 -2771 -1058 -877 396 -2478 -3172 -2298 313 464 -855 314 -1174 -2068 -2937 498 2294 424 -3025 -1431 502 -866 579 -540 -1189 -808 1 -1685 -2742 -1660 -279 -1248 -3681 -1570 677 499 -1722 -1035 217 -1186 -776 698 207 2705 268 -949 -2641 -1296 -3039 3482 1069 -3145 -1015 1515 554 -1416 417 -3528 -2677 -1276 201 -35
1792 39 3180 145 -1535 -3443 -2206 -1495 -1701 297 -2512 -615 -325 -1496 -1863 -1692 -887 -2870 -23 1672 -1801 -989 482 -908 -1426 -980 -339 15 1361 764 1603 732 1486 -1316 -2163 -2883 761 -525 1726 -999 -1416 -698 -666 -1673 -3177 479 678 1372 132 842 -198 -1722 -184 1283 -1757 70 1810 -367 770 -1634 -210 578
-2486 -4036 428 -1920 1046 -491 -926 -460 349 -1850 -2455 -381 1709 637 545 794 949 -3101 857 745 -1053 -2371 2152 -742 -3392 -1421 -575 -825 -2125 -484 -856 -1101 1353 -158 2944 1221 -972 -626 -1995 -1604 -1509 834 1141 -126 -1687 2718 -903 -1418 -1550 201 353 -1042 768 169 -2350 -119 -1228 982 3562 -2378 -2489 -693
-106 285 1117 -1917 889 -1306 533 2074 -249 192 -2268 -4081 -586 1249 1485 121 -2453 -3927 -807 1114 -51 -600 2414 -2851 -1057 -421 -77 563 -803 1948 384 -347 -1518 -5108 -1264 -2719 -753 76 -1157 -1374 -478 -575 -1387 546 626 730 617 -859 648 -521 -3548 -3104 -2445 -806 -1891 917 -57 1278 1266 678 870 146
376 402 -1242 -1428 -2659 -813 -329 -252 -89 -1802 -853 985 740 -2438 -1622 -184 -2222 -2221 621 -2419 1270 -855 -3968 -2063 -1538 343 -597 -280 -563 -106 -1583 2803 2597 -535 534 424 1327 -602 -2777 -2084 -993 -1903 -452 1111 -1639 1304 271 -302 -1096 -265 27 -586 1557 191 -90 2930 2300 1306 -556 243 -457 -280
-2379 -2533 4258 1898 14 243 -910 -645 -541 -252 416 -1447 1655 -2211 -2685 -2264 319 1370 1173 1790 999 -2038 -1338 -681 -1158 1803 -34 -1257 1671 120 -105 2298 -1496 -2773 11 -666 965 -2794 -1045 -192 -578 97 -142 325 -2623 676 992 -643 -1730 -1710 159 697 -1615 -200 -460 -1022 -2031 -268 -510 419 250 132
-230 1924 1563 1091 -2920 -245 -369 -1070 -1291 -1737 -1316 387 -1768 -2824 341 1251 -1246 -4411 -1060 631 -1414 257 -714 -203 -3906 -1033 -115 553 1224 526 578 160 -2037 69 436 880 1631 -2753 775 -942 -1438 -5224 132 3289 -711 917 -1881 -121 -952 -3025 -1311 -1629 -2046 1044 2534 -195 452 -1389 -2754 -1770 -1372 -2652
-843 6 373 -2480 -2303 683 -1412 -198 -1686 1410 966 612 4060 1205 -1019 147 1909 -1065 -1559 -2551 -1349 -851 347 1291 -2646 -956 1674 -326 -196 -549 -1986 -789 239 -1179 -219 -2136 -68 -1292 -457 -1424 -448 -1542 -638 727 -2080 -1750 -1559 783 1013 1694 1310 -2122 656 706 1153 135 -3230 -3863 -1207 167 1580 1791
-1643 2415 170 1210 1920 -1744 -3059 -1233 -1811 -1677 -1000 -432 -2382 -426 -243 -1925 -1666 -908 -39 217 -1447 1123 -1200 1305 -1090 -3773 940 -745 1604 1800 -1142 2671 -2577 -2038 2554 2116 205 -863 2888 1341 -800 -3790 -2691 1954 585 2034 1463 406 -385 -1274 -2507 -3142 -2163 -1691 256 1532 -1764 -2316 -563 303 64 -3116
-948 63 -1791 -167 -2484 -1581 -663 2806 640 293 2642 1762 1585 1876 -2899 -1043 324 -1493 897 -228 631 865 -2068 371 -1833 243 2428 1395 1845 300 -3049 1613 -1755 -1483 -73 -2467 -1483 285 -1698 11 -1428 -2386 -1859 2109 -753 -2098 -1386 -2077 -1171 -884 -116 -264 -1823 3013 307 42 -2767 -2011 427 355 -1838 -398
-1113 834 1398 -1553 658 -110 -2689 -2764 -849 -1299 -2772 366 2260 223 -2804 1013 796 -1354 -523 -1051 -2363 -2817 -43 -2761 -2934 -3597 -212 7 -9 221 -1679 174 -1385 -2449 830 -2099 -1217 491 557 951 500 -1266 -1817 99 1549 -1876 306 -764 504 1369 -2234 -604 -3507 -2707 -1014 -662 -1347 -1733 1174 786 -357 -14
-2481 -855 -370 -896 1532 1484 -1858 -2916 144 356 2571 -1501 499 -2119 -1941 -134 -1963 -672 526 -353 -887 -746 -285 1394 384 -1254 1012 -1705 1136 957 -2730 -115 46 -3581 382 362 150 2665 -403 164 -1141 -287 -1854 373 -723 -2897 -251 -2461 -1273 527 213 462 -683 -368 715 1121 1145 -3002 -534 -2725 -1244 -2873
254 1561 994 -2656 -865 1625 -906 -1046 -1345 -1894 -1609 44 -365 -2892 -637 -848 662 658 -3267 -1341 -492 -1238 561 1136 -46 754 -1224 -2894 751 -126 -490 1705 -624 -792 1291 -2535 -3041 -2034 -1749 380 317 -685 88 -851 53 -3170 -1140 -1625 -3025 287 559 2793 -1532 -3572 -2966 1335 739 -839 -92 305 140 1177
-2979 1000 -969 -156 -1582 -845 -501 -1700 -326 539 -1657 -423 -1702 -3122 -1537 -931 -886 -1310 -2375 -90 539 771 1607 -1017 -1945 894 928 960 491 -823 1579 136 658 -830 -369 -2333 -377 2741 -2486 -1497 -234 -953 -416 -359 -1454 -1766 255 1348 -1345 -2525 161 1551 182 1074 1128 690 552 -1117 955 -1195 -351 185
-817 -1399 777 116 -1154 -809 1202 -730 -1691 -3765 -238 -401 1038 -1155 343 123 31 -860 -3722 296 -266 -2280 -1540 -398 2821 2610 -1801 -1745 -1951 -1115 -1175 -1283 633 -720 -2467 -1228 -198 -191 -512 935 -88 1285 -82 -2040 -1489 -912 -1893 312 -1297 -1290 -1874 -2331 493 -362 -564 -684 -2223 -1016 -427 -1161 1754 2891
-428 -833 -2155 -2585 -468 -1377 -1104 -632 -3051 -1103 -519 -540 2652 -2049 517 1796 -1734 1063 -672 -642 1976 1215 -110 -741 926 -67 -764 -457 644 -133 1991 -2111 964 -1146 -1053 -1650 -259 -2492 786 -429 -2686 -1086 585 -231 -1039 -1609 -222 -682 1275 2182 987 1699 647 -1415 2016 2332 3794 -1026 627 -2452 -3285 2164
192 -2774 -865 -203 1265 -2044 -1449 -1836 -437 817 -2830 -877 939 1093 -309 -1446 1566 883 -1195 -2973 -643 -536 -1022 2387 -1399 775 -989 -1348 -2730 -1428 580 3428 974 -2916 -1202 946 1056 -1735 644 -384 -2094 -441 775 21 -1081 -937 -1248 118 1485 -1495 1655 1091 1036 -2624 -3159 500 -371 39 1482 133 1188 -446
-3185 -698 -1747 -915 -35 -766 -3722 -3825 -1924 553 -3063 18 1178 1475 -349 -1036 -4549 -879 -713 57 1680 -248 -255 477 -1768 -1737 1173 -362 208 -967 -584 74 1407 -372 11 231 -135 -643 110 -1188 68 244 462 -2127 -699 -551 -426 799 -639 -1809 -1184 -2679 1211 -1159 200 1134 -1673 -1057 2022 -682 522 737
-1370 366 891 718 319 -801 -1337 -1073 1036 880 -1050 -628 -3959 421 516 -2346 2642 1703 -85 -533 -1226 -1393 -913 -208 -1089 -4042 -3451 -1526 1975 1048 -3160 -1456 101 -2222 -1059 -1329 -850 -846 -471 953 -1836 -357 -1245 685 -2051 -2873 1283 2072 1413 929 -76 -1599 1286 -3617 -3392 -188 -1714 396 209 -403 428 -859
-3221 1564 377 -854 -1054 -406 -317 -902 -1247 -2619 -376 488 -746 -1033 -1041 459 -1914 -1378 -311 -2659 -860 -304 -147 -354 2868 53 -118 -3758 2068 2675 -2782 -1654 1743 -705 -401 -709 14 152 1550 -2095 -3040 44 515 -401 844 -1446 189 -19 1656 -3214 -3360 -1043 288 -320 587 295 545 322 421 -2326 1281 2738
21 2449 -1636 -2941 -904 -2082 -1941 1323 660 -2509 -2897 -773 -289 398 1374 1087 201 -1155 -1300 -1671 701 1155 -1187 -4013 -2700 -1390 -1929 -1128 -892 1486 3221 -605 341 -1382 -2385 -868 41 -318 830 -307 -1323 146 674 938 -102 459 372 -798 1040 -1976 -885 -3146 -1910 667 -2529 -2190 -19 618 1203 -140 -841 -2188
37 -939 1589 -1517 409 616 411 -2715 -109 -1298 -1626 -792 -1933 -1634 -599 2803 -1350 -1291 -949 -2706 -1709 -59 -1134 1563 982 -2968 -2253 -2756 -437 711 -79 -1703 255 2495 -521 -642 2011 -1360 -351 -2424 -621 -1200 -556 -918 -161 -1596 -1257 -912 1506 -465 -547 -2566 -6 2552 1674 -1604 309 -388 433 -2276 -2348 2045
356 -1727 629 -2842 -695 -618 1026 -1504 -2015 -3154 430 -1807 430 244 1053 -1052 -150 -399 240 1038 62 72 460 -2263 -868 1011 -312 -1631 -942 2492 3693 -887 -162 -1393 -3122 -1209 -344 -931 514 -2119 1284 516 1914 -444 -1068 -853 -202 -1330 -73 -268 -1834 -2784 -746 -25 456 -1967 -1371 -2080 -1351 -420 -2729 161
-367 -1578 873 -4468 -1189 -2978 -850 -1959 -1476 1588 1226 -2840 1137 -1810 -3936 1459 241 -562 -1850 2660 352 3562 -72 -712 -3551 -314 343 -1422 -2752 519 -1948 480 1926 -1604 1414 359 2363 1096 -2910 -3213 -223 -540 -382 -1029 847 -1645 -252 485 147 1928 -936 774 1198 -2417 -529 1240 3208 -1203 -1067 -1876 498 -619
-1155 -2097 -1403 1132 1412 -316 -363 -1185 -1195 -141 -641 -1315 -16 -634 19 332 -865 -3551 -1362 1508 -1234 -1575 -2312 -1677 -2382 1087 637 174 -32 1858 -1037 -216 31 -2949 -1607 -1631 -1 -3660 -3638 -2711 -390 -170 -73 -344 81 -829 -858 -684 436 -893 -2030 221 -180 -2090 628 -1901 -1224 -2720 -1749 1531 1602 -1338
895 -1585 -3485 -452 -3439 -1107 -1710 -1182 -977 438 -483 -3070 -2339 -67 -3452 560 -1305 612 1416 1613 1520 -2352 -104 3237 2259 119 -110 -631 -2407 -1800 478 1217 -600 112 -992 -1750 -108 1700 -645 -847 -959 561 659 -1236 -700 -2444 -2980 -127 -1419 -1288 -277 -2189 -1307 1201 2326 -422 860 -737 992 -2097 -449 -450
2396 -1445 -4073 490 -1120 -1010 -504 1035 35 2465 512 -2636 -692 558 1755 -196 -2552 19 -1043 -319 -2452 -175 570 343 -1849 -1437 -1283 -789 -1307 -555 -434 -1223 -324 -628 -3167 -986 -953 -2676 -863 -4061 -712 976 -90 419 -98 1264 58 -1314 183 465 -809 -1288 203 -135 -362 -1313 -1117 -1469 -204 431 -1515 -1513
-293 -2228 -1932 -1012 715 -2245 276 -26 -4315 3389 -279 -1625 1300 -331 -293 2117 -413 -2096 960 -2215 -1597 -175 1398 -695 1021 -446 2459 96 949 101 -1942 -719 1601 2472 -2503 -314 307 76 136 -658 1673 2510 -340 -1287 -3183 -1520 -3798 -846 -253 2338 -1291 -2055 -1528 1075 -886 -352 746 1291 56 -3553 -1576 1365
-496 832 -15 -1190 2630 -457 3129 -624 -420 -1749 -153 -3287 -2476 1256 129 -771 -1019 -1829 -1754 -2677 203 209 -364 -1528 -1882 -4197 -888 1646 -2995 -255 -49 224 1107 -955 -1026 425 1616 -1692 -1596 -2940 -1352 -1969 -3619 934 4845 4285 23 -1627 -48 4098 373 -1299 -2193 -2437 -142 -1109 -1086 -752 -854 -1161 893 -552
169 -1522 -5178 -853 812 -808 1059 2807 2404 659 -273 1093 72 1963 -1564 -70 2379 718 622 823 763 1276 -544 -567 -1165 -2323 -677 -772 -542 1377 885 605 -333 1908 -897 334 -1915 -83 760 -85 1142 3089 -1042 -3682 -2437 -3056 -892 577 152 -552 -3301 -2705 -203 1471 961 -686 259 -800 1147 50 -397 -259
840 1450 1125 -781 -2173 -2547 -1673 53 -1054 -1671 -358 68 -2738 -70 860 -2223 -1409 -2032 340 905 1310 747 -560 -1221 802 -1138 -1147 2733 -1204 707 -478 -1353 -203 -911 -329 -1367 299 -337 -1315 -1117 -678 1103 -2399 -290 -145 2415 3433 1333 1672 -1161 -707 -1720 -1352 -1161 -556 -1600 -3277 -3983 -1276 264 -1858 -1455
-212 -1340 2099 437 802 -183 1678 2077 -1212 1856 -2401 -168 1093 -257 -1707 -2033 2020 -451 176 2398 856 918 -2255 -974 -514 -41 -1864 -3550 -2995 3618 1559 1594 927 1416 -1501 -3167 -492 1992 386 -1325 -455 496 458 -1991 412 786 190 1762 651 -726 1166 919 607 -1810 45 -617 -2612 -3069 -143 988 -2279 -1557
-1295 -820 2000 1393 -193 2022 -610 439 739 1911 -1210 -2535 -592 -116 1029 -481 -38 -1206 2823 3364 1726 -456 1050 -875 920 -254 1015 396 797 -279 82 496 2809 1882 -1336 -1615 -1454 -278 713 -700 3730 1388 635 3098 -1210 2616 588 -112 938 2157 -657 681 1417 -405 243 2719 1040 -1464 334 288 28 451
242 545 1207 1260 9 2132 491 173 -517 1325 -1204 1433 110 3019 -1412 2196 -98 -905 1378 -52 -2474 -1696 1875 3379 -748 866 -623 363 754 259 770 -588 333 -452 -488 -976 735 344 518 606 239 1781 1565 -1124 -580 350 -529 65 -2582 894 757 -1154 1367 3474 -1148 1458 -826 -291 -1890 -99 1465 2819
-1344 397 -540 -647 453 1550 -61 -707 439 759 230 3458 1174 -165 841 -3062 355 -135 -300 -603 -685 -885 2511 -204 658 1870 285 -549 601 1053 745 340 -476 -1648 -166 2188 -258 -964 -1286 1151 297 473 641 46 -2505 1647 -1120 -283 252 2150 -1643 360 1117 379 2565 -1581 -1057 241 303 134 1666 1240
-293 -177 930 -248 404 -2735 -471 -3222 1826 -1251 324 1628 -2256 -2387 -703 -1241 -242 1102 -1658 893 2371 -1631 1097 -2229 890 -671 2421 -1574 2136 140 -1352 936 1546 975 198 2224 -1311 291 469 -1246 -548 1066 594 -960 944 1557 -2503 1626 649 781 488 1641 -1154 127 1039 1428 -2668 -2110 2344 786 814 394
-630 -2436 -1296 -632 -95 -255 -670 -357 -1268 1231 -1337 310 -1093 -1413 -214 823 -398 -1154 -669 359 -53 742 -460 985 -471 -391 638 -1890 181 2418 93 143 1769 2448 392 912 -1086 -1243 993 2708 -699 -81 -2295 1788 -749 -32 -1115 1584 -66 658 1091 864 755 2211 2253 -32 -2644 1173 1986 1395 -777 -871
-147 -2671 -2431 -53 1499 2245 1444 1474 -1495 -265 1394 -2035 1097 1057 2250 -774 663 915 -1641 -1288 -1983 -500 2218 270 81 -175 2984 910 -2309 1840 2396 2090 -730 -20 3195 -706 467 -2161 1811 32 1702 519 -2776 85 -308 743 1341 -248 450 -892 75 959 1461 2200 -975 -121 -1087 -1188 -1192 -101 -337 239
-1776 -464 2273 377 2730 1407 3213 3522 354 -744 -757 886 -1179 -201 559 -1836 2750 -522 53 781 -1088 -2692 -1264 763 1889 669 1349 2054 -846 563 817 1659 603 365 -708 -235 1301 1063 381 1483 -1379 1343 438 728 1053 532 1384 1313 -1754 -1376 932 1102 461 1084 595 -1558 -2162 221 -3137 -345 83 3267
-3019 -1319 2354 -1024 1343 1134 50 -143 1393 1405 -439 73 -976 986 -130 -1404 -390 603 89 856 -517 1033 598 -556 548 271 -74 -2588 -86 353 -335 1257 -1098 -1887 800 1966 2156 474 1106 511 391 1894 1922 644 -88 -1895 -1292 245 -95 451 352 1469 3814 -1329 -1387 1921 177 1896 561 -824 1761 1512
151 536 1863 -2903 -1499 880 -1115 -1258 945 2012 -2079 2385 1274 226 1367 629 -310 1408 -389 664 559 108 -973 -2373 216 -101 -1770 -1561 2032 325 -1250 -1622 42 -1577 162 700 4177 1205 2892 825 521 2647 -2144 -741 -924 304 -341 17 -635 -648 1933 -2869 576 1517 -414 577 -936 1029 -220 386 383 -379
3020 3269 -470 -855 -2546 906 1393 -1653 1837 3130 -2186 -2323 2138 3787 755 -922 -1907 -595 -809 -1365 143 976 -130 223 -1605 1542 1232 -447 1077 -1052 -1014 143 -371 1709 148 -1059 730 5476 -585 1659 1241 -951 -915 -1007 -2680 700 -1816 1594 2194 1791 1062 -3922 -1169 -701 1811 678 -84 865 238 208 668 915
1156 -461 -764 1650 959 -1360 -23 148 -1687 -1646 1536 1409 -2183 150 -973 -1285 528 -470 -627 -1965 837 1242 747 -1469 366 1045 435 1157 -904 2647 -1920 1961 1517 532 1402 2049 -719 1896 -1061 -2082 1415 -765 -2228 -3252 2004 60 1199 1046 2106 291 -865 34 -1272 -692 -272 3571 1607 1091 244 -874 1134 3181
1530 -194 -673 -832 806 -731 -279 1188 1306 -2045 899 112 1955 -1372 -1801 1987 2187 -1823 -53 879 -495 1107 -654 809 -1000 -1499 -503 482 -831 809 2044 1182 -1830 630 -980 -1041 744 1225 364 -992 -1888 -1847 558 -808 -1741 -87 3369 -727 1646 -663 -232 674 716 1598 -678 3038 -2508 1925 173 1687 774 -267
-609 518 455 58 -281 45 1836 1016 613 798 2657 -579 2275 2312 -239 -1103 -387 -446 -357 1467 -3185 -1663 -335 441 -54 -25 221 756 909 -2603 -1399 2578 105 -360 337 -1674 -1900 -1562 1219 -1737 1323 -1318 1923 -160 -756 72 677 -701 878 299 722 2520 3174 252 -1026 483 941 1151 -1484 222 469 -626
-2566 1929 1890 -1717 -2551 1955 1008 -23 1827 1793 1134 -666 2314 1552 -1106 -1115 -2593 -826 165 1258 -815 567 466 -1506 1364 800 -574 2539 -158 2950 -1539 607 2201 79 -304 1657 11 -2804 -161 -2493 3806 3899 -1795 -450 1476 175 827 -1223 2408 -770 2530 1510 315 548 -1860 1862 -1927 171 20 502 -2752 2362
2075 -130 -1536 137 -20 1995 275 2302 1148 1349 3216 918 -1417 -599 -259 836 292 279 1597 -126 2899 680 481 949 -42 403 -337 58 1091 2485 2915 88 747 -1323 -3945 1168 863 144 -310 2951 -256 372 1850 1189 -1106 1282 -1276 307 1991 -2106 1230 -1613 310 -475 3226 62 309 -1848 1939 684 358 -128
-244 -1373 -943 1195 931 3431 -2207 443 1067 624 363 517 2630 -2273 -1910 69 452 3267 -255 1833 2450 14 534 1821 -606 609 717 -521 -357 3863 1411 232 -1027 -966 -1133 2542 2238 1291 -360 1008 -1271 -2282 128 3267 2365 756 462 1423 1029 -263 0 446 124 1107 1521 647 -358 419 1359 907 418 -499
-731 718 2962 2434 -1443 1441 1580 251 1107 115 -816 61 639 -1766 930 2038 -1619 582 2142 1364 1595 -153 4 1648 686 760 2273 3111 -1577 1141 499 -563 -1278 1473 980 -486 200 1393 2066 -104 -1115 344 1316 731 1146 313 2617 857 -286 2151 586 226 -1404 1470 -1504 338 1271 29 -1532 528 1817 -1069
790 1049 3963 -1394 2935 850 -3188 812 3 1441 -314 -1097 -1614 884 1490 -1244 3445 -242 325 925 -510 1291 159 454 3010 -539 353 1103 1241 -328 559 -2546 230 -1359 2099 -1193 -235 1316 896 281 1093 -470 750 872 -11 906 3230 2272 -1713 3648 31 -968 -80 -1603 -55 1125 1937 -1611 1707 -1189 -950 118
160 177 2053 -1190 -2441 -481 -325 1302 -1166 421 -703 -2570 -546 606 -166 1904 -56 166 -1538 -721 609 13 1143 977 1479 357 390 -1151 789 641 -1163 84 494 -1522 1365 -530 1935 -211 -2692 -1652 2211 -180 94 0 1064 2469 483 1801 704 1790 1151 -803 1031 -239 -467 2619 1078 982 -1112 281 -1410 880
437 -65 -1658 -1800 -70 434 1543 1132 1829 -881 -2372 -1454 -381 -1498 1210 2730 -497 1038 453 -1652 612 2100 1185 344 -153 -1323 476 302 2148 -154 625 -2930 -1717 2643 2100 -2608 -33 -334 -491 1812 -1300 226 -73 203 -1235 1734 845 1000 463 1140 1223 -427 -195 -610 -357 -3275 -1061 913 1280 -279 690 -176
-81 932 -2966 966 1431 1745 2388 2485 -264 1661 -1078 -119 -1338 534 -1532 1284 3067 983 1775 564 1786 -429 -1625 1862 -546 852 2712 -1760 242 -1015 -484 1418 601 1333 -59 165 -1316 1275 3003 1177 -2383 553 1278 -2064 2040 -493 925 -709 -2353 2460 -470 2983 -3872 -2922 -2161 221 1468 224 432 162 1532 41
1586 -966 140 2643 786 556 -135 993 1013 -2923 -106 308 2493 739 1436 1106 1852 698 3100 -380 590 952 -229 -24 560 -775 3540 2445 -1668 -196 -381 3518 1772 584 -1596 -149 -559 -1489 -19 1660 1114 18 84 1141 790 -1553 -95 -1281 -602 55 -921 -1362 2722 -2729 1832 74 1654 -171 3107 1107 121 976
-546 1232 1811 583 -186 1500 1873 -976 31 2260 -1470 477 748 2564 2121 2907 139 1517 2561 -578 1124 -684 -368 3643 146 1682 547 856 -27 2039 2458 -1686 1719 -1397 -435 -2408 -798 1699 26 -141 1778 1986 -1276 -1096 1034 -1245 -1958 -1760 1449 -224 2457 603 -1938 265 1897 2299 1400 755 2504 -529 1488 -2625
-490 318 1923 -1309 2122 1433 -143 1579 753 1016 1367 -374 62 -1571 454 91 1388 198 449 216 -546 -231 1138 729 126 2810 669 765 -538 -333 2404 479 -2114 -2433 758 -347 459 -905 1890 306 3019 1293 690 -1097 1454 -2227 -264 -2045 272 -366 133 1650 2141 -216 -2228 2433 45 1614 1378 -885 3335 -2805
1127 -723 -1667 -1584 209 2759 602 2297 -651 -60 2548 219 -176 -513 -185 795 1034 359 508 -422 -870 -410 1933 -442 -1867 1909 1803 -319 1210 949 617 -1073 1417 -734 -383 -56 2 1098 559 496 874 -2710 2082 -1839 3390 -1181 -1449 -1240 2879 644 -490 -2349 969 650 -1274 -1189 345 -316 1160 1072 1176 -2478
886 -789 910 4240 466 898 603 -2980 494 2211 163 -3080 396 2076 1609 1191 1499 -2797 3432 2793 -371 2471 1492 -818 568 -1330 2018 1374 994 420 -430 -577 -374 1035 -1966 1373 337 571 1925 -1279 1771 -836 -398 1711 -851 -841 2458 -659 -1447 1658 -801 439 -662 -1364 999 -1816 -1550 1249 -1392 1003 -2499 851
265 -916 947 2753 897 2418 -1762 -307 -1819 698 342 -2396 268 380 -482 1738 1641 -1828 833 233 -1222 -1845 1436 4142 -2223 1566 -1366 -707 -678 2093 -1064 1219 -1914 -510 -1353 3047 2417 -1078 1297 1828 -925 -560 -375 -260 2164 -737 -601 654 161 429 1671 918 1299 388 465 1324 3113 -128 -1368 -674 -84 -689
2918 -676 641 -147 -782 824 260 861 -2270 -1877 1670 440 -198 -64 1383 -1360 1630 1782 -1827 554 441 -58 -1785 477 -681 76 319 -1470 1494 1637 -848 1025 500 875 2408 1347 -113 1005 -1960 2341 -2060 357 -644 2193 89 1356 59 835 -913 2596 449 749 105 81 -695 1072 1864 994 1774 -172 -196 1218
489 -324 1002 778 -1388 -1160 -313 675 959 -1155 -1069 3882 -866 2454 609 366 -869 623 -141 829 1065 874 765 837 -1267 1322 624 3315 963 -194 2596 2 1888 153 121 215 -958 362 138 -881 1002 2084 2775 422 -123 -451 641 2045 313 1521 -653 -856 2213 -464 1091 1048 -1951 -1003 -91 1035 -200 544
-2052 1597 325 -2619 2129 -362 -581 362 2265 758 -185 1169 -204 178 727 -1826 -1274 1628 354 231 -492 -144 298 1658 1045 584 867 653 450 922 1609 638 -1265 -2857 1598 -1666 437 -1352 405 279 -427 2009 1482 3148 2800 -1367 -1014 -43 19 2311 1117 396 831 2691 141 421 769 -1809 -146 -285 -343 2406
-1726 3497 42 -397 578 -919 -219 -434 -262 -69 809 659 -295 -2144 -2149 640 -1932 2584 33 451 3315 286 -1607 934 225 2678 -194 232 429 3372 -488 1164 951 -2414 848 -687 1085 -2032 76 1427 -215 -262 174 1047 825 1319 -75 69 1728 -766 3724 -431 458 1662 2682 -442 -1501 467 -1585 2767 268 2311
-1381 -4028 -703 43 555 -1887 -2168 -938 968 1037 -1079 1933 1414 -2068 -958 2719 2698 1915 -537 2144 1735 1760 -1039 1500 1604 1046 1075 720 -1073 685 217 -990 -385 1307 1181 1765 -398 -1229 -1463 696 -1318 3439 -1517 872 -2514 -110 629 -997 786 -850 2324 -120 80 857 -1538 50 2277 121 1485 1270 -144 285
40 -756 245 -1757 -1363 -2402 302 275 1255 -82 1145 -2291 123 724 2141 225 -1677 1659 -1489 1305 -462 -279 1566 257 -934 -155 -401 646 106 756 670 -1413 -1026 383 -239 -77 494 -400 824 -1226 -430 1394 -305 267 316 -1700 -1547 -131 1644 1298 475 -841 -2006 1396 -1983 440 2644 -223 2176 29 632 2011
1010 1661 976 847 -803 -781 -1046 348 -296 -2019 -280 -1322 2226 -1297 1918 601 -3972 -1276 -922 1243 -398 142 1339 -2336 -873 -4499 1211 2424 1166 2285 1893 -1272 896 1442 478 582 -361 1413 -817 228 499 -464 1091 -121 1809 216 1914 984 -117 1793 333 -156 581 1501 698 987 1080 1036 2308 -2138 1270 2993
-1033 1752 -44 3613 701 1147 109 -761 -359 1606 -348 -1832 1789 1705 -2501 -55 -2400 -911 2527 763 3161 954 -212 -4162 1695 -951 1562 762 -1836 526 140 1922 853 966 -148 1928 -219 1004 -326 -1207 1092 534 2188 -636 3247 1951 1762 -367 -1140 350 -1745 750 1251 1459 -1250 951 1983 -612 1482 441 -1566 3294
2498 1575 -1738 1891 744 -78 1093 2276 -101 721 1280 1523 -1239 -805 1649 -18 117 -1554 2071 588 2053 1628 -2783 231 1072 111 341 -920 2182 -83 379 784 -909 -1407 -1265 2421 621 -1084 420 -432 -1065 -1359 2194 1370 2995 -306 2052 2552 -2034 -1248 -601 -1364 1013 -222 964 1172 217 1406 284 116 -827 -1366
-652 914 2848 -3272 -286 971 -129 1461 962 1231 781 547 1080 815 -1285 1670 1570 2572 249 1205 -1386 -3061 -198 -171 645 478 1804 -310 1628 714 847 2613 -764 564 1020 -258 533 -1330 -1873 -215 744 12 647 -499 486 -894 -111 2914 1054 793 2311 2512 -2888 3697 -2548 3634 -282 533 1541 594 1850 -172
1259 1115 470 662 -1193 2321 -1103 833 -1254 567 -1130 368 -476 415 1629 245 432 439 814 1636 -843 -1819 579 1339 13 1185 1460 1967 2393 1596 922 1246 466 2177 -366 1590 -20 -53 -1089 -638 -623 -1502 27 -6 107 2761 253 590 1613 2145 -1794 1786 -1322 -131 287 1784 414 -1797 1029 1383 1261 32
2955 2252 959 -978 6 1381 -890 -1057 -766 44 833 1830 -1181 1703 1665 -423 -326 -1705 -795 -2668 2404 1577 2375 -2625 231 645 2755 409 2737 712 1503 -481 461 1234 -700 97 649 -613 369 -743 -2607 346 -1985 2138 1413 -702 1028 2218 -1211 -986 64 -823 1532 743 562 -468 -947 -1709 -1042 -1380 455 -295
-640 1953 1310 672 1784 -1710 -1619 1494 1598 109 -878 2170 1738 53 -714 -631 2223 -854 -1477 166 -1593 1223 989 -1614 -453 -2950 1297 960 1579 -731 244 819 -1495 270 -566 6 -73 288 -216 2061 850 -950 -880 -512 1643 -3 1646 1325 -504 -74 -944 643 -132 -489 1323 -587 -1597 -3311 -344 773 1937 -1141
1948 -573 1212 3410 -1083 1090 -63 1707 1739 2985 -176 -754 -443 -576 -1345 -1384 1042 738 1542 1209 320 -1391 -971 -1506 -1422 625 664 2910 1222 -1094 -1778 765 -450 413 -305 -33 850 2065 861 1483 1851 -539 413 -41 1360 2891 -1754 451 524 1096 -1260 773 -1469 98 2282 242 -2204 265 113 356 -376 -1450
1878 988 744 -1248 -565 1303 2050 1078 353 1834 945 902 -605 -2008 482 185 895 1467 1491 -285 138 -1361 -663 -1456 1420 455 300 1282 502 1017 1412 -1562 1639 -1301 1772 -1158 482 142 1000 -500 1267 -769 615 -440 984 -476 312 -1222 4 1783 -590 -412 -170 -2342 448 1467 1126 1051 94 -1017 -909 206
225 19 -807 -789 1966 -604 -715 -160 -836 -550 1385 260 2267 -1546 -352 -443 1018 -529 1776 -2833 -480 1319 -108 2525 -3085 -1851 1229 -1138 2077 3040 160 691 38 -1478 152 1857 1974 693 -476 2749 -1295 -792 -1866 1467 151 -1369 -26 1322 -1616 1356 1114 -623 2253 -2258 -1508 1003 2212 707 262 1094 -691 -1630
-1000 -448 2254 105 1219 140 -1579 -463 -188 -546 -556 2111 553 -175 1134 -1409 1396 -2440 -246 129 -562 -153 -1164 976 1940 -639 1987 159 1139 -217 613 467 773 -848 370 -84 762 -314 -123 1019 -33 92 231 -1327 1910 -1916 -444 -196 1166 -1879 1918 1320 -44 1902 1605 185 -764 -634 -340 2477 -296 238
-1849 1676 313 445 -1691 470 1167 -715 36 1049 -2664 657 1057 -1687 2615 79 438 -1633 833 -460 1302 1365 1596 35 -1119 1744 313 584 1021 -322 1031 788 984 2126 -448 -1735 -3032 334 652 1276 313 1091 771 -890 -2163 -456 -1994 -1142 -217 1590 2817 2289 319 -122 1184 1043 -52 434 252 1835 -604 3630
1441 -1369 -382 -641 -1814 -903 1785 594 -1242 -1076 -504 -1614 -540 73 1829 234 1230 564 -737 816 237 1299 730 -687 2968 2124 -114 -1769 -72 -73 918 3980 3963 -337 -1169 -1072 1528 -234 1735 1651 -1230 1596 450 -462 -818 -1094 -453 804 1782 -1416 3489 389 -170 -509 1231 869 -617 2649 -753 950 1326 3242
1435 -159 -1592 995 1033 -2358 -1631 -793 -2386 1273 -153 434 2097 -493 2038 2227 278 -1906 -261 -1481 1019 355 537 1149 664 1607 329 1197 -411 -81 434 875 1565 -829 610 933 2242 92 1475 249 -197 692 1161 -99 336 4405 422 729 1907 -449 -710 126 -406 858 275 1094 1518 -566 -96 607 325 1603
478 -3075 -121 471 931 1422 -3544 -1862 0 4208 -1848 2621 2172 -174 -335 -1413 1786 1018 445 917 1607 -1012 823 3412 -1558 1504 -1093 776 665 1506 247 1768 -1229 -1142 680 -160 544 -946 -312 -626 509 822 29 -19 2068 1477 1159 3751 2631 4270 397 1055 1819 -997 -781 1325 1406 -352 1744 136 116 1667
-2302 104 -1329 301 -388 476 1157 -2602 -69 93 -2314 -164 581 1063 -729 -279 -904 3036 492 2407 -194 1682 -1528 2383 498 978 402 -91 875 4054 785 588 1681 -1447 -244 713 -39 -898 1095 -103 -249 -771 -1296 764 1681 448 -809 3209 2440 759 270 2261 168 3045 -1552 2205 -345 783 2943 -936 1718 2271
-1200 886 -1412 -386 944 -1973 306 1557 -2029 -633 -1555 -1172 -1253 2745 982 -377 1616 320 -81 279 1373 -48 58 -1101 -2214 727 1289 118 3104 836 -1712 3756 1426 83 435 -415 455 -1319 1864 2180 -1691 -357 -144 -47 -1064 422 4493 -1758 -2731 1341 -3319 418 -531 -217 -555 -148 -387 3016 2522 2353 -48 392
-573 576 1223 303 850 250 3170 -1816 2112 -499 782 -970 -1158 1906 2213 1642 633 -904 -219 -1329 1786 -3 35 -99 -1367 -1380 1825 -1438 1738 1348 -4133 763 1501 2640 1142 -1593 -106 -466 -79 -1535 545 -630 926 339 2455 -730 -274 -522 1001 -1345 -1323 -1897 -2780 -1152 802 586 840 53 1610 354 1731 1755
-987 1942 136 875 -469 778 558 1577 120 -871 795 1958 1659 670 799 -1082 342 1067 -1951 879 808 905 2077 1263 1440 1294 -2251 -534 -373 366 3924 -578 -1471 2141 -937 -432 1797 -1596 3757 -3422 -351 -33 1939 2977 -1185 1317 -336 1278 1639 -1394 -1832 -1161 285 3362 3130 -257 630 232 -639 1438 -440 -1318
998 256 914 -836 -1703 -951 -66 -1141 901 -1399 -5 1337 1719 782 407 2841 -1662 2284 1669 -1821 1470 1784 547 884 -423 1518 -3716 -39 -802 498 1500 2499 -1243 965 -435 -351 2825 2049 1841 -1374 -1549 2428 842 1968 644 -778 1029 994 1023 876 1324 1039 1507 947 -909 331 3966 2862 -240 -1693 -1298 -1299
183 640 -614 -36 917 -1417 1196 196 -395 828 1452 -345 -1152 864 3072 2165 -1183 301 -35 1307 864 -34 2022 -2404 -1062 -224 1852 -1205 -639 967 2617 870 1630 -585 1320 2051 1888 -1436 -1113 1280 2707 767 127 -1070 79 2511 -1829 1467 -501 1177 669 -516 669 3407 -2680 -669 930 591 1200 85 690 1122
384 929 63 -3154 1414 562 -190 -587 1323 2203 512 167 -1100 1930 -3081 543 386 -203 -944 4169 2120 1577 -95 2571 -1423 839 1323 1806 -234 474 1333 1427 1832 590 1310 -1134 1306 117 -2356 883 1982 2162 1293 376 -1520 1138 -2494 1154 432 -1906 1134 -931 -1610 503 946 1921 772 -1017 447 -1492 1328 2161
305 -624 -197 -1410 -480 -256 -232 -285 1931 2520 -1960 1668 -2575 -513 79 -988 -521 2258 139 369 2908 857 -994 -462 1185 1361 894 -804 1508 -1801 -282 1439 1440 -2505 571 -749 -1378 850 -244 -3147 -314 1150 2444 1634 -1191 -81 -718 396 -772 -515 255 935 1964 -1389 3798 1354 613 -2033 -1475 2451 1513 -2893
691 3 -963 2154 232 602 -244 214 557 697 483 -3850 596 1272 -533 2123 -1643 1468 953 7 -909 -2206 -2531 2170 1484 1883 770 -1233 -982 891 -1272 -2406 1645 -1549 -315 609 -2176 -86 330 -3033 -1081 2203 2424 -646 891 -2555 538 579 1452 -1661 965 -1011 1958 3053 1643 -1686 1107 -268 -40 385 -188 -1421
-493 -147 -415 1144 369 1119 2323 -708 26 -278 687 -1688 738 -321 -855 3363 313 -630 -929 2744 -3540 852 1556 787 488 1915 -2998 1358 84 -1218 -119 -944 1897 2628 -2990 -228 1396 -721 1513 -3009 1647 85 -322 -831 2434 1098 -1190 -1317 607 1830 1240 2600 1361 -2779 914 -287 1880 665 -1016 -771 -162 2029
3399 -2626 -2009 179 1757 821 -797 2168 -1082 1932 2421 -412 1159 2929 1110 1066 -1334 -336 1781 -537 1857 1485 625 615 -306 86 -505 522 872 165 -152 2079 291 667 844 -633 2068 -1072 -1623 2621 472 1266 783 -1579 -802 1311 -572 603 150 3188 1274 -2239 1004 710 -1043 1003 -817 2622 -900 -986 765 536
1438 -53 2646 -698 1129 -68 1586 30 2443 -1802 1394 1447 -1574 -230 2922 922 514 -1622 712 534 -741 1743 402 -1522 -660 1202 39 3781 -660 2507 1054 1053 1781 -2850 1449 2072 161 1788 243 1029 1249 -1272 1459 -1289 260 81 661 1798 1599 2597 -2245 -1890 -1441 1971 2579 129 -1867 582 2284 -812 1338 568
-106 1369 910 1613 3338 1348 2886 2068 -833 -371 655 -2017 1582 -119 -2062 2136 2821 -1313 282 1160 -1035 122 422 -2027 -2132 -330 -517 2212 -447 2825 2096 603 5149 232 295 1060 -774 1428 1645 -1251 -849 -697 29 -410 1234 841 174 770 74 -324 -973 278 -565 558 1080 -587 -1118 1914 -540 582 -698 2416
-333 337 539 -389 2747 905 -138 2683 2048 -758 965 -1196 1123 1901 1812 -212 2870 844 1939 1831 2800 -2554 1314 -38 412 -669 -1672 3508 1876 959 1216 801 841 1192 2490 -2770 371 541 492 902 27 955 -569 -1980 -1737 -861 1588 1725 -353 -2788 -2291 1944 363 -2898 -35 167 -1118 735 -2318 1189 844 -501
