1.764052 0.400157 0.978738 2.240893 1.867558 -0.977278 0.950088 -0.151357 -0.103219 0.410599 0.144044 1.454274 0.761038 0.121675 0.443863 0.333674 1.494079 -0.205158 0.313068 -0.854096 -2.552990 0.653619 0.864436 -0.742165 2.269755 -1.454366 0.045759 -0.187184 1.532779 1.469359 0.154947 0.378163
-0.887786 -1.980796 -0.347912 0.156349 1.230291 1.202380 -0.387327 -0.302303 -1.048553 -1.420018 -1.706270 1.950775 -0.509652 -0.438074 -1.252795 0.777490 -1.613898 -0.212740 -0.895467 0.386902 -0.510805 -1.180632 -0.028182 0.428332 0.066517 0.302472 -0.634322 -0.362741 -0.672460 -0.359553 -0.813146 -1.726283
0.177426 -0.401781 -1.630198 0.462782 -0.907298 0.051945 0.729091 0.128983 1.139401 -1.234826 0.402342 -0.684810 -0.870797 -0.578850 -0.311553 0.056165 -1.165150 0.900826 0.465662 -1.536244 1.488252 1.895889 1.178780 -0.179925 -1.070753 1.054452 -0.403177 1.222445 0.208275 0.976639 0.356366 0.706573
0.010500 1.785870 0.126912 0.401989 1.883151 -1.347759 -1.270485 0.969397 -1.173123 1.943621 -0.413619 -0.747455 1.922942 1.480515 1.867559 0.906045 -0.861226 1.910065 -0.268003 0.802456 0.947252 -0.155010 0.614079 0.922207 0.376426 -1.099401 0.298238 1.326386 -0.694568 -0.149635 -0.435154 1.849264
0.672295 0.407462 -0.769916 0.539249 -0.674333 0.031831 -0.635846 0.676433 0.576591 -0.208299 0.396007 -1.093062 -1.491258 0.439392 0.166673 0.635031 2.383145 0.944479 -0.912822 1.117016 -1.315907 -0.461585 -0.068242 1.713343 -0.744755 -0.826439 -0.098453 -0.663478 1.126636 -1.079932 -1.147469 -0.437820
-0.498032 1.929532 0.949421 0.087551 -1.225436 0.844363 -1.000215 -1.544771 1.188030 0.316943 0.920859 0.318728 0.856831 -0.651026 -1.034243 0.681595 -0.803410 -0.689550 -0.455533 0.017479 -0.353994 -1.374951 -0.643618 -2.223403 0.625231 -1.602058 -1.104383 0.052165 -0.739563 1.543015 -1.292857 0.267051
-0.039283 -1.168093 0.523277 -0.171546 0.771791 0.823504 2.163236 1.336528 -0.369182 -0.239379 1.099660 0.655264 0.640132 -1.616956 -0.024326 -0.738031 0.279925 -0.098150 0.910179 0.317218 0.786328 -0.466419 -0.944446 -0.410050 -0.017020 0.379152 2.259309 -0.042257 -0.955945 -0.345982 -0.463596 0.481481
-1.540797 0.063262 0.156507 0.232181 -0.597316 -0.237922 -1.424061 -0.493320 -0.542861 0.416050 -1.156182 0.781198 1.494485 -2.069985 0.426259 0.676908 -0.637437 -0.397272 -0.132881 -0.297791 -0.309013 -1.676004 1.152332 1.079619 -0.813364 -1.466424 0.521065 -0.575788 0.141953 -0.319328 0.691539 0.694749
-0.725597 -1.383364 -1.582938 0.610379 -1.188859 -0.506816 -0.596314 -0.052567 -1.936280 0.188779 0.523891 0.088422 -0.310886 0.097400 0.399046 -2.772593 1.955912 0.390093 -0.652409 -0.390953 0.493742 -0.116104 -2.030684 2.064493 -0.110541 1.020173 -0.692050 1.536377 0.286344 0.608844 -1.045253 1.211145
0.689818 1.301846 -0.628088 -0.481027 2.303917 -1.060016 -0.135950 1.136891 0.097725 0.582954 -0.399449 0.370056 -1.306527 1.658131 -0.118164 -0.680178 0.666383 -0.460720 -1.334258 -1.346718 0.693773 -0.159573 -0.133702 1.077744 -1.126826 -0.730678 -0.384880 0.094352 -0.042171 -0.286887 -0.061626 -0.107305
-0.719604 -0.812993 0.274516 -0.890915 -1.157355 -0.312292 -0.157667 2.256723 -0.704700 0.943261 0.747188 -1.188945 0.773253 -1.183881 -2.659172 0.606320 -1.755891 0.450934 -0.684011 1.659551 1.068509 -0.453386 -0.687838 -1.214077 -0.440923 -0.280355 -0.364694 0.156704 0.578521 0.349654 -0.764144 -1.437791
1.364532 -0.689449 -0.652294 -0.521189 -1.843070 -0.477974 -0.479656 0.620358 0.698457 0.003771 0.931848 0.339965 -0.015682 0.160928 -0.190653 -0.394850 -0.267734 -1.128011 0.280442 -0.993124 0.841631 -0.249459 0.049495 0.493837 0.643314 -1.570623 -0.206904 0.880179 -1.698106 0.387280 -2.255564 -1.022507
0.038631 -1.656715 -0.985511 -1.471835 1.648135 0.164228 0.567290 -0.222675 -0.353432 -1.616474 -0.291837 -0.761492 0.857924 1.141102 1.466579 0.852552 -0.598654 -1.115897 0.766663 0.356293 -1.768538 0.355482 0.814520 0.058926 -0.185054 -0.807648 -1.446535 0.800298 -0.309114 -0.233467 1.732721 0.684501
0.370825 0.142062 1.519995 1.719589 0.929505 0.582225 -2.094603 0.123722 -0.130107 0.093953 0.943046 -2.739677 -0.569312 0.269904 -0.466846 -1.416906 0.868963 0.276872 -0.971105 0.314817 0.821586 0.005293 0.800565 0.078260 -0.395229 -1.159421 -0.085931 0.194293 0.875833 -0.115107 0.457416 -0.964612
-0.782629 -0.110389 -1.054628 0.820248 0.463130 0.279096 0.338904 2.021044 -0.468864 -2.201441 0.199300 -0.050604 -0.517519 -0.978830 -0.439190 0.181338 -0.502817 2.412454 -0.960504 -0.793117 -2.288620 0.251484 -2.016407 -0.539455 -0.275671 -0.709728 1.738873 0.994394 1.319137 -0.882419 1.128594 0.496001
0.771406 1.029439 -0.908763 -0.424318 0.862596 -2.655619 1.513328 0.553132 -0.045704 0.220508 -1.029935 -0.349943 1.100284 1.298022 2.696224 -0.073925 -0.658553 -0.514234 -1.018042 -0.077855 0.382732 -0.034242 1.096347 -0.234216 -0.347451 -0.581268 -1.632635 -1.567768 -1.179158 1.301428 0.895260 1.374964
-1.332212 -1.968625 -0.660056 0.175819 0.498690 1.047972 0.284280 1.742669 -0.222606 -0.913079 -1.681218 -0.888971 0.242118 -0.888720 0.936742 1.412328 -2.369587 0.864052 -2.239604 0.401499 1.224871 0.064856 -1.279689 -0.585431 -0.261645 -0.182245 -0.202897 -0.109883 0.213480 -1.208574 -0.242020 1.518261
-0.384645 -0.443836 1.078197 -2.559185 1.181379 -0.631904 0.163929 0.096321 0.942468 -0.267595 -0.678026 1.297846 -2.364174 0.020334 -1.347925 -0.761573 2.011257 -0.044595 0.195070 -1.781563 -0.729045 0.196557 0.354758 0.616887 0.008628 0.527004 0.453782 -1.829740 0.037006 0.767902 0.589880 -0.363859
-0.805627 -1.118312 -0.131054 1.133080 -1.951804 -0.659892 -1.139802 0.784958 -0.554310 -0.470638 -0.216950 0.445393 -0.392389 -3.046143 0.543312 0.439043 -0.219541 -1.084037 0.351780 0.379236 -0.470033 -0.216731 -0.930157 -0.178589 -1.550429 0.417319 -0.944368 0.238103 -1.405963 -0.590058 -0.110489 -1.660700
0.115148 -0.379148 -1.742356 -1.303243 0.605120 0.895556 -0.131909 0.404762 0.223844 0.329623 1.285984 -1.506998 0.676461 -0.382009 -0.224259 -0.302250 -0.375147 -1.226196 0.183339 1.670943 -0.056133 -0.001385 -0.687299 -0.117475 0.466166 -0.370242 -0.453804 0.403265 -0.918005 0.252497 0.820322 1.359949
-0.090382 1.367597 1.034410 -0.996213 -1.217939 -0.304964 1.028935 -0.072287 -0.600658 1.552243 0.286904 -2.320594 0.317161 0.520041 0.225609 0.449712 -0.067276 -1.318396 -0.370704 -0.945616 -0.932741 -1.263068 0.452489 0.097896 -0.448165 -0.649338 -0.023423 1.079195 -2.004216 0.376877 -0.545712 -1.884586
-1.945703 -0.912783 0.219510 0.393063 -0.938982 1.017021 1.422983 0.396087 -0.591403 1.124419 0.755396 0.867407 -0.656464 -2.834555 2.116791 -1.610878 -0.035768 2.380745 0.330577 0.949246 -1.502397 -1.777667 -0.532703 1.090750 -0.346249 -0.794636 0.197967 1.081935 -1.444940 -1.210543 -0.788669 1.094638
0.234822 2.132153 0.936446 -0.035095 1.265078 0.211497 -0.704921 0.679975 -0.696327 -0.290397 1.327783 -0.101281 -0.803141 -0.464338 1.021791 -0.552541 -0.386871 -0.510293 0.183925 -0.385490 -1.601836 -0.887181 -0.932789 1.243319 0.812674 0.587259 -0.505358 -0.815792 -0.507518 -1.051880 2.497200 -2.245322
0.564009 -1.284552 -0.104343 -0.988002 -1.177629 -1.140196 1.754986 -0.132988 -0.765702 0.555787 0.010349 0.720034 -1.824257 0.303604 0.772695 -1.661598 0.448195 1.696182 -0.014858 0.821406 0.670570 -0.707506 0.039767 -1.566995 -0.451303 0.265688 0.723100 0.024612 0.719984 -1.102906 -0.101697 0.019279
1.849591 -0.214167 -0.499017 0.021351 -0.919113 0.192754 -0.365055 -1.791328 -0.058587 -0.317543 -1.632423 -0.067134 1.489356 0.521304 0.611927 -1.341497 0.476898 0.148450 0.529045 0.422629 -1.359781 -0.041401 -0.757871 -0.050084 -0.897401 1.312470 -0.858972 -0.898942 0.074586 -1.077099 -0.424663 -0.829965
1.411172 0.785804 -0.057470 -0.391217 0.940918 0.405204 0.498052 -0.026192 -1.688230 -0.112466 -0.532490 0.645055 1.011842 -0.657951 0.468385 1.735879 -0.667713 1.681922 -0.852586 0.022960 -0.011146 0.011499 -0.837678 -0.591183 -0.667720 0.326963 0.330035 2.225944 1.370989 -0.509843 0.324870 0.997118
0.030602 -0.069642 0.051575 0.867277 -0.848321 -0.325669 0.470433 0.311447 0.239583 -0.369801 0.972536 2.133868 0.406415 -0.193177 0.755740 -0.539133 -0.749690 0.032809 -2.582797 -1.153950 -0.347962 -1.353389 -1.032643 -0.436748 -1.642965 -0.406072 -0.535270 0.025405 1.154184 0.172504 0.021062 0.099454
0.227393 -1.016739 -0.114775 0.308751 -1.370760 0.865653 1.081376 -0.631376 -0.241338 -0.878190 0.699380 -1.061222 -0.222477 -0.858920 0.050954 -1.794229 1.326462 -0.964606 0.059895 -0.212523 -0.762115 -0.887780 0.936399 -0.525641 0.271170 -0.801497 -0.647181 0.472247 0.930408 -0.175316 -1.421920 1.997956
-0.856549 -1.541587 2.594425 -0.404032 -1.461733 -0.683440 0.367545 0.190312 -0.851729 1.822724 -0.521580 -1.184687 0.960693 1.329063 -0.817493 -1.401347 1.030438 -2.047324 -1.226622 0.967446 -0.055353 -0.263937 0.352817 -0.152774 -1.298687 1.276075 1.325014 0.205333 0.045134 2.339625 -0.276433 -0.259577
0.364481 1.471322 1.592771 -0.258573 0.308331 -1.378083 -0.311976 -0.840290 -1.006832 1.681577 -0.792287 -0.531606 0.365849 1.297825 0.481115 2.759355 -0.074668 0.258716 0.275601 1.435049 0.507239 -0.116230 -0.947489 0.244443 1.401345 -0.410382 0.528944 0.246148 0.863520 -0.804754 2.346647 -1.279161
-0.365551 0.938093 0.296733 0.829986 -0.496102 -0.074805 0.012232 1.569260 0.690429 0.796672 -0.657926 0.968883 0.225582 1.389145 2.014060 -0.306766 -0.406303 -0.864045 -0.143580 -0.382025 0.359504 -0.144567 -0.361599 1.064585 -0.937880 0.433108 -0.405942 0.724369 1.385262 -0.303098 0.441033 0.178793
-0.799422 0.240788 0.289121 0.412871 -0.198399 0.094192 -1.147611 -0.358114 0.555963 0.892474 -0.422315 0.104714 0.228053 0.201480 0.540774 -1.818078 -0.049324 0.239034 -1.000330 1.673986 0.161559 1.563405 -0.790523 -0.907300 0.224252 -1.678688 0.214966 0.097219 1.015665 0.701041 -0.417477 -1.097497
1.712305 -0.792115 -1.045525 -1.084856 1.117305 -0.518900 -0.753704 0.137690 -0.206945 -0.678095 0.753991 1.065315 0.985318 0.766920 0.402626 -1.775888 1.669251 0.301989 0.608156 1.114962 1.433353 0.418398 0.435546 -0.599224 0.033090 -0.854161 -0.719941 -0.893574 -0.156024 1.049093 3.170975 0.189500
-1.348413 1.264983 -0.300784 -0.660609 0.209849 -1.240625 0.222463 -0.088376 0.098378 0.381416 0.067492 0.016338 0.284315 0.415401 -1.031482 -1.429991 -0.061638 -1.432735 0.087531 0.938747 0.607112 -1.048170 -0.860262 0.328301 -0.401298 -0.316655 0.596906 -0.987287 -0.401235 -0.800082 -1.043129 -0.857078
0.677462 0.051820 -0.879161 -0.231102 -1.638807 -0.733313 2.149575 -0.090244 0.731659 -0.065488 0.348169 0.663258 -1.104617 -0.030936 1.578865 -0.795501 -0.566440 -0.307691 0.269024 0.524918 1.267412 0.499498 -0.062053 1.259167 0.704111 -1.495680 2.526368 1.769921 -0.168214 0.377910 1.324359 -0.172201
0.730352 1.104578 -1.014826 -0.602332 0.921408 0.460814 0.923797 -0.132568 -0.289005 -1.998639 -1.146000 0.047066 0.824557 0.531178 -0.128242 -0.271772 0.217180 0.078211 1.404546 0.146441 -1.481246 -1.272558 1.518759 -1.171160 0.764497 -0.268373 -0.169758 -0.134133 1.221385 -0.192842 -0.033319 -1.530803
0.206691 0.531043 0.239146 1.397896 0.055171 0.298977 1.648504 -1.550014 -0.455825 1.426159 0.936129 0.678380 0.832651 0.327066 1.631597 0.377759 0.239867 0.158959 0.192864 -1.157017 0.770673 -0.130440 1.821915 -0.075650 0.420918 0.246602 -0.625557 0.992137 1.905064 -0.014777 -0.300479 -0.355029
-1.892362 -0.177813 0.250998 1.054758 0.960048 -0.416499 -0.276823 1.123905 -0.173464 -0.510030 1.392518 1.037586 0.018792 -0.593777 -2.011880 0.589704 -0.896370 -1.962732 1.584821 0.647968 -1.139008 -1.214401 0.870962 -0.877971 1.296150 0.616459 0.536597 0.404695 0.191451 0.880511 -0.454080 0.085952
0.751947 0.562990 -1.194987 -0.500410 0.252804 -0.408015 1.774659 -0.393153 -0.162218 0.769430 0.330533 -0.145274 -0.756494 0.301514 1.039096 0.479095 -0.778184 1.736775 -1.446578 -1.582686 0.960557 0.225840 -0.549499 -1.098571 2.320800 0.117091 0.534201 0.317885 0.434808 0.540094 0.732424 -0.375222
-0.291642 -1.741023 -0.780304 0.271113 1.045023 0.599040 -0.340692 -1.263173 -2.777359 1.151734 -0.589229 -0.448465 0.131574 -1.405560 -0.349782 2.023472 0.505387 0.359249 -1.582494 2.243602 -1.422795 1.922325 -2.115056 1.405365 1.618054 -0.824409 0.422580 0.547481 -0.813794 -1.449118 -1.317717 0.541008
-0.085116 -0.564301 0.966768 0.508068 -0.755463 -1.201202 0.523262 -0.537583 0.099205 1.576299 0.502328 -0.862267 0.160661 -0.952645 1.608522 -0.561579 0.207271 0.307733 0.159250 -1.958549 -1.446421 -0.452350 0.319432 -0.137779 -0.957147 -1.348424 -0.401558 -0.468476 0.512836 -0.326318 0.602708 -0.594650
-0.255958 -0.348046 -0.782367 0.625119 -0.813596 -0.521642 -0.073120 -1.297380 -0.324935 -0.711306 -0.388154 -0.059928 -0.799914 -0.220076 1.308669 -0.025799 1.145262 0.346494 0.774161 -0.774459 0.104907 0.133913 -0.612626 -0.822828 -1.490265 1.496140 -0.972403 1.346221 -0.467493 -0.862493 0.622519 -0.631192
0.568459 -0.332812 0.480424 -0.968186 0.831351 0.487973 -0.919651 2.642936 0.540123 2.290467 1.600268 -0.188835 -0.412272 -0.403459 -1.830029 -0.695835 0.246766 1.525958 -0.772772 0.882057 -1.252593 -0.586320 -0.457641 0.371811 0.457310 0.962342 0.770837 0.243168 0.390365 1.588531 -0.510926 0.774728
-1.808144 0.411334 -0.483250 0.002571 1.040086 0.164644 0.885188 1.473765 0.389094 1.171041 -0.326561 -0.008210 -0.522619 1.042978 0.414091 -0.507234 0.154669 1.041568 -0.039268 -0.948933 0.131912 -1.980566 0.768771 -0.421328 -0.469311 0.875696 -1.365163 1.947099 -0.480242 -0.523251 1.021225 0.708695
2.451230 -0.211206 -0.120407 -1.479316 -0.332102 -0.721431 -0.448767 -1.744188 1.660608 -1.416603 -2.802203 -1.188424 -0.603840 -1.149554 1.098304 -0.137839 0.025386 0.610392 0.286013 0.978567 -1.109478 -0.547518 0.665967 -2.534554 -1.375184 0.500992 -0.480249 0.936108 0.809180 -1.198093 0.406657 1.201698
0.147434 -0.977465 0.879390 0.635425 0.542611 0.715939 -2.994613 0.880938 1.808132 0.436638 0.192729 0.696439 0.338225 0.651781 0.001471 -0.766705 -1.004323 -0.998192 -1.373043 -1.067742 1.761266 0.754096 -0.625027 -0.390393 0.112558 -0.655545 0.067517 0.777604 -0.035743 0.336016 0.886492 -0.272132
0.284791 -0.309378 -0.028529 -0.324730 -0.528870 0.173712 0.566545 0.146304 0.498727 -0.737932 -1.203735 0.417044 0.687881 0.049857 1.348036 0.907699 2.680571 -0.200809 -0.998849 -0.740137 -0.565498 0.476031 -2.158069 1.318551 -0.239297 -0.246794 -1.079343 -0.114226 0.013240 -0.121945 0.339059 -0.589632
-0.895816 0.548328 0.098667 0.197181 1.059027 -1.022564 -0.855240 1.257220 -1.482883 -1.309412 0.817862 0.238200 0.105232 -0.091659 0.031268 -0.092112 1.355443 -0.398148 -0.161374 1.794449 0.027510 2.232016 -0.104980 1.367415 -1.655344 0.153644 -1.584474 0.844454 -1.212868 0.283770 -0.282196 -1.158203
-1.619360 -0.511040 1.740629 -0.293485 0.917222 -0.057043 0.876727 -1.826911 -0.403188 0.949406 -0.163255 -0.086455 -0.430462 1.149379 0.297514 0.044022 0.643055 0.588225 0.212587 1.547031 -0.060288 0.278081 -0.642953 0.150115 1.587762 -0.643258 -1.133593 0.996760 -0.148766 0.096004 -0.045113 0.079122
0.850531 -0.839124 -1.011774 0.084968 -1.606440 -1.373054 1.866683 0.757468 -0.010056 1.238007 -1.040599 -0.315603 0.623454 0.890672 0.512917 -2.541239 -0.968082 0.477068 -0.355951 2.540232 0.926558 0.558082 -1.116950 -0.035297 0.241204 1.127784 0.881131 1.032989 -0.923912 1.412152 -1.380431 -0.535915
0.430771 -0.149892 -1.006037 -0.821550 -1.548254 0.531975 1.260569 -0.100394 -0.400349 -1.472323 0.913202 2.211304 -1.797456 -1.063433 -0.679593 -0.564318 0.227346 1.614250 1.008597 0.527597 -0.723929 -1.119628 -0.796775 1.548067 -0.061743 -0.446836 -0.183756 0.824618 -1.312850 1.414874 0.156476 -0.216344
0.442846 0.218397 -0.344196 -0.252711 -0.868863 0.656391 -0.531994 -0.956258 0.165864 1.329141 -0.048345 -0.608101 0.403896 1.936712 -1.451906 0.382203 0.205087 1.161534 0.990909 -0.186709 -1.684517 0.806564 -0.835193 -0.946740 1.148351 -0.910850 1.402845 0.335845 0.319118 0.307265 -1.638424 -1.776389
0.215553 0.568007 0.082611 -0.821535 0.018922 -0.082034 -0.957158 1.013972 -1.730276 0.588742 0.384323 1.009712 -1.005312 0.101407 2.171165 0.662074 0.100581 0.539161 0.086177 2.190898 0.983636 -0.085615 0.252331 -0.390798 1.209850 -1.406105 -1.604739 1.458715 2.153120 0.468305 0.112738 0.657268
-0.647054 0.171244 0.038909 0.626564 -1.557999 -0.507035 0.844996 -0.675594 -0.993361 2.042072 0.038118 -0.578918 -1.692370 0.729346 0.699136 -0.298760 -1.102230 -0.024549 -0.835856 -0.942094 -0.103213 -1.051390 0.246649 0.607993 -0.839632 -1.368245 1.561280 -0.940270 -0.659943 0.213017 0.599369 -0.256317
0.460794 -0.400986 -0.971171 1.426317 2.488442 1.695970 0.141807 1.833435 0.355704 -0.477286 0.466380 -0.094393 -0.983118 -0.898322 0.802052 -1.846532 0.604137 -1.629584 -2.121176 -1.838847 1.966764 -0.196234 0.086583 1.419255 0.934180 -1.391505 0.869006 0.184181 -0.341678 0.024291 1.279812 -0.885966
0.400886 -0.009657 -1.797165 -0.802253 0.193214 1.297342 1.001331 0.597213 -0.815276 1.801214 0.215240 -1.006366 -0.182905 0.896248 0.007617 0.886865 1.103694 0.400531 -0.857703 0.135455 0.045166 1.859346 -1.626322 -0.134822 -0.584094 0.335106 -2.437564 1.114925 0.013748 -1.844701 -0.361113 0.608962
-1.591448 0.003222 -1.057474 -0.555985 0.026738 0.183450 -0.470742 0.272796 0.817978 -0.278914 1.431568 1.462214 -0.428702 -0.637841 -1.664173 -0.126569 -0.363438 0.779051 -1.509662 -0.277391 0.968744 -0.730357 -0.762362 -1.446940 2.620574 -0.747473 -1.300347 -0.803850 -0.774295 -0.269390 0.825372 -0.298323
-0.922823 -1.451338 0.021857 0.042539 1.530932 0.092448 -0.099008 -1.050654 -0.305953 -0.438474 -0.370164 -0.959255 0.538330 -0.142445 -0.200353 -1.714046 0.493644 0.487015 -0.839129 0.990121 -1.364758 -0.021870 -0.271207 -1.317175 0.189703 1.702570 0.067634 -0.463022 0.447024 0.105720 0.027762 -0.425542
1.421976 0.456363 -0.528671 -0.108004 -0.740867 -0.608291 -0.640726 -1.134312 0.777277 -0.291041 0.554128 -0.670126 -0.060362 -0.711041 0.719668 -0.248419 -0.730874 -1.641703 0.275667 -0.708385 -0.015779 -0.491730 0.954190 0.544145 0.447212 -0.616121 0.466290 1.714832 -0.832186 0.172339 -1.649217 1.398562
-0.397912 0.782579 -1.723228 1.797539 -0.356872 0.545657 0.150818 -0.255471 1.685792 -1.648046 0.298714 0.910646 -0.029856 -0.118171 -0.142688 -1.227636 0.038127 0.512718 0.068599 -0.272276 -0.489725 -0.279297 1.257744 -2.086635 0.040071 -0.327755 1.455808 0.055492 1.484926 -2.123890 0.459585 0.280058
1.390534 -1.641349 -0.155036 0.066060 -0.495795 1.216578 -0.338682 2.034763 1.054178 0.950834 0.559299 -1.063696 -0.431096 0.572751 0.677557 1.307184 -0.467441 -0.860153 0.859104 -0.809627 0.873312 1.199736 0.456153 -0.357579 0.041082 0.593466 0.010186 2.198296 -0.990671 -1.002669 -0.976895 -0.589580
-2.178932 -0.629650 -0.653285 0.078514 0.417801 -1.240216 0.900054 1.802242 -0.208285 1.574371 0.198989 1.988732 1.117283 -1.563905 0.018627 1.054325 0.030547 -0.036884 1.269765 -0.709854 0.017516 0.323626 -0.333791 -0.020129 0.775023 0.432838 -0.808718 -1.104124 -0.789102 0.001248 -0.159940 -0.831957
-0.598150 -1.520039 0.417854 -0.040019 -1.259787 0.028621 1.342622 -0.739936 1.315138 -0.323457 0.197828 0.097751 1.401523 0.158434 -1.141901 -1.310970 -1.532921 -1.711970 0.046135 -0.958374 -0.080812 -0.703859 -0.770784 -0.480845 0.703586 0.929145 0.371173 -0.989823 0.643631 0.688897 0.274647 -0.603620
0.708860 0.422819 -3.116857 0.644452 -1.913743 0.663562 -0.154072 1.193612 -0.098161 -0.886614 -0.147354 1.059806 0.026247 -0.114335 0.743554 0.210359 -0.005927 1.366060 1.555114 0.613326 -0.285959 1.496911 1.183120 0.718897 -1.216077 0.140672 -0.743672 -0.159012 0.240057 0.100159 -0.475175 1.272954
