126021 126174 126327 126480 126633 126786 126939 127092 127245 127398 127551 127704 127857 128010 128163 128316 128469 128622 128775 128928 129081 129234 129387 129540 129693 129846 129999 130152 130305 130458
130917 131070 131223 131376 131529 131682 131835 131988 132141 132294 132447 132600 132753 132906 133059 133212 133365 133518 133671 133824 133977 134130 134283 134436 134589 134742 134895 135048 135201 135354
135813 135966 136119 136272 136425 136578 136731 136884 137037 137190 137343 137496 137649 137802 137955 138108 138261 138414 138567 138720 138873 139026 139179 139332 139485 139638 139791 139944 140097 140250
140709 140862 141015 141168 141321 141474 141627 141780 141933 142086 142239 142392 142545 142698 142851 143004 143157 143310 143463 143616 143769 143922 144075 144228 144381 144534 144687 144840 144993 145146
145605 145758 145911 146064 146217 146370 146523 146676 146829 146982 147135 147288 147441 147594 147747 147900 148053 148206 148359 148512 148665 148818 148971 149124 149277 149430 149583 149736 149889 150042
150501 150654 150807 150960 151113 151266 151419 151572 151725 151878 152031 152184 152337 152490 152643 152796 152949 153102 153255 153408 153561 153714 153867 154020 154173 154326 154479 154632 154785 154938
155397 155550 155703 155856 156009 156162 156315 156468 156621 156774 156927 157080 157233 157386 157539 157692 157845 157998 158151 158304 158457 158610 158763 158916 159069 159222 159375 159528 159681 159834
160293 160446 160599 160752 160905 161058 161211 161364 161517 161670 161823 161976 162129 162282 162435 162588 162741 162894 163047 163200 163353 163506 163659 163812 163965 164118 164271 164424 164577 164730
165189 165342 165495 165648 165801 165954 166107 166260 166413 166566 166719 166872 167025 167178 167331 167484 167637 167790 167943 168096 168249 168402 168555 168708 168861 169014 169167 169320 169473 169626
170085 170238 170391 170544 170697 170850 171003 171156 171309 171462 171615 171768 171921 172074 172227 172380 172533 172686 172839 172992 173145 173298 173451 173604 173757 173910 174063 174216 174369 174522
174981 175134 175287 175440 175593 175746 175899 176052 176205 176358 176511 176664 176817 176970 177123 177276 177429 177582 177735 177888 178041 178194 178347 178500 178653 178806 178959 179112 179265 179418
179877 180030 180183 180336 180489 180642 180795 180948 181101 181254 181407 181560 181713 181866 182019 182172 182325 182478 182631 182784 182937 183090 183243 183396 183549 183702 183855 184008 184161 184314
184773 184926 185079 185232 185385 185538 185691 185844 185997 186150 186303 186456 186609 186762 186915 187068 187221 187374 187527 187680 187833 187986 188139 188292 188445 188598 188751 188904 189057 189210
189669 189822 189975 190128 190281 190434 190587 190740 190893 191046 191199 191352 191505 191658 191811 191964 192117 192270 192423 192576 192729 192882 193035 193188 193341 193494 193647 193800 193953 194106
194565 194718 194871 195024 195177 195330 195483 195636 195789 195942 196095 196248 196401 196554 196707 196860 197013 197166 197319 197472 197625 197778 197931 198084 198237 198390 198543 198696 198849 199002
199461 199614 199767 199920 200073 200226 200379 200532 200685 200838 200991 201144 201297 201450 201603 201756 201909 202062 202215 202368 202521 202674 202827 202980 203133 203286 203439 203592 203745 203898
204357 204510 204663 204816 204969 205122 205275 205428 205581 205734 205887 206040 206193 206346 206499 206652 206805 206958 207111 207264 207417 207570 207723 207876 208029 208182 208335 208488 208641 208794
209253 209406 209559 209712 209865 210018 210171 210324 210477 210630 210783 210936 211089 211242 211395 211548 211701 211854 212007 212160 212313 212466 212619 212772 212925 213078 213231 213384 213537 213690
214149 214302 214455 214608 214761 214914 215067 215220 215373 215526 215679 215832 215985 216138 216291 216444 216597 216750 216903 217056 217209 217362 217515 217668 217821 217974 218127 218280 218433 218586
219045 219198 219351 219504 219657 219810 219963 220116 220269 220422 220575 220728 220881 221034 221187 221340 221493 221646 221799 221952 222105 222258 222411 222564 222717 222870 223023 223176 223329 223482
223941 224094 224247 224400 224553 224706 224859 225012 225165 225318 225471 225624 225777 225930 226083 226236 226389 226542 226695 226848 227001 227154 227307 227460 227613 227766 227919 228072 228225 228378
228837 228990 229143 229296 229449 229602 229755 229908 230061 230214 230367 230520 230673 230826 230979 231132 231285 231438 231591 231744 231897 232050 232203 232356 232509 232662 232815 232968 233121 233274
233733 233886 234039 234192 234345 234498 234651 234804 234957 235110 235263 235416 235569 235722 235875 236028 236181 236334 236487 236640 236793 236946 237099 237252 237405 237558 237711 237864 238017 238170
238629 238782 238935 239088 239241 239394 239547 239700 239853 240006 240159 240312 240465 240618 240771 240924 241077 241230 241383 241536 241689 241842 241995 242148 242301 242454 242607 242760 242913 243066
243525 243678 243831 243984 244137 244290 244443 244596 244749 244902 245055 245208 245361 245514 245667 245820 245973 246126 246279 246432 246585 246738 246891 247044 247197 247350 247503 247656 247809 247962
248421 248574 248727 248880 249033 249186 249339 249492 249645 249798 249951 250104 250257 250410 250563 250716 250869 251022 251175 251328 251481 251634 251787 251940 252093 252246 252399 252552 252705 252858
253317 253470 253623 253776 253929 254082 254235 254388 254541 254694 254847 255000 255153 255306 255459 255612 255765 255918 256071 256224 256377 256530 256683 256836 256989 257142 257295 257448 257601 257754
258213 258366 258519 258672 258825 258978 259131 259284 259437 259590 259743 259896 260049 260202 260355 260508 260661 260814 260967 261120 261273 261426 261579 261732 261885 262038 262191 262344 262497 262650
263109 263262 263415 263568 263721 263874 264027 264180 264333 264486 264639 264792 264945 265098 265251 265404 265557 265710 265863 266016 266169 266322 266475 266628 266781 266934 267087 267240 267393 267546
268005 268158 268311 268464 268617 268770 268923 269076 269229 269382 269535 269688 269841 269994 270147 270300 270453 270606 270759 270912 271065 271218 271371 271524 271677 271830 271983 272136 272289 272442
302601 303078 303555 304032 304509 304986 305463 305940 306417 306894 307371 307848 308325 308802 309279 309756 310233 310710 311187 311664 312141 312618 313095 313572 314049 314526 315003 315480 315957 316434
317865 318342 318819 319296 319773 320250 320727 321204 321681 322158 322635 323112 323589 324066 324543 325020 325497 325974 326451 326928 327405 327882 328359 328836 329313 329790 330267 330744 331221 331698
333129 333606 334083 334560 335037 335514 335991 336468 336945 337422 337899 338376 338853 339330 339807 340284 340761 341238 341715 342192 342669 343146 343623 344100 344577 345054 345531 346008 346485 346962
348393 348870 349347 349824 350301 350778 351255 351732 352209 352686 353163 353640 354117 354594 355071 355548 356025 356502 356979 357456 357933 358410 358887 359364 359841 360318 360795 361272 361749 362226
363657 364134 364611 365088 365565 366042 366519 366996 367473 367950 368427 368904 369381 369858 370335 370812 371289 371766 372243 372720 373197 373674 374151 374628 375105 375582 376059 376536 377013 377490
378921 379398 379875 380352 380829 381306 381783 382260 382737 383214 383691 384168 384645 385122 385599 386076 386553 387030 387507 387984 388461 388938 389415 389892 390369 390846 391323 391800 392277 392754
394185 394662 395139 395616 396093 396570 397047 397524 398001 398478 398955 399432 399909 400386 400863 401340 401817 402294 402771 403248 403725 404202 404679 405156 405633 406110 406587 407064 407541 408018
409449 409926 410403 410880 411357 411834 412311 412788 413265 413742 414219 414696 415173 415650 416127 416604 417081 417558 418035 418512 418989 419466 419943 420420 420897 421374 421851 422328 422805 423282
424713 425190 425667 426144 426621 427098 427575 428052 428529 429006 429483 429960 430437 430914 431391 431868 432345 432822 433299 433776 434253 434730 435207 435684 436161 436638 437115 437592 438069 438546
439977 440454 440931 441408 441885 442362 442839 443316 443793 444270 444747 445224 445701 446178 446655 447132 447609 448086 448563 449040 449517 449994 450471 450948 451425 451902 452379 452856 453333 453810
455241 455718 456195 456672 457149 457626 458103 458580 459057 459534 460011 460488 460965 461442 461919 462396 462873 463350 463827 464304 464781 465258 465735 466212 466689 467166 467643 468120 468597 469074
470505 470982 471459 471936 472413 472890 473367 473844 474321 474798 475275 475752 476229 476706 477183 477660 478137 478614 479091 479568 480045 480522 480999 481476 481953 482430 482907 483384 483861 484338
485769 486246 486723 487200 487677 488154 488631 489108 489585 490062 490539 491016 491493 491970 492447 492924 493401 493878 494355 494832 495309 495786 496263 496740 497217 497694 498171 498648 499125 499602
501033 501510 501987 502464 502941 503418 503895 504372 504849 505326 505803 506280 506757 507234 507711 508188 508665 509142 509619 510096 510573 511050 511527 512004 512481 512958 513435 513912 514389 514866
516297 516774 517251 517728 518205 518682 519159 519636 520113 520590 521067 521544 522021 522498 522975 523452 523929 524406 524883 525360 525837 526314 526791 527268 527745 528222 528699 529176 529653 530130
531561 532038 532515 532992 533469 533946 534423 534900 535377 535854 536331 536808 537285 537762 538239 538716 539193 539670 540147 540624 541101 541578 542055 542532 543009 543486 543963 544440 544917 545394
546825 547302 547779 548256 548733 549210 549687 550164 550641 551118 551595 552072 552549 553026 553503 553980 554457 554934 555411 555888 556365 556842 557319 557796 558273 558750 559227 559704 560181 560658
562089 562566 563043 563520 563997 564474 564951 565428 565905 566382 566859 567336 567813 568290 568767 569244 569721 570198 570675 571152 571629 572106 572583 573060 573537 574014 574491 574968 575445 575922
577353 577830 578307 578784 579261 579738 580215 580692 581169 581646 582123 582600 583077 583554 584031 584508 584985 585462 585939 586416 586893 587370 587847 588324 588801 589278 589755 590232 590709 591186
592617 593094 593571 594048 594525 595002 595479 595956 596433 596910 597387 597864 598341 598818 599295 599772 600249 600726 601203 601680 602157 602634 603111 603588 604065 604542 605019 605496 605973 606450
607881 608358 608835 609312 609789 610266 610743 611220 611697 612174 612651 613128 613605 614082 614559 615036 615513 615990 616467 616944 617421 617898 618375 618852 619329 619806 620283 620760 621237 621714
623145 623622 624099 624576 625053 625530 626007 626484 626961 627438 627915 628392 628869 629346 629823 630300 630777 631254 631731 632208 632685 633162 633639 634116 634593 635070 635547 636024 636501 636978
638409 638886 639363 639840 640317 640794 641271 641748 642225 642702 643179 643656 644133 644610 645087 645564 646041 646518 646995 647472 647949 648426 648903 649380 649857 650334 650811 651288 651765 652242
653673 654150 654627 655104 655581 656058 656535 657012 657489 657966 658443 658920 659397 659874 660351 660828 661305 661782 662259 662736 663213 663690 664167 664644 665121 665598 666075 666552 667029 667506
668937 669414 669891 670368 670845 671322 671799 672276 672753 673230 673707 674184 674661 675138 675615 676092 676569 677046 677523 678000 678477 678954 679431 679908 680385 680862 681339 681816 682293 682770
684201 684678 685155 685632 686109 686586 687063 687540 688017 688494 688971 689448 689925 690402 690879 691356 691833 692310 692787 693264 693741 694218 694695 695172 695649 696126 696603 697080 697557 698034
699465 699942 700419 700896 701373 701850 702327 702804 703281 703758 704235 704712 705189 705666 706143 706620 707097 707574 708051 708528 709005 709482 709959 710436 710913 711390 711867 712344 712821 713298
714729 715206 715683 716160 716637 717114 717591 718068 718545 719022 719499 719976 720453 720930 721407 721884 722361 722838 723315 723792 724269 724746 725223 725700 726177 726654 727131 727608 728085 728562
729993 730470 730947 731424 731901 732378 732855 733332 733809 734286 734763 735240 735717 736194 736671 737148 737625 738102 738579 739056 739533 740010 740487 740964 741441 741918 742395 742872 743349 743826
745257 745734 746211 746688 747165 747642 748119 748596 749073 749550 750027 750504 750981 751458 751935 752412 752889 753366 753843 754320 754797 755274 755751 756228 756705 757182 757659 758136 758613 759090
