-8.498053 -1.515367 0.760502 -0.495173 -5.350679 -1.867401 -5.754311 -0.666072 -1.351954 1.854202 -2.925180 -0.090376 -1.967467 -2.692638 -8.953845 -0.567910 -4.726626 2.226031 0.757442 -4.767242 0.918866 -3.127835 -10.465244 2.732269 -6.504993 -1.575867 -8.412737 -7.251681 -3.483416 -10.180865
-0.126119 2.588715 -7.209273 -1.156637 -4.625510 -6.541759 10.598596 -0.410035 12.634361 1.861121 4.725764 -3.362833 -2.938491 -4.238928 10.482164 -4.898917 1.469135 -4.014595 5.587570 4.784560 5.503268 3.663341 -0.090470 4.664221 3.011123 -1.483894 8.875468 6.292781 0.999863 3.827175
1.244504 -0.720680 2.000719 -8.478385 6.428457 1.015930 -5.057345 6.720190 -10.742008 -3.960805 -2.021585 -2.122351 4.241207 -1.879638 -5.247814 -1.558923 2.714661 3.212883 1.217199 -0.367680 -8.025216 -9.946221 3.543266 -8.179546 6.503518 -1.618102 -3.545649 -6.776726 1.804775 -2.278620
2.947516 -0.801456 -3.424915 5.355138 -0.514989 2.285861 5.261618 -12.435638 3.629890 1.049402 -2.926462 3.627401 -0.421955 1.288947 9.503422 -3.637263 7.911621 -2.541731 -6.507724 -1.430898 5.947194 3.831762 -0.219581 3.242351 -3.858257 -1.861817 3.566215 -4.083574 7.009912 -5.766078
-8.024114 -0.105664 5.887096 2.489349 1.274848 -5.203703 -1.152202 3.624418 -1.104998 -0.258659 6.017543 4.109104 1.058410 -3.219783 -15.885976 -1.439550 -4.791307 -10.014128 11.438110 0.218256 -0.371067 -7.245670 9.008550 -7.970899 -0.766200 5.212517 -0.203715 6.655938 -5.818535 3.764080
7.250543 1.334268 0.171655 -7.091153 6.560179 0.063544 6.449998 6.671488 2.617601 0.568903 -2.968246 1.803957 0.177331 0.907511 6.469743 -3.515889 -0.220713 6.433223 -2.804372 -4.970061 2.802054 4.582396 0.753471 3.349699 5.863279 1.749839 3.912727 -0.067482 9.109084 0.655673
-3.597405 -4.866740 -4.183579 2.403059 0.619908 0.517518 -6.147517 -4.487461 -14.261899 1.387486 -4.092407 -1.728106 1.491472 4.071973 -7.605217 9.379666 -2.062962 0.750957 -4.960477 14.428751 0.575967 3.489526 -2.238693 5.845050 5.715248 -0.858182 0.377926 -0.658121 0.097945 -6.723927
4.032357 2.987951 0.363337 2.893507 2.288419 -4.469908 3.156628 4.673779 7.918429 0.653654 3.765935 -0.657547 -1.955197 -1.720488 7.749140 -6.667700 -0.698447 0.993210 -0.966663 -3.202521 -8.229186 2.738290 4.210939 2.373196 -5.903621 0.971672 -4.439055 -1.284870 0.015790 2.377682
-0.525780 2.100284 4.859498 -3.987280 0.803228 -3.834425 1.366646 -10.676917 -4.359873 -7.008799 -7.331010 3.951939 1.614674 7.599843 4.101082 4.629365 0.396893 -4.949431 1.779781 -0.056734 7.491023 -1.966016 -0.923925 -8.342236 -4.773329 -1.823189 -3.287808 -2.148164 -0.544893 -7.971284
6.384058 -4.181621 0.553489 0.361273 -4.647796 2.213209 -7.865194 6.835763 1.110539 2.416605 10.297677 -7.937184 0.326638 -2.691317 -9.966338 5.905942 -2.778437 8.936638 -4.502117 7.098009 -3.367013 -2.911025 1.084459 4.390098 4.805306 2.646193 6.001394 -1.881361 4.032369 5.530646
-8.055528 6.069521 -0.657357 6.867425 5.534305 2.882020 10.651529 1.341896 3.876184 9.617183 -1.255690 7.792501 1.613230 0.926917 10.117068 -2.064459 4.011087 -6.375728 2.477533 -9.022971 2.172206 -1.678659 6.684601 6.804474 3.418373 2.389539 -7.349643 5.747049 -4.691859 2.072652
6.291632 -3.084310 3.646251 -8.435255 4.574639 -2.347379 2.774070 -12.111452 -4.672576 -5.910931 -10.504890 -7.587394 0.048596 -3.337577 2.834937 6.311119 5.636597 7.954355 -2.372115 5.634156 -9.013730 -3.796972 0.301085 -2.744380 -6.733116 5.444159 1.243946 -3.935023 11.140346 -3.227307
2.217120 1.773037 0.538486 7.947742 -6.942588 1.363491 -7.649248 9.107591 3.066220 4.903201 4.528089 1.507968 -3.734438 -3.685726 -4.531136 -11.344313 -8.236237 1.675628 3.934542 -5.504875 11.409661 1.680567 -3.012299 -0.503676 3.300057 -1.179874 6.373888 1.015290 -2.963659 1.225514
-1.647399 -1.507346 -6.427037 -2.427104 -2.054368 0.901849 7.687997 -1.059414 4.485406 3.679136 -8.345562 3.170148 3.188576 3.455378 3.871218 6.765511 3.166635 -2.493382 -5.902536 -1.823012 -14.830026 -0.124096 -7.644763 5.114691 4.479774 3.134005 -1.028943 -3.367203 1.732340 -0.354738
1.768534 -1.379207 0.155947 -6.482452 3.904740 -9.763181 -0.010799 6.483971 -6.429238 0.899769 5.206246 3.273342 1.164565 -4.015666 6.687430 -8.041449 5.483992 -5.277795 1.732955 4.738316 10.013205 6.425178 4.035754 2.423229 -12.291989 3.468011 -9.659416 4.877071 -9.312538 -0.073199
-1.702514 2.202818 6.471085 8.817522 -1.134455 5.006116 -6.819780 -8.819475 0.892287 1.766560 2.951780 -2.912955 -6.171294 2.740621 -3.547008 10.507919 1.114289 8.183838 -0.611543 -1.397964 -5.945666 2.178008 -0.624514 -1.059371 4.153057 0.345814 -1.585999 -1.383006 2.101945 -3.182929
6.201357 -2.339389 4.330106 -2.127545 -0.658926 -12.430728 5.421349 4.256697 4.745372 5.735560 -7.638781 9.037313 1.425455 1.864449 8.057941 -13.501132 3.033772 -5.677149 1.993490 8.235836 5.427369 3.654241 0.817511 -0.255552 2.292447 4.039612 5.532548 6.331876 -4.640189 1.062309
-1.347849 6.971610 -13.468578 4.980995 -4.184561 5.587248 0.532923 0.355211 -4.690496 -5.116636 7.848745 -0.080834 0.971717 -7.643800 -3.734706 3.817063 -2.824082 4.876089 2.564505 4.018262 -1.832168 -3.057706 -1.323099 5.223099 -2.799833 2.422875 -8.268315 4.478033 -5.170156 1.834881
-2.089678 0.365313 5.408081 -0.930030 2.399909 1.711518 2.073688 -4.181816 4.961790 3.988393 0.316611 -0.059983 -0.825075 6.845624 -7.944422 3.914617 1.774258 4.152250 -3.378425 -4.895221 -6.411402 3.089354 4.064097 -7.023000 9.548250 0.127363 9.169283 -3.863542 -0.587066 3.053190
2.966391 0.075106 1.565004 -0.651271 1.599359 -4.078813 -3.226518 5.717811 -10.029869 -0.582067 0.680050 13.183091 -4.162694 1.481539 7.760453 3.915568 3.697858 1.982506 5.305927 6.778265 7.865832 -3.212895 2.442886 0.644739 3.851615 -2.435003 -2.082604 9.167541 4.966508 -5.373638
-2.549930 2.235997 -5.274645 -1.307729 -9.819940 -4.960987 -1.795674 -5.397318 -1.448297 8.680964 -5.468839 1.493955 2.593887 -1.394936 3.295572 4.927656 -4.314978 11.344908 4.448828 -0.895212 -2.697354 -1.397703 -3.795077 -2.563012 -1.367023 -1.886438 7.520818 -5.256512 -0.833308 5.657489
1.905817 4.754995 6.998247 2.482588 4.029083 3.690872 -3.776777 2.589216 2.923011 -10.812731 2.821982 3.454485 -6.295502 3.203538 -5.179123 -13.695048 -0.256306 -14.229011 -1.824613 -4.043166 5.267010 4.964093 5.547424 1.630356 4.057887 -1.092303 5.516615 -0.132231 9.496341 -2.822724
2.613492 -3.017288 -3.758260 0.129344 2.279663 2.343000 5.531181 0.655304 -3.943190 4.828858 -9.437393 -1.819379 1.175609 8.514518 3.610669 5.931032 -1.284272 4.374627 5.863877 3.093626 2.780482 5.283811 0.423344 -6.847285 -5.693686 6.352040 -2.520688 6.074818 -1.686752 2.380854
-4.513272 5.381541 -3.141337 1.456729 -5.348534 3.238406 1.634788 0.814817 6.833809 -1.080198 9.028353 2.507338 -1.316663 -1.427012 -2.381860 -0.509287 -2.373879 -3.224337 -4.491488 1.706938 1.565526 0.656311 1.858524 0.187048 -0.272505 -7.564301 -5.385415 -2.276986 -4.536214 0.558720
-7.854007 -5.628614 8.194185 0.905017 8.527014 3.562624 0.273866 2.527078 -1.308434 -2.512971 -1.341914 -3.384179 -1.371804 1.733619 -4.321218 2.784987 1.871136 4.969916 -0.128891 3.417587 -1.538266 -2.721322 2.466142 -4.709302 2.452180 4.440701 -3.143767 0.310893 5.204396 4.871459
2.548695 2.137632 -2.956603 -3.048095 -7.048320 -4.242754 0.372309 -4.940840 6.200655 0.764218 -1.537667 -1.469168 -2.237242 -3.521865 3.275956 -4.218880 -2.540467 -8.226622 2.963378 -3.020737 2.697017 -0.831292 4.623778 7.978312 2.255382 -7.660202 -3.392911 1.916908 -5.423194 0.769186
-6.153199 5.379145 -2.561610 6.311997 -2.202215 -2.207953 0.807133 -8.671223 1.238713 -9.083573 0.059262 -0.562270 -0.540326 -2.093492 -3.204732 -5.326801 10.497910 0.581254 2.671011 3.037450 -0.512299 -3.143634 9.620114 -9.239351 3.045329 0.362480 1.755968 -7.195241 5.422571 0.471154
8.612358 -4.170302 3.926147 -1.032349 0.923023 5.825305 -4.234620 6.509801 -2.060544 4.702094 -2.821296 -5.532086 -2.238772 6.722298 -0.985189 4.838743 -3.206714 -3.119151 1.407782 1.883251 4.335995 4.563901 -4.459061 5.149279 -1.303874 4.576913 1.792136 10.391664 -7.818522 -3.300161
-10.056668 4.484919 -1.946323 0.733790 5.940761 -4.435114 3.045294 2.942093 0.179533 4.201995 -0.979500 2.995816 0.335407 1.895244 0.572563 15.326873 5.513499 4.869005 6.283946 0.510660 0.150940 3.059809 4.556246 -4.542752 1.693800 -3.470879 -5.709732 -10.523077 0.233583 -9.257073
-4.843852 -1.173511 1.157036 4.053159 -0.114247 5.556133 3.652568 -6.454394 10.022315 -0.275097 0.834106 -2.864683 1.403938 -6.809749 -4.674379 -13.507133 -5.111567 -15.853317 -3.859045 -7.808779 -1.282072 -6.040196 -6.622458 5.206481 -1.662548 3.165599 -0.275171 -1.594486 -2.146108 7.173033
-7.059667 -0.969472 0.944245 2.967608 -2.569573 -0.500081 -1.903219 -3.735363 -1.473045 -6.515436 3.426028 3.033008 -3.587628 -4.147157 -2.055999 -1.947407 -5.250373 -3.266374 -0.062360 -2.597583 3.082417 -3.696130 -5.527915 6.532590 -7.155243 -3.224461 -3.991775 -0.617691 -2.942135 -5.922046
-2.213636 1.423252 -3.039640 -4.447560 -3.917086 -1.987563 4.963051 5.616044 3.208092 -0.779354 5.371916 -5.712258 -1.866861 -0.896605 4.996453 -6.943911 -1.362704 0.082467 3.643006 4.344459 6.662092 6.444643 3.369533 -0.895013 2.770303 -0.749479 6.096427 3.414259 1.956212 5.216358
3.269455 0.469643 -1.458808 1.000217 1.339125 -1.621622 3.506657 -0.530279 -5.821842 -1.771766 -6.856346 1.613169 4.687838 3.746003 5.963253 -2.538607 5.291197 5.926391 -0.665658 4.510721 -3.103341 -1.402098 2.538211 -2.048651 4.850518 -5.273072 3.050527 -1.884516 2.922083 -2.673350
4.447938 -1.174434 -1.353429 5.143251 -3.323676 -1.595546 4.729715 -5.319547 5.171026 -2.095935 -0.311669 1.977102 2.779335 4.955122 3.064244 5.081431 9.671569 -5.872511 1.430707 -0.027458 -2.341393 -2.273379 7.195433 -3.483101 -4.659852 -1.571682 0.131256 0.753528 2.907871 -4.189149
0.264505 4.464456 5.643901 0.275547 2.851727 -3.470672 0.525825 1.339300 0.138574 4.556722 6.056643 2.457623 1.613646 -7.780269 -2.536358 0.708377 -5.198759 -3.770932 7.420316 -6.014688 -2.512402 -3.977508 -0.634867 -7.992333 1.653283 -1.276232 -1.078750 2.198758 -1.641185 0.884590
3.684480 -0.965611 -3.562904 -3.579463 5.435765 4.794299 8.851568 6.016984 -2.915103 5.705842 2.741254 2.903376 -1.878925 -4.261780 -0.935876 -2.560898 1.395109 0.992021 -1.942506 -1.812840 1.282312 -1.349417 -7.766305 2.380536 3.596329 3.090674 7.022027 0.273535 6.162631 -2.396818
-7.811820 -2.572994 -2.947975 3.528397 1.053861 -1.399903 -5.576640 -8.688921 -7.510862 2.905257 -1.613495 3.904410 -5.535546 -4.386571 3.405527 4.593948 -2.882556 2.932838 0.258982 4.145636 -6.618785 1.580339 2.585479 7.007858 1.264154 2.952141 -1.595533 -0.722752 -2.458451 -2.159814
-0.747199 -4.367582 2.028520 -1.267401 -1.561449 -3.967954 0.908547 -1.581350 -0.074464 2.583875 2.824638 1.354826 -7.160130 2.297659 -1.103576 -4.271299 2.150645 0.634372 -4.419975 -2.691081 -6.084109 3.479095 2.131530 -0.383656 -3.163599 -0.229803 -2.557036 4.114771 0.433405 -0.414084
1.643429 -1.628128 0.411643 -1.529284 0.673113 -4.822925 -1.781878 -4.217147 -1.618339 -1.863465 0.704376 -4.100108 2.165804 5.702647 -5.076408 5.582723 -0.695036 -2.692633 -2.977965 0.709739 1.478868 -5.735591 3.056999 -8.035220 -5.156385 -3.919325 1.424243 -2.119300 -1.297811 -5.689381
-0.175121 -3.403116 -4.782191 -0.945486 -7.336314 -2.089218 3.674857 4.258465 4.244272 6.239615 3.712273 -4.686848 0.312976 -9.843599 -6.159348 -2.345132 -1.473149 0.873568 1.760868 7.791670 -1.545835 -4.096719 -0.523762 -4.299637 0.465062 2.340804 -1.587489 4.533959 0.102789 -0.661904
-1.823533 -0.495197 -0.354415 -3.380863 2.056815 3.032794 6.437556 1.919659 9.412077 7.147965 0.495631 5.049447 -1.364466 -1.418626 4.288590 -5.343406 0.821290 -2.315272 -0.424905 0.030763 -3.312004 -1.248185 5.233906 2.485586 -2.344016 -1.354513 -1.975699 3.773378 -1.173809 -4.188967
-0.875183 -5.173644 -3.721140 -4.643679 5.661013 1.941561 -3.637499 -3.686697 -3.276967 -8.021409 -9.106184 -4.613491 0.434643 2.699725 7.285797 2.355348 -1.232885 6.117383 -0.611239 -2.913791 -3.727706 0.442768 1.082033 -4.160661 -7.303626 -1.040614 0.065341 -0.789431 3.292138 -3.698231
-0.898193 2.736817 5.658977 9.458164 -0.153837 -2.847486 -7.474887 1.698634 3.235604 2.962965 -5.956964 -3.548144 -0.676013 -2.464435 -7.274703 -5.208813 -1.835042 1.572510 -4.063131 -1.692508 6.143436 1.901044 -3.472732 -2.128631 -1.713183 -2.026240 5.470427 1.463020 2.678660 4.162164
-2.178567 -1.116397 -0.939338 -1.049301 3.182516 -2.645725 7.645937 5.814718 -3.434464 -3.047315 -6.317453 3.770754 2.833950 -0.651672 0.877280 3.888840 5.604967 -4.155542 -5.552860 -7.698935 -6.440709 -2.790649 -6.656816 1.374783 -3.102455 1.375033 0.778490 5.759392 -0.744179 4.301962
0.417947 -3.329667 0.356584 0.649765 -2.527315 -1.501350 7.448111 -1.587980 -7.880436 -0.351852 -0.824504 -0.195747 3.196630 6.453421 5.359933 -2.316740 2.502358 -7.738544 -2.227992 1.833236 4.942503 4.197084 -0.807761 0.125665 -4.958894 -1.000075 -9.786995 -2.709033 -4.823095 5.432347
-4.449100 -6.315786 5.880726 4.843669 -1.320124 4.211844 0.823274 -3.095190 -1.208301 -2.437846 -5.574341 -0.201269 -4.452671 6.699535 5.770837 -2.246358 1.454019 -3.762862 -4.099433 5.818330 0.856968 3.428663 -5.911767 0.106546 -1.927925 -5.100530 -2.737516 1.156314 0.666375 -0.729762
-0.681071 1.333931 -1.166316 -2.195745 -4.285398 -4.971812 6.707558 2.904951 0.740808 -4.003107 -1.241400 2.645154 -1.796148 1.295266 -1.356912 -10.618364 4.160957 -3.662235 1.983703 5.941088 0.834815 -1.546226 -2.117265 2.241636 2.045694 4.201681 -1.645110 0.493556 -4.365896 2.810895
-3.782846 -0.147897 -7.664532 0.883601 -7.735748 1.936475 2.665761 0.405664 -5.338457 -2.651057 7.761372 -6.245270 -5.440868 -7.539412 -1.451569 0.857346 -5.479319 4.953314 2.319160 3.903462 -3.050134 -1.361270 -2.244773 -1.104542 -1.403990 -1.520296 -5.852120 2.210273 -3.112915 6.453519
-0.795559 -1.882026 -3.159266 -6.262009 3.634248 -0.008178 2.890996 -0.396819 1.134291 2.872332 0.026696 -0.198073 -5.606868 2.737577 -3.441662 -0.791163 -2.683738 0.463762 0.299808 -2.055880 -2.904565 -1.724431 -2.803955 -2.431454 7.680636 -3.199839 -1.138441 -2.370247 -2.143785 0.662373
1.681570 1.654788 -0.660216 0.753559 -2.850650 -0.503788 2.594498 -0.658176 -3.545946 8.366706 -3.480311 1.782017 -2.493832 1.850168 7.207955 4.486668 -1.703371 4.189089 2.270992 0.814223 -2.562238 -3.400933 1.815370 1.568664 -0.917809 -5.432703 3.864546 1.361477 0.280104 0.252970
-1.261549 0.233363 -4.183751 -5.997512 -3.686924 4.258012 -2.344480 -1.350119 3.267023 5.629857 -1.559261 3.485939 -6.165593 0.846590 4.291249 -2.703009 3.451267 9.009192 -1.825263 -4.480461 -6.823413 -4.059379 -0.461902 0.951898 -3.300660 -3.112918 6.003558 -7.080405 -0.630489 -4.292676
6.500304 6.543428 1.069864 1.910551 7.465946 0.731376 1.625728 1.488634 -2.113127 2.864658 2.172501 -3.298130 -10.135894 4.999552 -5.567911 -5.129282 1.131922 -6.428182 -3.405334 -10.342981 -0.523668 -0.899879 4.479344 3.435443 4.819822 -0.749794 1.388143 -3.659032 0.507666 1.528824
2.805608 -2.458106 -6.694880 -1.032708 -1.877601 3.692479 4.953804 -2.966820 -1.935186 2.681047 -1.944881 -3.101596 1.532138 5.412917 -0.410254 -1.673805 5.333394 4.252415 -1.471601 0.187740 3.306590 2.954657 -4.596734 -5.353652 0.842959 1.111602 -1.403102 3.110734 -4.362828 -1.141538
-2.157928 -0.425841 -5.553540 -3.735370 -0.625171 5.902179 -4.799086 -0.871722 1.943782 -0.835830 3.634039 -0.164583 4.461302 4.116568 -6.351265 1.692253 1.923079 -0.038587 -0.768273 1.383912 -4.299779 0.480256 -5.549932 -3.132230 1.373083 1.757671 -7.224115 -1.957834 -4.370008 -0.821498
-2.828597 -0.998372 0.848346 2.089470 6.913821 3.008042 -1.874071 -3.330964 -1.576410 -2.844129 2.055235 5.221703 -0.431917 -1.408293 -1.003570 3.850973 0.383702 2.263971 -2.634225 -3.246324 -1.578298 -6.403830 -3.344984 -6.687199 4.331372 -1.686869 2.026004 6.769114 2.562243 0.894254
2.828910 -1.497992 -2.507191 1.312743 -4.512458 -1.608510 -1.557819 -4.670385 4.805097 -3.365724 5.821212 1.797684 -2.048285 -0.106562 5.720471 -9.959839 0.132514 -9.487274 -5.074080 -2.768232 -3.922853 -5.019118 3.431518 -2.901534 -2.674634 -3.443944 2.519050 4.308466 -0.736897 0.417385
1.359510 -2.073503 0.356503 -2.214315 -2.449142 2.059340 -2.273537 -2.366558 -2.541722 -1.133993 4.606377 -3.089032 -3.788716 -2.875173 -5.574376 -4.155099 2.752021 -5.582824 0.562179 -3.414749 -5.000743 -0.117249 2.961807 -5.901149 0.960118 -2.886017 2.148990 8.791969 1.406692 -2.215925
-3.089793 2.222422 2.853905 -4.206350 -0.350108 -0.969804 -1.363909 2.595528 1.202985 4.091100 -7.990552 0.704845 4.125703 4.451629 -5.442020 6.990469 -7.035162 -3.987052 1.863421 0.325685 1.465596 4.281807 -0.930071 -3.707825 1.700849 6.886782 8.487129 3.169091 3.015864 -3.677848
-2.232302 8.321646 -1.322684 1.015653 -3.287993 -0.158578 1.209828 0.062011 6.756441 2.625755 -2.868227 5.361166 6.803347 1.851504 7.530174 12.396957 -1.464012 0.832848 9.312597 0.996727 2.161617 1.708087 -2.132980 0.006619 3.642414 3.179410 -2.482382 -2.695998 1.424990 -1.481165
1.318635 2.839944 0.311228 1.747502 -5.465099 1.409422 2.855790 4.726989 9.085108 -1.975001 0.617437 4.006080 6.406023 -0.154980 2.590589 -10.161513 -8.237320 -6.633502 0.281921 -2.536095 -4.416618 -5.202814 1.200058 1.947658 -0.473602 2.630036 -0.084769 2.911923 0.180074 4.978002
