32261376 32300544 32339712 32378880 32418048 32457216 32496384 32535552 32574720 32613888 32653056 32692224 32731392 32770560 32809728 32848896 32888064 32927232 32966400 33005568 33044736 33083904 33123072 33162240 33201408 33240576 33279744 33318912 33358080 33397248
33514752 33553920 33593088 33632256 33671424 33710592 33749760 33788928 33828096 33867264 33906432 33945600 33984768 34023936 34063104 34102272 34141440 34180608 34219776 34258944 34298112 34337280 34376448 34415616 34454784 34493952 34533120 34572288 34611456 34650624
34768128 34807296 34846464 34885632 34924800 34963968 35003136 35042304 35081472 35120640 35159808 35198976 35238144 35277312 35316480 35355648 35394816 35433984 35473152 35512320 35551488 35590656 35629824 35668992 35708160 35747328 35786496 35825664 35864832 35904000
36021504 36060672 36099840 36139008 36178176 36217344 36256512 36295680 36334848 36374016 36413184 36452352 36491520 36530688 36569856 36609024 36648192 36687360 36726528 36765696 36804864 36844032 36883200 36922368 36961536 37000704 37039872 37079040 37118208 37157376
37274880 37314048 37353216 37392384 37431552 37470720 37509888 37549056 37588224 37627392 37666560 37705728 37744896 37784064 37823232 37862400 37901568 37940736 37979904 38019072 38058240 38097408 38136576 38175744 38214912 38254080 38293248 38332416 38371584 38410752
38528256 38567424 38606592 38645760 38684928 38724096 38763264 38802432 38841600 38880768 38919936 38959104 38998272 39037440 39076608 39115776 39154944 39194112 39233280 39272448 39311616 39350784 39389952 39429120 39468288 39507456 39546624 39585792 39624960 39664128
39781632 39820800 39859968 39899136 39938304 39977472 40016640 40055808 40094976 40134144 40173312 40212480 40251648 40290816 40329984 40369152 40408320 40447488 40486656 40525824 40564992 40604160 40643328 40682496 40721664 40760832 40800000 40839168 40878336 40917504
41035008 41074176 41113344 41152512 41191680 41230848 41270016 41309184 41348352 41387520 41426688 41465856 41505024 41544192 41583360 41622528 41661696 41700864 41740032 41779200 41818368 41857536 41896704 41935872 41975040 42014208 42053376 42092544 42131712 42170880
42288384 42327552 42366720 42405888 42445056 42484224 42523392 42562560 42601728 42640896 42680064 42719232 42758400 42797568 42836736 42875904 42915072 42954240 42993408 43032576 43071744 43110912 43150080 43189248 43228416 43267584 43306752 43345920 43385088 43424256
43541760 43580928 43620096 43659264 43698432 43737600 43776768 43815936 43855104 43894272 43933440 43972608 44011776 44050944 44090112 44129280 44168448 44207616 44246784 44285952 44325120 44364288 44403456 44442624 44481792 44520960 44560128 44599296 44638464 44677632
44795136 44834304 44873472 44912640 44951808 44990976 45030144 45069312 45108480 45147648 45186816 45225984 45265152 45304320 45343488 45382656 45421824 45460992 45500160 45539328 45578496 45617664 45656832 45696000 45735168 45774336 45813504 45852672 45891840 45931008
46048512 46087680 46126848 46166016 46205184 46244352 46283520 46322688 46361856 46401024 46440192 46479360 46518528 46557696 46596864 46636032 46675200 46714368 46753536 46792704 46831872 46871040 46910208 46949376 46988544 47027712 47066880 47106048 47145216 47184384
47301888 47341056 47380224 47419392 47458560 47497728 47536896 47576064 47615232 47654400 47693568 47732736 47771904 47811072 47850240 47889408 47928576 47967744 48006912 48046080 48085248 48124416 48163584 48202752 48241920 48281088 48320256 48359424 48398592 48437760
48555264 48594432 48633600 48672768 48711936 48751104 48790272 48829440 48868608 48907776 48946944 48986112 49025280 49064448 49103616 49142784 49181952 49221120 49260288 49299456 49338624 49377792 49416960 49456128 49495296 49534464 49573632 49612800 49651968 49691136
49808640 49847808 49886976 49926144 49965312 50004480 50043648 50082816 50121984 50161152 50200320 50239488 50278656 50317824 50356992 50396160 50435328 50474496 50513664 50552832 50592000 50631168 50670336 50709504 50748672 50787840 50827008 50866176 50905344 50944512
51062016 51101184 51140352 51179520 51218688 51257856 51297024 51336192 51375360 51414528 51453696 51492864 51532032 51571200 51610368 51649536 51688704 51727872 51767040 51806208 51845376 51884544 51923712 51962880 52002048 52041216 52080384 52119552 52158720 52197888
52315392 52354560 52393728 52432896 52472064 52511232 52550400 52589568 52628736 52667904 52707072 52746240 52785408 52824576 52863744 52902912 52942080 52981248 53020416 53059584 53098752 53137920 53177088 53216256 53255424 53294592 53333760 53372928 53412096 53451264
53568768 53607936 53647104 53686272 53725440 53764608 53803776 53842944 53882112 53921280 53960448 53999616 54038784 54077952 54117120 54156288 54195456 54234624 54273792 54312960 54352128 54391296 54430464 54469632 54508800 54547968 54587136 54626304 54665472 54704640
54822144 54861312 54900480 54939648 54978816 55017984 55057152 55096320 55135488 55174656 55213824 55252992 55292160 55331328 55370496 55409664 55448832 55488000 55527168 55566336 55605504 55644672 55683840 55723008 55762176 55801344 55840512 55879680 55918848 55958016
56075520 56114688 56153856 56193024 56232192 56271360 56310528 56349696 56388864 56428032 56467200 56506368 56545536 56584704 56623872 56663040 56702208 56741376 56780544 56819712 56858880 56898048 56937216 56976384 57015552 57054720 57093888 57133056 57172224 57211392
57328896 57368064 57407232 57446400 57485568 57524736 57563904 57603072 57642240 57681408 57720576 57759744 57798912 57838080 57877248 57916416 57955584 57994752 58033920 58073088 58112256 58151424 58190592 58229760 58268928 58308096 58347264 58386432 58425600 58464768
58582272 58621440 58660608 58699776 58738944 58778112 58817280 58856448 58895616 58934784 58973952 59013120 59052288 59091456 59130624 59169792 59208960 59248128 59287296 59326464 59365632 59404800 59443968 59483136 59522304 59561472 59600640 59639808 59678976 59718144
59835648 59874816 59913984 59953152 59992320 60031488 60070656 60109824 60148992 60188160 60227328 60266496 60305664 60344832 60384000 60423168 60462336 60501504 60540672 60579840 60619008 60658176 60697344 60736512 60775680 60814848 60854016 60893184 60932352 60971520
61089024 61128192 61167360 61206528 61245696 61284864 61324032 61363200 61402368 61441536 61480704 61519872 61559040 61598208 61637376 61676544 61715712 61754880 61794048 61833216 61872384 61911552 61950720 61989888 62029056 62068224 62107392 62146560 62185728 62224896
62342400 62381568 62420736 62459904 62499072 62538240 62577408 62616576 62655744 62694912 62734080 62773248 62812416 62851584 62890752 62929920 62969088 63008256 63047424 63086592 63125760 63164928 63204096 63243264 63282432 63321600 63360768 63399936 63439104 63478272
63595776 63634944 63674112 63713280 63752448 63791616 63830784 63869952 63909120 63948288 63987456 64026624 64065792 64104960 64144128 64183296 64222464 64261632 64300800 64339968 64379136 64418304 64457472 64496640 64535808 64574976 64614144 64653312 64692480 64731648
64849152 64888320 64927488 64966656 65005824 65044992 65084160 65123328 65162496 65201664 65240832 65280000 65319168 65358336 65397504 65436672 65475840 65515008 65554176 65593344 65632512 65671680 65710848 65750016 65789184 65828352 65867520 65906688 65945856 65985024
66102528 66141696 66180864 66220032 66259200 66298368 66337536 66376704 66415872 66455040 66494208 66533376 66572544 66611712 66650880 66690048 66729216 66768384 66807552 66846720 66885888 66925056 66964224 67003392 67042560 67081728 67120896 67160064 67199232 67238400
67355904 67395072 67434240 67473408 67512576 67551744 67590912 67630080 67669248 67708416 67747584 67786752 67825920 67865088 67904256 67943424 67982592 68021760 68060928 68100096 68139264 68178432 68217600 68256768 68295936 68335104 68374272 68413440 68452608 68491776
68609280 68648448 68687616 68726784 68765952 68805120 68844288 68883456 68922624 68961792 69000960 69040128 69079296 69118464 69157632 69196800 69235968 69275136 69314304 69353472 69392640 69431808 69470976 69510144 69549312 69588480 69627648 69666816 69705984 69745152
77465856 77587968 77710080 77832192 77954304 78076416 78198528 78320640 78442752 78564864 78686976 78809088 78931200 79053312 79175424 79297536 79419648 79541760 79663872 79785984 79908096 80030208 80152320 80274432 80396544 80518656 80640768 80762880 80884992 81007104
81373440 81495552 81617664 81739776 81861888 81984000 82106112 82228224 82350336 82472448 82594560 82716672 82838784 82960896 83083008 83205120 83327232 83449344 83571456 83693568 83815680 83937792 84059904 84182016 84304128 84426240 84548352 84670464 84792576 84914688
85281024 85403136 85525248 85647360 85769472 85891584 86013696 86135808 86257920 86380032 86502144 86624256 86746368 86868480 86990592 87112704 87234816 87356928 87479040 87601152 87723264 87845376 87967488 88089600 88211712 88333824 88455936 88578048 88700160 88822272
89188608 89310720 89432832 89554944 89677056 89799168 89921280 90043392 90165504 90287616 90409728 90531840 90653952 90776064 90898176 91020288 91142400 91264512 91386624 91508736 91630848 91752960 91875072 91997184 92119296 92241408 92363520 92485632 92607744 92729856
93096192 93218304 93340416 93462528 93584640 93706752 93828864 93950976 94073088 94195200 94317312 94439424 94561536 94683648 94805760 94927872 95049984 95172096 95294208 95416320 95538432 95660544 95782656 95904768 96026880 96148992 96271104 96393216 96515328 96637440
97003776 97125888 97248000 97370112 97492224 97614336 97736448 97858560 97980672 98102784 98224896 98347008 98469120 98591232 98713344 98835456 98957568 99079680 99201792 99323904 99446016 99568128 99690240 99812352 99934464 100056576 100178688 100300800 100422912 100545024
100911360 101033472 101155584 101277696 101399808 101521920 101644032 101766144 101888256 102010368 102132480 102254592 102376704 102498816 102620928 102743040 102865152 102987264 103109376 103231488 103353600 103475712 103597824 103719936 103842048 103964160 104086272 104208384 104330496 104452608
104818944 104941056 105063168 105185280 105307392 105429504 105551616 105673728 105795840 105917952 106040064 106162176 106284288 106406400 106528512 106650624 106772736 106894848 107016960 107139072 107261184 107383296 107505408 107627520 107749632 107871744 107993856 108115968 108238080 108360192
108726528 108848640 108970752 109092864 109214976 109337088 109459200 109581312 109703424 109825536 109947648 110069760 110191872 110313984 110436096 110558208 110680320 110802432 110924544 111046656 111168768 111290880 111412992 111535104 111657216 111779328 111901440 112023552 112145664 112267776
112634112 112756224 112878336 113000448 113122560 113244672 113366784 113488896 113611008 113733120 113855232 113977344 114099456 114221568 114343680 114465792 114587904 114710016 114832128 114954240 115076352 115198464 115320576 115442688 115564800 115686912 115809024 115931136 116053248 116175360
116541696 116663808 116785920 116908032 117030144 117152256 117274368 117396480 117518592 117640704 117762816 117884928 118007040 118129152 118251264 118373376 118495488 118617600 118739712 118861824 118983936 119106048 119228160 119350272 119472384 119594496 119716608 119838720 119960832 120082944
120449280 120571392 120693504 120815616 120937728 121059840 121181952 121304064 121426176 121548288 121670400 121792512 121914624 122036736 122158848 122280960 122403072 122525184 122647296 122769408 122891520 123013632 123135744 123257856 123379968 123502080 123624192 123746304 123868416 123990528
124356864 124478976 124601088 124723200 124845312 124967424 125089536 125211648 125333760 125455872 125577984 125700096 125822208 125944320 126066432 126188544 126310656 126432768 126554880 126676992 126799104 126921216 127043328 127165440 127287552 127409664 127531776 127653888 127776000 127898112
128264448 128386560 128508672 128630784 128752896 128875008 128997120 129119232 129241344 129363456 129485568 129607680 129729792 129851904 129974016 130096128 130218240 130340352 130462464 130584576 130706688 130828800 130950912 131073024 131195136 131317248 131439360 131561472 131683584 131805696
132172032 132294144 132416256 132538368 132660480 132782592 132904704 133026816 133148928 133271040 133393152 133515264 133637376 133759488 133881600 134003712 134125824 134247936 134370048 134492160 134614272 134736384 134858496 134980608 135102720 135224832 135346944 135469056 135591168 135713280
136079616 136201728 136323840 136445952 136568064 136690176 136812288 136934400 137056512 137178624 137300736 137422848 137544960 137667072 137789184 137911296 138033408 138155520 138277632 138399744 138521856 138643968 138766080 138888192 139010304 139132416 139254528 139376640 139498752 139620864
139987200 140109312 140231424 140353536 140475648 140597760 140719872 140841984 140964096 141086208 141208320 141330432 141452544 141574656 141696768 141818880 141940992 142063104 142185216 142307328 142429440 142551552 142673664 142795776 142917888 143040000 143162112 143284224 143406336 143528448
143894784 144016896 144139008 144261120 144383232 144505344 144627456 144749568 144871680 144993792 145115904 145238016 145360128 145482240 145604352 145726464 145848576 145970688 146092800 146214912 146337024 146459136 146581248 146703360 146825472 146947584 147069696 147191808 147313920 147436032
147802368 147924480 148046592 148168704 148290816 148412928 148535040 148657152 148779264 148901376 149023488 149145600 149267712 149389824 149511936 149634048 149756160 149878272 150000384 150122496 150244608 150366720 150488832 150610944 150733056 150855168 150977280 151099392 151221504 151343616
151709952 151832064 151954176 152076288 152198400 152320512 152442624 152564736 152686848 152808960 152931072 153053184 153175296 153297408 153419520 153541632 153663744 153785856 153907968 154030080 154152192 154274304 154396416 154518528 154640640 154762752 154884864 155006976 155129088 155251200
155617536 155739648 155861760 155983872 156105984 156228096 156350208 156472320 156594432 156716544 156838656 156960768 157082880 157204992 157327104 157449216 157571328 157693440 157815552 157937664 158059776 158181888 158304000 158426112 158548224 158670336 158792448 158914560 159036672 159158784
159525120 159647232 159769344 159891456 160013568 160135680 160257792 160379904 160502016 160624128 160746240 160868352 160990464 161112576 161234688 161356800 161478912 161601024 161723136 161845248 161967360 162089472 162211584 162333696 162455808 162577920 162700032 162822144 162944256 163066368
163432704 163554816 163676928 163799040 163921152 164043264 164165376 164287488 164409600 164531712 164653824 164775936 164898048 165020160 165142272 165264384 165386496 165508608 165630720 165752832 165874944 165997056 166119168 166241280 166363392 166485504 166607616 166729728 166851840 166973952
167340288 167462400 167584512 167706624 167828736 167950848 168072960 168195072 168317184 168439296 168561408 168683520 168805632 168927744 169049856 169171968 169294080 169416192 169538304 169660416 169782528 169904640 170026752 170148864 170270976 170393088 170515200 170637312 170759424 170881536
171247872 171369984 171492096 171614208 171736320 171858432 171980544 172102656 172224768 172346880 172468992 172591104 172713216 172835328 172957440 173079552 173201664 173323776 173445888 173568000 173690112 173812224 173934336 174056448 174178560 174300672 174422784 174544896 174667008 174789120
175155456 175277568 175399680 175521792 175643904 175766016 175888128 176010240 176132352 176254464 176376576 176498688 176620800 176742912 176865024 176987136 177109248 177231360 177353472 177475584 177597696 177719808 177841920 177964032 178086144 178208256 178330368 178452480 178574592 178696704
179063040 179185152 179307264 179429376 179551488 179673600 179795712 179917824 180039936 180162048 180284160 180406272 180528384 180650496 180772608 180894720 181016832 181138944 181261056 181383168 181505280 181627392 181749504 181871616 181993728 182115840 182237952 182360064 182482176 182604288
182970624 183092736 183214848 183336960 183459072 183581184 183703296 183825408 183947520 184069632 184191744 184313856 184435968 184558080 184680192 184802304 184924416 185046528 185168640 185290752 185412864 185534976 185657088 185779200 185901312 186023424 186145536 186267648 186389760 186511872
186878208 187000320 187122432 187244544 187366656 187488768 187610880 187732992 187855104 187977216 188099328 188221440 188343552 188465664 188587776 188709888 188832000 188954112 189076224 189198336 189320448 189442560 189564672 189686784 189808896 189931008 190053120 190175232 190297344 190419456
190785792 190907904 191030016 191152128 191274240 191396352 191518464 191640576 191762688 191884800 192006912 192129024 192251136 192373248 192495360 192617472 192739584 192861696 192983808 193105920 193228032 193350144 193472256 193594368 193716480 193838592 193960704 194082816 194204928 194327040
