-761 -978 -1422 -1734 -457 -478 128 -409 -374 -541 -1059 -480 -701 -257 985 -227 1373 -1334 1461 811 -1419 -843 478 -1984 -127 110 138 -281 -344 -847 -734 456 1942 869 -148 -1540 -647 348 82 -230 1812 357 -598 1491 -596 725 -677 368 -94 696 -55 -650 235 340 71 -959 -673 -167 -219 782 -93 512
190 508 641 325 209 953 1236 -709 -203 1141 -579 2329 335 319 327 1042 -906 -428 110 -1093 -1361 -857 -150 877 -242 1664 -542 -810 -1502 -876 60 -348 -506 -1148 -329 -475 375 -211 7 464 -860 -251 171 -1031 -1871 -1019 -212 -679 -2871 829 -436 -1210 -185 -97 -1540 -533 -438 408 -1197 863 298 525
-1134 -543 -230 5 -301 530 -1150 -2189 333 683 -485 700 -308 -1382 -983 -1295 430 -154 78 1184 470 -922 -125 -392 366 650 282 -418 779 1457 -61 16 -601 174 -582 1184 -639 -429 1056 -454 -865 -574 -630 -67 -559 2133 -26 414 423 579 -855 -39 793 913 1197 -1258 1299 234 157 109 -1279 79
205 14 343 -1143 -1170 -1267 154 201 243 -381 -1476 -641 -367 -1314 239 95 -187 -431 -516 420 319 -735 287 -19 -471 -1367 815 -214 -304 -905 -582 1837 693 163 -326 210 -514 1690 1193 843 -309 857 163 -738 1111 246 -1023 344 -1124 186 -85 583 -66 362 -396 1289 158 -463 578 -80 -49 -829
121 -478 -754 30 537 1488 313 673 136 -77 -558 751 629 1486 1865 -1001 -754 778 241 -388 -538 556 -187 245 -983 -556 -632 -297 -114 1596 595 -503 -1050 191 -554 -396 459 -782 -809 451 -532 1334 -1638 411 -2338 244 313 -82 -150 1459 268 137 878 255 255 -773 183 1318 -184 156 -788 -621
461 -194 1469 1894 1119 426 -284 166 -1017 -640 1172 -32 487 460 1198 -527 1234 989 -2086 -1236 811 -612 489 -687 -570 723 1988 617 -166 515 58 379 195 536 1516 158 168 -202 815 -618 -454 -966 -600 827 573 1443 402 -513 160 -756 570 -313 -874 -754 -1034 661 -280 -1243 -1435 329 266 1880
45 226 1226 -1094 -358 -91 -400 329 -2 115 -214 -398 -1378 -193 -97 -774 607 -978 -409 1662 -176 -1273 -362 303 1160 469 -514 -550 -495 -328 -568 -410 -85 -1366 -1834 -1521 744 1336 43 993 -941 638 1266 1540 15 -916 530 197 -563 730 244 -1000 528 131 1056 139 246 1212 -947 617 479 406
13 412 399 -611 -1071 -612 -1620 -573 439 311 389 -188 640 -221 467 -701 -1100 241 670 1353 -209 1055 802 156 -697 -1125 -1188 -2003 -121 -556 -1479 -268 -612 -1551 1115 -136 1425 -1183 296 183 -473 1203 -348 -1702 -1195 -2249 270 478 -30 -181 861 -502 243 -1750 -401 1775 -9 915 1200 330 -555 -829
1903 2209 311 -2112 -305 -103 -1342 -382 600 1901 -532 70 -19 -57 533 1067 -689 677 -874 -983 -596 380 39 -411 813 -596 193 -355 1747 126 -1759 -1330 -175 -925 1565 -633 813 419 489 21 223 967 -1005 1027 -67 84 -155 -840 1167 455 1921 -1586 -1221 -777 34 -93 -1855 556 771 -271 -1302 -240
905 69 -397 2137 805 790 50 -84 332 656 -1254 -3 1378 493 -1139 -1050 -252 37 -414 -732 -850 572 919 2311 -149 1431 -127 -489 546 -332 457 565 919 1166 -147 -233 -667 -16 -1102 -448 -772 -518 320 -644 -546 826 -394 1276 788 247 -219 -691 1377 186 -1077 263 421 1533 717 -328 -745 -679
-1755 -1042 528 -44 621 -368 -806 -958 -799 -220 556 887 -479 -481 -516 249 1828 1058 321 33 1120 9 -509 -1026 774 2 -1330 39 460 813 234 1923 983 -661 -245 681 -486 -597 -1189 -239 -326 -732 -806 1336 2940 -1635 1768 84 -470 -790 -377 90 1070 493 -1785 535 -128 210 150 997 698 610
-1606 -757 200 -362 -116 -492 751 466 207 523 1508 983 629 -293 75 774 112 -1271 -132 848 -107 80 -950 -263 -1222 -99 306 -65 408 -846 633 -165 -641 698 -263 -70 650 -28 -1065 -272 93 274 449 409 -155 -1434 807 -1045 -1319 -483 343 -721 734 1344 -207 672 -1408 678 7 226 166 -380
-775 481 207 -788 -166 417 1094 -334 479 672 303 -796 323 -128 -435 -1183 -978 -1038 -932 227 -871 955 9 -159 -709 1240 1353 1611 397 594 -448 208 750 416 880 -227 -119 -852 108 175 1022 173 -463 -918 1648 -411 82 276 -47 1016 -191 313 -72 -326 -562 1206 188 169 -1552 -990 -309 141
834 1536 -638 218 -16 41 316 149 128 -747 -140 -455 1349 -737 -452 353 180 1535 1067 1496 1449 1162 635 1628 972 27 -131 223 -882 1205 757 -79 764 269 -302 -47 -113 -1126 374 284 1447 -624 776 834 888 169 1193 -1942 969 -430 492 -221 42 329 -297 731 -1233 1104 -293 236 487 941
200 -2601 -1090 1691 527 824 -8 566 -1716 126 1478 -1084 -110 1392 277 18 1321 1594 802 -295 313 -744 -254 402 -728 -981 -77 263 -1143 261 -445 -872 158 -1082 -1088 -230 507 130 1300 1469 -1005 -866 77 94 -1075 455 -2530 -446 -237 -552 -181 -606 618 -121 146 -1337 931 -114 -376 -122 576 -1569
-1509 -654 21 612 -1059 110 -939 -175 -606 48 -350 -1473 235 -1387 -319 -26 209 420 -177 418 1425 -387 -255 814 -170 727 -575 590 -617 738 -429 267 684 -190 -66 1150 150 1154 -398 -1088 -1474 301 -389 789 106 -233 257 179 1127 734 -44 -712 -1469 791 -158 -277 1099 -309 -636 -1035 -572 362
543 914 1004 -59 -188 1950 -14 266 739 97 82 -734 78 -390 1224 217 -624 -631 345 -1969 339 24 378 188 1072 1152 812 1491 -843 -2240 -384 -126 -868 770 166 -132 -171 -178 138 128 -117 1010 633 -621 -1965 545 532 104 210 197 -445 -1013 -439 204 -421 -43 1517 140 -65 1023 461 -10
121 -107 3 -286 1262 -990 -2249 -155 726 341 -439 -95 204 354 -100 -454 1116 -1132 -1168 -1528 355 -162 -1399 -212 1025 -1131 -968 13 -374 -710 40 -1758 -498 -402 861 51 34 121 -1234 -685 1419 958 -151 -755 -1336 165 712 83 -12 185 -572 835 1527 -311 790 681 -241 537 736 -1610 -468 383
-1309 -514 94 -999 -1392 -273 745 747 -376 -113 -1605 -352 767 -1258 -1202 672 162 -931 911 -492 -590 -1090 -327 -411 -517 5 -579 -665 322 -761 452 1391 -416 -36 598 -1160 -191 -1186 -2026 209 225 -1549 -470 -463 -207 1526 -204 897 460 -168 -810 562 690 -60 -40 -1133 -1075 580 -1015 -9 -839 97
-81 602 581 -556 1040 31 513 1203 349 453 569 435 -1021 -673 44 -324 -271 471 876 -592 37 954 -458 -1325 -25 -838 1059 -1167 426 -200 91 -1058 366 850 566 -1443 309 951 1079 2620 56 -100 145 -9 113 267 -708 -102 -803 1085 -1090 -173 -653 -80 -1387 -1327 -80 256 222 -86 848 1108
-312 -532 -429 1161 -219 -279 751 89 -1444 -567 -632 35 103 -463 -461 198 392 107 1547 1163 -494 -184 -923 1005 705 477 1404 87 -151 -174 479 1382 644 276 564 610 446 16 -128 890 215 818 836 876 1884 -884 -968 -888 -2231 -806 -572 178 42 579 316 1807 -340 451 -154 -53 905 90
277 -599 604 -235 -1066 -471 -1094 -873 -2481 -1825 319 159 1293 640 2501 923 -1310 -690 -663 -875 1266 660 -1050 -186 -604 -1926 1089 -844 -489 698 -129 315 -1134 764 571 -560 -927 -766 -953 -44 -900 215 296 328 -1378 -1324 1118 -74 -592 -248 1617 750 2740 -139 805 -724 -704 556 -660 -247 379 -557
-575 538 559 962 526 242 1342 -766 198 2372 1064 1084 822 -214 24 88 -871 -130 139 439 250 -311 1269 2872 -1246 -278 -350 93 88 -487 -737 -669 994 -1432 -203 -1326 -860 2060 376 -1250 -402 105 -600 -881 1339 -339 377 464 302 1058 1534 606 -924 54 -337 4 830 105 2 -813 847 -2038
1183 -807 -132 -967 99 -268 -353 -43 106 456 687 -903 -30 -2257 -1733 -1000 585 -336 841 -594 -735 397 -266 -425 -517 171 215 252 309 -619 589 111 -391 -59 132 -1050 1088 710 -38 364 1364 -296 -184 -211 1243 -1200 601 -1337 777 572 -1383 -775 -315 -182 -1469 583 110 889 -209 92 553 -1026
110 -975 -243 -615 65 14 460 224 -997 952 -122 -857 -190 922 983 211 464 489 265 171 269 665 818 178 -1289 390 -512 1026 885 -193 245 -974 1877 359 -14 1 1109 -818 -1159 -1027 -415 -145 241 -1571 636 -427 1784 401 1077 -152 -1857 -1619 -930 -170 -11 283 -1225 -984 -488 -734 413 59
134 -52 2069 2237 -517 -70 -294 -3 1528 -876 -1624 -212 1137 583 -939 -556 -7 -2644 -500 569 620 638 -192 -176 403 82 655 -49 -733 -351 483 -708 -468 -203 -796 844 834 186 780 -2 346 423 723 -884 21 67 1027 -654 -1513 -543 -354 1308 461 1140 200 -817 439 -153 -798 -380 -845 299
-271 -115 799 47 -1263 1981 -609 1438 -410 475 432 -111 -165 -1717 -910 -1261 -605 -891 -607 -514 -766 -1173 -42 136 -634 1062 -1279 -2141 -974 878 -637 -221 -699 488 5 1790 185 -670 533 838 -1184 -1650 -35 -117 695 -578 137 639 240 823 1257 -268 500 -670 -133 968 1788 -826 382 211 886 -194
922 -650 -488 -857 -2748 -436 -1107 -1061 222 475 380 59 267 -191 1543 -935 830 847 701 323 -271 452 -411 -503 -128 -82 920 159 268 -1034 163 661 -132 1706 532 38 -1194 -703 -604 872 -1551 142 1150 866 -603 -561 -394 241 -1874 707 -464 296 -1311 24 -468 -152 -469 852 108 439 140 798
14 -357 728 379 -620 900 81 391 625 -434 -1129 424 -79 1753 654 254 -1552 766 -192 48 1026 592 732 -111 -490 1951 1176 888 -1193 -133 -89 292 -227 -757 -65 -595 -845 -445 1175 716 469 1073 1356 -673 56 -86 1005 256 -587 423 -1229 405 1163 -518 1729 250 -101 -204 -589 -736 -709 -169
-1533 191 321 -375 664 1214 1876 338 190 -1241 224 785 126 -1180 -1373 -371 149 770 -401 -305 273 -985 -571 291 -466 209 -1624 271 -211 378 -1609 -59 -288 -752 -140 -443 554 124 143 62 -430 218 -854 391 536 402 607 837 -144 1172 503 951 648 -445 274 346 -241 -1224 -96 -246 288 941
337 276 -959 334 81 -809 -1004 -1905 -905 -910 691 2072 -384 -362 -1675 255 -165 707 -7 -486 792 -85 -103 1395 -488 479 -1220 1358 1072 1002 518 2261 913 -811 406 -318 945 -942 -503 -110 -1341 293 -1261 -1946 338 309 -800 152 163 -1168 1161 -403 120 -393 529 148 393 1598 158 1105 -469 755
-612 -1815 173 60 1074 -617 -543 -48 179 311 -301 -236 207 142 840 2181 893 163 -15 471 589 101 -145 672 -479 -935 -849 -363 -799 -287 -813 -1388 -472 531 644 255 -378 197 -947 963 -198 1576 -2252 241 -179 -894 -1315 -1525 -1091 -1178 443 -261 -1413 -863 -1245 697 407 228 832 217 -485 900
-311 1620 628 633 -365 -541 581 290 921 -1166 -632 -3173 -430 -88 720 278 -1432 1425 -1152 -740 -525 -1012 -766 457 -921 -797 -665 827 52 -191 -565 -471 712 240 -471 217 659 332 -1118 -1213 739 -1151 -940 83 -218 -379 1367 810 755 -806 -225 -305 -1372 196 -504 78 -976 -689 459 248 -330 -301
453 1641 271 27 -774 309 -824 -551 -549 64 989 1054 578 -1578 -314 64 -665 1728 -250 74 564 -129 -461 -1490 665 -475 436 613 -843 27 561 1183 1881 1788 23 432 632 614 -9 927 -1159 -69 950 602 1046 261 1435 599 89 618 -556 385 878 1888 283 -12 -359 -1462 -705 -1437 780 -151
488 1195 -1007 1681 -37 925 916 957 473 864 1063 158 124 -212 -511 -130 88 671 343 -957 75 1138 -65 108 1853 -768 450 -340 -1412 -767 -119 -518 -829 335 -2395 620 180 833 1349 -705 52 -441 1053 -475 948 -599 -343 467 -1191 -1030 -344 56 500 301 -1710 -113 -102 -1112 262 -513 -1009 699
1136 -707 -1927 592 67 -128 -1195 195 -82 220 249 87 45 1188 1339 226 -157 -460 -1017 -776 438 894 -720 1215 662 -1145 893 -535 197 -103 397 -301 -346 7 -697 590 -1383 -806 537 961 -75 673 1659 -655 250 -1181 1158 1779 -142 632 35 19 517 -1555 -783 -598 271 294 726 -590 347 -696
-1268 79 -403 -834 1059 -46 29 354 -184 1051 -1067 -684 656 449 -643 965 628 1769 922 -469 -1515 -1548 1679 -201 -247 -711 1013 -54 774 -152 275 151 532 1075 199 -497 -498 1070 -581 -269 286 -1663 -1690 -2592 -254 481 1204 216 820 1703 -284 428 -1850 795 -403 1657 748 427 1935 1128 1550 812
991 -954 -1412 675 772 1143 -741 867 -1652 -1231 -1776 -1319 -1613 641 46 -765 496 645 -391 -344 -365 495 44 -236 54 246 25 -282 321 620 181 -119 -276 1105 -1126 -468 -1193 358 -256 -153 -1183 -107 -74 33 1678 -370 -1444 202 -741 -1185 -772 -62 -673 -40 -28 1608 438 -56 -93 -285 -1532 -22
-238 -877 322 -948 1303 821 -812 -747 1165 219 -156 1863 -155 -491 -564 121 -643 -1158 -1895 -974 295 -544 1533 -1224 1198 -1123 -790 594 362 -963 -236 -250 653 -75 -1602 -177 309 304 -500 1340 1781 1954 -664 -405 -179 -498 124 319 -1327 -344 403 1754 244 302 -1103 -438 -1285 -1236 -225 -911 145 555
-47 240 1128 2327 792 -1353 -1341 1236 1874 -675 132 683 -971 -213 -75 -601 619 299 504 449 -743 171 423 -919 -743 -1784 -596 494 455 -669 -487 -411 -658 957 326 894 411 1409 302 535 -108 -495 -473 -391 852 221 -284 -1556 -356 140 -1556 1082 -28 -995 785 948 277 -1402 228 434 12 -691
260 -1048 779 -510 -1659 843 980 858 827 257 -1208 14 227 -224 230 -26 -214 376 307 1073 2125 -638 -110 -613 743 1630 -712 260 -1605 -1143 908 192 1531 778 -932 -624 264 341 -108 -759 234 582 1395 313 374 898 -1660 957 841 704 19 875 -196 -1543 757 319 907 1672 -322 -1803 -1488 -1292
21 -979 -969 -1974 453 -19 60 -556 -747 -610 -468 -1337 -249 116 722 -690 368 -843 -454 553 123 -139 16 654 1396 -391 -871 -1083 -381 1721 1121 -1321 695 -662 -126 199 599 -1064 -1098 167 725 -523 605 -931 -1128 -219 -228 -674 -398 -555 145 111 391 -1185 -583 -159 1614 1177 491 709 278 -656
-406 -667 785 2515 -250 99 353 -982 -1238 157 -449 1042 1999 440 473 -773 -117 -372 1232 -461 165 -299 -667 1182 -492 419 466 699 1058 504 -1261 511 152 -316 776 1941 1091 -910 403 594 -1312 -1108 -415 39 1046 1193 -1353 -226 -847 -115 -482 -216 1497 563 988 -208 -820 -44 -81 585 648 -5
-514 -537 729 -391 503 -879 -822 196 -280 1130 -17 880 1301 938 2004 870 1310 -1794 542 -904 -1601 49 395 614 -328 -1508 -408 650 -169 -1111 -224 -786 863 835 -268 -1448 -2404 -830 1469 -21 437 10 309 249 191 -315 29 84 1125 -535 585 -67 -513 334 167 -806 -752 -1170 -1456 196 -579 1731
217 -29 -776 174 -1402 -552 22 698 522 793 -1214 -795 -38 -182 802 246 -142 -827 643 -1209 1402 1215 -198 -220 -857 667 829 -665 -1000 176 -354 896 679 3 -1388 279 25 440 -79 -579 -593 1423 1250 -532 -1989 -90 49 -70 -415 1636 1439 -952 -475 -805 320 906 151 861 183 -391 -281 1286
808 -263 130 -471 -196 -329 -544 -345 -751 -542 -1283 -1303 -750 -1184 -1316 -1065 288 -185 1918 941 -41 519 -424 -29 1358 -202 -130 -169 649 480 530 1007 -44 -866 1053 1210 1366 -691 -125 31 44 467 75 -336 680 422 185 328 231 -1027 -262 -1574 -555 -483 650 -748 -305 1278 -770 1066 -113 -1066
1046 591 -430 1462 378 946 99 -673 375 2081 -559 -42 368 -477 1021 118 -324 -70 367 -944 582 -928 -588 1039 -676 962 273 146 349 283 -2005 -339 -374 -20 -117 103 -647 876 1141 -392 -420 -925 -654 203 1293 2617 1136 459 505 13 -661 -429 -370 963 -452 120 -830 -400 -330 35 -1213 -155
225 -719 570 345 1132 1265 -422 891 372 266 -1652 866 -185 228 -309 -394 1658 22 -589 -220 -307 -331 675 637 258 -281 -703 269 529 921 -1568 506 -1232 -975 -200 -1407 -526 -805 -1372 1 551 -150 -1433 -246 1187 504 -653 1573 112 478 -444 789 931 602 1129 1178 86 -756 33 -134 161 791
302 537 -1642 -436 -496 -1170 978 -516 -629 -2013 -275 -379 251 -358 -44 -658 -1367 -60 -108 1195 430 549 -495 -154 -349 706 545 -387 873 1844 159 21 778 -410 865 557 6 -373 -157 -585 617 -315 -479 548 210 -1462 -2251 -383 -2027 -483 -585 827 710 2864 -834 677 93 761 921 75 1420 415
821 -1606 -229 173 -203 -502 1386 1190 -20 1345 -667 -126 459 1759 685 6 -475 -222 177 306 -414 -1479 -847 -674 -2071 674 755 -259 76 -640 -1017 1328 -412 330 694 -960 136 -420 1051 600 -800 98 890 -275 630 -478 -456 -2218 182 2088 -2301 -357 -2042 -1824 -808 -1460 -298 62 -366 148 -677 36
-528 989 2051 461 220 834 1298 -1632 1218 1157 1438 198 494 621 455 -42 698 1181 -102 -624 240 308 1665 1242 381 585 564 -1398 -2015 -2103 -724 1250 -148 -246 -663 -789 21 348 777 -1064 419 -1106 -599 542 266 -987 -1170 496 307 -1222 -226 361 -1104 1344 875 154 37 -342 -959 -46 214 -839
837 -69 587 363 497 258 -1190 -783 -856 661 240 436 71 -819 -1196 -346 216 689 -667 783 39 149 702 769 488 1406 -404 -892 -841 -150 1229 526 -1474 -68 -50 525 1350 48 810 -1146 689 -86 1133 -46 -1006 301 47 848 78 819 1181 1658 1812 169 941 -188 891 -264 -598 504 -2411 -1895
-262 40 281 84 -1051 -2128 -923 -1476 332 64 764 1 -708 -598 589 -59 -1379 238 185 -1309 -51 -1252 111 -59 -1725 -54 -1002 1011 -1092 -325 -481 1131 -758 749 149 919 947 723 -1068 570 1121 1524 -230 246 -149 928 256 415 -450 -244 1022 944 -1095 -937 -416 274 759 12 -386 617 1051 871
-387 939 -433 155 253 568 1511 2269 1108 1281 48 -776 -420 1152 804 -1625 -994 1066 -549 185 -132 -1471 500 -678 -196 -196 157 1317 -562 -128 886 -1118 -350 -81 466 381 -870 -542 1210 1615 213 -50 481 -239 -573 776 -1279 1287 -412 -537 -662 -1033 -664 -144 -2445 -560 -480 -188 683 476 1512 309
-480 -12 -2110 -1224 -78 1343 424 -529 1001 -419 -1407 -453 -1456 169 -2013 663 212 541 52 1 119 950 1334 446 -1222 334 -555 1238 610 346 -167 582 292 974 -622 -824 -720 504 541 948 -1292 -310 -214 -45 -1642 -324 -2280 127 -88 -2635 1040 425 751 836 825 1808 412 262 -941 -1414 -393 27
-255 271 -94 1376 1089 -860 -1076 -694 -523 -322 -601 1094 -1806 244 1154 271 38 -369 -1017 -2194 217 -306 -2384 -1350 1463 101 41 -592 56 -1078 -355 -790 100 -92 42 -736 -1328 -100 -261 -1772 -770 -222 1133 388 498 1294 172 335 36 14 605 1107 255 -9 494 -1741 -2124 -590 -689 -11 -95 7
163 954 1391 598 1057 895 511 -269 -773 -1419 -45 -720 1174 119 -1218 386 -87 552 -220 483 291 -1405 -1402 1244 597 923 -943 -1110 367 138 -1101 -1077 42 455 316 441 -137 688 313 -873 130 721 -766 -1544 861 758 832 251 781 -281 701 -1270 -411 -127 -649 95 989 912 -849 42 40 215
769 -356 -212 -726 64 -209 230 -884 22 -1474 324 1399 -70 192 1199 763 -60 118 237 495 -835 1123 308 51 -688 -298 -1717 688 924 346 1435 1088 -55 -693 2 273 -115 -82 343 -883 -3 -2730 -1051 53 85 143 213 -116 631 1177 928 396 -1083 -2574 415 -131 114 55 -554 1062 668 24
-333 -1912 336 -254 -1617 -491 -145 1033 799 226 1218 241 -579 -656 87 -321 230 793 577 216 1048 1203 426 566 -95 386 -698 1275 31 36 1536 1208 -558 -1706 -295 -598 -342 264 813 3191 -73 -207 470 -1783 -574 -711 -9 956 -604 135 71 -124 884 -160 -209 -280 -1074 997 516 -61 78 -826
-303 1227 1749 -515 -382 1050 228 -727 389 -764 -77 -55 -1258 -125 -32 -471 19 -877 -388 780 -696 394 -648 -119 -8 1357 -1149 740 -64 1004 98 -963 -935 -537 1123 950 34 70 -140 101 -480 -639 1499 -355 1354 -164 -16 260 140 -1783 -1588 243 304 -272 741 -1018 -237 214 -197 -1081 -200 498
-894 342 376 186 1574 187 -1213 -611 -293 -41 -1 -23 1370 -963 1032 1434 343 -626 30 -602 -632 -569 298 578 -353 -1018 -640 349 175 244 -376 452 2352 1148 1459 562 -1 -92 -594 -70 -676 -149 724 -401 -1478 -1408 554 214 -1220 -936 475 727 -898 -595 -679 1465 464 1342 -1843 -115 754 -93
913 -938 -559 -932 -170 -1030 -439 1231 601 826 1171 -370 255 675 2158 -856 -458 109 -58 30 -285 -1017 2343 278 -760 1231 1273 1379 -1384 -1228 -278 -353 -1278 -1079 463 -1004 -252 -272 -265 116 -724 -358 1029 106 -688 517 239 -83 -239 1047 -1145 -312 272 -1634 726 1395 328 -1116 -1072 493 278 467
