-192008 -247861 -360976 -441745 -114457 -120233 34876 -102366 -93403 -136277 -269254 -121045 -177036 -63705 254031 -56402 353772 -339488 375760 209888 -361356 -213348 124956 -505396 -30127 30956 38064 -69782 -85592 -214038 -185843 119191 499923 224803 -35386 -391843 -163173 91459 23411 -56354 466072 93702 -150690 384256 -150359 187687 -171315 96357 -22255 180473 -12053 -163744 62558 89373 20323 -243648 -170303 -40535 -53704 202825 -21650 132721
51230 132210 166491 85268 56197 246108 319083 -178709 -49303 294648 -146429 598064 88683 84391 86079 269437 -229563 -107115 30093 -277767 -346501 -216946 -35714 226858 -59580 428487 -136413 -204981 -382383 -221273 17386 -86758 -127212 -290962 -81947 -118830 98355 -51997 3352 121450 -218296 -62211 46151 -260962 -476653 -258617 -51569 -171487 -732996 214408 -109650 -307001 -44497 -22529 -391859 -134042 -109621 106907 -304627 223380 77952 136137
-287724 -136524 -55716 3744 -74798 137959 -292078 -557570 87639 176614 -122367 180934 -76471 -351663 -249649 -329036 112634 -36779 21962 305579 122588 -233357 -29279 -97707 96303 169018 74867 -104397 201966 375185 -13493 6511 -151365 46925 -146411 305412 -161389 -106968 272702 -113894 -219064 -144732 -158930 -14455 -140820 548159 -4601 108017 110336 150532 -217002 -7118 205999 236499 308919 -319710 334837 62431 43093 30753 -325140 21883
54472 5508 89867 -290294 -297170 -321745 41755 53758 64476 -95619 -375856 -162053 -92060 -333790 63832 26581 -45536 -108642 -130098 110173 83694 -185377 75668 -2340 -118572 -347913 209951 -52712 -75635 -229113 -146325 472716 180120 44023 -80693 55983 -129123 435081 307856 217644 -76921 221538 43701 -186956 285989 65210 -259674 90076 -285202 49624 -19754 151514 -14789 94417 -98941 332979 42477 -115689 150133 -18177 -9882 -210115
32927 -119768 -190141 10570 140061 383672 82289 174805 36938 -17483 -141109 194557 163314 382870 479577 -253961 -190827 200908 64039 -96666 -135650 145161 -45458 64980 -249903 -140282 -160177 -73619 -26530 410887 154967 -126560 -266532 51455 -139540 -98837 119494 -198150 -204574 117794 -133460 343834 -416850 107728 -596452 64723 82092 -18482 -36247 375863 71171 37413 226583 67457 67680 -194975 49127 339741 -44766 42274 -198942 -156547
120430 -47557 378551 487573 289255 111584 -70443 45062 -257854 -161699 302294 -5738 127272 120921 308984 -132456 318221 255045 -532044 -314373 209322 -153948 127773 -173932 -144493 186971 510948 160544 -40470 134034 17509 99324 52304 139401 390484 42734 44748 -49617 210880 -156163 -114300 -245552 -151415 214059 148648 371212 104730 -129280 43082 -190910 147978 -78201 -221829 -190791 -262408 171524 -69754 -315707 -365382 86069 70510 483547
13891 59925 316172 -277631 -89403 -20721 -99764 87446 2412 31209 -52862 -99911 -350474 -47317 -22244 -196081 157693 -248217 -102911 427329 -42993 -323449 -90832 79870 299077 122162 -129381 -138661 -124471 -81143 -143099 -102670 -19261 -347809 -467023 -386872 193250 344684 14018 256679 -238590 165509 326540 396975 6220 -231993 138123 52699 -141908 189061 64841 -253669 137596 35478 272416 37871 65311 313235 -239649 160598 124295 106068
5613 107099 104186 -154124 -271797 -154560 -412981 -144663 114677 81310 102001 -45423 166104 -54288 121667 -177501 -279824 63663 174128 348589 -51417 272641 207582 42597 -176561 -285989 -301647 -510760 -28820 -139837 -376056 -66167 -154406 -394737 287775 -32848 366722 -300537 78341 49460 -118475 310075 -87279 -433230 -303761 -573382 71878 124807 -5265 -44526 222822 -126095 64601 -445722 -100294 456364 -445 236746 309661 86497 -139658 -210218
489576 567519 82013 -538294 -75521 -23866 -341054 -94961 156143 489199 -134189 20292 -2697 -12228 138790 275452 -174560 175482 -221059 -249143 -149797 99502 11717 -103224 209988 -150442 52096 -88732 449254 35060 -447950 -338335 -42249 -234656 403066 -159941 210087 109789 127540 7899 59479 249585 -255393 265212 -15205 24233 -37193 -212413 300835 118532 493980 -403417 -309666 -196522 10839 -22175 -472644 144708 199792 -66907 -331368 -59485
234708 19882 -99355 549569 208348 204306 14768 -19075 88050 170855 -318836 1911 354541 127868 -288824 -266352 -61817 11603 -103738 -185203 -215860 148544 237356 593669 -36151 368755 -30073 -122889 142085 -82380 119130 146882 237574 300931 -35335 -56955 -168566 -1828 -279662 -111973 -195151 -130153 84227 -162806 -137755 213823 -98869 328687 204353 65483 -54117 -175089 354440 49876 -273177 69605 109889 394255 185756 -81938 -187996 -171246
-447308 -264648 137587 -9283 161078 -92070 -204162 -243031 -202024 -53946 144292 229371 -120223 -120448 -129588 66420 470672 273555 84639 10483 288184 4360 -127964 -260857 200216 2405 -338005 12898 120691 210763 61916 494455 253524 -167022 -60442 176557 -122114 -150770 -301875 -58667 -80756 -184712 -204470 343941 754916 -415836 454838 23924 -117338 -199796 -93744 24613 275581 128393 -454668 139439 -30482 55906 40772 257576 180360 158588
-408762 -191723 53498 -90772 -27688 -123542 194413 121303 54875 136239 388312 254235 163373 -72549 21995 200294 31247 -323570 -31629 219754 -25262 22688 -241157 -65180 -311312 -23469 80436 -14043 106391 -214294 164305 -39733 -162258 180818 -65273 -15906 168191 -4754 -270737 -67288 26448 72990 116876 106627 -38071 -364976 208159 -265236 -335317 -121248 90336 -182574 189826 346148 -49944 174422 -357934 175741 3747 60554 44959 -94455
-196691 125208 55280 -199578 -40353 108592 282582 -83025 124796 174235 79996 -200883 85044 -30733 -108556 -300419 -247963 -263627 -236333 59787 -220808 246989 5028 -38358 -179665 320060 348628 415351 104405 154703 -112637 55503 194186 109019 227554 -55915 -28720 -216040 29920 46882 264002 46490 -115606 -232322 424081 -102824 22860 73398 -10449 262001 -47030 82312 -16297 -80943 -142120 311272 51001 45014 -395200 -251438 -77096 38275
215574 395374 -160800 58040 -1813 12318 83165 40237 35032 -188337 -33124 -114057 347578 -186415 -114001 93124 48704 395841 275223 385237 373344 300022 164916 419383 250750 9315 -30744 59890 -223439 310891 195813 -17868 197769 71329 -75410 -9425 -26776 -285726 97969 75246 372260 -157229 201397 216290 229659 45464 306802 -494875 249715 -107787 127784 -54478 13331 86744 -73878 189559 -312983 284852 -72677 62741 126745 243210
53186 -663539 -276590 435030 137073 212786 -123 147333 -437091 34804 380702 -274605 -25896 359019 73055 6433 339905 409687 207020 -73659 82427 -187940 -62182 105960 -184015 -248775 -17369 69775 -289887 69428 -111607 -220870 42730 -274715 -276366 -56513 131895 35650 335397 378316 -255345 -219126 22850 26842 -272240 118810 -645802 -111486 -58684 -139200 -44085 -152443 160724 -28259 39582 -339231 241039 -27325 -94136 -29362 149482 -399816
-384451 -165197 7988 159371 -268971 30758 -238087 -42527 -153138 14497 -87188 -374959 62789 -352420 -79330 -4590 55949 110040 -42731 109664 367155 -96646 -63182 210416 -40866 188788 -144275 153253 -155718 191109 -107021 70766 177651 -46274 -14704 296822 40575 297810 -99932 -276401 -375059 79582 -97161 204409 29974 -57947 67517 47577 290369 190571 -8597 -180089 -373395 204587 -38417 -68523 283171 -77174 -160358 -262458 -144673 94517
141075 235954 259401 -12735 -45903 501489 -1471 70400 191110 27065 23413 -186133 22524 -96580 316230 57742 -157245 -159447 90735 -501519 89392 8282 99033 50128 276908 297518 210815 384020 -214065 -571280 -95586 -29651 -219675 198924 44597 -31636 -41142 -43234 37472 35015 -27522 260465 164238 -156790 -500846 141510 138321 29253 55835 53196 -111375 -257183 -109629 54776 -105816 -9535 390177 37440 -14129 263962 120577 -662
33509 -24853 3616 -70843 325335 -251139 -573621 -37111 188311 89449 -109991 -21612 54737 93105 -23079 -113860 288539 -287392 -296399 -388417 93916 -39295 -356134 -52000 264889 -286798 -244948 5581 -93916 -179635 12626 -447895 -125436 -101027 222859 15577 11072 32952 -313996 -173533 365247 247133 -36019 -190943 -339291 44079 184635 23356 -679 49893 -143998 215855 393591 -77368 204244 176191 -59760 139337 190315 -410359 -117892 100305
-332870 -129341 26412 -253724 -354513 -67779 193296 193332 -93780 -26488 -408175 -87705 198726 -320218 -305301 173712 43649 -236340 235572 -123828 -148908 -276362 -81550 -103143 -130142 3683 -146029 -168475 84535 -192797 118022 358402 -104114 -6777 155661 -294919 -46775 -301160 -516751 55850 59722 -394327 -117761 -116276 -50699 392877 -49922 231819 119945 -41444 -204821 146032 178877 -12514 -7943 -287137 -272969 151056 -257555 161 -212778 26886
-19018 156082 150970 -139757 268034 10675 133637 309971 91685 117675 147881 113343 -258802 -170239 13571 -80509 -67367 122469 226484 -149075 11818 246825 -114962 -336856 -4109 -212158 273133 -297053 111099 -49230 26093 -268331 96222 219676 147404 -367430 80821 245108 278387 673271 17061 -23334 39160 63 31141 70857 -179117 -23938 -203308 280300 -276273 -42451 -165348 -18010 -352375 -336921 -18057 68542 58753 -19879 218862 286024
-77683 -133902 -107532 299500 -54770 -69214 194308 24885 -367555 -142862 -159809 10975 28663 -116015 -115524 52976 102723 29839 398580 300055 -123714 -44459 -234323 259166 182425 124445 361750 24375 -36417 -42399 125126 356271 166853 72579 147158 158468 116076 6314 -30627 230072 57028 211358 216270 226348 484143 -223984 -245208 -225159 -569005 -204037 -143410 47840 13072 150616 83888 465170 -84659 118387 -37171 -10899 233694 25875
73624 -151100 157179 -57807 -270542 -118061 -277832 -221369 -632784 -465279 84016 43261 332885 166540 642525 238238 -332762 -174168 -168089 -222070 325950 170665 -266643 -45424 -152556 -491088 280706 -213663 -123046 181193 -30916 83238 -287816 198019 148005 -141010 -235114 -193731 -241779 -8941 -227754 57243 78213 86356 -350810 -336771 288413 -16966 -149190 -61317 416048 194533 703497 -33366 208737 -182851 -178053 144819 -166264 -60935 99431 -139748
-144974 140010 145811 248505 136891 64161 345541 -193390 53054 609052 274089 279554 212596 -52675 8453 24897 -220464 -31314 38074 114955 66313 -77688 326226 737210 -316945 -69030 -87452 26558 24780 -122056 -186628 -168564 257082 -364082 -49687 -336717 -218038 530064 97990 -317974 -100809 28715 -150617 -222964 344721 -85095 98447 120663 79696 273172 394842 157436 -233919 16274 -83548 3507 214470 29277 2912 -205952 219215 -520061
304949 -204204 -31644 -244769 27885 -66349 -88334 -8657 29285 118812 178021 -228403 -5223 -575224 -441055 -253712 151971 -84048 217572 -149466 -185791 103855 -65961 -106600 -130381 46360 57616 66851 81435 -156137 153320 31537 -97649 -13340 36067 -266607 280776 184722 -7251 95604 351880 -73672 -44224 -51447 320155 -305095 155867 -340035 201489 148899 -351636 -195756 -78060 -44299 -373361 151804 30310 229421 -51349 25402 143568 -260338
30226 -247705 -59765 -154522 19000 5740 119452 59563 -252756 245947 -28841 -216547 -46315 238267 253933 56399 121045 127665 70575 46120 71564 172334 211152 47442 -327420 102034 -128817 264691 228359 -47410 65425 -246876 482976 93865 -1564 2319 286770 -207301 -294575 -260689 -104268 -34931 63716 -400411 164622 -106645 459270 105054 278098 -36581 -473026 -412193 -235750 -40732 -748 74429 -311835 -249277 -122569 -185297 108107 17360
36392 -11670 531688 575808 -129829 -15910 -72835 1993 393490 -222199 -413717 -52011 293224 152010 -237963 -140010 1111 -673862 -125601 147915 160562 165438 -46930 -42606 105327 23044 169851 -10389 -185345 -87842 126502 -179157 -117715 -49575 -201778 218425 215880 49974 202173 1971 90817 110345 187587 -224485 7537 19931 265192 -164813 -384880 -136816 -88280 336776 120338 294665 53308 -207470 114643 -36597 -202550 -95239 -213983 78721
-67389 -27335 206901 15156 -320780 509442 -153996 370258 -103209 123506 112620 -25443 -40512 -437536 -231193 -320386 -152452 -225559 -152673 -129062 -193790 -298367 -9034 36884 -160015 273989 -325416 -546530 -247557 226661 -160412 -54348 -176136 127433 3717 460742 49876 -169368 138442 216532 -301018 -420168 -6159 -27454 180162 -145598 37651 165881 63838 212715 324083 -66328 129690 -168931 -31669 249762 459921 -208833 100391 56788 229018 -47533
238553 -164042 -122564 -216802 -700746 -108848 -282110 -269653 58435 123972 99423 17697 70594 -46786 396924 -236520 214742 219226 181566 84817 -67390 117836 -103706 -126757 -30574 -18502 237790 43256 70608 -262391 43393 171475 -32195 438710 138194 11813 -303252 -178066 -152505 225438 -394856 38433 296817 223619 -152061 -141480 -98861 63890 -477778 183270 -116542 78647 -333436 8659 -117105 -36565 -117398 220550 29847 114802 38095 206657
5931 -89144 188480 99059 -156240 232658 22577 101570 161775 -109266 -286855 110708 -17959 450676 169479 66574 -395283 198284 -46790 14248 264320 153859 189355 -25788 -123424 501516 303313 229636 -303606 -32064 -20440 77236 -56107 -191922 -14601 -150396 -214577 -111683 302611 185293 122088 276927 349514 -170380 16457 -19362 259914 67983 -148107 110866 -312119 105749 299637 -130686 445347 66399 -23365 -50463 -148561 -186408 -178980 -40673
-390087 51321 84318 -93213 173141 313733 482146 88435 51195 -315857 59358 202726 34554 -300091 -349173 -92476 40232 199455 -100930 -76287 71995 -249761 -144182 76867 -117328 56108 -413587 71957 -51784 99144 -410228 -13171 -72326 -190751 -33891 -111331 144422 34131 39085 18279 -107606 58268 -216583 102261 139618 105549 157604 216891 -35329 302217 130829 245254 168165 -111451 72750 91422 -58663 -310811 -21886 -60817 75512 243230
88691 72955 -243502 87728 23162 -204966 -254757 -485379 -229452 -230717 179424 532648 -96217 -90834 -426958 66894 -40199 183016 -245 -123009 204691 -19624 -24259 359181 -122333 125298 -310068 349766 276672 258594 135507 581927 236821 -205920 106235 -78952 244150 -239037 -126456 -26181 -341012 77590 -320071 -495763 88808 80823 -202890 41143 44009 -296663 299890 -100821 32891 -98191 138081 39688 102749 411482 43192 285290 -117361 196137
-154191 -462305 46386 17677 276793 -155777 -136591 -9932 48216 81724 -75196 -58691 55038 38118 216961 560533 230990 42905 -1334 122798 153276 28123 -34295 174664 -120193 -237040 -215123 -90318 -202404 -71655 -205710 -353011 -118206 137860 167099 67668 -94507 53170 -240131 248845 -48452 406217 -574423 64182 -43359 -226717 -334517 -388056 -276370 -299263 115623 -64563 -359619 -219060 -316218 180924 106548 61164 215958 58898 -121862 232658
-77632 417152 162418 164294 -91187 -136692 150768 75973 238190 -295547 -159507 -809734 -108066 -20824 186108 72941 -364213 367270 -293360 -187608 -132898 -256571 -194007 119296 -233230 -201598 -167612 214235 15576 -46281 -141922 -118037 184405 63430 -118291 58011 170597 87308 -283574 -308569 191257 -292066 -238232 23157 -53599 -94817 351987 209415 196094 -203845 -55012 -76011 -348427 52261 -126706 22180 -247599 -173800 119984 66494 -82120 -75047
117968 422412 71801 9373 -196037 81237 -208841 -138726 -138365 18577 255922 272436 150210 -401851 -77847 18534 -168417 444507 -61244 21472 147068 -30741 -116065 -379122 172828 -119715 113331 159215 -213078 9440 145713 304974 484080 460683 8463 113592 164193 160161 528 239946 -294391 -15164 245219 156276 269345 69264 370298 156212 24699 160249 -140292 100765 226695 485112 74629 -747 -89427 -372696 -178640 -366054 201791 -36107
126927 308342 -255953 432573 -7319 238705 236576 247379 122774 223343 274714 42748 33923 -52164 -129014 -30891 24712 173845 90631 -242383 22044 293762 -14848 30326 476951 -193980 117343 -84961 -358971 -193914 -28268 -130738 -209742 88246 -610267 161374 48568 215491 348039 -178176 15658 -110680 272159 -119664 244997 -151306 -85759 121877 -302684 -261394 -86043 16428 130058 79294 -435839 -26690 -23249 -282094 69490 -128535 -256062 181223
292735 -178489 -491369 153591 19288 -31234 -303604 51963 -19331 58384 65575 24221 13582 305953 345092 59968 -38231 -115507 -257581 -196307 114464 231343 -182033 313728 172456 -290237 231009 -134445 52878 -23804 103698 -75499 -86399 4296 -175709 153489 -351928 -204239 139738 248420 -16545 174692 426975 -165301 66696 -300483 298217 457549 -34092 164148 11299 7188 134598 -395903 -198918 -151113 71726 77702 188186 -148942 90835 -175985
-322673 22202 -100945 -211257 273482 -9122 9565 93283 -44426 271225 -270793 -172911 170086 117442 -162110 249214 163548 455338 238206 -117848 -385538 -394000 432134 -48644 -61853 -179936 261175 -11874 200622 -36464 72750 40951 138173 277075 52488 -124968 -124853 276292 -146699 -66525 75384 -423718 -430041 -661437 -62143 125190 309881 57443 212026 438359 -70065 111709 -471234 205829 -100696 426611 194316 111300 497390 291226 399293 210227
256207 -241762 -359104 175300 199822 295488 -187635 224037 -420415 -313063 -452520 -335410 -410737 166241 14654 -193701 129589 167384 -97469 -85476 -90199 128448 13947 -58224 15632 64552 8394 -70061 84776 161020 48920 -28490 -68145 285345 -285954 -117435 -302832 93863 -63101 -37008 -300583 -25130 -16470 10733 432037 -92182 -367559 54002 -187763 -300663 -195708 -13719 -169762 -7523 -4892 413693 114251 -12724 -21584 -70662 -389999 -3695
-58778 -222236 84729 -240561 336109 213292 -206284 -188824 300481 58777 -37282 479473 -37733 -123529 -141874 33179 -162207 -294323 -482892 -247118 78151 -137588 395103 -311001 308819 -285072 -200231 153820 94532 -244768 -57969 -61842 169290 -16897 -407847 -42942 81464 80156 -125398 345386 458112 502433 -167435 -101564 -43220 -125083 34278 83877 -337698 -85533 105428 451412 65091 79727 -280375 -110322 -326545 -314110 -54836 -230327 39046 143935
-9533 63538 291182 597990 204475 -344240 -341020 318677 481982 -170717 35871 176801 -246202 -52423 -17068 -151459 161376 78773 131019 117129 -187610 45968 110480 -232967 -188140 -454393 -150137 129071 118616 -169131 -121940 -102581 -166134 247494 86001 230783 107550 362907 79477 139408 -25742 -124097 -118589 -98012 220734 59053 -70789 -395853 -88697 37619 -396358 279207 -5011 -252375 203565 244854 73479 -356722 60220 113176 5256 -174655
68927 -265843 202019 -128490 -422429 218098 253017 221296 214000 68140 -306784 6091 60337 -55494 61023 -4493 -52513 98711 80715 277216 546592 -161248 -26511 -155106 191955 419146 -179942 68868 -408691 -290885 235252 51863 394448 201367 -236817 -157333 69600 89407 -25335 -192096 61954 151434 359372 82590 98159 232455 -422654 247257 218062 182700 7569 226082 -48212 -392837 196181 83810 234721 430297 -79501 -458993 -378404 -327646
7752 -248516 -245847 -503594 117727 -2815 18145 -139798 -188597 -153926 -117630 -340324 -61285 31186 187569 -174075 96410 -213503 -114745 143840 33355 -33142 6281 169527 359419 -98424 -220632 -274620 -95197 443029 290068 -335590 179943 -166860 -29980 53140 155794 -270579 -278937 45133 187758 -131867 157486 -235774 -286708 -53693 -56038 -170743 -99732 -139840 39292 30143 102246 -301439 -146976 -38662 415386 303479 128567 184431 74169 -165347
-102147 -168971 202832 645874 -61569 27307 92742 -249017 -315315 42562 -112641 268836 513986 114752 123492 -195477 -27363 -92948 317874 -115216 44215 -73906 -168516 305009 -124049 109393 121151 181292 272948 131393 -320418 133310 41151 -78731 200477 498778 281104 -230575 105284 154534 -333956 -281343 -103537 12656 270177 307853 -343941 -55740 -214511 -27545 -120950 -52490 385738 146384 255196 -50755 -207348 -9271 -18641 151878 167936 555
-129536 -135632 188763 -97903 131504 -222624 -207056 52671 -69289 291308 -2519 227128 334958 242534 515057 224799 338087 -456590 140726 -228951 -407168 14615 103226 159416 -81269 -383744 -102271 168814 -41388 -282331 -55288 -198587 223112 215714 -66944 -368593 -613506 -210372 378310 -2689 114320 4218 81395 66360 50979 -78549 9704 23863 290250 -134811 151705 -14725 -128869 88002 44878 -203807 -190319 -297299 -370432 53357 -145904 445104
57370 -5636 -196539 46801 -356437 -138992 8030 180784 135942 205151 -308317 -201111 -7224 -44247 207270 65510 -34433 -209211 166839 -307223 361808 313191 -48680 -54391 -216819 173348 214256 -168191 -254015 47524 -88392 231988 175726 3075 -353513 72760 8554 114992 -17918 -146126 -149752 366186 322172 -133538 -506352 -20822 14711 -15739 -103637 421184 371113 -241135 -119080 -203735 84378 234331 40656 222602 49147 -97680 -69778 331605
209130 -64984 35535 -118083 -48173 -82006 -137041 -85898 -190171 -136420 -325964 -331352 -189515 -300750 -334777 -270439 76003 -44887 493030 242862 -8174 134867 -106521 -5105 350259 -49433 -30233 -41141 168577 124341 137901 260464 -8518 -219616 271413 312042 352704 -174543 -29693 10571 13609 122276 21875 -83371 176320 110300 49568 86538 61078 -260448 -64901 -400168 -139642 -121560 168860 -188572 -75721 329693 -195316 275078 -26554 -270321
269458 153631 -108351 376794 99231 244936 27146 -169744 98366 534831 -140366 -8724 96721 -119619 263216 32583 -80640 -15471 96081 -239656 151304 -235423 -148391 268186 -170409 248715 72570 39693 91889 73916 -511304 -84420 -93300 -2565 -27714 28637 -163574 226042 294240 -97536 -104543 -234657 -164611 54836 333378 672356 293184 120047 131753 5670 -166875 -107376 -92741 248748 -112967 33352 -209762 -100672 -82895 10979 -308450 -38009
59416 -181661 148335 90226 291552 325997 -106024 230328 97229 70721 -420244 224341 -44605 60635 -77072 -98841 426234 8315 -148302 -54157 -76334 -82719 175093 165097 68595 -69317 -177733 71342 137926 237664 -399234 131891 -313075 -247472 -48500 -357921 -132248 -203945 -349081 3255 144003 -36247 -364179 -60127 305867 131866 -164604 405174 30919 124816 -111237 204480 240587 156583 290706 303752 23496 -191147 10429 -31795 43624 204856
79390 139510 -418355 -109330 -124837 -296986 253202 -129888 -158591 -512908 -68036 -94964 66363 -89480 -9538 -166147 -347816 -12405 -25654 308652 112054 142932 -124670 -37024 -86908 183121 141555 -96680 225842 474423 42932 7797 201672 -102293 223863 145653 3713 -93379 -37690 -147643 160152 -78212 -120721 142541 56314 -372078 -574021 -95475 -516562 -121077 -147734 213899 183842 735675 -210866 175976 26254 196484 237343 21122 365764 108851
212560 -409217 -56741 46830 -49762 -126763 357103 307108 -2793 346617 -168702 -30580 119913 452750 177229 3590 -119430 -54192 47292 80529 -104191 -376376 -214709 -170017 -527802 175080 195449 -64249 21483 -161853 -258413 342194 -103499 86333 179714 -242950 36614 -105359 271032 155781 -202821 27341 229982 -67986 163383 -120050 -114244 -565653 48933 536825 -587450 -88830 -520443 -464552 -204341 -371981 -74067 17732 -91860 39769 -170421 11952
-132685 255537 527323 120897 58697 215958 334475 -415213 314150 299109 370685 52912 128926 161560 118992 -8773 180549 304786 -24466 -157538 63126 81110 428594 320310 99980 152318 146742 -355556 -513797 -535599 -183414 322303 -35647 -60743 -167383 -199498 7803 91447 201172 -270135 108799 -281003 -151290 141032 70174 -250844 -297254 129136 80719 -310186 -55435 94568 -280506 346085 226425 41382 12173 -85223 -243155 -9457 56886 -211901
216689 -15028 153169 95362 129201 68268 -302399 -198134 -216803 171608 63927 113670 20317 -207546 -304205 -86354 57683 178592 -169034 202383 11905 40152 181787 198769 127120 361715 -101043 -226085 -212781 -36817 316663 137231 -374497 -15165 -10488 136613 347689 14160 209682 -291303 178516 -20105 292556 -9546 -255095 78868 13873 219603 21743 212256 304732 427083 466246 45923 243766 -45726 230499 -65231 -150467 131614 -614633 -482862
-64395 13005 74712 23582 -266778 -542448 -233729 -375990 87617 18564 198313 2595 -178925 -150665 152824 -12699 -351017 63104 49104 -333229 -10774 -318190 30939 -12926 -439547 -11580 -254414 261763 -276772 -80751 -120888 292021 -191036 194265 40389 237917 244666 187254 -271739 148116 288996 392280 -57150 64929 -36108 239968 67374 108755 -112140 -59743 264141 243764 -277654 -237178 -103978 72638 196732 5241 -96757 160365 270704 225275
-96923 242691 -108545 41821 67187 148034 388875 583481 285350 330656 14492 -195996 -105180 296905 208239 -413863 -252571 275311 -138703 49223 -32036 -374348 130325 -171590 -47631 -47818 42618 339420 -141296 -30309 229297 -283537 -86913 -18654 121652 99995 -220956 -136600 312018 415641 56487 -10644 125749 -59046 -144453 201042 -325244 331585 -103135 -135094 -167178 -262206 -166836 -34686 -623398 -141136 -120640 -45354 177085 124378 389296 81238
-120467 -370 -538134 -310949 -17451 346027 110939 -132808 258486 -104977 -358005 -113085 -370535 45355 -512652 171972 56589 140903 15766 2606 33124 245633 343607 116011 -310826 87189 -140043 319505 158243 90654 -40138 151178 77492 251309 -156985 -209119 -181867 131344 140942 245651 -328288 -77160 -51843 -9024 -418301 -80320 -580916 35419 -19778 -671915 269418 110715 194734 216363 213491 464866 107471 69193 -238695 -360279 -99102 8914
-62672 72293 -21965 354792 281127 -218297 -273513 -175242 -131433 -80729 -151340 282608 -459955 64428 298405 71669 12199 -92500 -257927 -559361 57658 -75389 -607709 -343487 376857 27514 13158 -149242 16287 -273513 -88646 -200582 28024 -21001 13253 -185747 -337269 -23713 -64645 -451191 -194547 -54358 292915 102270 130308 333160 46508 87883 11567 5900 156955 285812 67763 521 129132 -443557 -541129 -148313 -174285 -930 -21799 3497
43922 246872 358474 155498 273164 231125 132779 -66910 -195768 -360616 -8852 -181443 302676 32990 -309311 101513 -19605 144266 -53649 126380 76849 -357131 -356654 320687 155124 237962 -239473 -282120 95995 37184 -279601 -273201 13279 119073 82721 114918 -32589 178672 82562 -221428 35311 186663 -193514 -392862 222720 196171 215816 66269 202037 -69973 181792 -322848 -102716 -30299 -163638 26493 255553 235833 -215087 12285 12187 57477
198862 -88961 -52297 -184451 18974 -51387 61065 -224045 8442 -375386 84632 360294 -15627 51233 309210 197237 -13022 32796 63288 129635 -211318 289359 80964 15528 -173828 -74211 -437345 178117 238406 90755 369340 280576 -12004 -174776 2656 72150 -27633 -19386 90308 -223951 1444 -696425 -266359 16107 24095 38569 56411 -27622 164030 303361 240590 103216 -275220 -656769 108439 -31180 31626 16571 -139101 274023 173340 8235
-82992 -487041 88131 -63320 -410929 -123588 -35172 266993 206595 59863 314111 64424 -145358 -165759 24680 -80061 61046 205631 150092 57474 270784 310343 111085 146918 -22264 100832 -176504 328664 10379 11569 395119 311172 -140647 -434444 -73115 -150982 -85171 69342 210716 819308 -16524 -50717 123054 -454071 -144449 -179966 -494 246820 -151986 37094 20933 -29879 228577 -39239 -50348 -69117 -272206 257304 134606 -13408 22508 -208915
-75631 316109 450044 -130009 -95248 271411 60145 -184086 101995 -193455 -17478 -11536 -319398 -29809 -5453 -117984 7341 -221938 -96952 202328 -175653 103199 -163866 -28447 253 350067 -291841 191278 -13907 259742 27187 -244559 -237208 -134653 290408 245611 10849 19888 -33532 28224 -120525 -161191 386030 -88925 348734 -39996 -2080 68620 38211 -454286 -404349 64501 80231 -67359 192543 -258754 -58594 57633 -47472 -274620 -48984 129638
-226682 89988 99015 50449 405344 50164 -307953 -153952 -72408 -8206 1698 -3829 352950 -244131 266827 369862 90441 -157600 9553 -152187 -159210 -142968 78639 150374 -87852 -258263 -161758 91591 46745 64647 -94188 117863 604344 295967 375622 146667 2395 -20897 -149420 -15709 -170327 -35639 187424 -100354 -376274 -358058 143754 57071 -310840 -237802 124157 188573 -227628 -149771 -171220 376805 121119 345947 -469714 -27180 194411 -21649
235873 -238185 -140827 -235939 -41278 -261549 -109900 317686 155977 213632 301719 -92042 67451 175461 554882 -217094 -115020 30191 -12769 9682 -70852 -257840 601916 73287 -192355 317080 327833 355908 -351786 -311731 -68958 -88480 -324745 -274093 120176 -254636 -61820 -67560 -65432 32123 -182999 -89152 265452 29565 -174133 135092 63564 -19055 -59130 270348 -291252 -77466 72128 -416149 187357 358454 85385 -283632 -272929 127931 73295 121980
