232 236 232 9 85 6 237 108 4 195 194 125 115 45 215 47 181 104 192 248 122 205 224 162 21 242 233 120 93 24 229 242 255 123 250 156 69 191 73 22 110 115 197 137 190 46 12 41 192 234 234 99 155 80 201 46 224 182 190 196 176 135 83 212 94 200 198 118 84 117 24 198 239 127 103 41 130 53 255 214 81 0 207 20 202 110 41 79 247 238 106 114 109 2 136 75 224 245 236 204 19 86 173 253 187 144 192 202 231 181 7 226 223 199 6 66 8 30 208 103 183 89 188 232 190 170 141 168
57 1 40 149 92 211 28 35 194 241 1 187 12 93 15 116 3 209 49 62 76 76 141 203 18 70 118 223 74 126 17 48 160 132 169 224 11 151 117 41 245 40 69 50 157 21 120 55 242 100 191 64 206 36 162 136 100 139 196 111 216 62 25 2 11 237 134 148 169 10 2 175 249 14 101 67 242 154 8 235 167 30 133 192 56 10 55 119 86 175 164 131 10 82 213 199 120 82 42 251 143 186 223 147 117 102 203 221 191 41 21 30 131 172 69 98 76 177 224 47 39 73 145 164 226 165 124 66
108 197 95 117 130 227 240 41 163 154 102 62 87 63 183 90 147 58 207 235 51 239 188 167 92 80 61 142 94 146 245 131 187 243 113 30 109 142 27 165 116 62 73 27 130 89 57 240 205 234 82 138 125 9 63 234 164 61 72 138 38 122 136 124 95 50 8 4 39 61 69 195 62 229 220 80 148 199 5 156 64 145 143 79 48 230 155 159 223 65 121 244 58 149 128 32 115 154 30 40 45 243 170 144 50 53 150 126 218 152 48 97 177 245 140 12 194 225 70 181 189 203 245 112 211 140 68 155
73 67 139 101 13 224 205 196 85 13 118 98 69 82 68 73 200 223 169 69 45 17 143 34 211 11 173 70 132 74 206 199 55 168 201 234 12 41 127 97 93 250 101 163 144 240 62 176 255 223 65 9 5 71 198 37 146 218 48 204 125 155 138 144 155 223 237 133 34 185 123 227 227 134 100 169 141 125 239 68 20 98 230 75 28 131 177 215 49 193 233 152 118 147 47 182 41 40 89 5 186 67 229 134 84 107 99 30 57 213 143 137 154 66 14 179 210 244 128 231 15 99 26 239 251 208 96 238
84 104 46 93 52 242 6 15 121 106 118 220 205 58 154 123 92 162 194 242 31 79 182 239 241 237 114 241 234 155 186 126 91 173 207 12 92 22 119 199 204 23 29 119 100 191 5 186 147 48 37 127 116 45 96 122 70 134 128 30 79 167 4 158 187 176 222 164 187 209 197 247 47 182 125 225 180 19 152 199 46 188 179 177 116 217 103 244 114 193 13 64 126 139 174 2 67 135 103 24 108 217 152 176 193 204 168 226 148 29 12 130 179 67 231 64 143 193 0 35 150 96 171 49 77 29 188 191
28 218 168 169 57 79 255 91 25 96 208 109 240 94 244 173 150 65 16 89 33 190 172 8 92 139 128 220 218 223 89 189 238 13 104 145 154 179 239 170 231 15 176 169 139 110 249 254 14 59 203 94 189 34 203 107 127 93 170 28 133 25 106 85 40 27 135 100 243 239 121 137 148 183 115 134 161 232 75 145 66 131 151 46 17 185 163 193 106 151 145 98 212 128 111 131 254 162 77 95 72 15 11 186 47 187 35 229 216 235 148 108 99 26 191 165 88 208 114 143 179 83 41 77 103 76 11 140
103 248 102 116 112 141 46 83 204 115 114 60 22 105 223 59 23 178 163 199 84 209 3 85 134 117 255 241 201 211 2 33 144 98 93 12 234 199 39 219 77 65 51 1 207 225 180 188 61 200 162 20 98 93 118 115 35 22 89 255 201 87 50 2 191 233 40 255 190 85 146 168 124 255 222 247 40 70 84 74 132 66 87 203 208 209 115 33 156 14 82 250 209 104 94 89 198 72 190 252 245 138 232 177 205 58 174 68 145 13 2 128 153 142 131 204 41 167 45 15 108 61 52 204 92 33 211 174
70 172 93 145 10 186 163 224 238 28 49 13 85 187 129 243 85 33 76 12 176 154 170 36 22 167 123 25 119 18 93 100 19 167 92 125 143 166 113 242 237 184 91 74 150 211 110 170 101 103 91 131 173 205 18 65 137 57 80 64 167 71 222 216 206 180 22 72 229 199 51 152 201 4 232 8 114 191 155 211 149 156 52 225 50 104 113 245 66 152 134 20 12 126 112 20 116 170 101 91 208 137 17 23 138 180 229 1 121 143 184 113 138 68 205 166 99 201 175 52 53 103 75 26 16 184 169 7
212 202 99 67 205 181 174 88 75 206 150 135 98 86 47 187 133 95 154 228 160 238 71 85 194 245 223 159 30 97 79 0 237 209 109 45 82 196 165 212 103 120 52 44 72 80 219 141 232 250 138 147 78 76 183 144 247 20 93 230 237 204 135 245 201 158 33 227 7 18 184 80 117 124 207 126 76 233 21 85 175 246 181 42 201 88 4 229 71 201 205 124 217 34 140 141 236 136 22 200 230 97 178 229 48 249 179 22 188 82 25 156 73 192 59 64 49 159 219 102 45 130 70 92 104 206 148 251
174 219 226 131 2 253 177 111 152 183 55 141 71 86 25 22 5 151 81 123 117 78 79 60 190 15 231 154 127 184 248 148 162 111 157 185 62 80 192 219 72 48 60 19 95 97 193 108 64 46 114 185 175 249 201 144 238 73 222 43 86 204 143 174 118 195 225 131 168 40 48 72 135 55 254 245 186 212 221 103 101 84 195 42 98 218 29 89 132 28 157 136 85 205 77 34 94 3 1 141 222 77 108 58 71 193 188 61 44 220 157 103 48 51 22 80 214 30 14 252 147 92 78 213 214 21 39 97
204 205 162 8 4 101 76 187 55 12 54 126 113 85 145 182 150 138 20 75 204 184 254 120 147 64 12 144 48 20 117 120 102 214 5 4 71 59 181 40 3 149 45 23 25 124 50 207 123 10 138 28 110 108 103 139 148 34 109 141 64 150 37 76 121 217 206 100 33 51 244 140 207 69 144 119 221 108 192 71 37 223 87 11 53 32 243 78 89 171 171 126 102 45 147 121 33 48 14 105 94 200 186 58 139 222 185 161 254 92 242 61 72 169 64 73 44 93 61 107 176 193 137 79 147 136 25 88
92 178 80 104 13 234 88 237 233 108 22 116 33 100 104 54 238 56 146 173 244 140 1 103 94 20 215 75 42 195 143 121 59 9 141 187 162 50 243 91 110 37 195 207 170 9 42 10 91 111 242 121 92 44 249 97 211 228 98 50 88 128 231 100 96 115 36 221 106 30 14 129 138 198 162 73 207 147 249 147 45 49 12 73 144 29 124 211 158 148 54 175 7 20 234 232 165 167 82 27 110 162 106 48 227 5 3 59 176 42 79 35 186 157 237 251 128 166 188 250 161 196 235 221 51 31 7 249
51 44 133 122 232 12 35 252 135 49 154 63 205 27 138 233 22 50 116 158 121 57 47 210 45 149 181 146 102 168 13 155 142 40 80 196 143 133 146 225 21 117 33 103 93 71 47 67 50 12 131 14 126 106 160 176 163 128 144 68 76 176 109 143 11 131 126 7 250 129 163 48 30 188 220 37 113 10 77 227 160 87 243 160 111 120 105 74 32 66 215 142 246 249 38 165 247 161 227 123 226 129 94 80 177 60 146 67 34 174 243 74 202 246 180 5 46 123 141 118 213 66 51 202 248 44 31 70
96 199 151 95 152 62 19 145 105 39 25 79 195 241 167 23 108 60 68 18 160 211 13 233 112 60 190 179 35 255 70 49 247 120 95 202 94 188 47 234 76 24 107 150 16 34 83 22 255 239 225 84 192 50 225 119 189 138 25 240 95 133 193 235 197 112 208 47 196 129 202 42 108 19 223 138 155 27 243 252 17 165 93 178 35 157 64 189 163 221 213 142 51 188 123 93 114 137 228 16 0 236 7 175 158 252 173 83 66 131 160 178 235 210 150 17 197 196 52 206 2 113 187 77 134 218 216 74
97 157 231 146 232 105 112 10 93 17 225 159 18 54 71 82 107 34 122 214 112 165 29 31 63 169 142 101 169 187 20 112 193 144 239 248 21 252 245 55 168 10 113 97 180 219 249 84 205 238 95 204 124 10 252 146 46 110 59 31 222 237 126 223 196 181 170 24 200 15 217 229 85 116 142 235 17 197 245 190 40 228 91 35 113 239 213 212 59 18 230 254 249 41 74 223 177 213 254 157 36 120 178 153 184 67 28 178 235 119 108 143 69 243 112 161 185 56 15 114 140 237 178 107 211 67 155 78
162 162 251 182 169 41 13 173 146 191 193 107 54 198 22 191 123 247 185 240 3 254 129 60 248 191 96 216 210 34 143 104 146 60 130 207 193 226 226 7 206 128 129 169 191 91 11 15 2 176 234 50 151 9 72 110 2 69 82 234 84 157 140 187 90 29 233 191 122 100 118 200 91 155 171 135 161 46 86 12 175 178 7 182 5 86 25 184 237 130 154 19 34 227 34 182 166 193 52 80 116 102 254 207 246 33 137 203 13 140 127 117 65 59 28 240 155 222 146 172 66 115 71 162 254 187 105 205
208 145 6 246 184 213 176 137 99 204 118 56 34 161 5 27 217 116 82 132 156 104 58 123 44 56 126 52 229 175 144 71 255 195 188 163 252 68 118 109 52 159 115 109 206 124 151 199 28 38 10 122 218 222 70 199 148 118 138 162 246 178 166 202 192 57 170 28 215 212 249 72 57 81 180 150 211 61 53 224 61 76 203 147 85 41 120 153 34 144 26 16 194 180 150 62 152 217 25 121 118 130 135 31 44 160 81 221 236 250 83 104 6 97 124 109 192 223 16 178 217 81 208 250 186 240 1 29
218 47 243 164 41 220 179 200 109 251 204 78 100 42 46 16 1 11 253 164 46 84 248 168 60 83 178 236 232 191 178 247 224 124 166 99 82 3 109 42 95 156 92 121 158 8 176 160 183 175 147 110 63 80 177 76 10 129 152 9 35 199 12 142 167 93 185 247 160 187 96 176 22 90 24 174 19 91 96 19 103 138 160 24 249 235 61 186 112 90 160 214 54 211 38 139 83 230 159 209 86 29 19 47 12 125 196 74 246 40 184 112 186 36 153 95 194 140 238 217 251 89 198 240 225 217 86 225
36 172 129 177 232 249 230 142 247 213 33 191 181 153 71 2 206 243 124 121 238 178 169 240 105 58 63 244 2 102 253 68 36 192 111 251 230 51 172 55 118 33 207 99 73 115 65 102 202 129 136 153 81 131 245 52 121 9 52 157 34 105 75 62 189 99 144 217 57 16 157 203 93 175 114 178 152 55 188 87 13 216 18 161 169 86 92 17 3 82 131 255 158 54 56 190 243 144 126 241 45 163 145 166 136 42 122 54 75 110 4 251 62 32 193 10 117 150 237 27 7 135 2 20 64 113 92 21
253 48 110 243 223 93 127 149 194 22 146 73 186 248 182 148 207 242 135 8 203 176 23 168 220 17 37 33 42 94 40 185 116 79 155 249 96 60 49 38 25 224 214 221 2 197 29 14 43 161 190 123 170 32 57 245 235 29 113 42 9 199 9 225 30 109 195 178 62 213 160 208 96 47 84 209 63 205 5 227 32 202 8 38 67 57 210 24 104 19 2 205 66 39 17 96 132 213 26 174 242 213 25 238 217 105 83 101 119 174 7 201 187 100 178 10 137 11 223 98 79 188 215 231 253 207 192 33
223 171 192 119 126 133 191 10 78 133 246 94 134 18 203 202 39 250 229 245 146 122 185 134 55 245 197 144 208 63 31 16 28 160 144 197 253 233 179 155 248 100 103 127 32 105 8 57 2 140 200 152 57 56 121 243 116 126 114 187 234 105 160 142 176 156 221 1 177 136 113 10 116 24 31 199 110 92 210 17 211 69 158 140 107 169 89 17 186 183 21 232 186 49 96 237 101 158 167 127 220 149 205 31 153 18 26 126 71 22 63 37 126 253 145 103 53 32 254 61 173 35 247 122 188 143 208 0
37 31 20 44 22 94 70 98 90 92 139 45 164 239 182 73 168 39 42 22 61 172 170 222 0 114 178 98 225 30 194 211 129 154 184 122 113 56 17 45 200 164 252 101 128 190 228 42 147 214 155 184 193 170 54 123 247 67 139 121 205 81 136 203 156 164 50 229 126 185 188 41 1 156 206 247 142 4 104 239 83 75 100 80 252 42 13 65 130 116 52 32 8 34 243 247 206 78 117 93 52 129 184 96 79 50 143 157 129 122 54 127 24 238 160 225 195 5 74 244 244 104 153 118 97 80 180 253
79 122 123 37 142 63 57 204 4 150 146 26 24 61 159 200 11 188 233 58 100 21 158 238 65 27 41 71 144 104 129 25 30 58 156 84 22 74 246 7 169 214 159 62 188 205 200 175 171 251 173 245 250 181 226 84 20 94 85 67 160 60 246 249 232 68 0 51 63 248 120 189 181 123 18 254 46 210 116 216 32 140 15 183 195 100 246 84 185 246 38 240 240 46 21 222 153 125 171 129 129 60 221 178 187 38 73 224 148 124 181 130 202 75 57 224 76 19 222 136 117 146 102 58 105 144 172 155
137 217 49 100 111 7 191 169 85 162 135 65 130 232 231 123 42 220 203 210 64 164 164 226 174 26 150 72 118 180 141 111 54 78 128 10 38 223 210 211 133 82 17 143 172 225 42 155 230 127 184 66 247 255 134 80 176 98 128 97 26 100 46 188 180 34 52 218 165 26 120 154 99 48 218 103 93 223 94 196 2 151 121 182 247 14 113 104 19 108 21 104 105 177 218 187 88 138 241 137 55 188 217 230 193 144 14 208 41 34 2 215 35 99 139 148 134 191 214 85 172 175 249 189 31 70 168 238
48 46 55 97 66 197 2 198 26 121 189 3 124 193 84 226 6 237 97 51 208 130 213 146 209 24 240 104 122 139 168 165 30 113 71 183 105 27 117 49 24 54 160 244 189 37 103 166 233 73 192 189 174 65 100 60 155 191 141 142 136 210 37 74 124 92 113 106 40 18 251 22 25 158 144 4 74 82 97 150 67 2 9 215 148 188 40 232 166 83 134 147 13 223 98 153 197 221 5 149 84 117 119 159 66 55 241 75 225 192 58 56 58 139 189 145 19 41 206 56 47 221 176 110 35 174 93 246
196 209 125 191 65 250 144 40 173 50 208 223 231 192 55 134 9 15 199 124 214 196 244 240 114 118 155 52 141 93 202 26 174 172 47 234 203 80 18 113 79 102 71 91 30 131 22 18 138 231 1 158 232 155 234 216 245 175 83 154 206 140 11 252 138 174 228 50 139 7 64 213 155 225 211 216 48 83 215 161 60 93 205 172 219 47 19 120 240 175 125 56 244 141 46 164 142 140 106 182 8 253 22 114 107 137 173 203 191 222 214 156 175 241 34 202 120 104 37 250 245 206 18 255 13 138 36 121
138 45 42 106 72 84 99 60 46 4 71 49 62 79 42 102 174 137 79 27 230 95 44 244 203 47 9 13 37 218 50 98 63 32 191 61 240 230 72 230 31 214 59 238 221 85 88 243 154 18 180 131 91 95 115 82 56 148 45 171 64 202 186 118 175 148 24 4 93 70 10 190 94 119 244 224 196 80 198 48 72 24 18 246 26 134 138 108 180 90 123 9 88 151 145 78 17 172 243 228 51 59 204 71 83 121 236 253 117 118 153 178 162 126 144 205 108 244 66 56 182 82 218 254 109 58 4 235
182 31 176 221 20 59 115 171 39 18 51 246 19 169 28 98 102 245 148 116 16 53 179 34 215 202 191 28 246 162 139 190 93 20 88 144 59 246 133 126 127 47 95 17 155 252 193 131 145 93 80 195 81 2 220 196 125 148 106 104 93 54 31 131 173 180 56 226 210 10 13 57 52 143 82 12 208 102 78 119 196 86 104 143 117 180 169 143 237 72 97 172 13 76 128 83 55 117 190 97 36 97 40 218 134 179 239 245 101 12 78 228 181 167 242 201 155 150 29 155 197 221 80 197 194 134 76 84
20 164 243 150 140 127 121 55 7 167 125 172 140 71 31 111 38 129 175 45 20 125 217 225 45 123 242 5 190 179 162 153 20 235 134 118 191 165 152 150 112 23 241 57 129 229 238 159 79 1 228 105 41 101 225 115 30 73 120 205 59 200 86 174 170 86 76 88 135 181 9 182 248 115 74 252 250 93 2 179 40 108 167 33 241 76 251 51 133 196 54 17 129 192 45 250 95 90 42 88 13 78 13 242 133 47 243 248 184 205 64 106 56 182 81 168 142 9 82 44 89 82 58 90 51 132 214 125
89 38 167 9 23 135 8 174 51 23 68 229 19 95 154 171 22 105 157 225 77 92 71 64 71 146 129 129 118 233 227 175 57 45 50 50 28 157 85 14 163 219 169 150 253 68 247 13 97 197 208 81 219 56 199 145 83 153 166 74 176 17 93 81 166 228 88 121 243 125 99 247 99 41 67 124 168 29 207 209 176 208 45 67 253 35 82 172 14 111 131 67 18 244 182 197 108 6 105 133 232 239 116 53 245 84 162 79 112 123 189 230 68 214 224 254 164 238 186 160 174 190 132 92 119 173 10 182
149 2 120 240 208 165 217 150 203 53 219 82 21 194 67 245 117 146 110 168 202 87 246 12 95 140 114 16 59 24 158 138 105 129 235 148 53 145 126 169 122 38 90 50 45 97 241 244 137 246 134 185 69 208 224 187 100 197 189 161 186 157 238 6 7 171 133 162 180 120 91 14 36 151 218 53 64 254 75 108 218 231 214 89 85 157 150 129 0 110 109 118 56 90 108 47 188 181 167 173 5 37 229 250 239 228 133 184 53 167 109 12 37 30 107 84 71 2 181 192 219 73 164 101 142 186 91 28
9 207 95 16 109 99 217 162 61 181 17 165 170 142 175 4 230 101 210 227 10 199 18 154 206 187 167 51 183 95 69 92 228 249 107 131 155 51 114 217 204 169 179 3 138 248 187 240 52 234 174 110 184 39 197 69 234 172 196 192 17 222 78 1 209 125 239 189 177 23 128 122 234 205 106 191 141 196 15 149 42 214 83 148 217 36 167 159 244 195 21 116 92 173 36 9 202 99 46 21 49 38 148 124 164 197 221 92 76 145 152 245 21 20 55 117 63 190 88 108 6 248 123 116 132 128 164 176
198 48 23 131 60 87 52 252 181 73 19 189 129 68 91 180 167 149 157 38 140 251 250 70 177 4 156 27 194 90 84 31 73 44 182 67 147 157 94 129 53 168 27 195 10 175 148 197 183 139 231 197 207 36 195 80 130 196 202 36 216 32 125 64 147 5 5 20 165 232 138 254 44 202 225 168 53 151 173 31 56 15 55 118 0 46 30 86 152 93 173 12 105 195 253 206 114 135 111 1 131 42 204 195 97 103 153 255 86 190 147 72 88 36 19 111 12 188 232 165 96 118 49 198 106 166 90 1
160 107 39 236 149 70 47 66 128 161 144 237 199 191 129 47 69 78 67 101 126 39 205 192 111 92 3 76 171 225 116 180 43 51 164 186 154 47 126 7 123 67 57 154 195 161 179 135 99 208 197 36 195 184 99 243 97 212 179 105 123 187 1 222 59 96 90 125 2 34 124 218 22 234 186 223 20 62 117 202 140 239 236 71 156 210 186 229 112 32 184 121 115 215 64 73 180 115 128 102 237 200 117 39 120 122 127 119 245 102 145 91 173 38 32 41 69 27 18 69 20 171 98 249 60 36 1 238
83 225 44 224 231 56 83 243 235 56 91 217 88 197 202 197 59 57 68 4 82 241 41 144 198 90 73 195 37 122 226 167 163 219 255 151 237 217 63 143 175 96 183 186 211 91 222 137 235 245 104 185 28 164 2 232 230 243 46 2 131 139 169 71 37 38 96 208 149 4 130 146 124 169 31 50 54 166 233 229 20 82 234 63 235 15 106 15 126 230 252 19 80 165 251 85 204 216 87 18 18 252 34 69 209 31 193 111 25 170 69 69 150 93 105 82 230 193 141 4 17 1 219 96 223 178 180 80
183 75 201 42 206 68 208 151 59 101 201 102 165 211 228 163 217 177 134 19 151 88 108 109 221 242 42 49 40 89 107 29 26 229 254 193 187 63 170 179 29 173 115 143 140 179 162 63 251 33 114 118 19 181 23 161 255 41 24 88 28 254 158 74 189 50 230 193 11 64 128 166 234 99 200 226 108 31 132 138 233 83 226 194 31 243 97 111 99 96 42 5 60 183 131 108 56 79 231 128 236 164 223 66 65 67 192 125 111 187 81 246 254 101 228 105 239 191 251 138 184 17 140 189 177 219 144 80
22 160 13 211 34 240 121 10 52 147 103 1 93 80 92 76 185 41 122 101 98 93 63 125 252 81 238 126 49 171 216 99 216 202 109 100 26 227 194 14 98 212 18 168 15 53 157 122 81 61 203 111 104 97 104 29 178 181 169 6 198 114 86 174 9 201 82 177 81 50 170 19 161 249 214 202 111 247 180 147 181 163 20 63 234 79 41 204 144 77 240 95 108 126 124 99 63 70 131 108 153 136 76 166 88 10 79 124 203 249 212 46 33 15 222 36 140 239 38 105 42 33 212 128 67 138 75 74
52 245 102 175 10 215 14 145 179 233 31 122 42 63 191 94 182 27 146 216 220 124 4 190 14 196 152 22 30 180 108 187 18 181 117 255 75 47 34 197 170 127 189 136 189 1 106 177 255 5 39 188 107 188 24 7 92 79 97 62 70 22 143 126 154 11 30 62 132 15 112 6 210 115 28 227 181 84 186 137 42 232 78 47 102 160 189 55 61 143 167 113 225 178 89 174 10 9 111 19 38 68 235 141 8 189 30 118 24 139 152 222 215 86 53 160 107 101 162 92 241 198 249 173 140 94 121 88
223 167 37 247 228 50 101 89 34 79 18 28 60 1 111 35 81 159 105 143 64 110 75 144 148 121 205 214 10 168 78 187 121 58 128 117 212 39 110 126 112 110 220 156 54 128 20 167 203 145 122 111 120 172 112 15 100 33 84 201 38 31 54 6 234 135 207 108 222 112 47 121 185 168 174 117 15 223 175 171 136 254 175 42 141 8 214 207 248 189 179 74 33 39 60 89 19 145 145 98 93 142 137 141 153 36 209 224 166 164 179 21 206 150 98 104 163 115 77 243 46 164 83 254 243 149 58 123
6 246 207 19 145 100 177 95 254 105 94 240 3 121 245 155 23 72 85 66 225 168 179 41 86 101 120 27 144 150 152 137 117 102 133 68 177 89 159 71 150 37 8 15 234 158 23 16 61 78 198 146 246 106 112 208 55 180 207 23 160 130 249 91 60 216 77 29 134 119 83 166 141 31 72 204 18 130 12 147 63 174 172 80 253 140 185 223 63 217 17 225 238 235 73 215 55 149 188 251 245 213 111 253 252 66 126 30 3 169 6 71 9 162 185 21 167 174 162 59 224 12 79 193 43 170 72 62
198 206 196 163 159 57 148 52 126 133 33 189 101 137 154 54 61 239 53 162 186 19 65 21 110 51 170 220 227 140 7 38 139 253 121 229 121 206 22 30 2 36 86 189 89 160 120 201 177 98 41 227 93 11 228 183 197 110 84 29 13 118 138 251 180 162 105 158 177 229 170 155 20 222 241 113 242 68 119 85 202 62 19 253 187 71 63 199 99 119 103 254 97 107 231 102 183 141 162 21 126 140 154 185 169 11 210 251 112 133 66 179 191 81 114 190 219 204 168 202 60 69 167 80 50 157 179 18
128 117 65 4 73 35 88 0 130 157 164 237 90 175 58 236 102 69 133 123 43 41 249 195 47 166 147 26 134 178 227 139 140 182 201 242 161 232 225 52 253 222 10 205 0 155 191 57 183 89 45 109 175 48 166 191 251 240 159 53 246 132 208 106 4 116 207 155 119 209 114 198 95 82 1 112 212 141 94 125 203 18 150 80 153 101 144 5 203 230 0 202 90 245 29 36 241 175 138 16 83 10 72 187 28 120 50 241 208 187 164 86 218 61 244 8 147 153 100 122 34 140 74 242 46 193 148 117
237 50 27 230 229 153 137 107 206 232 52 90 211 132 70 17 159 45 36 135 83 178 172 131 174 129 242 6 16 183 39 150 228 184 48 131 27 170 158 132 207 73 166 222 239 133 118 4 200 25 204 24 106 193 18 181 182 234 42 140 81 33 217 236 82 21 14 34 116 43 140 122 43 128 235 250 199 201 44 91 45 187 146 37 97 16 164 128 121 211 168 53 7 109 16 111 111 242 138 163 239 110 134 20 112 10 197 166 126 144 166 2 136 227 40 203 207 154 196 187 142 231 228 212 153 32 43 222
50 232 151 105 92 219 7 152 194 80 9 42 148 63 182 132 111 41 235 93 137 81 202 86 136 129 9 140 172 42 132 109 95 80 239 219 155 60 86 138 153 146 135 152 106 7 78 180 4 57 20 222 6 1 205 102 162 9 59 194 180 167 213 115 114 176 194 15 60 18 39 255 216 63 230 130 56 4 2 191 19 226 220 1 182 183 67 31 12 60 118 184 58 12 252 236 40 243 158 216 169 179 80 60 173 45 144 191 70 254 44 38 17 234 133 31 244 135 49 199 73 15 30 72 233 232 47 190
46 67 195 119 16 35 16 61 253 75 5 10 69 130 184 106 120 190 9 72 225 170 77 170 61 174 41 177 162 254 95 94 55 196 155 74 173 216 171 12 153 124 161 184 253 208 1 100 202 61 116 83 85 205 87 32 156 24 126 22 55 60 207 23 22 74 99 215 165 33 6 183 122 194 96 28 54 3 74 5 185 43 53 28 166 110 183 5 231 26 197 185 60 255 46 220 102 231 167 81 36 253 1 52 233 243 163 71 255 162 192 88 24 23 121 44 102 44 28 3 25 99 233 245 226 18 115 178
52 65 207 228 242 74 244 127 158 129 67 253 93 16 221 191 11 55 21 231 145 241 219 218 188 58 214 196 87 7 53 14 195 84 245 228 70 108 54 218 21 110 208 169 206 182 204 48 24 180 247 189 107 155 71 201 150 196 23 65 238 107 98 231 90 237 106 237 165 4 36 63 76 75 228 60 209 236 247 98 18 187 249 194 67 72 24 10 100 156 94 123 170 140 201 87 249 181 179 76 41 159 217 43 80 62 119 68 12 18 135 244 102 224 243 218 223 173 202 222 87 81 92 104 239 242 81 84
76 249 12 67 247 149 18 205 11 138 249 38 123 218 88 68 120 156 141 98 146 230 104 131 21 178 188 143 38 144 156 64 252 125 28 88 167 57 218 177 180 27 131 194 184 78 103 159 207 159 214 114 145 127 234 205 131 245 127 158 26 192 97 0 208 91 57 75 213 132 1 5 46 210 162 96 20 239 111 34 137 180 164 113 78 220 215 157 190 57 29 82 11 136 150 48 157 69 1 155 191 245 62 234 31 227 129 121 20 8 248 140 93 214 188 126 40 73 98 162 11 107 83 39 127 253 234 185
137 32 17 92 132 166 61 141 30 161 123 194 165 137 184 230 232 118 207 104 95 252 229 142 93 185 253 167 112 13 178 66 13 109 116 190 1 78 149 28 24 71 55 50 95 21 73 155 85 98 95 186 180 178 111 230 109 193 63 53 84 189 79 115 47 191 246 56 21 196 33 43 119 80 255 10 83 125 60 179 90 251 152 150 72 167 82 162 251 48 182 203 78 83 80 229 154 80 215 56 2 191 97 242 92 41 131 196 131 88 225 149 125 104 193 143 77 155 151 135 67 22 232 248 55 85 6 36
130 143 215 177 84 9 185 252 255 153 231 71 117 82 58 41 138 158 235 250 216 74 35 138 239 188 18 218 30 108 100 238 109 192 28 128 52 29 153 47 37 16 241 211 161 6 63 252 155 73 107 154 133 91 136 121 112 43 47 58 194 134 120 57 239 71 228 60 157 155 18 226 82 151 81 231 21 222 88 70 234 210 92 218 128 91 181 16 252 234 205 174 80 236 18 192 110 178 51 249 69 202 82 65 11 141 66 38 250 124 187 180 223 154 142 97 7 32 121 153 190 106 50 239 254 33 252 247
167 50 79 236 106 92 88 60 165 37 55 158 5 39 171 9 79 43 161 111 220 86 24 156 3 138 231 187 179 127 27 112 202 178 170 20 26 122 167 163 58 23 151 212 10 27 170 167 79 185 223 11 140 246 39 117 239 17 61 165 13 248 0 155 47 58 53 185 212 58 47 248 96 229 194 88 135 159 202 17 130 185 98 36 4 137 13 77 3 111 206 65 58 202 72 46 186 131 138 175 159 125 162 221 75 108 159 134 147 77 65 126 142 43 115 22 7 60 54 144 102 1 71 53 59 23 139 43
245 213 85 254 210 70 2 163 221 2 136 223 100 227 80 101 116 50 7 171 55 55 85 229 177 124 170 83 120 130 102 124 38 89 166 162 223 52 49 123 89 143 27 175 105 79 93 11 39 88 46 235 111 234 67 228 167 215 223 111 85 80 4 22 34 1 231 208 99 69 202 191 3 183 152 92 255 159 254 127 180 32 88 65 57 23 219 106 222 68 232 231 226 74 174 73 255 114 19 141 61 116 100 164 170 187 145 159 14 180 76 49 161 253 145 123 47 24 17 138 87 162 166 7 82 93 15 8
175 76 28 16 181 91 93 178 159 31 178 57 46 72 34 1 161 168 242 216 0 32 150 77 125 112 131 125 49 215 104 111 133 230 162 74 155 112 131 125 140 229 118 205 98 141 167 178 191 202 243 138 23 19 97 56 210 225 200 193 214 218 160 192 179 84 240 101 212 177 250 159 222 140 167 181 71 176 57 136 230 124 53 3 27 60 245 254 83 28 7 98 17 92 182 190 91 128 174 111 247 52 133 29 0 217 97 45 150 8 148 59 48 13 180 226 77 3 37 182 242 247 153 221 222 194 114 116
151 116 231 2 250 132 94 130 11 178 155 119 76 18 71 18 105 37 16 168 228 89 41 121 235 54 48 85 67 0 176 104 15 94 198 0 234 224 179 175 113 18 222 149 118 219 136 132 69 25 190 225 100 46 173 55 190 121 30 173 48 59 201 216 2 124 27 25 64 58 249 199 158 193 117 109 77 150 86 243 137 102 59 14 103 38 221 227 237 242 15 8 126 29 185 246 33 111 90 11 2 134 18 223 18 132 188 44 55 253 109 159 67 158 161 143 231 52 218 103 202 220 255 38 255 159 46 30
130 11 49 97 9 158 53 151 239 156 107 113 172 96 86 188 190 181 205 30 179 48 89 195 139 220 139 115 11 100 64 183 104 181 49 36 72 97 86 242 0 187 60 255 107 90 152 204 5 22 58 118 220 162 176 249 208 111 224 167 134 44 50 33 180 195 171 230 2 133 147 121 100 42 72 185 161 74 230 59 211 184 236 128 159 57 248 133 67 141 45 235 208 190 165 179 74 117 75 250 5 16 149 20 118 209 126 65 68 242 81 59 82 163 12 75 36 213 238 163 140 139 245 2 231 35 224 191
220 250 202 135 77 179 164 179 31 131 246 199 160 204 122 253 79 126 28 218 29 9 80 214 28 148 173 253 113 50 70 194 193 75 213 56 218 89 58 245 45 179 123 214 34 254 99 31 19 48 156 174 103 119 18 170 245 194 177 5 236 135 201 194 170 247 151 57 138 66 165 86 116 9 110 251 165 90 42 45 207 143 202 58 234 40 54 26 212 18 254 14 173 98 58 156 100 154 171 187 88 223 178 78 54 230 167 204 23 156 176 67 125 153 15 109 129 95 39 79 161 151 191 79 224 200 120 241
234 186 201 28 245 9 49 158 8 255 173 126 109 91 232 221 219 80 252 85 101 223 228 205 33 87 128 93 80 149 254 165 125 177 104 115 188 16 83 248 186 172 86 233 104 31 202 95 187 161 225 250 121 111 39 167 24 26 252 25 249 82 19 60 253 208 105 59 73 9 247 109 126 24 169 73 222 241 189 234 76 62 14 80 24 62 218 100 82 39 115 135 211 35 91 250 22 238 201 73 162 119 70 250 21 115 144 184 229 93 69 86 216 136 128 251 100 20 8 177 73 183 253 70 199 1 11 100
41 255 16 201 248 109 54 55 16 20 188 149 106 14 65 34 203 177 102 181 28 86 255 105 201 4 11 203 170 32 120 153 135 80 249 161 16 234 147 142 111 34 222 101 125 166 116 33 140 242 155 5 151 105 54 139 80 142 1 29 162 180 47 185 102 176 50 219 157 173 40 68 99 57 165 0 213 160 147 12 81 154 176 40 96 34 180 150 76 126 105 16 15 200 210 107 207 248 27 65 189 79 106 181 208 6 26 159 18 27 52 163 34 166 18 43 96 63 221 138 250 187 141 240 254 91 176 173
47 124 79 251 147 119 210 38 48 19 33 104 71 170 69 52 70 155 83 77 180 241 98 115 81 171 170 175 198 184 178 52 200 87 196 147 139 204 40 3 39 221 177 146 207 140 73 224 132 244 94 217 94 33 29 167 153 110 119 203 126 124 146 51 221 126 210 104 172 213 62 49 128 11 196 33 115 164 128 220 230 240 245 186 236 143 8 98 223 212 150 162 116 137 213 254 29 254 46 199 218 178 8 157 151 126 196 141 246 170 246 92 162 40 8 193 104 8 245 203 236 10 190 171 160 195 104 112
51 81 210 103 159 57 1 33 13 124 246 215 33 126 26 71 233 40 59 31 123 153 67 58 102 105 123 36 193 9 235 204 178 17 44 3 37 211 162 144 141 188 67 64 48 48 232 71 23 197 115 72 123 251 15 245 0 173 103 70 181 215 166 109 34 151 214 157 148 136 172 205 140 105 227 225 130 122 45 161 19 87 2 115 77 49 85 65 156 201 239 207 234 98 157 78 82 80 100 120 199 224 29 65 229 159 111 239 29 170 57 128 232 59 99 143 25 225 219 233 223 161 240 49 2 87 192 243
6 215 109 71 246 174 233 108 153 46 60 252 56 200 101 65 194 241 13 197 23 110 209 142 127 95 6 130 179 2 149 32 249 117 14 244 94 192 200 136 195 54 224 22 167 131 21 86 100 105 8 86 112 174 172 181 125 71 79 143 226 30 189 72 123 254 6 6 65 139 171 101 36 43 183 86 91 12 22 78 189 100 157 138 30 88 160 204 205 6 19 58 134 249 32 149 14 209 27 216 100 109 14 40 9 110 72 69 102 59 147 221 160 188 239 44 239 50 29 180 130 85 145 201 152 91 2 99
172 185 251 210 46 108 27 2 85 137 43 59 151 52 9 134 146 99 240 226 208 18 200 233 231 143 74 141 118 238 140 206 188 23 147 253 131 152 95 72 128 168 76 113 22 224 192 8 226 197 76 170 60 7 157 178 89 212 114 12 148 160 6 7 146 216 135 222 193 27 107 144 28 127 80 42 49 247 87 100 36 207 235 211 117 173 12 112 31 169 18 74 251 10 44 55 150 136 167 95 233 198 36 53 97 18 192 14 228 218 182 135 123 221 167 107 58 247 119 89 174 89 168 82 213 24 15 50
41 226 109 61 83 139 7 155 73 208 47 24 148 213 185 79 68 56 150 199 86 210 48 25 13 167 28 146 38 241 168 225 152 107 146 67 209 114 73 229 61 218 121 84 246 63 251 222 107 227 245 126 250 255 21 218 146 187 40 113 61 201 45 193 28 221 120 175 252 245 135 248 112 0 64 189 67 151 195 2 50 181 41 115 19 9 139 10 55 14 190 191 77 18 18 226 243 54 144 205 39 60 12 85 196 232 103 54 131 74 77 138 193 42 72 169 141 93 193 223 121 19 172 154 205 181 95 27
225 183 225 252 255 170 69 9 120 82 159 227 170 121 30 77 7 189 153 50 5 126 240 62 196 120 33 101 33 142 238 26 36 168 193 252 192 168 97 82 200 37 99 217 132 161 226 100 218 131 219 63 101 52 103 101 96 52 185 211 72 194 42 66 127 225 204 221 149 111 249 205 195 79 104 186 179 82 79 161 200 8 162 91 81 210 73 245 7 170 142 150 194 79 25 222 179 197 221 38 19 110 39 241 226 141 72 241 135 44 103 6 116 210 155 153 243 251 75 144 248 5 152 17 50 22 24 70
92 234 53 227 129 39 207 242 193 183 54 211 131 28 29 13 190 229 102 153 96 56 210 32 198 255 5 238 170 169 56 175 220 123 121 173 9 201 93 81 175 133 33 59 79 60 106 157 134 219 96 157 104 132 11 135 252 70 215 88 101 171 94 111 3 239 225 226 41 165 105 15 132 68 243 136 57 72 132 223 109 141 51 221 56 132 138 194 243 124 181 70 90 196 173 233 24 124 131 200 97 90 208 3 169 21 91 144 178 52 125 149 236 253 28 51 24 239 224 136 168 127 166 168 242 144 145 84
161 80 133 252 44 171 174 201 86 189 71 47 248 178 36 162 138 77 120 16 102 122 168 154 126 139 149 55 166 136 93 169 220 6 251 153 190 88 132 174 164 187 230 255 82 40 120 49 247 165 245 129 112 223 218 180 236 109 145 58 98 21 110 107 5 5 92 70 109 98 226 189 217 203 120 136 110 153 48 116 242 190 235 220 207 243 121 48 244 90 204 59 241 157 129 27 39 13 104 82 20 39 118 81 128 190 207 207 219 154 221 12 110 164 200 217 104 118 114 198 76 169 160 110 59 4 169 234
116 5 165 56 108 58 73 107 77 90 175 149 106 39 159 125 238 106 15 48 2 184 101 83 17 238 210 71 34 85 209 85 28 63 230 211 40 156 181 161 14 252 42 233 39 214 61 72 26 120 246 44 95 33 149 223 2 187 162 21 66 97 59 162 147 237 231 30 198 205 238 38 186 60 62 124 59 105 153 248 53 93 220 1 31 218 161 87 233 218 29 189 74 15 35 215 71 195 19 157 161 57 167 250 4 34 26 35 50 125 226 145 238 204 135 139 133 84 192 85 36 112 59 213 206 51 138 16
243 107 11 215 216 196 103 97 246 154 77 53 187 56 60 69 252 135 131 118 86 74 186 176 63 200 187 237 175 230 63 209 172 100 21 124 47 17 39 239 62 36 133 246 237 149 168 49 207 52 169 79 212 170 244 32 31 92 156 88 158 230 31 156 157 174 140 255 23 116 23 162 35 167 6 159 32 212 216 207 14 4 20 220 183 99 41 243 118 191 6 176 27 94 53 208 102 204 199 71 187 146 17 103 214 149 71 137 244 233 94 98 167 180 224 191 179 89 169 187 162 158 161 96 218 18 253 43
123 105 99 33 67 185 118 193 67 107 19 52 103 45 253 119 222 129 163 4 38 85 196 217 14 232 123 177 98 190 55 210 112 19 36 111 11 251 82 243 32 242 248 117 184 217 102 3 252 49 236 17 228 71 157 11 27 50 74 201 56 129 165 204 112 64 33 122 163 241 227 138 141 199 88 50 67 100 78 6 200 146 109 33 237 33 133 108 127 34 92 41 238 6 40 164 4 9 247 158 33 215 213 29 43 129 13 46 219 158 217 233 199 145 115 188 159 253 171 232 153 142 75 35 231 154 28 192
230 154 221 204 181 225 50 99 247 247 246 144 169 46 184 181 249 20 207 190 177 222 136 116 238 218 111 75 242 39 137 250 32 211 139 242 183 222 151 52 241 98 253 100 219 64 167 87 114 64 220 141 250 136 112 1 52 124 254 5 161 97 195 71 43 211 205 52 89 193 74 217 241 146 111 17 230 227 228 255 201 121 64 120 170 60 18 12 18 184 2 124 133 227 90 166 203 0 137 91 124 63 230 58 42 148 120 24 214 127 9 40 219 80 112 21 11 118 28 142 153 85 152 50 159 244 35 199
32 113 52 72 55 152 43 250 72 65 41 165 97 93 190 216 239 124 251 164 199 114 237 92 67 63 188 92 161 197 72 203 52 194 202 27 225 22 171 117 246 161 246 87 197 19 160 151 70 100 120 100 190 143 220 0 56 46 196 131 129 125 126 198 76 67 245 71 192 147 167 173 142 131 147 213 49 183 82 151 98 233 51 209 40 77 166 70 211 223 226 209 76 67 34 234 159 231 159 165 158 43 164 116 78 98 176 194 159 117 84 198 118 42 33 193 37 77 167 30 29 88 90 148 200 59 122 104
171 66 20 188 53 22 231 236 88 37 228 19 245 203 75 182 148 37 101 152 17 140 102 108 57 50 77 200 175 224 81 2 229 127 80 122 201 245 195 83 5 39 149 143 74 64 39 15 197 6 99 190 33 136 146 99 191 138 160 79 87 18 215 101 233 123 249 163 34 2 242 195 198 210 208 116 9 204 165 239 98 30 115 108 33 210 195 121 222 89 214 187 21 93 100 32 184 103 248 123 143 115 203 17 29 121 255 165 24 187 122 85 65 132 131 231 187 57 44 91 129 233 104 129 135 164 198 9
251 145 245 255 49 250 75 169 92 28 164 29 150 16 226 84 163 193 71 195 3 109 89 51 103 47 82 171 188 248 108 85 95 143 248 207 117 201 133 245 44 98 67 181 148 20 173 28 18 48 94 100 223 21 88 96 124 207 151 252 13 100 103 54 62 237 22 99 234 3 47 182 140 48 13 158 19 207 153 90 241 96 1 186 169 247 224 172 101 32 63 57 152 41 140 11 51 162 29 221 40 206 219 11 31 24 72 243 230 84 17 60 10 246 137 114 149 106 242 71 174 214 40 141 13 11 2 56
73 236 38 124 238 83 179 231 176 90 250 56 170 69 1 99 85 252 107 140 246 199 103 222 2 106 22 117 31 69 171 39 143 120 60 117 37 89 185 196 193 251 19 23 62 71 198 166 74 142 54 204 53 16 225 103 40 89 118 43 236 206 226 247 204 104 199 231 154 248 162 88 240 101 111 69 77 241 162 121 68 73 235 90 125 115 91 53 63 184 32 235 168 174 114 73 135 26 11 194 121 70 56 194 118 89 193 227 223 46 55 254 151 39 232 107 174 105 208 13 97 35 230 158 43 28 106 202
104 11 110 89 36 245 231 216 41 60 80 159 254 111 144 171 102 153 108 40 92 10 229 81 25 212 70 124 73 164 76 63 136 189 39 5 71 155 176 118 194 209 55 141 237 143 135 140 19 60 92 106 78 140 171 101 86 60 69 176 112 61 18 18 114 223 89 147 174 168 194 156 26 153 70 108 89 29 106 242 35 205 17 84 66 187 153 84 29 120 116 147 67 44 66 118 9 141 33 116 37 86 140 56 67 235 226 95 231 157 82 187 183 71 48 182 123 171 179 214 200 36 134 78 209 41 51 2
53 223 185 65 60 168 118 83 139 196 212 166 170 113 105 26 28 69 229 67 119 151 115 171 106 22 74 133 85 110 92 200 79 199 70 159 6 28 21 150 234 170 24 94 251 92 30 189 35 41 57 97 148 65 60 82 160 233 89 61 104 8 3 109 129 183 139 46 112 95 66 76 166 154 58 202 126 36 202 86 28 165 233 165 81 218 166 89 30 235 72 222 203 77 14 109 130 70 47 31 163 39 109 183 190 91 114 234 85 160 121 101 128 113 77 45 84 70 228 129 142 55 204 209 82 74 184 178
212 163 80 78 149 252 46 89 203 175 32 136 238 50 19 224 121 51 179 17 113 125 172 243 134 6 193 1 210 109 178 176 157 127 169 139 208 4 170 211 75 162 231 247 8 163 138 4 99 178 199 66 153 241 96 19 196 68 191 66 226 226 105 22 214 172 45 250 247 171 8 131 107 40 255 82 79 49 233 49 246 39 18 32 18 7 25 182 123 70 196 83 79 119 44 8 18 206 215 161 106 89 129 130 94 52 244 237 235 100 198 105 235 77 181 210 137 90 118 190 120 219 186 254 195 22 236 53
210 98 189 152 158 66 108 207 5 1 220 227 42 224 107 54 237 144 155 130 78 165 214 100 170 248 2 234 128 216 150 45 120 30 225 218 38 47 94 28 111 6 199 160 29 9 184 163 162 163 24 90 71 235 125 245 107 244 98 47 20 173 255 249 47 74 227 131 201 144 150 35 202 148 166 78 230 95 33 229 85 25 225 125 162 70 138 188 165 163 231 44 185 202 62 223 204 159 131 117 223 222 155 76 53 196 133 161 21 114 184 159 172 154 83 18 168 220 214 47 79 188 160 130 241 154 61 153
38 5 233 2 77 210 66 180 54 212 29 43 151 252 133 40 38 65 215 90 29 131 71 218 242 57 57 181 31 105 20 139 134 134 131 93 165 177 69 38 7 193 180 2 255 164 73 221 109 142 218 87 225 68 141 164 17 67 168 82 85 167 45 135 123 10 165 204 62 234 43 37 183 214 126 16 29 47 152 198 29 82 81 3 185 15 25 146 131 135 131 247 205 54 193 190 206 86 57 74 34 111 180 69 10 153 11 127 70 252 248 55 8 85 78 216 219 237 181 29 190 95 75 250 36 127 56 202
6 227 102 72 183 226 249 58 136 117 47 165 24 254 193 224 20 90 73 119 39 140 187 3 139 54 204 200 68 95 148 128 114 201 15 66 248 110 63 139 155 176 140 156 56 167 103 106 230 91 67 63 114 158 208 12 202 29 67 191 177 0 45 160 57 179 32 164 184 190 138 107 66 97 159 179 212 146 1 67 96 138 21 131 160 199 231 44 160 211 19 31 45 131 126 39 34 91 90 238 130 111 68 115 105 100 40 245 46 115 241 89 5 115 107 50 253 248 85 99 18 246 5 25 10 61 14 176
154 60 174 145 114 208 149 139 225 31 88 18 135 253 155 129 252 105 225 220 141 85 146 44 121 162 45 26 70 17 246 11 61 185 39 143 247 99 6 232 219 63 168 103 154 101 72 138 185 14 174 223 165 50 165 250 43 71 1 122 130 107 209 67 36 72 205 236 128 65 116 156 223 64 59 5 27 77 194 221 69 56 5 89 10 42 83 238 141 202 152 205 11 224 148 134 232 210 4 112 203 69 87 70 118 7 94 90 240 184 155 7 27 2 114 26 141 171 202 62 192 237 38 147 144 109 212 183
93 104 208 116 45 106 165 122 113 224 77 112 150 177 34 82 234 231 89 43 39 245 44 156 84 241 33 242 27 61 198 9 213 151 137 50 97 88 30 96 240 55 136 0 156 167 4 231 251 173 163 201 103 211 53 170 44 227 91 16 54 125 49 227 149 12 138 155 214 248 19 157 138 153 48 186 19 19 215 25 129 53 15 138 187 89 75 241 38 203 244 111 156 142 246 71 182 14 243 50 7 238 185 77 251 124 55 19 178 242 209 141 37 239 251 248 158 140 144 193 210 154 34 112 219 56 204 183
12 197 90 71 96 19 11 222 241 165 52 137 242 234 95 142 22 70 125 253 246 86 104 142 39 195 120 232 203 4 127 146 63 100 148 238 48 208 216 85 72 2 226 234 212 194 233 140 58 23 165 171 117 80 198 101 119 17 160 34 40 162 27 94 243 139 231 185 46 233 205 138 175 21 114 134 109 69 58 215 61 132 110 12 6 65 201 147 77 196 179 77 34 8 244 163 35 35 199 216 136 126 55 210 55 225 93 33 190 236 163 18 133 121 148 202 162 107 152 176 138 206 19 26 252 130 232 36
13 161 237 233 168 178 166 56 78 37 39 87 184 145 34 94 62 248 46 204 180 216 85 108 51 83 109 35 57 125 141 196 118 211 41 178 26 13 187 250 216 249 29 60 213 246 63 135 195 221 50 249 64 60 20 24 243 105 232 87 212 243 141 56 154 34 216 89 196 229 250 232 178 72 42 72 78 132 94 231 14 226 111 2 159 226 33 185 31 209 125 250 212 35 37 213 252 198 177 166 253 183 104 78 253 55 116 240 112 82 219 60 159 225 159 16 136 106 65 211 11 188 62 207 62 34 60 70
37 200 56 78 153 15 133 2 141 242 248 216 25 224 157 227 131 184 104 215 189 114 62 221 130 29 239 38 87 192 33 7 219 145 251 216 211 137 47 28 205 151 193 13 199 101 236 67 2 184 19 41 170 64 110 47 243 72 244 122 19 214 90 11 177 218 216 1 85 40 239 136 229 18 237 239 159 83 16 177 8 40 254 86 241 86 166 173 2 103 214 47 16 102 219 60 117 61 224 180 163 144 161 193 204 14 116 17 200 166 192 151 153 195 243 105 37 235 141 75 141 148 81 100 27 244 26 97
97 127 14 89 167 76 88 130 231 74 57 140 191 59 64 173 49 93 196 202 191 165 137 121 227 142 18 107 58 235 238 19 246 188 21 94 239 151 39 206 210 99 132 233 227 237 125 10 179 68 114 26 203 187 169 196 63 27 59 80 75 218 130 175 225 124 24 29 107 54 36 148 112 184 48 16 67 19 150 161 132 153 215 93 132 180 6 185 119 190 154 216 41 85 84 127 208 68 148 39 251 30 223 106 192 165 240 99 156 225 170 190 127 23 137 12 25 63 228 30 192 189 26 193 96 228 117 35
1 189 205 138 169 23 86 61 31 25 152 32 154 205 200 240 101 40 106 171 182 191 23 116 57 184 113 169 43 159 146 28 205 189 217 218 139 101 15 24 178 168 98 204 172 3 29 162 157 152 179 202 126 67 93 155 24 168 174 53 89 88 0 244 64 117 91 205 87 66 168 238 32 181 177 211 10 154 48 183 30 242 5 36 154 194 145 189 57 99 231 11 138 118 16 135 241 235 16 12 139 37 175 178 185 31 209 209 218 90 140 64 59 211 44 69 171 202 243 172 60 204 241 239 137 77 185 114
198 254 49 33 241 55 104 26 198 148 88 202 223 219 223 87 217 227 250 101 100 89 195 17 10 69 118 156 64 60 239 211 118 18 134 178 124 182 115 2 54 142 2 185 96 213 224 225 227 125 101 18 160 47 20 63 30 156 53 16 188 73 218 41 170 190 153 215 44 170 1 135 120 137 51 64 7 201 67 5 104 169 73 92 218 16 130 223 140 21 196 235 129 175 82 26 36 20 19 48 209 251 17 152 193 228 64 8 229 23 197 19 160 140 72 156 69 16 201 8 249 158 115 80 174 174 171 249
174 166 210 31 102 29 93 36 176 69 238 141 191 121 109 164 31 72 164 220 41 159 245 206 112 78 210 78 106 3 146 56 248 59 159 162 36 107 201 203 169 175 150 236 193 17 203 190 81 180 176 25 176 83 94 40 255 139 240 77 147 126 245 165 113 69 104 129 121 121 125 74 49 255 126 180 59 38 81 55 231 98 97 127 168 83 227 128 194 247 233 158 16 184 11 252 225 168 97 103 66 201 82 178 83 31 46 70 145 95 136 155 137 150 18 169 176 59 15 84 90 198 134 122 6 156 127 16
86 241 74 221 181 85 159 96 42 172 7 79 220 167 94 27 139 244 72 216 122 176 18 127 208 238 27 41 68 21 246 97 52 36 132 163 249 150 236 180 226 185 28 177 172 2 13 158 170 120 244 90 122 113 75 42 223 94 56 184 138 117 37 234 44 23 239 106 3 132 109 136 34 171 224 158 84 105 99 141 97 251 116 218 98 221 31 164 228 120 229 55 219 91 236 149 151 107 135 32 187 62 90 166 142 232 105 148 23 183 101 187 208 137 206 233 106 254 59 99 166 69 143 240 211 45 224 188
202 36 125 15 40 237 165 201 232 2 30 248 71 42 112 245 91 143 70 173 78 59 154 253 205 19 247 231 11 75 63 153 85 221 39 15 226 180 138 197 150 50 246 39 105 150 65 81 116 188 59 152 16 111 3 120 78 158 120 187 114 177 165 240 53 130 54 126 125 39 90 72 176 180 161 240 11 109 58 36 246 40 46 208 47 72 27 29 8 208 54 165 54 247 74 226 169 26 46 214 73 23 213 180 161 46 183 220 51 26 122 221 236 1 116 43 28 248 23 251 168 131 61 175 64 33 18 70
219 69 154 202 113 49 178 157 9 220 136 200 182 206 152 47 135 130 143 132 236 147 203 187 95 139 246 18 185 144 228 169 241 222 164 20 223 200 106 117 236 247 182 73 78 8 68 146 253 42 26 88 92 250 28 241 228 46 27 55 203 25 118 145 103 127 168 41 189 5 53 49 190 204 219 106 87 127 112 196 30 44 238 49 43 96 120 235 13 16 64 138 217 110 112 254 9 11 154 214 104 148 236 101 213 144 124 107 239 189 228 88 97 52 10 38 123 27 111 244 191 38 187 198 210 250 143 41
142 138 121 110 15 69 51 78 205 47 30 50 125 104 255 78 121 190 192 71 26 125 91 250 147 165 196 90 0 168 249 14 180 130 93 6 216 158 70 174 197 76 89 255 118 128 203 200 95 91 57 69 138 116 198 124 107 171 239 129 145 101 41 87 88 5 64 114 201 191 105 23 96 176 215 76 159 186 182 12 113 248 150 217 2 25 147 183 249 0 191 69 56 238 31 48 116 134 32 17 130 22 69 64 200 243 56 239 64 233 145 72 63 167 21 28 231 99 4 2 128 215 197 218 211 138 87 41
194 140 115 231 119 149 174 68 205 22 103 4 215 120 234 244 145 3 245 234 227 135 168 184 232 191 108 129 73 59 228 155 123 159 121 155 255 90 239 81 53 54 86 178 217 62 154 162 191 23 190 11 82 246 162 107 236 72 124 151 213 136 148 70 131 95 229 249 104 186 169 218 109 131 42 25 167 203 245 121 237 69 66 165 145 158 10 204 250 165 121 8 50 189 173 234 12 170 169 166 82 230 55 5 72 51 22 125 93 62 56 239 72 239 61 73 168 34 154 225 152 198 98 201 221 230 214 118
145 230 50 13 110 47 28 119 15 210 206 143 31 118 10 255 73 86 145 81 121 22 127 98 141 137 38 177 122 92 68 9 119 123 159 173 36 244 0 60 171 58 47 27 140 63 86 100 14 164 175 229 147 45 205 68 79 245 56 53 20 127 254 115 87 245 104 149 45 111 18 71 59 143 230 133 5 160 150 90 216 124 10 142 12 247 153 80 249 81 28 60 66 116 80 232 200 153 105 13 29 217 65 240 198 175 231 97 79 183 199 46 28 237 43 57 156 120 223 58 179 111 27 204 40 38 199 152
80 192 185 132 51 46 174 29 78 246 0 155 167 110 232 14 4 16 161 82 104 225 11 41 154 220 4 74 65 143 120 118 12 147 213 136 25 20 48 105 75 247 117 190 25 164 145 174 56 0 204 193 221 116 173 0 70 106 193 45 29 64 92 42 10 149 90 5 197 184 41 129 208 128 246 255 183 245 27 14 244 149 243 59 175 77 23 238 119 154 127 234 242 224 89 222 55 5 82 119 141 211 147 215 86 113 40 76 146 116 230 11 2 21 101 155 7 224 196 160 117 31 99 17 237 160 160 4
25 110 150 11 117 103 48 190 155 44 27 223 13 20 87 11 36 28 117 222 178 160 99 57 214 155 187 27 167 217 191 68 145 151 124 226 51 187 172 137 199 145 134 120 21 183 71 108 221 227 87 196 97 106 175 25 1 252 47 194 103 12 68 4 150 220 158 144 42 92 17 179 115 251 199 22 119 181 68 76 148 15 75 8 25 156 13 46 249 171 94 84 188 58 139 6 245 56 200 76 48 78 133 64 153 70 198 108 41 80 169 199 178 2 34 129 23 206 195 237 39 109 119 84 86 87 123 199
121 183 165 240 253 186 5 247 46 156 239 228 44 139 196 29 76 0 50 121 224 125 212 154 242 149 74 136 103 34 241 241 35 159 145 250 121 245 164 30 0 245 85 72 152 133 188 29 253 147 102 162 182 66 44 93 56 132 175 164 19 79 164 197 235 76 54 107 7 55 113 216 40 152 131 204 53 98 197 146 168 20 1 120 7 109 33 82 92 98 103 38 84 58 40 125 192 114 35 50 196 5 221 159 165 219 203 33 45 157 38 135 225 0 101 77 179 130 89 234 108 243 125 116 149 22 74 77
147 150 188 13 10 5 146 149 171 166 113 199 213 43 228 216 26 14 20 3 179 53 96 123 184 112 174 215 218 186 78 170 113 4 147 55 143 142 97 57 216 105 92 144 155 225 230 199 103 3 93 201 158 127 93 23 26 26 129 54 113 178 67 184 251 74 62 11 146 1 54 77 4 249 199 40 143 49 24 103 240 39 184 30 163 161 159 211 152 248 163 0 112 155 0 190 58 7 221 151 24 18 239 232 30 104 45 162 253 127 159 34 90 87 105 35 45 72 28 189 99 163 210 157 196 207 82 214
104 56 193 164 88 38 136 27 53 16 153 56 189 1 173 84 100 3 184 184 42 87 91 246 137 94 108 247 10 83 7 116 44 233 42 116 56 222 246 91 67 58 70 50 243 97 231 43 66 219 209 204 66 139 8 158 63 19 5 86 181 38 148 23 245 171 71 170 111 74 120 31 50 180 157 5 128 67 143 51 207 127 137 242 24 224 119 197 172 24 138 36 19 146 74 246 227 240 43 224 197 92 227 241 32 244 99 77 149 188 45 121 204 237 170 183 168 220 57 203 173 121 175 147 196 253 48 131
152 16 89 22 94 114 189 60 117 222 43 67 138 9 118 48 236 120 185 71 241 99 30 109 20 34 36 43 79 237 77 211 123 240 47 237 198 101 158 212 222 155 211 54 146 242 25 35 234 250 112 8 218 21 53 17 239 143 186 246 67 182 221 6 43 198 182 94 77 155 124 23 149 133 133 161 113 6 105 185 176 157 172 166 88 32 195 176 115 20 88 83 28 88 47 7 97 252 133 241 222 37 155 76 139 155 181 243 109 108 108 87 135 241 82 126 233 214 229 241 97 90 19 255 50 98 68 231
64 62 115 104 135 198 150 165 156 242 98 112 32 29 202 249 127 4 181 235 67 52 52 252 238 115 125 164 146 191 128 122 92 91 227 1 159 0 255 200 33 89 156 52 51 19 99 74 254 22 135 24 24 19 68 198 214 165 242 253 116 223 22 55 171 127 129 37 224 77 92 75 103 96 74 214 157 247 252 14 221 229 89 254 199 87 60 239 57 125 137 19 160 199 152 176 184 2 125 53 73 126 213 231 121 81 13 16 52 41 123 230 39 6 223 69 89 100 92 127 159 62 149 183 150 57 98 85
8 31 42 129 52 111 228 220 251 100 221 110 202 215 228 50 112 115 173 135 115 23 10 238 35 16 208 45 177 193 214 38 11 211 75 86 71 208 132 228 46 72 216 144 147 145 247 160 95 118 191 44 8 240 221 106 86 13 26 250 201 221 11 172 144 30 158 203 118 93 106 140 123 220 62 173 154 111 232 183 227 161 23 57 47 19 194 197 5 145 167 67 5 26 206 28 180 247 205 80 213 50 127 165 125 39 27 19 143 77 133 76 89 122 27 43 158 127 208 224 224 207 173 154 86 196 249 19
148 174 215 112 60 106 195 253 225 141 152 148 151 3 64 38 58 74 120 192 189 180 199 247 170 38 18 236 26 32 25 135 194 181 113 34 50 28 120 127 94 26 118 232 117 197 243 247 121 251 175 5 174 172 215 223 150 212 33 107 224 178 84 30 239 220 140 154 97 228 133 232 129 44 174 118 56 174 53 111 163 192 23 157 118 177 246 243 19 192 80 103 95 154 162 13 75 245 23 72 252 202 49 176 23 207 80 202 114 239 176 186 157 27 159 44 178 218 22 216 179 222 78 174 124 112 114 188
178 138 142 93 37 45 223 186 235 200 142 72 220 65 22 202 248 208 181 184 23 193 154 92 194 47 194 174 186 59 113 57 80 111 64 69 67 97 240 208 179 147 3 1 207 122 6 82 38 96 96 184 122 122 82 253 62 28 226 173 94 144 201 118 1 234 157 241 42 95 51 51 80 214 116 195 90 201 176 92 123 15 182 212 204 251 10 222 17 247 56 85 42 0 25 243 115 166 53 234 210 193 87 251 74 246 188 243 236 191 174 110 248 216 134 46 112 217 159 207 235 213 252 121 61 60 106 162
39 163 219 232 180 150 88 28 55 28 248 136 183 27 19 172 62 60 172 11 62 92 235 119 106 70 129 15 11 114 100 29 63 95 50 52 184 251 45 9 243 158 38 169 76 103 131 33 5 120 228 204 94 170 254 35 72 210 104 218 61 142 186 101 27 130 116 18 106 16 141 120 125 45 81 1 27 248 38 8 154 105 136 160 175 100 169 211 148 15 74 216 16 198 221 243 33 184 182 28 114 166 119 0 161 236 59 125 210 212 27 170 180 18 58 207 135 67 36 70 233 212 40 242 124 240 205 83
190 191 37 129 183 178 231 126 175 221 1 65 179 90 204 34 32 66 148 59 166 62 232 14 101 100 245 9 109 4 255 57 197 188 166 25 214 31 24 191 68 243 99 31 51 97 23 223 48 68 59 222 195 232 116 206 171 152 129 237 37 165 123 49 234 61 231 68 234 253 185 25 49 231 122 139 110 117 91 226 163 13 55 200 14 216 233 187 139 221 8 158 184 238 96 238 39 185 3 147 50 95 38 41 59 139 204 225 16 189 86 166 154 243 87 191 161 247 140 165 97 60 91 213 194 23 167 252
58 193 202 214 156 48 88 45 41 137 83 9 145 208 175 38 160 95 228 78 196 181 132 110 214 117 129 100 9 83 31 40 155 89 59 50 63 149 220 193 185 197 10 226 133 72 43 127 117 173 133 113 76 119 69 88 158 92 73 187 43 236 226 209 33 31 79 182 103 151 165 8 101 125 240 158 163 79 213 183 116 41 53 91 182 45 102 187 91 53 8 134 189 250 237 101 117 240 3 169 98 121 71 134 142 192 21 117 233 252 172 111 62 16 241 22 88 185 245 214 74 211 173 162 9 10 50 122
252 229 85 58 106 18 56 110 184 158 151 94 27 149 219 178 201 121 126 10 107 52 103 195 85 123 64 161 143 32 157 21 126 96 233 12 149 228 225 81 15 41 151 168 59 137 69 100 23 153 240 244 234 190 127 211 91 57 243 228 190 16 118 204 207 142 11 241 246 116 81 191 154 178 175 101 204 208 182 145 70 8 82 180 5 211 32 91 227 78 255 60 216 246 37 73 192 21 178 167 134 73 159 56 20 186 45 229 188 223 36 203 183 16 92 38 251 53 184 205 91 250 214 242 203 252 116 105
34 170 158 139 215 87 228 59 44 66 45 197 203 62 180 54 207 9 64 8 55 198 154 232 178 201 181 29 215 68 245 26 208 79 251 211 51 185 212 121 214 11 245 89 164 50 89 181 202 169 239 21 215 249 169 213 13 250 62 76 222 241 108 187 166 9 152 146 230 26 35 222 148 182 15 42 129 120 146 32 227 53 21 59 254 120 240 110 29 252 200 109 222 117 77 18 179 208 53 250 150 137 54 161 117 217 230 125 191 4 125 206 54 215 172 41 58 234 177 252 192 20 43 231 176 91 163 169
144 78 93 71 168 95 22 116 213 181 221 88 125 28 103 200 191 197 114 25 15 19 70 20 167 9 19 46 22 209 80 170 113 169 26 77 93 228 194 199 237 125 150 16 213 108 95 177 4 173 170 74 65 155 247 71 42 30 20 224 206 105 149 118 227 144 49 237 44 15 241 190 4 188 84 212 20 255 0 0 208 27 84 177 112 19 10 111 112 69 210 1 70 41 68 68 64 74 151 74 40 52 49 94 170 167 130 98 149 176 22 176 248 18 126 79 166 108 198 111 232 112 64 43 199 250 161 11
56 127 83 41 28 189 63 110 71 255 110 156 81 244 74 182 155 247 88 120 0 108 11 168 241 130 103 127 6 168 231 169 18 75 204 249 87 206 143 91 152 123 155 202 101 24 137 59 228 226 45 4 210 190 148 150 56 248 239 225 150 189 139 143 131 31 85 57 201 145 184 173 110 113 83 102 29 63 197 167 122 183 170 152 240 106 33 214 250 187 19 108 133 227 101 81 99 162 136 127 184 78 151 49 161 53 190 254 77 85 63 19 133 80 168 108 207 45 18 188 47 129 58 215 204 136 30 244
203 40 70 246 243 250 243 158 66 246 40 54 171 191 161 35 100 123 222 250 176 118 58 242 51 53 243 240 110 52 55 92 153 138 31 133 120 78 84 212 226 87 1 225 211 95 4 146 212 222 191 4 245 106 53 16 238 80 40 195 61 229 89 166 163 61 55 71 74 86 129 42 129 207 4 36 237 145 106 147 143 90 116 61 8 232 10 163 124 71 202 95 196 28 159 173 172 130 134 126 92 132 207 198 137 231 137 230 47 95 73 179 29 3 96 246 165 152 115 53 149 47 30 18 175 55 201 128
130 52 81 106 84 61 200 124 172 77 101 81 147 91 187 182 124 127 156 237 140 42 17 30 77 163 78 181 87 57 57 98 106 206 238 180 25 255 220 137 164 6 16 73 108 53 16 210 193 120 47 228 73 220 93 46 203 40 104 58 123 1 33 84 29 222 82 175 98 238 85 117 230 185 233 106 76 224 220 218 51 158 157 29 161 240 233 136 33 174 247 255 169 128 11 206 69 102 30 29 227 198 243 136 64 110 96 124 225 193 163 217 6 83 205 245 171 79 142 188 252 149 172 248 180 26 168 107
207 185 107 148 143 82 206 84 214 4 247 83 71 54 208 74 120 225 191 51 97 153 238 91 81 27 223 65 132 53 82 175 7 74 9 102 129 180 37 226 42 226 243 123 89 62 133 4 27 219 228 69 33 246 156 53 117 179 153 27 216 174 116 239 175 12 55 76 148 27 197 65 131 159 198 197 60 4 241 83 149 233 31 64 15 36 97 61 13 1 179 122 216 25 127 197 1 225 164 69 198 44 115 28 198 202 239 99 30 147 90 247 95 187 126 179 99 101 120 7 188 238 142 89 129 240 36 141
59 148 148 87 203 151 81 242 97 11 28 158 44 82 85 130 16 233 51 163 62 239 30 33 194 200 19 96 101 147 177 18 88 66 67 210 12 134 2 151 62 104 158 107 243 61 247 38 136 101 36 76 215 228 22 211 143 158 51 47 114 179 61 180 160 72 20 190 230 202 94 118 203 215 21 87 149 28 185 119 48 166 141 129 144 117 187 113 176 130 185 44 0 213 28 61 32 238 213 239 159 245 180 203 228 123 174 49 220 244 214 64 163 236 225 141 109 128 233 56 253 243 182 66 11 73 139 192
222 147 174 145 128 86 213 41 45 247 33 183 171 190 37 18 29 181 247 150 186 119 156 242 7 136 75 236 0 209 37 23 17 153 87 72 165 149 122 28 100 193 216 187 184 214 24 29 23 121 171 8 118 55 94 174 1 151 180 52 123 19 99 16 66 239 56 88 203 103 6 186 100 139 236 128 0 136 185 13 32 219 112 51 76 180 105 130 248 175 161 75 121 86 199 75 62 50 63 226 191 46 15 204 21 193 123 73 115 186 216 183 191 52 156 56 122 121 73 31 52 51 169 252 54 204 244 217
155 149 26 169 24 204 87 242 186 152 25 90 216 64 163 62 118 184 52 5 219 120 244 79 182 22 201 237 159 160 79 79 48 7 82 89 213 52 110 95 254 22 168 123 189 130 86 113 28 145 41 198 2 231 24 33 225 231 205 59 5 228 102 55 144 172 222 81 58 50 119 163 234 52 11 103 192 226 128 47 111 14 43 83 229 104 45 134 180 162 36 192 235 19 29 203 80 107 21 206 150 141 226 66 119 148 94 230 242 159 67 196 135 247 4 158 8 139 90 64 103 134 52 0 112 77 179 74
54 104 188 130 231 146 92 119 79 79 169 83 189 178 130 210 71 164 233 136 71 234 141 165 161 152 110 194 99 202 45 197 31 48 23 253 64 122 151 46 112 224 15 102 81 96 132 87 182 183 43 203 49 253 110 27 8 24 225 144 119 206 239 120 9 155 149 38 74 108 171 91 131 107 206 101 214 106 54 161 117 182 60 204 231 207 152 187 233 114 81 13 206 138 36 234 138 99 54 204 5 62 173 242 13 140 64 255 196 64 235 219 38 39 175 208 141 244 205 19 178 201 160 210 178 181 78 207
15 175 249 117 59 153 109 226 132 94 55 164 124 240 242 184 35 97 73 208 6 58 172 104 173 30 136 88 74 89 164 109 216 181 175 22 203 224 183 186 185 103 229 151 192 26 62 244 9 235 174 148 129 38 16 125 37 151 9 237 85 252 223 194 131 50 242 147 177 199 132 166 222 148 39 43 15 39 152 171 237 227 124 0 33 237 31 250 30 177 240 9 73 152 73 6 169 24 221 32 230 41 218 144 14 145 251 14 34 202 122 164 158 35 51 124 53 150 82 53 131 0 238 229 52 217 122 186
74 76 37 232 159 109 51 22 185 152 109 213 199 190 103 188 188 145 133 134 65 224 208 177 23 28 15 139 189 56 11 183 218 171 197 25 236 36 99 81 193 187 97 43 211 212 87 28 197 177 164 197 154 92 64 135 227 95 222 10 9 108 67 25 225 68 123 148 44 116 64 125 228 74 138 156 244 187 163 135 151 103 249 78 81 117 209 63 67 169 172 3 147 156 246 179 2 27 240 83 165 144 18 90 152 230 240 220 2 133 109 12 194 203 20 87 25 200 44 33 191 136 85 119 213 216 63 89
192 26 233 96 61 106 72 179 163 126 115 32 134 247 197 137 133 71 66 186 65 98 21 247 114 183 105 254 145 100 222 4 210 32 194 69 136 2 149 12 65 190 23 155 111 238 30 90 218 164 18 46 42 244 53 50 221 54 21 165 13 13 97 142 243 130 144 18 94 229 83 255 169 52 15 222 193 199 121 159 253 222 192 128 13 76 92 179 135 46 118 122 241 110 217 239 146 228 12 85 198 178 54 231 137 137 153 128 102 63 189 84 248 118 187 171 70 54 44 169 202 180 126 23 116 70 226 131
161 61 151 132 233 60 230 245 247 239 140 154 81 211 7 28 96 245 241 223 126 78 189 119 118 231 232 38 28 16 182 65 189 28 78 138 230 164 92 66 136 151 218 252 115 3 67 239 177 62 20 63 219 158 246 190 3 24 203 223 135 231 253 211 232 140 16 81 30 188 100 79 52 49 245 199 145 250 242 195 82 39 14 10 143 231 39 77 124 187 225 91 46 98 231 237 152 158 31 50 145 201 188 169 62 185 246 237 196 237 202 49 100 116 129 218 171 14 186 141 6 170 177 37 195 245 154 144
196 200 13 130 204 92 145 14 1 124 255 100 15 92 68 161 40 241 63 230 144 193 107 91 190 45 250 240 217 163 184 236 140 24 160 91 201 166 224 105 103 107 234 156 23 169 86 64 219 18 25 142 225 125 230 151 114 177 244 222 54 137 149 11 171 72 185 90 109 18 208 87 255 73 23 193 128 85 232 64 41 7 35 140 231 216 114 36 188 211 203 134 211 62 100 135 109 173 37 33 16 130 45 166 5 27 69 141 102 178 197 42 131 139 44 112 127 123 156 163 222 58 231 86 153 225 29 139
227 74 142 10 168 71 116 59 155 97 156 1 232 241 246 158 88 253 96 134 50 122 235 153 136 13 72 155 45 183 132 148 201 113 183 194 114 245 187 75 253 43 233 119 183 122 224 215 90 165 88 77 207 204 208 56 92 35 29 126 42 226 183 103 29 67 138 49 183 86 216 193 94 173 32 112 11 73 135 103 11 235 124 88 165 140 38 63 136 138 140 163 44 158 150 4 70 225 212 208 60 33 143 244 103 61 11 8 122 109 57 194 221 131 34 40 4 206 41 148 209 248 53 247 166 146 224 38
85 103 71 220 57 113 226 231 172 49 240 41 188 183 242 227 218 33 183 206 21 38 128 91 207 220 218 189 144 182 13 231 157 225 252 177 147 38 186 113 79 243 159 135 136 18 202 1 140 214 229 219 100 178 87 88 136 161 97 64 207 69 58 112 167 155 113 162 98 203 42 211 34 96 202 85 102 238 239 46 183 109 163 156 15 68 218 69 172 205 62 250 42 1 197 21 201 156 44 12 32 140 224 202 23 177 28 227 108 220 166 134 243 151 12 185 74 150 183 73 191 95 228 105 180 148 70 131
206 231 153 20 86 159 68 50 187 18 40 41 195 24 135 9 131 73 142 101 170 21 126 130 79 159 149 246 27 141 255 62 4 145 171 64 228 52 40 156 100 74 210 220 220 30 162 220 246 105 100 208 10 146 242 198 255 121 188 232 199 54 123 18 1 14 79 56 153 87 102 236 190 24 158 235 145 106 195 237 33 121 127 84 180 236 41 179 243 164 43 44 84 214 206 136 220 110 29 209 218 0 5 103 95 85 38 243 225 143 28 189 134 176 90 118 254 144 27 22 187 176 92 193 79 170 19 146
163 164 91 122 100 35 41 131 36 229 127 165 175 191 217 102 10 125 215 229 144 86 163 34 62 55 231 243 178 165 40 109 0 30 177 34 84 181 13 17 224 51 230 179 145 49 138 77 52 144 211 74 47 105 67 88 199 8 8 2 177 126 237 54 129 233 195 179 248 4 208 119 57 18 4 188 171 190 93 143 126 210 174 250 31 147 177 103 112 95 219 89 95 151 238 115 136 148 197 220 192 136 177 138 9 15 232 203 39 210 144 4 114 191 172 58 99 228 25 101 169 17 166 234 231 99 180 190
180 198 206 173 219 173 146 244 230 128 33 97 124 29 103 224 86 26 196 79 56 138 131 106 69 64 74 65 103 116 95 70 202 38 255 202 93 105 124 180 240 226 56 78 177 10 249 238 3 8 241 121 135 144 72 213 155 254 121 209 47 102 216 38 90 103 211 53 179 232 66 86 52 209 193 209 59 127 100 27 122 108 92 146 255 157 241 186 34 13 103 17 111 210 156 67 252 103 200 232 122 216 230 72 32 37 126 50 179 198 185 129 177 42 233 134 200 233 135 82 97 69 142 46 178 36 4 134
