17 104 23 56 41 27 7 116 111 105 28 62 48 44 44 125 64 68 97 101 24 96 51 14 68 7 81 67 50 115 114 79 95 62 65 60 126 102 31 87 104 47 33 3 92 21 104 50 28 47 24 78 124 80 18 119 97 101 96 107 29 46 25 17 72 74 123 9 114 31 97 94 82 27 84 80 86 92 21 71 94 109 21 70 85 84 97 76 61 69 125 32 21 6 53 80 72 21 10 89 82 91 21 96 96 31 114 95 78 2 47 117 65 93 123 60 33 11 112 8 50 107 89 56 4 32 92 18
39 65 110 60 36 94 1 34 40 68 118 103 123 46 4 37 18 80 107 28 118 27 37 75 122 121 17 32 17 88 75 41 85 96 30 25 97 31 73 46 2 87 71 122 44 81 79 31 125 34 81 76 78 67 27 69 90 117 109 46 126 36 96 37 87 34 16 114 72 33 56 69 74 87 17 13 121 91 39 96 93 53 66 27 84 56 46 121 10 32 57 16 120 106 112 6 97 82 65 34 116 31 63 101 15 35 56 12 98 48 76 90 48 122 124 124 47 60 97 55 74 119 51 59 121 7 26 115
51 41 77 88 72 36 56 30 101 112 10 92 81 97 61 113 66 116 54 41 42 76 75 17 55 30 98 100 22 94 22 32 121 22 78 119 14 44 13 83 33 73 5 22 56 75 87 29 121 69 64 118 94 43 12 45 120 6 17 3 21 88 111 19 97 116 112 101 48 83 49 57 58 95 29 19 76 86 52 28 26 22 62 29 15 66 33 61 87 115 20 6 65 95 109 93 19 74 96 85 27 24 100 12 59 101 89 120 74 41 61 116 21 106 95 96 57 126 3 11 11 92 33 18 96 50 41 109
9 18 113 54 26 38 114 82 25 33 27 60 46 95 1 46 115 91 38 116 38 8 37 49 93 116 68 20 78 115 121 9 117 82 16 87 10 112 13 83 17 25 2 118 76 86 42 3 51 70 71 116 24 122 115 38 42 9 35 111 60 69 20 20 96 31 46 20 105 46 103 35 118 47 113 4 38 114 88 89 11 68 86 34 63 111 114 48 18 76 59 40 82 65 17 104 20 95 17 106 18 21 89 4 77 68 35 34 7 121 42 104 60 62 33 100 54 21 10 59 6 126 9 27 37 58 113 49
49 98 20 80 100 32 56 20 30 104 105 87 96 109 4 3 118 24 115 108 96 123 114 14 47 47 96 35 56 21 104 40 104 34 87 23 29 80 16 3 25 9 52 122 84 23 65 99 71 21 51 77 45 1 22 1 8 16 26 116 75 8 15 76 118 34 0 0 63 108 87 0 31 111 12 101 120 87 24 50 68 113 30 88 97 97 45 112 6 126 37 64 93 89 61 89 44 100 55 101 51 26 60 78 19 89 35 96 71 50 119 17 91 115 103 16 24 74 94 26 61 81 118 74 107 109 68 110
107 24 120 96 61 14 104 43 119 36 97 63 26 72 46 82 10 89 27 62 69 33 50 54 15 38 112 53 80 32 101 107 38 5 117 123 71 88 108 72 11 16 47 109 29 85 94 86 56 8 79 88 68 40 90 38 3 50 43 124 42 100 8 74 31 125 84 103 93 76 32 101 50 93 88 7 85 26 17 114 121 57 52 44 3 113 111 84 33 91 4 110 28 63 106 115 74 120 50 63 36 37 98 123 32 50 126 112 101 85 54 106 28 124 56 114 47 18 30 40 53 85 24 106 85 83 104 66
80 125 7 86 114 51 92 38 0 11 92 67 88 83 50 95 16 109 69 65 98 123 76 99 126 52 45 114 58 43 93 9 10 96 82 2 61 119 79 68 102 65 31 47 17 84 53 1 61 8 111 57 28 119 88 98 61 94 118 56 44 41 26 16 124 79 107 19 100 121 64 115 120 13 61 4 31 103 5 54 17 93 58 15 24 67 15 50 18 36 48 68 62 60 75 60 44 123 19 17 50 53 62 102 76 9 65 110 114 13 93 23 39 125 115 39 82 96 103 122 13 65 65 29 27 104 108 71
2 120 59 15 40 48 74 16 50 4 15 39 47 118 78 108 40 43 40 8 31 12 67 60 96 29 89 73 121 53 57 89 85 93 58 2 81 84 40 5 96 92 98 81 90 97 114 76 37 105 119 59 70 51 72 90 81 98 76 50 114 44 36 126 75 95 88 50 61 47 25 90 78 12 104 103 121 7 24 94 32 112 34 112 108 17 103 93 58 19 122 17 8 38 63 77 5 28 62 24 68 93 10 92 4 13 2 49 72 90 104 63 77 75 87 5 81 121 101 63 107 74 72 98 9 41 6 27
50 23 121 29 104 19 16 86 96 33 60 1 62 123 24 36 55 14 74 28 9 104 47 89 90 41 7 38 13 120 30 81 6 50 32 115 42 123 15 86 25 71 122 31 43 53 83 35 71 45 3 60 39 101 57 72 86 124 14 46 76 29 39 118 13 121 25 63 33 54 56 101 75 87 106 9 62 61 66 124 107 114 115 83 114 102 115 91 33 69 36 78 32 9 48 112 102 119 87 98 77 81 47 114 28 49 33 95 34 4 101 54 1 32 88 106 80 22 63 18 102 31 118 68 23 78 17 98
82 17 39 91 12 25 94 29 22 122 73 37 63 2 65 2 35 43 124 90 35 60 72 26 33 30 119 44 27 59 78 121 51 17 57 71 96 118 56 101 58 64 90 31 2 51 44 6 61 71 103 24 73 18 31 70 32 83 41 75 86 122 104 54 55 114 114 36 16 47 1 117 38 42 94 66 35 14 122 68 118 69 49 85 4 3 44 125 51 33 108 114 115 47 29 71 106 89 38 59 60 67 103 56 98 83 24 126 53 61 93 28 118 126 123 47 64 71 111 19 102 95 89 12 55 64 111 82
116 109 19 16 112 23 65 115 59 92 0 82 85 0 45 98 68 10 79 73 102 122 91 44 52 26 79 50 49 126 32 112 81 75 104 63 81 4 124 92 40 64 18 6 32 14 26 119 102 30 93 69 121 62 94 113 93 18 31 39 24 37 64 55 78 29 105 83 53 29 16 57 39 62 115 86 13 67 124 120 48 123 3 60 72 116 41 6 24 106 57 113 45 60 49 42 25 89 58 16 21 63 21 110 114 94 38 90 48 75 105 92 83 9 65 66 107 114 61 39 51 32 22 30 95 35 100 19
46 122 81 24 67 10 60 110 32 36 33 95 3 52 26 105 19 11 56 44 113 59 103 44 10 82 111 111 78 80 116 56 73 48 96 24 115 96 50 85 71 118 111 51 61 56 82 65 124 38 80 41 113 107 38 42 13 87 65 91 5 52 126 26 91 70 58 94 77 55 97 32 114 126 4 78 93 109 46 12 107 13 115 34 97 67 124 15 43 81 15 2 108 21 30 9 5 4 48 42 81 64 93 51 21 15 91 53 4 125 69 3 39 108 111 124 93 13 68 105 118 13 89 121 119 44 15 101
50 113 47 30 56 115 93 105 115 30 84 24 110 126 41 34 17 90 52 3 97 40 65 84 121 98 58 120 85 81 46 92 93 18 87 22 85 42 3 100 87 121 66 32 69 14 114 42 18 107 30 39 77 25 48 62 46 100 17 112 26 68 70 29 10 72 6 30 107 118 66 1 115 9 102 101 2 94 61 68 61 61 92 66 47 20 66 33 83 110 12 115 57 26 82 64 25 10 97 25 104 62 70 108 72 3 59 112 124 32 64 15 44 108 79 112 57 59 79 115 81 32 95 72 55 125 93 44
124 76 113 24 111 74 35 24 12 124 86 68 99 3 23 52 7 95 106 17 86 80 111 80 94 75 36 53 59 10 26 0 58 64 74 108 85 96 5 41 122 82 57 111 62 22 124 28 25 16 117 50 33 47 123 97 6 20 96 95 69 21 123 20 78 10 60 107 27 121 32 125 68 79 29 12 1 34 86 98 122 114 62 89 59 93 45 55 112 124 46 49 48 38 16 67 117 58 112 103 92 81 84 7 34 82 61 70 29 43 97 124 77 107 38 15 67 85 62 57 118 21 25 79 115 35 35 43
18 0 59 34 26 44 76 54 86 107 124 43 68 20 104 58 33 19 40 93 91 94 87 87 7 100 27 118 40 62 61 70 8 94 2 83 27 11 119 103 56 58 112 119 121 38 6 50 73 69 115 38 85 56 7 29 49 6 86 75 11 108 1 114 116 116 63 102 64 36 122 105 66 122 36 91 17 124 69 108 88 87 121 21 70 76 45 19 60 51 81 13 20 34 58 124 6 92 108 87 2 66 14 59 67 63 52 37 101 39 9 8 105 119 18 51 11 45 1 114 57 46 84 60 9 20 34 14
58 120 91 0 48 26 82 6 43 18 65 56 62 65 0 6 102 109 119 96 37 123 106 6 25 85 47 3 95 104 107 106 67 45 123 106 47 50 101 12 17 64 86 37 84 17 32 121 12 24 13 114 113 34 83 67 68 121 32 41 76 36 123 74 96 28 92 126 34 27 63 70 96 110 10 68 124 86 75 24 97 60 58 69 95 48 34 27 8 101 85 18 13 60 122 30 54 86 96 101 64 14 31 47 80 11 20 19 40 69 126 92 7 19 115 14 88 101 39 75 68 80 103 101 27 125 113 1
88 62 108 42 54 97 40 23 124 84 11 112 95 11 24 52 85 52 12 49 43 56 57 48 95 46 12 27 18 83 121 10 106 63 41 47 63 99 3 51 10 111 32 71 121 103 14 34 123 121 34 47 64 41 62 112 82 120 108 21 109 67 58 11 63 102 60 93 68 86 23 118 118 15 53 27 2 19 18 33 113 56 0 106 39 84 38 119 45 25 42 98 62 30 59 22 111 76 103 13 5 87 13 113 17 100 59 96 3 118 88 123 57 96 86 123 112 43 47 111 125 35 43 11 97 49 23 95
3 41 83 63 93 77 101 49 18 94 57 80 94 82 58 113 111 7 83 57 19 104 111 85 87 30 119 53 6 20 25 124 116 11 83 78 80 18 27 91 105 51 111 102 38 92 100 73 126 54 36 117 65 100 87 68 48 26 82 15 101 9 97 99 10 20 12 9 92 13 13 126 94 79 9 68 8 114 76 32 105 1 57 61 58 31 28 72 24 58 112 93 104 32 60 27 43 117 71 65 40 33 91 109 104 1 56 26 71 48 95 113 15 100 22 2 68 36 67 101 23 55 43 47 63 20 43 1
58 83 63 38 5 119 76 102 67 53 101 66 126 47 83 49 65 13 117 22 98 81 22 0 29 122 41 91 18 92 92 93 4 43 64 11 45 22 62 54 1 86 39 54 61 121 78 72 28 48 125 57 56 101 47 38 69 18 31 5 42 105 102 102 73 94 103 47 9 46 100 87 93 34 74 52 60 33 15 11 71 30 65 40 9 41 106 126 124 38 2 115 116 104 53 113 34 16 84 105 94 54 50 74 58 7 7 1 42 83 45 84 96 72 12 66 115 126 16 32 57 17 125 73 47 77 71 73
67 72 9 37 16 2 57 124 27 106 116 17 10 118 0 80 114 98 59 105 78 37 109 41 47 43 4 121 94 61 93 70 55 119 41 89 30 32 101 6 80 100 33 37 73 10 62 107 31 85 81 123 85 118 94 88 25 2 29 9 74 122 13 119 48 23 86 83 52 72 4 3 9 52 69 87 62 108 41 12 74 109 113 45 56 69 100 58 106 82 39 55 88 77 116 121 26 88 8 57 51 61 20 92 97 21 45 23 65 26 45 60 93 8 85 49 11 98 28 120 112 77 103 7 23 43 125 12
93 33 72 39 97 31 58 29 4 109 23 12 118 87 94 125 50 36 68 63 22 117 112 71 125 12 88 40 84 77 33 57 20 94 36 117 41 7 20 81 103 114 41 11 103 27 109 41 97 41 94 71 100 100 37 113 73 7 19 72 102 94 68 0 18 68 85 28 94 36 104 93 55 17 24 58 3 119 43 61 102 25 64 89 18 116 48 10 32 114 26 66 26 26 118 51 74 118 103 34 60 40 124 6 125 79 40 35 54 13 125 119 46 29 41 90 113 18 48 56 121 19 87 62 57 29 101 89
81 100 101 59 53 116 14 60 98 108 119 52 60 74 40 97 13 47 66 28 45 83 75 106 108 71 80 89 33 97 26 104 93 89 111 77 78 4 76 96 28 47 98 6 82 21 39 95 92 74 41 43 38 19 78 90 118 14 33 25 38 80 38 114 14 58 19 74 37 108 58 102 56 12 85 51 0 109 53 31 90 51 35 107 91 61 46 13 26 20 42 17 93 82 16 72 14 53 42 94 29 32 10 89 55 112 0 40 13 22 5 54 73 95 126 106 34 110 119 111 119 62 1 26 112 78 49 28
34 87 34 37 43 107 122 102 5 90 106 4 55 85 79 30 84 101 119 38 83 113 63 80 67 63 69 35 106 54 32 8 77 113 20 68 11 5 62 42 22 47 65 96 79 30 58 39 86 98 74 26 87 126 1 24 85 122 99 117 12 94 32 118 125 67 124 101 9 49 34 35 66 23 55 94 126 112 44 23 109 36 49 92 102 64 122 0 85 100 99 34 38 0 52 18 56 25 71 44 45 8 45 104 40 30 53 8 29 68 66 42 96 82 84 63 10 74 49 70 15 126 53 50 72 58 48 31
77 75 93 15 7 38 97 51 67 66 1 94 91 11 64 17 105 114 13 66 84 19 125 43 16 100 5 15 25 39 109 101 5 33 111 62 58 64 29 35 54 114 90 26 58 66 100 99 90 15 74 40 90 81 104 91 2 2 46 87 44 42 34 31 90 77 16 35 17 89 58 25 1 3 66 64 62 96 48 66 105 7 62 87 94 72 67 85 68 82 61 61 44 37 45 102 114 70 118 68 101 15 77 55 76 4 31 36 105 21 93 31 55 57 2 9 51 18 99 18 98 58 81 81 83 37 107 10
55 16 10 114 54 21 23 30 103 48 51 123 21 77 5 52 19 112 44 74 111 86 107 54 66 87 28 102 59 73 69 103 7 96 4 30 31 54 15 124 65 65 77 108 74 45 57 17 33 53 21 55 95 1 35 116 23 81 41 46 120 91 13 94 36 8 12 121 57 37 14 38 109 20 26 75 110 19 82 39 7 64 48 74 89 68 125 94 74 12 118 76 112 53 48 55 16 101 105 101 84 93 57 78 83 109 1 22 65 82 66 73 82 37 79 16 2 101 50 122 25 106 30 105 45 58 98 66
97 14 31 87 73 84 28 112 45 40 30 63 104 97 57 108 92 100 64 82 113 71 27 117 105 61 126 42 90 6 8 18 21 35 7 108 56 101 111 31 0 23 118 29 70 3 76 35 2 27 54 5 23 83 105 54 10 78 84 97 59 69 40 77 21 79 112 4 17 19 76 4 71 1 5 89 97 113 23 118 11 0 119 117 18 53 23 47 86 58 100 125 78 38 109 48 106 44 50 53 64 103 84 40 58 34 60 45 79 80 8 109 23 118 99 119 64 85 101 10 90 0 50 72 67 15 35 81
96 47 116 5 126 107 37 98 52 33 64 11 1 87 123 11 96 27 107 64 36 24 121 68 92 6 49 108 45 99 29 111 47 4 121 20 36 73 35 104 89 42 40 3 19 58 50 101 108 27 3 105 49 53 2 109 10 31 48 19 57 25 48 54 80 41 90 67 17 44 108 16 101 51 100 99 88 56 59 8 116 56 24 123 48 123 107 13 78 126 56 52 113 59 114 18 47 111 93 69 95 100 17 80 38 37 25 79 65 59 80 53 10 117 45 17 85 40 64 10 57 34 14 74 12 78 71 32
88 98 68 47 66 62 69 21 1 6 19 112 73 24 112 49 106 108 5 126 83 98 95 79 32 91 107 126 76 48 109 45 74 90 106 113 50 33 66 19 66 1 97 43 26 75 102 25 70 61 41 87 99 111 78 121 55 125 100 56 109 64 75 114 93 40 15 55 3 43 2 22 114 11 31 99 75 101 3 25 36 51 28 11 96 103 2 46 42 22 61 25 2 66 110 94 96 98 105 69 41 58 121 122 86 17 28 58 23 9 39 68 44 30 121 2 106 97 67 1 81 92 106 37 48 13 75 36
81 63 54 8 18 91 49 18 95 26 46 70 63 90 48 121 93 54 112 111 92 15 17 51 101 43 41 56 109 41 67 67 45 106 55 30 76 115 91 28 46 13 112 66 54 49 97 32 55 38 106 60 62 119 52 59 115 10 69 94 125 92 69 20 55 84 62 100 88 68 74 99 62 54 73 118 4 22 44 87 84 100 21 31 112 119 92 11 5 30 115 19 12 48 79 96 96 61 104 25 75 59 2 123 94 76 104 105 124 26 8 119 19 8 66 118 87 55 8 16 110 73 90 3 72 15 98 101
41 77 24 114 66 42 15 125 55 23 38 42 80 45 122 93 111 1 101 16 18 19 34 19 28 38 9 103 82 75 21 97 57 120 67 99 123 77 13 75 15 8 29 39 55 57 74 31 100 41 25 105 20 47 29 124 116 125 97 106 5 67 8 100 41 61 15 54 27 42 83 70 54 123 120 50 126 121 74 67 54 114 83 9 55 34 12 72 20 10 25 124 33 94 52 125 84 56 72 7 55 52 12 80 57 4 45 101 122 78 126 64 30 29 32 79 36 110 125 65 100 16 44 52 106 86 66 99
123 122 19 57 46 20 39 48 111 120 26 33 106 97 105 126 24 85 54 105 18 23 111 34 126 111 90 67 118 15 43 19 107 120 52 85 99 87 5 43 95 49 113 71 23 91 28 108 40 13 34 69 108 123 44 3 23 118 114 15 93 5 92 117 65 54 121 42 58 69 72 60 69 31 56 41 9 16 43 124 97 78 36 30 78 80 59 78 76 105 7 58 36 121 64 46 11 0 120 55 115 36 37 30 8 46 58 50 82 105 95 116 14 108 72 115 40 123 79 89 100 35 120 105 49 6 116 54
5 17 24 101 46 1 120 12 111 38 28 76 119 23 112 19 85 107 41 115 75 99 47 7 66 68 125 44 91 100 105 92 10 1 26 50 125 39 3 70 70 119 124 88 37 1 34 13 21 70 87 91 31 95 94 22 52 72 110 1 96 101 2 35 56 85 102 11 9 122 71 23 53 98 105 100 58 8 34 29 49 120 126 10 81 108 107 14 75 14 80 2 42 98 73 123 55 8 93 9 27 72 43 50 120 62 4 104 35 78 55 57 80 57 58 105 89 51 119 59 52 101 28 10 45 36 66 1
29 61 19 116 86 42 85 39 81 99 23 69 61 59 6 22 98 108 29 22 49 30 18 5 102 83 36 67 106 67 38 78 29 94 4 7 77 111 40 63 31 119 109 124 76 108 11 29 75 50 95 32 125 84 78 15 70 23 27 81 87 85 5 10 117 33 90 0 91 54 80 20 48 54 95 14 116 4 57 108 97 100 88 55 103 63 121 79 21 25 15 15 116 30 8 14 46 45 6 62 59 33 89 36 125 69 110 50 98 110 111 69 49 20 79 51 117 84 91 75 67 44 77 91 115 119 103 78
41 69 112 8 0 99 111 120 101 104 12 102 11 50 69 89 10 69 26 75 92 51 71 121 63 122 64 125 13 15 104 89 69 111 1 14 50 126 106 68 103 2 115 22 78 111 41 126 66 123 81 92 110 28 89 2 116 119 103 76 8 105 18 10 92 101 47 6 31 96 53 107 82 52 31 85 38 0 14 17 112 44 31 13 43 68 77 106 104 4 74 12 99 69 62 30 67 122 44 21 106 109 27 18 76 88 126 24 0 85 22 61 116 114 103 96 92 86 43 80 29 2 23 5 15 125 76 100
125 114 43 37 26 44 54 123 56 109 98 118 123 51 123 6 58 120 15 50 20 84 71 42 58 81 106 95 5 5 40 83 44 123 29 108 110 19 89 75 107 85 27 96 38 27 37 28 28 33 97 82 70 64 75 50 64 109 109 68 51 22 115 61 36 31 98 11 47 65 35 10 112 100 41 13 57 86 72 31 10 98 123 11 85 15 6 87 48 46 108 125 83 4 89 32 109 89 99 116 25 86 16 113 15 119 89 2 115 66 16 4 55 65 29 99 38 83 104 26 97 72 41 51 78 100 16 5
14 63 116 80 60 55 68 14 108 126 18 123 0 14 89 119 86 122 95 121 34 67 120 32 5 76 0 46 117 125 3 33 104 19 49 89 107 15 93 11 11 45 63 4 92 79 97 3 68 84 37 80 82 77 53 100 65 33 125 12 31 0 26 30 33 57 18 32 23 24 119 90 47 115 63 85 82 125 11 95 126 124 10 4 4 104 107 71 33 69 90 6 101 113 30 40 103 122 95 116 75 108 104 88 1 31 11 25 60 102 13 110 14 51 6 126 51 124 12 1 52 25 35 39 19 73 89 35
71 119 14 52 98 40 17 34 19 58 32 78 32 16 94 49 50 105 103 113 45 50 41 93 93 16 96 4 54 32 70 114 24 68 10 41 84 5 79 69 105 120 38 87 79 6 52 125 82 53 10 29 105 102 38 24 25 39 98 83 101 40 49 69 110 12 44 69 3 10 118 61 37 23 53 126 76 49 36 108 94 36 19 110 113 4 40 69 62 85 48 66 96 122 58 12 16 86 39 39 81 119 20 17 99 47 24 77 20 35 83 26 85 104 103 48 79 108 25 93 113 100 64 78 44 30 88 34
54 34 33 96 114 29 42 24 57 45 88 9 44 86 70 17 97 51 56 54 36 120 81 51 8 2 45 6 89 1 7 103 48 62 22 79 25 74 4 86 6 72 99 106 74 29 94 99 54 34 117 78 60 15 79 10 30 120 37 82 99 92 14 84 13 25 76 14 74 38 71 125 17 24 44 57 102 96 17 108 101 1 101 33 97 82 124 124 70 8 101 88 64 122 12 32 46 0 18 27 119 26 104 24 108 111 101 53 15 118 13 57 37 99 13 24 2 29 77 68 77 84 82 71 67 113 106 14
106 9 86 37 27 8 52 118 107 103 120 111 26 27 56 15 4 69 114 69 89 91 53 97 40 52 49 91 12 36 123 15 114 99 9 62 65 69 31 20 33 65 47 57 89 73 109 20 66 30 55 34 48 7 26 37 112 24 96 6 52 125 69 81 96 110 6 45 118 55 96 74 26 99 109 50 41 23 56 65 6 97 89 19 43 47 117 55 78 43 10 47 0 23 113 91 66 27 112 25 4 66 2 97 112 21 39 58 119 46 17 23 88 42 87 75 17 66 113 41 110 14 89 46 18 64 49 5
93 69 26 2 9 13 33 77 42 104 52 28 11 72 110 59 79 63 90 72 7 62 56 83 108 41 30 26 83 117 85 36 13 72 68 52 30 28 48 79 25 107 36 59 27 96 19 8 98 68 52 47 16 101 20 120 103 120 29 42 92 18 88 125 101 48 24 70 122 21 2 98 36 21 23 23 54 76 108 6 125 116 46 9 7 16 15 18 15 95 36 29 32 73 124 55 51 33 65 92 107 97 41 24 46 4 25 80 17 45 74 31 125 84 16 90 59 104 121 8 61 97 17 116 35 43 124 35
16 62 107 43 37 80 24 49 107 58 47 49 0 79 118 14 14 3 121 15 47 97 122 11 49 1 109 71 44 93 13 77 18 67 37 63 118 108 45 82 93 7 94 70 6 23 62 77 120 46 74 6 24 86 90 68 96 95 52 70 4 75 73 1 67 89 102 6 122 122 39 71 72 26 20 35 92 37 108 126 29 87 31 72 37 102 101 51 117 97 57 5 67 44 98 121 20 88 49 69 41 98 7 119 18 43 39 9 14 71 30 70 107 107 4 101 0 38 99 77 105 50 115 16 20 100 69 56
15 91 17 97 73 67 126 93 119 11 111 10 36 121 2 45 75 25 82 116 61 1 125 72 14 100 53 90 49 31 58 94 41 5 9 32 6 6 33 76 94 111 95 86 114 87 68 65 77 54 79 16 23 63 41 87 112 47 56 51 119 116 84 115 67 79 62 23 25 45 61 2 69 66 6 48 91 106 56 85 41 115 93 80 12 45 3 59 53 109 32 29 76 112 75 72 35 58 5 120 4 117 112 45 126 73 65 63 105 0 59 100 125 82 94 41 12 67 39 52 45 98 64 35 85 7 59 97
34 50 11 22 18 20 1 43 43 75 24 81 45 46 67 3 100 110 45 16 115 103 20 42 78 19 126 81 107 44 33 88 102 92 15 122 47 112 109 26 9 73 82 86 55 26 20 80 112 123 79 66 34 54 25 95 76 98 96 94 94 89 117 105 5 2 57 43 14 81 74 24 7 60 70 7 86 43 111 97 112 109 78 46 86 64 97 18 74 20 86 85 33 108 33 59 21 22 73 101 75 73 9 60 14 84 77 95 45 61 92 39 57 81 1 70 95 54 123 107 18 47 55 87 60 105 19 111
5 29 32 94 25 74 84 27 35 85 22 16 58 7 89 59 41 56 42 40 11 91 65 67 69 7 37 25 90 103 39 100 18 6 96 98 8 93 50 53 116 34 6 46 30 39 17 124 77 37 92 34 125 102 21 101 109 55 65 47 62 43 63 93 120 44 122 85 11 55 100 3 71 73 83 42 94 20 48 33 126 45 112 93 12 98 104 109 4 25 87 36 44 46 125 60 40 80 27 36 17 40 70 98 54 7 50 14 48 124 41 47 58 114 39 100 91 41 39 77 47 115 25 41 47 36 110 123
22 75 53 41 34 80 100 4 76 9 60 104 102 39 91 98 36 79 70 120 69 102 43 28 50 13 15 28 10 112 82 100 13 81 71 110 77 28 83 126 36 61 31 92 24 5 61 106 45 51 54 50 58 43 16 7 112 51 93 17 60 83 89 1 55 66 88 76 108 106 97 53 48 7 49 115 37 11 74 17 76 75 111 99 82 91 18 104 104 69 24 57 31 2 84 91 24 70 85 65 10 14 86 1 123 59 67 70 52 28 2 1 79 102 38 60 117 24 94 25 71 122 17 5 6 19 6 113
2 26 99 117 113 84 82 115 47 80 14 41 4 76 46 76 121 90 99 103 46 71 63 49 24 55 94 44 82 7 87 44 105 93 0 92 42 27 111 52 11 82 58 9 18 83 105 80 6 66 9 12 75 79 118 66 47 78 95 19 92 11 103 49 6 24 39 90 87 71 84 66 24 116 116 59 28 104 110 51 32 49 119 81 83 95 100 110 106 74 99 33 69 45 80 74 96 8 31 19 29 39 124 62 93 54 27 83 16 79 46 111 73 52 109 3 5 59 20 67 39 124 86 82 0 17 103 100
96 4 110 36 6 89 113 30 75 40 91 102 25 73 65 79 89 117 30 60 83 24 111 14 55 85 54 32 54 57 105 48 66 69 16 90 5 102 97 18 124 76 84 77 71 95 58 16 126 99 28 75 23 89 34 26 13 100 91 15 66 67 41 28 77 93 105 81 70 9 107 98 34 82 8 47 67 113 101 60 118 53 3 10 30 95 66 114 12 84 2 35 72 51 86 16 64 18 110 78 93 68 29 10 57 91 76 35 96 79 29 95 19 3 52 98 7 90 8 125 108 93 95 1 80 124 47 28
114 60 125 94 94 53 53 103 33 57 33 12 120 60 90 120 66 3 45 37 111 76 33 75 75 118 120 57 15 0 82 60 11 105 21 46 29 44 33 73 14 122 19 81 97 89 24 122 84 87 0 122 123 88 13 0 56 74 102 6 38 42 28 112 119 65 82 94 103 79 50 51 66 66 26 108 80 26 117 1 53 125 112 17 6 122 70 116 99 97 21 96 51 115 30 34 88 55 91 111 38 64 13 30 81 95 115 42 95 113 84 91 64 51 84 18 56 67 38 29 102 100 20 118 15 24 84 21
43 69 78 11 38 105 87 14 89 41 81 10 16 84 102 115 96 124 96 107 41 39 52 115 111 94 55 16 6 87 69 78 17 51 11 105 107 8 4 6 4 78 62 120 38 34 31 94 90 96 40 92 42 114 92 95 38 3 124 37 40 87 83 30 57 112 101 98 54 125 79 5 10 114 80 66 114 102 57 114 106 108 7 122 111 117 101 79 102 44 75 52 41 80 73 103 117 20 20 31 90 77 64 21 45 58 8 62 46 120 100 37 64 82 71 121 118 126 66 76 18 48 55 87 90 47 23 58
106 95 78 95 109 35 91 113 7 94 22 90 41 120 81 44 60 54 12 73 13 64 70 119 104 36 70 42 31 101 65 9 76 87 45 111 40 114 84 55 27 31 11 83 44 70 79 124 80 19 108 83 0 100 69 92 64 93 76 85 51 108 32 40 117 110 24 56 64 18 81 63 91 75 118 47 28 49 12 32 123 8 7 36 94 97 43 15 64 122 6 113 9 89 28 106 90 2 104 51 5 47 122 83 32 104 72 51 2 21 75 76 13 70 38 102 62 26 78 52 124 28 13 0 60 19 35 3
36 119 15 86 55 40 117 111 56 30 37 61 9 7 109 76 53 28 86 108 59 63 73 56 99 20 101 63 119 52 49 14 37 75 30 18 32 43 41 93 103 51 55 78 115 114 126 120 97 119 106 97 86 71 12 69 3 116 56 24 60 103 114 117 55 74 84 46 19 38 21 79 34 113 122 107 3 15 113 24 89 11 23 90 11 64 23 119 60 106 12 120 61 100 64 13 67 17 36 117 18 13 49 106 123 86 62 21 97 112 123 38 7 31 97 112 34 4 10 4 103 90 18 79 62 91 89 0
1 67 8 38 52 92 57 103 110 110 106 122 69 99 105 53 126 113 47 96 113 2 89 53 86 64 103 18 111 36 42 122 97 100 110 111 46 39 32 93 8 25 76 76 70 101 41 42 121 62 84 23 8 110 44 48 8 113 94 72 37 72 55 73 92 113 36 20 86 37 84 110 108 37 92 34 68 9 21 119 91 95 6 42 115 51 13 115 104 61 126 101 124 86 124 97 0 69 47 17 123 70 23 15 84 100 30 90 112 71 108 76 125 62 84 3 40 98 54 53 21 95 66 68 46 33 11 21
118 122 68 82 98 118 88 30 37 57 69 111 118 89 112 111 22 117 56 19 71 27 39 67 75 54 74 77 70 39 39 36 81 103 2 34 74 37 51 24 38 116 97 14 111 46 12 41 60 105 61 33 104 117 86 29 26 33 99 91 58 85 84 21 75 86 111 115 30 68 107 92 30 71 28 116 23 90 65 122 8 33 95 94 51 112 113 96 111 41 55 97 120 25 27 48 83 48 114 42 122 90 29 54 61 95 112 52 32 85 102 121 41 25 34 120 20 45 47 89 26 107 39 26 47 78 10 122
40 78 83 106 17 34 110 41 10 18 3 23 7 32 64 26 19 103 106 11 39 58 93 120 44 2 82 73 67 35 34 77 47 60 50 107 6 83 34 96 44 97 89 73 49 90 91 60 13 110 99 20 115 114 95 83 125 125 88 72 13 116 24 70 27 109 56 78 1 15 8 109 107 34 24 60 34 36 87 124 18 3 102 107 66 120 83 88 117 5 96 126 75 10 4 53 95 10 99 111 52 100 118 92 43 50 81 0 32 52 40 35 12 28 79 52 70 96 91 7 60 116 33 6 113 32 86 118
85 92 121 69 76 120 40 31 103 125 116 38 31 9 78 109 43 69 89 23 94 81 120 81 15 4 124 61 37 125 36 43 90 105 18 35 126 36 121 82 13 125 94 87 81 110 16 21 23 97 111 69 125 94 85 83 36 80 115 83 59 84 9 113 47 47 126 28 60 75 125 105 13 12 54 7 28 68 47 90 78 18 110 8 34 73 12 112 20 33 68 73 41 39 115 53 54 76 23 14 62 39 53 4 71 58 20 108 94 84 3 32 111 51 102 84 2 32 31 78 15 100 95 44 97 5 108 84
113 33 118 113 111 70 113 69 89 73 40 11 110 10 52 34 77 94 20 93 75 74 45 19 122 74 9 64 62 7 106 114 36 23 125 126 119 52 8 64 111 52 21 126 29 1 73 100 111 73 106 68 97 72 116 120 67 78 47 102 30 99 106 40 122 89 59 10 24 4 110 90 114 50 77 75 88 4 57 69 61 21 39 2 33 83 74 10 77 36 13 124 81 13 59 22 18 88 60 6 9 78 37 27 52 87 70 124 77 85 8 29 93 73 90 71 94 39 94 106 22 50 124 53 93 46 24 72
88 97 76 42 18 126 25 44 41 12 12 102 1 105 11 84 116 21 103 25 90 41 96 98 14 27 118 80 81 103 120 13 35 29 75 1 14 124 16 76 39 11 120 39 73 107 56 91 35 110 123 72 29 69 67 75 9 123 78 22 64 81 108 28 33 113 12 100 65 37 96 79 84 21 64 121 8 117 30 31 108 123 57 9 116 125 117 58 81 27 55 125 37 71 113 76 60 14 123 80 70 106 26 74 20 124 11 124 123 19 58 78 124 42 52 41 86 64 123 102 71 33 114 49 70 71 75 26
6 68 108 76 124 122 83 74 8 66 11 73 117 40 74 105 3 14 106 114 84 26 45 72 73 45 39 73 80 82 1 22 47 75 104 100 120 59 119 90 9 107 1 9 46 66 29 102 57 65 27 114 116 58 101 20 101 54 86 113 123 53 119 37 100 92 91 16 57 104 92 79 30 70 39 66 9 108 124 104 102 77 37 89 83 22 24 88 109 11 12 68 49 22 111 112 71 39 124 1 50 10 45 13 102 100 66 125 96 31 115 66 66 95 0 14 113 123 58 101 123 82 112 109 41 40 103 6
105 56 105 10 112 86 15 10 57 17 28 102 109 100 126 12 19 49 118 75 81 104 87 122 75 124 20 11 10 96 95 59 80 4 43 53 63 92 85 31 80 105 59 28 111 38 102 63 49 45 9 16 76 60 118 96 99 7 11 101 8 71 73 17 53 74 125 121 25 103 52 58 1 121 32 117 108 114 14 47 33 11 55 43 62 22 74 75 3 84 2 27 71 36 11 32 107 57 110 4 118 77 111 66 11 95 2 83 1 6 76 63 87 102 112 97 100 7 47 54 11 109 58 11 32 30 58 24
44 50 76 102 47 124 118 101 123 81 70 6 70 39 97 59 121 125 6 29 4 9 67 23 123 46 118 62 31 110 115 63 11 45 4 58 8 100 21 4 87 107 75 21 37 91 27 124 24 50 62 89 111 56 85 105 36 43 24 1 75 56 59 25 89 4 52 85 15 59 124 81 117 49 70 90 76 120 22 63 105 29 71 44 16 116 105 50 109 15 61 53 23 46 70 57 68 62 1 73 43 116 44 113 95 8 34 96 27 111 28 1 33 82 111 93 116 28 63 79 18 43 126 112 109 70 9 54
2 70 28 119 123 41 14 96 46 62 8 54 116 30 108 71 45 42 35 71 72 9 4 103 59 29 108 98 49 9 36 59 25 30 6 107 65 12 14 21 105 46 81 109 46 115 81 25 81 85 67 50 100 12 6 71 49 50 99 120 37 32 42 25 94 24 25 4 17 89 102 52 86 16 89 51 27 43 123 119 18 39 38 36 4 87 1 6 37 30 123 100 97 72 120 120 122 92 43 38 33 72 113 116 56 0 28 102 19 75 98 85 74 6 45 35 77 119 70 122 7 120 73 71 114 9 1 86
0 81 126 38 90 46 47 58 86 45 49 55 56 31 109 101 108 125 54 123 77 13 97 45 119 50 13 25 86 123 88 61 15 36 39 52 8 82 87 95 16 37 121 76 19 94 10 100 103 120 14 8 32 15 39 96 46 85 26 11 65 15 105 69 15 70 49 53 74 3 73 57 109 42 70 102 43 67 111 8 111 111 57 123 108 126 27 93 99 90 51 24 95 52 36 122 39 30 7 24 22 46 81 108 36 122 48 26 19 120 67 50 111 40 12 107 93 16 100 115 83 4 70 43 93 87 36 41
12 65 0 66 114 96 88 54 97 40 101 56 14 125 122 96 97 98 53 18 107 8 68 29 20 19 35 37 88 37 2 65 62 24 87 100 108 86 113 101 111 102 111 119 71 31 95 96 50 15 78 5 47 23 112 121 98 59 58 14 75 19 36 18 99 115 113 45 107 58 85 76 59 33 26 122 113 37 111 15 84 28 59 112 47 43 10 30 66 29 92 11 1 49 34 103 98 22 31 70 26 75 27 109 92 76 68 49 51 25 53 28 28 92 92 55 5 43 25 125 39 122 23 88 115 84 81 28
51 55 85 91 96 40 99 91 90 32 98 103 24 26 75 103 71 76 18 41 31 49 47 8 124 21 95 108 121 126 18 86 77 84 20 38 118 24 32 53 71 55 55 32 118 1 35 106 19 21 8 16 103 101 33 50 59 2 31 4 3 120 72 101 31 4 80 96 49 60 75 87 16 51 12 63 123 95 54 63 70 54 15 6 125 81 32 94 93 95 32 79 66 64 13 41 95 45 100 52 125 28 79 79 43 99 107 70 102 24 44 67 29 34 66 111 63 105 24 45 110 18 101 57 108 15 76 1
124 25 9 46 16 123 18 89 32 112 11 102 39 26 110 116 45 30 110 63 14 24 29 34 77 65 19 18 73 116 59 7 116 20 27 114 117 31 0 82 16 56 5 92 72 70 16 119 111 10 120 71 33 96 17 82 10 87 20 14 85 94 39 97 61 122 123 110 86 84 93 122 13 19 18 64 51 60 23 48 97 65 3 70 103 13 73 16 17 86 56 92 63 47 98 25 3 83 66 111 61 71 15 23 86 6 23 41 12 60 6 110 121 13 82 98 124 94 4 84 65 15 51 28 115 14 35 13
24 1 64 25 42 38 31 85 34 61 14 86 6 90 41 25 39 32 90 5 26 72 0 94 71 14 60 0 101 11 109 98 16 58 47 21 4 3 42 66 118 32 36 3 11 64 37 93 24 74 47 63 77 101 95 57 37 37 1 90 55 113 84 14 102 126 48 48 86 83 86 89 3 47 118 104 25 10 67 9 111 27 67 9 58 25 63 126 56 96 87 93 124 123 64 32 106 62 90 110 44 109 59 84 25 124 37 56 27 0 11 22 65 81 104 88 92 117 15 122 47 18 37 59 96 74 63 13
57 79 38 52 29 58 13 92 94 93 66 125 45 73 29 55 124 44 121 120 50 64 85 116 53 91 8 34 105 24 103 16 47 15 24 126 123 38 86 85 23 92 53 57 117 54 27 126 97 35 99 49 92 63 60 45 111 110 80 112 67 10 6 14 92 51 102 110 91 109 69 23 19 50 95 96 33 116 9 2 58 12 69 117 107 87 19 31 81 51 120 88 35 64 69 113 70 30 114 73 104 95 109 95 3 56 75 53 30 27 31 3 28 50 59 80 47 31 46 15 86 86 18 82 67 27 87 5
117 39 13 84 106 79 11 109 101 75 79 97 78 18 4 97 78 82 119 106 31 104 95 6 27 103 58 22 87 44 65 16 2 117 71 92 0 95 33 27 77 77 39 46 6 65 70 84 33 50 5 35 7 85 69 108 82 66 31 54 73 82 26 115 37 74 82 30 103 103 72 37 40 19 71 10 2 49 47 33 7 54 66 24 28 122 83 77 57 25 101 109 69 13 13 123 35 1 64 5 76 97 4 28 57 125 93 86 38 24 19 79 90 59 26 31 118 43 71 118 71 99 111 95 111 3 79 106
98 17 103 115 68 90 100 61 102 111 71 101 91 67 9 43 48 62 62 15 27 51 65 34 106 47 93 52 54 100 79 90 107 36 30 7 115 115 118 118 51 10 74 69 39 0 119 117 52 107 12 124 9 28 76 18 37 71 11 55 31 6 64 85 3 28 75 101 1 106 45 71 116 78 29 34 31 44 20 77 44 15 73 105 59 126 86 17 59 4 25 73 26 21 75 24 109 96 115 101 39 53 76 83 77 73 4 88 26 53 76 1 60 98 4 58 13 16 32 8 67 97 81 71 105 24 28 109
120 124 8 39 68 7 98 65 106 70 21 32 116 114 27 71 27 111 35 119 65 78 54 47 44 101 87 114 2 58 64 10 106 54 116 72 82 72 38 119 11 18 7 107 36 46 120 71 1 40 115 12 72 87 1 122 52 21 86 89 50 125 88 11 3 30 77 39 57 69 17 42 69 48 87 125 116 49 83 69 40 25 52 27 42 100 67 53 62 86 106 116 108 2 41 11 28 88 113 118 106 7 14 60 118 99 75 34 26 58 0 11 4 115 89 104 79 4 14 2 94 84 72 107 28 106 29 41
46 52 30 3 54 12 43 15 30 19 47 122 60 5 25 98 107 124 125 96 93 110 122 8 57 33 39 119 38 115 86 103 62 62 19 115 48 73 70 117 20 126 92 62 11 10 84 53 113 55 3 47 47 121 40 79 24 66 4 35 107 74 66 45 57 22 102 13 73 27 41 76 70 39 16 106 2 12 73 50 72 28 75 75 7 10 81 5 89 110 18 95 6 11 70 8 93 105 110 75 65 35 88 43 79 96 39 56 52 16 10 18 83 110 25 95 50 49 120 107 105 109 61 5 121 34 20 104
118 100 76 55 102 58 93 13 63 124 97 52 94 93 35 74 2 124 49 81 44 26 33 72 20 95 91 41 110 103 106 13 26 118 14 114 55 93 51 98 14 56 61 49 37 42 83 87 20 105 30 123 123 16 7 120 112 13 88 11 13 11 8 34 46 84 90 36 0 54 44 115 53 100 10 63 88 96 24 33 81 16 102 101 108 91 86 118 49 50 0 26 114 56 29 3 7 88 55 10 84 25 75 87 42 12 43 92 32 76 101 85 18 73 5 116 33 111 109 77 54 37 116 44 23 66 84 110
17 85 78 23 2 49 110 101 83 10 108 19 122 45 55 47 2 74 77 71 60 13 63 106 122 12 118 126 70 124 20 80 94 70 62 120 0 97 4 34 117 103 120 122 30 3 119 32 6 36 18 49 40 60 62 121 125 51 5 80 33 88 68 124 2 103 10 21 90 58 5 100 18 39 42 73 35 115 85 54 89 102 86 37 26 60 112 16 42 49 29 52 110 41 101 5 0 17 122 78 10 7 112 63 105 80 70 21 25 119 73 78 124 14 117 66 29 84 18 68 116 96 98 61 61 98 28 42
92 119 42 30 21 44 74 90 23 12 111 11 107 121 65 110 93 58 30 62 60 34 6 107 14 119 88 94 47 6 35 126 36 13 54 84 11 52 116 18 5 88 123 70 45 23 82 119 68 113 36 118 14 74 82 90 123 80 114 121 81 5 71 40 12 83 102 47 52 24 66 103 99 103 118 39 89 49 45 80 125 12 17 102 86 98 123 45 8 50 40 10 57 99 126 103 13 39 52 70 74 114 48 52 15 18 62 13 50 55 40 12 9 41 113 91 109 63 20 20 9 113 64 20 0 51 89 17
38 64 35 44 25 2 6 25 72 113 87 80 33 97 100 65 2 118 101 120 61 47 27 113 56 81 123 16 64 10 100 48 122 84 86 29 1 106 110 38 82 36 33 96 0 59 77 52 25 39 101 87 3 106 9 57 111 72 40 14 108 107 50 20 16 52 62 50 16 35 124 32 117 78 55 37 95 110 5 79 52 81 69 34 86 112 36 116 64 121 88 93 32 45 87 124 71 45 19 86 71 15 88 57 62 51 77 79 118 70 40 33 94 8 44 87 18 95 12 90 75 28 0 0 98 42 91 11
92 80 109 125 38 79 4 32 0 84 116 92 118 70 49 113 125 102 67 62 124 93 10 100 9 73 78 31 92 47 1 16 71 81 67 83 10 120 15 102 55 98 92 65 66 64 72 15 66 14 42 85 3 92 59 43 110 69 56 72 113 125 31 75 15 75 78 12 21 83 5 33 29 108 45 0 58 46 95 7 11 49 121 0 15 75 99 120 78 38 123 104 67 85 90 86 33 24 112 37 87 69 61 99 72 61 75 109 74 98 51 28 8 7 91 73 46 73 83 73 78 22 57 100 10 82 5 1
43 51 103 71 67 121 34 14 94 69 29 66 22 104 35 82 98 104 82 84 0 10 101 91 35 14 88 124 41 8 0 81 52 44 25 16 13 15 26 40 95 8 25 91 34 35 19 97 44 51 10 118 75 53 67 121 86 1 10 50 121 58 16 86 36 95 112 121 25 27 48 33 78 23 102 124 79 94 2 40 13 110 120 65 22 11 73 107 79 102 48 122 42 34 68 38 79 46 103 121 32 73 26 49 12 110 46 119 54 78 51 113 89 22 110 109 103 120 2 33 115 23 93 116 52 23 70 51
116 39 42 125 14 21 123 87 6 69 53 44 65 4 78 3 68 53 116 74 54 5 80 98 28 120 39 42 121 73 74 44 125 15 52 95 110 75 27 108 123 42 97 64 6 83 23 61 44 67 120 26 60 107 20 85 12 117 39 96 78 81 81 65 63 54 15 17 42 34 19 14 20 119 76 42 124 6 47 97 62 121 78 8 92 39 84 56 12 10 79 68 79 119 119 7 12 63 64 92 18 116 79 74 0 89 41 20 9 1 43 34 36 60 119 23 36 15 0 112 42 73 32 54 61 96 73 6
58 47 120 103 2 88 45 54 9 29 122 22 14 4 10 66 101 20 85 55 53 80 111 102 32 73 38 27 66 27 31 46 37 73 68 69 64 79 12 28 78 23 99 35 7 2 20 121 8 1 76 111 118 10 68 11 50 16 31 92 32 8 18 45 11 61 75 11 28 115 125 67 121 49 22 54 12 39 28 41 41 28 72 68 12 16 94 14 38 19 49 17 111 62 101 108 62 108 13 70 9 76 82 89 75 113 117 125 27 78 84 13 32 86 91 124 97 47 125 118 58 97 120 41 49 101 87 111
21 32 3 2 38 90 89 88 108 35 4 1 115 87 16 7 111 39 50 42 27 53 48 78 96 46 69 61 116 30 52 113 84 112 118 73 111 30 80 97 16 33 18 95 10 13 94 58 117 5 125 88 10 81 45 87 104 52 50 39 49 52 102 16 12 46 112 106 57 2 50 114 30 125 58 71 94 72 23 123 106 105 109 78 53 37 23 9 30 2 21 48 67 123 63 77 60 26 80 87 114 67 34 73 41 88 105 88 1 37 7 98 49 65 66 86 64 52 29 68 34 84 54 71 99 104 116 105
46 21 22 86 105 5 22 41 51 55 38 104 57 48 51 124 19 99 46 66 96 113 37 72 44 112 99 1 84 66 12 17 97 110 76 81 34 114 28 115 4 49 9 61 124 36 64 51 121 93 88 19 5 105 54 87 91 58 74 39 13 41 83 22 114 48 118 110 14 57 36 79 74 119 114 45 45 18 68 78 62 124 56 125 7 58 45 0 89 46 18 42 21 57 17 92 44 70 32 106 51 122 18 45 120 114 84 78 61 40 126 37 28 62 82 115 64 19 75 48 22 25 113 126 67 117 67 75
108 38 107 125 71 10 100 52 65 79 96 57 25 64 20 5 30 107 92 70 12 32 14 97 93 1 116 16 26 100 29 25 80 120 63 80 56 104 20 36 29 115 97 42 106 19 14 7 118 67 88 23 37 115 94 59 9 98 114 79 97 100 117 110 22 55 126 76 4 30 74 10 75 31 99 121 85 8 117 104 68 122 47 52 2 24 5 21 17 49 42 6 88 85 64 7 102 17 90 35 3 83 118 21 76 109 76 98 28 87 13 50 62 29 88 109 10 58 112 124 51 122 68 44 118 105 120 103
116 33 112 73 80 107 77 68 102 52 52 51 113 107 38 1 84 113 35 126 46 95 60 42 123 104 80 70 78 53 78 44 102 61 30 42 82 55 9 109 44 82 14 52 126 80 39 1 7 20 63 87 14 118 3 76 117 65 52 38 112 69 63 80 84 55 52 108 54 27 78 11 121 38 3 94 33 50 105 32 47 103 45 122 62 27 23 101 58 72 124 75 107 63 86 98 110 26 61 79 45 24 73 66 38 0 56 89 38 101 58 5 31 105 91 124 60 68 80 116 16 59 76 50 111 46 89 56
67 122 121 81 29 26 113 10 41 11 60 70 100 56 34 34 38 79 61 123 87 29 21 52 41 25 63 91 109 67 80 36 72 107 63 6 56 94 49 104 14 92 21 68 94 77 12 112 58 26 50 30 67 48 62 111 29 123 108 27 96 117 34 123 7 120 23 60 58 101 16 21 96 109 60 122 110 6 52 56 72 27 113 3 11 36 44 8 15 87 59 78 118 64 91 22 49 54 39 51 8 20 2 107 106 16 109 125 56 8 45 53 33 83 66 92 72 80 58 28 51 98 70 88 20 107 9 77
105 80 121 31 29 110 123 17 125 124 31 66 10 66 21 98 28 16 74 107 37 118 123 21 33 48 94 67 26 97 52 36 91 27 90 82 85 77 105 124 78 37 118 21 20 75 2 122 19 6 57 62 56 27 117 107 90 6 105 121 72 60 123 49 104 12 90 35 124 125 4 66 0 10 106 99 61 27 101 81 7 50 75 87 69 83 24 53 47 40 11 74 49 125 23 52 93 97 67 62 22 83 82 36 32 111 32 126 46 56 77 65 102 52 56 7 33 63 80 32 67 36 18 28 37 19 17 92
88 59 101 98 59 72 96 4 27 77 105 44 70 44 42 70 103 105 9 3 39 105 4 118 78 75 116 90 124 107 85 123 99 33 7 79 79 19 13 62 101 83 57 36 34 101 14 97 85 96 48 38 83 85 70 16 0 51 19 83 40 121 40 61 117 92 117 120 41 43 124 117 33 2 119 50 20 11 80 85 56 9 103 18 36 85 47 20 81 106 17 119 49 24 126 45 18 29 47 13 73 50 7 100 103 22 59 92 19 84 5 55 59 84 72 51 56 84 123 69 67 29 69 43 27 120 82 76
43 72 41 70 78 30 28 50 36 33 120 122 60 62 81 11 109 44 26 65 19 80 27 102 112 32 8 31 86 48 117 114 95 38 66 29 116 40 11 19 107 83 79 117 75 35 21 117 112 124 4 88 41 98 78 67 60 77 28 58 25 84 22 109 71 19 5 39 33 88 26 76 71 48 43 65 106 46 51 94 93 5 39 2 120 82 89 36 84 42 73 28 79 16 27 72 113 98 69 86 87 94 68 36 35 3 105 39 93 45 32 29 27 61 32 89 45 90 111 23 108 110 115 78 43 77 63 1
23 64 37 82 8 106 67 68 40 61 122 62 71 67 61 114 77 45 118 98 25 83 86 43 58 80 105 120 113 72 88 71 73 35 35 16 40 92 105 1 101 72 114 22 86 0 85 113 51 45 112 1 12 111 21 43 91 90 54 117 27 37 49 56 42 104 43 26 19 114 83 32 9 29 111 59 102 1 70 99 34 68 8 112 36 1 119 25 16 118 114 41 62 45 62 101 18 44 66 20 97 35 86 43 41 81 23 38 42 95 101 65 47 13 110 45 16 113 70 125 79 35 61 39 38 52 121 48
59 36 50 95 45 78 121 44 20 66 62 88 17 77 123 111 93 8 55 86 98 58 62 22 76 26 46 10 120 109 123 65 57 49 93 98 0 2 86 93 59 23 22 65 126 126 22 11 35 78 25 103 46 10 99 7 52 25 83 97 78 61 108 97 99 75 110 93 27 33 68 62 1 89 12 18 75 33 15 51 58 7 95 9 36 108 39 10 75 1 23 126 102 79 97 60 112 50 95 53 37 53 36 82 75 55 55 27 40 113 17 125 121 91 114 109 21 69 43 117 81 54 51 81 23 105 57 69
6 72 80 123 115 65 19 77 79 52 53 84 100 50 37 47 43 101 1 113 32 13 79 82 69 21 64 29 56 124 114 78 35 42 39 11 106 118 94 25 15 1 83 63 77 47 102 64 100 91 111 97 60 4 58 28 36 11 74 89 60 39 65 41 126 78 9 90 17 26 55 86 73 16 73 26 115 68 3 42 15 16 43 30 104 0 116 120 115 16 119 86 39 26 31 57 39 20 37 109 110 25 47 59 98 115 58 1 2 19 113 98 118 6 6 113 99 75 73 27 79 70 20 16 46 118 12 17
60 102 15 85 16 50 63 98 52 75 99 99 46 5 68 62 106 68 35 64 7 27 73 102 53 102 95 72 102 98 2 60 122 35 57 3 20 37 61 121 79 117 122 50 78 40 0 42 37 16 24 103 118 69 106 105 39 46 29 114 55 96 17 91 105 79 124 48 101 32 9 98 124 38 63 6 13 8 80 89 40 68 21 34 24 57 94 107 29 47 118 12 116 9 78 77 42 63 103 47 56 1 111 62 22 100 8 95 76 5 83 53 110 122 42 28 93 89 69 40 118 81 45 29 68 64 35 82
94 58 124 126 38 52 94 49 124 55 19 45 98 4 85 51 7 5 117 103 114 8 43 89 9 32 52 28 45 21 24 15 7 72 90 78 27 120 40 123 21 13 28 125 122 22 20 95 5 57 82 75 23 32 28 104 65 13 0 75 49 39 41 37 44 15 28 56 32 20 118 17 67 7 85 108 60 52 16 119 64 21 93 48 112 24 3 116 120 61 16 27 91 69 23 103 62 25 0 85 35 113 116 22 43 22 98 107 124 126 71 43 122 73 54 116 9 84 86 52 15 88 2 86 115 111 109 34
89 121 28 14 117 35 66 95 53 11 8 121 46 87 0 58 26 107 5 82 119 96 123 116 74 94 71 69 77 63 12 76 79 58 18 47 40 48 45 16 102 41 81 52 101 90 60 1 34 35 97 77 30 79 56 113 35 59 27 14 87 25 9 0 113 22 57 64 17 5 70 4 36 14 7 107 119 43 5 124 7 122 45 86 39 88 70 62 88 20 17 4 106 77 64 50 37 22 42 77 15 100 39 56 54 17 97 50 36 86 88 53 2 90 24 47 91 90 110 124 90 86 121 25 5 84 22 10
75 99 74 93 85 64 73 79 106 119 41 87 33 40 78 80 80 20 39 16 121 3 8 91 68 115 116 55 20 30 2 16 55 33 114 126 62 60 74 126 123 33 62 103 76 62 110 55 119 107 28 52 116 61 41 46 117 43 14 73 25 54 30 4 62 76 96 16 121 122 107 104 114 104 45 58 70 96 44 89 77 74 66 28 91 122 82 38 60 71 125 104 120 73 96 63 82 79 68 75 124 108 24 36 29 99 106 13 115 52 45 77 39 56 110 84 95 114 31 106 119 43 44 29 49 40 119 65
14 27 95 69 63 104 5 117 45 18 120 126 122 63 12 106 57 70 19 64 20 41 8 77 46 54 59 90 34 99 75 111 92 50 69 58 22 97 123 50 85 66 66 23 14 78 93 25 49 103 60 45 1 20 42 23 37 78 8 101 97 15 35 0 67 117 101 92 70 40 27 36 36 48 30 34 18 40 47 100 20 21 47 91 31 106 12 118 118 59 19 117 27 32 124 72 107 105 78 2 16 40 92 84 87 92 49 115 16 103 38 36 100 36 18 26 64 32 115 24 63 2 38 86 55 4 38 71
99 82 46 118 120 122 76 73 14 103 22 43 5 7 46 68 99 23 113 123 44 1 22 106 43 76 31 94 39 119 67 66 120 46 31 46 112 110 48 32 117 56 5 100 54 15 112 73 115 11 44 115 104 14 73 23 87 36 113 50 30 41 40 98 102 126 59 110 60 2 123 51 111 88 12 84 13 2 80 48 76 41 81 65 67 110 6 88 33 36 98 76 45 1 93 32 83 66 77 13 87 22 101 51 83 49 84 74 80 108 48 42 13 53 71 103 38 23 31 52 26 5 122 36 34 124 18 34
68 52 70 40 69 126 24 105 67 11 4 120 66 94 42 91 58 75 31 80 98 70 15 31 29 27 47 49 50 56 102 60 122 43 73 124 50 5 52 26 2 31 36 1 111 32 0 28 126 105 23 33 54 15 67 122 72 87 89 59 51 115 19 118 14 76 94 72 82 44 5 45 24 72 56 5 64 109 46 49 116 81 19 116 53 21 25 90 13 42 62 66 85 62 122 119 96 57 84 3 81 104 4 42 31 5 86 100 23 44 63 73 91 19 61 24 33 66 40 52 74 88 48 29 61 14 72 56
100 44 65 117 83 47 111 99 103 31 32 67 99 47 91 72 44 37 21 77 36 80 57 9 65 72 56 112 53 83 35 92 69 89 65 31 65 86 22 48 85 70 117 37 22 116 84 19 37 8 45 105 85 124 3 116 4 4 22 121 51 7 52 73 111 51 51 9 82 6 51 28 99 120 87 95 27 82 49 103 46 21 59 10 32 81 101 88 25 26 97 112 98 56 119 108 28 51 77 18 50 57 1 91 52 93 59 47 59 20 110 48 78 79 69 51 63 89 102 64 65 29 101 119 50 78 58 43
2 3 119 113 69 4 94 121 99 92 3 96 17 64 25 81 124 46 125 11 104 61 93 99 103 51 49 49 6 101 54 46 2 42 80 31 24 9 120 114 64 52 108 64 41 7 56 63 104 47 104 9 40 55 104 94 4 5 92 56 35 23 37 85 31 118 47 123 32 22 22 111 84 95 18 86 63 76 5 23 104 4 68 16 124 46 0 64 116 40 99 24 16 82 64 60 116 110 61 24 3 57 50 70 10 79 29 117 12 67 24 88 3 22 43 108 125 61 5 36 115 77 92 35 89 15 27 93
25 113 97 100 21 88 48 27 15 126 62 52 100 77 93 10 126 120 87 62 31 20 43 71 17 86 39 57 76 30 117 37 47 105 42 19 32 30 27 109 30 31 16 106 98 105 53 65 65 45 14 73 13 75 71 49 8 123 98 83 36 5 20 117 58 94 74 26 67 83 66 112 106 124 39 62 47 123 28 31 73 125 4 52 12 5 109 81 5 123 79 53 59 6 20 111 88 101 5 117 26 48 12 86 46 44 89 81 33 2 104 104 125 61 76 62 77 97 97 73 46 1 104 23 5 56 33 25
56 74 32 59 41 96 44 38 55 115 96 67 107 44 51 35 109 40 107 51 104 121 96 4 9 12 51 102 112 36 44 124 21 3 81 5 91 118 5 27 87 6 48 87 108 120 71 57 20 45 115 54 69 58 88 19 82 22 113 47 21 105 64 33 46 78 10 75 18 124 103 44 96 99 36 65 83 30 50 72 109 59 99 30 114 69 69 5 35 60 66 108 87 75 56 19 40 85 95 114 105 17 10 123 63 58 117 95 92 123 7 0 9 15 91 90 0 95 60 36 97 97 107 22 64 115 39 76
52 116 111 76 61 48 119 2 25 89 34 13 48 65 40 20 11 59 45 68 2 67 36 102 18 107 92 83 59 74 46 44 18 55 81 92 64 40 74 100 5 105 112 120 67 58 103 116 2 93 47 70 6 59 68 109 73 51 12 77 34 43 23 22 73 16 23 97 31 57 107 93 100 11 47 47 0 125 113 27 34 63 102 31 62 121 25 103 88 118 84 0 1 49 26 33 85 2 37 27 34 73 126 60 2 35 88 8 97 90 102 26 108 68 65 49 35 99 31 72 113 52 57 118 84 64 15 102
108 34 119 24 73 91 90 91 2 87 63 40 86 88 102 22 50 13 109 77 82 86 114 91 125 71 104 2 13 90 5 112 118 75 60 59 10 32 32 117 46 57 95 75 43 5 119 94 83 109 58 85 85 109 14 120 98 42 82 48 103 19 97 95 118 5 91 33 122 93 55 12 118 12 121 72 19 1 58 112 120 56 45 25 22 97 92 71 54 116 27 66 125 53 39 66 7 49 57 35 26 61 102 120 67 125 62 4 50 22 51 118 47 2 41 111 58 126 14 103 39 72 47 101 76 30 7 73
86 33 19 14 43 91 36 118 88 98 118 13 117 92 58 27 57 67 1 36 3 98 75 82 17 87 92 2 115 42 112 92 25 89 78 100 106 102 119 105 103 69 33 73 86 74 33 7 125 49 90 101 18 2 22 30 28 120 21 83 56 107 78 9 90 117 62 53 122 118 122 47 54 97 32 45 124 23 47 62 43 80 87 95 29 57 73 93 125 34 41 83 12 60 74 22 95 26 88 73 70 107 35 33 117 98 32 84 46 76 67 88 90 111 41 91 22 44 3 122 86 19 101 94 106 14 49 86
101 52 107 46 79 111 57 12 108 71 47 55 63 115 11 1 47 36 76 108 113 108 76 72 28 108 43 10 92 29 79 61 44 65 22 120 60 23 7 77 1 82 11 85 119 85 81 118 119 4 62 0 27 86 17 23 62 110 51 82 31 112 70 33 100 19 63 104 47 56 102 40 29 98 64 66 92 26 9 11 16 85 78 70 84 112 39 57 41 8 111 81 53 102 28 2 56 69 48 122 44 84 71 98 30 32 88 118 96 31 6 20 72 87 60 14 16 31 25 68 97 16 99 89 108 71 113 75
56 108 31 9 80 5 30 76 26 14 57 49 3 21 37 115 85 92 13 107 29 51 28 33 63 108 101 27 37 80 48 44 27 22 90 10 17 32 24 5 79 48 106 118 71 57 29 60 58 82 125 125 16 123 28 39 76 107 49 120 109 9 67 111 27 14 107 32 17 43 108 8 11 124 44 105 85 13 31 3 98 121 14 116 47 72 45 119 80 120 121 62 74 115 50 23 5 74 81 115 83 105 101 114 72 7 66 45 94 112 44 48 124 32 88 70 28 78 61 102 37 69 69 80 65 89 112 120
20 108 95 60 0 75 30 76 104 95 112 109 10 62 74 13 44 93 125 64 74 80 46 37 25 54 55 58 102 2 77 6 126 13 108 76 75 94 26 31 49 42 74 4 74 22 49 118 32 52 12 77 49 64 67 121 77 125 11 83 100 52 121 104 97 47 73 24 1 43 54 2 45 28 2 36 126 106 79 86 28 41 105 80 40 115 72 25 82 8 45 111 70 56 73 63 90 78 44 51 117 39 108 36 36 27 95 107 94 39 100 21 90 42 76 67 54 33 52 63 50 111 10 31 96 70 102 80
79 27 73 48 73 6 112 9 45 34 98 45 98 52 28 64 63 67 58 55 87 66 83 41 121 26 55 31 123 42 28 31 20 115 54 16 1 6 29 12 80 109 53 100 96 80 124 61 92 51 95 117 39 74 26 78 115 104 79 75 113 70 89 87 46 82 85 114 36 83 98 111 44 73 46 22 35 26 25 66 4 65 94 24 13 102 6 49 117 25 104 81 96 17 124 91 96 10 58 36 30 4 80 25 79 115 124 76 86 110 86 110 104 6 72 36 92 109 88 65 34 49 4 39 77 97 88 12
86 83 118 66 96 97 123 61 34 84 105 78 5 83 40 118 37 51 76 124 92 7 110 91 98 22 7 48 43 111 106 6 65 109 66 61 44 10 107 5 108 117 34 126 8 64 97 65 34 95 88 52 48 34 10 47 9 95 8 30 84 64 93 55 122 121 81 80 18 13 100 9 11 84 66 110 17 51 29 42 112 81 123 86 78 5 68 115 76 1 92 126 17 25 7 4 72 50 33 10 60 86 48 85 61 99 101 34 11 83 24 83 105 61 75 103 32 110 57 48 16 118 77 42 47 70 125 7
115 11 112 8 111 80 72 110 100 115 52 28 50 97 26 109 18 76 1 74 12 57 34 29 76 76 111 51 84 54 37 46 0 26 11 74 19 94 78 14 73 116 82 99 117 11 87 44 110 19 92 3 39 124 86 2 111 109 105 47 121 102 112 99 44 6 101 69 69 23 18 13 61 79 112 36 56 93 48 15 87 103 85 121 111 33 10 36 41 80 72 87 34 41 10 55 33 98 125 75 109 52 113 114 62 49 38 97 66 16 50 100 45 126 96 47 14 37 113 33 1 33 76 121 81 37 55 2
97 11 123 18 110 29 71 48 126 16 66 16 40 70 56 26 64 74 75 41 106 82 64 115 56 77 42 100 42 42 63 37 125 55 92 97 123 98 75 112 62 17 120 89 29 14 92 96 18 34 16 50 117 16 105 27 92 92 24 23 9 22 109 110 121 103 8 56 91 112 58 55 87 120 5 30 26 88 115 31 121 78 11 113 17 98 20 60 44 9 29 67 121 17 51 62 19 68 44 116 94 25 74 59 27 99 102 100 41 29 103 49 61 91 99 54 88 67 75 45 107 114 58 78 7 46 91 100
96 32 63 122 24 61 51 51 30 16 113 43 80 78 27 35 88 70 69 84 72 88 57 34 0 63 15 100 67 29 73 53 20 11 17 26 59 126 38 52 107 10 23 116 116 32 52 21 38 66 31 10 53 32 85 33 41 121 58 68 54 86 2 16 38 96 98 125 121 40 75 91 74 112 68 90 39 71 34 46 3 4 51 23 51 54 84 124 1 25 111 3 58 35 12 7 88 90 80 69 94 112 104 45 33 95 29 109 4 78 120 97 39 125 64 94 110 19 51 79 122 61 98 73 80 46 121 109
10 32 99 46 43 24 108 91 97 80 46 58 66 22 71 98 61 80 124 42 52 110 96 93 82 6 71 3 104 75 45 2 73 123 110 90 53 23 66 25 24 95 84 60 70 54 55 84 4 81 33 110 125 8 124 73 67 112 33 70 116 30 31 114 119 90 85 1 98 5 42 17 39 2 112 9 59 102 43 95 8 67 71 85 61 71 23 116 0 5 59 16 95 27 82 43 91 73 59 90 1 125 65 24 106 81 25 68 97 69 79 56 120 33 23 53 122 71 15 68 20 99 78 111 90 72 33 16
112 56 121 52 2 91 33 26 70 15 51 75 17 95 36 105 1 63 6 79 82 66 73 59 63 100 59 105 91 112 21 47 22 15 31 125 115 27 88 94 97 78 11 18 105 106 41 77 102 55 81 99 54 19 74 55 56 121 52 6 5 104 121 124 118 100 79 116 115 14 54 111 99 8 48 38 19 52 111 20 89 21 67 45 76 16 74 46 12 38 8 15 13 86 126 76 31 36 31 82 33 119 84 105 17 92 81 81 58 110 51 41 88 7 105 70 19 119 37 45 43 98 109 110 19 91 112 77
54 61 18 9 29 1 89 111 31 125 99 73 23 120 98 117 118 87 88 113 71 38 105 67 69 116 8 54 109 85 43 40 47 67 36 85 98 116 71 98 2 119 88 99 76 55 32 42 101 51 12 52 85 45 111 83 113 8 33 51 6 4 35 117 81 56 105 58 39 48 30 42 45 98 24 25 103 67 98 9 5 62 102 77 46 70 92 81 69 24 16 46 35 65 77 46 12 116 33 81 73 80 69 114 118 40 112 125 12 31 34 78 15 52 45 96 102 75 83 26 43 92 105 101 91 70 115 15
19 67 114 79 1 120 47 1 121 36 76 54 89 108 74 4 62 40 108 109 65 63 105 106 26 113 4 59 7 75 95 65 84 122 8 99 72 23 54 57 79 49 62 48 112 57 61 116 114 45 80 28 26 1 54 88 8 61 114 3 72 30 66 2 85 52 122 118 12 36 70 94 97 41 91 95 57 47 86 55 17 72 69 16 8 17 104 79 45 40 53 76 53 111 85 88 108 86 63 73 87 23 36 119 63 110 69 31 15 115 36 106 32 107 2 29 93 7 71 43 82 73 60 72 53 79 75 125
42 46 10 121 126 34 41 87 74 125 126 103 112 84 26 7 47 85 98 26 41 55 40 79 123 98 108 86 44 101 21 59 116 95 85 66 9 70 35 75 94 22 37 67 119 88 33 58 67 29 57 2 57 91 104 110 43 91 66 42 92 28 37 119 66 84 40 20 98 19 61 49 87 75 88 66 104 43 19 24 60 39 32 10 113 24 64 90 10 57 56 52 3 19 77 126 31 74 46 64 12 43 95 64 25 68 125 47 0 77 20 19 88 72 59 36 48 126 77 119 63 109 34 53 59 30 100 89
90 57 26 3 80 74 59 117 7 95 4 34 108 120 92 109 80 118 14 97 89 31 35 93 61 25 46 102 77 61 21 59 43 113 85 9 106 99 5 79 48 117 62 11 59 79 14 105 81 47 70 9 49 47 58 53 13 20 55 56 94 68 52 29 94 42 1 81 64 120 62 62 117 18 54 54 61 59 1 104 19 76 24 7 49 108 76 34 75 93 102 69 10 119 85 106 72 49 62 83 64 26 117 87 7 2 86 63 92 38 65 54 24 40 103 50 86 3 89 61 79 53 59 97 19 57 115 92
106 27 45 34 4 103 113 81 54 29 48 31 69 57 85 71 124 57 59 123 79 102 28 98 108 0 36 22 89 71 30 31 26 93 46 5 52 43 48 120 114 38 118 99 77 38 40 65 97 79 8 122 70 70 112 21 88 28 58 115 38 62 122 21 75 22 20 72 16 108 66 8 72 47 19 88 83 120 56 86 5 30 87 106 53 48 113 68 82 100 63 44 10 21 112 8 55 76 49 88 32 3 69 83 93 22 31 55 89 44 60 47 64 2 96 31 17 87 11 99 27 70 12 47 123 62 47 40
125 90 110 113 22 115 110 15 86 67 73 71 103 22 19 100 45 21 102 86 34 68 81 97 48 63 124 108 114 105 101 78 119 5 45 37 124 73 126 126 38 97 35 124 38 13 116 24 69 85 38 89 122 104 89 5 13 8 64 46 100 13 124 94 70 110 19 31 116 121 125 14 37 12 126 85 10 58 97 71 85 91 126 17 82 126 1 77 112 50 96 14 30 32 106 26 102 34 121 86 48 98 79 52 44 123 88 10 44 67 34 126 54 24 28 17 73 104 98 103 9 107 63 48 7 52 58 115
15 66 104 6 99 71 124 25 109 12 17 97 83 51 59 107 102 74 71 0 63 37 109 26 94 123 23 45 109 120 22 14 66 88 112 77 69 100 97 96 102 16 91 24 43 3 0 45 34 11 90 57 22 32 68 58 32 29 18 14 93 100 31 55 95 124 11 109 48 70 18 83 9 26 58 125 82 118 118 104 29 68 62 89 48 71 61 70 15 1 71 5 94 27 24 95 106 111 76 105 105 41 23 83 41 30 60 13 88 48 97 27 62 8 12 18 18 83 62 104 16 55 91 11 35 55 16 85
35 122 113 47 62 4 109 68 98 28 48 59 73 110 114 125 84 76 9 113 53 56 55 58 67 103 6 75 6 64 47 74 42 3 20 34 6 59 92 104 100 16 111 111 114 65 17 115 78 17 35 111 82 4 21 103 27 64 13 54 38 71 108 124 67 12 104 8 92 32 58 31 115 8 120 73 100 118 57 64 87 115 64 89 117 119 72 17 14 13 68 103 82 115 25 73 92 31 94 79 63 60 7 44 29 80 100 71 15 106 66 2 105 114 8 25 11 1 87 17 113 63 26 40 16 86 27 95
81 31 113 118 49 14 90 38 104 114 101 14 67 105 37 67 27 7 14 1 51 24 94 126 33 114 89 81 60 66 56 116 44 112 84 88 103 34 18 84 24 71 10 2 105 80 5 39 20 4 37 44 112 5 95 4 12 120 79 113 49 46 18 37 123 14 14 117 83 30 18 126 122 28 2 115 14 29 65 38 55 79 42 21 60 108 53 83 42 17 112 81 44 74 28 11 2 32 58 7 19 105 91 43 56 66 6 7 77 70 75 34 122 61 65 65 67 124 72 41 16 78 86 23 20 59 126 120
50 73 28 6 122 97 82 20 6 49 84 52 73 102 41 80 0 58 37 41 70 48 47 13 103 32 93 19 59 67 29 94 16 113 103 73 82 44 83 75 36 94 73 80 50 118 78 49 81 103 13 89 94 126 111 33 9 115 5 15 76 108 72 71 26 34 13 36 115 61 41 73 10 6 13 3 33 50 112 39 94 25 95 79 125 70 13 7 119 38 41 67 72 121 25 78 107 12 97 124 50 114 44 70 26 105 126 35 86 77 123 34 33 5 29 80 108 68 73 44 42 40 3 123 107 60 67 0
79 74 61 40 120 46 1 81 22 85 100 77 5 36 57 108 22 43 50 35 112 50 26 5 101 74 95 32 62 8 65 84 74 20 98 91 82 13 52 107 104 53 77 87 28 5 87 98 49 1 49 10 68 102 97 11 126 101 2 108 34 89 112 115 12 52 17 71 89 105 33 118 27 1 50 68 68 96 46 63 56 104 104 60 110 61 21 34 87 30 120 105 23 12 51 64 85 82 32 112 101 114 121 108 62 32 29 60 9 117 89 83 2 43 89 75 108 93 116 122 50 13 94 89 91 28 33 126
66 89 109 62 23 17 111 104 72 20 68 4 55 87 13 30 117 45 14 114 76 19 52 46 30 116 0 73 12 23 4 98 39 16 123 85 53 47 66 21 107 8 65 56 76 99 113 78 104 35 114 11 48 43 54 41 48 80 20 64 22 1 8 15 75 117 42 9 49 59 70 112 24 34 68 91 101 92 109 30 6 31 39 60 37 122 66 43 118 93 1 16 88 25 117 121 97 5 119 77 21 6 123 14 22 108 81 34 123 85 24 3 42 13 49 124 86 117 4 8 19 74 72 118 94 83 44 68
57 89 71 86 76 71 68 92 105 54 101 82 123 90 93 60 60 10 1 8 4 75 54 126 87 112 126 102 74 48 64 6 47 15 84 111 0 118 94 20 32 62 109 1 83 81 23 58 59 47 107 113 94 92 118 9 85 20 96 37 94 96 28 39 81 116 104 20 43 17 9 107 96 15 122 30 61 30 70 71 54 126 80 6 48 13 3 23 1 24 96 111 27 105 75 16 32 61 89 85 43 88 92 64 109 57 112 62 75 11 62 117 4 42 101 88 112 93 21 65 3 60 121 18 13 86 116 73
0 59 46 3 58 65 43 1 99 72 96 44 126 124 32 91 45 35 108 112 83 100 21 29 21 21 48 67 56 119 51 19 9 74 60 65 41 114 8 122 118 123 16 110 13 94 34 43 82 113 91 35 45 9 12 118 53 21 5 56 120 41 55 36 123 29 62 68 75 71 91 36 10 98 22 81 78 106 62 95 50 14 95 55 104 47 22 107 100 3 59 77 64 83 105 103 97 46 58 8 36 98 49 45 85 108 19 125 96 32 97 123 117 106 99 106 114 86 104 76 126 116 78 97 111 115 87 38
