0
0
0
0
0
0
0
0
0
0
0
0
0
0
0
0
0
0
0
0
0
0
0
0
0
0
0
0
0
0
0
0
0
0
0
0
-466
-148
-236
84
-109
514
240
-218
-99
-88
846
-386
52
-533
-1
488
-104
282
-16
-108
-64
-150
-160
-340
385
-100
75
-224
285
-70
-23
-468
101
463
-222
-117
-291
33
16
180
141
-208
57
-84
-279
-32
973
592
35
445
-11
-13
-499
-245
-200
27
3
-148
-150
-42
-353
-156
-97
-319
-84
-213
316
-62
-48
109
142
-444
-96
-232
-37
-137
40
-250
-145
-151
277
94
94
-73
-98
143
199
3
292
326
-426
110
-10
99
285
-235
-414
283
-255
-175
52
-175
-407
8
-200
153
-129
-176
-53
269
232
-279
716
-83
-295
227
-92
551
216
-50
403
217
-314
227
-132
-21
33
-225
-341
94
-355
-659
-214
84
-69
324
47
-196
-112
-367
277
-353
-235
-41
0
-384
-231
67
289
89
-6
-399
-158
133
276
227
35
308
737
-152
-195
388
60
28
100
-167
-264
-198
318
-367
127
-142
-90
190
216
87
-479
402
335
23
2
461
242
-7
-74
-49
301
266
-413
118
221
-385
0
-454
33
-533
-174
-156
-181
371
137
-102
-238
-61
-263
249
511
269
84
-42
-103
446
-147
399
-289
-75
-438
40
-323
426
105
137
72
-279
31
470
2
-260
-474
-182
-451
212
199
-224
157
-147
-11
95
-113
107
-431
30
-8
-523
-463
-476
106
31
70
-339
291
251
-196
301
-64
-454
-417
187
-26
225
-22
68
543
357
-110
95
126
194
18
-126
0
-122
430
317
-52
109
-42
305
268
145
223
169
300
135
38
-147
-402
-7
-189
15
291
44
-106
-218
-366
341
-454
-239
-592
-80
-87
-103
-16
-210
-233
465
-85
232
-214
412
387
59
-281
22
12
61
-250
-389
41
-2
0
262
-377
258
