-1708
-584
-3572
956
-1113
-794
-227
-582
-997
530
-986
-645
-2092
1885
-2299
1742
-1542
541
204
-650
2299
1258
-1672
427
-1523
-266
-353
350
-2105
803
1340
3279
-1102
777
602
-1918
-246
-1014
87
136
144
-1273
1109
-1360
-75
751
-307
-718
621
1208
133
-1747
223
-1502
146
88
-823
2205
1157
-1196
1757
1436
2039
-819
-1453
1647
-1313
1375
-645
2721
3837
561
1208
3424
606
1322
903
-654
-508
2089
619
-1207
1851
753
-1830
642
1047
-2022
989
1204
-1093
-807
-2163
2178
-251
2246
2177
-1433
-282
-2620
94
522
-447
-2418
-1558
127
-256
-218
804
-2239
-1780
-204
-390
-407
-356
732
-1875
-612
-1019
1522
294
-1162
573
-268
46
1301
-70
-325
962
-3
394
1828
-185
2662
-2193
-278
-1438
-837
-1205
518
780
-147
742
-2450
963
-1133
401
2364
-1166
1266
-1083
-1848
1210
2486
2537
72
904
348
-4023
1058
-933
-1901
1991
-2950
1764
1930
-2474
3108
506
1272
-1581
3143
1023
2006
3219
170
196
-1213
181
-2188
2002
-971
-1776
-612
-2766
-611
-143
1161
-1042
1845
811
-1845
2251
1414
1199
-2649
2233
-490
-4978
-322
-751
1639
-3434
475
-147
-551
-1021
817
2349
923
-1439
-1029
-2810
479
1358
-212
-477
-2140
913
-1115
-183
1204
-722
-2221
4323
-1269
3093
-2015
3543
-1939
712
-1438
-1163
2935
-2384
2734
-118
604
-1202
-1814
585
1940
3514
-812
-146
1825
226
2414
1335
1487
-1868
1681
-2349
2296
-2378
1469
-1294
1196
-1839
-956
-1063
1658
1888
49
-678
881
-1032
1403
-38
1814
-834
-2482
1216
78
-706
3440
-3232
1203
-1665
-1970
693
-2140
-1219
1766
-1402
2243
295
4051
878
-935
789
-2037
-419
-2021
1885
-758
720
1425
-1878
1344
281
404
-2214
-1911
1230
-3890
2254
-3691
1852
-163
-1864
-196
30
-2496
1318
-1725
1761
-1550
2744
-669
521
-1441
1812
-1032
892
1959
-2716
522
218
-1923
1546
-1500
2576
3090
551
1977
-924
-1972
902
561
1111
-438
1885
209
-606
-2221
-281
-98
-3609
1661
-1094
1051
855
-500
702
-690
1527
-622
2884
1824
2034
2367
-480
519
-2760
2115
-1301
2707
1971
-3369
-152
-52
-3101
-201
1109
-542
293
1596
1803
-1466
-1471
3334
-4115
-2046
969
-1435
471
63
-1560
-2493
-2885
1406
-123
-450
1968
-3603
-181
1685
343
1611
1323
224
1324
-508
1190
-361
528
384
-1656
3596
-1739
2112
-2194
768
-872
1816
143
-967
-1111
326
-476
-1226
2508
-3259
2295
-834
-695
1109
-211
483
805
1805
1006
45
-1036
1516
-1172
129
-1363
782
2622
-1332
2286
794
-926
-1022
-4262
2129
-895
1522
123
-1864
151
1485
-671
-439
2415
-1368
-2563
609
-207
-262
-1189
-523
-3784
332
-1699
805
2194
1349
791
69
1149
-2440
2147
371
2039
-1336
-1192
1803
1984
1484
-13
1463
269
46
-1224
-1482
598
2567
-312
1658
-320
-2060
2535
7
2831
-557
1186
-671
-1363
351
-112
3146
-638
-2422
150
1256
-1470
863
141
1054
-1617
259
-4231
1965
369
-780
1231
-723
255
-1219
2867
4551
-2481
12
-744
-1597
2537
2158
233
-979
-1649
-347
2054
392
-513
12
-305
-1981
-1137
-506
867
-998
-1347
1628
312
537
-2529
1265
4397
-1748
-1693
433
-750
-612
437
1950
290
2020
-10
-241
3647
-812
1971
-882
892
-484
2550
2984
-316
-149
1392
1
-441
-1482
-1029
744
-2005
230
-818
2733
2293
-2513
1237
-694
-321
344
-1180
-4110
2616
-1327
-1819
727
268
1969
-54
-167
132
-3374
-383
385
-637
3291
3215
249
1697
371
-865
-1222
1455
645
-261
-2347
1091
-182
-300
211
1452
-290
1617
1706
-2201
1470
408
-1893
1549
2728
964
-150
1231
1206
33
-1895
-1735
704
-1903
-1863
2093
-1323
68
-186
1196
2847
928
-1359
427
-1097
-1437
-320
-666
3095
-338
-1259
-2494
1902
-1642
63
2740
-2075
-770
-2487
-1492
-446
287
-1066
1308
681
-773
1394
-583
884
-569
1547
-2449
2722
-1544
793
-1608
1356
937
-356
1682
-868
-1503
884
-686
-1211
1005
2340
692
-261
178
-7
940
344
697
-2544
1214
-1083
-1332
-1534
2438
-306
1098
702
-47
234
-2732
-1305
2085
346
1056
-854
418
-1804
885
-225
-1054
-2005
1021
-1539
320
-1139
829
-784
-53
1176
793
1050
3159
-1612
-45
-638
1041
547
683
-533
-1284
361
-389
-455
-822
2866
-713
110
488
733
-905
2615
-2660
2244
-2506
2493
-941
354
1187
-916
2807
-983
-709
-734
-509
-2211
-2934
-2215
782
-1001
2874
-1280
782
-1425
-353
-1296
2920
-904
-1267
-488
1779
-7
910
-1476
-1290
1591
-1401
389
-2741
639
356
625
-2401
-1725
-1703
1636
1146
-434
-157
129
970
1267
1556
1192
3788
1067
-192
628
1735
-1067
-335
-1295
2836
-1674
2602
-944
1488
20
-3028
3683
-2744
1646
3144
1432
-37
-1036
-1265
375
435
-17
294
316
-1456
2448
-3229
1307
1044
2143
-2147
3597
-2696
-891
-1364
184
91
-1112
2979
-2259
520
921
-877
-165
-1309
560
4
1634
494
225
-1013
-579
-224
-319
381
671
52
-849
529
-1340
3307
-1315
1241
-2797
-1161
418
-2910
3573
-1696
3454
2167
-148
1278
-1147
1935
2974
-522
-627
1417
-744
167
1163
-1172
-135
90
1752
-973
573
-2208
-163
-148
-1168
710
680
1832
653
131
380
-3310
177
-266
-1063
214
1982
3109
3263
-283
1164
-3886
503
-3544
840
1216
-2078
3970
1941
-401
2202
-2011
2174
465
1248
828
3063
-208
-1302
-2387
-78
-14
-141
2669
2388
-1052
2099
1217
-1331
1303
1096
1427
1108
-1185
1616
1850
1139
-87
-347
697
4049
1588
-1047
-2007
132
220
2078
-3700
-4044
-979
783
1564
1716
738
2067
-2147
-749
-1761
-2203
-1212
-1540
-2709
-50
1171
51
-64
2247
-3849
-1084
-1719
1313
2104
-1570
-1636
-1073
867
-442
-2644
201
1339
896
-3549
371
-593
-4710
2724
-1229
-1985
-465
-189
-1863
-1291
-986
-2536
-1090
1134
1070
15
-776
-1208
-269
1019
1934
1980
-878
-129
3393
-2401
-2373
1100
-941
-1498
-3055
-998
1452
255
-2616
-1783
-557
1082
1602
1428
-144
-1904
-171
1021
-276
1887
926
43
-2789
723
1127
2230
1841
-1176
512
1298
-125
534
-3147
-2569
-2739
-473
2027
-783
1299
113
634
1649
-1961
379
-976
2105
830
-1977
-2320
-341
-1249
-3505
79
850
-2223
1502
901
1131
-1978
1323
1524
-1218
-1540
-398
1712
754
-1589
-1894
1372
-515
233
-850
-3946
-1091
-1804
1774
1620
2218
77
-1355
-1389
-1858
1376
388
-803
-2504
708
458
43
3093
3095
941
1510
2993
536
-2054
84
362
-2778
-817
72
-4431
885
1917
-2602
598
1091
1401
-1617
1093
4817
2164
2578
-2443
-1093
-1513
787
-76
2542
-3188
-1784
2352
526
512
-929
-2016
-367
-1329
1150
1789
549
-723
1445
-3875
1951
-1849
-1029
1469
1994
3242
1069
-1418
-2487
436
-325
396
-867
-1795
163
311
-413
-180
516
-2516
-1459
-1352
-304
1265
2337
4884
347
2250
305
-2625
-296
-3807
-2189
240
-239
1875
-401
-2168
-2812
1000
-2015
-1425
-1669
-1879
1162
2572
3174
164
-1496
847
-336
231
-1127
3740
-353
-291
909
141
-262
4688
-149
-1152
-4319
-1
708
64
258
856
-399
667
-1548
-920
2416
-913
-1383
1880
58
1003
29
970
1376
-189
2553
2011
-109
1576
-1286
-1787
775
2967
1664
2491
1636
-651
2854
-1743
-1266
-806
-184
-1697
-342
389
-2238
810
-1836
-3121
-2510
-2358
257
-1355
208
-109
1863
-341
-1071
3197
1388
-541
1134
-813
320
1970
5689
1849
-1835
-1586
420
-467
2346
169
-1552
1021
-244
1017
-639
-2163
2234
-1139
-1517
1374
-3062
-747
-2493
-2004
-804
-3099
-2413
-88
-567
-1317
2333
1426
-1618
-2411
-1055
-131
1585
1901
1701
1296
301
649
760
872
969
150
-1028
-1027
-1782
2623
-95
116
343
-1648
199
-4354
-2406
873
-1377
-855
1771
-349
-327
-1438
-59
3602
-3119
-1855
-34
2369
2856
122
535
-1371
284
1805
959
674
-2415
-3420
1727
505
-1628
2672
1155
891
2330
-132
2949
90
2838
1297
1278
1070
-2630
-3128
-2567
-1003
1031
2455
225
2254
-2031
751
1445
719
-1342
-1196
-1172
-1656
-67
-799
-578
799
713
-378
1822
-2365
-805
2469
-3389
-782
-4245
1515
-607
-949
298
954
1766
-1896
-1964
2322
952
2693
235
-1138
438
-1885
1412
-428
-424
-2188
786
-448
-1353
716
-3371
107
-1091
-2056
-725
-1232
-656
135
-680
2719
2051
-1398
-820
-2081
-906
302
3094
1697
-474
-205
3020
5124
2164
225
-516
140
-479
5
-53
98
-840
2197
818
-489
1161
1503
771
-1948
-2506
-110
273
-2327
-3333
-324
-162
979
1695
-478
-2496
-957
-534
1817
759
567
1296
2908
253
-2271
-837
-57
3020
-849
-3066
2696
-1303
1142
739
138
1762
182
-2402
-789
2060
-1805
-2825
-1337
1744
1323
1
1199
349
-2324
-3518
330
-670
-2424
482
3075
1134
-1262
-2491
-1704
-1521
2693
691
-1941
-508
-1257
1455
-367
-821
-442
2687
-884
-938
-1073
-2300
-1550
40
1055
-637
-2241
-3527
-412
-345
-608
1346
2903
-274
1182
-488
-2472
1791
290
-484
2652
1333
-810
1086
573
1496
1307
-445
263
-674
-1342
-1584
-801
-1833
2991
-684
186
774
-369
969
2750
-820
-1245
1214
-1895
-2699
-602
-1678
-885
-418
-34
729
-538
819
2281
-523
-2353
-1677
2386
2199
637
-1548
93
152
-228
-707
1113
1767
1373
106
127
9
-770
617
303
-1503
185
-1947
-258
-3099
-1189
1846
666
1853
-1659
-3007
-1774
2213
1532
1920
1559
-42
1164
-30
-677
-601
631
223
1499
24
-1896
373
-676
-1821
-1094
1058
912
-1351
-2200
-379
479
1801
1166
1066
-1257
-395
923
1642
-697
-1312
-1967
1338
2815
1579
-522
429
-645
2393
-518
-1634
-1625
861
606
-2063
-378
1929
2824
320
2666
1139
-462
-2635
-984
575
1329
1541
944
-313
57
-992
-675
-52
-1120
-2270
-32
-886
1953
2120
-1714
-390
1125
2030
-1445
3008
2949
1577
1742
2811
2380
856
1792
-2867
-3591
-503
-1157
-1307
-519
-2407
-2467
-27
300
-655
-2096
512
1027
-1939
540
-2167
1188
1025
2107
823
-3676
278
-598
-671
-1269
-129
574
1977
-133
446
-265
1363
172
218
-2848
135
-1498
-2538
1223
743
-2263
1160
-4009
-1035
-1603
-899
1007
-2100
-66
568
-147
-552
-534
1921
-45
-86
-1076
212
581
589
708
-475
206
370
-1508
-233
390
-1340
-1462
-2159
2357
130
-77
-1033
-1230
217
-2496
-2258
-3602
-1059
1953
1639
-1319
-2672
-2256
-1488
651
-1111
-1026
1862
1478
-893
-673
681
1558
2716
-457
374
-987
-2737
414
1174
-321
2512
1843
787
-2172
-241
-180
683
-666
492
-466
-936
-1317
1629
18
1247
-949
-1234
-713
-805
-897
-1984
-1424
1578
-2220
-815
1231
-151
-2468
-1768
2379
1153
-14
-453
-1019
790
277
189
726
-1305
230
-53
-655
-867
923
148
111
-219
-82
-589
-1724
760
-526
210
-148
-395
-387
169
1282
858
353
982
849
-158
22
1578
228
-1257
-1054
-612
62
1397
134
453
-732
-890
-559
219
-406
-72
-1907
-441
-314
-1435
977
-1238
-1666
-472
153
-44
-610
-1170
-327
533
378
-140
2891
305
-1036
112
1613
708
959
-901
704
1082
-623
-763
824
-345
1459
1231
-344
1572
-475
1423
-828
-919
544
607
661
-1179
-1461
-179
-223
836
-776
236
-740
-777
-1055
307
-1802
534
-398
-734
395
562
-757
94
-1101
1647
-858
-40
1285
-1124
-409
-399
-771
623
1444
-752
-1729
-335
839
-232
2223
-864
-665
-136
-430
-795
384
283
1896
690
716
-66
0
-1021
3152
191
-950
450
-122
173
274
705
1015
-1084
-33
-488
1238
242
451
718
-140
-698
494
1188
-1129
-272
-295
822
101
986
-309
1248
423
896
-1167
929
-789
968
-207
-351
-327
-575
-776
-388
937
-23
525
161
-2232
1276
1395
629
1420
-89
1652
-459
-891
-18
625
-1098
-195
1398
1523
-1490
-54
-974
-668
-1830
998
-291
309
622
577
1194
202
921
-1245
-86
1879
-1213
48
-1841
-419
-785
-1399
1104
-228
1198
-57
-79
978
660
2334
27
-456
-77
1715
194
279
1965
-177
140
-80
-113
577
428
1108
627
608
1283
-233
-12
-502
-383
668
-1924
344
630
-185
-689
313
1481
-188
1341
-1716
292
1252
378
2030
-313
1565
-103
785
901
-488
1130
40
1171
1094
-101
-965
-1224
1194
-404
-1592
688
-1170
-334
231
-1063
896
364
918
-698
267
745
1154
-1344
209
177
-1007
946
-359
-1758
970
880
-1048
-1023
228
-969
-1584
-1198
356
-8
-235
150
92
-647
47
110
-1117
-830
-1420
1397
358
1124
-212
24
-260
405
813
-941
-645
-225
-602
-175
1002
710
953
123
-1172
717
2906
960
774
2868
53
628
-1296
-50
-328
-1672
-128
-155
3003
170
849
1159
1369
-991
-1788
-589
-939
-130
-231
429
-946
-213
122
257
947
752
-713
556
570
535
161
-941
-346
768
1419
80
1091
-401
-15
-191
622
1088
435
-242
458
-1318
-1051
-237
-609
573
762
782
537
-591
-1626
-903
1001
1153
1525
-298
-1318
-137
-2496
-616
158
-727
1710
254
1756
1170
1060
1114
60
291
-162
1391
-812
-910
-3
254
1005
1690
-1920
547
1080
-1781
500
303
309
13
362
2005
-1004
-1634
-2
-847
472
987
1004
-1059
-120
-991
1057
-539
1872
-104
578
555
1685
854
487
-245
-930
-64
1189
1351
-700
-650
1136
1070
1609
1103
484
-1873
-369
-202
500
1151
1560
-891
-717
654
1319
383
2036
-1168
-756
213
956
1331
566
539
-27
899
-612
-1403
-157
-1129
942
1259
480
1222
-358
799
562
114
1002
-1949
-84
160
412
1337
-891
49
-101
286
909
559
-262
651
-150
321
570
-775
425
-766
-485
-332
-28
-388
-77
1594
614
-427
-535
-501
6
1905
445
1135
-286
974
2035
-1303
207
-519
2383
17
496
-631
1689
441
560
-1590
-601
-62
-1406
-960
820
510
-316
1116
902
-703
230
-764
128
486
1625
865
1273
606
-676
450
-344
-187
1778
1620
65
-1902
-1019
656
359
-204
441
-1163
-533
-699
-493
981
111
1049
-1058
1204
76
-344
-2284
395
908
-445
-881
1075
-837
81
968
385
37
737
659
489
-222
775
533
-151
410
-449
273
-1308
436
133
1182
458
-731
-151
1638
-951
-747
-1552
1316
1398
1193
496
1086
-1007
-323
1271
359
195
808
-75
-682
-1404
-398
-1124
-827
642
-792
1154
1155
493
699
700
21
2156
1403
460
-735
40
662
1598
-495
292
-131
-936
-383
1112
168
414
-1138
635
-482
-56
-889
-279
264
184
1117
-255
519
614
-448
-444
-735
-1225
-89
-1179
891
-278
518
864
645
-530
1805
-638
-632
-1512
-557
1174
866
-86
1022
-500
606
315
-568
196
-171
438
-1138
-1986
-471
170
151
241
152
66
887
1469
-303
1648
705
450
539
652
1022
44
-174
-578
1511
-268
-649
31
-218
157
-1253
561
179
-53
318
-587
-1242
671
1
147
-470
840
2559
102
-64
1402
1160
1295
-479
573
164
611
-285
629
365
826
-907
1151
818
30
-623
331
-92
121
-668
483
-1147
-391
-39
901
14
1978
920
265
729
764
-76
-39
1060
-1668
1081
76
796
-638
274
-2086
300
785
222
-544
125
199
977
-634
311
-100
-228
-948
963
336
-945
794
-805
-1526
-148
1801
528
440
-329
772
-1354
691
-1078
-74
-969
-43
10
-589
718
286
-473
-475
-1169
-614
-1263
1716
497
-1608
-712
522
-454
1103
-273
-881
319
-430
-1356
-950
994
-11
-907
-1813
6
1079
2025
-1816
368
358
-851
953
994
-1425
32
-2368
-325
-236
173
-53
-151
-113
-1577
-557
-27
-2332
-741
-345
1027
260
-179
939
519
-671
190
-6
54
180
1637
1329
-667
1345
-797
-687
-1790
1481
-805
-1553
-1501
1147
-2699
2157
-457
-608
-360
-842
-185
-587
-1282
326
-2520
1037
-447
-503
62
101
1707
-923
2023
1272
-1292
630
-426
900
-1704
546
1262
1386
685
1209
101
1200
-64
61
-13
1162
-457
2174
-727
819
-1738
124
424
1255
-697
1076
2344
-653
1069
-609
-312
2178
-514
497
237
-1188
-618
710
1143
1242
-463
2162
1077
707
-176
-149
-2513
3188
-457
-696
-886
-679
-934
-1472
-1362
477
1465
-313
490
543
109
435
1293
-1405
1294
1543
2
687
644
-173
2666
67
-1364
1813
-474
-1690
-234
902
-629
385
-1631
-1091
-1171
646
-1162
-996
-276
-1684
1712
472
1192
1362
-659
2021
-5
-154
740
-395
-1120
-80
-1147
-731
524
-766
600
1355
-1244
-237
-1669
1653
-253
307
-5
-1151
-965
-540
1594
-39
52
-908
-339
1604
288
-1198
1462
720
165
-951
-866
492
2838
-1447
1165
-196
-362
-2623
1321
-442
494
-138
748
-102
-351
-352
299
120
-1896
-1407
-635
-1265
-117
613
-870
-1467
1058
-666
55
1407
-405
-223
-237
805
1261
-1742
547
53
-484
70
21
771
-835
1646
1127
1576
-961
114
-682
-270
1837
-672
-1607
976
-948
786
2429
-430
-609
573
-214
1153
-565
179
-621
-910
538
-1433
-1523
-330
1635
-468
-861
-1038
1435
-252
-936
1995
-876
241
-592
684
-1300
597
1890
-1924
-127
-2278
-1724
-471
-2221
601
-1936
1214
870
-569
2159
-461
525
-126
-698
-838
1878
186
553
1392
-368
-224
809
-816
-1932
-635
873
-138
1005
-560
1441
-101
-22
-1638
311
-1547
-2389
-1043
688
-59
1308
637
-842
581
186
215
1248
-1422
1894
-1745
-43
-713
-2933
-167
-884
1020
-70
-207
769
-548
-445
-1571
635
813
770
556
-20
-2356
-923
-1253
-132
163
796
1864
-455
-372
423
-1810
987
-664
-896
34
1840
972
808
1493
-472
-1520
-438
-89
-487
-1915
-1383
145
-174
-553
-951
-644
-768
-477
-765
1172
-752
2152
-779
-406
-1344
-711
1546
-1455
593
597
-2167
1816
1441
895
983
-216
1117
1243
-357
163
2238
337
-1143
1510
-1871
1249
-1666
-1737
-908
-641
1205
-345
-312
-268
-125
-414
1815
-540
-1690
1004
-582
-166
708
17
154
-138
2185
-652
-770
1544
-275
749
1478
857
-1662
1428
376
-1582
956
-280
1513
-2204
1154
-1181
-73
-1852
-377
-1364
1409
614
-1209
193
-77
1280
274
1566
530
267
-2489
-1141
826
902
869
225
-2977
-630
-2466
-1279
1867
-521
1792
-1541
1505
20
-1003
-1950
614
-914
-595
1505
-417
160
30
1363
-721
2679
274
-2623
1114
-148
-1051
-996
-620
1332
-733
1353
-138
-2537
1839
-1392
556
-572
869
-378
1734
-2266
449
-2919
1544
-693
-144
484
-779
-567
-1137
898
237
745
-433
392
-236
-1625
379
1200
1296
-1705
334
-1462
916
-294
441
-974
252
-197
-247
-774
1818
-3265
1749
-2288
-1949
-517
-261
-1625
93
839
-130
420
-64
-1107
1271
-596
-304
-1108
-801
263
105
732
1568
-2294
1103
-1550
123
1927
42
821
-947
-2616
1456
-437
-683
-1008
-392
116
192
-367
-718
-1478
1683
-194
-553
-246
1292
-487
-550
-1415
-667
-732
-410
-2279
-544
1545
-368
610
-960
1224
1199
-1148
694
-1796
327
-340
305
-917
2482
829
-4
-1085
846
-910
222
-394
1381
-484
1109
88
1257
-808
-629
272
67
443
-188
365
-942
1680
-563
4
720
-801
1591
-302
1593
63
-62
-658
314
-1667
1593
55
-416
-1830
1499
2499
-1859
483
-622
668
-1777
-824
-3343
320
1785
140
-3377
1214
943
-923
-923
1725
571
-1160
-591
-439
866
1234
-696
-1614
1842
-1147
48
-570
1475
136
-914
1245
1074
-666
-1434
188
465
-1160
863
-42
745
-1228
1075
468
-96
1175
1416
-895
-97
-1406
-908
-1636
-173
-830
-1566
694
101
-1001
2610
60
944
1939
1053
453
593
201
-252
-603
-546
1189
-96
-1568
-63
-1318
-1031
-5
483
-339
487
216
-571
-597
-1436
141
131
11
1487
330
-47
-155
222
143
1703
-674
-286
-900
635
-744
-569
951
757
-857
2023
-360
-643
476
184
-464
317
-35
1018
584
-1019
578
-650
1275
-298
-495
-143
265
-553
-130
-285
-572
1030
410
-2771
-58
-1554
313
-1006
1094
1494
360
867
-22
1021
1120
540
-948
-78
-256
-1642
1515
-1610
1280
-642
-1213
-932
-1473
-1509
603
-1792
-342
66
35
388
1504
-1260
1451
-179
216
229
2780
-1324
343
-103
493
-73
-248
910
-214
-1209
638
-1603
-98
-750
1404
-614
-571
-527
-990
-1628
1438
-1110
306
-485
1065
-780
429
112
871
1725
270
475
80
2557
845
1719
-1461
324
51
-217
-489
-129
-1161
968
559
136
765
1777
-361
-700
483
-551
420
-95
716
-1432
1310
1584
-60
1517
1827
-104
354
-1186
1635
1223
-363
1037
-330
1435
699
-787
-791
167
2586
1507
1216
594
-69
-73
519
-633
315
-528
-42
385
337
-406
-293
1038
-356
1381
521
1516
-370
2697
-1175
700
688
895
173
-34
-816
498
-74
1707
1300
-859
-459
-1623
290
-461
-456
1101
-1298
-651
-1192
-56
212
668
1199
1611
-265
1025
2436
1170
1292
1509
-2690
-1681
668
-1660
-1114
1948
-183
415
1078
2451
-1650
1845
-3222
-1093
1278
-667
35
-758
-1718
-999
-2645
953
88
-1192
-2056
2888
1730
1085
-1203
-1461
-363
-498
-872
-146
360
1388
153
-1758
1008
-58
-3204
1199
-1980
-2064
1753
1070
-48
-529
-1682
-785
-1242
3127
-1646
-291
-1202
3318
-351
-987
318
-287
125
4451
-1412
901
5
533
2108
1460
2223
1790
-1177
1492
-1528
1683
1257
1457
989
2102
-1097
-791
-548
922
1682
574
81
2570
-2286
1353
577
2441
1852
2522
192
-1987
378
640
1856
1550
1300
354
2904
2300
-1621
1994
-1457
-1246
1364
3048
-760
-402
-1228
-1386
1037
388
-1030
1470
-476
-35
1267
2718
1477
435
-674
-764
2224
135
1599
-7
-1166
2739
1904
-2384
6
1471
-653
-2140
850
1859
-255
104
-161
-818
-132
2394
-1453
-1041
-1065
-148
2349
1330
853
1203
77
-264
410
1490
953
-1722
1741
-117
83
-1336
111
-1056
1328
-1376
342
-1037
-199
875
3183
-249
130
532
542
-703
-2337
34
-229
449
810
2804
-2280
1162
1287
909
328
-1289
1213
580
1781
829
-1013
-977
-479
-1754
-775
-722
281
2685
1575
1022
365
-1019
-761
-1342
-2443
-504
50
-2019
-311
1956
-4057
-254
717
-236
-296
-811
-372
-1720
3401
1546
12
-775
-755
-3557
-855
1806
-970
1702
-342
495
1485
-336
-1323
1241
-1360
-677
969
-1034
55
355
-2036
199
-1430
-1578
-1686
652
-1046
815
494
2853
110
-710
-1225
-3332
658
4060
-569
-824
-94
1416
1896
-80
7
-2428
-361
421
429
978
-1160
2527
-1961
-764
-273
-2012
-176
-1168
-2341
473
-1373
3329
551
1140
385
-1765
-118
-97
-482
-632
1642
822
686
1302
-1085
-1246
-909
-1145
-264
751
45
850
488
1378
3189
-596
-825
-1031
-2431
-4009
-2568
-353
3384
-688
892
-1385
-233
90
43
-534
25
1467
-783
1100
-933
-1721
1460
-1170
594
408
-331
-864
645
1561
699
-2400
1706
-462
712
-876
-2353
-2867
-790
-313
-702
1085
1922
-788
-2298
-925
-1243
456
1373
-2268
234
1668
-390
2054
509
1983
-2606
-569
676
1759
950
-4100
1363
664
439
136
-2092
-56
-1618
-60
991
1702
620
-1923
-2302
-2537
-148
-1502
-180
-1019
1137
218
-625
3935
1223
-1843
538
963
2114
496
531
1398
1764
-1364
638
-835
-1044
2011
-1258
236
-1676
2339
88
-1140
-77
-2290
31
-507
854
-2043
940
-856
-539
1569
2734
-1620
795
1612
-1479
-1585
-188
543
1175
-1312
2021
-1202
-495
3366
-3564
663
62
693
2721
-8
-649
-902
-1974
-1143
-280
600
478
-3438
1343
924
2566
71
-481
2138
-865
-3418
-1389
167
998
1936
1232
301
-2886
1841
-2169
1837
4777
2234
583
-1399
365
238
-2072
-2423
376
-2171
1492
-1053
1278
-289
1287
-1580
1270
2537
-1239
-896
11
1051
-642
1725
2261
-617
1017
-192
-127
875
2551
128
-759
-557
502
3946
119
-1710
-1650
-745
1735
522
-1511
-1457
-3092
-2251
841
2842
-1233
-1652
1388
792
953
-2506
1979
170
-2238
-1562
1149
2270
1942
-1756
-830
1992
1680
2297
-1600
1185
-2321
1417
2405
-123
-1911
-2065
-2115
-1144
378
137
-1534
-1056
2471
-940
-360
-1363
-57
-596
-1205
-1834
2829
2599
224
-173
-283
-656
1700
1195
-780
1137
-2201
2295
2073
1041
83
312
163
-651
16
-850
-2126
176
714
128
2031
239
2572
-597
-165
-822
1552
132
-759
-807
1479
-790
-534
1422
-653
2643
-566
1914
-109
458
545
1179
-14
-891
2145
1087
-3650
-1265
652
2015
1023
-1879
3129
-383
167
1504
-230
-1308
-1699
935
-290
697
-1429
-769
-241
2070
829
1381
382
1378
204
-977
1788
100
-637
679
-361
-331
1985
1135
-1448
-264
2989
-949
411
-354
-311
-3162
-3550
-482
106
2338
976
-1992
-989
754
-308
-2002
2757
572
210
-2856
-1148
1046
3032
-468
547
1958
325
1943
-1491
1073
1251
-1556
1828
1820
-1854
-2933
-2836
2542
2601
435
-841
678
-3267
-893
2144
-1284
79
-657
-1122
-3034
-3041
862
1711
-693
922
774
-430
951
-473
946
-43
-727
1687
1468
-440
-1548
-50
2413
868
-3062
-1791
2799
-1176
-1666
-424
-3372
-644
-1476
-677
-1595
-216
115
992
-1016
-1697
719
403
1570
-1643
-1552
217
-1548
-2266
2993
-504
-623
-446
-7
-903
-776
-1269
3231
628
253
308
-1627
298
185
-477
-253
-493
1447
1397
-2866
-1586
-636
150
-96
-2058
-2601
694
-2532
-1094
678
291
1410
215
-2542
-468
995
415
1062
544
3198
2184
1544
-402
459
1572
-152
-823
905
-249
-3408
553
1453
-468
-298
-60
-298
-394
-2600
542
-2506
-671
716
-1600
-948
3231
-257
-135
1266
-396
951
4514
38
-3917
-425
2227
-772
407
1231
30
-630
316
3521
-665
-532
1120
1027
-1723
316
1119
-3093
-866
704
-2458
-192
1589
1046
-1968
1380
1320
1551
2060
581
-3227
2079
379
-465
-7
-282
1704
1569
83
2282
-2129
1237
2395
2367
-440
2452
129
-2632
-1302
1725
-622
1239
225
-890
-877
1565
1701
1292
2142
-1789
708
-428
-367
230
-122
369
231
2268
1397
233
-1781
3212
3565
3202
1811
-780
1064
-892
-2221
1542
-258
-583
-1085
901
89
789
293
265
1332
377
474
162
557
1349
1077
-1377
-182
1876
-1638
342
686
-690
2230
1342
-564
-1108
-813
-835
681
1254
-1579
-1501
-716
474
2653
1901
-1073
-1088
-1193
-463
-247
-3953
-1764
-1677
-1177
-482
1671
2121
1248
1415
-2738
-1459
-227
-760
-338
-857
1003
-868
-1685
2267
928
-144
-2034
324
2627
584
2329
-509
-1095
941
2054
-2036
-635
-1118
-656
-1909
-151
-793
1821
-1788
-3652
-1153
-218
-1403
-3019
-1982
-1599
-2816
2000
30
-2501
-966
-800
-1802
-582
1958
941
-1047
-611
-91
1326
-2166
1943
-2138
-856
-1053
-2532
-492
678
719
-704
-2364
-1489
668
2447
1499
-1209
-1269
34
-1032
3185
1756
525
-1008
768
769
1188
2721
600
47
295
-154
986
-2102
-112
-2939
-4307
664
-545
-767
-477
-17
-1984
-2608
-328
-505
88
694
1708
-192
-2455
-924
2
-653
300
-614
-375
-984
887
93
276
2866
1542
-1699
-1840
-569
-49
-937
959
511
286
684
-413
424
-238
-1441
17
1422
247
-528
111
-418
308
-3359
-1709
782
-2303
-730
830
1579
1107
946
2053
1375
815
1057
-709
114
72
-1877
-295
534
-1116
-594
-2486
38
-48
-2349
2276
3656
354
3496
-64
330
-1128
-1049
-1216
380
-2651
40
-978
501
1997
1646
-54
-335
1584
-397
819
892
1204
-226
83
570
-3656
1413
-1228
-2958
1017
882
1138
655
1136
-677
1108
-965
-569
-776
-466
933
739
-1036
-1930
706
-32
47
-96
-2278
-1432
-2275
1051
1929
2312
-367
1721
1863
-2308
-1976
870
1114
1487
1713
-1012
-2979
-779
300
-293
-866
-1687
-1507
-248
1647
1883
-1752
200
1010
-99
-694
1429
947
1744
2068
673
-1518
2414
105
-602
-1959
-923
-258
-468
292
-618
1443
-303
-1499
1395
-1675
538
105
-1171
577
1759
2346
403
-381
778
391
99
886
2044
1115
514
1512
551
1516
1315
1194
-1398
-1113
550
129
-392
1227
-1729
-470
877
-1057
376
48
-694
512
-1622
-1960
-2865
-1530
540
-1115
-704
-91
-554
396
57
-70
-136
1784
3049
2770
2493
956
-1297
-191
-1743
64
-127
355
627
-458
573
-559
-1612
-482
-253
-1801
-489
-750
-895
-1456
-1529
1948
-465
-34
865
1052
-1242
791
661
-635
-900
1135
1533
267
276
2878
2222
1678
168
-482
1088
450
-439
-724
-995
-2023
-947
3146
2584
-4035
-2183
-90
-2593
-1879
-2193
-410
-246
-334
1612
1137
-214
-3444
-699
-2399
-1315
975
2439
2728
598
436
1007
1419
269
1426
-217
-735
-2366
161
-935
-65
1017
171
-275
843
-1315
-52
-959
-411
-656
947
2596
307
-1528
46
-438
-1646
-203
577
2014
1435
1766
45
-733
2343
1427
-908
1366
-415
-1510
-1452
478
1223
706
866
-1868
300
2580
1703
1593
-1219
703
-2206
-1925
-1715
-716
130
591
-1634
682
980
2162
-400
718
-313
-2047
1016
-1203
-778
-755
2070
1033
887
-1799
-2434
810
-581
191
734
-2240
-1993
-1264
-2399
1735
3151
-319
-2139
-492
366
-384
1517
3163
190
-388
805
2039
1377
1685
921
-1272
-1176
62
-127
-1413
475
-1158
-1927
241
-616
55
1758
-156
-2323
-2435
-11
1344
-616
-2183
-2603
-1
287
704
-72
584
-44
616
1710
2579
1592
-377
-751
2265
1286
-4653
-1070
3655
181
-886
116
72
976
-26
-400
-473
-190
-596
-833
-1268
-1489
419
-1751
668
-107
-1018
1535
-240
-3031
300
1762
-1250
872
2163
-660
-853
-660
-2512
-1083
1895
-216
94
-291
-2015
2506
1905
1242
817
65
977
-652
-3109
-2024
185
1232
2084
44
-117
-2206
-3416
-1061
-1177
-2017
1556
1818
1729
-2601
-2905
297
-1428
1043
1357
988
-760
-562
-233
-70
-165
-524
737
1401
-1070
-3201
-2339
-1261
404
-1945
212
2287
868
-696
1150
1565
-14
-1024
998
171
199
-2718
-2202
-846
-909
863
237
333
1981
-1382
-203
161
3425
633
664
-1194
-187
695
-1608
-608
1067
227
852
1934
-941
146
1012
-401
-108
-655
1001
-2242
-684
306
-159
358
1605
1055
-878
-297
-2167
-779
288
2243
1351
1661
605
-1737
-258
-288
-28
-70
688
-1507
-2046
1757
186
-1381
1591
3119
903
-2906
-1003
-520
-3177
-349
-265
1310
1314
-1532
-321
515
1171
-781
-387
-170
-491
1463
573
519
287
1185
889
455
148
-556
-1177
-699
-1947
-2118
1523
1997
786
-211
747
-947
-854
2723
1427
919
670
-883
-777
2235
785
-1204
-1178
-320
427
942
155
-1061
-675
629
-228
974
-889
1548
1310
-293
1645
2611
2088
3689
1502
-2206
-886
-1445
-33
258
991
758
-1762
-2272
289
104
-2157
-108
-1119
1163
-584
-1111
1745
485
1096
1032
-271
-1129
-1129
2620
1938
-466
-962
1730
2119
1968
818
-587
-1808
-699
-2962
-1332
-1113
-2555
-1366
-1555
-960
-122
2460
-665
-2804
-3215
112
-1527
587
1197
2050
-554
-1886
-1877
-815
-478
-585
-349
-2060
506
1466
-266
-189
135
142
619
-291
-1866
-1786
-952
89
-72
475
-699
-3323
42
-737
-2943
-1821
-1009
-1003
565
1428
-934
-2014
-1492
-682
-1341
632
2302
2666
-632
-628
-927
335
1542
-1011
-486
-589
-1974
-2825
441
1613
385
1213
-848
-252
-2139
-449
-2324
-1663
-63
1404
-4244
-1180
-827
-3296
-481
101
-2028
609
485
-773
-1134
-821
-1547
1891
1502
2332
338
-2528
-2233
1450
1425
27
-2021
-1334
-629
184
701
-265
2542
925
1531
192
559
999
-265
14
-630
-821
349
1498
2622
390
570
550
-770
2093
1992
1756
2172
2220
-145
-563
498
211
-328
-157
246
215
-2861
1179
891
-206
-266
799
-33
321
-1793
1249
456
-836
-1209
-1020
-197
1252
624
-2195
235
1481
-1366
604
-1151
-1588
-1168
897
1253
1283
626
-622
830
255
-795
-1079
-607
-615
337
848
-85
-904
369
904
-928
853
-505
862
549
-348
-1434
428
2334
484
-2173
-872
2418
2024
-1782
1060
-1245
-2481
669
323
396
1008
-828
-1468
-2256
-1387
-2132
839
904
-252
-1783
-1007
1273
-2150
2888
588
-20
1095
93
2217
-1816
-1271
764
-543
-441
-1876
564
1299
-620
-1861
-83
-869
3106
-291
989
720
-1459
-1209
914
1423
1831
-177
-188
-602
1128
1276
1364
-120
509
678
249
-436
84
-362
-1707
-230
-1375
-1885
-877
751
-1626
-804
211
-626
521
240
1782
207
-2290
-851
495
765
-1682
1461
1200
-2422
228
70
-1585
-757
737
218
-1569
118
-115
1396
1556
-610
-251
1226
502
1223
-436
-2998
742
-1231
2238
-1274
549
-1540
-1058
430
-2510
419
-52
-399
-1097
2176
-295
-406
-233
777
1293
89
1761
-1158
-1522
-374
-1022
-672
-1112
1486
-2192
2053
624
-383
691
1185
893
-1586
76
2429
920
-1145
-2336
-757
-1592
-502
-1007
636
-198
-414
1446
420
-1024
833
-1420
1482
234
907
3045
-1787
-448
-675
-2341
1637
84
440
-487
126
1055
900
-456
210
1948
328
1312
802
93
931
-1098
-16
-193
1345
1429
-2101
207
110
1283
1694
868
1735
1927
215
-519
-180
1156
-511
238
-1194
480
-835
-1820
-1541
236
-965
-1445
-190
-1259
1753
2277
1193
-839
-2454
-1039
-777
-966
-139
856
-2202
-554
-1626
-1350
790
1187
-376
-883
235
599
2960
-1067
-888
-1243
-972
537
-721
177
1622
-406
-301
1214
101
2022
556
60
618
-1702
2231
2954
-916
884
210
-2405
-145
1133
-1018
496
-455
-387
220
-39
221
-199
-853
377
-239
-411
794
1272
-1421
-1337
-1215
-1886
-2266
408
1707
-43
937
-819
105
1537
-714
753
1997
1116
1865
1144
2750
-1661
-1457
-1122
60
-1775
1216
-317
-835
240
-1838
224
413
-751
1368
1108
-795
-499
-3776
-476
-731
-518
-234
-1067
-151
-361
-804
-638
2207
1842
63
1934
524
2563
882
726
299
-180
-373
-941
1493
-577
-511
-955
1115
-558
514
1520
760
-272
-963
-1717
858
-1167
-1111
-137
-2063
-1725
1826
32
210
-690
-59
-1164
-1067
140
921
2452
-321
1220
-401
825
1668
154
-1463
805
-3730
-1423
573
262
-955
2224
2052
-1738
1355
443
781
706
-1195
458
57
2178
339
-319
192
-1878
1136
2039
-392
670
-357
953
-81
1736
-651
-1730
1278
-1427
1273
-626
-1074
435
1156
800
1
-425
518
-534
-1508
362
-360
1102
-666
-2299
180
880
84
-3299
-305
1015
487
1775
383
161
68
352
-1317
-695
665
13
779
-179
-728
352
-716
1697
-698
-339
-596
-148
1583
-153
804
781
-339
-987
987
934
-1524
948
923
763
350
517
1442
2843
-76
-1013
-825
-1125
-838
-781
2037
1541
-1856
143
-225
-120
741
1259
284
34
-1184
1593
1235
-2066
-1098
-289
-502
-489
2785
-287
-927
-1306
514
819
598
-1105
948
1149
-1693
-759
618
826
1138
-761
-2621
2736
326
-1016
406
-1656
2674
101
-1595
-1271
1104
754
-1284
-1803
1021
94
-503
24
-566
644
580
193
450
1037
1547
583
-808
918
-1227
-1751
-1035
140
-2129
-1537
-1573
-2018
382
1402
361
890
479
-1851
359
1579
-1212
-136
-157
1369
-3058
-4131
-1659
2779
-215
-966
2335
876
776
-280
415
-419
113
1947
1927
353
819
-1432
885
2874
-950
-1666
-457
172
-1397
500
291
-1675
-1371
705
613
-503
-236
-1223
1133
2017
-1322
-201
1202
713
-1407
720
-2359
-395
-1536
42
21
-1183
589
967
247
-1978
354
1819
-589
-2364
-1243
1078
-410
-1438
-619
1440
659
2247
173
-1563
1268
-548
-431
-1315
-1752
1401
-344
-1839
-395
-230
1193
-1928
966
-117
-371
-1794
193
1692
2899
505
-98
444
-248
-1320
-820
-1990
557
-65
-795
-973
43
561
-144
-711
270
525
46
-119
-997
-84
1255
534
-1556
-1500
130
1433
599
-1987
-813
-541
-306
905
-410
1469
829
-31
1759
-913
-812
-403
1759
-82
-2680
-403
700
536
-1600
948
39
776
-27
-2
1791
1366
46
-24
73
1169
-1376
615
1144
-915
-1404
624
-3446
1048
297
-335
-686
13
3014
638
1340
2007
-131
1357
3040
2612
-1014
82
-500
-1813
29
-295
1652
119
-1056
-1490
718
-478
1126
-2431
-1561
23
-590
-93
-1239
1671
-456
1036
451
-2179
2745
2050
526
-2285
-1088
-272
2474
228
323
881
-111
355
-1034
-1363
43
1103
-2555
872
-1520
-733
-681
-3557
-1193
-1316
810
-767
-1052
716
45
-601
-686
596
1238
-90
-2322
-1839
-1660
-1554
-2068
466
-792
-167
544
-1522
243
-547
897
-403
-686
541
-359
511
-971
-534
-801
-653
-920
-1353
813
-782
336
309
-1256
-423
236
738
25
1085
2407
434
1086
-344
802
849
-1392
331
-342
-1396
-647
685
-417
-15
-812
-1390
290
-576
1267
-481
869
-1147
2884
-779
1058
1839
2101
-2281
2339
-168
1629
1454
-351
-274
719
-1345
351
1111
1839
-692
-799
1422
2521
-1114
-3260
-1351
1019
1320
-523
-320
-469
-558
-1930
1994
496
-1020
-3031
-243
-590
474
-1787
-810
-451
-1886
-1155
-1034
-401
166
456
-1766
23
-273
-2384
-470
-1492
181
-1470
981
960
-2040
1574
164
2362
826
-1359
30
-345
-2312
-768
-1683
-1037
-686
618
1399
1483
-678
-1305
941
1266
2247
-353
-888
1731
-995
-1212
-763
1830
545
-555
754
-3399
310
691
-1782
-1537
-1282
-1024
1661
-3518
-89
1920
-373
-850
1761
-421
473
3017
-1444
2302
713
879
326
-907
-927
-2146
1872
510
-941
-1011
-4280
793
672
-734
-1656
-134
237
4353
-2356
1717
1425
-2840
-634
1765
-11
1048
2108
879
-887
-576
-3
1307
531
143
802
1589
2569
-444
-938
-772
-1712
-34
726
-8
145
-1509
784
-474
1274
-1237
-1320
1890
817
110
-582
54
2145
-1362
881
338
-1670
-875
-61
-824
1208
1602
713
-1745
1164
1415
1804
1984
1293
-1221
-1207
993
2165
284
-2015
831
-434
-1760
-1851
1602
782
175
-362
-1539
-1190
-150
487
-787
1092
-288
-741
-250
56
1348
-221
1055
-2607
-982
-22
-1980
-437
629
651
-770
2751
-632
652
-643
1562
1891
-988
329
871
2177
-430
793
2
-1632
-1564
83
-1061
479
1105
1250
615
-219
2259
-1243
970
-283
-964
2976
-2710
2601
-844
1799
1597
-1251
-1296
-2637
710
1142
923
-238
1608
200
-897
1442
-397
-45
907
-80
1002
1240
1256
1120
-2695
-403
-1205
-1084
813
-1427
3483
1396
-570
2559
858
-257
-1862
-904
671
555
-567
-12
-788
-322
1064
-2461
1016
1006
-1301
2130
1372
756
-1771
-3419
2077
-332
-421
-147
-283
967
-596
-2712
741
746
1434
-737
-590
-286
2800
-1509
-2458
84
2691
165
977
386
-107
1953
2395
-382
-359
-51
-2576
576
3383
1820
4
1938
941
1550
636
-1348
-880
835
-200
418
1022
2223
-2572
-1376
-754
1954
258
1140
1001
-2103
1758
813
-1417
-575
-1618
-2174
-1264
-7
1056
-1048
-1894
-1593
2814
-337
-1269
2935
2528
304
-903
186
2590
-821
-771
750
761
92
1188
-1630
-25
-319
-2177
-112
-340
254
790
417
-669
546
-2541
-1045
-139
3541
-758
-2490
-107
-1619
-2262
-1273
412
1353
1169
2838
-261
1153
-1108
-505
277
1174
1172
-237
2403
-1281
2409
1243
1338
-1859
421
-2836
199
1527
-521
229
1280
1083
-121
-922
-256
691
1302
1962
1139
-2110
-598
-2646
1351
566
-1077
1833
791
2162
-1916
893
1695
986
-2216
1003
-2482
1705
-466
-1557
535
1243
1482
-494
1037
-1200
-753
3121
-945
1175
1863
475
-1743
288
1444
-1374
1746
-26
-122
-1114
965
-524
239
-433
387
-750
4051
-353
-790
-1101
629
3026
-1887
220
-10
192
3233
-1010
1781
-47
-253
-1272
-568
789
1824
632
-887
-2108
1049
781
2579
-379
-377
1300
-480
2193
-282
-677
-1080
1420
1372
-1785
250
765
1354
189
-3152
2622
1091
109
-128
-2287
1230
89
922
-371
272
2744
-1269
476
-48
-2307
-788
-1053
1336
1674
-543
1082
-710
-1528
236
467
845
911
644
-1005
-135
169
1067
2596
543
545
-652
1183
1641
-1495
-1463
294
2300
-238
1478
66
1070
124
82
-1800
1251
-1497
-662
1053
-641
-146
-941
92
1425
-729
-2223
1472
486
-3514
-165
-1033
3772
96
-1463
-1014
1990
1172
-1629
-515
667
-612
-346
-239
1077
543
-1991
-373
374
-1454
1600
1115
-1720
-176
1709
-1694
272
1036
-3604
491
2067
2710
670
1549
938
-673
-1485
87
1247
1963
-531
875
-3195
598
-274
-705
-721
2205
-1355
-937
2480
-2475
1054
1485
-39
520
-188
315
398
-1374
905
1438
-225
569
-1306
-1123
-1068
543
911
-644
-527
-717
174
-620
2161
2011
1730
-1601
2033
2357
-1034
1890
66
-962
-2669
-778
-239
661
-4671
-1115
1651
86
1152
-1889
2529
168
-490
315
1326
-770
429
2710
-1365
-429
1163
1488
-1339
794
555
-1382
2187
-674
249
-1652
-945
529
360
-2008
384
-509
-261
370
882
-418
304
1535
-710
-770
988
-660
-85
-347
-228
-1693
216
-2536
1014
-114
-720
1391
889
-670
-2467
-2141
1133
531
-1916
554
71
601
2364
1333
530
1454
1453
1084
275
551
-2018
-947
-1480
807
-2563
2319
405
1267
838
-1580
470
321
50
336
-1339
692
1245
-676
187
2382
866
1653
-1029
-877
3085
207
-1610
695
1128
297
-864
-647
-686
-937
433
27
-1969
1687
-882
763
654
1281
-195
-1602
-252
2418
-858
1743
1704
-159
1240
1159
-107
1133
528
-1495
1015
872
-217
-585
-1036
-2872
-1392
-1165
-158
-2206
1483
-1770
267
2611
172
1076
-980
-523
3513
-1574
-1404
-785
-1057
-3026
2311
-80
-1676
804
-1223
925
-1453
294
-921
-1804
-2382
1384
-2291
-919
-2834
-567
-343
-1501
3002
-1595
-227
-743
-1875
853
-201
-633
-2759
-782
-4502
-221
637
-1234
-233
995
-850
-389
1406
-323
405
-1174
1218
-1772
163
-1680
-1782
796
-622
595
-142
1323
-582
-2141
83
927
1160
-1909
-1721
-663
1117
2591
1261
925
483
74
1647
-27
-1323
1188
-1426
906
-613
-933
-1586
-225
-134
-741
-756
648
-950
909
-588
-882
-865
-2838
-127
365
243
1024
247
275
-1206
-121
-161
797
212
213
414
2293
-2104
558
-362
146
-1484
-10
740
2615
-683
-645
-292
250
-133
886
1383
-2321
1184
-1190
641
225
375
736
299
-296
714
-806
325
355
-383
-253
-1283
-232
-1280
-619
97
1316
787
1539
1409
-379
-1489
247
-742
1632
734
2008
1485
1220
93
1463
2454
-1185
-1405
2014
-1620
968
965
-470
-473
1418
769
-1629
265
600
-905
718
-320
-1735
-2110
-192
-1357
825
1648
1130
-1195
-2917
-1411
-1162
-2981
-663
-1808
-225
595
-589
-88
1842
-3748
209
-1168
-400
1191
-1364
-402
-1596
464
-667
2679
-340
-1275
-129
-777
309
1048
-2798
-716
1150
318
-786
2140
-834
2294
588
-110
-308
-959
-1332
569
194
-569
-1385
244
-1656
-1859
1416
289
1367
-1652
-2374
-435
1166
1536
515
340
307
-1025
-458
706
1179
744
-2585
190
102
975
-1275
3311
1101
295
350
-2920
2392
-1354
994
2211
-760
-102
-1307
7
2214
-863
481
-3806
-409
443
176
697
622
-468
697
-820
1032
736
-1733
-337
773
-25
-3684
1461
-791
-1191
89
-2251
-651
-799
33
1620
1944
-409
-1053
-923
-218
1052
1255
1100
-1979
-2248
-24
-903
1010
-3067
-141
-819
147
1159
2021
1195
1796
835
395
-1749
2638
3299
2427
16
2721
-638
-67
1873
-177
1662
-134
2990
245
977
1624
1193
1844
911
-532
172
390
-1682
-785
-1193
1083
-520
-619
-28
-1230
2973
-776
-237
-2633
495
-1977
1369
-702
-659
-648
-1635
934
-2020
-1167
107
-2623
-1454
-2146
487
-911
600
535
-128
-1254
-371
177
573
1802
169
-208
1006
-2740
-296
-622
-623
927
-1311
-913
3064
508
-171
-334
-754
-1674
-2025
-1449
647
643
176
338
-198
263
-186
-1248
1435
-1614
-80
716
-1755
2348
400
-456
638
-539
-349
128
-619
-569
-3565
552
647
228
3930
819
-382
1368
1593
1473
2775
740
923
2283
344
-103
-574
-77
-906
374
749
848
935
728
431
-1459
-912
646
-159
-838
1226
1864
-569
431
424
-237
-2932
282
1450
-604
-2619
-839
-779
-1815
698
1334
1345
1687
484
1095
564
-448
1132
-238
395
-1502
-417
-188
130
-1359
-1234
-983
-872
287
2763
-925
-325
1112
-365
-363
103
1096
-1722
-1141
-2540
85
-1995
1017
-797
-1582
727
-504
940
-67
1047
-130
1441
762
-1215
1257
688
245
-865
-223
-811
-886
1149
101
1912
885
-949
-521
1127
1835
1020
-268
1144
-1279
875
-2131
2196
-414
613
363
1055
-1499
-525
-1442
-296
886
-1084
-1472
-29
1367
-1350
1078
423
2115
-716
-1208
-875
57
-882
177
-1145
-1698
266
-1455
-223
397
1085
-12
-2215
503
-200
1121
2601
-417
-177
-2032
-194
299
1940
-1107
-1015
-513
-21
-1601
148
-555
1522
769
-1914
310
-429
441
3543
-2028
-331
-1116
275
-621
302
1448
1016
-606
-1067
-586
-91
1108
664
1268
267
1463
-2861
-665
-1471
156
151
-476
954
-1821
3426
-48
1118
-1971
-1847
-1234
-1086
2556
477
417
-1149
-1213
-1115
806
873
18
-164
-361
777
-365
676
-1508
2794
36
2267
137
-1347
-1911
2688
273
-691
1422
976
-1724
-626
-578
2331
2251
1359
-1310
530
1953
301
-2209
-642
1434
984
3519
1294
906
888
717
-988
-605
1350
-981
193
246
-923
-2248
508
751
-1082
-867
-1652
-905
-1174
-2599
-1698
309
-591
670
-705
-339
-38
-622
-1390
699
-1604
-945
11
1323
779
1115
583
-418
-1167
-60
2128
1470
-1127
-1608
1859
1059
2348
1443
-493
3031
284
-114
-644
2108
1111
-712
-582
45
1585
-884
2209
141
826
-2544
-2053
-3135
446
-1929
-1659
1934
403
1002
-1277
2542
400
1079
991
963
344
-935
-144
-1546
793
1167
-814
-1152
194
-1492
401
-1058
985
-827
-1646
-631
-193
-1900
1131
31
-31
234
669
864
-1858
-1272
-354
-2109
1913
342
-1466
-278
1725
-508
174
552
616
-174
2105
1564
-1026
1422
1477
1745
-1159
192
-191
786
-425
-908
-1745
-357
-602
-1019
2433
1068
-1050
462
844
-960
808
163
-1203
3406
-2375
205
-151
1640
-1913
1994
-413
-190
1061
1939
-1087
-31
-433
1208
-73
1395
-313
489
83
991
-1280
479
-775
1474
-2003
689
259
115
3149
720
-399
-698
2042
-356
1230
969
360
413
-110
-2579
115
1556
302
1700
352
-126
522
278
844
1480
-573
1437
680
-2598
1661
-377
-593
-430
-1681
-123
-506
-1362
-1305
-452
-166
-1498
1008
241
1942
-2422
1896
-1561
1232
-381
-579
56
-622
-532
443
-3016
-562
-82
1605
-210
1930
-401
1077
241
-313
1222
1007
1643
338
-1721
-266
2423
-1303
420
-1611
-351
1003
-103
-402
-2549
20
390
-872
673
-977
2133
153
776
-1969
736
-1372
1062
-1159
-878
-470
723
48
-986
-663
-578
381
-279
2918
-537
2065
997
3
617
-1403
703
-1566
-1785
656
-553
-2070
-480
821
543
1029
2975
-2290
1495
197
-798
535
266
-790
-811
1006
663
-5
414
1650
-659
-444
-1154
-1053
718
-956
233
406
582
-95
-329
-802
1586
636
-1537
3418
-154
736
771
489
150
286
1940
755
-11
90
120
-1115
63
-2152
1305
-3048
-4325
-2388
-2185
-132
1894
-422
-903
-1843
236
-257
-70
-716
22
-2854
-662
-713
1029
1254
2563
2449
787
-1467
868
213
1486
100
-1202
234
2161
1136
-1179
-598
237
-2076
-495
2042
1301
1732
110
-197
636
2564
-530
-1097
999
1634
803
2402
332
-508
1314
-280
-623
1454
1675
-1481
115
1212
2014
-1841
-1824
2388
-274
-144
-60
-1418
426
665
1959
-629
-198
1243
1035
1141
1764
-507
-1198
-488
-332
-982
-1085
277
328
-441
-137
275
-1702
-2232
-863
-1030
-1725
-1926
-778
-675
-1876
-277
587
178
-1648
-2292
-2510
-4174
-4189
-1955
-2984
-2014
-184
738
-1790
-2595
-1469
-2978
740
-874
1642
1130
-790
-20
-883
-244
752
1102
-1669
-876
305
-2868
-1384
1426
294
-448
-446
-344
2314
-1158
-2276
-214
-541
-1386
1288
1943
-955
-1315
-180
533
1055
-943
770
175
1511
-1012
-1091
1409
-598
419
-1045
323
346
-1390
-1136
-57
-24
-884
-270
330
-142
729
972
2002
-853
-164
3327
1051
486
477
1157
711
-485
-458
-1343
1277
2840
48
-2914
-3488
-1953
-2360
541
1528
-580
-423
432
305
392
-1571
12
-1144
-209
-1473
59
-1859
973
2043
-2169
-2231
-1823
-1274
567
1601
1601
945
-920
740
1377
1853
1762
-140
-533
202
-2658
-835
-102
689
-724
-219
391
-113
-1634
2521
2455
2793
671
344
485
271
651
596
-556
-861
-103
1128
2594
1491
1164
1303
1128
2358
278
2724
876
179
878
-1635
965
-363
-18
-1513
-1579
1105
3
1277
406
-785
-13
127
-957
-356
-1536
-56
-994
-2273
-1536
-615
-844
-1414
859
-647
-1058
124
-358
1267
364
518
-138
25
1007
-1983
1351
369
1452
629
-212
-1690
-2805
-58
-1281
-143
-1871
-1700
-652
1181
2349
385
422
-1103
-1904
-1540
-2007
-695
-423
455
2414
1674
1535
3010
-360
-43
-2583
-502
-1769
2289
1430
118
1436
-230
439
646
-1580
710
823
-499
648
2845
2763
1341
-672
2837
-164
-919
-344
-259
992
1429
409
1367
3196
1509
864
-855
768
-1429
-719
-703
1358
220
448
1792
-1049
2559
2292
735
2105
-566
-1374
-3366
2124
1632
-615
-1323
1532
509
-2272
-3066
-685
-1024
2499
3124
927
2468
-922
-1176
-1780
340
693
1733
1721
948
-527
-1456
-711
-2733
-2089
-1813
-1375
-47
-366
198
-2189
-2382
399
933
1109
1175
373
-1691
-123
-518
-174
192
51
-1032
492
-222
223
941
671
1414
1357
1995
481
1493
1193
-678
-2477
215
1000
-1151
-1219
1367
129
-1425
173
1482
1730
-122
-1732
-810
-1274
1628
855
701
-2675
1054
1499
871
-247
-1876
-1138
-774
1807
1428
-1366
-1725
1011
-2139
551
140
714
497
357
-306
-1693
-1790
-2118
235
3126
-650
487
221
-1334
-674
-1560
138
-1107
2053
2077
2772
518
882
-2462
1891
3133
-1329
-2114
1337
-528
-2571
-1505
1254
2597
2812
-1063
-2964
-931
465
700
2352
840
-328
-4721
-2359
744
2725
1036
-1467
-2075
512
465
2609
-529
-2437
-177
1303
2762
-649
-1383
-1574
-57
2024
-721
-3019
-476
2493
827
-207
-607
-2267
396
1082
-341
2559
1
-1866
-1786
-1553
549
381
1116
1008
-1937
1634
97
766
1963
2998
795
148
904
1292
-1384
692
2315
145
366
-612
-18
801
-361
-1522
-268
922
1304
1425
-1598
-201
312
1248
-35
1081
-835
1429
2260
1669
-1105
934
1581
-859
-546
1653
-647
-2643
-515
1942
151
-895
1948
1823
-838
-2066
-3720
-355
-466
467
-645
-1816
2517
-162
-2735
-896
-1557
120
-1599
-1181
1270
1436
-1321
841
1112
1313
180
-280
-917
-1698
-1316
-1893
423
673
1162
1366
1903
791
1328
841
1276
133
-1972
-410
-4
746
1906
1059
912
-870
-3273
-1249
37
-3827
-1964
2610
-1027
-1249
-852
2606
936
396
1450
-526
-1409
2739
1669
408
125
-1282
-467
1970
295
-1446
-397
85
-545
-3248
-2200
657
-27
-721
-1319
1225
1257
-2010
-1231
940
707
-1458
-1505
-2429
324
-318
1222
510
2923
760
-1338
-1022
-433
-64
1517
1335
-1011
-25
2553
279
160
2869
3992
1083
-349
-1683
-1674
1013
-1100
-1332
-787
297
1576
496
-1269
-1023
-2148
1018
-1040
-592
-1248
1974
917
414
1101
2338
408
-288
-44
261
401
853
-756
962
460
715
1741
43
1972
1957
-203
-943
-463
664
951
-1103
-1060
821
1043
-495
-236
930
1824
-1538
-1676
1751
1818
968
1577
-2787
936
103
225
266
-948
670
2393
564
-554
-1533
1339
1269
-1063
-1684
502
-315
-1946
-498
-44
2161
1698
-1719
-788
-46
-1101
-3240
-1288
-2862
91
-1175
506
-1480
-832
591
-80
148
-215
82
-127
-1411
385
162
545
2754
2312
-515
1577
685
573
1059
547
1258
976
1290
-231
-370
-2916
-517
-1620
2122
218
310
-1147
-1397
659
56
987
-1341
-1210
1546
2619
-37
703
-788
-804
1237
748
1516
1547
-1300
-1284
-1822
1608
-847
692
-1293
-1105
-457
2983
-942
-188
-715
-869
1578
-799
-345
-751
-1038
-648
-429
-2478
252
1522
-980
67
907
1454
-74
750
-453
562
1045
-551
-1187
-2663
921
-1055
-860
-544
815
-1491
-1359
701
386
-1045
1430
350
690
124
1427
-1836
-3262
-2505
-1424
-363
1188
1695
526
-1222
730
-653
780
4
-1761
-182
-920
-138
-1759
-1401
-126
383
1187
-228
2707
-2220
-1344
-253
-1042
1259
305
963
475
-1306
-1095
-171
869
-1108
-1639
3151
550
-583
-792
-2107
593
-1363
-362
102
1121
-658
1088
496
868
-369
-2585
-206
2251
-2172
2708
1964
220
1065
161
1045
-994
124
-225
88
1000
269
1682
1087
1164
393
-720
-520
981
-806
-1019
773
-2270
192
-80
-901
2282
-334
2778
-280
-512
-1280
-1324
-608
1869
33
842
2190
-848
-411
3409
-930
1234
-1517
1844
-172
-856
734
-736
1005
-1254
235
2671
-348
1323
-1522
355
1901
-2126
2198
-562
-962
441
1826
-807
1652
-97
1193
1463
1334
-826
-1003
-718
690
512
-977
645
-1377
115
-790
842
-1
-1539
2023
1080
673
1229
1291
89
-293
852
-132
894
435
1665
-795
956
429
-2350
1028
854
436
-892
-778
2420
-3311
2528
358
-389
405
-859
-103
365
-223
191
-1107
-647
-1466
3017
1832
815
97
2632
-176
-234
848
-1030
-1172
-194
-44
-1400
-1783
-1144
971
-1836
-1009
749
878
986
1686
-795
2401
-409
-1752
-2030
354
239
1860
-1510
-1299
-261
810
41
-1265
296
-1752
71
2148
1093
-1520
967
296
-2348
168
-1043
2436
3298
-957
1253
934
-1277
371
-475
123
-754
1753
-587
-1543
338
-318
-1186
-5
-171
-754
-537
-189
50
171
17
-1181
650
-2327
303
1860
19
350
-717
689
-736
964
255
731
-661
363
85
-1891
-123
961
-2150
-410
38
-1696
-1144
-1701
-310
-1486
2692
-632
15
-122
1140
-1244
-186
531
-1582
943
-2650
-117
739
-184
-791
-840
-1757
-1077
1166
-2303
-1012
-408
-247
730
10
847
428
298
-1467
-2313
-1097
-598
-2281
1108
-335
1188
679
-591
-1956
-230
-121
715
-273
-1093
245
-319
584
-887
-1519
1656
276
2210
110
1550
1031
2188
1335
474
-568
1163
-2383
-1325
-1659
690
-883
-792
24
-523
760
1901
-1352
547
71
242
-74
1096
130
670
888
-1454
600
291
2437
-1178
1511
-2367
-1476
-408
-932
1133
485
312
558
-1308
1364
17
-1657
791
-420
-2375
-923
490
-1593
916
-1145
-1815
444
-1508
2144
438
612
1163
-1757
-409
-597
1519
-299
-1529
926
-181
-1088
-2153
1292
544
-1332
-899
944
-245
-1087
-1501
-1207
1662
109
-509
1445
155
-338
778
1020
-330
-1731
1205
54
931
1440
-2304
189
1953
299
277
-778
771
-2486
-361
-1201
-935
84
680
-1989
11
-983
-995
197
1286
686
-169
-1599
783
-1176
855
1986
-74
806
-1558
-1258
-1615
-1646
1096
160
921
1096
725
-408
-2895
-546
2002
-1106
453
383
-914
477
-1128
-605
-2251
249
1207
-1668
260
892
-494
2160
318
-252
544
-2567
638
-311
806
1299
-1410
2816
1812
-904
1206
-885
-413
860
639
-829
831
47
-2456
-1548
-170
263
-420
-400
-238
-123
-522
-388
183
-839
-509
988
747
-1868
-514
-234
3009
-1712
267
-1752
79
1433
-812
-257
1541
-555
302
207
966
-169
-810
34
-833
-1647
-2873
-744
-466
-2121
1062
1252
-107
-874
425
-2158
1166
-1442
-2419
857
-2920
-820
811
411
3274
-887
-402
-33
1752
-344
-974
698
251
322
766
572
-474
-663
-2192
-73
1494
-1406
595
90
151
-27
-1639
1536
-1053
-681
-393
537
449
-2386
-1092
-559
-167
-1923
-899
1388
1632
-8
-1387
-1146
-1288
-57
285
729
78
1130
1421
-1401
544
425
-1697
1911
953
7
16
427
960
1244
2241
-1066
-142
-1430
-465
455
-709
87
163
-317
2765
-562
-32
372
245
-1560
237
-2194
-318
-65
-716
-147
-106
674
-1071
1218
423
2025
-989
12
1872
-371
-1031
-473
-564
52
-965
-223
-1329
-355
527
948
-665
1359
-303
-342
-191
1876
-676
-2342
3687
20
-137
-221
-2203
2276
-1533
1197
-374
-842
-31
-1256
-2049
-787
164
795
413
268
-386
-58
-2465
678
442
523
-603
511
-545
671
1681
334
-381
-40
-229
-1141
-825
997
-1017
1303
23
662
-11
-2419
506
487
1248
-12
-325
-682
-324
-697
-229
1775
-2914
171
-593
-918
-768
1091
-249
-504
542
578
907
-484
-159
1330
-932
1154
976
-37
892
-1122
1555
-1156
-1818
-556
618
92
969
-165
-965
-1792
-167
-1881
1216
-1205
1035
600
-185
251
-43
-1831
1664
1772
-1194
-299
-2173
-1894
241
606
712
-1354
-47
-1671
-1056
-620
123
-970
306
-202
1033
1479
492
254
598
-993
1174
-293
-952
-1846
-595
-1089
-118
-799
862
-536
-942
-69
585
-2291
-1012
-27
-340
-357
-1044
-457
1872
421
-562
1855
171
-537
1366
1160
1696
-160
-329
-74
-970
49
-1396
1907
-1107
1666
-80
1545
-2206
16
-2876
-1476
-1910
-420
-1054
-1334
492
-659
-1436
1714
794
200
1362
752
-1129
2686
-960
450
-133
1903
-403
-344
612
-1045
180
-442
-1019
585
1681
1034
-413
-51
-1688
1172
-1268
680
-1032
822
-158
-1339
1783
3434
356
-359
1817
1715
139
-568
872
1077
74
2344
1938
-1128
673
1691
521
2193
1335
850
1625
-453
445
1427
-241
1350
974
-1197
120
448
65
1718
867
-533
-1318
-484
-406
330
135
-186
-2312
1765
1800
747
830
1308
177
1571
388
-577
-270
-176
-1430
396
-460
-859
-1017
1113
262
534
-86
-292
644
1914
-1363
-1294
1124
-2723
-1373
-668
-240
190
-257
273
-636
-2468
-1522
-264
735
-2208
337
-468
-1492
2064
1855
-828
-2513
-931
-676
-946
1519
-1019
-2021
-3464
-973
1855
427
-7
-1976
-2263
1425
-1670
3066
339
661
1628
-1
-205
1019
-474
1635
-683
27
-469
649
1711
564
-404
-875
-1318
2590
690
1664
230
975
2362
1984
-1178
79
-619
1450
-1632
-503
-1262
-1473
446
1442
132
1167
-399
-300
-883
997
-1226
-258
-3160
680
-1900
-114
-620
-289
1035
-1546
-1006
-130
22
-428
-2212
1196
309
1322
2492
-1631
-503
1551
1964
-1461
-28
96
792
347
-686
129
-1251
-1418
1124
290
281
530
-1534
622
-2301
2926
-151
129
-882
-983
1210
2850
1040
1514
-1359
-922
566
388
1472
1168
-1195
-540
-2212
-1696
-579
-462
396
92
-1501
1135
-1302
2524
830
-261
-164
-515
322
1583
-34
-932
-1354
1734
-1328
1448
1657
-77
-772
460
-6
-2729
904
2070
714
-400
-425
940
-303
-727
3041
252
1974
-696
2164
1479
-13
-86
1370
671
-785
-627
27
197
817
-1175
-2620
-836
-31
-1240
-2142
-705
1762
-523
2733
949
-233
-866
-1373
1156
891
1822
752
1765
-679
484
-147
-116
-724
-461
-547
-834
1833
-1620
-957
2693
762
609
1553
2278
-764
-75
1583
-810
1458
-1131
282
-547
-187
-1004
-150
-1755
-1554
216
696
-757
885
-813
354
-1119
510
654
-1274
1374
-280
1148
-384
-191
-265
-2470
-1374
1088
-2803
2883
1211
715
660
2257
4
-1770
-1386
1063
-321
-2095
-529
764
-1529
740
-2037
-3
278
15
-196
-745
961
1616
-891
515
19
810
-416
-548
-903
-152
-1341
77
2545
829
1761
-959
-1307
1390
1206
208
2569
1693
565
954
91
871
-2576
-289
2602
2438
1933
-665
592
-654
145
-634
1281
309
1813
1337
-659
642
3164
687
-1599
-2095
856
-191
575
-782
1585
727
-73
-63
395
736
3133
805
-1717
649
-2222
117
-1052
-941
-406
-3391
-2278
-646
-369
-2379
604
-327
-57
1690
1682
560
-824
-225
-1124
-2511
1721
480
1040
386
-206
1401
52
2512
1994
699
-464
-1129
-1805
708
3053
-568
1854
733
-2146
-263
-1464
-29
-3193
-2970
-1647
2628
402
454
-84
-1131
2302
300
1071
225
-243
-178
-496
-1501
-1143
-2588
1182
1647
911
1205
55
-189
2697
1229
1697
0
1843
-382
463
545
-109
-83
-293
-2090
-844
-360
-1
-861
-650
-1385
548
33
854
1183
1513
173
-1480
-984
-2127
865
-458
394
3013
-4
1357
673
-2449
1998
-2125
1568
2526
1289
1509
1454
2218
59
-1488
-723
-1112
-862
-1181
-109
-57
-425
2336
1033
1846
7
-674
-2793
-507
1812
173
-1370
-1575
-1912
-1525
1602
851
-680
1211
614
535
-718
1652
-122
876
-1020
1235
1747
-398
-532
1425
1512
-722
-849
-1665
607
-146
-342
730
1581
0
-1738
3960
363
-1169
-1481
617
1152
1086
2172
456
-317
-502
1113
1172
439
620
-1016
507
208
631
-1021
1770
-288
84
1208
786
-854
190
-1144
2646
1345
-571
1263
-680
-430
1545
517
2353
-904
-676
-1431
1203
197
-310
747
-197
-549
140
284
964
-986
-2618
1238
843
968
-493
28
725
-1149
961
471
2856
1454
-1913
-900
1093
769
891
-1155
-331
727
998
1746
-1
1590
-70
505
1479
-951
774
1138
307
367
-151
-2274
-573
223
-1060
240
522
-2122
2605
-434
338
2063
1392
-87
109
-639
2787
2433
-831
-260
702
1043
-1127
1061
2280
386
-900
-1333
2332
209
-1240
-1221
-476
-1896
-72
65
412
1030
967
600
-926
188
90
-254
668
629
18
1122
-165
374
-1373
418
-277
1399
1397
-1345
-417
217
858
2381
1527
490
529
-846
-36
-1713
-1382
1102
1330
-1701
-815
614
-2291
-3055
-2194
467
2045
717
305
712
-439
1128
474
1287
1385
2474
-1272
-1850
-1734
139
409
-1113
626
780
-239
528
298
523
538
1321
718
2861
6
-836
-382
1004
1344
1375
-281
115
-2856
-1076
1440
938
-735
-1307
444
-446
-19
276
-119
-372
-339
479
1001
1367
1874
964
-828
62
-189
1389
-1354
-1497
-527
-2076
2293
-101
680
1205
688
-2975
-217
-2134
593
1303
-435
-1093
557
-48
1572
508
1094
30
971
1421
-1142
-2109
-26
-606
-180
-411
-689
-936
214
757
93
1236
-2405
1018
784
1250
929
-1395
-185
416
-898
-203
-197
-1156
144
-1601
-1210
43
2012
680
-578
-2944
-4
-369
-845
-693
-965
699
322
-1638
709
922
1319
738
85
1168
-1460
-1267
-555
779
2029
-170
-2387
1497
691
538
-1948
1509
-1483
-2220
-1949
862
-2595
-1499
-844
-605
-227
4829
1901
818
1258
487
27
2539
1030
362
1147
-7
85
-978
1332
-1407
717
402
-903
37
-1014
3030
1192
-1034
1086
74
737
2139
1380
-1437
148
1371
-1659
1035
799
2477
571
-743
1056
1349
-313
1174
-765
-1865
-394
-982
-224
409
1948
708
194
1233
-1186
1317
1618
2078
-2178
-1785
1686
-566
1946
2157
-1266
448
-447
350
-122
1455
322
-1670
-281
-1318
-2023
-1081
-2648
-1157
666
-413
-63
2980
786
509
-1007
-983
774
2026
-1138
-1884
-2639
-1426
-2887
-216
-2660
-470
-518
-831
-1460
-1592
690
802
609
-1023
451
-1250
