797 512 1141 866 1410 -1016 262 -706 -252 731 137 1251 1394 121 -235 568 183 -1254 1505 -921 -2146 -1133 360 -293 1051 -439 -749 -131 -232 324 66 -333 -812 -2055 -514 -1383 1149 1436 -198 738 -1259 -1205 -709 423 -1702 -1659 -924 176 -892 -536 -400 -264 -449 61 -933 825 146 761 -383 -751 843 -596
-533 532 -946 315 -739 52 -261 -869 216 -454 185 1023 -444 199 -607 -978 -2109 589 -393 -496 1050 1031 79 -349 -210 980 -465 144 464 1206 1287 135 -234 -455 -326 553 1420 -490 1035 370 -632 -151 -536 -524 -266 1820 985 157 380 1378 41 867 703 1207 1368 801 579 1222 223 1135 -893 -82
1163 446 430 -340 -488 -1194 -1116 -387 1015 -441 -535 -1041 -135 1351 -716 1458 488 -165 -776 291 -384 -395 1514 14 -137 -2200 -476 -403 1273 -692 -65 -332 338 240 -34 938 -1051 1267 512 -760 608 98 850 -1443 1492 -146 -1059 791 87 137 96 935 521 -529 -690 -1280 1622 -165 -220 130 -227 571
929 1195 512 339 1219 285 1701 386 652 -417 -415 1193 462 -970 2364 -721 -24 -530 1009 -226 -13 1037 -415 -532 -359 7 597 -709 -712 110 -535 300 -1904 35 1004 -724 72 352 -890 -782 -887 192 -830 656 476 -1468 573 594 -430 1237 616 674 -664 -694 16 902 -14 150 872 -886 1247 -339
351 308 -555 1864 -524 41 -1225 -181 -1086 38 265 309 -287 1444 641 -844 1161 726 -617 -1721 599 377 -329 1564 471 493 383 16 -489 651 -148 164 -320 972 -298 255 2093 -675 546 -175 -360 491 -1242 740 -322 872 -73 547 893 -95 -33 -545 -343 53 -441 210 -20 688 -572 563 74 1045
881 461 1566 -765 -1334 -997 110 860 245 1935 758 -436 -248 -1318 -1670 -397 732 -606 -151 1168 2181 -900 76 -137 -98 1114 -685 -70 -344 -77 -1751 -1266 490 -1388 -1435 -386 -2323 1489 64 13 489 -625 1297 1417 -609 223 -53 57 -188 -87 555 -809 -317 -253 -685 561 1316 12 440 2 -467 -445
711 406 -290 -1364 298 -867 -519 -951 1304 308 171 366 464 1101 1100 -475 253 -1694 1684 1511 -170 809 1709 580 501 -805 -1698 -270 -546 -295 439 -742 -818 786 43 1634 776 812 -1903 30 -394 242 1914 -2326 -171 -1537 -1245 273 166 1158 -255 403 358 -623 26 31 254 721 764 1596 184 -992
1202 1068 292 -540 291 -652 -142 169 495 190 1335 677 -349 501 -1166 503 129 2061 410 -1133 -1017 680 506 -129 758 -573 1382 202 1357 623 -411 387 913 299 541 718 151 -1413 565 -393 -481 910 -1574 996 926 1215 2063 -302 -1047 -138 492 370 434 -352 190 -112 -409 -526 447 -373 -750 -318
352 -449 -989 645 1332 1348 -66 346 813 -35 -1336 424 1474 185 91 652 -461 1204 -1142 614 864 1044 -113 533 353 181 750 -214 1739 -124 915 1726 393 1092 1836 -1347 71 -744 -408 -678 409 -1258 -1 1038 -1666 1922 -1382 -28 1823 -510 -293 -1528 19 624 844 -189 -97 703 629 -902 625 -95
-808 -2022 -488 1624 -415 -946 -330 351 -756 -560 528 1057 -480 -1177 -405 341 528 452 919 999 1321 102 -169 -294 -237 302 -634 1036 -490 1160 -266 1973 886 793 -855 15 -30 33 -1220 49 75 -906 365 -1219 2255 358 -759 803 -1048 -2370 -489 997 1005 1453 -761 104 740 51 -1066 751 241 1134
-1706 -619 518 -1109 -698 308 273 608 359 140 -52 -458 54 110 -564 1122 141 -433 199 193 1206 73 418 -1134 -45 -707 736 1537 -317 41 -309 247 -781 -69 375 1221 72 -32 199 256 373 4 101 1127 -316 -1643 1613 -1420 -341 -399 109 -77 -323 -541 758 1296 111 -1314 -191 -184 -918 -73
-623 1012 802 -26 946 295 486 1011 -510 525 1142 -1240 -1483 -344 624 140 363 -682 543 960 34 304 452 820 702 238 489 177 -226 127 1529 -1000 -813 -492 581 -1095 -711 -869 205 1028 139 1072 -381 142 -979 860 -1160 -164 -947 783 344 480 222 700 202 224 -223 -134 -751 -1342 -7 -1003
329 918 -1183 108 378 334 -339 -1513 805 -855 -2264 -782 556 -276 64 986 37 1444 2312 525 106 1132 439 401 790 740 -584 -1374 -12 -1241 -308 -700 722 586 -772 676 206 -55 339 161 547 -616 17 742 854 -975 1226 -235 -339 717 -243 53 699 -188 -353 62 -683 753 -281 554 -579 1286
1177 -1071 -592 852 610 -369 71 -152 -390 -1287 1355 321 -1053 -270 629 91 372 1756 -1088 -524 -3 -799 92 -105 -284 -1566 -896 -113 -1162 -546 243 -232 -431 -1792 -459 -93 153 871 1177 542 -429 -985 955 -413 -937 -609 -1851 -1179 736 -1205 -104 -1623 -117 -380 684 -209 -567 144 -908 -294 323 -933
-1218 -861 645 453 -702 -280 -199 -830 -1165 940 -702 -1412 -595 -580 -1722 586 440 -719 -634 172 -599 136 -353 288 -483 840 484 -849 -839 1028 -1111 -449 925 27 318 385 -93 408 406 -569 -1000 479 -306 -485 92 81 852 2578 -356 653 -315 -124 -671 -118 631 233 1174 724 -240 55 -206 -128
-509 989 1554 236 -396 1006 -728 798 336 144 -858 -899 -711 522 933 80 -816 -694 -1061 -1278 -877 -874 47 654 -996 1331 -123 -28 -34 -1804 -1638 534 -269 -667 569 590 16 468 -814 172 31 674 -8 -102 -380 334 1232 -93 326 684 -1065 -19 291 2373 -987 318 138 -756 38 801 502 1481
489 -301 109 -160 1108 -399 -1777 -40 -167 -958 -541 457 214 -199 -637 -374 900 250 -599 182 -768 365 -1049 -927 456 -1252 -2000 -1032 -947 -345 1382 -376 -773 492 397 -520 -779 -1226 108 -163 711 1573 103 -632 -74 -113 710 -463 -465 -522 -782 883 1412 102 -1099 633 -795 -127 242 -1128 -296 -547
93 -542 -717 -279 -1456 -674 311 647 -73 -1190 -452 -452 -925 -883 -181 -1184 422 -782 490 884 93 -547 -1204 1132 -916 -626 575 -624 -1052 281 557 1239 1070 853 -933 -1149 -32 431 482 -540 1478 -1629 -1396 37 414 1328 776 -590 1392 -814 967 -928 1479 -1692 1265 -786 -1178 -340 -397 -344 364 26
-712 698 628 595 -56 124 -15 -630 -437 -161 -59 1123 -143 184 -594 438 -425 443 1209 174 125 296 1456 -507 -537 261 -773 350 55 -175 -369 418 263 707 705 -363 -23 139 457 2685 470 -280 1239 518 653 701 -2247 -492 -1213 -193 -83 370 -673 -266 834 -1919 1181 -592 442 -62 916 1984
283 447 -1551 313 806 -816 1413 -1319 -974 -942 -113 276 399 -293 551 201 -193 -127 850 289 1558 234 -250 -284 1728 446 238 -297 299 -679 1023 -357 977 -473 -414 316 466 346 490 -551 -600 508 145 -40 731 -1354 -962 293 -181 -547 -760 1842 -1140 1870 -626 1406 1148 -1432 836 -582 171 -356
-967 -14 530 859 -739 220 -1069 -422 -1461 -598 575 466 149 1133 1256 -202 -651 -373 384 -924 260 1018 -168 201 -316 -1660 -437 -411 -1187 -278 174 94 51 234 -440 -422 -254 -1512 -191 -1319 -1320 -831 -16 -89 -677 -749 629 341 366 130 689 464 539 237 -132 241 -960 897 -652 -225 70 -524
-734 205 934 236 906 573 161 1080 81 2652 2577 627 147 -128 -1952 -177 -900 300 -478 613 851 -1083 1625 1198 677 309 385 -614 272 1094 -846 -211 -14 -58 -1081 -207 -440 952 1791 -969 -598 757 -748 -504 -731 269 223 791 381 1203 1284 -1728 -545 -1863 1334 -858 986 23 -59 37 117 -695
1163 621 -651 28 -478 9 -1013 -614 1335 6 -731 -1153 -306 -1465 -693 -1630 -1077 239 1034 394 -268 409 546 -1096 -757 563 745 91 459 -722 126 1423 -85 -614 857 -323 357 1660 -2078 -4 2250 -251 -196 137 -46 625 -304 -210 -185 -866 -1030 -2043 -239 -809 -486 -96 542 -132 296 -257 1067 -419
959 -630 8 -510 -238 -251 328 1184 -270 -397 -36 -453 429 -262 351 -89 652 -833 -1232 -937 -12 287 -249 -610 -350 598 -9 -1119 631 -450 -7 -546 -373 886 584 604 2178 -900 -1343 406 -990 -906 677 -197 -118 -1512 1376 973 648 -498 -1127 -1094 239 930 321 1174 -2018 -299 -1867 247 -486 263
-833 251 1269 1119 834 -1033 837 -1306 1182 181 -1094 -621 822 1343 -55 -255 -529 -1497 -423 210 375 1008 -1130 115 648 -143 -441 429 -864 -827 162 -422 402 -432 304 251 -429 -221 1180 164 21 -466 53 -398 -235 327 633 -1380 -466 -722 -382 2307 520 601 413 -281 -275 1000 -820 276 -454 1347
-118 -546 53 -455 -1269 -284 649 -41 -90 -898 -131 1137 -370 -597 -2058 419 -307 926 -548 17 -1267 -812 -298 256 -530 1538 -297 -1307 -1738 739 -922 279 586 -102 65 371 374 -234 -290 -506 21 -543 35 702 690 -227 -824 483 299 552 1516 -87 421 -176 -96 -337 2053 -1326 1383 747 122 349
825 768 10 -1830 -1497 -967 -1166 -300 -1291 178 -93 485 584 -78 1988 505 1083 1216 1755 1103 -531 403 -1124 6 142 -289 -757 802 1025 -124 -166 673 -331 1309 777 732 -1806 -961 -279 138 -856 407 334 629 -1249 312 -362 -366 -910 -214 647 -974 -339 -224 633 763 -102 -95 931 -580 358 968
553 36 369 674 1180 1069 -89 879 -480 -431 -1201 36 -214 1062 890 -213 133 570 -477 -789 521 664 512 47 -591 172 1497 -18 818 -844 1217 -536 1832 -292 146 -1857 -435 399 508 1384 -973 1537 721 -625 -217 748 579 1039 160 246 -440 255 432 1671 -732 1087 -1302 -185 -1652 1175 -1070 -119
-2025 622 -21 -219 997 -279 699 -513 -208 -367 398 1098 340 -616 -748 10 732 1454 -1056 333 476 -713 -1232 -1018 1350 -877 -850 -1261 255 815 1066 -411 225 -78 -75 -255 11 18 65 -1983 274 -553 -642 -899 -329 458 675 -660 -277 309 -746 932 -158 -516 308 158 114 161 -315 -617 847 785
682 1454 -39 -15 -459 -156 -1888 -1185 -1039 -570 177 489 -356 -798 2 261 482 62 4 76 -831 -691 380 434 -261 -655 -1176 646 386 780 -392 1954 1449 24 975 -120 976 -210 -880 -896 27 -1381 -646 -1149 89 686 -714 -1288 -110 -642 -465 -391 -311 -470 660 -1655 57 -104 1489 914 972 -1199
2557 -921 690 93 631 -508 -221 358 224 596 -422 -886 -1937 1004 979 2145 1721 -89 1450 -864 709 877 92 -246 -956 -358 206 783 -1112 -769 -656 -462 -1155 951 703 1339 402 -754 -56 502 -945 1779 -1011 567 299 -460 -1096 1139 -1088 -1115 -241 -1022 -575 -837 -1486 374 377 58 -61 -461 -743 392
434 184 1556 304 -254 -1022 413 49 818 195 -284 -1346 -54 -526 64 555 340 -312 -337 -177 -1149 -1078 -1011 -444 196 -129 -113 -606 361 -860 -201 -677 866 888 -282 503 -310 1145 432 -1288 692 -534 -685 1051 370 -74 792 912 441 459 154 -549 -514 701 741 1 -1600 -1569 -399 -411 107 -337
-397 2273 1348 27 -190 231 610 -707 -374 -559 706 1251 1793 -242 646 -712 -1020 61 397 -945 71 89 1573 -211 -444 149 40 523 -621 401 798 1646 1972 66 -73 -1419 1004 766 -364 2254 359 -1093 1201 1427 -141 1140 1237 234 899 134 -290 454 212 1384 535 -405 1385 -618 -247 -1217 85 -673
561 -206 -1538 -616 1349 1585 754 861 208 -209 544 -341 531 -363 91 -326 409 1111 -696 -424 341 -618 1000 -751 1459 154 -732 -82 -699 -228 -155 296 -1138 -858 -472 -514 803 -197 724 25 -635 711 574 -666 -449 -86 -13 -96 -333 -1128 -272 867 214 19 -1255 825 -268 433 564 935 -312 86
755 -1483 -1142 1519 -287 894 -991 -292 -112 227 -616 -1014 -890 1314 982 1291 896 -992 -226 -483 -554 1827 -982 1268 -33 -666 1097 402 -230 863 288 6 -601 94 -971 489 -838 -1255 250 -657 1025 145 159 46 39 519 186 555 -425 399 1058 -1116 -192 -1353 -291 -502 -173 1999 179 1309 342 201
-859 22 802 -542 -781 84 -57 752 301 -927 -413 -848 864 -404 -722 -637 -2 703 1116 -131 -101 -1583 -957 809 -1417 226 288 -1253 849 85 411 722 1036 1141 489 -130 -207 915 709 -866 -497 -872 -1456 -1488 -803 -551 -62 -636 -439 1039 -464 757 -149 -563 1802 2179 2021 183 277 166 675 302
364 -970 -1125 1424 1647 314 246 54 -851 -386 -773 262 -591 -248 -623 -749 235 633 -666 256 -555 633 770 -257 -809 755 -170 -55 412 -260 -110 775 -719 -187 12 -1171 661 -224 74 -458 151 162 1128 539 701 841 -1222 -1935 -692 -1697 -590 697 -123 1309 558 -471 -1121 -293 -424 -924 -730 -1462
-86 567 1717 1207 111 -79 -1004 -264 -497 1211 -511 878 979 250 -391 694 -174 -1567 -1957 -1122 764 1142 312 -340 -53 -20 -681 312 129 -35 -104 -176 605 671 26 445 815 725 549 958 1646 1287 62 840 82 -350 -931 913 -1161 -75 682 98 1486 -14 -564 -293 -643 -841 -872 -549 -1582 -276
-1719 78 -488 687 111 -1314 -134 311 970 -565 546 2231 144 92 992 -233 237 -76 2037 1734 492 -143 425 -11 637 -1523 308 -492 -259 -379 -909 644 172 -585 -55 769 747 899 -363 176 -1653 -112 -434 674 -532 -860 230 -1912 -257 611 -220 -918 -47 398 881 914 254 -360 13 -809 950 -211
-444 -128 5 236 -1054 -22 352 405 125 -1165 -296 -1151 -451 1679 -352 136 -492 520 629 -116 1362 1382 -760 -748 253 1330 492 -269 -1179 -993 1023 769 -66 914 299 171 -819 89 -33 117 -64 767 238 842 1107 -377 893 -230 1669 596 -410 1277 -816 -659 -667 118 478 1228 1319 -510 -312 -958
-237 -641 611 -2247 -400 -207 495 199 -1528 -389 618 756 960 -323 795 468 -223 -209 -624 1097 85 -1566 91 1523 1761 194 -455 -65 -241 1764 1341 -1304 444 -952 -558 -223 428 91 -1790 -402 437 -834 951 -444 -886 -863 -510 -249 -996 -507 -984 360 -848 1350 1368 -503 -272 371 -194 1065 297 1226
308 114 -117 1731 1158 65 -154 -1120 -634 -544 206 112 2206 1955 1122 -564 384 467 299 173 -1267 -167 777 -525 -618 -722 973 528 1385 -161 -1184 -526 1198 -973 904 538 370 -727 1258 1691 -1313 -542 -127 -883 1459 518 -278 -194 76 418 35 -1118 637 -255 493 -712 -412 -1299 -63 -272 1188 1266
51 465 355 -86 -948 -113 -1029 -976 464 610 368 -22 263 -682 959 437 286 -524 -980 250 -544 226 336 1220 -8 -63 -869 128 -257 -1070 -66 270 -788 817 65 -1197 -1466 -564 652 -573 -328 1180 587 574 341 -652 -65 1289 1043 377 208 23 -243 436 697 243 -161 -191 -1294 -155 -350 -24
507 1238 -447 375 -342 -747 358 1435 -80 89 -566 -646 -1587 -1075 -808 -406 -587 43 159 -108 615 1287 814 -596 -754 1283 1019 596 -794 -539 147 -329 490 138 -1132 866 -204 749 -102 -519 -595 605 789 635 -1579 -247 -149 -168 -758 -491 1192 109 -475 -54 -1131 416 398 303 1251 968 -330 1256
972 632 743 -583 566 204 788 -850 51 -838 -625 -1346 -116 -1041 -1053 -1532 -872 79 1454 1353 820 176 -490 395 1951 493 238 147 601 916 940 54 -262 -1129 774 398 1212 -25 -580 -1021 -1 878 -660 -610 274 2403 3 371 157 -454 -397 -2121 767 777 1411 347 -712 606 730 -764 1150 -394
769 204 652 947 1117 558 814 -57 252 -24 838 624 1477 334 196 1506 348 132 -37 -1878 -483 -686 -640 384 -101 22 550 144 287 -388 -571 -2231 -791 -389 405 -268 -96 -876 2249 350 445 -1181 -697 -626 1796 159 662 -4 319 -433 -751 -55 1063 928 480 -1201 238 -718 -927 1141 245 -350
1273 -745 14 -537 281 1038 -455 568 -448 889 -1910 2354 110 879 662 -999 98 345 -666 56 198 -344 -194 946 -330 301 -1365 490 348 1155 -596 429 -450 -1283 -135 -646 -224 310 -1483 -1152 -74 318 355 268 -517 -294 -565 -1273 271 -426 850 882 846 978 679 1127 888 127 456 -450 45 1079
1 1280 -87 -81 -605 -1437 -944 1256 -60 -937 -141 896 -404 1060 -1199 -291 -309 -1129 211 833 91 600 736 -105 -538 -1097 1221 -67 -679 -150 64 874 -132 271 916 1183 656 208 -102 186 564 -293 319 1030 66 -1356 -3727 -304 -1730 -549 206 225 1380 -111 -783 -401 -578 184 792 406 1479 131
550 -292 -506 863 -19 65 1242 249 118 724 1384 535 115 -9 701 841 -822 486 100 145 -488 -517 -732 -781 -273 -56 266 -1045 -130 -462 -905 -66 733 341 230 156 -266 1170 529 1386 -473 344 461 204 -978 -1223 1775 -682 -260 1007 -301 -518 -1479 -1994 -840 -557 -1068 32 0 -803 115 88
-145 1164 1938 1899 318 27 191 -1526 90 173 1197 -389 422 332 -432 -482 1031 739 909 -1723 -118 -531 1633 540 1360 -719 -894 -842 -805 -1436 -523 142 -788 -551 -343 -279 1188 238 637 -215 -678 1117 -410 120 -205 -458 373 -269 1800 -943 -964 971 -835 462 -235 243 337 301 -1448 13 653 -599
953 502 587 -357 -178 560 -932 -814 205 120 199 -173 356 -1536 -2001 -347 -285 -935 -884 -761 36 -201 189 7 -171 476 -186 -537 -337 90 2288 -102 -1195 74 268 1308 1534 598 848 -1458 1519 -522 1046 92 -293 606 507 445 342 -231 1891 752 1615 891 -48 -418 652 -256 -78 477 -913 470
779 -1655 590 -1489 4 -1377 -1083 55 911 -647 -506 -968 -308 465 623 522 -1335 -366 -285 688 -1350 205 -1754 -397 -1815 -552 -1359 -190 1167 906 427 221 -346 651 -524 -463 598 18 -322 252 2151 482 974 354 -133 700 758 405 -438 -761 -233 -410 -1355 -2493 -84 -877 590 -1147 309 1292 834 1004
-1213 -158 372 -252 849 199 1979 1523 239 234 -155 -1242 252 -1302 1046 -596 692 1113 103 -400 -269 -2 -154 667 -426 -88 -554 1414 255 -276 349 -648 -474 -291 846 91 -417 -1229 388 1086 -122 -1481 -1301 -856 257 -248 802 -492 -469 523 -773 361 -143 825 -827 -1223 -1152 -644 112 265 -292 1171
-446 -360 -818 -886 709 739 822 -1017 -1471 -1311 -1606 -641 -446 1259 -637 -131 124 616 -1026 764 -127 -281 1349 267 -542 565 260 24 -123 2075 -138 -63 1014 119 -123 -1060 -1175 179 -189 -115 -1190 -273 -71 -108 -137 -297 -787 59 -248 -428 -172 -192 -86 -546 54 2094 554 -903 -740 -1427 257 -1023
-67 327 -224 1981 534 -109 -2461 -1534 -777 -1132 -748 1759 54 252 -707 857 724 -152 -299 -35 -1029 1156 -876 -1395 915 551 -59 -142 90 -915 73 -164 -502 -387 426 -744 389 -5 -8 -690 -1848 -874 -601 309 804 1634 1198 1949 -40 930 762 491 297 -899 164 -1247 -2025 -816 492 -576 428 546
-158 -129 -110 1712 -735 244 3 1664 -574 54 -601 252 456 945 -118 -470 -345 -273 1256 -80 2085 -504 -952 800 895 -891 85 -731 642 1105 -685 -595 -520 -612 -919 643 -45 7 -493 -622 -19 656 -526 -1305 28 885 520 796 234 554 347 -991 -1405 -852 -518 -1000 813 845 239 30 1414 123
-168 545 -677 -1480 -1358 -782 590 -646 -717 -187 -283 725 851 -1168 816 1733 -172 652 206 1058 -301 -74 1427 1490 496 -308 -601 169 1336 530 1335 2103 314 -711 -484 865 -106 532 1173 -172 1543 -1333 -2473 458 54 -1167 -449 -798 849 -268 580 -214 -75 -108 -355 805 47 -159 74 1209 -973 -4
-9 -1134 -613 -297 455 -1526 -251 372 791 1052 1566 -609 522 -114 144 -1463 -543 473 -198 -466 -292 1123 1789 256 -53 -1181 334 402 -116 -212 104 -63 -685 258 238 323 -400 -715 278 1184 1050 -693 1358 1389 -623 978 -43 960 -747 -307 -1301 541 477 966 -144 -174 -1063 -213 10 -188 -587 282
-1307 -390 2345 -425 -938 348 895 -380 138 -1057 531 492 -651 806 189 638 525 -1580 195 -602 702 522 -739 -1409 84 1306 199 1383 -737 620 511 -1271 -522 231 1099 260 813 817 -340 771 -1002 1350 1494 -453 349 -366 -499 344 -425 455 -1127 -427 -314 -1050 1206 286 699 665 -176 -925 199 72
-652 249 -380 -897 809 914 -1018 -1062 -36 263 -783 -703 -110 1523 -173 -487 94 -112 284 -653 -788 -856 -916 1163 499 -1470 -726 -73 -1153 -239 -1145 86 963 1499 1172 1127 -560 -276 -731 -78 -657 -588 -439 251 1531 -178 1022 278 38 -725 1535 954 -253 39 -636 50 720 -140 -737 -559 1110 818
889 -139 -1780 -872 -723 -1069 -578 2481 808 712 -357 1277 743 -1102 810 -259 -957 525 83 900 -123 410 1808 368 -1323 606 856 298 -521 -529 -676 384 -572 -1528 -344 -1784 -350 -460 242 549 28 1635 798 1133 -664 184 1036 -431 -178 673 1889 -582 501 596 121 622 336 -495 -594 1822 -592 -811
-210 -1693 689 -47 -668 -1021 62 -22 -1455 -118 -407 -1694 -355 -289 -57 -1616 -436 -539 70 432 764 1144 179 -433 -325 1305 -310 -1051 -1168 233 50 -560 -390 -825 -377 30 1129 -571 147 -631 1294 233 1145 -347 778 1916 -80 -316 1366 748 -405 560 1306 -533 503 -37 -2027 -883 123 177 -1204 -132
-98 1576 -1178 -994 -83 60 -74 45 819 -369 -358 -255 -528 347 1559 -392 -210 551 -1878 1456 206 1 815 -1029 -259 -160 1271 -572 -778 -236 -1237 336 249 1320 376 549 -1411 -416 -250 -484 -25 2402 -16 -1177 -313 1316 -1734 894 -1015 922 -786 -1098 654 -1088 448 -1542 -140 -465 -1082 1443 -1568 518
-207 589 -116 703 1464 333 461 -698 1164 -522 484 -513 413 -584 -299 300 882 -856 1526 789 -601 -995 -1266 1502 527 64 134 -67 -326 298 -1515 1487 -1515 196 666 -1164 -1702 1527 -1329 1025 -1457 167 1698 -1075 1576 -863 -1786 1669 -1011 -48 -1 -1410 1256 -272 -221 -1647 1232 -252 -818 -188 -87 1797
-1146 409 -1566 299 -748 372 -838 405 -224 -956 -308 1084 616 -1543 2890 -1944 -868 742 -757 -301 -258 2529 -2412 749 -223 720 829 -36 -1057 1453 -468 2552 -868 -277 151 -159 140 -145 925 589 -335 544 -970 303 -641 671 -171 -539 -231 -271 89 -1367 740 -734 459 -213 -324 188 -218 867 -1066 126
879 -858 -323 295 167 779 -2163 1549 252 -546 901 -2311 -289 215 -803 -95 -264 1119 18 -697 -274 61 -642 285 576 -528 -1118 549 -326 438 -604 -415 467 64 -1379 -451 -698 445 -82 776 -123 957 697 -1262 132 723 -654 -954 649 -882 718 -1788 1851 552 -1094 -1001 1368 -424 -973 758 -1251 260
-260 -124 336 -677 672 147 -1332 693 337 -1037 607 -160 1217 -942 1401 179 -814 -126 -566 621 -1149 1876 -340 -214 -1391 1426 -1260 150 -35 970 807 -94 237 282 1978 -558 -1133 1591 -1359 213 98 -1416 14 769 -1051 -1010 1268 -1036 -722 36 1367 -603 759 465 -1015 -637 749 -205 85 137 144 -166
92 -60 -502 147 771 2241 -1713 126 802 -2185 711 -1401 -1224 1403 -1123 2432 -1384 1408 -1219 -122 -2546 -96 -205 -248 952 234 857 -273 609 -1186 2281 -145 -605 248 -463 -907 1853 101 124 -17 -179 -297 640 -126 1035 -319 844 -987 119 -212 448 -540 852 -243 520 -1415 -231 9 -2008 1005 -1185 1037
-360 -381 1258 189 101 833 -934 -113 169 -866 587 -358 1013 -233 -2192 1180 -1726 1677 -1597 980 -233 86 -971 -680 -440 639 -3 -880 1767 -254 -803 208 1137 -1005 1067 -2102 -175 -167 873 -121 450 -953 -1148 1565 -1660 -907 2309 -657 -56 -338 423 -792 304 -209 -148 -27 546 -395 931 -734 -154 -603
-410 821 -1327 348 -1142 1559 -2217 -797 925 423 -819 -1811 1321 -819 -470 1876 -1750 -88 -1440 1149 -1234 751 -817 238 149 422 -1016 -1132 620 -1171 123 -255 -1691 -753 1492 -2593 2013 469 -451 130 189 -624 1544 139 469 -1309 -967 -1130 404 683 353 211 29 -455 -281 -337 -657 11 -51 1541 59 768
810 225 -21 688 -481 396 -1167 440 -978 -390 1389 -1010 1406 188 -2027 800 -926 -107 459 -1080 -785 -185 -18 171 -421 613 -1335 575 -886 267 -1182 -1293 500 -1724 931 91 240 486 452 335 -469 1401 -1420 -611 1283 -2170 2657 -123 -443 -51 -833 797 -166 334 -996 126 337 -1012 -417 1038 -772 -286
295 1349 -214 54 -176 1289 -991 253 242 94 208 -2114 1867 -117 -131 -860 940 -405 -1027 -237 -1071 506 -790 1449 -527 273 -1214 118 1201 -2710 2543 -1569 -571 -1048 659 111 -103 -779 408 658 -149 -724 -327 748 79 -1907 1516 -526 -48 2424 -760 -69 58 -1016 247 -419 48 229 -215 160 840 -23
152 -856 -804 553 500 -932 -462 582 -1148 -1654 1480 484 507 -843 787 -1305 737 -188 -619 451 -129 244 -1407 760 -688 1063 -1523 -118 115 -2269 1426 -259 1366 75 -52 680 1006 -1042 -1007 1248 -1007 534 -851 -1263 2706 -922 189 2759 -2024 1167 -1661 -486 486 769 -736 -554 218 1656 -826 -233 1342 1121
47 -271 -186 125 -864 574 -91 -466 1554 378 -824 348 1618 -1204 250 -374 -1080 -200 -1540 -430 -503 871 -1139 53 -1793 47 495 -659 2387 -2111 1031 -1489 756 -323 -916 614 1556 -886 -193 332 33 -581 -1076 -31 1050 -2574 1619 113 -511 231 -437 -1091 572 -1406 860 -63 139 -120 104 -870 304 1343
896 -1086 -353 648 -381 -1215 438 1269 -1573 647 1457 49 -352 -1280 1466 -1598 136 492 -1959 451 158 -62 -1016 2139 -1213 -108 877 520 -296 638 1289 465 219 -481 1284 -590 -139 -1127 -1061 1272 -979 730 721 -685 522 2272 -1262 1359 -552 610 129 373 -675 -47 587 -109 1143 853 170 -1749 1954 -669
54 321 -633 549 214 570 -94 670 -161 2115 -968 12 1060 -369 383 -574 -777 -187 453 -521 58 808 -1349 1539 -936 889 1277 -484 94 388 -198 -352 -17 557 -578 1031 88 -1014 -22 -23 -1 176 94 -262 542 -1544 1596 -710 -399 1190 -1185 1322 345 -95 91 -1865 869 -113 1044 -542 -466 835
2161 -1410 -683 -367 733 165 -1234 1262 -456 -288 1249 1209 -898 -1440 3029 -2176 852 1652 460 -172 975 -362 -691 988 -17 -979 -521 1332 499 -821 727 1869 -872 -811 155 -1588 701 -431 -162 1423 -1041 145 585 758 -792 660 -819 -1749 324 867 -731 -461 -794 941 251 -1045 820 -1107 589 -1583 1052 -1775
60 296 -1649 -448 1056 89 668 -279 -234 652 -756 1039 969 -1937 505 -1181 626 56 915 -77 305 1509 -660 -181 1704 174 885 -107 548 -671 803 1051 -833 660 2 -348 294 -165 871 -662 -898 -233 167 43 208 -940 793 -12 357 768 -845 339 -259 -1806 1514 -1442 986 -111 1323 -621 -188 -1335
-360 906 769 262 279 -1133 1107 -181 832 910 461 375 611 -1651 2547 -157 47 -333 955 -1256 1184 -919 810 -331 222 -38 1020 1019 1764 -1595 -1904 1304 -1039 340 664 -994 993 437 -200 297 870 -252 164 40 -1544 247 -538 -1176 1634 -275 -46 -806 184 -937 1443 -742 1244 -473 301 136 -287 424
-1107 554 -1032 132 2757 -1843 1299 -201 -288 467 -1046 588 1368 -1185 -114 1402 -1009 327 1063 -1337 -175 -64 1476 -2222 2875 438 -1085 115 1320 -815 386 -312 -1486 -403 957 119 469 -829 -1679 70 -1172 772 647 -745 -165 687 -645 931 245 453 -2685 2193 -397 362 762 -968 1005 -44 387 -823 -841 -444
461 712 -856 -466 1232 -2744 879 1724 -251 -144 551 -931 1523 -1583 594 138 -444 -1080 695 -1217 813 -940 -167 -1133 -251 90 1011 -1347 116 -657 -424 309 327 677 -913 -730 -235 110 -317 -784 76 213 -1147 -586 -170 672 172 -592 2418 5 -1381 241 114 -42 -427 699 -1002 1086 -1059 679 -224 -674
-357 -846 1367 -346 885 464 -671 2352 65 159 241 84 -123 -743 -682 1485 -2020 538 608 145 -1223 -471 1797 -119 237 -7 443 635 -200 261 -1142 35 -650 1059 618 -54 97 -211 -604 2662 -616 215 -126 8 60 1164 153 -211 -1099 1578 -859 -216 -838 357 731 -736 -1316 2331 -2325 287 527 651
1762 -980 -309 -1518 742 -948 621 -283 -1093 -1147 -281 -1249 1744 -1290 283 284 -327 -86 -1063 1318 485 -1731 -500 -593 -413 898 649 -736 898 -1 -380 386 16 632 -218 198 -957 710 -72 274 569 948 -370 806 593 -550 297 -863 -825 -1140 1057 -550 120 -551 -250 1080 -976 1517 -1458 396 1121 -948
962 -996 797 -83 -709 1584 65 -495 95 -655 -910 -195 243 119 2465 391 -689 461 -1514 529 -1278 1457 -457 438 -962 14 -569 551 -379 -287 -1528 1269 -303 58 1209 -958 297 1599 -2490 250 -214 -500 -40 877 -98 -580 1009 25 -55 140 -26 207 788 1450 -1416 1526 -2241 2186 -2285 494 175 -458
183 -1516 1557 -344 727 -1841 2286 -1314 -1458 1084 33 384 1038 -205 503 168 605 1335 -1439 644 61 -702 17 841 -162 1296 -746 -719 514 634 54 -1282 558 226 -1217 -379 -936 1019 1067 703 -1162 349 20 316 -24 -1600 136 -703 -485 1619 948 1200 -1667 858 -279 708 111 1511 -1244 1726 -1273 54
-403 -758 -630 470 497 -581 860 -1520 -34 1383 -744 446 -363 -361 973 -852 -649 720 -244 710 -1725 2233 -1087 -201 -77 813 -1097 1447 -526 -71 23 490 172 35 -277 -309 -918 471 -823 171 629 572 38 377 -1016 1114 797 -396 -146 1408 -1614 1998 -2079 757 -1124 -514 491 678 -259 1109 -1339 -431
1428 -883 472 -534 -437 -764 -787 1974 -721 104 -1069 2140 278 -533 884 426 -481 2040 -620 596 54 -4 1219 -1811 -578 1676 -380 617 124 731 80 -461 -551 1014 -1702 348 1484 -643 -549 1392 -2065 698 49 720 -906 -1123 -169 1245 -1148 1206 -407 -957 -1134 489 -111 -175 1232 -1672 -390 930 -1206 138
-832 828 349 1571 1183 993 -1016 210 1165 812 -2433 -49 462 -1621 1748 -570 -656 -1132 -419 -1338 1086 1842 -219 -1220 1577 67 -1422 1222 556 -1024 1008 -177 -1235 48 -811 1432 -354 -190 592 2189 -1737 -75 729 1332 -2319 1227 646 860 -342 -155 -1283 1863 -1560 419 217 -338 -376 404 -809 -596 -934 -677
-1144 -433 -248 -148 -572 1610 -1310 881 1439 399 -1005 706 476 -794 -734 44 -900 1545 -333 -2161 564 -1072 1922 -2603 402 872 314 -944 -268 -453 -308 -587 97 111 -551 -199 1169 -992 -276 1427 -1301 -890 -114 499 255 -1177 -125 -8 -527 903 -932 345 -416 445 -733 -69 933 -43 -543 445 794 -858
-671 1607 301 -550 -1437 201 -239 -1488 1245 -980 -254 -305 1398 -1541 565 -1488 -585 -462 2148 -1346 693 571 547 -2341 1993 536 -1179 950 -470 -72 -533 967 -2107 1544 -442 1430 94 -254 264 -250 627 -1137 259 669 -259 -320 789 -933 -890 657 -452 1287 -1383 -1121 1105 -672 -836 1388 1239 -2706 1829 50
619 -193 -33 986 -1009 1738 428 12 1382 -253 -570 -522 -392 1076 -54 732 -442 -954 1937 -786 83 -497 2456 -1071 -706 1321 -1161 1257 -167 -460 -2348 8 -467 736 91 -811 390 -228 177 1046 305 808 751 -327 631 -891 936 424 -169 208 -361 317 -168 -789 1552 631 -785 -1058 340 -580 249 -1108
239 -839 -807 424 -106 -566 1834 -775 961 -605 1156 -594 392 -594 -1355 -1173 912 -1659 774 -1073 439 -170 229 -525 524 766 -962 581 -700 1214 -113 458 -2899 2724 -2916 1045 -625 224 442 -1082 347 1213 -993 228 868 -973 535 1374 316 -124 444 956 913 -889 262 589 138 -170 472 -1880 533 1042
-1120 833 -1382 1824 -1258 1177 -276 -599 -5 -1022 1535 16 1808 -380 -867 -903 -64 -140 -117 1492 -24 -438 792 35 186 1255 -1126 -323 702 386 -41 600 -252 842 -449 -1441 475 1342 -842 42 1478 -397 155 -1516 1059 -435 664 -1208 1157 -580 105 1197 -483 -186 1586 493 -569 257 17 233 865 -161
-649 137 -1955 1130 -123 98 1028 -457 305 -689 405 -854 -927 -226 160 178 134 168 552 -744 290 -342 1240 399 -482 -659 492 572 -853 -556 -524 -122 -2483 1679 -932 405 -107 567 -2134 188 237 -308 -108 -943 -34 -1237 -13 -357 95 -234 -1259 1011 138 -1023 -891 283 -455 1742 129 291 492 505
-319 1210 -1854 1168 -1624 88 -1587 413 -11 381 1096 -1132 -706 -438 -388 259 -268 1769 -1422 1598 -343 220 -828 -244 481 -171 429 227 1095 -609 -176 88 -1449 751 -497 -50 -402 333 1314 -2729 1176 -440 683 -1068 1575 -2031 843 -337 683 488 -958 -432 811 -1752 755 1282 -2359 892 -1295 531 1212 306
-435 886 -189 1765 -1723 393 217 -530 -384 -162 -227 1719 -1831 558 -1079 -9 -182 154 1047 -834 -1021 888 -1381 1647 -1643 -802 711 -164 -391 -101 -517 455 851 1712 -767 740 -621 998 -706 626 -832 -1117 11 -784 257 -720 143 116 -278 1336 -198 -655 1670 -1211 1817 517 -989 1297 -1548 -1301 1379 26
-226 796 -594 -41 587 -945 181 1069 -381 -78 -554 1009 317 662 -187 -1551 -652 1588 -1260 1584 -187 -38 146 116 309 112 514 -910 721 -1765 126 -636 -694 689 -876 -33 -1159 257 1352 147 -415 965 1784 -1331 1483 -930 448 -619 185 -262 -1634 622 1207 -1688 -1255 946 -1410 -113 -168 -1129 -163 -450
1170 230 -2206 -118 936 -623 139 -73 323 1281 -1234 1785 -2222 1436 290 -57 -146 781 -1233 -287 -981 905 182 178 54 -151 -59 628 -350 -96 372 -79 144 217 -533 1011 -568 275 -1013 1446 -1067 359 814 -866 351 1116 899 210 1037 464 184 -741 877 -948 251 -1115 -1116 262 262 123 1143 -1110
-1358 -543 1205 -1829 789 -1339 569 65 684 555 -848 -294 737 -505 357 405 -141 1882 815 -176 629 -1943 1281 -1016 670 118 -414 -252 89 -767 930 -2383 1257 207 -702 691 -2064 1691 -1975 368 -1072 513 -366 -1568 531 -1551 1421 -490 -583 1467 -319 -144 198 -1389 -337 793 1146 -25 719 197 896 1226
237 -677 -1503 2 1314 -1292 716 31 986 -1634 -922 769 -1641 464 -251 -669 -1043 270 -7 989 -722 -760 992 -1166 639 327 -311 1120 -726 -61 836 -649 600 459 -1017 155 -1422 1057 -518 1177 -1496 -19 1037 -1250 1110 889 2016 -1045 782 -703 492 134 -1455 -531 494 -545 112 1146 406 -618 334 147
576 -1885 1400 -465 807 -391 117 -246 759 -250 593 -968 419 -663 -174 915 -359 565 -1469 -2076 -135 91 1377 -1014 -458 715 -1195 2041 -6 -1475 2400 -2956 481 721 -1285 830 -1307 177 -1073 54 -14 -406 866 -1705 733 -545 -267 507 -445 -1006 -1015 1464 827 -279 917 -894 -1187 415 597 752 -1408 1944
692 -942 839 981 1545 -1713 362 10 753 -1722 -77 1054 752 -1383 521 195 -285 -89 -1027 1592 -495 -1751 182 -18 336 -589 -679 645 -449 -310 538 -824 793 79 -733 -164 901 767 507 418 -471 -1771 2421 -718 25 1349 -370 -50 581 -488 168 -843 -700 -780 1492 -72 -400 115 -966 -240 -905 1550
647 -883 -1336 840 222 -378 -137 723 1135 2 -451 -2169 -674 346 -327 -15 -1291 307 -289 -234 738 660 154 30 -1506 910 -983 633 -44 -1618 555 -365 -265 208 -344 482 -739 -1905 1756 505 -433 -561 1012 -622 -481 2112 -1428 50 1289 -348 1067 -243 1069 -1205 59 -113 -275 976 278 -322 -1829 427
64 34 875 -875 -149 -130 702 719 -257 -222 -541 495 -564 -1811 2 576 -190 -464 -374 571 759 -948 -1380 539 522 1081 -367 194 -1162 17 778 966 -1369 1174 -541 896 708 -604 505 -898 -51 -1400 876 1463 -2323 1489 -1973 -185 849 -1619 1299 -1021 -933 626 22 -92 -723 1922 -366 1455 -906 -17
-370 -13 -1538 1040 850 -557 74 290 151 -293 -1479 488 -166 1779 -931 851 -762 -469 1951 -764 -378 -167 629 -256 -1106 -401 -84 869 697 583 -924 868 9 -237 -849 1045 188 -1146 1259 868 -413 -891 -613 740 -668 2048 -98 -1175 854 -1250 1268 -1428 -38 1119 273 34 -830 -1041 394 -1301 513 353
505 -1416 1465 -1446 867 979 -272 -1243 765 1249 -668 778 398 1302 680 1616 420 -1995 245 -508 -429 -872 -1122 448 315 -677 -1196 64 -307 -199 -1261 1624 -1504 615 745 -500 -495 -427 1642 -1257 951 -488 -31 -330 -1070 949 -567 -823 777 1330 325 -432 -1815 -104 1089 268 -820 929 -1620 -752 646 -362
92 -540 -898 380 -1214 259 -904 365 -425 841 -753 1239 -1836 1050 -1587 1413 482 -264 919 -1281 374 -13 741 -428 -846 -609 244 520 -82 692 -752 840 -76 153 -186 676 -1617 -579 408 -681 763 -748 953 708 -908 -1555 1379 -1139 -825 942 517 897 -709 -138 -120 -303 744 103 -516 -559 281 -352
958 -405 848 -1186 -1185 563 -561 -429 576 488 -1522 1138 -1666 201 239 -1461 -93 -858 -346 1529 455 -106 -244 -456 839 200 -724 -315 -666 946 -1318 3118 -659 346 423 163 138 2648 -1140 -1143 631 -172 99 319 -729 15 170 357 -1290 1045 -707 -249 -1407 -515 -120 -182 -1506 1650 423 -1472 1235 39
-1547 758 -1075 1999 -621 611 -21 250 717 -1385 934 -167 -150 465 -1565 1726 201 -110 -328 -220 273 -1324 434 -578 384 -745 1082 -553 689 127 -454 653 -1921 686 -599 938 -1986 985 321 110 1737 -1146 -1387 -156 1728 68 1552 1708 -627 1897 -2580 -14 -1220 386 703 -469 -1160 177 -1599 -26 283 -706
648 -991 233 -361 -519 229 540 -814 678 -1682 -501 -47 638 -733 760 -970 797 1088 -941 470 574 -387 394 -336 425 998 -1199 -454 589 887 -375 1304 -2208 427 -300 -142 -1753 1596 -1790 -173 63 345 -1072 996 -387 -1093 2292 -24 -661 1365 -947 1388 -729 346 700 1277 -427 1040 -407 -575 -466 105
-1081 -574 -216 691 -816 -427 91 -202 2091 -3105 1007 -2568 1219 901 -1215 -614 -342 -543 328 -134 70 -1056 1679 -897 207 384 720 496 1022 -1641 2011 1965 -2303 702 -127 16 34 134 102 -1852 1078 -840 -349 611 2183 -31 -1643 1131 -545 171 -1002 1487 -146 1134 521 -661 535 809 -1651 1460 -77 -1291
1148 -1923 179 -839 -508 -396 -196 266 313 -255 -227 -403 876 309 1335 -39 79 414 -1163 1837 -708 274 -401 441 -2983 1803 -515 1074 516 -1727 372 1951 -1543 235 -95 -677 -1784 1357 -626 -137 892 -1374 738 731 -387 -672 765 -65 -2124 103 -550 83 -607 -1257 1219 -773 -253 386 -695 1623 -848 -1050
-1149 -646 865 1031 739 1069 -569 244 184 -31 1059 -790 -274 -53 1336 -606 357 1500 -30 960 -587 39 699 1321 765 494 -629 591 466 -1470 -1236 1237 -383 -114 383 -676 -1293 997 -999 -755 -526 -509 -700 308 68 -620 -1771 2751 -891 377 -672 2101 -135 -797 -300 313 716 -172 -1967 674 256 -1577
-646 464 -845 766 -586 975 -1269 -83 -1320 853 -766 1811 830 -764 300 -1710 139 1341 -825 704 -252 -586 460 428 580 1048 -560 973 -981 -496 825 596 -76 -1642 -452 1396 -1472 1906 -1196 638 -475 370 256 -516 1 -123 -1828 1714 -1176 -376 -241 -129 1109 1629 -260 1232 505 570 -837 -26 -1103 -913
-317 2144 -1382 777 -420 446 -1953 287 720 1039 -911 1249 -1037 1202 569 -104 -553 -53 -497 614 155 -1080 924 -1094 1219 -1022 304 -1069 -1293 958 -1029 215 760 -20 -477 759 -1210 2489 -2117 1184 -1864 1530 541 420 250 821 -1187 2740 -713 19 211 1131 289 -1147 -1706 1090 -106 819 121 -697 1518 -425
-1554 1860 -2175 1318 -858 2077 -1197 1385 947 1479 -1005 982 -47 -1365 1151 -1560 849 -690 1875 -1235 1021 -251 531 -1621 2137 -1544 -1007 1021 388 -988 651 -572 24 -449 -384 1669 -1262 424 -460 2580 -54 446 183 -1386 -232 -361 -1214 1448 -925 -768 7 -244 149 1653 -21 1012 -1650 699 499 -146 -1544 1643
-586 634 -1100 -836 -1771 686 617 319 672 805 -424 -443 -740 444 495 -230 177 -742 293 -1091 1319 -1159 770 -437 1508 -734 186 -1510 352 2097 -768 516 368 1721 -1307 1608 -1449 1100 -709 1060 -105 506 396 176 -758 -182 -1685 -479 995 -1752 724 895 -673 269 -35 1166 201 831 -946 189 -644 -422
-834 377 446 317 602 600 587 -437 917 -1033 -313 96 1387 -2902 310 -1058 1282 -951 244 -433 -952 270 -46 -2323 1173 612 -903 -373 -304 -1548 164 -352 -260 700 557 -489 -810 113 39 668 881 -47 -706 573 1221 -775 728 -710 124 -424 -869 1475 369 -125 224 1604 -1847 526 -1530 1642 -2301 333
320 -1778 1516 152 1093 209 -389 431 649 -2042 832 -1039 171 1191 741 -1470 300 -495 613 -1392 1233 -1098 -541 -756 369 613 80 -123 -740 912 211 -629 -1369 390 -9 890 -404 766 -2070 1222 -1203 -83 1089 -1790 -383 115 -135 685 24 443 -46 324 -1042 716 -38 28 -32 999 -1224 135 921 28
-417 -864 2132 -170 -1712 890 543 -858 1904 -2214 -1629 1717 -1293 -905 713 -303 883 -428 -129 287 -493 32 -499 183 -783 663 -1725 276 -984 -1428 2452 1014 -90 -1289 889 -1286 -77 343 -1316 1359 -521 -549 -656 -595 1249 -1604 1183 -1525 1019 -28 1005 1179 -386 -1352 9 -432 -504 1108 -925 928 168 -700
1055 -45 -856 485 -541 913 -985 172 682 1251 -376 113 -136 -205 1431 -1726 -529 1510 263 -162 306 -797 508 1594 406 -637 761 -383 847 -1203 -235 1345 -1243 -1624 212 288 -757 106 -1697 2370 899 -1180 -105 -427 -99 -1061 267 905 113 -1455 -24 466 123 1265 -324 123 -509 95 -33 -143 496 -1075
-635 797 739 1756 -1535 229 -811 -851 506 -747 -1241 1156 -511 -1263 1161 269 -826 411 -642 -376 -80 276 223 344 -2301 735 651 -514 974 -550 1339 222 437 -1304 935 -449 731 -528 -310 -125 -812 -6 523 343 -266 -916 400 -1235 1504 -1305 1 -557 -670 -935 519 -396 103 150 -1170 1336 -374 -1938
-1338 710 91 898 281 1172 995 -1259 -88 1258 587 -1613 314 849 734 -76 -296 1592 -445 -865 86 -884 -735 740 381 -1622 2652 -1602 1472 -801 502 188 -770 1409 -772 1475 680 -222 354 -684 597 -1615 -732 -680 45 -107 0 -617 647 -210 -1631 1975 -1142 -185 -451 1011 671 603 -249 -877 846 -426
-855 1332 -1174 705 -722 318 33 -569 1947 -1492 227 554 -899 1299 742 693 -2203 1237 491 -985 138 -1075 395 614 -373 -1310 1092 -316 1670 -1953 441 737 -780 -62 799 -227 -221 -266 -1044 11 -709 706 -1489 802 -770 -1020 -163 -458 -1910 -787 -399 215 -752 -50 -117 -1043 1114 -212 -434 313 1370 -307
