3.140523 2.018172 4.480807 3.398503 5.536846 -3.961958 1.042730 -2.751509 -0.985033 2.878110 0.553672 4.923222 5.488278 0.487341 -0.904864 2.225733 0.729152 -4.902343 5.921723 -3.599278 -8.388723 -4.428536 1.427099 -1.134334 4.126018 -1.696273 -2.917146 -0.508562 -0.903583 1.273938 0.277861 -1.296305 -3.160841 -8.032516 -2.006062 -5.402091 4.521110 5.641413 -0.759099 2.907326 -4.909376 -4.697093 -2.761140 1.668003 -6.652239 -6.478546 -3.602332 0.696337 -3.467567 -2.086610 -1.545447 -1.014661 -1.737181 0.263057 -3.640087 3.251927 0.591015 2.994509 -1.479934 -2.927425 3.338008 -2.310642
-2.069800 2.096810 -3.692612 1.260088 -2.877397 0.221205 -1.004606 -3.389345 0.859073 -1.756471 0.747373 4.034433 -1.723267 0.792626 -2.377756 -3.815322 -8.254024 2.318526 -1.523438 -1.924580 4.134636 4.049669 0.338043 -1.342807 -0.796723 3.863936 -1.801411 0.588700 1.839335 4.745165 5.069658 0.542555 -0.900754 -1.779255 -1.263448 2.185726 5.591202 -1.889051 4.080590 1.461237 -2.449843 -0.576619 -2.103767 -2.047334 -1.038455 7.147098 3.871418 0.636086 1.515274 5.424768 0.171168 3.415437 2.777665 4.749675 5.367752 3.166106 2.284495 4.809882 0.892722 4.465654 -3.470018 -0.309564
4.574877 1.759567 1.705660 -1.311590 -1.910752 -4.662129 -4.351449 -1.496494 3.990080 -1.716243 -2.072767 -4.074978 -0.512715 5.310322 -2.787136 5.719257 1.910581 -0.635301 -3.021396 1.168073 -1.484026 -1.529945 5.958836 0.077582 -0.519727 -8.597712 -1.842414 -1.556854 5.011865 -2.689260 -0.233539 -1.286455 1.336758 0.957393 -0.117915 3.697846 -4.083426 4.989501 2.029242 -2.951913 2.403017 0.400921 3.342553 -5.635526 5.859630 -0.551255 -4.136162 3.126477 0.364644 0.566616 0.388096 3.695729 2.057390 -2.057767 -2.694797 -4.985037 6.378776 -0.617629 -0.837828 0.531474 -0.865212 2.250361
3.656444 4.700239 2.022346 1.337553 4.793309 1.137235 6.691370 1.528787 2.569736 -1.624368 -1.624103 4.696682 1.832004 -3.775449 9.279008 -2.808537 -0.082936 -2.069182 3.964388 -0.870198 -0.024619 4.083201 -1.602556 -2.071518 -1.389539 0.046712 2.347459 -2.769964 -2.764494 0.440523 -2.074365 1.189993 -7.436179 0.155647 3.953712 -2.811116 0.299444 1.395358 -3.460435 -3.050029 -3.456259 0.765094 -3.239789 2.585220 1.882591 -5.733688 2.273130 2.351131 -1.661536 4.874846 2.430755 2.668022 -2.584074 -2.692216 0.072461 3.546455 -0.035492 0.603500 3.439098 -3.450196 4.913655 -1.306772
1.390986 1.232592 -2.157484 7.318046 -2.034628 0.172190 -4.776908 -0.692346 -4.233217 0.170283 1.048596 1.233615 -1.118076 5.682035 2.531728 -3.280037 4.558288 2.863378 -2.404070 -6.726366 2.364923 1.491942 -1.266549 6.144779 1.876762 1.955351 1.518178 0.067701 -1.898356 2.570635 -0.575547 0.650535 -1.237208 3.828112 -1.146853 1.026153 8.214689 -2.623897 2.145096 -0.687655 -1.401291 1.931754 -4.843626 2.914029 -1.234828 3.443367 -0.260858 2.171058 3.521429 -0.359984 -0.118350 -2.121852 -1.319001 0.219391 -1.725560 0.844178 -0.058953 2.713957 -2.212940 2.218627 0.308331 4.115688
3.468213 1.825216 6.154976 -2.972079 -5.216211 -3.899228 0.433964 3.388825 0.979576 7.608461 2.983763 -1.681729 -0.949377 -5.144068 -6.512774 -1.542859 2.896889 -2.355277 -0.564452 4.587927 8.564986 -3.500250 0.317590 -0.515598 -0.355005 4.379998 -2.669377 -0.259166 -1.334991 -0.270347 -6.847590 -4.950287 1.928171 -5.420273 -5.602440 -1.490494 -9.079439 5.843306 0.260658 0.058129 1.942859 -2.425022 5.094468 5.569937 -2.370266 0.898393 -0.183727 0.251885 -0.726417 -0.324179 2.182997 -3.148334 -1.239754 -0.979459 -2.668588 2.227149 5.190506 0.076417 1.741241 0.016478 -1.806844 -1.728226
2.824133 1.628409 -1.121254 -5.337163 1.170796 -3.392889 -2.017672 -3.697191 5.135492 1.238007 0.687223 1.462872 1.826171 4.326356 4.318718 -1.847760 1.013512 -6.616789 6.627406 5.936532 -0.634579 3.184511 6.722473 2.308209 1.986961 -3.139309 -6.637371 -1.043144 -2.126751 -1.154026 1.725532 -2.904053 -3.185374 3.098083 0.183170 6.424786 3.047297 3.204514 -7.436460 0.137594 -1.527616 0.972631 7.524855 -9.086827 -0.661211 -5.992868 -4.859965 1.093336 0.675088 4.568173 -0.980488 1.592400 1.415649 -2.426514 0.124871 0.151219 1.028094 2.846235 3.011995 6.273923 0.744352 -3.867297
4.737384 4.207900 1.161037 -2.097705 1.151438 -2.555949 -0.530484 0.692440 1.982640 0.775443 5.253012 2.671134 -1.356703 1.973960 -4.550157 1.981215 0.527766 8.081959 1.623665 -4.416163 -3.957485 2.688496 2.018454 -0.470538 2.994675 -2.233615 5.429362 0.799729 5.328729 2.453088 -1.584862 1.535654 3.595891 1.209911 2.123015 2.836481 0.604546 -5.525773 2.218278 -1.527446 -1.864256 3.586532 -6.139840 3.913489 3.636710 4.777327 8.091703 -1.164440 -4.088225 -0.517657 1.930134 1.458044 1.723528 -1.375588 0.758531 -0.427243 -1.595193 -2.041315 1.778967 -1.449292 -2.929065 -1.243201
1.401905 -1.730780 -3.852040 2.536530 5.244199 5.295344 -0.237712 1.371757 3.211964 -0.110411 -5.205139 1.687496 5.790932 0.743306 0.377633 2.572937 -1.779105 4.727377 -4.444153 2.432272 3.410531 4.114679 -0.415577 2.111125 1.405340 0.722369 2.959111 -0.815728 6.842387 -0.464232 3.605041 6.783956 1.552621 4.299767 7.204029 -5.256195 0.278710 -2.902080 -1.579720 -2.643573 1.619578 -4.913601 0.011284 4.094179 -6.491724 7.555674 -5.395200 -0.103402 7.152196 -1.991142 -1.131992 -5.960688 0.101018 2.459721 3.337663 -0.717326 -0.351758 2.777439 2.488313 -3.514528 2.466512 -0.360021
-3.153377 -7.900374 -1.902420 6.388439 -1.602042 -3.693272 -1.267586 1.397242 -2.945621 -2.173041 2.075304 4.169555 -1.865323 -4.588815 -1.575186 1.365381 2.092362 1.797951 3.623072 3.941477 5.202590 0.409622 -0.639776 -1.135409 -0.902053 1.219573 -2.446592 4.075156 -1.900815 4.573983 -1.016607 7.757386 3.496313 3.130791 -3.327387 0.075256 -0.101866 0.142561 -4.768866 0.208822 0.298563 -3.538655 1.440500 -4.752964 8.838858 1.423230 -2.961457 3.165795 -4.082359 -9.280428 -1.884871 3.929068 3.952605 5.708887 -2.957502 0.433433 2.921985 0.205897 -4.157907 2.957911 0.976378 4.461176
-6.675435 -2.416039 2.060292 -4.324400 -2.718804 1.223410 1.095918 2.393441 1.420252 0.564312 -0.176932 -1.765417 0.234830 0.450247 -2.188992 4.418626 0.576238 -1.674044 0.805265 0.788284 4.742707 0.319385 1.661945 -4.423718 -0.153321 -2.748692 2.910486 6.052512 -1.212755 0.194783 -1.191175 0.995045 -3.031208 -0.246769 1.496738 4.810697 0.291789 -0.107846 0.795308 1.021823 1.473447 0.025903 0.413104 4.435289 -1.229339 -6.411503 6.328101 -5.552111 -1.322581 -1.554724 0.459362 -0.295676 -1.240301 -2.100289 2.992178 5.094631 0.447848 -5.139448 -0.740566 -0.695833 -3.580307 -0.268047
-2.429691 3.989362 3.152842 -0.089796 3.728393 1.183303 1.920897 3.985050 -1.976392 2.076667 4.491041 -4.838953 -5.798130 -1.333388 2.461539 0.565533 1.450833 -2.658981 2.147926 3.783681 0.168164 1.215793 1.790625 3.234115 2.765880 0.960065 1.939204 0.713641 -0.876415 0.532142 6.000290 -3.892662 -3.161771 -1.898877 2.300343 -4.272930 -2.776663 -3.393103 0.825759 4.049074 0.571038 4.221541 -1.466715 0.576103 -3.808514 3.386476 -4.526343 -0.623829 -3.682281 3.082080 1.348080 1.902656 0.886486 2.763643 0.811188 0.909680 -0.858395 -0.530749 -2.931806 -5.251223 -0.018364 -3.901905
1.303253 3.611020 -4.615428 0.452673 1.501925 1.329287 -1.317177 -5.915548 3.163758 -3.336095 -8.864905 -3.052976 2.186468 -1.057734 0.270189 3.887618 0.165562 5.668479 9.074917 2.084480 0.444323 4.454893 1.751843 1.587487 3.120705 2.917814 -2.280080 -5.369368 -0.031655 -4.843824 -1.198804 -2.733961 2.837818 2.308593 -3.015320 2.666750 0.825467 -0.199410 1.359733 0.650194 2.175194 -2.394255 0.088322 2.937350 3.366772 -3.793145 4.821633 -0.908411 -1.313068 2.825901 -0.936224 0.239092 2.747748 -0.706709 -1.366098 0.256908 -2.670246 2.966774 -1.094698 2.181244 -2.241220 5.053781
4.627786 -4.177998 -2.297998 3.358464 2.414163 -1.427031 0.289690 -0.585810 -1.512017 -5.031569 5.312223 1.261787 -4.119785 -1.038099 2.484462 0.383329 1.475556 6.898588 -4.239440 -2.030495 0.019491 -3.110750 0.385779 -0.395486 -1.089524 -6.134229 -3.498062 -0.433756 -4.541518 -2.115962 0.977556 -0.899710 -1.674367 -7.015825 -1.780853 -0.356606 0.618532 3.447551 4.642820 2.138730 -1.661935 -3.844391 3.764338 -1.608018 -3.664838 -2.368447 -7.231104 -4.600554 2.901448 -4.714793 -0.393050 -6.346266 -0.438064 -1.460284 2.689563 -0.809171 -2.212487 0.577086 -3.543077 -1.130318 1.281732 -3.644595
-4.752801 -3.361968 2.530343 1.795268 -2.721617 -1.085070 -0.760560 -3.241816 -4.548423 3.695693 -2.739046 -5.528692 -2.328603 -2.258871 -6.728744 2.324201 1.744868 -2.787882 -2.466160 0.695964 -2.336092 0.545405 -1.368933 1.141290 -1.880810 3.306151 1.907522 -3.318527 -3.263411 4.036199 -4.338410 -1.747905 3.638904 0.118208 1.253525 1.535569 -0.339757 1.624731 1.604976 -2.213265 -3.904245 1.885280 -1.193794 -1.889572 0.374774 0.328461 3.356045 10.112102 -1.376763 2.562925 -1.231060 -0.478533 -2.608602 -0.445805 2.479121 0.929015 4.610075 2.854392 -0.940777 0.226849 -0.792819 -0.465087
-1.971459 3.891095 6.115795 0.955003 -1.526316 3.965412 -2.837570 3.143333 1.336471 0.582418 -3.344135 -3.522813 -2.773029 2.070282 3.671701 0.334544 -3.183161 -2.699451 -4.156977 -5.007021 -3.427717 -3.422586 0.199882 2.582297 -3.887606 5.237691 -0.473224 -0.089853 -0.125110 -7.065146 -6.396452 2.101905 -1.039535 -2.597062 2.240547 2.326403 0.070260 1.843860 -3.177006 0.695484 0.136126 2.648933 -0.018769 -0.390370 -1.468082 1.324017 4.844688 -0.330289 1.293615 2.690358 -4.155321 -0.061897 1.154424 9.316595 -3.851170 1.278765 0.556024 -2.942958 0.152681 3.164889 1.993192 5.836895
1.927272 -1.171851 0.449113 -0.611806 4.359040 -1.546912 -6.946449 -0.138445 -0.644420 -3.734484 -2.113864 1.797762 0.854137 -0.757349 -2.474741 -1.448015 3.537030 0.995309 -2.345772 0.721101 -3.008631 1.448577 -4.089037 -3.597909 1.804775 -4.888650 -7.813951 -4.033370 -3.715263 -1.339642 5.427425 -1.451764 -3.013934 1.946566 1.563348 -2.016707 -3.039620 -4.792081 0.454427 -0.609180 2.814464 6.181374 0.414223 -2.459808 -0.271205 -0.421840 2.806864 -1.789919 -1.812059 -2.032669 -3.037737 3.478573 5.549936 0.427127 -4.290995 2.501645 -3.105813 -0.475067 0.970973 -4.400408 -1.139846 -2.110918
0.375821 -2.113174 -2.784422 -1.069503 -5.694904 -2.620387 1.231627 2.550219 -0.272087 -4.657857 -1.757123 -1.752996 -3.614941 -3.456835 -0.691911 -4.628578 1.666107 -3.045858 1.925449 3.469069 0.372994 -2.131927 -4.709311 4.446097 -3.581687 -2.448891 2.246805 -2.446676 -4.106010 1.126811 2.209942 4.874555 4.227700 3.356735 -3.643332 -4.492034 -0.107634 1.716964 1.911582 -2.096687 5.810612 -6.362282 -5.454615 0.159537 1.634356 5.218458 3.042364 -2.298241 5.467744 -3.179133 3.808846 -3.610703 5.819722 -6.610571 4.961229 -3.071843 -4.607252 -1.324401 -1.553128 -1.331817 1.446357 0.127282
-2.766980 2.752419 2.476270 2.342297 -0.211466 0.519269 -0.052046 -2.446566 -1.714274 -0.631430 -0.221431 4.424257 -0.555582 0.741607 -2.320699 1.728969 -1.644665 1.765923 4.747774 0.698494 0.492863 1.188166 5.711850 -1.959134 -2.083468 1.034175 -3.020064 1.386050 0.226664 -0.670258 -1.428078 1.662992 1.063381 2.786970 2.776187 -1.414200 -0.073593 0.559781 1.810353 10.531137 1.850190 -1.085970 4.878609 2.054658 2.597593 2.772927 -8.765873 -1.894272 -4.740192 -0.758238 -0.307506 1.472760 -2.607982 -1.022748 3.280709 -7.499633 4.632449 -2.305516 1.760823 -0.222437 3.620195 7.803573
1.126386 1.771388 -6.070709 1.252096 3.174505 -3.192786 5.542074 -5.159281 -3.814447 -3.677660 -0.422971 1.105449 1.580198 -1.126817 2.172215 0.800343 -0.738123 -0.493030 3.351358 1.154497 6.132267 0.940290 -0.969371 -1.095397 6.777573 1.777964 0.951914 -1.147846 1.184173 -2.644530 4.028273 -1.376355 3.850438 -1.838823 -1.600996 1.248842 1.839551 1.383337 1.940320 -2.142705 -2.326078 2.005200 0.595476 -0.132849 2.898957 -5.282247 -3.758847 1.162777 -0.702616 -2.128345 -2.959573 7.227683 -4.451324 7.342831 -2.431283 5.529377 4.513919 -5.596553 3.294876 -2.256951 0.696790 -1.368781
-3.776902 -0.040825 2.094199 3.384484 -2.877347 0.875372 -4.161324 -1.646508 -5.709269 -2.330024 2.273186 1.848533 0.607189 4.447548 4.933293 -0.776648 -2.537522 -1.437726 1.534150 -3.590348 1.037927 4.009153 -0.631109 0.809062 -1.214993 -6.482950 -1.695744 -1.610361 -4.639616 -1.075766 0.701039 0.387873 0.214939 0.933344 -1.703221 -1.643378 -0.978829 -5.910197 -0.742535 -5.158175 -5.164505 -3.243180 -0.034518 -0.327461 -2.630248 -2.917734 2.479291 1.351084 1.435777 0.533487 2.715941 1.839441 2.125004 0.956049 -0.505123 0.972722 -3.743146 3.515424 -2.532491 -0.856462 0.294664 -2.033995
-2.862115 0.832765 3.690248 0.943510 3.579483 2.266187 0.648632 4.247247 0.334991 10.402670 10.116930 2.477386 0.598769 -0.486371 -7.625401 -0.684795 -3.508125 1.183954 -1.847527 2.422227 3.363437 -4.219705 6.391330 4.703155 2.662761 1.229696 1.524690 -2.393897 1.081235 4.298994 -3.300513 -0.815013 -0.042377 -0.212088 -4.231380 -0.802730 -1.703493 3.733700 7.028203 -3.795319 -2.333223 2.968941 -2.912657 -1.964576 -2.864716 1.063753 0.884370 3.112260 1.508635 4.741344 5.045585 -6.750457 -2.114387 -7.268625 5.260484 -3.345367 3.883060 0.105198 -0.202139 0.163563 0.471667 -2.718064
4.565104 2.464752 -2.529851 0.136636 -1.860333 0.059901 -3.952776 -2.380599 5.261241 0.053810 -2.832596 -4.497179 -1.198372 -5.724457 -2.712077 -6.371257 -4.202782 0.952288 4.076121 1.565019 -1.016441 1.615715 2.164582 -4.275756 -2.938026 2.226031 2.934302 0.371850 1.817143 -2.826131 0.512511 5.597029 -0.316403 -2.391192 3.366560 -1.241145 1.429967 6.522171 -8.118413 -0.017096 8.827642 -0.974472 -0.760542 0.543541 -0.169831 2.475926 -1.162702 -0.799485 -0.695536 -3.364119 -4.013395 -7.987607 -0.909844 -3.147904 -1.873919 -0.362295 2.142527 -0.512681 1.181047 -0.993807 4.190766 -1.629121
3.779256 -2.448378 0.047445 -1.977941 -0.921607 -0.955583 1.305564 4.674694 -1.029801 -1.525370 -0.116293 -1.748023 1.690954 -1.009433 1.376971 -0.343733 2.554572 -3.256748 -4.804425 -3.649860 -0.018788 1.145811 -0.951092 -2.381539 -1.342652 2.366322 -0.015111 -4.369380 2.485198 -1.748221 -0.009878 -2.128607 -1.443946 3.490807 2.304421 2.387065 8.548779 -3.512081 -5.259057 1.612288 -3.853815 -3.532872 2.668298 -0.750019 -0.445445 -5.904458 5.410557 3.825672 2.558531 -1.944184 -4.401579 -4.275280 0.955825 3.658246 1.278690 4.612233 -7.891345 -1.163988 -7.287444 0.975741 -1.886329 1.053766
-3.247203 1.000636 4.986735 4.404566 3.273743 -4.032092 3.304324 -5.089648 4.652674 0.714575 -4.266923 -2.421255 3.236233 5.270008 -0.195602 -0.987280 -2.061658 -5.850174 -1.645028 0.838829 1.480271 3.976034 -4.409574 0.480051 2.563548 -0.547132 -1.705226 1.685265 -3.367965 -3.220853 0.645830 -1.636591 1.591572 -1.692393 1.217177 1.010803 -1.660257 -0.844703 4.636433 0.660270 0.092525 -1.799801 0.230397 -1.546906 -0.907224 1.303741 2.498617 -5.385967 -1.811559 -2.817588 -1.472071 9.044769 2.060938 2.376279 1.635115 -1.092618 -1.069418 3.938730 -3.198154 1.081075 -1.758032 5.298535
-0.450688 -2.117956 0.226153 -1.770827 -4.954593 -1.095112 2.560079 -0.140896 -0.342318 -3.511561 -0.492318 4.470512 -1.430708 -2.322284 -8.058175 1.640815 -1.192076 3.633116 -2.142599 0.076148 -4.945544 -3.161805 -1.159508 1.022729 -2.054204 6.044833 -1.141780 -5.111767 -6.792929 2.899543 -3.605346 1.117449 2.307399 -0.381051 0.267172 1.465879 1.478585 -0.897296 -1.104707 -1.974780 0.100613 -2.110915 0.156806 2.765166 2.718724 -0.879838 -3.220320 1.912035 1.194898 2.183331 5.967894 -0.326114 1.675141 -0.667780 -0.365622 -1.301517 8.060830 -5.180741 5.424393 2.956898 0.496195 1.387500
3.253407 3.032916 0.055963 -7.146324 -5.834559 -3.783678 -4.541846 -1.159796 -5.046438 0.714057 -0.342149 1.927872 2.313426 -0.276893 7.796213 2.000970 4.271132 4.779028 6.873613 4.336925 -2.069036 1.597722 -4.388162 0.049609 0.580410 -1.115127 -2.952070 3.160322 4.013350 -0.463476 -0.634554 2.657005 -1.280018 5.148928 3.071559 2.873332 -7.065769 -3.749363 -1.075692 0.548921 -3.329266 1.609750 1.338514 2.499928 -4.872790 1.240806 -1.396978 -1.419054 -3.540374 -0.825178 2.550423 -3.801199 -1.311395 -0.858197 2.506161 3.012381 -0.390515 -0.360134 3.658903 -2.259639 1.405874 3.817843
2.195679 0.152208 1.463375 2.644324 4.617954 4.194542 -0.340748 3.455595 -1.876098 -1.672027 -4.682709 0.169007 -0.813904 4.183471 3.502044 -0.806349 0.545161 2.265480 -1.845605 -3.074037 2.050542 2.626639 2.012900 0.202966 -2.301971 0.695691 5.892486 -0.050766 3.219780 -3.280487 4.786179 -2.080984 7.211709 -1.130186 0.577210 -7.269826 -1.701988 1.569662 2.006393 5.449462 -3.794707 6.041698 2.846219 -2.437089 -0.836307 2.951689 2.293078 4.080996 0.640424 0.986142 -1.705556 1.015333 1.712097 6.581520 -2.848267 4.265043 -5.098900 -0.705064 -6.444253 4.625336 -4.173761 -0.447318
-7.906711 2.456198 -0.050300 -0.848100 3.941560 -1.077197 2.752723 -1.992195 -0.801412 -1.430160 1.572711 4.322720 1.353238 -2.395515 -2.899220 0.056778 2.884259 5.712091 -4.126520 1.325661 1.877613 -2.763111 -4.814544 -3.970236 5.301587 -3.423809 -3.310815 -4.927439 1.024089 3.206197 4.198468 -1.582588 0.910951 -0.297365 -0.277545 -0.979504 0.048616 0.083779 0.262673 -7.749462 1.085074 -2.149386 -2.508678 -3.497228 -1.259860 1.819747 2.663731 -2.574120 -1.079940 1.233767 -2.905793 3.677897 -0.597151 -2.003780 1.210347 0.629889 0.462217 0.643727 -1.227155 -2.400249 3.331584 3.087950
2.681104 5.726439 -0.135701 -0.044442 -1.775955 -0.593426 -7.386800 -4.628797 -4.069304 -2.210667 0.710384 1.933295 -1.382134 -3.117918 0.023333 1.049544 1.909772 0.266568 0.027037 0.315074 -3.239125 -2.694790 1.504436 1.714193 -1.008822 -2.574486 -4.586629 2.548143 1.539606 3.072691 -1.506920 7.673639 5.701826 0.102198 3.845448 -0.473714 3.833565 -0.813234 -3.428133 -3.493024 0.132772 -5.398949 -2.516750 -4.478371 0.358702 2.698112 -2.784335 -5.044391 -0.415815 -2.492382 -1.796824 -1.517294 -1.216964 -1.828276 2.602693 -6.464710 0.235928 -0.397443 5.847105 3.602073 3.813160 -4.684383
10.042369 -3.597831 2.721760 0.379906 2.482777 -1.984602 -0.859721 1.412437 0.899592 2.351600 -1.643299 -3.461193 -7.580946 3.948522 3.857749 8.434967 6.756994 -0.338012 5.693896 -3.368371 2.794225 3.446776 0.374011 -0.959505 -3.737810 -1.384354 0.826492 3.074142 -4.332894 -2.999636 -2.543522 -1.800792 -4.496827 3.738994 2.766836 5.272152 1.594895 -2.945062 -0.206134 1.973124 -3.683192 6.977880 -3.936908 2.226183 1.185858 -1.786599 -4.288396 4.482338 -4.248838 -4.354587 -0.930970 -3.997715 -2.236196 -3.265052 -5.813527 1.472280 1.488347 0.250748 -0.211302 -1.795397 -2.895640 1.556267
1.726292 0.736672 6.124465 1.193329 -0.990120 -3.997120 1.626788 0.205712 3.221937 0.777853 -1.097707 -5.269848 -0.193744 -2.045942 0.274648 2.199868 1.355997 -1.194756 -1.297766 -0.675389 -4.496145 -4.196924 -3.957638 -1.725710 0.777744 -0.486985 -0.431184 -2.362545 1.432287 -3.357638 -0.767834 -2.637893 3.414499 3.487882 -1.070042 1.995460 -1.198012 4.503201 1.706358 -5.026002 2.722856 -2.080919 -2.667335 4.143043 1.480762 -0.273296 3.125054 3.592529 1.743023 1.813465 0.606096 -2.141469 -2.006720 2.750093 2.926815 0.008142 -6.257787 -6.133417 -1.560107 -1.597931 0.434524 -1.303556
-1.509005 8.927319 5.314735 0.129108 -0.722509 0.930139 2.408680 -2.746401 -1.454308 -2.170204 2.782476 4.914599 7.035623 -0.938766 2.555772 -2.763127 -3.968073 0.258539 1.580642 -3.693116 0.293341 0.372942 6.180299 -0.807084 -1.727148 0.601562 0.178680 2.073897 -2.424865 1.586199 3.146185 6.463651 7.759542 0.288847 -0.266872 -5.547378 3.962022 3.026444 -1.406019 8.832785 1.411833 -4.264380 4.718764 5.610571 -0.538535 4.496205 4.869792 0.946537 3.544832 0.535073 -1.127588 1.786370 0.841150 5.451581 2.118983 -1.577371 5.442793 -2.423867 -0.950271 -4.744844 0.349396 -2.623003
2.224697 -0.783174 -5.995012 -2.394925 5.305234 6.236751 2.974102 3.383185 0.833217 -0.787574 2.149938 -1.313597 2.097656 -1.397459 0.376664 -1.259070 1.625238 4.367544 -2.720192 -1.652681 1.365021 -2.399875 3.944440 -2.929267 5.736976 0.628453 -2.844835 -0.306368 -2.731075 -0.873817 -0.584406 1.186920 -4.430138 -3.353822 -1.833656 -1.982038 3.180086 -0.735973 2.861937 0.127706 -2.458103 2.815143 2.277218 -2.579588 -1.734489 -0.314768 -0.030519 -0.341088 -1.294643 -4.407948 -1.050690 3.429261 0.864233 0.101039 -4.895596 3.253001 -1.039013 1.710120 2.236275 3.667991 -1.211140 0.355456
2.966711 -5.802664 -4.453249 5.972401 -1.099862 3.529422 -3.859947 -1.127187 -0.414761 0.896965 -2.390938 -3.948092 -3.461333 5.162836 3.845955 5.077532 3.525887 -3.866638 -0.869171 -1.880852 -2.157909 7.171772 -3.825450 4.984734 -0.105019 -2.586557 4.310037 1.589409 -0.889379 3.411352 1.159782 0.036253 -2.336724 0.376639 -3.787777 1.929386 -3.265009 -4.901302 1.005081 -2.557632 4.030446 0.584450 0.634354 0.196237 0.174002 2.070158 0.758414 2.192781 -1.652925 1.586182 4.159576 -4.360100 -0.754298 -5.273005 -1.126569 -1.946989 -0.651750 7.866624 0.730095 5.159404 1.362986 0.817922
-3.344329 0.107784 3.167689 -2.101164 -3.034966 0.352979 -0.198822 2.978254 1.189020 -3.625145 -1.613257 -3.313148 3.413055 -1.562032 -2.800192 -2.473860 0.023399 2.777452 4.388936 -0.502573 -0.371262 -6.186269 -3.730207 3.196944 -5.534875 0.902801 1.148939 -4.889729 3.349713 0.352306 1.628890 2.851050 4.080811 4.477634 1.927724 -0.504591 -0.798886 3.592588 2.796839 -3.373896 -1.919067 -3.395435 -5.681833 -5.804084 -3.119687 -2.141272 -0.234169 -2.483902 -1.706093 4.082071 -1.813837 2.985685 -0.567529 -2.184866 7.071190 8.562128 7.938211 0.741694 1.111435 0.674323 2.650873 1.202291
1.448994 -3.788618 -4.393809 5.600272 6.469046 1.256891 0.981002 0.233409 -3.316590 -1.500916 -3.002689 1.042831 -2.295070 -0.960216 -2.422267 -2.918084 0.936053 2.491487 -2.595827 1.010309 -2.165040 2.501194 3.039634 -0.990112 -3.151849 2.983538 -0.647271 -0.199965 1.633681 -0.997827 -0.407757 3.056371 -2.795384 -0.707038 0.059198 -4.582044 2.615519 -0.862041 0.309112 -1.774231 0.608683 0.659249 4.435833 2.128281 2.763582 3.319867 -4.764760 -7.561125 -2.703505 -6.625501 -2.284529 2.758745 -0.462379 5.155813 2.216220 -1.825041 -4.375366 -1.131642 -1.642800 -3.613512 -2.853717 -5.721314
-0.329122 2.247620 6.749389 4.762493 0.457182 -0.294636 -3.915393 -1.021754 -1.937988 4.749912 -1.978314 3.450875 3.844027 0.983897 -1.524010 2.730828 -0.665257 -6.121347 -7.653653 -4.377076 3.006304 4.500291 1.235491 -1.306765 -0.191013 -0.076745 -2.651184 1.218644 0.515645 -0.126323 -0.400387 -0.659334 2.397887 2.634658 0.119647 1.757576 3.212945 2.857274 2.180540 3.767032 6.473472 5.065972 0.271482 3.323166 0.339962 -1.352761 -3.647272 3.576588 -4.545354 -0.279834 2.684074 0.411521 5.847134 -0.028524 -2.201361 -1.135982 -2.504462 -3.278929 -3.412491 -2.142551 -6.184872 -1.063481
-6.731681 0.335095 -1.884066 2.721194 0.448271 -5.129854 -0.491972 1.233802 3.816839 -2.197749 2.159489 8.764954 0.573443 0.381218 3.910855 -0.900750 0.943705 -0.276849 7.997686 6.818572 1.953038 -0.537202 1.675480 -0.023901 2.502263 -5.949160 1.235661 -1.914824 -0.998250 -1.464409 -3.534408 2.557278 0.687677 -2.269067 -0.190117 3.029952 2.957556 3.540856 -1.404142 0.703353 -6.450716 -0.406269 -1.674600 2.663349 -2.058833 -3.348375 0.907010 -7.462019 -0.992328 2.401112 -0.829878 -3.576755 -0.162699 1.575533 3.468868 3.601334 1.013210 -1.395894 0.056387 -3.168688 3.733420 -0.811552
-1.723631 -0.485336 0.045606 0.953924 -4.102258 -0.060592 1.385355 1.602928 0.500864 -4.544741 -1.144989 -4.475787 -1.754694 6.599392 -1.365032 0.541946 -1.909131 2.061722 2.480195 -0.415771 5.349441 5.430425 -2.964781 -2.916218 0.999119 5.225605 1.941264 -1.041302 -4.609154 -3.864998 4.021532 3.032995 -0.237288 3.597547 1.192484 0.690583 -3.189581 0.372090 -0.105692 0.469185 -0.224325 3.029377 0.940923 3.321139 4.348612 -1.460890 3.524471 -0.883698 6.553276 2.359155 -1.581639 5.017856 -3.179869 -2.552648 -2.589609 0.494470 1.902364 4.826296 5.178163 -1.996721 -1.199170 -3.746661
-0.910510 -2.510688 2.412733 -8.790887 -1.555273 -0.799072 1.949398 0.798505 -5.976726 -1.511041 2.437986 2.982120 3.781243 -1.248524 3.117037 1.851631 -0.853969 -0.802541 -2.412643 4.318944 0.358251 -6.112849 0.374585 5.991442 6.922036 0.771879 -1.763412 -0.241958 -0.932248 6.931424 5.273135 -5.086823 1.741867 -3.709701 -2.177261 -0.848870 1.696894 0.394640 -6.991722 -1.556571 1.731242 -3.244866 3.752141 -1.717782 -3.439336 -3.359022 -1.977381 -0.950440 -3.876374 -1.962397 -3.839561 1.435828 -3.296466 5.304851 5.386891 -1.946667 -1.034854 1.480789 -0.736876 4.202234 1.194491 4.815397
1.226198 0.475342 -0.435068 6.796755 4.550440 0.258571 -0.601571 -4.378896 -2.473390 -2.117102 0.828950 0.467141 8.663803 7.681397 4.419059 -2.189379 1.512994 1.849844 1.198451 0.694075 -4.945145 -0.638784 3.069436 -2.034354 -2.396157 -2.810179 3.840739 2.079628 5.452388 -0.621891 -4.618984 -2.053159 4.708243 -3.794009 3.559236 2.123519 1.461478 -2.822095 4.944957 6.646207 -5.127008 -2.088776 -0.479258 -3.432431 5.746482 2.040267 -1.068934 -0.744733 0.311364 1.655685 0.155064 -4.356491 2.509062 -0.979403 1.949770 -2.782068 -1.599141 -5.077065 -0.222479 -1.040997 4.680758 4.985248
0.224983 1.844343 1.412235 -0.321526 -3.707399 -0.418884 -4.022532 -3.802047 1.841797 2.405623 1.465658 -0.057733 1.060077 -2.642380 3.790152 1.724612 1.136055 -2.027920 -3.819995 0.995868 -2.117621 0.908394 1.328628 4.795484 -0.016582 -0.218774 -3.388548 0.531216 -0.986986 -4.184358 -0.232194 1.078611 -3.056854 3.212658 0.277967 -4.685228 -5.712415 -2.184192 2.585473 -2.225698 -1.268304 4.635289 2.320446 2.278933 1.357322 -2.545801 -0.245127 5.062525 4.110199 1.508667 0.835141 0.097833 -0.928551 1.736092 2.742958 0.968286 -0.630696 -0.733357 -5.054832 -0.583202 -1.348132 -0.064094
2.014704 4.869622 -1.745190 1.474475 -1.334923 -2.921004 1.414568 5.650254 -0.287735 0.366531 -2.202001 -2.522484 -6.197525 -4.186770 -3.141875 -1.577120 -2.290883 0.181920 0.648132 -0.407883 2.424730 5.064317 3.217802 -2.313151 -2.933676 5.054332 4.012080 2.358112 -3.091409 -2.094397 0.596880 -1.263261 1.935913 0.553404 -4.416641 3.410428 -0.778421 2.947842 -0.382772 -2.024039 -2.320596 2.384615 3.113297 2.511271 -6.171424 -0.940983 -0.563201 -0.628162 -2.936381 -1.893253 4.684287 0.443962 -1.841337 -0.183720 -4.401310 1.653831 1.572632 1.199079 4.912980 3.807108 -1.279481 4.945327
3.836719 2.492541 2.922009 -2.261612 2.243809 0.820892 3.107364 -3.315223 0.220849 -3.277966 -2.449144 -5.265917 -0.440684 -4.085403 -4.108881 -5.992860 -3.402433 0.332699 5.709774 5.323312 3.233913 0.722672 -1.901606 1.564656 7.666734 1.958915 0.956900 0.600378 2.389517 3.605247 3.704552 0.229026 -1.021753 -4.412299 3.060091 1.582825 4.772842 -0.074835 -2.260153 -3.982345 0.004765 3.461159 -2.558798 -2.373384 1.093838 9.423720 0.023398 1.471891 0.626458 -1.762653 -1.552091 -8.296317 3.021034 3.073533 5.545352 1.378726 -2.770090 2.387453 2.880231 -2.979988 4.530309 -1.518351
3.027679 0.827220 2.578160 3.736068 4.400705 2.196796 3.207386 -0.205188 1.007053 -0.068839 3.295407 2.462847 5.793207 1.316789 0.780340 5.905321 1.373406 0.532942 -0.130185 -7.323782 -1.873119 -2.677451 -2.480986 1.528460 -0.369950 0.106613 2.177460 0.586341 1.145299 -1.512406 -2.215121 -8.737071 -3.084656 -1.502964 1.610955 -1.032408 -0.360268 -3.417809 8.822981 1.382752 1.761013 -4.607283 -2.720240 -2.439881 7.063653 0.658401 2.614667 -0.001425 1.270731 -1.693912 -2.916674 -0.197998 4.194246 3.668058 1.900620 -4.681620 0.954424 -2.811604 -3.602499 4.497162 0.988637 -1.362468
5.018250 -2.897398 0.078158 -2.084018 1.128994 4.098401 -1.756424 2.245182 -1.736964 3.498883 -7.454438 9.240829 0.463365 3.454133 2.611643 -3.897568 0.400980 1.358237 -2.593419 0.231456 0.782765 -1.333613 -0.750268 3.717984 -1.271075 1.204198 -5.334939 1.940826 1.377793 4.532845 -2.311413 1.679270 -1.742699 -5.012482 -0.515806 -2.521437 -0.866073 1.226362 -5.795508 -4.499046 -0.275262 1.252139 1.401184 1.074849 -2.001845 -1.132501 -2.192758 -4.965252 1.076998 -1.649596 3.361833 3.478382 3.348502 3.862675 2.685869 4.422263 3.491859 0.510803 1.807664 -1.742353 0.193706 4.245387
0.026725 5.040193 -0.319911 -0.302960 -2.346280 -5.606014 -3.677962 4.945445 -0.227584 -3.641265 -0.530255 3.539369 -1.557033 4.173607 -4.674921 -1.120664 -1.193806 -4.400340 0.847146 3.285302 0.375024 2.366210 2.899968 -0.396951 -2.088872 -4.277390 4.799628 -0.244048 -2.636546 -0.560495 0.266548 3.425880 -0.504817 1.071568 3.607274 4.655624 2.585533 0.824337 -0.387606 0.738713 2.217748 -1.137168 1.272687 4.047616 0.268272 -5.284758 -14.581845 -1.181724 -6.759483 -2.124344 0.835951 0.900063 5.424592 -0.399878 -3.050689 -1.559204 -2.243816 0.733336 3.120307 1.615994 5.816632 0.543081
2.181600 -1.121201 -1.960833 3.391598 -0.061788 0.260796 4.876580 0.999857 0.476782 2.861850 5.431534 2.135615 0.474949 -0.012604 2.758110 3.311367 -3.205049 1.916855 0.408355 0.587243 -1.897607 -2.004489 -2.856525 -3.048279 -1.048151 -0.212167 1.058408 -4.076468 -0.501091 -1.790274 -3.516996 -0.236967 2.896986 1.358616 0.925563 0.635111 -1.021793 4.601965 2.082296 5.445190 -1.846005 1.375671 1.826260 0.819378 -3.821962 -4.786439 6.957547 -2.652455 -0.996834 3.957625 -1.163267 -2.012041 -5.770040 -7.796932 -3.273164 -2.155344 -4.151004 0.145004 0.017327 -3.136010 0.474249 0.360804
-0.544669 4.580632 7.611321 7.447255 1.258399 0.114557 0.770280 -5.955900 0.367597 0.701284 4.708176 -1.506532 1.672594 1.315105 -1.675706 -1.872019 4.056584 2.917216 3.582518 -6.743548 -0.452758 -2.051329 6.423090 2.137194 5.344512 -2.813913 -3.487174 -3.289155 -3.164703 -5.603488 -2.030767 0.572981 -3.076293 -2.145754 -1.334088 -1.074788 4.683811 0.960771 2.520281 -0.823507 -2.646434 4.395937 -1.585168 0.489340 -0.789893 -1.786860 1.477469 -1.047538 7.074554 -3.676940 -3.749786 3.808248 -3.263059 1.810615 -0.903049 0.962185 1.340728 1.194304 -5.652480 0.063609 2.569081 -2.329664
3.778081 1.996885 2.335338 -1.375337 -0.669322 2.212880 -3.633221 -3.182383 0.824938 0.494397 0.796366 -0.661875 1.417816 -5.992542 -7.827568 -1.349666 -1.091220 -3.643245 -3.442772 -2.974076 0.156902 -0.765316 0.772548 0.052372 -0.651341 1.871288 -0.712002 -2.091683 -1.322851 0.377702 8.976931 -0.394623 -4.673243 0.300942 1.070892 5.151799 6.045178 2.365009 3.328298 -5.701230 5.966074 -2.014475 4.119066 0.387931 -1.127418 2.395182 2.021485 1.761532 1.358715 -0.886685 7.436311 2.963869 6.332866 3.493727 -0.173448 -1.619711 2.570874 -0.994701 -0.292831 1.875628 -3.551775 1.878881
3.065284 -6.473009 2.336904 -5.807336 0.028985 -5.389740 -4.218620 0.233930 3.589929 -2.524103 -1.972679 -3.782811 -1.198900 1.850592 2.445439 2.065073 -5.207776 -1.426824 -1.098511 2.703599 -5.272765 0.819445 -6.852944 -1.539255 -7.093573 -2.154875 -5.315755 -0.751713 4.593401 3.572978 1.697333 0.889760 -1.338576 2.561602 -2.037342 -1.784230 2.384753 0.083930 -1.226502 1.014813 8.450924 1.906611 3.836617 1.408203 -0.499460 2.761707 2.992071 1.602659 -1.680395 -2.957527 -0.884313 -1.576794 -5.288968 -9.747245 -0.321648 -3.407895 2.327954 -4.486486 1.228972 5.077700 3.289332 3.950270
-4.736174 -0.613472 1.472397 -0.966781 3.343180 0.804399 7.765228 5.984577 0.951584 0.929862 -0.599340 -4.855909 1.005229 -5.080743 4.101313 -2.318525 2.730633 4.382553 0.421623 -1.548693 -1.035872 0.004382 -0.591598 2.637576 -1.681937 -0.342312 -2.168847 5.566181 1.028917 -1.055862 1.398290 -2.521014 -1.836969 -1.122075 3.332239 0.376247 -1.610811 -4.801571 1.557823 4.269098 -0.459838 -5.783559 -5.082917 -3.340865 1.022779 -0.959437 3.173386 -1.920915 -1.825227 2.055147 -3.007333 1.432043 -0.544276 3.235543 -3.227251 -4.788214 -4.498475 -2.500928 0.462876 1.060084 -1.119734 4.605592
-1.727744 -1.410199 -3.183224 -3.455827 2.811753 2.919055 3.236869 -3.960378 -5.758762 -5.139804 -6.272276 -2.498577 -1.725622 4.958599 -2.470827 -0.486101 0.512748 2.445768 -4.008544 3.018328 -0.495519 -1.083885 5.307866 1.068275 -2.118220 2.231829 1.034558 0.120499 -0.465671 8.157175 -0.531800 -0.222800 3.985301 0.480472 -0.455667 -4.156978 -4.581211 0.708430 -0.714530 -0.448729 -4.655374 -1.069993 -0.255936 -0.404492 -0.512113 -1.141578 -3.054412 0.243721 -0.942372 -1.649552 -0.653763 -0.740122 -0.320928 -2.127231 0.223722 8.201184 2.176428 -3.536294 -2.889386 -5.580553 1.020184 -3.989278
-0.259361 1.283401 -0.859697 7.763728 2.113602 -0.423873 -9.628506 -6.009981 -3.037549 -4.427591 -2.924354 6.905559 0.225876 1.008199 -2.757841 3.374141 2.857940 -0.578136 -1.155096 -0.114811 -4.003672 4.550972 -3.420276 -5.435177 3.602850 2.174578 -0.217942 -0.538974 0.377100 -3.560528 0.302895 -0.614783 -1.939257 -1.503255 1.683002 -2.916290 1.544097 -0.006758 -0.012298 -2.690944 -7.227083 -3.414040 -2.337169 1.222897 3.161990 6.431768 4.720336 7.660590 -0.136368 3.671345 3.004041 1.946864 1.182429 -3.508359 0.667856 -4.867738 -7.924219 -3.175519 1.935286 -2.250802 1.688940 2.166751
-0.607402 -0.483954 -0.419135 6.725856 -2.855454 0.964638 0.029112 6.517889 -2.242306 0.209960 -2.340566 1.013470 1.797196 3.716776 -0.449014 -1.822544 -1.340094 -1.043075 4.937504 -0.291460 8.180151 -1.962984 -3.712961 3.156843 3.528129 -3.460523 0.348873 -2.839819 2.537355 4.347993 -2.661737 -2.321203 -2.029585 -2.383156 -3.583437 2.546086 -0.151697 0.049342 -1.920912 -2.425960 -0.057425 2.582282 -2.052285 -5.099163 0.129996 3.498595 2.050923 3.158917 0.934042 2.193907 1.376569 -3.877611 -5.500345 -3.324817 -2.022294 -3.907758 3.208498 3.313791 0.945662 0.127418 5.560609 0.497371
-0.639953 2.141289 -2.644796 -5.773543 -5.313666 -3.042227 2.338477 -2.518340 -2.803461 -0.715061 -1.095899 2.854711 3.366683 -4.562070 3.208463 6.803310 -0.649814 2.588170 0.824392 4.172033 -1.168335 -0.259661 5.607048 5.861557 1.968115 -1.199640 -2.338686 0.672517 5.264573 2.103780 5.240564 8.233863 1.238847 -2.764950 -1.879850 3.408756 -0.396310 2.100771 4.623199 -0.651788 6.050776 -5.210490 -9.685785 1.819090 0.239300 -4.545039 -1.733087 -3.099203 3.336011 -1.032961 2.291651 -0.837061 -0.278326 -0.417924 -1.381044 3.170599 0.199028 -0.610861 0.318759 4.754186 -3.796556 -0.006832
-0.027191 -4.425482 -2.384228 -1.152737 1.787858 -5.967534 -0.974176 1.475123 3.109893 4.139700 6.144230 -2.362095 2.073078 -0.429239 0.585324 -5.710716 -2.112378 1.874932 -0.748077 -1.797844 -1.117169 4.427817 7.036148 1.036296 -0.191835 -4.616647 1.330977 1.601040 -0.425280 -0.797702 0.431786 -0.223954 -2.663173 1.025889 0.951240 1.282656 -1.547571 -2.779800 1.118624 4.646293 4.124544 -2.693337 5.324203 5.465300 -2.431376 3.864182 -0.140428 3.786506 -2.912619 -1.184412 -5.079787 2.128936 1.881333 3.795387 -0.552048 -0.668197 -4.153650 -0.817299 0.075176 -0.719978 -2.286712 1.123802
-5.110960 -1.506655 9.203676 -1.655928 -3.653390 1.377826 3.527511 -1.466992 0.562295 -4.126263 2.108563 1.940546 -2.534754 3.184840 0.752356 2.509383 2.067416 -6.179619 0.781893 -2.332812 2.783713 2.066846 -2.874622 -5.496927 0.344160 5.134133 0.802630 5.443550 -2.868032 2.461663 2.030660 -4.954871 -2.027026 0.926408 4.326941 1.034960 3.215569 3.224795 -1.299503 3.053378 -3.898318 5.312497 5.872885 -1.755602 1.383384 -1.408221 -1.935985 1.367435 -1.663084 1.803768 -4.395411 -1.641129 -1.222404 -4.093742 4.740496 1.129329 2.750891 2.627323 -0.678159 -3.617220 0.793947 0.304600
-2.528298 1.007919 -1.475871 -3.497366 3.193506 3.591465 -3.968625 -4.136612 -0.132257 1.044166 -3.046986 -2.746218 -0.419457 5.983800 -0.669347 -1.893234 0.385840 -0.426756 1.131324 -2.544947 -3.085843 -3.335706 -3.564957 4.577172 1.974478 -5.736223 -2.822532 -0.271736 -4.502047 -0.913572 -4.475312 0.360318 3.787058 5.896936 4.622812 4.446909 -2.176101 -1.060524 -2.838894 -0.277341 -2.556762 -2.275362 -1.688582 1.004336 6.019025 -0.679062 4.016111 1.110035 0.158577 -2.808262 6.027479 3.747920 -0.976163 0.174867 -2.473647 0.217319 2.848013 -0.539280 -2.871766 -2.175805 4.367479 3.242720
3.500677 -0.539450 -6.959542 -3.414209 -2.831769 -4.179136 -2.252104 9.736805 3.191417 2.811069 -1.395710 5.021564 2.929969 -4.276936 3.186667 -0.995699 -3.722069 2.071998 0.344839 3.546332 -0.474443 1.620740 7.105737 1.463714 -5.159648 2.392152 3.366345 1.188221 -2.046881 -2.060063 -2.628808 1.512121 -2.222643 -5.969333 -1.334618 -6.969652 -1.357753 -1.786720 0.958743 2.170179 0.132449 6.421831 3.144414 4.464546 -2.586863 0.741843 4.068578 -1.668196 -0.668955 2.649839 7.425613 -2.264380 1.989239 2.343864 0.501464 2.461130 1.324571 -1.926382 -2.314959 7.150431 -2.299310 -3.146994
-0.813958 -6.628532 2.702223 -0.186144 -2.600803 -3.987943 0.262408 -0.065408 -5.683181 -0.442102 -1.573297 -6.625071 -1.373131 -1.122976 -0.208838 -6.318375 -1.695092 -2.098335 0.296089 1.719881 3.023571 4.510531 0.730161 -1.671964 -1.267973 5.126018 -1.199306 -4.095178 -4.567337 0.938152 0.209135 -2.181280 -1.511655 -3.225607 -1.468806 0.128645 4.434835 -2.234927 0.584876 -2.454026 5.093602 0.933194 4.506465 -1.340667 3.058371 7.530513 -0.295290 -1.216997 5.384889 2.958753 -1.546875 2.213261 5.136321 -2.066815 1.990622 -0.133388 -7.929388 -3.438586 0.493509 0.721437 -4.690982 -0.504654
-0.367366 6.179673 -4.616507 -3.865272 -0.315651 0.238192 -0.272309 0.180131 3.239833 -1.447486 -1.381334 -0.986445 -2.055848 1.371880 6.098529 -1.511497 -0.808667 2.178289 -7.327684 5.724148 0.816125 0.004567 3.198424 -3.995269 -0.996758 -0.614170 4.989421 -2.225003 -3.024575 -0.903197 -4.841998 1.338513 0.979185 5.189617 1.490233 2.162930 -5.519439 -1.611736 -0.972041 -1.871822 -0.083451 9.421694 -0.046006 -4.593366 -1.210087 5.173513 -6.771277 3.523905 -3.960208 3.635422 -3.080343 -4.280634 2.573338 -4.239504 1.763331 -6.024672 -0.527665 -1.797907 -4.225961 5.670954 -6.127303 2.054580
-0.785553 2.321148 -0.428764 2.768354 5.737839 1.318338 1.821666 -2.723028 4.577604 -2.042030 1.909787 -1.984375 1.631439 -2.273163 -1.142099 1.186679 3.459834 -3.325834 5.978844 3.098300 -2.332583 -3.880618 -4.949539 5.892572 2.076177 0.258193 0.548933 -0.270279 -1.265352 1.187655 -5.915647 5.840495 -5.914372 0.794707 2.601473 -4.530434 -6.651231 5.987148 -5.184226 4.034204 -5.699721 0.679526 6.656218 -4.190362 6.187780 -3.351322 -6.982339 6.552525 -3.946313 -0.171347 0.008855 -5.511668 4.937726 -1.067868 -0.838800 -6.427957 4.839672 -0.968538 -3.191515 -0.715032 -0.330474 7.054681
-4.465201 1.614124 -6.103267 1.190563 -2.909728 1.469739 -3.257956 1.597885 -0.859235 -3.730984 -1.196060 4.269352 2.427911 -6.023790 11.323036 -7.590441 -3.380212 2.927182 -2.953786 -1.166746 -0.985854 9.911695 -9.433205 2.951040 -0.843263 2.833101 3.269687 -0.119151 -4.130079 5.711214 -1.820207 10.013425 -3.385361 -1.054128 0.596328 -0.597414 0.565730 -0.551792 3.627694 2.323612 -1.296740 2.160069 -3.792578 1.192232 -2.495429 2.659229 -0.658888 -2.095434 -0.878748 -1.045253 0.362219 -5.351599 2.923680 -2.849818 1.806532 -0.801880 -1.251561 0.759264 -0.849347 3.404911 -4.160981 0.516184
3.458606 -3.356227 -1.241076 1.169600 0.661601 3.047980 -8.469153 6.090351 1.000225 -2.112560 3.546117 -9.033112 -1.107074 0.851424 -3.111088 -0.353914 -1.027238 4.408833 0.085699 -2.714868 -1.053984 0.262198 -2.496261 1.133040 2.257391 -2.054308 -4.366125 2.170643 -1.272632 1.754956 -2.352787 -1.611597 1.835952 0.270438 -5.392517 -1.761654 -2.716684 1.768215 -0.323446 3.069772 -0.472048 3.771546 2.738917 -4.913683 0.522287 2.849536 -2.547023 -3.726706 2.566159 -3.442557 2.833382 -6.992308 7.272941 2.168270 -4.267432 -3.891531 5.369994 -1.644127 -3.803620 2.978076 -4.871862 1.043938
-0.987455 -0.478057 1.336248 -2.644408 2.651140 0.592849 -5.201554 2.742083 1.325424 -4.051110 2.385345 -0.621315 4.769906 -3.671332 5.493910 0.733207 -3.173496 -0.469229 -2.194602 2.438568 -4.480683 7.364804 -1.311479 -0.819956 -5.424017 5.591057 -4.924186 0.606128 -0.131403 3.802734 3.196011 -0.361519 0.934325 1.118646 7.758900 -2.170094 -4.419758 6.249267 -5.312787 0.854646 0.401866 -5.520177 0.068925 3.023218 -4.110988 -3.931831 4.980054 -4.043470 -2.807247 0.160872 5.367332 -2.353353 2.992917 1.838460 -3.955958 -2.480172 2.940135 -0.773128 0.326241 0.562064 0.573264 -0.638709
0.373767 -0.215920 -1.946155 0.582944 3.046634 8.785260 -6.684655 0.518456 3.160367 -8.547514 2.814932 -5.473154 -4.775152 5.510151 -4.387334 9.533742 -5.401033 5.534808 -4.760220 -0.450005 -9.947499 -0.354109 -0.789055 -0.956367 3.746185 0.938893 3.370631 -1.051005 2.416312 -4.624114 8.945989 -0.554491 -2.358254 0.999757 -1.790608 -3.535033 7.270355 0.416837 0.495222 -0.043037 -0.698300 -1.163829 2.530166 -0.477300 4.054834 -1.234070 3.322590 -3.851868 0.480142 -0.810666 1.773263 -2.121226 3.370291 -0.950938 2.059493 -5.532030 -0.895902 0.061346 -7.853741 3.950053 -4.616276 4.073651
-1.399227 -1.477957 4.939361 0.749327 0.415315 3.275599 -3.644431 -0.427315 0.684524 -3.374201 2.333795 -1.394485 3.989542 -0.899122 -8.568780 4.651621 -6.746909 6.591288 -6.244122 3.867738 -0.901626 0.350188 -3.794425 -2.651489 -1.696951 2.520454 0.001825 -3.442239 6.939406 -0.985508 -3.131772 0.828771 4.446426 -3.919043 4.200817 -8.239756 -0.635275 -0.636515 3.427585 -0.443543 1.775569 -3.705033 -4.472835 6.149573 -6.468202 -3.537165 9.062549 -2.564050 -0.199790 -1.305237 1.672639 -3.089968 1.212024 -0.813615 -0.563026 -0.084456 2.139143 -1.512039 3.661077 -2.863053 -0.588859 -2.343820
-1.589088 3.236314 -5.177835 1.381415 -4.454081 6.113657 -8.673284 -3.097567 3.626833 1.661176 -3.186129 -7.067641 5.193978 -3.188110 -1.843621 7.367974 -6.843480 -0.319870 -5.619932 4.516060 -4.815506 2.950890 -3.184682 0.956724 0.593049 1.683611 -3.968759 -4.413007 2.442651 -4.551585 0.494290 -0.983502 -6.597367 -2.943321 5.879976 -10.150227 7.901901 1.863237 -1.762296 0.533691 0.755796 -2.423648 6.061734 0.551077 1.842339 -5.115415 -3.756334 -4.421690 1.612356 2.667915 1.409794 0.834496 0.120987 -1.774122 -1.087633 -1.302764 -2.543964 0.066819 -0.178154 6.059035 0.243047 3.027448
3.186941 0.909478 -0.063957 2.710812 -1.869612 1.556084 -4.563990 1.742223 -3.807363 -1.505872 5.468520 -3.950036 5.529612 0.749140 -7.918766 3.148134 -3.602559 -0.397417 1.802022 -4.204200 -3.057952 -0.721655 -0.057143 0.698533 -1.643319 2.432691 -5.212322 2.277930 -3.465193 1.075569 -4.598545 -5.052152 1.972795 -6.725325 3.667957 0.371290 0.968928 1.931997 1.777690 1.330479 -1.819940 5.497426 -5.517665 -2.372005 5.050180 -8.488033 10.427130 -0.480379 -1.703990 -0.191271 -3.249346 3.153496 -0.631196 1.327307 -3.891108 0.512371 1.338855 -3.942894 -1.611681 4.089593 -3.013309 -1.099429
1.164188 5.284473 -0.809865 0.223170 -0.661371 5.068308 -3.873897 1.008218 0.961351 0.365236 0.839505 -8.259844 7.326817 -0.454862 -0.492937 -3.357836 3.694609 -1.575005 -3.989743 -0.910200 -4.169645 1.990990 -3.084304 5.697016 -2.052697 1.102967 -4.752196 0.483848 4.697349 -10.589880 9.978288 -6.140676 -2.211201 -4.099262 2.595081 0.440038 -0.395225 -3.032203 1.615503 2.596558 -0.570556 -2.822232 -1.256635 2.942005 0.337587 -7.447329 5.971445 -2.046286 -0.166969 9.495531 -2.973167 -0.255914 0.245493 -3.946448 0.981876 -1.631182 0.211873 0.918932 -0.828391 0.648681 3.299848 -0.072563
0.612523 -3.337330 -3.131944 2.184034 1.967069 -3.630261 -1.810614 2.295517 -4.471384 -6.458988 5.805269 1.904058 2.011941 -3.301484 3.100981 -5.095846 2.902448 -0.715990 -2.397468 1.786677 -0.472631 0.970127 -5.496386 2.992595 -2.699374 4.192829 -5.932460 -0.451850 0.459108 -8.873053 5.611499 -1.014058 5.367302 0.317801 -0.194524 2.670786 3.970627 -4.073656 -3.917557 4.904046 -3.925730 2.100349 -3.325304 -4.920144 10.609792 -3.598322 0.761504 10.818638 -7.913944 4.583911 -6.500534 -1.868811 1.906484 3.028375 -2.872154 -2.142841 0.874040 6.501248 -3.218983 -0.899748 5.278037 4.403391
0.212183 -1.062450 -0.708492 0.513989 -3.366132 2.267190 -0.338117 -1.808992 6.107215 1.478548 -3.195706 1.374660 6.355711 -4.708080 1.005491 -1.443291 -4.204290 -0.760934 -6.002939 -1.664738 -1.947553 3.422895 -4.440556 0.222373 -7.012096 0.198560 1.956748 -2.562322 9.362835 -8.245124 4.070087 -5.808202 2.975207 -1.246125 -3.565571 2.425618 6.106685 -3.452720 -0.734526 1.315057 0.152453 -2.264647 -4.196755 -0.110188 4.127973 -10.056961 6.358582 0.453630 -1.991635 0.915592 -1.693281 -4.252606 2.249000 -5.487459 3.384318 -0.225514 0.556002 -0.435035 0.416404 -3.393497 1.212205 5.271344
3.525338 -4.230820 -1.365920 2.551138 -1.474373 -4.741977 1.728438 4.992756 -6.138664 2.566400 5.723879 0.203375 -1.347282 -5.004226 5.758656 -6.230727 0.549553 1.941747 -7.653317 1.772545 0.642751 -0.232564 -3.963480 8.401467 -4.742615 -0.402117 3.452782 2.051864 -1.148740 2.523992 5.063776 1.834850 0.866900 -1.861871 5.048099 -2.295215 -0.526209 -4.407014 -4.132512 4.987195 -3.821752 2.876629 2.836964 -2.681018 2.065948 8.891860 -4.930351 5.338358 -2.134297 2.407821 0.519247 1.480249 -2.613022 -0.180068 2.313354 -0.400419 4.498312 3.352243 0.676535 -6.840685 7.656805 -2.605611
0.247415 1.266190 -2.455476 2.168042 0.860750 2.247460 -0.360641 2.645303 -0.612512 8.294466 -3.771445 0.058456 4.169237 -1.436988 1.519607 -2.233113 -3.023670 -0.718770 1.787020 -2.024010 0.244253 3.170820 -5.261251 6.052143 -3.649099 3.510885 5.006554 -1.870242 0.390195 1.539650 -0.763798 -1.352496 -0.053175 2.206577 -2.244991 4.061561 0.364095 -3.960588 -0.077813 -0.067095 0.004813 0.717133 0.380958 -1.004254 2.145647 -6.005686 6.258358 -2.767089 -1.542084 4.674439 -4.614762 5.190865 1.378847 -0.352048 0.385225 -7.286390 3.419501 -0.416261 4.095157 -2.114881 -1.791950 3.278415
8.476110 -5.501944 -2.655112 -1.427683 2.890079 0.676327 -4.826989 4.960137 -1.782412 -1.100130 4.905483 4.746032 -3.499532 -5.629372 11.874494 -8.500799 3.361076 6.489094 1.815695 -0.658922 3.846023 -1.401423 -2.685490 3.885278 -0.045163 -3.807431 -2.029839 5.230294 1.956668 -3.191247 2.868988 7.343345 -3.401073 -3.143276 0.634971 -6.201712 2.763668 -1.669689 -0.606672 5.588969 -4.066461 0.594188 2.315148 2.978297 -3.077265 2.593495 -3.184295 -6.821617 1.279723 3.406966 -2.839217 -1.797203 -3.085760 3.702441 1.000059 -4.082752 3.231760 -4.329544 2.320042 -6.183164 4.130491 -6.936071
0.258414 1.164660 -6.436195 -1.749632 4.143937 0.361398 2.635053 -1.079910 -0.896823 2.567684 -2.940829 4.084513 3.803117 -7.579145 2.010542 -4.614191 2.468622 0.230520 3.607417 -0.277908 1.203478 5.929058 -2.568257 -0.696704 6.676443 0.685814 3.479245 -0.403092 2.161661 -2.614341 3.150787 4.137908 -3.257887 2.610171 0.017118 -1.344912 1.174253 -0.641601 3.438867 -2.568325 -3.499852 -0.890953 0.659583 0.193330 0.813892 -3.658539 3.123285 -0.029062 1.423046 3.018275 -3.285045 1.337083 -0.998425 -7.059310 5.949945 -5.645972 3.876700 -0.416633 5.188693 -2.418009 -0.724241 -5.215328
-1.393375 3.570406 3.025432 1.048251 1.104489 -4.422053 4.344897 -0.696408 3.277360 3.587714 1.808614 1.498830 2.415838 -6.445076 9.987866 -0.587025 0.208197 -1.287302 3.759997 -4.913153 4.645986 -3.578452 3.195018 -1.295379 0.901170 -0.132515 3.997016 4.013463 6.918919 -6.232317 -7.426617 5.117307 -4.056351 1.346078 2.624559 -3.889504 3.913948 1.713738 -0.773212 1.181656 3.417910 -0.977164 0.672392 0.179498 -6.018158 1.000325 -2.098060 -4.572809 6.423497 -1.067346 -0.165509 -3.132581 0.747561 -3.670184 5.682613 -2.897395 4.896186 -1.839590 1.188827 0.548793 -1.095705 1.673607
-4.320383 2.191214 -4.024195 0.524082 10.805254 -7.214280 5.116918 -0.761321 -1.105350 1.851687 -4.079304 2.320829 5.370346 -4.616830 -0.427710 5.501586 -3.925124 1.300675 4.172713 -5.219363 -0.678851 -0.227530 5.783800 -8.685912 11.273162 1.730605 -4.226045 0.471943 5.187195 -3.171898 1.535670 -1.200919 -5.812289 -1.555559 3.766378 0.479960 1.856377 -3.232057 -6.550778 0.308991 -4.572314 3.040502 2.545180 -2.897858 -0.633016 2.705644 -2.502443 3.666709 0.986689 1.787303 -10.489517 8.599699 -1.524987 1.425086 3.009048 -3.777500 3.951273 -0.154028 1.532918 -3.204350 -3.275896 -1.725784
1.804098 2.793895 -3.339440 -1.807590 4.844558 -10.733327 3.465337 6.755913 -0.966185 -0.550622 2.168589 -3.631981 5.981920 -6.186924 2.343692 0.572686 -1.729469 -4.202702 2.751513 -4.757927 3.198289 -3.674580 -0.617119 -4.417752 -0.970480 0.374041 3.970721 -5.271144 0.465981 -2.565562 -1.627520 1.216271 1.298240 2.670689 -3.551153 -2.842608 -0.912758 0.453818 -1.243805 -3.046045 0.307202 0.853901 -4.475078 -2.289862 -0.648622 2.647310 0.679132 -2.298785 9.473328 0.049512 -5.399262 0.964667 0.469881 -0.147590 -1.656010 2.739811 -3.917368 4.267060 -4.155144 2.669486 -0.856264 -2.631425
-1.375050 -3.298485 5.384779 -1.343460 3.483335 1.826443 -2.611848 9.227273 0.270050 0.626594 0.960649 0.346595 -0.453423 -2.890446 -2.646297 5.826849 -7.895330 2.136059 2.391221 0.591369 -4.784134 -1.829715 7.040268 -0.442394 0.944682 -0.014182 1.756453 2.498596 -0.766141 1.043695 -4.461165 0.162530 -2.534040 4.181880 2.419893 -0.191162 0.394743 -0.819313 -2.338661 10.439344 -2.407191 0.860636 -0.476330 0.042910 0.244965 4.560993 0.626413 -0.815235 -4.288254 6.183594 -3.330292 -0.838325 -3.248612 1.404051 2.872525 -2.863881 -5.147720 9.146443 -9.106336 1.133769 2.092628 2.551895
6.915673 -3.828169 -1.188968 -5.933653 2.929403 -3.687570 2.437134 -1.095502 -4.250845 -4.485101 -1.085107 -4.872495 6.838380 -5.042140 1.143707 1.140188 -1.262905 -0.311649 -4.150777 5.183226 1.925951 -6.761538 -1.923288 -2.298307 -1.615349 3.533983 2.553771 -2.860769 3.528341 0.013517 -1.474981 1.532881 0.080195 2.494653 -0.834178 0.788835 -3.719782 2.804543 -0.276496 1.099385 2.243981 3.736812 -1.435903 3.185311 2.340641 -2.138090 1.190034 -3.355045 -3.220534 -4.445927 4.168427 -2.151037 0.499517 -2.142182 -0.948579 4.225653 -3.804473 5.958961 -5.700992 1.563122 4.417843 -3.707416
3.800408 -3.895335 3.141353 -0.300299 -2.771316 6.211110 0.285640 -1.938752 0.397342 -2.547967 -3.551668 -0.739423 0.963065 0.481298 9.655207 1.543135 -2.686133 1.829563 -5.920636 2.093940 -4.982129 5.711677 -1.783623 1.728654 -3.751503 0.074998 -2.206725 2.163060 -1.469006 -1.114260 -5.955059 4.979765 -1.171509 0.255868 4.737407 -3.735145 1.176137 6.279452 -9.733068 1.001396 -0.830705 -1.930308 -0.135013 3.446732 -0.362908 -2.269535 3.977298 0.095139 -0.196130 0.551556 -0.069035 0.826684 3.092510 5.686462 -5.528102 5.984942 -8.759471 8.573447 -8.939369 1.956360 0.709599 -1.771602
0.726640 -5.925814 6.119347 -1.337109 2.865828 -7.183544 8.961661 -5.138406 -5.686797 4.269393 0.142541 1.516682 4.076102 -0.779408 1.989866 0.667488 2.377040 5.240481 -5.614330 2.541634 0.245296 -2.719878 0.072686 3.302049 -0.622867 5.091781 -2.910270 -2.804890 2.022606 2.500147 0.237205 -5.004958 2.208103 0.911594 -4.739639 -1.473889 -3.639222 4.008030 4.175478 2.781145 -4.543322 1.379330 0.092121 1.238536 -0.079994 -6.248354 0.555023 -2.746849 -1.877332 6.349017 3.721308 4.723833 -6.517516 3.389444 -1.077805 2.785282 0.442731 5.931391 -4.861468 6.772356 -4.959303 0.221487
-1.557863 -2.959722 -2.448057 1.858320 1.964443 -2.271183 3.393978 -5.941884 -0.112192 5.423244 -2.892340 1.773694 -1.418733 -1.391530 3.810809 -3.329009 -2.530003 2.841335 -0.943192 2.807816 -6.741809 8.755234 -4.256948 -0.774793 -0.282177 3.197519 -4.267134 5.671940 -2.042211 -0.268397 0.117792 1.940355 0.694283 0.164114 -1.077365 -1.196374 -3.569323 1.863161 -3.205791 0.690575 2.473605 2.270586 0.174407 1.470075 -3.965481 4.376414 3.147379 -1.530032 -0.556654 5.529330 -6.294933 7.828982 -8.134589 2.995443 -4.378233 -1.984971 1.937638 2.672519 -0.998298 4.377041 -5.227997 -1.660808
5.607399 -3.439193 1.869916 -2.078221 -1.681853 -2.976725 -3.064082 7.749368 -2.806915 0.433770 -4.172590 8.399509 1.097732 -2.066850 3.484579 1.682119 -1.863504 7.990710 -2.415162 2.346519 0.233705 0.010503 4.782324 -7.079621 -2.230492 6.564121 -1.495555 2.449310 0.494637 2.879057 0.343123 -1.786484 -2.139756 3.996382 -6.645401 1.379521 5.821778 -2.511292 -2.134346 5.465150 -8.073551 2.741776 0.229193 2.834787 -3.534822 -4.373155 -0.637452 4.891784 -4.475934 4.731416 -1.580218 -3.720995 -4.431484 1.935595 -0.411793 -0.670708 4.833020 -6.533749 -1.512945 3.661348 -4.718626 0.554171
-3.238380 3.253985 1.379932 6.168014 4.653718 3.899283 -3.966754 0.845883 4.576228 3.188908 -9.505610 -0.172437 1.820175 -6.333361 6.871117 -2.215853 -2.537002 -4.408584 -1.626616 -5.226767 4.273807 7.219283 -0.838842 -4.759441 6.199714 0.282390 -5.543991 4.799485 2.182564 -3.994082 3.979962 -0.679210 -4.817359 0.195983 -3.156268 5.619144 -1.368764 -0.735143 2.331912 8.586606 -6.799713 -0.283186 2.878559 5.233507 -9.061659 4.813459 2.553254 3.374886 -1.324017 -0.593288 -4.997770 7.308142 -6.093502 1.659780 0.868363 -1.300057 -1.455928 1.603427 -3.146689 -2.310400 -3.640603 -2.630842
-4.470519 -1.666808 -0.938364 -0.562186 -2.230041 6.336618 -5.124182 3.474631 5.655224 1.573751 -3.920789 2.793144 1.874715 -3.104510 -2.847920 0.174268 -3.501217 6.068984 -1.276308 -8.464737 2.242688 -4.180111 7.542204 -10.185346 1.601359 3.429326 1.240080 -3.678034 -1.028324 -1.776172 -1.181522 -2.281101 0.400118 0.449756 -2.139822 -0.753844 4.606519 -3.867185 -1.066617 5.607276 -5.079766 -3.474913 -0.417734 1.965631 1.017913 -4.602966 -0.460135 -0.013571 -2.058214 3.568179 -3.638905 1.377186 -1.620931 1.769389 -2.861262 -0.247578 3.659144 -0.150261 -2.110530 1.753945 3.130479 -3.344299
-2.615077 6.308964 1.187020 -2.144884 -5.603237 0.801609 -0.919401 -5.820963 4.907886 -3.828912 -0.976559 -1.182892 5.488312 -6.021955 2.235638 -5.801185 -2.273217 -1.794289 8.431521 -5.264671 2.733885 2.244650 2.172219 -9.155179 7.824788 2.106657 -4.607410 3.742983 -1.814848 -0.281591 -2.064226 3.794723 -8.215680 6.054233 -1.709421 5.614431 0.376194 -0.974235 1.043868 -0.972071 2.484994 -4.444150 1.025995 2.637515 -0.991455 -1.252368 3.109874 -3.645110 -3.467634 2.594623 -1.751293 5.052953 -5.396973 -4.381253 4.359381 -2.607104 -3.245226 5.437450 4.872291 -10.570355 7.174105 0.214692
2.433530 -0.729734 -0.112041 3.888706 -3.951442 6.824804 1.687356 0.052756 5.436177 -0.979143 -2.217395 -2.021199 -1.513592 4.222076 -0.195863 2.887486 -1.713248 -3.722799 7.617570 -3.078353 0.353958 -1.929736 9.639850 -4.180140 -2.740609 5.186166 -4.532059 4.936515 -0.634796 -1.785341 -9.169586 0.047361 -1.824715 2.913527 0.373382 -3.155273 1.539235 -0.888687 0.715626 4.101996 1.215509 3.171289 2.965122 -1.269993 2.489063 -3.473002 3.693506 1.675563 -0.643761 0.827190 -1.384665 1.256116 -0.639486 -3.066324 6.100086 2.484117 -3.046354 -4.130497 1.362470 -2.260517 0.987774 -4.334469
0.959496 -3.273682 -3.138864 1.686174 -0.400292 -2.191577 7.203081 -3.036329 3.794870 -2.366250 4.547687 -2.299547 1.556683 -2.306329 -5.277731 -4.567139 3.590765 -6.485923 3.060761 -4.188215 1.742657 -0.647056 0.916550 -2.039999 2.067779 3.026863 -3.756468 2.282667 -2.714102 4.760770 -0.426903 1.808041 -11.321593 10.690401 -11.398399 4.126612 -2.428879 0.897616 1.739598 -4.212862 1.372632 4.756787 -3.871299 0.905556 3.419167 -3.780762 2.117327 5.399500 1.257399 -0.482752 1.762792 3.758386 3.594775 -3.460208 1.049177 2.310172 0.558725 -0.643600 1.870789 -7.339298 2.096754 4.104641
-4.363971 3.299765 -5.406896 7.170465 -4.911494 4.621182 -1.051417 -2.336058 0.001969 -3.984058 6.025746 0.080490 7.099800 -1.473986 -3.378117 -3.520423 -0.232742 -0.543013 -0.443269 5.853881 -0.077961 -1.690927 3.122990 0.157086 0.749017 4.916657 -4.399818 -1.245981 2.768053 1.522009 -0.128673 2.379825 -0.979526 3.324097 -1.741587 -5.633684 1.872090 5.264325 -3.294905 0.179563 5.809280 -1.554785 0.613312 -5.907944 4.175248 -1.693108 2.621586 -4.721391 4.548091 -2.260901 0.423327 4.719195 -1.884772 -0.717688 6.230713 1.944915 -2.210685 1.030563 0.085394 0.926606 3.391825 -0.621741
-2.513489 0.555014 -7.645798 4.450762 -0.475256 0.400165 4.031254 -1.777395 1.209719 -2.661004 1.609198 -3.324313 -3.620700 -0.874269 0.641788 0.713031 0.536482 0.675985 2.153149 -2.901235 1.159720 -1.328432 4.876603 1.573041 -1.877599 -2.565958 1.934612 2.260442 -3.327521 -2.164263 -2.028312 -0.458804 -9.712183 6.599249 -3.631474 1.599153 -0.397945 2.248178 -8.338556 0.744313 0.950083 -1.182430 -0.387903 -3.678125 -0.116492 -4.821773 -0.050581 -1.382102 0.388755 -0.900761 -4.912248 3.974134 0.557276 -4.000989 -3.463754 1.127819 -1.765378 6.826959 0.527545 1.153553 1.943599 1.988275
-1.237824 4.760752 -7.239912 4.598144 -6.342564 0.363417 -6.192696 1.622592 -0.023745 1.518262 4.309479 -4.405771 -2.755053 -1.693478 -1.512887 1.033822 -1.034698 6.942694 -5.555292 6.264570 -1.330627 0.885715 -3.228690 -0.945844 1.895054 -0.654881 1.683123 0.906074 4.300146 -2.362665 -0.678073 0.371036 -5.662326 2.954817 -1.927574 -0.181949 -1.556121 1.329584 5.142732 -10.660230 4.615102 -1.713765 2.690810 -4.156536 6.199027 -7.945425 3.322432 -1.303966 2.688862 1.929746 -3.735301 -1.673391 3.189027 -6.857838 2.985940 5.040582 -9.227534 3.523557 -5.057850 2.091921 4.769757 1.208738
-1.684563 3.496443 -0.723301 6.936401 -6.730233 1.554065 0.868595 -2.043484 -1.499889 -0.615796 -0.879242 6.755094 -7.158026 2.216397 -4.214957 -0.021879 -0.695857 0.622483 4.114626 -3.236259 -3.982068 3.493741 -5.388463 6.466776 -6.421002 -3.121572 2.807698 -0.627435 -1.512097 -0.394873 -1.992218 1.796017 3.337529 6.737782 -2.990673 2.908664 -2.420843 3.921126 -2.738766 2.468697 -3.245081 -4.350709 0.066205 -3.064976 1.022361 -2.804152 0.580488 0.464658 -1.067053 5.241993 -0.756599 -2.549991 6.547178 -4.727444 7.132909 2.051937 -3.843705 5.093912 -6.047402 -5.084855 5.408634 0.116867
-0.870980 3.143088 -2.318532 -0.146222 2.327039 -3.684966 0.729482 4.201006 -1.476433 -0.277938 -2.157642 3.969019 1.232494 2.599656 -0.712345 -6.063257 -2.523995 6.234041 -4.926709 6.214208 -0.707808 -0.127598 0.580892 0.474292 1.229108 0.462285 2.038268 -3.548587 2.857448 -6.900668 0.502162 -2.458477 -2.702434 2.714345 -3.412637 -0.109973 -4.515119 1.031484 5.293827 0.605179 -1.617427 3.794124 6.998886 -5.200691 5.831807 -3.630961 1.766245 -2.409659 0.758989 -1.017927 -6.395656 2.463345 4.749225 -6.593030 -4.881608 3.716281 -5.500116 -0.423597 -0.626437 -4.409730 -0.622049 -1.747522
4.584744 0.919931 -8.612991 -0.448995 3.690887 -2.427252 0.562474 -0.276471 1.277643 5.035908 -4.819284 7.012665 -8.679776 5.637154 1.146422 -0.203858 -0.553650 3.075767 -4.813391 -1.104949 -3.831161 3.559570 0.745196 0.695628 0.232922 -0.568415 -0.212164 2.466585 -1.356094 -0.357152 1.484618 -0.303158 0.584596 0.856589 -2.077290 3.964010 -2.213097 1.100351 -3.952774 5.684062 -4.160438 1.428605 3.203803 -3.387030 1.393560 4.368096 3.548304 0.823057 4.075863 1.844021 0.742199 -2.892151 3.454237 -3.696493 0.999169 -4.350617 -4.336923 1.040944 1.050667 0.504892 4.500730 -4.335959
-5.310702 -2.089664 4.720164 -7.142967 3.117752 -5.229363 2.245396 0.285188 2.689720 2.189673 -3.319028 -1.118320 2.905362 -1.953438 1.420635 1.592086 -0.532231 7.386235 3.212132 -0.669560 2.475783 -7.591708 5.030573 -3.960685 2.641253 0.484153 -1.602750 -0.966467 0.358773 -2.977601 3.658271 -9.305756 4.943348 0.829530 -2.733277 2.727776 -8.077733 6.647279 -7.716570 1.452957 -4.186959 2.019977 -1.426783 -6.130259 2.101136 -6.049416 5.577450 -1.912487 -2.253004 5.757881 -1.226753 -0.553654 0.790777 -5.420644 -1.296348 3.113291 4.509196 -0.077768 2.835713 0.785386 3.528747 4.814832
0.935958 -2.632324 -5.860752 0.027295 5.159850 -5.047022 2.824127 0.135701 3.883705 -6.378131 -3.596449 3.032638 -6.408603 1.831655 -0.960350 -2.604335 -4.068310 1.081851 -0.015758 3.881652 -2.818835 -2.956096 3.910540 -4.554686 2.515006 1.299290 -1.211441 4.418029 -2.843647 -0.232243 3.307039 -2.546346 2.350189 1.828614 -3.983433 0.625301 -5.555899 4.155971 -2.016957 4.620290 -5.852094 -0.057264 4.076000 -4.890611 4.361390 3.482430 7.907315 -4.072269 3.080272 -2.749952 1.948899 0.534927 -5.673981 -2.061353 1.961635 -2.123119 0.453587 4.507309 1.620615 -2.411823 1.315992 0.581921
2.272449 -7.365447 5.503093 -1.794375 3.184443 -1.508824 0.470310 -0.936951 2.984768 -0.963647 2.333969 -3.761945 1.672656 -2.576473 -0.654344 3.602450 -1.397534 2.228238 -5.739248 -8.102855 -0.516813 0.375585 5.419645 -3.946357 -1.765658 2.817447 -4.685099 8.012343 -0.014260 -5.757912 9.417523 -11.544241 1.897836 2.848218 -5.019333 3.280152 -5.112370 0.711154 -4.174126 0.224662 -0.029680 -1.573697 3.418615 -6.662180 2.884403 -2.119251 -1.031690 1.989458 -1.719916 -3.927370 -3.960099 5.755467 3.247110 -1.072134 3.602726 -3.488458 -4.630683 1.642840 2.358409 2.942919 -5.493116 7.632853
2.729333 -3.685293 3.294654 3.870840 6.054848 -6.682565 1.431798 0.057063 2.965542 -6.718456 -0.272993 4.127224 2.970430 -5.398394 2.066258 0.789411 -1.111022 -0.331077 -3.990945 6.232339 -1.918050 -6.841024 0.744525 -0.055033 1.330468 -2.280807 -2.652035 2.554107 -1.735711 -1.214188 2.130628 -3.202641 3.116297 0.338085 -2.850945 -0.616439 3.540449 3.015258 1.995084 1.653554 -1.836141 -6.912672 9.498656 -2.809301 0.111933 5.302415 -1.448215 -0.176612 2.289078 -1.893345 0.668210 -3.286296 -2.718962 -3.050186 5.867838 -0.282283 -1.552467 0.462421 -3.767292 -0.933927 -3.540335 6.109897
2.540992 -3.435425 -5.212205 3.315801 0.882751 -1.458544 -0.517400 2.846182 4.460738 0.024422 -1.743100 -8.465182 -2.615980 1.360014 -1.259948 -0.032734 -5.045586 1.208698 -1.117355 -0.891363 2.907853 2.592538 0.619449 0.120067 -5.870511 3.588755 -3.829112 2.485454 -0.152475 -6.319933 2.197941 -1.413271 -1.019103 0.831624 -1.322636 1.898408 -2.874430 -7.445841 6.897048 1.988643 -1.682032 -2.176839 3.972996 -2.414637 -1.878547 8.285410 -5.579704 0.213588 5.064556 -1.348440 4.204201 -0.939889 4.189701 -4.706233 0.247057 -0.423024 -1.049249 3.838894 1.105714 -1.253898 -7.148191 1.686146
0.258442 0.149581 3.420653 -3.398629 -0.569230 -0.491177 2.771174 2.828010 -0.979156 -0.865323 -2.097662 1.964044 -2.190323 -7.064538 0.029371 2.278511 -0.730525 -1.810220 -1.431503 2.244432 2.999459 -3.686134 -5.371213 2.126569 2.053155 4.259942 -1.425696 0.779925 -4.532193 0.081817 3.056387 3.810463 -5.345725 4.607144 -2.104955 3.518440 2.786542 -2.356746 1.981715 -3.492587 -0.178097 -5.462793 3.438922 5.737646 -9.088600 5.850277 -7.710356 -0.696606 3.334910 -6.315594 5.106282 -3.988259 -3.630518 2.473041 0.113700 -0.341977 -2.805028 7.534403 -1.414658 5.716817 -3.537588 -0.041555
-1.432025 -0.027296 -5.999553 4.091768 3.361083 -2.167175 0.303663 1.152130 0.604374 -1.124471 -5.796997 1.936998 -0.627421 6.969843 -3.623205 3.366751 -2.970893 -1.828829 7.658264 -2.973718 -1.468694 -0.645579 2.493721 -0.993124 -4.315838 -1.556600 -0.306219 3.396839 2.753921 2.293764 -3.611056 3.427488 0.051050 -0.915666 -3.311468 4.109186 0.738232 -4.458413 4.945052 3.407098 -1.593588 -3.472909 -2.386295 2.905292 -2.607010 8.044301 -0.383108 -4.591514 3.361662 -4.880006 4.974298 -5.567458 -0.145855 4.401560 1.091334 0.137074 -3.227197 -4.065201 1.568866 -5.072941 2.019189 1.399001
1.998667 -5.525559 5.757381 -5.645956 3.416962 3.846761 -1.056414 -4.856426 3.016045 4.911938 -2.607240 3.069721 1.578060 5.111051 2.673414 6.349589 1.660235 -7.790601 0.976300 -1.981318 -1.661435 -3.397649 -4.373439 1.763913 1.247002 -2.638292 -4.668127 0.254918 -1.189454 -0.762708 -4.929173 6.372117 -5.858160 2.418053 2.926306 -1.943869 -1.939715 -1.660002 6.450729 -4.907175 3.736156 -1.896831 -0.095295 -1.270343 -4.166186 3.731334 -2.196066 -3.209234 3.056807 5.234549 1.295673 -1.674947 -7.080336 -0.392523 4.282538 1.058360 -3.184132 3.649237 -6.321196 -2.929185 2.553380 -1.415119
0.384099 -2.089953 -3.489479 1.500621 -4.727800 1.037883 -3.535692 1.442904 -1.643216 3.315951 -2.931349 4.867183 -7.176616 4.136432 -6.188711 5.554183 1.896591 -1.023907 3.608710 -5.003900 1.483994 -0.040250 2.931159 -1.667924 -3.286779 -2.372472 0.980732 2.038056 -0.305650 2.722296 -2.941156 3.313161 -0.283259 0.614372 -0.723663 2.666788 -6.320040 -2.237650 1.620801 -2.653636 3.000274 -2.918463 3.760209 2.775714 -3.535631 -6.065750 5.418621 -4.458420 -3.203722 3.704392 2.042457 3.532410 -2.753477 -0.530752 -0.441476 -1.177619 2.938202 0.431989 -2.001650 -2.174662 1.126785 -1.367774
3.773542 -1.566766 3.331818 -4.625672 -4.624997 2.233931 -2.190755 -1.664904 2.264055 1.913703 -5.941747 4.463395 -6.511704 0.801226 0.937574 -5.700795 -0.353959 -3.333167 -1.334618 6.010352 1.799739 -0.390792 -0.933852 -1.765788 3.293443 0.792962 -2.817486 -1.215281 -2.586689 3.720077 -5.152837 12.214055 -2.573181 1.367541 1.665951 0.665953 0.551071 10.389946 -4.451973 -4.447002 2.485857 -0.666443 0.403721 1.266887 -2.847883 0.062202 0.684945 1.411736 -5.043222 4.122655 -2.775849 -0.962305 -5.493998 -1.998797 -0.433313 -0.714268 -5.885348 6.493485 1.650897 -5.743740 4.865586 0.154398
-6.053153 2.986398 -4.183510 7.841447 -2.412644 2.407585 -0.066963 0.995455 2.826335 -5.419177 3.678283 -0.635628 -0.573218 1.842711 -6.111799 6.770893 0.789959 -0.415362 -1.283074 -0.842814 1.091159 -5.171149 1.717873 -2.254144 1.531051 -2.909811 4.257291 -2.143034 2.716367 0.520607 -1.762938 2.574351 -7.517693 2.710840 -2.332144 3.692370 -7.763481 3.884318 1.272611 0.446558 6.821892 -4.473080 -5.415620 -0.595870 6.764022 0.279687 6.097167 6.702428 -2.442927 7.433895 -10.087792 -0.039109 -4.755877 1.523190 2.770453 -1.818750 -4.532902 0.716317 -6.255669 -0.104096 1.128751 -2.750030
2.552597 -3.868431 0.930703 -1.391833 -2.014656 0.914928 2.132883 -3.171948 2.699398 -6.593811 -1.933214 -0.182672 2.525513 -2.846193 2.981859 -3.769894 3.131396 4.274980 -3.669268 1.870254 2.254363 -1.484226 1.552866 -1.304448 1.691830 3.919861 -4.681639 -1.756796 2.321595 3.484655 -1.446108 5.116538 -8.643541 1.693010 -1.160497 -0.549369 -6.842647 6.269333 -6.999263 -0.656796 0.264811 1.367367 -4.190878 3.920080 -1.490922 -4.266228 8.986663 -0.078498 -2.566394 5.358778 -3.707034 5.448870 -2.822422 1.368177 2.767851 5.007573 -1.662918 4.098627 -1.591902 -2.238679 -1.806307 0.419767
-4.213174 -2.213829 -0.830680 2.720612 -3.182207 -1.656005 0.376674 -0.777118 8.196356 -12.130938 3.962581 -10.042139 4.795776 3.546816 -4.735414 -2.389117 -1.329608 -2.101322 1.298465 -0.492873 0.285897 -4.109820 6.600117 -3.500159 0.822268 1.519861 2.839795 1.960220 4.001013 -6.407318 7.892388 7.710310 -9.012779 2.775753 -0.468076 0.074130 0.153287 0.540473 0.408446 -7.234064 4.253017 -3.286248 -1.347177 2.409924 8.538264 -0.100993 -6.400427 4.423043 -2.133441 0.687090 -3.896439 5.834478 -0.553313 4.454533 2.064593 -2.583377 2.092394 3.186677 -6.438544 5.736068 -0.279305 -5.034672
4.504591 -7.513802 0.711221 -3.259713 -1.975655 -1.527010 -0.764152 1.056044 1.242026 -0.981164 -0.875900 -1.575639 3.440577 1.229708 5.246126 -0.140242 0.327780 1.635488 -4.540237 7.219827 -2.768519 1.095378 -1.561656 1.740708 -11.656957 7.070685 -2.008848 4.238641 2.047761 -6.757180 1.476859 7.649141 -6.025451 0.943180 -0.339168 -2.644707 -6.956655 5.339531 -2.431953 -0.531870 3.516773 -5.371280 2.901955 2.876355 -1.515360 -2.612072 3.000399 -0.228349 -8.302648 0.415524 -2.137582 0.348984 -2.352147 -4.908861 4.789569 -3.001331 -0.971695 1.524516 -2.708980 6.367320 -3.300909 -4.096181
-4.483625 -2.500801 3.393807 4.067146 2.896611 4.205928 -2.221455 0.984548 0.726256 -0.089923 4.167005 -3.065782 -1.055732 -0.189342 5.258360 -2.374118 1.416855 5.914047 -0.115491 3.792270 -2.297498 0.172552 2.752209 5.189290 3.004727 1.961336 -2.448197 2.322346 1.843378 -5.745874 -4.825676 4.860934 -1.486429 -0.428835 1.522233 -2.633155 -5.045881 3.922904 -3.885989 -2.940140 -2.029944 -1.994396 -2.722033 1.221148 0.269472 -2.401337 -6.929190 10.782217 -3.482829 1.493139 -2.610883 8.235052 -0.511276 -3.099799 -1.163089 1.253396 2.831422 -0.658948 -7.679806 2.668310 1.016044 -6.174669
-2.503882 1.856972 -3.303954 3.028689 -2.276787 3.840605 -4.965585 -0.293135 -5.158444 3.363151 -2.979292 7.101732 3.271615 -2.974813 1.204019 -6.691900 0.556161 5.276015 -3.235065 2.773500 -0.972161 -2.288962 1.824396 1.716089 2.281099 4.109418 -2.173670 3.831702 -3.839872 -1.922839 3.245513 2.336610 -0.269832 -6.428299 -1.741999 5.471743 -5.743343 7.484764 -4.669668 2.505578 -1.848116 1.466528 1.023425 -1.990924 0.022012 -0.462304 -7.133967 6.737784 -4.608483 -1.442789 -0.919342 -0.476300 4.362242 6.383373 -1.004668 4.827259 1.989326 2.251184 -3.272483 -0.094157 -4.288782 -3.556451
-1.228787 8.421634 -5.408153 3.065590 -1.625088 1.760889 -7.646450 1.162979 2.830342 4.087875 -3.558797 4.906400 -4.056590 4.711639 2.252221 -0.399885 -2.150461 -0.183110 -1.941074 2.420136 0.620600 -4.214931 3.633658 -4.271120 4.794059 -3.991235 1.209292 -4.173225 -5.045058 3.764439 -4.022253 0.864413 2.992521 -0.081078 -1.854215 2.982942 -4.721236 9.763032 -8.271256 4.669046 -7.265283 6.001722 2.145494 1.652798 0.992278 3.246251 -4.646003 10.756751 -2.791233 0.094176 0.851400 4.443880 1.146654 -4.460338 -6.672925 4.282179 -0.409877 3.223217 0.484506 -2.715966 5.963492 -1.649594
-6.069925 7.315986 -8.505337 5.179299 -3.349976 8.147831 -4.668321 5.437444 3.730895 5.821313 -3.917493 3.860449 -0.170241 -5.326535 4.523014 -6.091867 3.341470 -2.684154 7.349052 -4.839093 4.013495 -0.976131 2.099290 -6.316000 8.399053 -6.029733 -3.917419 4.006374 1.535657 -3.851150 2.565156 -2.230720 0.128322 -1.738947 -1.488478 6.557230 -4.933378 1.686324 -1.779283 10.121027 -0.190609 1.772098 0.733851 -5.402078 -0.902954 -1.382165 -4.738812 5.694501 -3.618332 -2.999168 0.052262 -0.939951 0.596415 6.474890 -0.060529 3.960546 -6.456445 2.769183 1.969749 -0.553889 -6.031092 6.447415
-2.275712 2.499898 -4.299871 -3.248668 -6.909643 2.702035 2.447990 1.268109 2.641363 3.162306 -1.641447 -1.719866 -2.853740 1.745014 1.971694 -0.888403 0.709345 -2.878475 1.166924 -4.246147 5.166361 -4.518125 3.039901 -1.703535 5.926517 -2.868695 0.752765 -5.900496 1.406936 8.219105 -2.987995 2.031431 1.460115 6.760148 -5.101177 6.311607 -5.671474 4.332644 -2.760115 4.162584 -0.394010 1.989981 1.556019 0.704644 -2.947406 -0.685257 -6.590654 -1.849805 3.907061 -6.850752 2.861294 3.522802 -2.624771 1.080528 -0.117002 4.587261 0.800261 3.282898 -3.690037 0.765884 -2.514992 -1.633864
-3.252060 1.483259 1.759660 1.261233 2.371182 2.354037 2.317888 -1.692412 3.601880 -4.030792 -1.196316 0.374369 5.467319 -11.340494 1.238953 -4.120979 5.026769 -3.711467 0.964957 -1.681941 -3.706436 1.079403 -0.175706 -9.077498 4.613778 2.398121 -3.512692 -1.457814 -1.161081 -6.034707 0.669346 -1.380777 -0.991540 2.764901 2.193065 -1.895263 -3.159287 0.451588 0.176397 2.629645 3.456919 -0.161886 -2.755680 2.258488 4.791943 -3.014945 2.872330 -2.773292 0.510579 -1.657181 -3.370727 5.802658 1.454054 -0.467225 0.903061 6.293601 -7.222906 2.093695 -5.979367 6.444448 -8.990405 1.325904
1.264526 -6.943990 5.963266 0.611786 4.303542 0.842223 -1.495612 1.717168 2.570207 -7.998311 3.279284 -4.044972 0.689642 4.676160 2.928493 -5.737179 1.187405 -1.927711 2.416671 -5.414505 4.844826 -4.277230 -2.103527 -2.943816 1.465984 2.411970 0.332724 -0.453962 -2.888221 3.585679 0.860830 -2.455498 -5.350516 1.538416 -0.004674 3.483682 -1.552230 3.024078 -8.078199 4.796643 -4.695812 -0.306026 4.287366 -6.991496 -1.478413 0.462450 -0.499678 2.690645 0.113343 1.754191 -0.169094 1.302770 -4.070103 2.813935 -0.122855 0.122363 -0.115000 3.936436 -4.785384 0.542294 3.623436 0.140059
-1.609618 -3.368412 8.359973 -0.648418 -6.688283 3.513366 2.136451 -3.335108 7.464141 -8.653096 -6.342404 6.732153 -5.050317 -3.513595 2.800550 -1.183284 3.472707 -1.664215 -0.477870 1.131954 -1.913711 0.139525 -1.943210 0.729133 -3.028992 2.604474 -6.734485 1.096194 -3.836767 -5.567835 9.627399 3.976510 -0.329344 -5.036193 3.514221 -5.025726 -0.283823 1.358783 -5.144583 5.357200 -2.027622 -2.145792 -2.543353 -2.328229 4.916385 -6.285244 4.655528 -5.965468 4.004460 -0.093950 3.949487 4.632745 -1.484580 -5.285257 0.054524 -1.676440 -1.965787 4.355780 -3.603724 3.647384 0.677774 -2.716423
4.131403 -0.153430 -3.335775 1.920784 -2.105504 3.589100 -3.842179 0.697930 2.701058 4.911618 -1.466653 0.487273 -0.511317 -0.787504 5.631573 -6.753972 -2.053246 5.918192 1.060012 -0.615698 1.209680 -3.097296 2.009869 6.252859 1.606008 -2.476102 2.993682 -1.484989 3.334578 -4.703780 -0.896159 5.279620 -4.842288 -6.348634 0.859578 1.146429 -2.957197 0.421518 -6.607641 9.282034 3.534094 -4.614977 -0.385092 -1.668637 -0.366692 -4.150767 1.073668 3.538345 0.467476 -5.688763 -0.075907 1.831301 0.505780 4.976448 -1.249159 0.485678 -1.981549 0.384854 -0.111765 -0.537224 1.951444 -4.181554
-2.484396 3.134052 2.916308 6.888797 -5.986617 0.938734 -3.157606 -3.317648 2.008634 -2.898853 -4.835340 4.527887 -1.980885 -4.929859 4.567100 1.060553 -3.219196 1.632968 -2.497781 -1.451573 -0.280170 1.087476 0.899331 1.356067 -8.988052 2.892618 2.582079 -2.005889 3.839722 -2.135731 5.263621 0.879615 1.725522 -5.082179 3.674795 -1.743584 2.889690 -2.066083 -1.187360 -0.482996 -3.153714 -0.020809 2.068416 1.353896 -1.026956 -3.569466 1.591009 -4.833493 5.914409 -5.100808 0.027079 -2.150891 -2.607988 -3.647924 2.057816 -1.539881 0.416125 0.613874 -4.558058 5.253089 -1.446145 -7.572350
-5.225434 2.799421 0.376436 3.532729 1.111541 4.602292 3.915418 -4.916479 -0.328021 4.925278 2.320102 -6.302943 1.247363 3.334020 2.895052 -0.282586 -1.161018 6.246705 -1.716416 -3.380770 0.354333 -3.448685 -2.847141 2.923192 1.504063 -6.343492 10.400467 -6.273254 5.776744 -3.126628 1.987986 0.758080 -2.990631 5.533819 -2.996326 5.787357 2.687902 -0.868383 1.407556 -2.660147 2.346557 -6.313264 -2.841880 -2.647782 0.201285 -0.396246 0.021929 -2.414407 2.548935 -0.814397 -6.366346 7.742460 -4.459548 -0.706788 -1.744041 3.963095 2.660490 2.375621 -0.968586 -3.415419 3.333287 -1.652879
-3.320674 5.222295 -4.573549 2.774888 -2.819907 1.259391 0.155483 -2.218467 7.665488 -5.827362 0.905576 2.179124 -3.513390 5.101929 2.928187 2.733240 -8.615932 4.863743 1.949380 -3.856554 0.551339 -4.191082 1.553372 2.413436 -1.431888 -5.114044 4.310224 -1.222187 6.555493 -7.654775 1.761666 2.895080 -3.061017 -0.223201 3.124209 -0.872654 -0.849327 -1.016184 -4.065235 0.063426 -2.757556 2.788693 -5.818549 3.150999 -2.990985 -3.970844 -0.623295 -1.785219 -7.446181 -3.061997 -1.558200 0.858149 -2.935753 -0.182365 -0.444550 -4.063704 4.385600 -0.815602 -1.679264 1.232540 5.383328 -1.191109
