205127 132107 293165 222589 362205 -258583 68611 -179637 -63475 188371 36182 321499 358200 31773 -59056 146265 47712 -319934 386485 -234492 -548283 -289003 93421 -73756 270180 -110972 -190328 -32289 -58717 83779 17916 -84118 -206777 -524804 -130357 -352559 295170 368563 -50080 190198 -321309 -307182 -180351 109351 -434808 -423495 -235852 46080 -227388 -136014 -101540 -66269 -113797 16744 -238033 212433 38316 195839 -97078 -191166 217258 -151347
-135632 137257 -241327 81899 -187985 14684 -65590 -221420 56343 -115199 48137 262949 -112419 51897 -154341 -249628 -539185 151660 -99518 -125676 270102 264872 21547 -88065 -52620 252180 -117846 37783 119818 310083 330779 35745 -58795 -115371 -82714 142653 364860 -124308 266221 95935 -160582 -36847 -136542 -133266 -67325 467398 253117 41347 98682 354065 11511 222826 181088 310022 351223 206551 149135 314168 58210 291884 -226984 -20162
298827 115363 111261 -85832 -124176 -304321 -284280 -98047 260551 -111849 -135559 -265550 -33699 346656 -182238 374165 125686 -41377 -197258 75901 -97285 -100351 388865 4727 -33812 -562035 -120542 -102075 326677 -176087 -15698 -83828 87783 62926 -7612 241267 -268017 325511 131941 -193364 157074 26597 218577 -368126 382779 -36004 -270351 203857 23509 36250 25352 240297 134917 -134312 -176031 -326485 416458 -40767 -55140 34773 -57154 147107
238552 306995 131731 87708 313214 74039 436679 100073 168252 -105739 -105425 306455 119572 -247045 606637 -183284 -5191 -134493 259757 -56675 -2251 266394 -105135 -135101 -90795 3361 153580 -180404 -180732 29445 -135927 78109 -486288 9747 257937 -184317 19352 91244 -226950 -198882 -225611 50352 -211184 169030 122772 -374683 148225 153519 -109120 317669 158827 173850 -168658 -176543 4940 231667 -2766 39317 224100 -225830 320346 -85791
90780 79987 -141303 477895 -133531 11266 -312660 -45086 -276951 10828 68765 80219 -72499 370727 165143 -214556 298006 187168 -157011 -439347 154254 97720 -83113 401285 121864 127727 99195 5009 -123917 167514 -36983 42965 -80849 249966 -74980 66519 536720 -171808 140650 -43721 -90700 126795 -316850 190588 -81032 224674 -17272 141333 229250 -23290 -7506 -138429 -86325 14955 -112087 54776 -3989 177077 -145494 145065 19920 268579
226566 118948 401774 -194279 -340511 -253982 28879 221166 63714 496276 194736 -110522 -62574 -336374 -426534 -100617 188611 -153822 -37422 299981 559295 -229048 20476 -34163 -23738 286494 -174007 -16687 -86868 -18220 -446852 -322997 126723 -354061 -366066 -97644 -593509 382250 17534 4248 126632 -159107 333197 363784 -154941 58196 -12125 15693 -47265 -21423 142878 -206228 -80012 -63585 -174162 144738 338130 3739 113531 1438 -118654 -113363
183365 105368 -73261 -348081 77494 -220894 -131578 -242396 335123 80049 44911 94969 119732 282957 282380 -120548 65680 -432586 432423 388162 -42059 208432 439018 150028 129113 -205276 -433763 -68480 -138703 -74557 113578 -188943 -208137 202435 12194 420006 199492 209148 -485874 8832 -99900 63108 491103 -594377 -42437 -392306 -317623 70612 43824 297492 -64424 104231 92967 -158589 7853 9239 66086 185420 196924 409748 48804 -252322
308817 274636 75664 -137094 75377 -166142 -35165 44886 128090 49852 342793 174552 -88612 129424 -297518 129931 34084 528517 106203 -288610 -259007 174990 130700 -31807 194934 -145734 354644 52526 348244 160443 -103861 100258 234792 77871 139566 185037 39442 -360799 145763 -99450 -121826 233938 -401697 256114 238045 312338 529198 -76415 -266971 -34056 126814 95644 112207 -89071 49895 -27441 -103669 -133770 115905 -94533 -190671 -80251
91138 -113502 -252106 165856 341939 346040 -15798 89765 209363 -7848 -340766 109663 378331 48693 24640 168002 -117326 308914 -291236 158733 222250 268166 -27898 137681 91511 47699 193323 -53517 446412 -30630 235647 443131 101735 280734 470979 -343584 18734 -189380 -103568 -172299 106256 -320773 618 267020 -425161 492868 -352975 -6567 467636 -129852 -73999 -390116 6038 160545 217533 -47011 -23262 180842 162337 -229579 161220 -23268
-206025 -516383 -123694 416905 -105200 -240975 -83190 90655 -192366 -142357 136367 271809 -121764 -300168 -102451 88403 136581 116536 236393 256704 339503 27198 -42177 -74193 -59541 79041 -160964 265872 -124360 298050 -67084 506121 227870 203806 -218037 4896 -6598 9541 -311265 13810 20126 -230942 94475 -311141 578261 92945 -192986 207000 -266775 -605474 -123631 256353 258337 373169 -193370 28055 190453 14159 -271550 193184 63023 291354
-435605 -157283 133956 -282902 -177506 79957 70872 156722 92677 36822 -12098 -116312 15223 29295 -143179 288379 37442 -109979 52200 50557 310070 20281 108170 -289149 -10379 -179475 189630 394661 -79840 11469 -78247 64125 -198865 -16661 96868 313804 19442 -7079 52218 66507 96731 2114 27005 289887 -79728 -419386 414120 -361996 -86222 -100976 29195 -18674 -81717 -137564 195347 332986 29127 -335293 -48065 -46000 -233915 -17498
-158298 260124 206048 -5331 243649 77042 125328 259866 -129391 135358 293623 -316200 -378296 -86938 160887 36966 94380 -173699 140111 247137 9827 78943 116708 210936 180827 62179 126382 46606 -56851 33866 392577 -254820 -206864 -124590 149877 -278944 -180771 -221192 53831 264192 36606 275478 -96483 37250 -249459 221075 -295736 -40869 -240921 201647 89042 124110 57896 180200 52692 58462 -55930 -33485 -190987 -342858 -980 -255316
85308 236188 -301921 28867 98067 86430 -85843 -386273 206882 -217667 -578865 -199265 143540 -69698 17713 253387 10409 370895 592787 135820 28422 290798 113363 103878 203365 190448 -148470 -350618 -2008 -316337 -77749 -178374 186064 150841 -196690 173961 54160 -12990 88013 42102 140954 -156569 5612 191292 220018 -247987 315319 -58996 -85656 184757 -61065 14801 180154 -46815 -89411 16774 -173935 193906 -70795 143093 -146985 330736
302441 -273056 -150466 219376 157448 -93222 19378 -37634 -98729 -328146 347388 83375 -268466 -67886 162198 24273 96274 450560 -277713 -133200 567 -203563 24417 -25524 -71508 -399928 -228374 -27577 -295966 -138466 63418 -58493 -109277 -457940 -116504 -22806 40339 224424 302744 139644 -108640 -251282 245766 -104490 -238814 -154347 -472695 -300884 189486 -307355 -25454 -414346 -28761 -96074 176012 -52830 -144451 37864 -231079 -73828 83900 -237793
-310749 -219541 166007 117075 -178414 -70418 -49896 -211188 -297193 241970 -178989 -360378 -151546 -147605 -439844 151421 113741 -182887 -161489 45130 -152297 35664 -89727 74683 -122395 216001 124820 -216347 -213385 264464 -282867 -113435 238272 8323 82439 99864 -22769 105350 104941 -144712 -254939 123636 -77249 -122825 25138 22129 219482 661129 -90373 168029 -80014 -30569 -170986 -29137 162034 60435 301378 186095 -60713 14896 -51465 -31421
-128892 254005 399034 61676 -100249 258797 -185470 205154 86961 37829 -218277 -229296 -180799 134922 240309 21327 -207659 -176402 -270435 -326206 -223855 -222981 13064 168596 -254217 341676 -30524 -6220 -7697 -460902 -418131 137632 -67581 -169480 146537 152025 5085 120582 -207418 45399 8744 173414 -976 -24991 -96015 86334 316425 -22666 84543 176239 -271373 -3697 75525 608572 -251555 82482 36149 -192510 10247 205849 129839 380597
126323 -76158 29160 -39967 284958 -101183 -453989 -9304 -41818 -243814 -137433 118076 55819 -49843 -161708 -94556 231477 65519 -152318 47680 -195856 94717 -267308 -235577 118010 -319344 -510731 -263167 -241342 -87425 354792 -94874 -196681 126825 102337 -132013 -198018 -312711 28685 -40494 183373 403670 27339 -160652 -17596 -27874 182467 -117417 -117747 -132364 -198497 227365 362647 27042 -279982 163359 -202557 -31333 63042 -287424 -74535 -138602
25095 -137649 -182233 -69981 -371226 -171392 80642 166546 -17974 -303482 -114312 -114570 -235527 -224822 -44726 -301798 109187 -198568 126186 227077 24730 -139320 -307335 291138 -233640 -159043 148178 -158808 -268130 72775 143829 318374 275309 219263 -237844 -293092 -6938 111538 124508 -137145 379617 -415962 -356186 10512 107102 340936 199544 -150060 357414 -207112 249307 -236585 379930 -432246 324750 -200398 -300696 -85827 -100825 -86771 94379 8046
-181216 179477 161726 153193 -13070 33044 -3024 -160163 -111048 -40337 -14061 288569 -35543 48150 -151128 113361 -107660 114897 310436 45544 33350 77370 374088 -128251 -136166 68356 -196650 90469 15392 -43675 -93330 108179 68451 182077 181663 -91975 -4963 36623 117697 688517 121278 -70723 318335 133843 168931 180841 -573694 -124281 -309518 -48582 -20261 96066 -170923 -66614 214407 -489926 302925 -150447 114685 -14813 235978 509455
73513 115369 -396111 81322 207340 -207958 362709 -336491 -248255 -240431 -27954 71769 103276 -73883 142119 52361 -48189 -31765 218462 75293 400052 60982 -62939 -71618 443743 115640 61834 -75144 77688 -172739 262693 -90575 250878 -120039 -104805 81871 120137 89589 126419 -140254 -152835 130900 38367 -9030 188727 -345460 -245190 76306 -45525 -139138 -193585 472868 -290805 479946 -159366 361172 294775 -365845 214852 -148058 44685 -89859
-246382 -2391 136744 220802 -187713 57521 -272545 -106707 -373000 -152443 148251 120290 39117 290555 322523 -50280 -165433 -94249 99387 -235252 67506 261987 -41593 52737 -79752 -423590 -110544 -104255 -302742 -70147 45371 25112 14012 61027 -111130 -106979 -63825 -385897 -47919 -336729 -337130 -211874 -2482 -21377 -171753 -190611 162270 88603 94491 34354 177442 119870 139252 62136 -32961 62966 -244778 230339 -165463 -56465 19126 -133238
-186740 53632 240235 61743 233269 147589 42621 277782 21919 679943 661062 161866 38836 -31699 -498623 -44203 -229258 77696 -121048 158313 219309 -275920 417523 307626 174156 80317 99910 -156381 70625 280790 -215282 -53155 -2518 -13714 -275761 -51890 -111372 244665 459388 -246995 -152095 194732 -189944 -127760 -185998 69762 58142 203210 98365 309132 329879 -440898 -138386 -475436 342831 -218431 253227 7311 -13465 10923 31074 -176829
299143 160312 -165169 8363 -121269 3456 -257725 -155727 343250 2875 -185803 -294060 -77507 -373842 -176352 -416109 -274899 62153 265997 101826 -67224 105892 140924 -279688 -192738 145321 192136 24294 118779 -184025 33452 365274 -20652 -156121 220705 -81125 92639 426054 -531079 -362 576788 -63640 -48931 36242 -10700 161064 -76629 -52492 -46277 -220181 -262110 -521246 -59785 -205478 -123419 -23588 139650 -32789 76747 -64512 274017 -106479
246450 -160529 3149 -129166 -59738 -63074 85665 304762 -67827 -100010 -7812 -114586 110659 -65941 90853 -21845 168022 -212263 -314200 -238834 -1835 74656 -62548 -155497 -88460 154454 -1218 -285517 162712 -114403 -909 -138613 -94658 228163 150738 155638 558790 -229378 -342974 105139 -251923 -230922 174257 -49285 -29311 -385850 353647 250254 167094 -126213 -287257 -278871 62582 239717 83451 301982 -515199 -75280 -476475 64490 -123734 68380
-212357 65276 325948 287707 214394 -263223 215434 -333127 303645 47516 -278877 -157920 211530 344641 -12831 -64227 -134230 -381846 -107393 54880 96868 259163 -287868 30636 167030 -35667 -111865 111101 -220149 -210501 42694 -106837 104046 -110028 78697 65091 -108887 -55667 302950 43239 6546 -118150 14861 -100383 -58986 85215 163342 -352003 -118080 -183547 -96728 591769 134478 154854 106671 -70964 -69452 257475 -208703 71605 -115030 346141
-29253 -138585 14501 -115334 -323612 -71157 167319 -9237 -22123 -228611 -32355 292266 -93435 -151951 -525859 107881 -77417 237974 -139316 5240 -323522 -206651 -74876 66923 -134328 395028 -74634 -333587 -443740 190429 -235000 72785 151078 -24899 17614 95802 96472 -58882 -72946 -128376 6568 -137659 10220 181433 177813 -56851 -209948 124862 77814 142555 389263 -21022 109052 -43747 -23576 -85496 526505 -338483 355115 192382 31936 90615
212265 198118 3757 -467051 -381918 -246227 -297270 -75647 -329404 46832 -22637 125620 150773 -19045 510071 130548 278723 312714 450005 283166 -134920 104543 -286373 2786 37636 -72854 -192658 206457 263236 -30691 -41875 173370 -83701 336178 200411 188247 -461457 -244713 -70298 36456 -218081 105055 86638 162645 -318525 81364 -91272 -92538 -231733 -53626 166562 -248052 -85452 -56093 163202 196351 -25219 -23107 239413 -147772 92579 249056
142799 10357 95674 173540 303091 274671 -21632 226208 -121754 -109481 -306042 10400 -53869 273326 228789 -53385 34960 147148 -120772 -200997 134337 171219 132284 13090 -150023 44835 384440 -3526 210406 -214937 312643 -136166 470416 -73799 38278 -474234 -110591 103010 131052 355323 -247826 394387 185614 -159038 -54472 192433 149456 267017 42387 64257 -111614 66240 111374 429125 -186495 279312 -332672 -46222 -421484 302084 -273021 -29535
-516999 160494 -4342 -55372 256224 -70727 180314 -130053 -51592 -93009 102963 282232 88340 -156445 -190299 3600 188310 373060 -269232 86316 122548 -181089 -313857 -259467 346691 -223516 -216177 -321713 66511 209797 273985 -104291 58568 -19012 -18092 -64434 3707 5512 17597 -506708 71060 -140787 -163082 -228966 -82968 118339 174299 -167824 -69970 80617 -190000 239781 -39431 -130907 79630 41402 30142 41918 -79699 -157233 217480 201828
175995 373542 -8795 -2707 -116402 -38653 -482392 -302172 -265227 -144768 46467 126318 -89885 -203413 1494 67982 124555 16969 2067 20730 -211721 -175534 98641 112360 -65498 -166650 -299472 166357 99911 200536 -99331 501281 372168 6937 250624 -29844 250772 -52612 -224094 -228209 8486 -352088 -164218 -293086 23987 176746 -181405 -328586 -27161 -163029 -118101 -98963 -78585 -119452 169959 -423009 15709 -25547 382282 234837 249478 -306223
656042 -234705 177861 24841 162787 -128813 -55445 92686 58695 153594 -106759 -225796 -494665 257951 251666 550493 441592 -21984 372207 -220247 182584 225706 24325 -62084 -243663 -90287 53841 201547 -283109 -195816 -166771 -117414 -294715 244368 180885 344135 104141 -191974 -13200 129377 -240916 456316 -257687 146259 77864 -116935 -279740 292791 -277263 -284201 -60736 -260469 -146223 -213312 -379158 96477 97405 16059 -14591 -117298 -188960 101576
112250 47955 399576 78739 -64560 -260763 106492 13531 210158 51355 -71527 -343753 -12720 -133925 17193 143163 87839 -78558 -85398 -44303 -293233 -274524 -257692 -112316 51316 -31697 -27710 -154167 93444 -219244 -50071 -172259 222944 228171 -71122 129952 -78381 294429 111705 -328764 178132 -135800 -173920 270280 96235 -17910 203952 234643 114246 118874 40424 -139307 -130378 180701 191007 1139 -408689 -400434 -101079 -104330 28513 -84951
-100129 583068 346265 8094 -47481 60185 157199 -179744 -94434 -141813 182001 321345 460127 -61172 166407 -180875 -260053 16649 102711 -241054 19034 24147 403758 -52854 -112387 39424 11229 135127 -157715 103872 205624 422448 506291 18080 -17717 -362434 258054 197276 -91934 578022 92934 -278880 308559 366086 -34800 292776 317883 60994 231055 35411 -73116 117083 55241 355411 138096 -102700 355509 -157231 -62103 -310540 23063 -170737
144872 -51675 -392562 -156620 346411 407177 194202 221462 54387 -52183 140332 -85966 136906 -91548 24386 -82585 105880 285669 -176956 -107530 88687 -156708 257433 -190864 374497 40706 -186008 -20084 -178023 -57424 -38384 76788 -290264 -218448 -119708 -130081 206590 -49219 186629 7799 -161315 183351 147994 -169569 -113503 -20881 -2033 -23541 -84532 -287699 -68752 223364 56361 6386 -319920 212753 -67558 112285 145905 240612 -78734 23668
194075 -378876 -291233 390287 -72501 230066 -252632 -73369 -27511 59401 -156528 -258336 -226969 337384 252028 331624 230309 -252760 -56638 -122471 -140543 468761 -250417 325700 -7061 -168807 282121 104291 -57633 222230 74855 2473 -152553 25012 -247544 126399 -213465 -320259 65361 -167008 263832 38248 41941 13052 11397 134242 48811 143267 -107721 103370 271517 -284422 -48435 -344868 -73294 -127186 -43047 513103 47267 336368 88716 53047
-218622 6884 206989 -137298 -198838 22609 -13179 193815 78141 -235874 -105007 -216235 222015 -102530 -183818 -162011 762 181271 286807 -32393 -24573 -404298 -243841 208267 -361551 59074 75188 -319346 218456 23010 106595 185832 266756 292674 125977 -32018 -51911 235217 182539 -220305 -125922 -222107 -371354 -379955 -204424 -140153 -14552 -161946 -111738 267196 -117981 194726 -37138 -142924 462246 559079 518402 48079 72442 43783 173857 78557
94537 -246908 -286907 365389 422622 81680 63867 14927 -216580 -97478 -196328 68406 -150337 -62706 -158082 -190559 60983 163254 -169778 66200 -141196 163378 198539 -64537 -205991 194662 -42375 -12987 106477 -65379 -26756 199415 -182969 -46641 3871 -298724 170056 -56402 19932 -116181 39884 42798 289975 138988 180853 216593 -311582 -494140 -176346 -433509 -149885 179724 -30524 336154 143983 -119633 -286254 -73900 -107093 -235578 -185899 -373429
-20913 146768 440649 310194 29426 -18920 -255614 -66560 -126128 310866 -129425 225707 251320 64696 -99029 178642 -43258 -399636 -500185 -285837 196562 293555 81009 -85534 -12359 -4123 -173085 80542 33723 -8107 -25395 -43894 155914 173034 7706 114980 209652 186787 141879 246290 422397 330536 17119 216371 22272 -88439 -237077 235085 -296428 -18207 175503 26342 381472 -2145 -143025 -73685 -163434 -214157 -222325 -139785 -404005 -69791
-438824 21508 -123435 177085 29671 -335182 -32810 80438 249598 -143594 141284 572333 37702 24623 255172 -58566 61741 -18093 522353 444972 127093 -35485 109831 -1626 164400 -388776 80366 -125051 -65179 -95981 -231645 166218 44930 -148881 -13206 197674 192231 231201 -91998 46088 -421923 -27575 -109850 173750 -134970 -218843 59727 -487988 -64800 157385 -54981 -233723 -10888 103108 226692 235287 65998 -90916 4395 -206279 244237 -53262
-112364 -32126 2252 61971 -268367 -4359 90875 104541 33184 -297308 -74610 -293583 -114788 430799 -89112 36046 -124683 134532 161820 -28484 349782 354761 -193372 -190269 65417 341544 127157 -67872 -300531 -253080 263386 198474 -15406 235031 77874 44903 -208525 24060 -7474 31230 -14885 197671 61960 216823 284533 -94909 230051 -57729 428232 154020 -103770 328116 -207770 -167568 -169596 31255 123780 315377 338824 -129661 -79109 -244405
-59453 -163327 157692 -574286 -101263 -52033 127425 51945 -389885 -98390 159483 194980 246669 -81864 204157 120974 -55941 -52272 -158538 281926 22786 -399944 24270 390993 451773 50752 -115035 -15331 -60157 452805 344871 -332741 114658 -242425 -141900 -55885 110922 24748 -456930 -101984 113088 -212378 244794 -112290 -225242 -219703 -129607 -62463 -253579 -128518 -250421 93354 -215806 346471 351814 -127212 -67666 96421 -48311 274131 77255 314860
80171 30423 -28786 444252 298066 17660 -38602 -285669 -161172 -138093 54077 30352 565434 501759 288045 -143452 99294 121007 77713 45502 -322887 -41555 199834 -133521 -157133 -183799 250393 136073 355778 -40503 -301934 -133365 307654 -247794 232817 138931 95837 -184799 323181 434106 -334669 -137301 -31341 -224572 374699 133927 -69960 -48388 20626 108305 10364 -285058 164022 -64513 127474 -180885 -104217 -331283 -15086 -68470 305346 325356
14522 120152 91860 -21282 -241784 -27432 -262565 -248249 119869 157446 95160 -4348 68626 -173620 247027 113039 74430 -132886 -249666 65093 -138202 59081 87203 313425 -970 -14635 -221349 34288 -64239 -272959 -15599 70491 -200695 210216 17991 -305342 -373698 -142869 168474 -145803 -82886 303285 151522 148103 88368 -165914 -15870 330780 268435 97756 54821 7457 -60719 113269 179609 63164 -40248 -47707 -330115 -38539 -88544 -4830
131027 317853 -113371 96845 -86844 -190357 92890 368968 -19130 23992 -143602 -164191 -405004 -273815 -205730 -102750 -149237 12164 42031 -26729 158348 330427 209127 -151568 -192091 329850 261727 153912 -201830 -136903 39015 -83007 126378 36245 -288616 222891 -51009 192748 -24797 -132150 -151354 155908 202926 164043 -403218 -61849 -36884 -41751 -192700 -124319 306465 29104 -120520 -12394 -288458 107546 102845 78616 321230 248858 -83349 322582
250074 162718 191183 -148232 145975 53494 202654 -216385 14573 -213593 -158990 -343358 -28505 -265670 -268323 -390852 -222197 21238 373297 347609 210832 46062 -124382 101895 500657 127527 61944 38781 155163 235500 241767 14974 -66421 -287995 199379 102971 311565 -5181 -147278 -260360 611 225533 -167777 -154806 71530 615888 1658 96060 41592 -114928 -100624 -541862 197499 199889 362139 90031 -181603 156163 187857 -194745 295782 -99563
197778 53361 167820 243539 287238 143982 209486 -13624 65630 -4559 215474 161189 379269 86621 51399 386654 90178 35131 -8398 -479013 -122665 -174398 -162532 99303 -24693 6527 141761 37817 74213 -98324 -145134 -570388 -201380 -98551 104490 -67521 -23844 -223177 576657 90633 115194 -301274 -177358 -159311 460482 41944 170477 247 83028 -109660 -190795 -13215 273104 238957 123980 -306107 62316 -183047 -235973 293302 64093 -88746
327171 -189262 4578 -136355 73306 267008 -115418 146273 -113647 228408 -488039 603558 29343 225824 170445 -254797 25889 89410 -169577 15466 51662 -86711 -48751 243119 -83267 78224 -348422 126754 90017 296470 -151231 111000 -114014 -327514 -33496 -164314 -56409 80551 -378739 -294145 -17826 82512 91906 69624 -131223 -74121 -143697 -324621 70505 -107718 218971 226677 217677 251607 174769 289428 228287 33054 117890 -114405 12584 277428
1309 328652 -21344 -19348 -153820 -366791 -240726 322520 -14506 -238518 -35285 230389 -102364 272383 -305621 -73094 -77908 -287927 54889 214559 24201 154580 189527 -26051 -136422 -279702 313700 -15885 -172539 -37225 17573 224826 -32693 70530 235470 303871 168722 54344 -25172 48565 145336 -74096 82665 264653 17881 -345649 -952733 -76369 -441697 -139283 53797 58550 354343 -27011 -199257 -101530 -147054 47804 203576 104851 379508 34342
141958 -73844 -128493 221775 -3803 17882 318917 64713 31011 186816 355506 138561 30526 -1424 180611 216310 -209170 125420 26696 38450 -124036 -131228 -186235 -198901 -68512 -13353 69518 -266451 -32528 -117019 -230208 -15520 188850 88796 59928 41315 -67286 300301 136199 355697 -120326 88975 118848 53049 -249514 -311753 455892 -172816 -65317 259189 -75929 -131195 -377436 -509338 -213600 -141504 -271861 9390 895 -204883 30642 23612
-35867 298733 497242 486969 82603 7691 50042 -389678 23729 45254 307200 -98805 109203 85862 -109489 -122292 265527 190397 233927 -439914 -29408 -134569 419318 139303 349296 -182852 -227662 -214251 -205362 -366405 -132746 37564 -200718 -140065 -86792 -70262 305480 62030 164323 -54383 -172706 287052 -103826 31748 -51492 -116584 96623 -67766 462334 -240153 -245544 249648 -212573 119165 -59189 62984 87608 78268 -369663 4594 168432 -152409
245630 129910 151762 -90399 -44441 144965 -237378 -207437 53321 31933 51850 -43261 92299 -391935 -511250 -88061 -71603 -238050 -225027 -193765 10298 -50206 49745 3300 -42467 123168 -46382 -136224 -85344 24783 586786 -25231 -305063 19904 69888 336157 394091 154327 218050 -372287 389974 -132306 268845 24860 -73844 156509 131220 115090 88474 -58078 485176 193558 414287 229082 -11057 -105624 168494 -64270 -19050 122921 -232514 121538
200437 -422882 152118 -380039 1955 -351398 -275749 15500 234543 -164365 -128288 -246825 -77767 120623 160278 134939 -340507 -92527 -71638 177464 -344277 53643 -447498 -100045 -463535 -140229 -346822 -47684 299718 233094 110346 57964 -87319 167624 -133090 -117218 154719 5667 -80840 65717 551744 124446 250599 91673 -32895 180067 195009 104644 -110629 -193517 -58158 -103684 -345359 -637027 -20243 -223328 152386 -292947 80112 331484 214469 257969
-309252 -39564 96501 -63151 218585 52294 507958 391382 62415 61175 -38792 -316970 65438 -332110 268818 -151431 178423 286102 27431 -100916 -67525 594 -38158 172041 -108302 -21614 -140975 363390 66477 -69172 90328 -165003 -120217 -73552 217681 24474 -105492 -313639 100315 279258 -30357 -377865 -331641 -217746 67114 -62651 206109 -125158 -119117 134618 -196827 93618 -35185 212418 -211089 -312168 -294001 -163559 29795 68924 -73634 300830
-113215 -91187 -208487 -225877 182598 190508 211788 -258974 -375514 -334468 -409809 -162965 -113155 323625 -162023 -32126 33236 159054 -261734 196753 -31521 -70993 346828 69676 -137911 145667 67399 7192 -30456 532513 -34276 -15126 260458 31583 -30179 -270313 -299524 46713 -47175 -28451 -303781 -68714 -16474 -26309 -33743 -75077 -200609 15930 -62119 -108253 -42818 -48098 -20895 -138516 14760 537164 142659 -230227 -188139 -364304 66436 -261072
-16102 84382 -56439 507829 137484 -27142 -629077 -391947 -197760 -288861 -190556 451362 14882 65668 -179803 220372 186765 -37557 -75448 -7951 -262365 297059 -223247 -355582 235627 142385 -13376 -35006 24387 -233029 19888 -40765 -126942 -98080 110265 -189299 101014 -31 -794 -175421 -471932 -222773 -153038 79911 206302 419753 307966 500094 -9095 239169 196229 126899 77085 -229125 43437 -317706 -517354 -207342 127009 -146525 110456 140903
-39406 -32077 -27115 439020 -187106 63580 2051 426858 -145645 14427 -153034 65394 118060 243122 -28726 -118916 -86967 -68520 322336 -19660 534525 -127855 -242672 205992 230384 -226979 23323 -185836 165626 283868 -174226 -151060 -131830 -155665 -233945 165843 -10193 2716 -125108 -157883 -3660 169314 -133918 -333346 8106 227768 134307 205265 61032 143285 90095 -252751 -358515 -217070 -131482 -254622 209399 217748 62251 8782 362939 32459
-41930 140480 -172743 -377883 -346532 -199077 152414 -164484 -182354 -47045 -71880 186516 219303 -297905 210126 444697 -42908 168079 53689 271793 -76274 -17785 366192 382636 128122 -77948 -152562 44413 342996 136736 342677 539371 81386 -180782 -122518 222593 -25580 137605 301656 -42824 396404 -339759 -631996 118385 15282 -297526 -113747 -203264 217981 -67561 149293 -53739 -17858 -26572 -89767 207095 12973 -39210 20192 310555 -248208 207
-1069 -288976 -155667 -74721 117514 -389598 -63171 96523 203721 270561 401887 -155146 134897 -28079 37995 -373487 -137885 122259 -49208 -117848 -73560 288599 459141 66794 -12817 -301442 86648 104241 -28356 -52814 27721 -14992 -174171 67283 62028 83991 -101087 -181714 72218 304048 269856 -176076 348781 356844 -158210 251893 -9683 247269 -190232 -77427 -331887 139402 122942 248487 -35690 -43118 -270995 -53801 3842 -47121 -149525 73401
-333624 -98790 601225 -107727 -238870 90467 230675 -95996 36613 -269600 136983 126826 -165755 207431 49392 164151 135865 -403480 51245 -152810 181238 134756 -188067 -359693 22338 335275 51972 355164 -187461 160129 132117 -323788 -132341 60454 282698 67793 209815 210598 -85348 198708 -255520 346932 383405 -115065 90378 -92404 -126561 89380 -108045 117448 -287235 -108067 -79380 -267562 309591 73938 180079 171224 -43933 -235905 52075 19985
-165595 65193 -96149 -228298 208691 235351 -259415 -270727 -8222 68323 -199269 -179132 -27345 390821 -43355 -123271 25543 -27458 73934 -166059 -200574 -217938 -233219 299026 128587 -375206 -184533 -17664 -293789 -59456 -292020 23350 247612 385071 301579 289869 -141996 -69408 -185962 -18505 -167149 -149424 -111380 65354 393052 -44205 262855 72356 10517 -184400 394118 245392 -63942 11026 -161648 13883 185448 -34747 -187185 -142118 285398 210603
228430 -34538 -454502 -222551 -184187 -272715 -146670 636195 208066 183255 -90294 328171 191108 -280668 208437 -64681 -243651 135492 22573 232060 -30448 105883 464026 95704 -337318 155777 220214 77240 -132533 -134345 -171639 99197 -145004 -390208 -87556 -455619 -88439 -117104 62766 142051 7947 419405 205114 291062 -169246 48287 265919 -109489 -44443 173206 484574 -148229 129579 153740 31979 160248 86757 -125838 -151081 467484 -150053 -206212
-52626 -432481 177318 -11252 -169729 -260420 17013 -4746 -371447 -29090 -103074 -432763 -90069 -73081 -13665 -412612 -110919 -137167 19144 111983 196954 294043 47011 -109144 -82091 334987 -78337 -267835 -297842 60634 14099 -142357 -98829 -210231 -95818 8759 289832 -145237 38550 -160331 332354 60796 293676 -87696 199836 491563 -19502 -79751 351320 192504 -102515 144190 335261 -135648 130126 -8160 -518055 -224671 32515 46698 -306953 -32551
-23995 404330 -300911 -253453 -20133 15891 -18013 12178 210690 -93476 -90928 -64447 -134301 89497 399996 -99211 -52635 142174 -479602 373689 53813 1070 209880 -262378 -65117 -39499 326407 -145212 -198358 -59301 -315819 86786 64746 338997 97179 141623 -360436 -105781 -63299 -122883 -5309 616015 -3337 -300458 -79421 338346 -442292 229837 -258463 237145 -200559 -280341 168192 -277820 115841 -394002 -34575 -117629 -276188 370618 -400383 133741
-51946 151977 -28444 181007 375555 86304 119158 -178037 298935 -132794 124955 -130349 106631 -148659 -75525 78025 226844 -218119 391580 202888 -152564 -253630 -323105 385368 136517 17379 35448 -16427 -82513 77302 -386642 381919 -386528 51498 171645 -297037 -434687 392080 -339162 263798 -371790 43604 435946 -273862 404530 -219516 -455932 428431 -257747 -11180 747 -360268 322487 -69102 -55536 -420358 316302 -63254 -208369 -46767 -21441 461142
-292335 105981 -399456 77847 -190161 96263 -213210 104633 -56133 -244007 -78019 278380 158518 -394116 740899 -496271 -221193 190788 -192947 -75796 -64706 648299 -616257 192930 -55489 185875 213665 -8142 -269809 372874 -118414 654683 -220903 -69492 39847 -39114 36902 -35928 237806 151614 -84360 140305 -247391 78552 -163310 173231 -42745 -136552 -58075 -68493 23900 -348894 190406 -187067 118694 -53247 -81622 49387 -55118 223142 -271882 33555
226071 -219071 -81476 76520 43649 200195 -552985 397611 65588 -138555 231606 -590440 -72803 56037 -204700 -23036 -66516 287854 5742 -177431 -68997 16849 -162955 73998 148395 -134151 -285299 141633 -82696 113268 -153611 -105316 120411 17434 -352293 -114479 -177887 114828 -20397 199609 -30507 245771 179611 -321801 34782 185988 -166279 -243144 167143 -224665 184530 -456817 474587 142437 -278787 -255132 351268 -107686 -248447 194783 -318655 67750
-65431 -30991 87237 -172243 172888 38400 -339929 178568 87125 -264567 156042 -40081 312362 -240537 359658 47175 -207075 -30729 -143592 159943 -293090 481838 -85882 -53501 -355060 365793 -321846 39399 -7934 249348 207924 -23051 61501 73026 507560 -141770 -289237 407957 -347082 55621 26384 -361812 4628 197811 -268218 -257553 325641 -263784 -183965 10151 350571 -153440 195011 120102 -258951 -161886 192599 -51456 22970 36262 38011 -41602
24470 -14569 -127459 38599 198474 574880 -437303 33607 206523 -558233 183355 -357484 -312400 360356 -286419 623393 -352956 361539 -310635 -30010 -650626 -23088 -51197 -62479 245160 61167 220859 -68840 157277 -302363 585068 -36214 -154228 64775 -117433 -230947 475513 26619 32744 -3716 -44924 -75282 165291 -31025 266272 -80522 216903 -251421 31165 -52857 115706 -137296 219089 -61163 134547 -361359 -57902 3398 -513165 258396 -301973 266796
-91078 -96859 323156 49348 26752 214419 -237723 -27857 44425 -220374 151581 -90252 260380 -58344 -560462 303385 -440866 430397 -407532 252063 -58715 22728 -247534 -172964 -111218 164612 394 -224218 453178 -64211 -204568 54054 291906 -256533 274138 -537295 -43380 -41507 224654 -29274 116415 -242675 -292545 401804 -423441 -230901 592259 -167216 -13298 -85709 109143 -201943 78581 -52625 -37034 -5881 140617 -100156 239397 -187217 -38370 -153400
-103789 211034 -338479 90579 -291317 400150 -566315 -203150 237842 109269 -208538 -462433 339096 -208614 -119587 481212 -446875 -21445 -367663 295181 -315152 193281 -208134 62274 39593 108932 -258807 -288408 159500 -298734 33073 -64106 -431972 -191759 383144 -663058 516725 121416 -114561 34346 49785 -158717 396487 36620 121189 -333928 -246533 -288468 104389 175828 91154 54748 8077 -115617 -70666 -85220 -166878 4261 -11955 395834 16198 197855
208436 58744 -4208 177244 -122183 102524 -297546 113632 -249258 -99133 357005 -257425 360644 49416 -517887 205914 -235919 -26434 118684 -275385 -199711 -46556 -3526 44997 -106242 158211 -340827 148472 -225670 69577 -301044 -329905 128963 -440407 239700 24547 63124 125885 117031 86865 -118850 359811 -362006 -155220 329862 -554290 681324 -30479 -112365 -12358 -212195 205260 -41227 86729 -253692 33336 87603 -257840 -105289 266897 -196384 -71906
76383 346404 -53818 15127 -43779 330964 -252657 65550 62990 24953 54158 -540238 479074 -29326 -32495 -219090 241324 -102540 -261165 -59387 -273069 130718 -201366 371721 -133676 71241 -309449 31085 308121 -692895 652201 -400996 -145243 -267521 169507 29012 -25126 -198369 105575 169471 -37014 -184534 -82708 192677 21184 -486788 389349 -133468 -11168 621014 -193548 -16584 15852 -259013 64315 -106292 13812 59801 -53885 41903 216050 -5113
39810 -218204 -204744 142676 128946 -237742 -117559 149951 -292679 -422404 380193 124801 130801 -215239 202620 -333045 189782 -47047 -156954 116796 -31630 63838 -358926 195334 -175181 273197 -388367 -29291 30103 -579868 366385 -65305 350808 20439 -12426 174899 259124 -265936 -256529 320846 -256618 137962 -216954 -322330 693378 -234416 49604 707431 -517378 299296 -424286 -123408 125144 197991 -187373 -140894 56976 425190 -210147 -58415 344478 288017
13204 -68198 -46604 33449 -219873 148367 -22449 -118243 398979 97960 -209455 90173 415049 -307290 65343 -94541 -275361 -49767 -393014 -109113 -127297 224199 -290515 14651 -457990 13015 128235 -167979 612153 -539533 265634 -379769 194913 -81613 -233443 158479 399590 -225769 -48258 86249 9824 -147521 -274532 -6888 269889 -657536 415803 30140 -129794 59938 -111148 -278322 147417 -358918 221174 -14931 36615 -29442 27954 -221444 78322 344711
230698 -276854 -89537 167113 -96475 -310186 113434 326071 -401695 167227 374277 13775 -88713 -326903 376517 -407751 35866 126888 -500635 116503 41457 -14538 -259428 548763 -309223 -26908 225373 134461 -74688 164458 331211 120422 57002 -122159 329433 -150256 -34248 -287379 -270617 326652 -249796 187957 185608 -174881 134408 582861 -322336 349120 -140142 157499 34324 96643 -171338 -11461 151489 -26596 293729 219459 44452 -447012 500904 -170519
15072 83519 -160874 141834 55635 146996 -23174 172620 -40150 542807 -246947 4246 272676 -93784 98939 -145822 -198066 -47013 117106 -132292 15863 207686 -344174 395069 -238495 228708 328196 -122372 25070 100523 -49811 -89174 -2927 144002 -146447 265273 23723 -258455 -4495 -4755 569 46135 25276 -66320 139792 -393805 409693 -180679 -101162 305773 -301998 339775 89795 -23030 24805 -476164 223370 -27886 268432 -137889 -117865 214998
554599 -359654 -173682 -92566 188735 43505 -314660 324416 -115714 -72518 320840 310627 -228984 -368031 776151 -555810 219455 424441 118689 -42497 250851 -91802 -175724 254049 -2700 -249404 -132418 342658 129094 -208651 187065 479538 -221891 -205862 41021 -405259 180655 -109212 -40287 365547 -265564 38161 150790 195123 -201594 169975 -208198 -446492 83740 223188 -185847 -117144 -201964 241769 65690 -266653 210937 -282577 151744 -404520 270442 -453359
16058 76485 -421251 -113844 271263 23874 172444 -70274 -58546 168181 -192445 267263 249493 -494519 130356 -301180 161244 15466 235284 -18461 79249 387387 -167889 -45502 437110 45595 227155 -26519 141193 -171033 206601 269916 -212538 169957 1590 -87911 76358 -41355 224225 -168023 -228606 -58584 43490 12341 54088 -239503 204400 -1805 92545 197530 -215293 88001 -65504 -461384 388389 -368502 253211 -27141 339681 -157662 -46888 -340834
-91240 232911 198140 68174 72227 -289484 284482 -45144 214124 234396 119025 97327 157990 -421378 653042 -38883 13130 -83997 245500 -320650 304041 -233909 208397 -83764 57759 -8732 262184 262119 452748 -407308 -485947 335075 -264901 88299 170946 -253538 255345 112667 -50278 77120 223807 -63679 43238 11773 -394031 64613 -136463 -299735 419321 -69434 -10534 -205131 47992 -238714 370805 -189190 319464 -120195 77791 35953 -72272 109497
-282539 142736 -263085 34582 706498 -471143 334441 -49845 -72256 120720 -266510 151967 351427 -302172 -28183 359866 -257303 84751 272683 -341488 -43915 -15240 378659 -567981 737216 112970 -276703 30650 339556 -207416 100397 -78642 -379506 -101984 246166 31545 121561 -211224 -428505 19465 -299150 198644 166506 -189290 -40791 177291 -163797 239638 63946 116909 -685753 562727 -100536 93800 196472 -246729 258367 -10176 100002 -209539 -214052 -113028
118757 182954 -218336 -118214 316543 -700991 225935 442058 -63396 -35916 141799 -237498 391238 -403973 153328 36807 -112591 -275141 179123 -310442 209004 -239772 -41725 -288679 -63020 24333 259975 -343562 30351 -167432 -107108 79715 84691 174806 -232399 -185390 -58991 29015 -80606 -199655 20326 55619 -292760 -148934 -42553 172999 45039 -150441 620082 2078 -352748 62984 30685 -9909 -108497 179664 -255630 278778 -270560 174563 -55944 -171743
-90409 -215374 351106 -87227 227679 119916 -170835 602978 17782 41833 62541 22776 -30080 -188924 -173151 381439 -516005 139197 156525 37956 -312327 -119565 460951 -29415 61840 -848 114452 164054 -50256 68269 -291115 9935 -164935 272223 159008 -12572 25775 -53228 -153949 682728 -156606 55982 -31299 3052 16331 298989 39918 -53145 -280350 405078 -218777 -54197 -213305 92147 187961 -187428 -336220 597874 -594414 74165 136331 167379
451912 -249967 -78236 -387518 191456 -241581 159940 -71587 -278800 -292611 -70998 -318664 447545 -329267 74173 74147 -82437 -20748 -271134 338797 125297 -442069 -126661 -150355 -104800 230872 167076 -187164 230612 707 -95867 99414 5267 162925 -54794 51720 -243872 182447 -17742 71444 146855 244043 -93904 207604 153153 -139721 77118 -219663 -210352 -290647 271923 -139387 32284 -139592 -63248 277247 -248949 389335 -372165 102190 288118 -241614
247935 -254106 205154 -19927 -180532 406412 18140 -125612 25560 -166430 -231849 -49085 62836 31303 631889 101109 -175380 119115 -386321 136393 -325971 373723 -116423 112719 -245182 4579 -144519 142329 -96308 -72546 -389835 325866 -76671 15912 310387 -244213 77344 410394 -636369 65071 -53590 -126734 -8993 225447 -24161 -147663 259192 7117 -12977 36914 -5422 54230 202840 372551 -361744 391506 -573060 560759 -584010 127529 46215 -115952
47854 -387382 399548 -86928 187231 -470185 585934 -335555 -372242 278846 9787 98944 266716 -51224 129385 44027 155453 343004 -367140 165945 16954 -178948 5133 216031 -40591 332792 -190105 -183469 132360 163285 15175 -326864 144093 59239 -310308 -96156 -238277 261854 274003 181060 -296770 90399 5791 81577 -5571 -408541 35687 -179018 -122973 415194 243761 308551 -425680 221232 -70634 182445 28958 387524 -317528 442444 -324258 14779
-102251 -193300 -160453 121526 128445 -147693 221340 -387937 -7790 355154 -189170 115220 -91794 -90982 249874 -217174 -165322 185476 -61573 182813 -440466 572688 -277533 -50591 -18500 209238 -279463 371256 -133676 -17080 7267 126803 45246 10590 -69812 -77884 -233779 121622 -209730 45040 162394 147876 10940 97442 -259416 286225 205446 -99834 -36404 361514 -412307 512558 -530768 195047 -286495 -129943 126547 174436 -65184 285013 -341393 -109148
366521 -225077 121754 -135355 -110783 -194511 -200369 506514 -183264 27959 -272719 548749 72179 -135578 227312 110054 -122043 523316 -157567 153643 14697 290 313086 -462422 -146603 429527 -96715 159116 32707 188059 22016 -116849 -140181 260696 -434712 90102 380979 -163644 -139578 357457 -527816 179639 13709 185379 -230750 -286518 -41844 319699 -292664 309833 -102865 -244106 -288872 126235 -27281 -43883 316062 -426611 -98676 239137 -308017 36362
-212165 213060 90586 403873 304175 255547 -258915 54546 298860 209178 -621849 -11452 119286 -414057 448602 -144575 -166678 -288608 -106171 -341170 279014 472617 -54770 -311257 404948 18317 -362878 314019 143117 -260875 259513 -44413 -315173 13278 -206681 367679 -89907 -47738 152196 561364 -443855 -18214 188074 342021 -592439 314831 166577 221021 -86483 -38872 -327179 477765 -398409 108038 56804 -85278 -95319 104553 -206027 -151519 -237865 -172218
-292010 -109678 -62248 -36603 -145601 413416 -334366 226903 369563 103717 -256038 181861 122514 -202015 -187022 12463 -228877 396725 -84321 -551855 145374 -273380 493411 -665056 104031 224307 81549 -240519 -67600 -114817 -77586 -149493 25643 29799 -139926 -49580 300804 -252648 -69810 366246 -331923 -226696 -27817 128716 66410 -300374 -30751 -484 -133928 232128 -237453 89413 -105411 115131 -186723 -16536 239718 -10172 -138074 114701 204281 -218150
-170417 412255 78114 -139773 -366672 52526 -60322 -380087 319710 -249710 -63710 -77405 359037 -393744 145480 -379738 -148852 -117200 551075 -343440 178302 147641 141432 -598170 511349 138013 -301072 244257 -119283 -17434 -134969 248515 -537993 396316 -112083 367294 24719 -63961 68463 -62827 161786 -289934 67360 172293 -65187 -81175 202826 -238100 -226613 169086 -114399 330783 -353052 -285937 284393 -170783 -212694 356406 318297 -691348 468979 13804
159831 -48486 -7103 253735 -257062 445900 110509 4087 354965 -63631 -145019 -132466 -99422 276462 -12805 188549 -112394 -243056 497175 -200061 22083 -125937 629909 -273074 -179659 339030 -296335 322617 -41726 -116631 -599977 2750 -119006 189716 24695 -206362 100938 -57292 46135 268842 79004 207886 193391 -82935 162463 -227021 240732 109504 -41782 54422 -91279 82587 -42037 -200588 398377 162561 -199730 -269563 88239 -147236 64728 -282919
62427 -213566 -205414 109434 -25978 -143894 470599 -197461 247055 -153734 297251 -151032 101685 -151003 -345396 -299269 234137 -423346 199717 -273708 113848 -42254 59781 -133053 135319 197085 -245482 149658 -177977 311930 -27818 118109 -741108 698855 -744927 269092 -158790 58698 114381 -275694 89689 311480 -252971 59666 223170 -247868 138406 352993 82342 -30725 115014 246115 234787 -226443 68208 151615 36607 -41988 122450 -480089 137068 267709
-285034 214450 -352758 468083 -320912 301938 -69222 -152233 157 -260161 394169 5275 464129 -96164 -220976 -230357 -15702 -35012 -29041 382931 -4963 -110738 203662 9905 48714 322179 -287550 -81742 181106 99917 -9220 154979 -63675 216534 -114133 -368285 122336 344514 -214492 11925 379146 -100818 40858 -386690 272526 -110512 170923 -308013 297364 -147578 27583 307418 -122822 -46631 406904 127228 -144534 67092 5067 60331 222501 -40492
-164414 36084 -499204 290420 -30335 25892 264174 -116278 78693 -174593 105131 -217491 -236227 -57028 41806 46171 35171 44147 141917 -189843 75379 -86397 318516 102974 -122676 -167850 126479 147531 -217338 -141478 -133132 -29981 -634745 430888 -237260 104486 -26239 146382 -545402 49053 61811 -77713 -26191 -240115 -7403 -315458 -2661 -90255 25474 -58907 -321125 259684 36169 -261254 -226711 73891 -115327 447359 33949 75287 127005 130306
-80224 310544 -473214 300318 -414432 23745 -404944 106721 -1561 98828 282172 -288494 -179530 -110779 -98396 67116 -67713 453864 -363174 410050 -86778 57616 -210934 -61453 123899 -42595 110656 59217 281478 -154649 -44132 23750 -369883 193441 -125945 -11559 -101629 86835 337588 -697627 302238 -111542 176405 -271947 404738 -519093 216846 -84874 175965 126001 -244045 -109630 208464 -447676 194610 329307 -602796 229537 -330373 137008 311280 79021
-109908 228065 -47174 453374 -440029 101653 56979 -134452 -97295 -40022 -57172 440968 -467985 143779 -275192 -1081 -45353 40678 269093 -212231 -260398 228272 -352498 422515 -419369 -204233 183200 -40820 -99047 -24941 -131149 117576 219016 439509 -195165 190393 -157948 256202 -180085 161461 -211953 -284952 4020 -199650 66780 -183189 37760 30524 -70175 342949 -49685 -166445 428230 -309207 466650 133717 -251517 333434 -395046 -332179 354037 7623
-56399 204863 -150869 -9063 150991 -240542 47475 274413 -96547 -18551 -140740 259159 81828 170218 -46949 -396223 -165808 407505 -321283 406947 -46770 -8554 38260 30728 80651 29980 132971 -231804 185848 -450731 33373 -161738 -176402 177725 -223049 -7354 -295578 66779 347140 39112 -105109 248429 457641 -340004 380731 -236989 115341 -157429 48372 -66281 -417461 160539 309957 -430891 -320413 243213 -359654 -27504 -41747 -288100 -40565 -114225
300268 59969 -563683 -28869 240762 -158085 36904 -17900 83599 329627 -314651 458166 -567630 368713 75442 -13676 -36290 200904 -314531 -72156 -250206 232910 48054 46331 15252 -37677 -13669 161952 -88656 -23442 96584 -19338 38212 56231 -135498 259351 -144408 71318 -258141 371384 -271734 93004 209623 -220652 91249 286685 231343 54924 266636 119862 48352 -188373 226082 -241429 65644 -283949 -284228 68156 68264 32575 293829 -282952
-346515 -137981 309511 -466771 203331 -341284 146673 17526 175979 143316 -215791 -74100 190171 -128016 92793 104720 -35142 482677 209931 -44134 161894 -495997 328869 -259003 172566 31130 -104882 -63452 23647 -195433 239500 -609060 322749 53939 -178621 177730 -527380 433991 -504545 95347 -273561 132479 -92727 -400288 136813 -396000 364619 -124338 -148012 376998 -80487 -35683 51514 -354649 -85306 204131 294293 -5209 185343 51497 230395 314837
61397 -172360 -383648 1870 337639 -329655 184457 8755 253349 -417016 -234941 198070 -418861 119868 -63163 -170096 -265900 70338 -697 254033 -184058 -193337 254906 -296952 164594 84580 -78650 287691 -184929 -14705 215019 -165339 154415 118394 -259483 40459 -362785 271388 -131607 302529 -381983 -4329 266813 -318685 284983 228602 516934 -266228 201473 -178846 126915 35214 -371557 -135145 127499 -138318 29445 294656 105185 -157028 86079 38389
148726 -481331 359828 -117590 207987 -98491 31255 -61588 195419 -62856 153277 -246750 108855 -168151 -42996 235291 -90851 145793 -375130 -530267 -33512 24622 353941 -258139 -116289 184116 -305105 523175 -630 -376547 615926 -755390 124266 185826 -327573 214022 -333597 46179 -273798 15232 -2428 -102822 222697 -435650 188414 -138471 -67580 130859 -112780 -256392 -258511 375948 212797 -70578 235560 -227684 -302842 107341 154123 193658 -359313 499023
178022 -240331 215741 252660 396526 -436867 93804 3390 193808 -439584 -18697 270899 193383 -352902 134747 51286 -71939 -21457 -262068 408276 -125646 -447129 47881 -3731 87203 -149840 -172743 166444 -113908 -78368 138593 -209768 204299 21555 -186354 -40543 231844 197268 130624 108179 -119411 -452196 620612 -182836 7213 346478 -93305 -11754 149946 -123778 44239 -215010 -178453 -198777 383108 -17617 -101817 30300 -246518 -60576 -230504 398227
166946 -225265 -340692 216084 57888 -95921 -33941 186005 291666 1868 -114492 -554188 -171509 89470 -82807 -2546 -329729 79582 -73331 -59062 189986 170097 40429 9007 -384169 234083 -250413 163117 -10213 -413329 143142 -92502 -67046 54426 -87229 124138 -187875 -486649 450560 130808 -109835 -142280 259889 -158652 -122174 541849 -364481 13672 331311 -87840 274433 -60977 274378 -307922 16395 -27805 -69195 250893 71811 -81387 -466945 110420
17394 9808 224983 -222697 -36917 -31820 180834 185049 -64737 -55762 -137124 128046 -143498 -462226 1930 148911 -47347 -117535 -94567 147373 195753 -241395 -352176 139150 134738 277973 -92926 51017 -296677 5626 200108 248335 -349234 301513 -137320 230259 182010 -153768 129967 -228690 -11831 -356978 225244 375392 -594055 382044 -503546 -46203 218406 -413078 333832 -260317 -238182 161356 7102 -22320 -183683 493202 -92708 373614 -230913 -3252
-93270 -2501 -392616 267365 218796 -141374 20157 75686 39730 -74125 -377759 126122 -41442 456347 -237316 219115 -193879 -119131 500440 -194725 -95636 -41250 162304 -64443 -282324 -101806 -20626 222903 179271 149904 -235292 223554 3581 -59450 -216872 268708 48999 -292277 323100 223541 -104766 -227245 -155845 190558 -170051 525452 -24260 -299916 219727 -319038 325683 -364231 -8718 287360 70839 9406 -211635 -264985 102160 -332040 132077 91545
130693 -361330 376358 -369031 223260 251663 -68602 -317260 196615 320996 -170333 200603 102938 334064 175080 414809 108769 -510128 63733 -129011 -108776 -221825 -286334 115469 81654 -172170 -305181 17023 -77711 -49696 -321872 416743 -383671 158418 191294 -127064 -125615 -108422 421472 -320636 244054 -123891 -6592 -83328 -272850 244055 -143854 -209823 200569 341355 84447 -109251 -463198 -25468 279774 70057 -208925 239308 -413250 -191336 166355 -91799
24986 -136952 -228731 98674 -309382 67715 -230408 94407 -107613 216105 -191973 318418 -469114 269869 -405079 362701 124584 -66811 235945 -327174 96846 -1646 190931 -108234 -215428 -154840 63595 133947 -19790 178613 -191558 216077 -18168 40206 -46899 174019 -412653 -146881 105714 -173006 196392 -190535 245151 182154 -231183 -396670 354154 -291028 -209982 242137 133457 230652 -179989 -33789 -29580 -76166 191509 27984 -130604 -142051 72952 -88929
246703 -102473 217955 -302383 -302128 145164 -142501 -108897 148169 125895 -388975 292265 -425792 52432 62201 -373307 -22842 -218788 -87238 392615 117691 -26045 -61404 -115743 215582 52042 -184416 -79772 -169285 242937 -336646 798901 -167995 89663 109213 42429 36782 679069 -290573 -291433 162482 -42998 26154 82469 -185985 4763 44158 92342 -329266 268637 -180294 -62600 -358985 -130678 -29434 -45721 -384696 423345 108988 -375733 317172 10684
-394892 195083 -273892 512978 -157680 157302 -3777 65128 184779 -353446 240154 -41818 -36931 120144 -399229 442578 52369 -27625 -83020 -55299 71177 -337721 112245 -147142 99357 -189667 278162 -140113 177511 33476 -115044 168098 -490807 176732 -152293 241007 -507482 253266 83425 28926 445801 -292698 -353770 -39245 443241 18596 398171 438484 -159570 486602 -659779 -2270 -311138 99877 180918 -119306 -295837 46485 -408593 -6103 73111 -179785
167361 -252340 61021 -91584 -131627 59405 139656 -206909 175034 -429789 -127229 -10857 164330 -186407 195826 -247133 204992 279492 -239574 121839 148331 -97744 101833 -84709 109718 256422 -305811 -115081 152189 228204 -95105 334897 -564663 110357 -75790 -35601 -447621 409703 -457021 -43260 17120 89449 -273110 256090 -97903 -278653 587867 -4929 -168064 350220 -241414 356503 -185021 89816 180298 327905 -108348 267078 -103510 -146358 -118592 27717
-275761 -145455 -54581 178087 -207774 -108157 24416 -50586 536171 -793507 258706 -656227 313420 231714 -309733 -156253 -86522 -137887 85500 -32905 19014 -269101 431310 -228579 54052 99013 185288 128078 262366 -419209 515826 503936 -588555 180962 -30988 5036 9742 35450 27168 -472937 277391 -214095 -88329 157724 559498 -6757 -419749 290426 -138799 44666 -255718 381636 -36240 291431 134312 -168271 137771 208389 -421463 374664 -18116 -329477
294761 -491123 46450 -213810 -128951 -100061 -49223 69042 81102 -64259 -57604 -101991 225152 80097 342920 -8738 20977 106980 -296156 471373 -180261 71255 -101762 113891 -762355 462379 -130705 276406 133292 -441127 95937 500455 -394079 61550 -23094 -172441 -455624 348663 -159397 -33907 229310 -350862 189930 187768 -98635 -170668 196909 -15695 -542683 27101 -139638 22528 -154210 -320367 313330 -196731 -63794 99965 -176836 416260 -216074 -267857
-292734 -164066 222372 265121 190312 274941 -144781 63622 48118 -6620 272236 -200857 -68759 -12335 343683 -154315 92527 385208 -6319 247273 -149050 10860 179885 338876 197016 127504 -160172 152335 120305 -375445 -315573 317453 -96990 -27999 99582 -172004 -330083 256616 -254719 -192103 -133692 -129393 -178094 79886 18194 -157635 -452392 705350 -227110 97452 -170595 539162 -33393 -202566 -75931 81698 184680 -43095 -502297 173691 66795 -402668
-163745 120068 -215173 197417 -149075 250521 -323981 -19875 -336843 219638 -194950 464582 213718 -194645 77920 -436537 36821 344239 -210606 181009 -63478 -149014 118567 111212 149255 268664 -142614 250223 -250337 -125783 212273 153654 -18086 -419614 -114842 358490 -375825 488976 -305363 164398 -120503 95702 66782 -130770 1459 -30018 -466771 440025 -299803 -95141 -60449 -31536 284969 418178 -65559 315978 130186 146898 -213423 -5748 -281313 -232412
-79527 550091 -352679 199967 -106386 115249 -499080 74870 184941 267394 -232284 321010 -264635 308348 146502 -25432 -140315 -12362 -126261 157920 40716 -275481 237464 -278442 313017 -260634 78937 -272661 -330225 245996 -262482 56048 195464 -4268 -121392 195037 -308726 638163 -540720 304542 -475833 393039 139671 108386 64842 211701 -302596 702618 -181509 6024 54960 291174 74900 -292465 -436159 279558 -26288 210318 31937 -177537 389444 -107863
-396371 477307 -555579 338332 -218750 532479 -305357 355942 243466 380099 -256123 252583 -10764 -348137 295671 -398245 218715 -175634 480954 -315556 262024 -63370 137154 -413556 548728 -394038 -256364 262547 100354 -251788 167812 -145197 7718 -113883 -97297 428320 -322073 109759 -116364 662003 -12733 115622 48175 -353625 -58358 -90825 -309312 372106 -235698 -195326 2912 -61161 39253 424207 -4544 259930 -421660 180108 128744 -36242 -394710 421579
-148928 163206 -280391 -212986 -452442 176597 159312 82717 173233 207592 -107510 -112267 -187755 115181 127981 -57881 46254 -188631 76060 -277939 338829 -295435 198258 -110509 387060 -187038 48627 -385689 91315 537967 -195466 133147 95223 441995 -333513 412896 -369817 282397 -180568 272612 -26050 130331 102435 46331 -193072 -44936 -430457 -121458 255716 -447488 186390 230638 -171060 70027 -7645 299309 52492 214315 -241013 49652 -163998 -106962
-212595 97370 115164 82476 154785 154625 151679 -110678 236199 -263115 -78964 25645 356483 -741716 80543 -269610 328999 -242523 63139 -109465 -242671 70349 -11062 -593803 301169 157367 -230341 -94368 -76450 -395108 43112 -89128 -65597 180288 143497 -124259 -205926 29648 11220 172282 226943 -10970 -179778 147987 313536 -197129 187152 -180950 32727 -107833 -221147 379120 95402 -30724 58724 411861 -471938 136082 -390746 421221 -587762 86413
83148 -454215 389499 40325 280934 54860 -98062 111761 167490 -521727 214099 -264773 45012 306126 191322 -375306 77901 -125482 158119 -354596 316909 -279816 -136983 -192186 95632 157935 21734 -30001 -188519 235072 55062 -160011 -349591 100941 -1019 228848 -102034 197403 -528672 313908 -306988 -20324 279947 -456670 -97025 30862 -33352 176473 7089 114378 -10916 84342 -265681 184192 -8376 8116 -7220 256824 -312274 35669 236968 8296
-105770 -219935 546905 -42149 -436959 229066 140089 -218518 488308 -564891 -415954 440591 -329724 -230570 183232 -76901 226873 -108788 -31553 74501 -125247 9080 -126806 47860 -199014 171082 -440160 71969 -250826 -364356 629149 260415 -21625 -328680 228416 -328052 -18429 88704 -335924 349188 -132301 -139302 -166829 -151293 320810 -409869 303625 -389886 261971 -5802 258292 302911 -97397 -345226 3002 -109818 -128375 284529 -235529 238485 44228 -177710
271023 -10482 -217888 125446 -137391 234872 -250694 45219 175914 321620 -95097 30149 -33340 -51473 367862 -441394 -134651 387465 68697 -40236 79499 -203033 131117 409056 105309 -162055 196150 -97179 217871 -307293 -58817 345173 -317254 -414500 55484 74897 -192686 28034 -433279 607887 231132 -301089 -26022 -108554 -24418 -270917 69107 232301 29824 -371514 -5501 120534 32858 325180 -81946 32378 -129478 25336 -7222 -35773 128235 -273873
-161639 205163 190263 450790 -391811 60192 -206266 -216743 131338 -189711 -316619 297032 -130010 -322600 298131 69521 -210267 106514 -162965 -95370 -19227 71746 58531 89147 -587665 189524 168034 -130604 250612 -139740 343754 57636 113130 -332635 240473 -113570 188355 -134147 -78227 -31286 -206906 -699 134999 88848 -66979 -233381 103511 -315255 386001 -332530 1454 -141229 -169790 -238275 133975 -100211 27389 39535 -297828 343063 -94534 -494789
-341299 182497 24523 231109 72631 300981 255804 -321264 -21544 323345 151024 -411883 81370 218199 189044 -18201 -75251 408401 -112899 -220604 22942 -224595 -186626 190521 98626 -414311 679832 -409157 377508 -204177 129855 49533 -196007 361735 -196905 378394 175135 -55902 91478 -174120 153668 -412340 -186449 -173464 12782 -25833 1060 -157167 166699 -52901 -416592 506511 -291457 -46535 -113882 259963 172852 155689 -62633 -223369 217706 -107613
-217905 342033 -299616 181605 -183785 82569 9845 -144806 499964 -380949 59144 142478 -229078 333367 190993 178615 -562946 318061 126871 -251424 36230 -273820 102149 158464 -94257 -334526 280735 -79711 428318 -498977 113924 189615 -199027 -14730 205328 -56979 -55265 -66630 -266097 4140 -180618 181993 -380317 206026 -196111 -259522 -40601 -115928 -487732 -200520 -101307 56022 -191553 -12013 -28573 -265782 286228 -53201 -110269 81073 351976 -77342
