944917 661066 499717 425689 543921 528582 529024 472395 525946 480641 548282 559878 654991 589329 729506 676402 539238 366550 646682 771029 716975 558944 503541 830519 718920 510893 202384 336733 641207 641929
683964 563439 553990 450303 364801 412904 291398 328589 494639 593401 495002 553388 715952 938394 800661 683905 449746 495576 618804 577734 730476 540369 537774 698883 947815 698685 464850 472425 566114 631615
573140 563621 621738 689646 565590 443868 410574 406450 691742 611053 467987 441715 655822 838160 934701 773674 717223 711649 785063 676401 801630 549251 503896 597234 857015 861754 756612 636237 668586 647938
645358 813632 645785 798802 667884 696777 742361 668998 776602 644712 556109 497815 551673 634413 791420 742947 815047 903341 1011475 985165 878669 606921 529302 627113 805658 966954 848489 846283 631512 463958
711663 919090 746347 750870 582528 613743 729786 733112 806331 678001 744737 745714 602677 568792 496075 531142 633096 706630 920905 1034902 830237 564025 442030 481675 774847 869412 813380 844481 764080 573134
700224 858258 778924 734935 654294 586698 641591 675167 725428 722799 918868 837586 653814 457411 499218 480138 641040 498396 808281 762499 687896 578269 440375 536600 743463 796868 587646 771202 675415 505529
700763 934564 963955 922709 794177 686460 787770 715528 764406 887168 860810 822352 592131 445431 510095 699326 649054 664267 818968 657615 613060 439744 427068 511961 743187 781477 656069 732355 707493 567404
710846 842617 905870 940065 826552 858957 766321 716495 713484 715189 725597 577786 519352 354672 656031 760131 712247 805063 703623 815225 765558 699122 708487 543815 706853 735397 798993 751922 711318 788904
719966 795245 737159 800888 808873 972078 692476 724115 593646 639078 554927 605447 572359 653642 791468 662997 721688 665125 738476 909202 805242 891855 660405 557552 563726 699084 805672 672268 801985 978943
531970 650474 495954 567574 757282 788889 614284 503068 421815 601305 717066 689500 725709 797776 856051 738967 614582 550582 770098 977568 915640 882979 762265 531347 321870 637112 595747 660883 721616 725082
568539 481837 400631 526297 598441 651972 681882 514249 372897 479503 472786 666885 571382 699642 579656 621345 519782 597734 923370 859632 721718 793040 883400 604464 380234 529997 505957 631783 694329 633961
535026 480076 419211 493779 513781 794538 767839 762713 634816 558795 486519 605452 708865 718229 693988 604241 430282 580634 818885 730014 511606 636675 772226 654283 624995 555489 523328 512441 709727 576985
524980 550503 556814 744525 561755 571150 477189 722063 692189 655903 532793 677919 828164 750401 675547 588588 490600 548149 585274 580967 600522 565455 729051 730695 659085 629616 583286 510372 591501 649388
416692 436473 723596 912691 815807 678645 511997 594752 706752 701209 649294 785759 832617 751716 710583 667668 634677 452120 544584 629604 626873 589450 764005 823296 634706 597201 377684 516125 522413 565245
532421 499970 752353 834814 830821 769153 500532 573729 433491 623543 763622 919789 938557 719533 782017 737129 760565 609241 623113 612483 614635 506687 572984 646747 722049 632586 513654 618231 645779 600893
634401 633232 673067 708042 805076 781473 638306 491524 402012 588379 726917 776145 729219 646111 683336 782516 742798 702581 514253 613607 660163 542154 693814 612407 777915 704662 638518 709374 655558 807145
669141 773516 603674 627398 514283 686904 671539 536663 496412 638864 781679 760931 640135 427310 470425 594022 720912 547680 376333 481970 587357 799008 731638 677935 731072 884447 687532 610358 446131 634550
744540 803828 698907 511085 602093 717880 698643 561424 502823 562212 655613 849297 686684 505782 360022 529483 471746 440164 429768 476745 717292 873433 773052 733510 651801 725182 510813 466209 427635 478547
910337 987337 755776 580949 608231 773955 664333 692452 664238 627318 581160 946293 662993 552998 489984 560881 588384 560741 680937 711000 730950 939112 796147 888256 818288 785887 509648 469092 582600 613343
842166 1099844 775358 600857 676293 628987 571696 611901 815463 811524 849499 889664 818728 810589 760314 929807 780146 853342 953254 881044 781247 709400 679167 696914 611922 652366 497247 350855 562472 445300
1019721 1060151 964093 853722 824714 728202 547959 607033 652550 1039553 854843 919215 805982 849371 961557 928557 753801 696460 721759 781906 748055 624347 366763 470630 456591 705296 609743 536265 449947 337519
802653 787617 995127 1034675 919265 806453 622953 474527 568399 900921 769348 773232 546432 816308 836857 738923 728414 655449 397452 651806 716953 720218 461723 560678 621343 687553 433952 484662 321503 215653
476790 576250 824926 857412 815980 746243 737511 592203 657200 732470 757214 655692 569943 806915 666140 677928 813696 587507 547629 558234 654018 741064 630315 668335 811442 735920 552371 586651 432368 398245
470626 543027 717387 732153 653686 576894 655738 717896 814596 788312 763618 585164 512064 605077 394814 573676 552220 551893 770776 651320 796546 657159 770429 821625 874820 648119 616250 619173 560068 595446
456266 591681 603427 507560 537243 539142 751551 928207 884391 930242 874970 843993 702675 441839 438349 420336 424793 543352 684785 724109 722826 651781 751513 671311 825969 604215 566794 451465 605877 658330
683953 768752 522244 494639 363035 450456 620179 695842 792450 734022 728289 708734 628772 606948 587989 454033 468106 533635 670389 676854 616386 802033 704575 658869 415920 382404 562226 414685 549048 754932
846257 742110 606741 556823 655844 739209 703387 704546 738937 492504 563133 393566 628450 603410 686084 569041 496652 525656 665669 669128 773688 842286 885840 653672 445496 461996 545373 488141 541664 608574
676096 712923 613754 711981 718286 863668 883451 863602 706261 573594 437899 456335 641512 584778 667194 553888 591668 647477 824450 789410 870273 745455 839994 608175 636817 753442 658595 502269 543157 443708
495082 612708 606678 725788 528608 751614 883269 809560 825164 579578 676016 587983 732500 768838 748312 642992 590593 578266 747435 728376 741410 819895 799784 728760 759948 880399 747085 636895 521558 498110
534543 528626 639979 576403 540594 702825 622421 732123 617897 560556 799954 629687 815778 719754 855697 873590 786012 918906 766956 733673 659383 864994 686887 741472 503869 640876 595637 762107 530134 630022
