1770.000000 1806.000000 1842.000000 1878.000000 1914.000000 1950.000000 1986.000000 2022.000000 2058.000000 2094.000000 2130.000000 2166.000000 2202.000000 2238.000000 2274.000000 2310.000000 2346.000000 2382.000000 2418.000000 2454.000000 2490.000000 2526.000000 2562.000000 2598.000000 2634.000000 2670.000000 2706.000000 2742.000000 2778.000000 2814.000000
2922.000000 2958.000000 2994.000000 3030.000000 3066.000000 3102.000000 3138.000000 3174.000000 3210.000000 3246.000000 3282.000000 3318.000000 3354.000000 3390.000000 3426.000000 3462.000000 3498.000000 3534.000000 3570.000000 3606.000000 3642.000000 3678.000000 3714.000000 3750.000000 3786.000000 3822.000000 3858.000000 3894.000000 3930.000000 3966.000000
4074.000000 4110.000000 4146.000000 4182.000000 4218.000000 4254.000000 4290.000000 4326.000000 4362.000000 4398.000000 4434.000000 4470.000000 4506.000000 4542.000000 4578.000000 4614.000000 4650.000000 4686.000000 4722.000000 4758.000000 4794.000000 4830.000000 4866.000000 4902.000000 4938.000000 4974.000000 5010.000000 5046.000000 5082.000000 5118.000000
5226.000000 5262.000000 5298.000000 5334.000000 5370.000000 5406.000000 5442.000000 5478.000000 5514.000000 5550.000000 5586.000000 5622.000000 5658.000000 5694.000000 5730.000000 5766.000000 5802.000000 5838.000000 5874.000000 5910.000000 5946.000000 5982.000000 6018.000000 6054.000000 6090.000000 6126.000000 6162.000000 6198.000000 6234.000000 6270.000000
6378.000000 6414.000000 6450.000000 6486.000000 6522.000000 6558.000000 6594.000000 6630.000000 6666.000000 6702.000000 6738.000000 6774.000000 6810.000000 6846.000000 6882.000000 6918.000000 6954.000000 6990.000000 7026.000000 7062.000000 7098.000000 7134.000000 7170.000000 7206.000000 7242.000000 7278.000000 7314.000000 7350.000000 7386.000000 7422.000000
7530.000000 7566.000000 7602.000000 7638.000000 7674.000000 7710.000000 7746.000000 7782.000000 7818.000000 7854.000000 7890.000000 7926.000000 7962.000000 7998.000000 8034.000000 8070.000000 8106.000000 8142.000000 8178.000000 8214.000000 8250.000000 8286.000000 8322.000000 8358.000000 8394.000000 8430.000000 8466.000000 8502.000000 8538.000000 8574.000000
8682.000000 8718.000000 8754.000000 8790.000000 8826.000000 8862.000000 8898.000000 8934.000000 8970.000000 9006.000000 9042.000000 9078.000000 9114.000000 9150.000000 9186.000000 9222.000000 9258.000000 9294.000000 9330.000000 9366.000000 9402.000000 9438.000000 9474.000000 9510.000000 9546.000000 9582.000000 9618.000000 9654.000000 9690.000000 9726.000000
9834.000000 9870.000000 9906.000000 9942.000000 9978.000000 10014.000000 10050.000000 10086.000000 10122.000000 10158.000000 10194.000000 10230.000000 10266.000000 10302.000000 10338.000000 10374.000000 10410.000000 10446.000000 10482.000000 10518.000000 10554.000000 10590.000000 10626.000000 10662.000000 10698.000000 10734.000000 10770.000000 10806.000000 10842.000000 10878.000000
10986.000000 11022.000000 11058.000000 11094.000000 11130.000000 11166.000000 11202.000000 11238.000000 11274.000000 11310.000000 11346.000000 11382.000000 11418.000000 11454.000000 11490.000000 11526.000000 11562.000000 11598.000000 11634.000000 11670.000000 11706.000000 11742.000000 11778.000000 11814.000000 11850.000000 11886.000000 11922.000000 11958.000000 11994.000000 12030.000000
12138.000000 12174.000000 12210.000000 12246.000000 12282.000000 12318.000000 12354.000000 12390.000000 12426.000000 12462.000000 12498.000000 12534.000000 12570.000000 12606.000000 12642.000000 12678.000000 12714.000000 12750.000000 12786.000000 12822.000000 12858.000000 12894.000000 12930.000000 12966.000000 13002.000000 13038.000000 13074.000000 13110.000000 13146.000000 13182.000000
13290.000000 13326.000000 13362.000000 13398.000000 13434.000000 13470.000000 13506.000000 13542.000000 13578.000000 13614.000000 13650.000000 13686.000000 13722.000000 13758.000000 13794.000000 13830.000000 13866.000000 13902.000000 13938.000000 13974.000000 14010.000000 14046.000000 14082.000000 14118.000000 14154.000000 14190.000000 14226.000000 14262.000000 14298.000000 14334.000000
14442.000000 14478.000000 14514.000000 14550.000000 14586.000000 14622.000000 14658.000000 14694.000000 14730.000000 14766.000000 14802.000000 14838.000000 14874.000000 14910.000000 14946.000000 14982.000000 15018.000000 15054.000000 15090.000000 15126.000000 15162.000000 15198.000000 15234.000000 15270.000000 15306.000000 15342.000000 15378.000000 15414.000000 15450.000000 15486.000000
15594.000000 15630.000000 15666.000000 15702.000000 15738.000000 15774.000000 15810.000000 15846.000000 15882.000000 15918.000000 15954.000000 15990.000000 16026.000000 16062.000000 16098.000000 16134.000000 16170.000000 16206.000000 16242.000000 16278.000000 16314.000000 16350.000000 16386.000000 16422.000000 16458.000000 16494.000000 16530.000000 16566.000000 16602.000000 16638.000000
16746.000000 16782.000000 16818.000000 16854.000000 16890.000000 16926.000000 16962.000000 16998.000000 17034.000000 17070.000000 17106.000000 17142.000000 17178.000000 17214.000000 17250.000000 17286.000000 17322.000000 17358.000000 17394.000000 17430.000000 17466.000000 17502.000000 17538.000000 17574.000000 17610.000000 17646.000000 17682.000000 17718.000000 17754.000000 17790.000000
17898.000000 17934.000000 17970.000000 18006.000000 18042.000000 18078.000000 18114.000000 18150.000000 18186.000000 18222.000000 18258.000000 18294.000000 18330.000000 18366.000000 18402.000000 18438.000000 18474.000000 18510.000000 18546.000000 18582.000000 18618.000000 18654.000000 18690.000000 18726.000000 18762.000000 18798.000000 18834.000000 18870.000000 18906.000000 18942.000000
19050.000000 19086.000000 19122.000000 19158.000000 19194.000000 19230.000000 19266.000000 19302.000000 19338.000000 19374.000000 19410.000000 19446.000000 19482.000000 19518.000000 19554.000000 19590.000000 19626.000000 19662.000000 19698.000000 19734.000000 19770.000000 19806.000000 19842.000000 19878.000000 19914.000000 19950.000000 19986.000000 20022.000000 20058.000000 20094.000000
20202.000000 20238.000000 20274.000000 20310.000000 20346.000000 20382.000000 20418.000000 20454.000000 20490.000000 20526.000000 20562.000000 20598.000000 20634.000000 20670.000000 20706.000000 20742.000000 20778.000000 20814.000000 20850.000000 20886.000000 20922.000000 20958.000000 20994.000000 21030.000000 21066.000000 21102.000000 21138.000000 21174.000000 21210.000000 21246.000000
21354.000000 21390.000000 21426.000000 21462.000000 21498.000000 21534.000000 21570.000000 21606.000000 21642.000000 21678.000000 21714.000000 21750.000000 21786.000000 21822.000000 21858.000000 21894.000000 21930.000000 21966.000000 22002.000000 22038.000000 22074.000000 22110.000000 22146.000000 22182.000000 22218.000000 22254.000000 22290.000000 22326.000000 22362.000000 22398.000000
22506.000000 22542.000000 22578.000000 22614.000000 22650.000000 22686.000000 22722.000000 22758.000000 22794.000000 22830.000000 22866.000000 22902.000000 22938.000000 22974.000000 23010.000000 23046.000000 23082.000000 23118.000000 23154.000000 23190.000000 23226.000000 23262.000000 23298.000000 23334.000000 23370.000000 23406.000000 23442.000000 23478.000000 23514.000000 23550.000000
23658.000000 23694.000000 23730.000000 23766.000000 23802.000000 23838.000000 23874.000000 23910.000000 23946.000000 23982.000000 24018.000000 24054.000000 24090.000000 24126.000000 24162.000000 24198.000000 24234.000000 24270.000000 24306.000000 24342.000000 24378.000000 24414.000000 24450.000000 24486.000000 24522.000000 24558.000000 24594.000000 24630.000000 24666.000000 24702.000000
24810.000000 24846.000000 24882.000000 24918.000000 24954.000000 24990.000000 25026.000000 25062.000000 25098.000000 25134.000000 25170.000000 25206.000000 25242.000000 25278.000000 25314.000000 25350.000000 25386.000000 25422.000000 25458.000000 25494.000000 25530.000000 25566.000000 25602.000000 25638.000000 25674.000000 25710.000000 25746.000000 25782.000000 25818.000000 25854.000000
25962.000000 25998.000000 26034.000000 26070.000000 26106.000000 26142.000000 26178.000000 26214.000000 26250.000000 26286.000000 26322.000000 26358.000000 26394.000000 26430.000000 26466.000000 26502.000000 26538.000000 26574.000000 26610.000000 26646.000000 26682.000000 26718.000000 26754.000000 26790.000000 26826.000000 26862.000000 26898.000000 26934.000000 26970.000000 27006.000000
27114.000000 27150.000000 27186.000000 27222.000000 27258.000000 27294.000000 27330.000000 27366.000000 27402.000000 27438.000000 27474.000000 27510.000000 27546.000000 27582.000000 27618.000000 27654.000000 27690.000000 27726.000000 27762.000000 27798.000000 27834.000000 27870.000000 27906.000000 27942.000000 27978.000000 28014.000000 28050.000000 28086.000000 28122.000000 28158.000000
28266.000000 28302.000000 28338.000000 28374.000000 28410.000000 28446.000000 28482.000000 28518.000000 28554.000000 28590.000000 28626.000000 28662.000000 28698.000000 28734.000000 28770.000000 28806.000000 28842.000000 28878.000000 28914.000000 28950.000000 28986.000000 29022.000000 29058.000000 29094.000000 29130.000000 29166.000000 29202.000000 29238.000000 29274.000000 29310.000000
29418.000000 29454.000000 29490.000000 29526.000000 29562.000000 29598.000000 29634.000000 29670.000000 29706.000000 29742.000000 29778.000000 29814.000000 29850.000000 29886.000000 29922.000000 29958.000000 29994.000000 30030.000000 30066.000000 30102.000000 30138.000000 30174.000000 30210.000000 30246.000000 30282.000000 30318.000000 30354.000000 30390.000000 30426.000000 30462.000000
30570.000000 30606.000000 30642.000000 30678.000000 30714.000000 30750.000000 30786.000000 30822.000000 30858.000000 30894.000000 30930.000000 30966.000000 31002.000000 31038.000000 31074.000000 31110.000000 31146.000000 31182.000000 31218.000000 31254.000000 31290.000000 31326.000000 31362.000000 31398.000000 31434.000000 31470.000000 31506.000000 31542.000000 31578.000000 31614.000000
31722.000000 31758.000000 31794.000000 31830.000000 31866.000000 31902.000000 31938.000000 31974.000000 32010.000000 32046.000000 32082.000000 32118.000000 32154.000000 32190.000000 32226.000000 32262.000000 32298.000000 32334.000000 32370.000000 32406.000000 32442.000000 32478.000000 32514.000000 32550.000000 32586.000000 32622.000000 32658.000000 32694.000000 32730.000000 32766.000000
32874.000000 32910.000000 32946.000000 32982.000000 33018.000000 33054.000000 33090.000000 33126.000000 33162.000000 33198.000000 33234.000000 33270.000000 33306.000000 33342.000000 33378.000000 33414.000000 33450.000000 33486.000000 33522.000000 33558.000000 33594.000000 33630.000000 33666.000000 33702.000000 33738.000000 33774.000000 33810.000000 33846.000000 33882.000000 33918.000000
34026.000000 34062.000000 34098.000000 34134.000000 34170.000000 34206.000000 34242.000000 34278.000000 34314.000000 34350.000000 34386.000000 34422.000000 34458.000000 34494.000000 34530.000000 34566.000000 34602.000000 34638.000000 34674.000000 34710.000000 34746.000000 34782.000000 34818.000000 34854.000000 34890.000000 34926.000000 34962.000000 34998.000000 35034.000000 35070.000000
35178.000000 35214.000000 35250.000000 35286.000000 35322.000000 35358.000000 35394.000000 35430.000000 35466.000000 35502.000000 35538.000000 35574.000000 35610.000000 35646.000000 35682.000000 35718.000000 35754.000000 35790.000000 35826.000000 35862.000000 35898.000000 35934.000000 35970.000000 36006.000000 36042.000000 36078.000000 36114.000000 36150.000000 36186.000000 36222.000000
1770.000000 1806.000000 1842.000000 1878.000000 1914.000000 1950.000000 1986.000000 2022.000000 2058.000000 2094.000000 2130.000000 2166.000000 2202.000000 2238.000000 2274.000000 2310.000000 2346.000000 2382.000000 2418.000000 2454.000000 2490.000000 2526.000000 2562.000000 2598.000000 2634.000000 2670.000000 2706.000000 2742.000000 2778.000000 2814.000000
2922.000000 2958.000000 2994.000000 3030.000000 3066.000000 3102.000000 3138.000000 3174.000000 3210.000000 3246.000000 3282.000000 3318.000000 3354.000000 3390.000000 3426.000000 3462.000000 3498.000000 3534.000000 3570.000000 3606.000000 3642.000000 3678.000000 3714.000000 3750.000000 3786.000000 3822.000000 3858.000000 3894.000000 3930.000000 3966.000000
4074.000000 4110.000000 4146.000000 4182.000000 4218.000000 4254.000000 4290.000000 4326.000000 4362.000000 4398.000000 4434.000000 4470.000000 4506.000000 4542.000000 4578.000000 4614.000000 4650.000000 4686.000000 4722.000000 4758.000000 4794.000000 4830.000000 4866.000000 4902.000000 4938.000000 4974.000000 5010.000000 5046.000000 5082.000000 5118.000000
5226.000000 5262.000000 5298.000000 5334.000000 5370.000000 5406.000000 5442.000000 5478.000000 5514.000000 5550.000000 5586.000000 5622.000000 5658.000000 5694.000000 5730.000000 5766.000000 5802.000000 5838.000000 5874.000000 5910.000000 5946.000000 5982.000000 6018.000000 6054.000000 6090.000000 6126.000000 6162.000000 6198.000000 6234.000000 6270.000000
6378.000000 6414.000000 6450.000000 6486.000000 6522.000000 6558.000000 6594.000000 6630.000000 6666.000000 6702.000000 6738.000000 6774.000000 6810.000000 6846.000000 6882.000000 6918.000000 6954.000000 6990.000000 7026.000000 7062.000000 7098.000000 7134.000000 7170.000000 7206.000000 7242.000000 7278.000000 7314.000000 7350.000000 7386.000000 7422.000000
7530.000000 7566.000000 7602.000000 7638.000000 7674.000000 7710.000000 7746.000000 7782.000000 7818.000000 7854.000000 7890.000000 7926.000000 7962.000000 7998.000000 8034.000000 8070.000000 8106.000000 8142.000000 8178.000000 8214.000000 8250.000000 8286.000000 8322.000000 8358.000000 8394.000000 8430.000000 8466.000000 8502.000000 8538.000000 8574.000000
8682.000000 8718.000000 8754.000000 8790.000000 8826.000000 8862.000000 8898.000000 8934.000000 8970.000000 9006.000000 9042.000000 9078.000000 9114.000000 9150.000000 9186.000000 9222.000000 9258.000000 9294.000000 9330.000000 9366.000000 9402.000000 9438.000000 9474.000000 9510.000000 9546.000000 9582.000000 9618.000000 9654.000000 9690.000000 9726.000000
9834.000000 9870.000000 9906.000000 9942.000000 9978.000000 10014.000000 10050.000000 10086.000000 10122.000000 10158.000000 10194.000000 10230.000000 10266.000000 10302.000000 10338.000000 10374.000000 10410.000000 10446.000000 10482.000000 10518.000000 10554.000000 10590.000000 10626.000000 10662.000000 10698.000000 10734.000000 10770.000000 10806.000000 10842.000000 10878.000000
10986.000000 11022.000000 11058.000000 11094.000000 11130.000000 11166.000000 11202.000000 11238.000000 11274.000000 11310.000000 11346.000000 11382.000000 11418.000000 11454.000000 11490.000000 11526.000000 11562.000000 11598.000000 11634.000000 11670.000000 11706.000000 11742.000000 11778.000000 11814.000000 11850.000000 11886.000000 11922.000000 11958.000000 11994.000000 12030.000000
12138.000000 12174.000000 12210.000000 12246.000000 12282.000000 12318.000000 12354.000000 12390.000000 12426.000000 12462.000000 12498.000000 12534.000000 12570.000000 12606.000000 12642.000000 12678.000000 12714.000000 12750.000000 12786.000000 12822.000000 12858.000000 12894.000000 12930.000000 12966.000000 13002.000000 13038.000000 13074.000000 13110.000000 13146.000000 13182.000000
13290.000000 13326.000000 13362.000000 13398.000000 13434.000000 13470.000000 13506.000000 13542.000000 13578.000000 13614.000000 13650.000000 13686.000000 13722.000000 13758.000000 13794.000000 13830.000000 13866.000000 13902.000000 13938.000000 13974.000000 14010.000000 14046.000000 14082.000000 14118.000000 14154.000000 14190.000000 14226.000000 14262.000000 14298.000000 14334.000000
14442.000000 14478.000000 14514.000000 14550.000000 14586.000000 14622.000000 14658.000000 14694.000000 14730.000000 14766.000000 14802.000000 14838.000000 14874.000000 14910.000000 14946.000000 14982.000000 15018.000000 15054.000000 15090.000000 15126.000000 15162.000000 15198.000000 15234.000000 15270.000000 15306.000000 15342.000000 15378.000000 15414.000000 15450.000000 15486.000000
15594.000000 15630.000000 15666.000000 15702.000000 15738.000000 15774.000000 15810.000000 15846.000000 15882.000000 15918.000000 15954.000000 15990.000000 16026.000000 16062.000000 16098.000000 16134.000000 16170.000000 16206.000000 16242.000000 16278.000000 16314.000000 16350.000000 16386.000000 16422.000000 16458.000000 16494.000000 16530.000000 16566.000000 16602.000000 16638.000000
16746.000000 16782.000000 16818.000000 16854.000000 16890.000000 16926.000000 16962.000000 16998.000000 17034.000000 17070.000000 17106.000000 17142.000000 17178.000000 17214.000000 17250.000000 17286.000000 17322.000000 17358.000000 17394.000000 17430.000000 17466.000000 17502.000000 17538.000000 17574.000000 17610.000000 17646.000000 17682.000000 17718.000000 17754.000000 17790.000000
17898.000000 17934.000000 17970.000000 18006.000000 18042.000000 18078.000000 18114.000000 18150.000000 18186.000000 18222.000000 18258.000000 18294.000000 18330.000000 18366.000000 18402.000000 18438.000000 18474.000000 18510.000000 18546.000000 18582.000000 18618.000000 18654.000000 18690.000000 18726.000000 18762.000000 18798.000000 18834.000000 18870.000000 18906.000000 18942.000000
19050.000000 19086.000000 19122.000000 19158.000000 19194.000000 19230.000000 19266.000000 19302.000000 19338.000000 19374.000000 19410.000000 19446.000000 19482.000000 19518.000000 19554.000000 19590.000000 19626.000000 19662.000000 19698.000000 19734.000000 19770.000000 19806.000000 19842.000000 19878.000000 19914.000000 19950.000000 19986.000000 20022.000000 20058.000000 20094.000000
20202.000000 20238.000000 20274.000000 20310.000000 20346.000000 20382.000000 20418.000000 20454.000000 20490.000000 20526.000000 20562.000000 20598.000000 20634.000000 20670.000000 20706.000000 20742.000000 20778.000000 20814.000000 20850.000000 20886.000000 20922.000000 20958.000000 20994.000000 21030.000000 21066.000000 21102.000000 21138.000000 21174.000000 21210.000000 21246.000000
21354.000000 21390.000000 21426.000000 21462.000000 21498.000000 21534.000000 21570.000000 21606.000000 21642.000000 21678.000000 21714.000000 21750.000000 21786.000000 21822.000000 21858.000000 21894.000000 21930.000000 21966.000000 22002.000000 22038.000000 22074.000000 22110.000000 22146.000000 22182.000000 22218.000000 22254.000000 22290.000000 22326.000000 22362.000000 22398.000000
22506.000000 22542.000000 22578.000000 22614.000000 22650.000000 22686.000000 22722.000000 22758.000000 22794.000000 22830.000000 22866.000000 22902.000000 22938.000000 22974.000000 23010.000000 23046.000000 23082.000000 23118.000000 23154.000000 23190.000000 23226.000000 23262.000000 23298.000000 23334.000000 23370.000000 23406.000000 23442.000000 23478.000000 23514.000000 23550.000000
23658.000000 23694.000000 23730.000000 23766.000000 23802.000000 23838.000000 23874.000000 23910.000000 23946.000000 23982.000000 24018.000000 24054.000000 24090.000000 24126.000000 24162.000000 24198.000000 24234.000000 24270.000000 24306.000000 24342.000000 24378.000000 24414.000000 24450.000000 24486.000000 24522.000000 24558.000000 24594.000000 24630.000000 24666.000000 24702.000000
24810.000000 24846.000000 24882.000000 24918.000000 24954.000000 24990.000000 25026.000000 25062.000000 25098.000000 25134.000000 25170.000000 25206.000000 25242.000000 25278.000000 25314.000000 25350.000000 25386.000000 25422.000000 25458.000000 25494.000000 25530.000000 25566.000000 25602.000000 25638.000000 25674.000000 25710.000000 25746.000000 25782.000000 25818.000000 25854.000000
25962.000000 25998.000000 26034.000000 26070.000000 26106.000000 26142.000000 26178.000000 26214.000000 26250.000000 26286.000000 26322.000000 26358.000000 26394.000000 26430.000000 26466.000000 26502.000000 26538.000000 26574.000000 26610.000000 26646.000000 26682.000000 26718.000000 26754.000000 26790.000000 26826.000000 26862.000000 26898.000000 26934.000000 26970.000000 27006.000000
27114.000000 27150.000000 27186.000000 27222.000000 27258.000000 27294.000000 27330.000000 27366.000000 27402.000000 27438.000000 27474.000000 27510.000000 27546.000000 27582.000000 27618.000000 27654.000000 27690.000000 27726.000000 27762.000000 27798.000000 27834.000000 27870.000000 27906.000000 27942.000000 27978.000000 28014.000000 28050.000000 28086.000000 28122.000000 28158.000000
28266.000000 28302.000000 28338.000000 28374.000000 28410.000000 28446.000000 28482.000000 28518.000000 28554.000000 28590.000000 28626.000000 28662.000000 28698.000000 28734.000000 28770.000000 28806.000000 28842.000000 28878.000000 28914.000000 28950.000000 28986.000000 29022.000000 29058.000000 29094.000000 29130.000000 29166.000000 29202.000000 29238.000000 29274.000000 29310.000000
29418.000000 29454.000000 29490.000000 29526.000000 29562.000000 29598.000000 29634.000000 29670.000000 29706.000000 29742.000000 29778.000000 29814.000000 29850.000000 29886.000000 29922.000000 29958.000000 29994.000000 30030.000000 30066.000000 30102.000000 30138.000000 30174.000000 30210.000000 30246.000000 30282.000000 30318.000000 30354.000000 30390.000000 30426.000000 30462.000000
30570.000000 30606.000000 30642.000000 30678.000000 30714.000000 30750.000000 30786.000000 30822.000000 30858.000000 30894.000000 30930.000000 30966.000000 31002.000000 31038.000000 31074.000000 31110.000000 31146.000000 31182.000000 31218.000000 31254.000000 31290.000000 31326.000000 31362.000000 31398.000000 31434.000000 31470.000000 31506.000000 31542.000000 31578.000000 31614.000000
31722.000000 31758.000000 31794.000000 31830.000000 31866.000000 31902.000000 31938.000000 31974.000000 32010.000000 32046.000000 32082.000000 32118.000000 32154.000000 32190.000000 32226.000000 32262.000000 32298.000000 32334.000000 32370.000000 32406.000000 32442.000000 32478.000000 32514.000000 32550.000000 32586.000000 32622.000000 32658.000000 32694.000000 32730.000000 32766.000000
32874.000000 32910.000000 32946.000000 32982.000000 33018.000000 33054.000000 33090.000000 33126.000000 33162.000000 33198.000000 33234.000000 33270.000000 33306.000000 33342.000000 33378.000000 33414.000000 33450.000000 33486.000000 33522.000000 33558.000000 33594.000000 33630.000000 33666.000000 33702.000000 33738.000000 33774.000000 33810.000000 33846.000000 33882.000000 33918.000000
34026.000000 34062.000000 34098.000000 34134.000000 34170.000000 34206.000000 34242.000000 34278.000000 34314.000000 34350.000000 34386.000000 34422.000000 34458.000000 34494.000000 34530.000000 34566.000000 34602.000000 34638.000000 34674.000000 34710.000000 34746.000000 34782.000000 34818.000000 34854.000000 34890.000000 34926.000000 34962.000000 34998.000000 35034.000000 35070.000000
35178.000000 35214.000000 35250.000000 35286.000000 35322.000000 35358.000000 35394.000000 35430.000000 35466.000000 35502.000000 35538.000000 35574.000000 35610.000000 35646.000000 35682.000000 35718.000000 35754.000000 35790.000000 35826.000000 35862.000000 35898.000000 35934.000000 35970.000000 36006.000000 36042.000000 36078.000000 36114.000000 36150.000000 36186.000000 36222.000000
