95 21 175 180 71 184 253 12 116 218 149 11 120 176 255 51 72 10 76 94 254 10 84 196 59 45 55 202 11 101 38 181
157 192 226 144 55 138 197 251 13 175 120 185 159 106 19 238 90 79 130 39 185 81 13 189 205 240 196 250 82 170 189 247
172 204 77 157 189 91 41 218 173 86 205 102 54 48 40 112 242 121 102 38 250 248 103 218 169 207 170 203 3 70 225 5
169 130 18 48 95 234 156 254 15 25 187 209 250 95 18 220 229 49 116 228 52 209 48 189 199 182 240 95 212 111 241 146
51 48 199 141 87 34 157 245 29 12 160 82 193 190 46 102 107 196 246 218 238 149 229 251 156 120 151 62 145 37 123 7
137 155 6 234 138 190 91 107 170 225 205 208 106 73 125 79 108 135 117 218 112 144 65 204 155 149 230 133 26 185 63 198
18 112 76 240 91 220 170 71 117 171 47 77 17 250 249 178 225 76 128 35 5 18 167 144 146 255 22 132 112 142 172 81
19 234 252 166 89 242 59 254 86 183 136 42 6 220 70 63 123 191 199 125 207 186 20 70 48 183 241 204 131 110 221 6
225 148 205 114 223 215 231 68 123 38 200 159 164 123 32 29 56 219 144 178 178 230 148 231 99 27 32 233 235 230 116 109
147 130 183 86 250 235 218 158 192 156 218 183 201 249 102 184 178 17 29 4 36 44 179 238 15 246 196 55 134 206 111 229
188 168 188 154 150 249 154 254 205 126 247 31 103 131 46 4 33 241 109 119 112 162 123 129 63 29 69 164 229 201 32 72
155 23 48 153 191 18 209 48 31 168 33 168 75 70 170 46 45 62 134 138 142 90 185 210 132 160 179 190 253 200 146 229
58 7 207 225 45 161 74 211 9 214 232 32 111 205 219 90 147 151 122 36 99 53 87 36 213 106 27 218 191 1 65 85
128 61 159 215 18 100 246 174 167 206 202 176 254 142 62 198 106 114 65 186 216 68 95 74 162 22 217 84 8 81 167 148
183 62 91 25 144 6 22 253 77 35 9 255 43 176 102 97 237 220 194 198 139 199 87 146 20 204 19 195 243 71 121 8
96 68 96 236 248 55 218 210 4 23 168 180 245 53 29 196 105 210 60 56 139 63 22 137 10 225 159 220 197 144 233 129
104 196 183 60 156 32 201 137 156 58 127 1 158 177 204 23 155 201 154 226 246 73 34 216 243 240 14 220 130 88 221 50
18 151 149 224 29 28 183 245 231 22 118 82 156 165 11 105 49 29 73 189 222 229 93 121 162 14 65 182 41 53 31 174
139 185 14 101 108 183 202 136 71 135 61 135 3 91 148 199 25 66 42 39 11 162 128 103 147 31 27 137 89 28 150 157
97 189 110 163 172 143 181 131 52 202 96 220 136 197 209 147 56 10 239 31 66 31 236 69 139 36 241 214 186 223 227 66
151 23 239 250 195 205 29 197 63 159 138 226 106 12 197 6 18 16 202 215 76 140 31 223 159 242 222 246 232 23 153 148
143 103 12 108 11 249 24 45 115 11 189 224 21 132 80 146 86 201 38 26 44 72 66 111 61 170 213 58 91 203 187 123
230 62 99 176 244 80 117 150 68 214 7 192 246 159 248 21 245 119 100 73 220 127 249 175 68 31 36 20 152 211 233 134
171 157 64 217 98 230 219 86 189 66 93 255 109 201 162 140 164 129 220 10 125 108 207 33 4 108 207 238 91 84 192 214
201 60 191 0 38 161 14 152 83 248 50 146 202 98 2 29 207 91 65 230 69 54 203 126 193 171 112 152 44 188 65 110
52 2 109 222 48 138 76 143 166 247 201 63 85 132 169 215 101 41 136 156 128 136 215 67 103 27 94 51 50 145 1 177
64 196 156 165 86 187 200 98 110 84 43 145 36 187 34 65 111 237 106 43 23 28 1 37 80 221 13 78 75 152 101 177
189 210 25 106 93 37 5 91 22 220 72 0 53 57 37 136 95 159 36 20 134 8 252 142 240 7 67 119 45 88 92 74
35 152 212 243 218 239 233 88 45 202 27 222 133 117 80 134 88 86 100 34 201 248 6 156 61 33 143 103 53 37 56 119
90 251 109 176 54 232 120 176 126 131 19 194 84 0 112 230 125 235 78 228 205 124 244 149 29 219 241 13 68 31 245 47
122 101 128 242 135 39 40 36 2 11 24 173 120 16 171 162 31 56 12 83 246 193 223 70 150 103 246 130 85 71 170 188
106 204 232 108 137 81 23 130 107 141 44 161 201 7 46 119 138 246 46 123 47 179 235 29 159 29 190 108 155 40 153 106
