-1686
-576
-3583
946
-1074
-768
-241
-588
-970
552
-993
-651
-2061
1909
-2300
1746
-1500
561
190
-654
2327
1277
-1687
424
-1496
-257
-366
358
-2068
828
1352
3279
-1125
753
630
-1886
-254
-1018
97
152
133
-1279
1128
-1337
-81
741
-282
-705
612
1211
141
-1746
212
-1511
170
108
-840
2190
1175
-1177
1738
1421
2009
-843
-1469
1640
-1317
1365
-639
2714
3826
543
1196
3411
593
1307
888
-667
-528
2073
605
-1222
1846
738
-1839
637
1047
-2028
980
1198
-1109
-803
-2182
2147
-253
2239
2169
-1433
-285
-2620
85
502
-447
-2422
-1570
129
-261
-228
789
-2252
-1777
-205
-403
-431
-351
723
-1886
-615
-1022
1520
309
-1143
558
-274
57
1316
-85
-336
995
12
380
1822
-163
2684
-2218
-285
-1407
-827
-1225
519
813
-131
728
-2466
980
-1119
381
2357
-1148
1283
-1073
-1837
1200
2484
2548
94
899
338
-4007
1065
-943
-1910
2008
-2928
1745
1929
-2454
3102
495
1283
-1554
3142
999
1998
3223
184
184
-1224
202
-2165
1990
-985
-1773
-606
-2787
-614
-153
1161
-1061
1834
800
-1859
2254
1405
1185
-2667
2216
-501
-5006
-335
-775
1613
-3463
460
-166
-561
-1032
800
2346
910
-1441
-1039
-2822
465
1353
-213
-487
-2148
901
-1115
-194
1187
-720
-2227
4325
-1261
3084
-2023
3524
-1949
694
-1453
-1185
2908
-2385
2711
-136
600
-1207
-1829
606
1953
3495
-820
-117
1848
206
2408
1355
1499
-1883
1680
-2340
2314
-2378
1459
-1277
1216
-1847
-972
-1035
1673
1862
44
-661
893
-1056
1392
-7
1836
-825
-2457
1217
69
-689
3447
-3251
1193
-1648
-1953
687
-2136
-1208
1771
-1423
2229
312
4060
852
-956
818
-2024
-440
-2026
1897
-745
701
1422
-1862
1347
265
402
-2217
-1924
1214
-3907
2238
-3705
1846
-171
-1869
-205
8
-2517
1304
-1740
1752
-1571
2732
-682
519
-1457
1804
-1041
877
1951
-2743
510
210
-1939
1541
-1506
2559
3084
546
1967
-935
-1977
896
545
1095
-450
1881
214
-613
-2244
-287
-98
-3622
1638
-1093
1040
849
-509
689
-701
1507
-627
2876
1828
2058
2386
-493
517
-2746
2133
-1340
2690
1988
-3362
-164
-59
-3087
-186
1111
-545
333
1613
1781
-1474
-1454
3344
-4135
-2047
987
-1423
460
58
-1532
-2470
-2874
1411
-138
-453
1984
-3580
-199
1660
356
1620
1311
211
1343
-489
1182
-365
541
389
-1672
3576
-1729
2110
-2216
754
-860
1827
134
-977
-1090
340
-488
-1234
2493
-3275
2280
-848
-711
1088
-238
464
810
1800
990
28
-1045
1510
-1189
116
-1386
761
2593
-1356
2259
772
-936
-1033
-4279
2118
-918
1507
129
-1858
139
1454
-685
-459
2411
-1371
-2584
586
-214
-262
-1203
-536
-3794
312
-1706
790
2172
1339
787
53
1134
-2442
2139
366
2016
-1344
-1194
1804
2000
1499
-21
1459
285
59
-1224
-1483
608
2579
-328
1647
-298
-2036
2534
5
2852
-539
1167
-677
-1342
368
-132
3143
-635
-2409
141
1249
-1450
884
155
1060
-1631
244
-4218
1964
362
-788
1242
-700
234
-1238
2898
4581
-2494
-10
-733
-1581
2523
2147
247
-968
-1673
-365
2057
395
-531
-5
-287
-1965
-1166
-522
844
-1017
-1355
1621
292
519
-2539
1256
4396
-1773
-1715
426
-773
-622
423
1939
287
2007
-28
-252
3641
-839
1946
-903
882
-498
2542
2978
-340
-153
1375
-11
-446
-1473
-1050
714
-2012
231
-825
2720
2282
-2520
1225
-709
-331
340
-1194
-4120
2619
-1320
-1832
711
257
1959
-70
-169
128
-3383
-370
391
-666
3282
3243
261
1685
367
-848
-1205
1442
650
-244
-2332
1086
-190
-274
229
1447
-299
1626
1717
-2219
1469
441
-1880
1537
2724
994
-128
1248
1206
18
-1887
-1720
705
-1916
-1862
2104
-1307
52
-198
1206
2849
922
-1366
450
-1078
-1443
-324
-656
3101
-354
-1260
-2476
1912
-1651
59
2757
-2050
-782
-2495
-1506
-455
271
-1085
1297
671
-792
1385
-592
868
-599
1534
-2481
2701
-1570
777
-1620
1341
918
-366
1661
-881
-1519
878
-708
-1229
996
2337
685
-269
163
-23
930
325
681
-2556
1219
-1088
-1354
-1547
2422
-315
1070
681
-52
232
-2742
-1322
2086
340
1040
-863
412
-1814
869
-238
-1058
-2011
1049
-1515
308
-1151
852
-765
-51
1179
814
1061
3144
-1622
-14
-622
1032
544
692
-511
-1310
360
-365
-437
-833
2861
-689
132
471
718
-869
2632
-2644
2249
-2520
2474
-923
364
1177
-917
2825
-967
-718
-743
-492
-2193
-2943
-2219
798
-986
2855
-1285
799
-1407
-366
-1311
2931
-888
-1290
-499
1801
-1
890
-1492
-1314
1583
-1413
375
-2749
623
352
610
-2415
-1734
-1711
1633
1136
-458
-176
114
964
1251
1542
1176
3785
1056
-192
619
1729
-1078
-333
-1307
2822
-1673
2593
-956
1476
14
-3051
3658
-2756
1634
3135
1434
-40
-1040
-1277
361
435
-18
282
310
-1463
2436
-3233
1290
1033
2137
-2158
3571
-2699
-903
-1341
199
76
-1116
3000
-2248
504
918
-858
-148
-1326
552
25
1642
474
218
-977
-551
-236
-328
399
688
46
-856
554
-1322
3280
-1329
1265
-2787
-1144
430
-2922
3556
-1683
3452
2153
-140
1291
-1129
1925
2970
-520
-625
1410
-742
189
1174
-1184
-142
101
1767
-981
563
-2182
-155
-166
-1179
724
683
1867
664
122
379
-3284
194
-294
-1073
225
2000
3091
3250
-263
1181
-3908
502
-3512
855
1205
-2088
4002
1966
-418
2196
-1994
2191
449
1250
865
3085
-192
-1293
-2411
-86
3
-133
2661
2378
-1031
2109
1203
-1355
1324
1110
1412
1096
-1167
1623
1842
1122
-61
-328
685
4051
1599
-1035
-2022
122
246
2098
-3714
-4072
-1001
768
1549
1709
726
2046
-2157
-757
-1781
-2225
-1237
-1557
-2723
-68
1156
39
-86
2237
-3866
-1101
-1730
1297
2094
-1580
-1644
-1078
859
-451
-2637
191
1329
892
-3559
370
-618
-4743
2730
-1244
-1998
-464
-203
-1870
-1292
-998
-2536
-1096
1105
1058
15
-774
-1212
-281
1016
1932
1974
-887
-126
3391
-2382
-2362
1083
-956
-1471
-3043
-1001
1451
269
-2599
-1798
-567
1093
1612
1422
-141
-1883
-155
1012
-283
1925
948
43
-2798
757
1141
2215
1840
-1149
529
1307
-118
527
-3163
-2552
-2735
-482
2035
-770
1312
109
637
1667
-1955
363
-993
2123
837
-1986
-2324
-310
-1233
-3512
89
871
-2212
1488
892
1143
-1973
1310
1520
-1242
-1557
-409
1710
752
-1602
-1907
1365
-530
218
-865
-3959
-1107
-1818
1762
1606
2206
62
-1361
-1405
-1872
1368
379
-808
-2505
697
449
37
3088
3085
922
1497
2981
526
-2072
72
364
-2794
-830
66
-4437
881
1907
-2614
584
1079
1377
-1631
1086
4826
2145
2561
-2457
-1098
-1526
774
-81
2543
-3165
-1774
2335
515
542
-912
-2026
-381
-1311
1169
1770
552
-695
1469
-3881
1947
-1828
-1012
1460
1986
3258
1089
-1428
-2499
473
-315
384
-877
-1777
178
323
-407
-194
510
-2507
-1450
-1366
-313
1283
2344
4876
334
2270
305
-2636
-297
-3792
-2180
227
-240
1879
-397
-2188
-2825
1016
-2003
-1444
-1680
-1853
1176
2560
3167
147
-1512
837
-345
213
-1139
3720
-365
-310
893
133
-286
4664
-164
-1164
-4329
-18
691
51
241
841
-405
650
-1562
-934
2402
-924
-1395
1871
56
989
4
970
1370
-207
2547
1993
-122
1554
-1299
-1785
777
2952
1656
2494
1639
-657
2844
-1746
-1274
-815
-180
-1712
-345
372
-2261
815
-1845
-3098
-2496
-2380
247
-1321
228
-123
1852
-311
-1054
3181
1382
-507
1155
-820
308
1984
5704
1831
-1845
-1560
436
-475
2349
187
-1541
1004
-245
1050
-615
-2149
2253
-1150
-1531
1389
-3055
-774
-2510
-1996
-792
-3106
-2412
-69
-557
-1329
2332
1446
-1608
-2427
-1060
-115
1597
1889
1693
1315
313
641
755
883
982
145
-1035
-1043
-1791
2629
-102
112
319
-1660
187
-4374
-2420
865
-1388
-867
1764
-364
-351
-1443
-78
3590
-3138
-1877
-54
2359
2849
110
522
-1388
270
1799
957
660
-2418
-3427
1733
487
-1647
2667
1142
875
2325
-129
2948
81
2833
1281
1263
1056
-2643
-3142
-2570
-1024
1018
2445
208
2239
-2041
742
1432
747
-1324
-1200
-1180
-1633
-47
-806
-572
802
722
-401
1814
-2334
-786
2466
-3390
-762
-4233
1509
-615
-923
316
940
1758
-1865
-1949
2315
943
2710
240
-1122
453
-1901
1412
-407
-407
-2195
789
-439
-1350
701
-3389
128
-1085
-2078
-730
-1223
-642
126
-691
2734
2062
-1411
-828
-2071
-896
289
3084
1705
-476
-213
3014
5107
2140
213
-530
126
-494
-8
-65
90
-861
2194
809
-501
1157
1489
763
-1970
-2534
-123
249
-2347
-3351
-346
-175
963
1670
-497
-2517
-958
-539
1802
746
562
1290
2894
243
-2272
-840
-54
3009
-860
-3076
2676
-1310
1139
739
120
1740
179
-2415
-806
2049
-1809
-2832
-1347
1729
1310
-15
1225
366
-2335
-3531
339
-658
-2437
473
3090
1143
-1279
-2489
-1664
-1495
2686
685
-1924
-492
-1285
1438
-337
-807
-448
2683
-866
-927
-1090
-2307
-1524
58
1068
-623
-2253
-3538
-397
-337
-614
1340
2912
-271
1169
-496
-2452
1821
274
-499
2664
1338
-821
1071
586
1506
1296
-457
274
-662
-1346
-1600
-781
-1822
2989
-699
183
776
-382
953
2738
-842
-1271
1202
-1911
-2719
-605
-1687
-896
-437
-42
720
-557
800
2271
-541
-2366
-1691
2378
2182
635
-1559
77
148
-235
-710
1095
1758
1358
98
114
0
-784
606
289
-1523
186
-1952
-277
-3113
-1194
1835
645
1839
-1675
-3016
-1796
2204
1519
1912
1542
-44
1164
-32
-666
-583
625
227
1513
42
-1917
373
-655
-1808
-1116
1049
930
-1343
-2227
-383
510
1814
1140
1054
-1233
-377
915
1634
-676
-1291
-1982
1342
2836
1595
-506
434
-655
2396
-507
-1621
-1634
854
626
-2055
-394
1933
2846
334
2655
1130
-454
-2637
-1008
558
1345
1547
934
-318
77
-981
-687
-61
-1107
-2259
-48
-898
1950
2103
-1722
-401
1116
2029
-1450
3001
2944
1565
1739
2802
2375
844
1788
-2888
-3606
-515
-1168
-1320
-531
-2424
-2484
-43
288
-661
-2117
495
1014
-1957
525
-2183
1190
1019
2098
820
-3685
275
-605
-676
-1275
-135
559
1964
-144
445
-274
1352
167
214
-2854
132
-1500
-2542
1212
734
-2260
1150
-3993
-1022
-1614
-902
1030
-2083
-78
558
-129
-534
-545
1915
-24
-80
-1100
200
593
601
701
-479
238
385
-1523
-240
407
-1325
-1473
-2167
2393
151
-71
-1029
-1243
212
-2489
-2252
-3616
-1061
1962
1650
-1330
-2683
-2238
-1486
641
-1128
-1010
1868
1466
-903
-648
689
1550
2713
-447
384
-999
-2733
434
1196
-286
2531
1823
763
-2173
-227
-182
679
-648
508
-485
-934
-1300
1654
-9
1237
-927
-1220
-733
-814
-868
-1962
-1436
1572
-2181
-792
1215
-148
-2448
-1746
2396
1157
-35
-477
-1005
801
272
195
740
-1282
217
-60
-640
-841
904
136
126
-205
-93
-588
-1706
772
-538
214
-131
-382
-401
152
1298
879
344
969
827
-179
4
1563
218
-1257
-1059
-615
55
1377
115
446
-748
-906
-576
204
-410
-60
-1927
-465
-327
-1451
969
-1254
-1671
-490
133
-59
-617
-1171
-333
512
370
-150
2866
288
-1034
102
1601
698
957
-906
693
1078
-637
-770
805
-359
1454
1222
-356
1549
-474
1410
-832
-922
540
598
679
-1169
-1460
-177
-200
863
-793
225
-725
-763
-1068
296
-1788
555
-411
-718
417
559
-784
90
-1082
1657
-881
-65
1318
-1118
-415
-398
-751
650
1463
-743
-1739
-338
846
-213
2208
-863
-641
-128
-440
-798
403
304
1874
687
746
-61
-18
-1021
3177
191
-970
436
-105
183
268
699
1030
-1067
-50
-495
1231
225
437
712
-159
-710
477
1184
-1145
-290
-310
802
86
980
-327
1239
419
896
-1175
913
-815
958
-227
-367
-337
-595
-793
-405
931
-32
507
150
-2249
1268
1383
602
1406
-96
1636
-476
-880
-27
614
-1097
-209
1389
1499
-1495
-64
-974
-699
-1845
979
-304
289
605
567
1184
214
939
-1261
-83
1915
-1199
40
-1846
-411
-768
-1411
1109
-201
1223
-67
-90
1004
684
2332
9
-423
-56
1694
194
305
1984
-198
129
-63
-98
588
446
1095
622
630
1288
-238
-26
-482
-366
657
-1927
355
632
-205
-695
333
1487
-200
1318
-1697
306
1236
373
2046
-296
1542
-108
807
906
-511
1122
42
1162
1085
-112
-977
-1238
1182
-413
-1603
676
-1194
-356
216
-1081
889
348
891
-729
255
723
1140
-1354
192
166
-1022
946
-369
-1773
973
870
-1058
-1034
221
-977
-1602
-1202
354
-18
-250
142
69
-650
44
91
-1122
-826
-1436
1372
352
1112
-222
21
-261
396
796
-942
-650
-229
-585
-160
1003
717
974
149
-1181
706
2926
977
775
2864
88
651
-1317
-69
-306
-1670
-143
-166
3029
186
828
1146
1393
-985
-1813
-597
-913
-117
-219
429
-958
-218
139
275
929
737
-692
570
565
526
171
-923
-361
766
1430
74
1072
-419
-1
-184
609
1071
454
-234
447
-1320
-1032
-226
-629
557
751
767
519
-615
-1626
-920
991
1144
1514
-317
-1331
-144
-2500
-631
141
-750
1697
240
1734
1143
1037
1104
44
291
-178
1384
-831
-916
-4
256
979
1670
-1924
532
1058
-1791
502
291
285
4
361
1997
-1011
-1657
-10
-857
451
982
994
-1070
-141
-993
1044
-543
1850
-116
570
557
1707
864
480
-268
-914
-56
1170
1339
-678
-625
1109
1060
1634
1125
475
-1891
-347
-184
495
1152
1592
-870
-740
647
1344
395
2032
-1172
-726
243
969
1341
550
524
0
901
-632
-1405
-146
-1113
922
1244
492
1238
-364
779
580
131
993
-1958
-70
172
398
1327
-890
55
-110
279
929
571
-275
642
-170
299
557
-784
414
-785
-502
-342
-39
-412
-72
1605
612
-435
-552
-513
-9
1888
416
1123
-301
949
2020
-1325
186
-533
2378
9
488
-632
1680
422
548
-1585
-613
-84
-1416
-962
824
505
-324
1114
885
-720
221
-771
115
482
1614
862
1259
592
-681
437
-353
-202
1768
1609
103
-1884
-1036
654
383
-192
418
-1165
-503
-674
-506
985
124
1039
-1072
1196
89
-325
-2315
383
937
-435
-905
1076
-816
84
943
383
45
744
671
494
-233
778
549
-145
402
-456
280
-1291
428
124
1196
470
-740
-157
1647
-935
-767
-1557
1329
1405
1175
492
1102
-1005
-331
1268
373
214
804
-88
-690
-1405
-401
-1144
-834
627
-811
1153
1134
473
691
694
20
2141
1388
455
-745
31
649
1592
-503
277
-139
-940
-383
1104
155
409
-1140
621
-496
-68
-898
-296
262
187
1104
-259
510
604
-448
-456
-743
-1238
-98
-1184
877
-285
509
859
625
-542
1795
-643
-651
-1523
-551
1168
888
-70
1006
-517
620
328
-589
189
-155
444
-1156
-1993
-448
189
133
232
166
91
869
1461
-272
1679
691
440
561
668
1002
37
-150
-566
1530
-264
-660
16
-203
166
-1272
557
200
-40
302
-597
-1217
688
-9
144
-465
849
2535
100
-51
1422
1153
1284
-469
581
151
611
-269
637
364
823
-922
1140
806
22
-630
317
-110
111
-677
465
-1155
-396
-44
875
-11
1949
911
253
719
747
-83
-63
1048
-1681
1073
58
776
-664
267
-2078
282
778
215
-550
126
186
969
-644
295
-108
-242
-957
955
323
-949
791
-816
-1542
-153
1788
526
429
-336
755
-1353
674
-1087
-87
-942
-22
0
-595
744
300
-486
-483
-1148
-594
-1282
1717
508
-1598
-732
531
-427
1121
-290
-891
340
-415
-1372
-968
1019
7
-923
-1823
28
1085
2043
-1804
359
348
-830
954
975
-1420
45
-2350
-343
-243
177
-42
-171
-117
-1564
-545
-32
-2340
-727
-338
1013
249
-159
953
507
-683
214
-1
78
189
1618
1321
-651
1358
-802
-690
-1766
1497
-822
-1552
-1483
1167
-2711
2156
-426
-593
-372
-853
-164
-566
-1299
314
-2483
1049
-471
-499
83
115
1717
-933
2007
1257
-1272
651
-434
900
-1690
569
1253
1383
687
1226
90
1196
-47
80
-29
1157
-443
2184
-740
807
-1721
131
410
1249
-682
1093
2320
-670
1041
-625
-317
2160
-526
497
229
-1193
-649
679
1119
1227
-477
2144
1077
697
-199
-152
-2534
3161
-482
-717
-906
-691
-925
-1482
-1382
457
1460
-318
478
530
100
424
1274
-1417
1287
1552
-13
659
640
-179
2639
63
-1372
1808
-495
-1712
-239
898
-642
367
-1629
-1100
-1180
642
-1160
-998
-254
-1663
1706
472
1207
1380
-661
2012
27
-132
725
-410
-1085
-54
-1163
-721
554
-755
579
1340
-1226
-234
-1687
1627
-212
323
-17
-1160
-940
-522
1620
-23
39
-908
-339
1618
277
-1213
1485
733
157
-956
-846
514
2814
-1450
1184
-184
-383
-2643
1346
-430
468
-151
766
-86
-354
-367
317
140
-1913
-1420
-637
-1275
-122
606
-882
-1481
1041
-665
36
1388
-411
-245
-255
791
1255
-1743
529
36
-503
56
6
775
-842
1626
1115
1553
-976
92
-676
-278
1819
-691
-1622
964
-963
775
2406
-435
-620
564
-210
1153
-583
184
-630
-915
510
-1452
-1534
-342
1618
-481
-862
-1056
1416
-277
-941
1981
-857
254
-610
684
-1270
618
1874
-1927
-105
-2258
-1744
-472
-2201
618
-1949
1205
886
-548
2153
-475
565
-100
-716
-837
1900
200
526
1374
-353
-203
816
-800
-1949
-643
896
-139
992
-569
1463
-80
-30
-1641
330
-1543
-2409
-1046
705
-58
1300
622
-826
589
170
211
1261
-1414
1868
-1749
-23
-702
-2943
-170
-890
1006
-77
-217
754
-563
-460
-1573
628
794
748
534
-34
-2362
-935
-1271
-155
149
787
1844
-466
-386
408
-1818
972
-672
-913
15
1842
968
787
1492
-480
-1525
-461
-104
-490
-1927
-1402
140
-194
-560
-954
-655
-778
-483
-763
1161
-757
2141
-794
-427
-1343
-722
1518
-1461
580
599
-2146
1825
1436
897
1012
-184
1101
1224
-332
183
2238
329
-1122
1527
-1885
1242
-1645
-1730
-939
-665
1223
-335
-326
-273
-102
-404
1796
-554
-1667
1015
-558
-158
694
8
170
-119
2171
-672
-748
1547
-291
740
1483
868
-1677
1427
392
-1579
941
-307
1527
-2205
1133
-1189
-58
-1838
-389
-1371
1426
622
-1216
183
-90
1266
269
1539
516
244
-2514
-1152
818
887
839
205
-2984
-641
-2480
-1306
1853
-535
1771
-1561
1490
14
-1015
-1947
596
-929
-613
1494
-420
161
17
1350
-722
2662
257
-2653
1108
-156
-1057
-1000
-626
1323
-745
1339
-134
-2544
1817
-1415
547
-589
842
-382
1732
-2269
426
-2937
1532
-702
-130
493
-787
-581
-1123
912
219
732
-428
402
-244
-1624
412
1209
1300
-1711
352
-1444
894
-306
468
-950
232
-200
-221
-755
1806
-3273
1782
-2263
-1936
-506
-274
-1650
108
844
-144
402
-57
-1103
1262
-590
-289
-1095
-804
247
119
745
1551
-2314
1118
-1547
109
1922
52
821
-960
-2632
1478
-429
-690
-1019
-411
96
174
-369
-731
-1492
1668
-211
-572
-271
1283
-491
-549
-1411
-689
-746
-420
-2296
-573
1522
-379
588
-980
1204
1188
-1171
682
-1812
312
-342
299
-934
2475
839
-3
-1090
827
-930
213
-405
1366
-501
1101
68
1245
-810
-635
274
59
433
-203
350
-946
1671
-570
-3
719
-814
1627
-289
1580
55
-57
-645
300
-1677
1612
68
-418
-1822
1528
2507
-1859
477
-606
683
-1799
-829
-3316
321
1774
141
-3348
1211
923
-932
-892
1746
587
-1164
-608
-441
881
1236
-708
-1623
1845
-1137
41
-567
1490
144
-923
1223
1083
-649
-1457
192
484
-1161
847
-43
765
-1227
1066
462
-81
1202
1403
-909
-105
-1422
-921
-1648
-189
-852
-1594
685
98
-1021
2597
50
939
1923
1032
440
579
197
-261
-611
-558
1170
-106
-1564
-67
-1326
-1035
-9
482
-353
470
197
-582
-617
-1449
138
124
-7
1464
335
-50
-165
213
137
1687
-682
-311
-915
625
-766
-595
941
758
-868
2005
-372
-643
472
198
-444
298
-54
1035
593
-1034
574
-631
1289
-318
-506
-123
274
-573
-141
-249
-546
1021
411
-2750
-35
-1570
306
-981
1113
1469
352
888
-7
1039
1126
523
-968
-55
-245
-1661
1517
-1594
1293
-651
-1213
-909
-1461
-1510
601
-1776
-338
44
37
404
1519
-1268
1443
-162
223
215
2786
-1309
353
-110
489
-90
-255
887
-231
-1211
639
-1607
-111
-773
1387
-622
-582
-542
-1008
-1654
1411
-1111
296
-499
1044
-790
409
95
854
1703
256
460
63
2542
841
1702
-1468
316
45
-229
-491
-129
-1171
946
538
131
754
1767
-378
-711
471
-569
413
-97
699
-1440
1298
1574
-76
1510
1807
-111
355
-1160
1639
1215
-371
1068
-316
1426
683
-765
-770
149
2580
1528
1235
578
-77
-39
539
-637
308
-520
-32
379
322
-367
-275
1023
-362
1402
534
1528
-371
2685
-1184
720
688
873
156
-19
-801
482
-81
1721
1323
-869
-473
-1607
303
-472
-461
1105
-1298
-666
-1202
-29
220
650
1194
1631
-261
1051
2456
1154
1280
1530
-2675
-1692
658
-1640
-1110
1934
-183
451
1095
2434
-1664
1866
-3213
-1109
1275
-637
52
-771
-1726
-968
-2615
938
88
-1169
-2047
2904
1743
1065
-1213
-1450
-353
-511
-876
-121
371
1366
135
-1744
1019
-74
-3216
1217
-1974
-2079
1748
1094
-34
-541
-1684
-769
-1230
3120
-1648
-276
-1191
3310
-369
-1001
309
-293
106
4442
-1406
884
-6
516
2097
1446
2213
1779
-1198
1481
-1540
1678
1259
1441
983
2089
-1099
-808
-563
911
1677
559
63
2557
-2295
1339
569
2444
1850
2503
180
-1995
368
626
1854
1539
1300
342
2895
2288
-1633
1984
-1466
-1260
1359
3030
-773
-400
-1229
-1397
1031
388
-1034
1494
-458
-49
1272
2739
1497
429
-688
-743
2243
120
1579
30
-1162
2734
1904
-2367
12
1448
-663
-2126
862
1845
-256
134
-146
-836
-132
2426
-1430
-1025
-1052
-164
2341
1337
863
1195
72
-250
424
1479
942
-1699
1744
-134
74
-1315
118
-1066
1324
-1369
348
-1062
-195
906
3194
-255
125
550
557
-721
-2342
19
-242
450
804
2795
-2298
1149
1285
897
308
-1306
1189
564
1771
820
-1025
-983
-503
-1764
-813
-731
258
2669
1563
1013
355
-1030
-776
-1333
-2453
-518
45
-2025
-314
1944
-4069
-264
706
-250
-310
-816
-380
-1724
3397
1543
-2
-794
-768
-3572
-860
1796
-991
1690
-349
482
1477
-334
-1321
1265
-1357
-694
964
-1003
76
342
-2035
227
-1415
-1589
-1699
669
-1033
810
489
2874
134
-712
-1225
-3293
675
4038
-571
-799
-85
1403
1882
-63
21
-2422
-355
397
416
1000
-1145
2519
-1962
-749
-264
-2028
-193
-1165
-2336
442
-1384
3347
567
1133
383
-1744
-115
-113
-494
-624
1645
805
675
1314
-1074
-1263
-921
-1157
-286
730
40
835
479
1365
3182
-608
-849
-1053
-2451
-4032
-2588
-371
3358
-717
871
-1408
-241
77
38
-540
8
1462
-796
1085
-950
-1719
1455
-1187
571
397
-347
-876
632
1551
690
-2410
1698
-468
710
-884
-2364
-2877
-796
-325
-722
1083
1912
-795
-2299
-928
-1244
446
1363
-2269
225
1694
-372
2052
519
2018
-2594
-576
678
1779
964
-4118
1356
694
458
120
-2107
-33
-1597
-77
995
1731
641
-1938
-2313
-2517
-137
-1525
-192
-999
1155
236
-605
3916
1206
-1809
551
961
2108
508
543
1389
1758
-1351
650
-854
-1047
2030
-1249
220
-1681
2351
95
-1160
-90
-2273
47
-522
842
-2016
957
-876
-556
1556
2720
-1633
783
1608
-1489
-1604
-192
533
1156
-1320
2008
-1209
-507
3342
-3588
656
44
686
2707
-20
-665
-912
-1987
-1152
-307
591
472
-3440
1335
924
2562
73
-478
2127
-883
-3425
-1399
150
979
1924
1228
281
-2897
1828
-2178
1828
4769
2231
581
-1412
356
223
-2091
-2441
364
-2162
1492
-1036
1288
-298
1272
-1574
1295
2522
-1247
-867
31
1039
-658
1744
2280
-636
1011
-170
-127
863
2556
165
-747
-574
493
3967
131
-1724
-1658
-712
1765
532
-1501
-1474
-3100
-2239
858
2822
-1239
-1633
1398
779
936
-2483
1986
157
-2244
-1550
1156
2254
1932
-1744
-821
1979
1675
2309
-1593
1180
-2325
1437
2420
-126
-1928
-2077
-2122
-1147
360
126
-1547
-1072
2460
-963
-384
-1362
-64
-600
-1211
-1843
2816
2595
199
-196
-292
-668
1681
1183
-785
1121
-2201
2288
2069
1035
70
291
141
-656
9
-860
-2140
161
716
114
2025
242
2580
-590
-171
-831
1541
119
-774
-805
1473
-811
-551
1422
-658
2624
-582
1914
-114
482
567
1165
-22
-863
2171
1075
-3659
-1228
679
2004
1016
-1862
3136
-402
165
1535
-216
-1317
-1701
973
-270
684
-1443
-742
-221
2055
818
1399
395
1405
216
-983
1784
116
-628
672
-358
-315
1996
1127
-1452
-242
3006
-965
401
-344
-306
-3179
-3561
-460
118
2322
967
-1984
-984
742
-320
-1985
2766
566
211
-2864
-1151
1037
3037
-483
525
1942
316
1926
-1520
1066
1234
-1559
1815
1803
-1879
-2946
-2852
2537
2592
418
-863
663
-3279
-897
2127
-1298
67
-656
-1126
-3046
-3047
854
1710
-709
913
776
-442
933
-492
938
-56
-745
1666
1464
-451
-1571
-62
2404
862
-3071
-1798
2801
-1184
-1679
-431
-3383
-650
-1461
-666
-1613
-218
139
1010
-1027
-1703
737
418
1553
-1645
-1523
240
-1561
-2276
3022
-486
-627
-461
25
-878
-785
-1273
3253
642
235
293
-1608
313
206
-471
-262
-491
1459
1407
-2875
-1593
-614
159
-108
-2065
-2581
709
-2541
-1107
688
295
1400
203
-2520
-457
982
406
1075
555
3189
2171
1555
-390
455
1558
-164
-836
890
-274
-3426
542
1445
-478
-314
-83
-316
-402
-2617
519
-2519
-695
700
-1619
-969
3226
-276
-156
1243
-403
936
4506
27
-3933
-437
2213
-783
393
1217
21
-653
313
3504
-672
-548
1110
1012
-1733
298
1105
-3100
-867
691
-2470
-197
1586
1027
-1980
1376
1317
1543
2054
566
-3242
2101
397
-478
-17
-253
1729
1556
76
2305
-2126
1226
2391
2391
-423
2444
125
-2605
-1279
1708
-623
1257
247
-904
-887
1596
1722
1279
2136
-1771
717
-409
-357
218
-132
384
244
2258
1400
241
-1773
3202
3560
3222
1815
-801
1047
-877
-2207
1538
-257
-568
-1073
881
79
812
306
255
1320
389
486
199
578
1322
1061
-1370
-168
1870
-1641
367
696
-703
2224
1361
-555
-1127
-819
-819
693
1239
-1594
-1472
-689
466
2654
1928
-1054
-1106
-1189
-436
-223
-3933
-1759
-1693
-1180
-468
1686
2107
1244
1419
-2725
-1471
-242
-750
-329
-878
1000
-856
-1672
2251
917
-130
-2024
317
2625
601
2337
-521
-1091
959
2071
-2049
-654
-1135
-658
-1916
-156
-807
1808
-1802
-3666
-1164
-238
-1422
-3033
-1991
-1614
-2825
1986
16
-2500
-977
-816
-1824
-600
1946
938
-1049
-629
-95
1318
-2167
1936
-2144
-866
-1063
-2538
-508
664
706
-712
-2384
-1504
666
2436
1484
-1219
-1279
22
-1054
3172
1743
520
-1021
748
767
1181
2716
596
43
283
-150
1000
-2111
-119
-2921
-4293
651
-542
-751
-475
-21
-1983
-2583
-303
-511
86
717
1703
-201
-2463
-909
12
-668
286
-582
-352
-1006
885
101
291
2879
1546
-1717
-1855
-563
-39
-949
957
527
299
677
-416
440
-224
-1459
5
1443
257
-543
103
-387
315
-3377
-1717
799
-2286
-732
817
1587
1109
925
2037
1368
795
1053
-726
100
63
-1892
-301
524
-1121
-613
-2512
32
-72
-2373
2264
3654
350
3493
-66
320
-1133
-1055
-1221
374
-2661
21
-992
490
1984
1628
-67
-342
1577
-408
800
875
1194
-237
76
566
-3660
1404
-1238
-2969
1010
866
1125
659
1135
-688
1097
-964
-571
-791
-479
926
742
-1020
-1922
694
-29
72
-79
-2297
-1436
-2257
1062
1924
2312
-356
1741
1849
-2307
-1945
896
1108
1485
1736
-992
-2998
-781
326
-278
-881
-1694
-1490
-228
1655
1893
-1763
192
1026
-95
-703
1424
960
1761
2062
663
-1497
2421
81
-605
-1932
-914
-267
-479
303
-611
1412
-314
-1480
1406
-1694
541
117
-1157
554
1749
2336
367
-398
756
371
84
871
2035
1108
490
1495
529
1506
1307
1185
-1416
-1137
540
113
-423
1208
-1748
-487
863
-1066
364
40
-713
508
-1624
-1977
-2888
-1537
527
-1128
-719
-95
-570
372
49
-88
-139
1785
3036
2767
2487
950
-1303
-204
-1754
51
-141
351
624
-470
564
-562
-1618
-468
-232
-1809
-497
-729
-871
-1469
-1539
1964
-448
-27
865
1088
-1229
771
660
-618
-885
1122
1516
294
302
2865
2212
1711
178
-489
1078
475
-427
-707
-978
-2028
-963
3161
2592
-4053
-2202
-69
-2578
-1882
-2196
-398
-237
-355
1613
1153
-209
-3452
-713
-2375
-1302
960
2429
2746
608
433
1006
1442
279
1409
-231
-746
-2379
148
-945
-69
1000
159
-292
827
-1322
-71
-968
-411
-655
929
2579
291
-1535
37
-457
-1666
-212
561
2007
1432
1756
36
-739
2340
1416
-930
1369
-421
-1500
-1454
466
1229
692
852
-1879
298
2572
1695
1584
-1226
698
-2218
-1946
-1717
-736
106
586
-1635
667
964
2154
-402
717
-286
-2032
1016
-1212
-756
-744
2051
1020
916
-1775
-2451
786
-553
199
702
-2255
-1973
-1249
-2403
1735
3185
-302
-2163
-492
392
-367
1501
3166
207
-374
828
2056
1366
1673
944
-1264
-1193
49
-111
-1410
460
-1173
-1913
247
-641
49
1782
-136
-2330
-2457
2
1354
-630
-2188
-2588
10
279
699
-56
592
-56
603
1696
2575
1573
-388
-761
2254
1271
-4666
-1080
3637
174
-891
103
69
976
-38
-411
-492
-209
-611
-849
-1287
-1505
405
-1769
649
-121
-1041
1524
-242
-3029
280
1753
-1255
859
2148
-663
-858
-657
-2517
-1094
1890
-220
90
-293
-2028
2492
1903
1224
800
48
962
-660
-3119
-2034
168
1213
2070
82
-96
-2221
-3417
-1038
-1162
-2028
1546
1847
1747
-2630
-2903
338
-1410
1042
1345
1003
-750
-582
-241
-38
-146
-544
748
1424
-1068
-3226
-2352
-1234
417
-1922
224
2280
863
-674
1153
1544
-30
-1006
1009
150
200
-2698
-2180
-845
-912
873
249
311
1977
-1357
-188
152
3415
645
666
-1207
-195
699
-1591
-612
1059
212
836
1924
-950
134
994
-419
-122
-671
974
-2259
-685
301
-165
348
1596
1035
-887
-307
-2174
-785
270
2222
1349
1656
598
-1749
-262
-290
-37
-80
681
-1509
-2057
1745
177
-1399
1571
3095
899
-2905
-1018
-522
-3180
-365
-276
1292
1293
-1531
-335
494
1169
-784
-394
-176
-490
1463
569
540
293
1180
882
482
160
-581
-1182
-682
-1939
-2124
1518
2030
803
-232
725
-923
-830
2712
1428
944
688
-896
-783
2272
804
-1225
-1183
-289
454
958
164
-1071
-685
649
-226
953
-888
1561
1315
-307
1640
2627
2095
3681
1493
-2195
-880
-1470
-40
267
997
739
-1776
-2258
302
90
-2146
-91
-1112
1138
-599
-1127
1740
463
1085
1027
-270
-1153
-1140
2623
1937
-478
-966
1723
2109
1946
792
-607
-1831
-709
-2977
-1347
-1121
-2572
-1380
-1572
-972
-127
2438
-671
-2809
-3219
109
-1538
584
1191
2048
-555
-1882
-1883
-832
-488
-591
-356
-2071
498
1466
-280
-202
126
132
613
-296
-1877
-1792
-954
78
-82
472
-683
-3317
34
-746
-2920
-1804
-1019
-1016
583
1447
-942
-2009
-1472
-669
-1351
632
2325
2670
-655
-645
-904
352
1532
-1021
-457
-570
-1987
-2828
465
1628
398
1216
-859
-261
-2115
-436
-2344
-1668
-47
1420
-4259
-1178
-825
-3292
-496
78
-2018
619
468
-782
-1122
-816
-1556
1888
1527
2345
326
-2536
-2211
1464
1448
47
-2028
-1344
-609
195
695
-271
2554
931
1539
192
600
1023
-272
10
-622
-821
340
1487
2653
413
574
544
-734
2113
1969
1758
2193
2235
-134
-545
479
206
-308
-150
247
209
-2847
1184
887
-231
-253
814
-38
309
-1783
1250
453
-845
-1191
-1007
-206
1243
642
-2181
221
1475
-1350
614
-1162
-1604
-1189
879
1240
1274
625
-623
811
246
-809
-1099
-617
-624
318
828
-92
-920
360
909
-950
835
-516
847
533
-358
-1441
417
2318
462
-2181
-880
2403
2001
-1792
1055
-1248
-2479
661
308
391
999
-821
-1466
-2272
-1405
-2134
828
889
-255
-1787
-1015
1263
-2164
2885
582
-31
1087
81
2199
-1794
-1258
744
-552
-424
-1857
549
1291
-598
-1847
-85
-873
3128
-277
989
725
-1448
-1202
894
1413
1849
-164
-217
-616
1152
1289
1352
-122
535
700
270
-438
72
-377
-1691
-207
-1376
-1878
-869
767
-1632
-809
231
-625
514
234
1805
212
-2310
-851
519
771
-1708
1462
1216
-2408
223
68
-1569
-749
719
201
-1579
100
-123
1399
1539
-626
-263
1224
495
1207
-466
-3027
739
-1242
2221
-1289
550
-1545
-1059
406
-2513
414
-78
-408
-1100
2169
-309
-425
-247
757
1279
76
1760
-1153
-1544
-386
-1033
-684
-1120
1470
-2196
2065
629
-391
687
1174
888
-1580
56
2430
912
-1163
-2343
-759
-1608
-498
-1018
640
-177
-405
1432
415
-1006
848
-1432
1482
256
916
3028
-1795
-426
-648
-2354
1627
108
469
-494
115
1087
921
-471
211
1978
348
1297
799
118
956
-1085
-3
-196
1339
1438
-2098
188
110
1293
1705
865
1715
1946
210
-541
-191
1160
-513
221
-1201
507
-829
-1844
-1552
261
-944
-1459
-187
-1243
1752
2263
1183
-843
-2479
-1063
-788
-984
-157
844
-2209
-558
-1645
-1365
763
1168
-399
-893
215
578
2946
-1089
-907
-1260
-986
526
-732
171
1618
-417
-323
1211
101
2014
537
62
611
-1716
2233
2954
-919
873
204
-2419
-144
1132
-1025
488
-457
-399
206
-53
212
-209
-865
373
-234
-422
792
1269
-1435
-1320
-1202
-1894
-2261
429
1729
-48
935
-785
127
1513
-726
792
2022
1092
1847
1170
2770
-1673
-1466
-1097
81
-1798
1208
-301
-827
225
-1843
248
432
-747
1377
1102
-803
-493
-3760
-480
-727
-500
-223
-1083
-153
-344
-797
-656
2210
1850
76
1916
506
2571
884
702
284
-172
-360
-945
1495
-560
-497
-966
1099
-579
498
1490
747
-272
-970
-1738
848
-1189
-1134
-145
-2067
-1744
1814
10
183
-697
-71
-1170
-1084
120
904
2449
-325
1213
-411
812
1660
144
-1477
793
-3732
-1430
606
263
-956
2204
2033
-1760
1330
434
775
682
-1215
449
47
2158
318
-309
202
-1906
1137
2039
-401
652
-358
938
-108
1757
-632
-1734
1268
-1412
1292
-639
-1081
454
1170
798
-6
-408
542
-560
-1516
387
-344
1092
-671
-2264
202
864
80
-3265
-286
996
475
1803
412
166
80
336
-1307
-682
671
0
774
-169
-715
344
-744
1708
-695
-356
-586
-137
1594
-152
802
797
-324
-1009
965
945
-1510
927
926
784
365
498
1437
2827
-93
-1016
-842
-1142
-859
-789
2039
1519
-1896
132
-226
-143
734
1247
271
26
-1204
1575
1227
-2090
-1128
-314
-514
-508
2774
-311
-945
-1320
508
805
579
-1121
929
1140
-1716
-760
630
815
1104
-772
-2601
2724
316
-1025
395
-1679
2661
94
-1595
-1282
1094
747
-1295
-1823
1012
84
-499
49
-550
627
581
228
466
1018
1533
619
-786
890
-1229
-1737
-1033
127
-2133
-1512
-1562
-2041
360
1417
371
870
489
-1833
365
1558
-1215
-130
-151
1400
-3036
-4152
-1651
2803
-206
-999
2312
898
792
-294
400
-409
140
1935
1942
372
819
-1445
876
2879
-941
-1680
-463
191
-1380
485
273
-1665
-1362
699
610
-517
-240
-1230
1129
2001
-1344
-213
1195
695
-1428
701
-2363
-413
-1548
27
5
-1192
570
967
251
-2004
333
1804
-598
-2367
-1259
1051
-418
-1439
-617
1428
661
2245
173
-1582
1253
-549
-432
-1331
-1761
1392
-360
-1858
-401
-241
1174
-1935
950
-112
-366
-1817
206
1686
2886
486
-99
433
-251
-1303
-805
-2006
546
-30
-774
-994
29
578
-133
-708
268
553
61
-128
-1012
-53
1283
518
-1564
-1477
144
1423
591
-1964
-798
-550
-311
934
-399
1476
835
-50
1761
-890
-802
-426
1745
-66
-2670
-412
693
559
-1581
933
14
788
-19
-16
1784
1380
47
-39
60
1185
-1365
600
1129
-894
-1397
605
-3462
1029
292
-339
-701
-4
3011
629
1338
2002
-143
1345
3040
2611
-1033
64
-527
-1841
10
-313
1641
106
-1081
-1516
707
-490
1117
-2454
-1589
23
-588
-98
-1249
1665
-474
1024
438
-2189
2741
2041
510
-2295
-1090
-280
2448
227
329
865
-117
344
-1039
-1375
25
1090
-2561
873
-1539
-738
-688
-3536
-1173
-1341
800
-753
-1040
709
42
-573
-672
580
1233
-72
-2311
-1839
-1664
-1537
-2061
446
-803
-145
570
-1537
232
-531
916
-422
-692
566
-343
523
-946
-554
-807
-635
-899
-1363
823
-758
349
301
-1251
-420
236
733
-1
1104
2417
418
1078
-332
818
839
-1395
345
-322
-1418
-650
703
-402
15
-806
-1406
278
-568
1275
-491
876
-1123
2903
-818
1041
1861
2122
-2302
2335
-142
1643
1440
-357
-260
732
-1357
347
1132
1850
-695
-785
1440
2527
-1098
-3261
-1361
1013
1335
-516
-337
-469
-548
-1912
1972
474
-1012
-3014
-254
-606
492
-1776
-818
-443
-1872
-1138
-1036
-403
187
474
-1772
29
-255
-2375
-491
-1513
162
-1493
968
945
-2050
1557
140
2333
821
-1370
13
-366
-2328
-788
-1698
-1047
-687
618
1396
1466
-686
-1324
933
1256
2222
-370
-904
1709
-1006
-1214
-771
1810
543
-559
739
-3414
293
675
-1782
-1552
-1290
-1036
1650
-3530
-100
1911
-387
-864
1754
-423
453
2987
-1432
2300
699
875
324
-918
-909
-2131
1863
509
-913
-984
-4297
776
691
-712
-1675
-149
260
4374
-2379
1720
1451
-2830
-646
1761
23
1049
2105
869
-864
-563
-4
1307
559
162
821
1607
2547
-453
-927
-751
-1711
-41
736
4
135
-1522
793
-464
1259
-1241
-1301
1899
812
113
-562
51
2133
-1367
896
358
-1678
-888
-46
-815
1207
1596
689
-1748
1154
1419
1798
1957
1279
-1217
-1218
968
2152
252
-2040
819
-446
-1771
-1865
1594
775
151
-398
-1544
-1195
-156
489
-797
1086
-304
-741
-257
42
1340
-233
1050
-2621
-993
-39
-1979
-450
609
648
-775
2740
-635
640
-657
1549
1881
-989
323
844
2166
-427
782
-6
-1639
-1569
78
-1041
491
1086
1247
645
-190
2246
-1259
982
-260
-981
2970
-2677
2624
-845
1805
1633
-1226
-1311
-2659
727
1166
914
-238
1625
208
-908
1437
-375
-19
917
-68
983
1222
1286
1140
-2706
-406
-1194
-1069
805
-1442
3495
1390
-598
2547
882
-247
-1878
-917
678
565
-582
-17
-776
-313
1052
-2466
1035
1015
-1322
2113
1353
734
-1786
-3427
2072
-348
-434
-153
-302
950
-611
-2728
718
718
1418
-754
-602
-300
2792
-1529
-2472
73
2680
144
956
370
-124
1934
2393
-390
-378
-64
-2594
563
3375
1811
2
1924
919
1543
637
-1345
-893
815
-217
418
1017
2210
-2585
-1389
-753
1951
260
1125
982
-2112
1752
808
-1386
-561
-1630
-2167
-1229
13
1054
-1050
-1871
-1572
2799
-358
-1248
2950
2509
281
-880
193
2586
-825
-744
768
742
76
1214
-1613
-43
-331
-2155
-101
-318
260
770
405
-655
570
-2545
-1059
-108
3561
-778
-2499
-85
-1606
-2287
-1281
416
1355
1165
2826
-239
1156
-1135
-519
294
1189
1163
-245
2423
-1268
2391
1226
1329
-1864
418
-2851
201
1514
-535
224
1258
1063
-136
-938
-271
675
1293
1939
1114
-2128
-619
-2675
1336
550
-1100
1828
781
2146
-1928
891
1689
985
-2230
998
-2481
1704
-463
-1562
523
1231
1458
-508
1032
-1212
-764
3105
-952
1161
1847
458
-1746
272
1424
-1379
1739
-29
-130
-1127
966
-529
268
-411
376
-769
4075
-345
-802
-1103
667
3052
-1919
208
13
208
3221
-1034
1801
-43
-268
-1284
-553
796
1809
636
-863
-2089
1044
769
2602
-366
-364
1311
-488
2181
-261
-674
-1088
1415
1392
-1771
224
742
1372
208
-3170
2614
1106
119
-139
-2308
1244
94
903
-383
293
2761
-1282
468
-27
-2297
-800
-1068
1328
1645
-568
1073
-725
-1548
210
449
839
887
629
-1013
-140
168
1043
2577
522
532
-667
1165
1623
-1525
-1460
285
2290
-259
1465
55
1056
116
69
-1823
1235
-1493
-682
1032
-640
-151
-944
66
1405
-735
-2218
1476
477
-3523
-188
-1038
3763
89
-1482
-1026
1993
1163
-1660
-531
653
-618
-330
-221
1068
540
-1973
-350
357
-1472
1614
1127
-1721
-164
1732
-1687
264
1022
-3588
506
2055
2708
708
1568
916
-679
-1463
91
1236
1969
-525
889
-3169
617
-282
-700
-704
2217
-1368
-949
2487
-2462
1047
1484
-16
541
-198
307
413
-1372
873
1437
-201
575
-1330
-1129
-1058
549
896
-649
-526
-698
173
-632
2151
1997
1716
-1620
2024
2337
-1050
1888
46
-980
-2685
-794
-245
652
-4685
-1127
1630
68
1135
-1902
2529
146
-502
303
1310
-788
404
2695
-1362
-435
1150
1475
-1343
781
538
-1391
2180
-679
231
-1652
-957
512
336
-2015
382
-521
-284
349
887
-423
286
1519
-706
-776
976
-657
-98
-365
-206
-1677
198
-2554
1030
-108
-737
1394
917
-654
-2491
-2153
1154
537
-1936
553
88
613
2353
1328
548
1477
1434
1072
294
574
-2038
-949
-1462
821
-2549
2329
400
1255
858
-1574
455
322
58
350
-1355
679
1248
-667
174
2373
880
1658
-1058
-889
3090
221
-1625
680
1135
309
-882
-653
-672
-933
431
17
-1987
1675
-892
753
634
1264
-206
-1614
-257
2410
-875
1729
1693
-181
1228
1142
-128
1103
504
-1512
1000
851
-230
-601
-1041
-2879
-1403
-1181
-168
-2210
1469
-1782
268
2603
154
1068
-991
-537
3508
-1588
-1411
-787
-1065
-3053
2315
-84
-1691
793
-1230
917
-1457
289
-926
-1812
-2384
1370
-2304
-941
-2804
-547
-350
-1509
3032
-1576
-236
-745
-1855
868
-219
-639
-2741
-764
-4527
-219
665
-1208
-244
986
-817
-357
1394
-334
430
-1157
1213
-1782
184
-1672
-1763
810
-630
585
-123
1338
-589
-2130
97
942
1139
-1917
-1728
-659
1098
2573
1270
939
472
68
1670
-10
-1340
1178
-1407
919
-618
-934
-1566
-215
-119
-735
-767
649
-926
926
-588
-890
-837
-2830
-146
369
270
1041
231
257
-1179
-109
-165
787
236
240
404
2287
-2070
577
-366
159
-1463
3
734
2606
-704
-647
-257
267
-147
878
1412
-2309
1168
-1201
650
228
366
722
332
-285
705
-807
340
365
-402
-263
-1273
-220
-1280
-621
109
1321
757
1514
1386
-391
-1495
232
-758
1628
709
1994
1471
1201
77
1444
2442
-1209
-1417
1999
-1631
963
957
-477
-495
1405
770
-1633
264
592
-919
704
-334
-1748
-2127
-210
-1356
818
1637
1118
-1201
-2922
-1430
-1178
-2980
-671
-1804
-228
589
-587
-92
1833
-3763
202
-1188
-412
1202
-1359
-411
-1591
466
-672
2704
-322
-1277
-132
-750
322
1036
-2820
-692
1164
304
-802
2173
-809
2279
579
-88
-296
-984
-1353
579
199
-584
-1404
269
-1634
-1876
1413
313
1393
-1626
-2350
-436
1165
1557
529
327
290
-1010
-447
687
1166
771
-2580
174
91
990
-1268
3295
1093
298
340
-2953
2374
-1337
1010
2198
-767
-82
-1292
-2
2204
-873
464
-3822
-416
435
170
677
626
-486
674
-829
1008
717
-1761
-340
771
-36
-3698
1459
-806
-1219
83
-2261
-663
-810
7
1611
1918
-410
-1063
-937
-225
1032
1247
1094
-1980
-2260
-28
-917
995
-3054
-133
-834
138
1170
2007
1175
1780
831
389
-1775
2619
3292
2409
-3
2702
-637
-71
1888
-177
1647
-143
3023
268
956
1622
1212
1863
895
-534
192
416
-1693
-790
-1173
1109
-542
-627
0
-1196
2960
-774
-207
-2627
485
-2001
1389
-683
-630
-638
-1649
922
-2012
-1156
85
-2625
-1428
-2125
477
-928
602
534
-147
-1260
-363
179
539
1790
181
-196
1006
-2739
-277
-620
-635
910
-1297
-912
3037
481
-185
-357
-761
-1677
-2030
-1464
640
635
169
313
-221
227
-205
-1263
1423
-1634
-90
712
-1765
2334
384
-482
627
-558
-373
108
-638
-587
-3567
542
627
214
3932
814
-389
1360
1596
1466
2777
741
913
2277
334
-114
-609
-89
-909
354
756
852
919
717
432
-1470
-931
632
-169
-840
1255
1873
-581
434
443
-209
-2944
270
1470
-592
-2636
-852
-763
-1796
689
1326
1363
1699
468
1091
587
-432
1109
-249
426
-1497
-446
-202
153
-1349
-1208
-972
-898
275
2784
-905
-336
1103
-349
-352
85
1091
-1716
-1137
-2543
82
-1986
1027
-822
-1590
737
-505
913
-83
1077
-116
1420
744
-1200
1271
666
229
-875
-241
-813
-913
1136
76
1891
879
-968
-534
1102
1813
1006
-272
1141
-1296
856
-2138
2178
-439
595
342
1036
-1506
-532
-1449
-315
872
-1079
-1468
-24
1369
-1342
1076
395
2084
-727
-1212
-899
32
-902
169
-1167
-1700
270
-1465
-243
380
1070
-23
-2222
493
-208
1106
2591
-430
-177
-2038
-173
307
1925
-1120
-992
-494
-39
-1608
166
-543
1496
768
-1886
320
-432
435
3567
-2017
-354
-1129
294
-612
286
1455
1039
-591
-1067
-594
-57
1129
669
1270
244
1450
-2847
-658
-1493
143
155
-473
942
-1830
3445
-39
1114
-1960
-1822
-1217
-1115
2521
489
428
-1161
-1221
-1108
819
858
10
-136
-347
753
-380
659
-1519
2778
31
2260
129
-1364
-1927
2685
243
-704
1404
971
-1716
-650
-598
2320
2227
1343
-1331
514
1920
274
-2227
-660
1427
977
3498
1278
898
867
693
-1007
-612
1341
-994
184
242
-935
-2282
503
753
-1081
-867
-1664
-923
-1185
-2613
-1690
301
-609
657
-727
-351
-60
-641
-1393
693
-1574
-931
6
1323
800
1141
566
-431
-1141
-46
2124
1457
-1115
-1615
1843
1051
2361
1443
-505
3017
331
-100
-670
2103
1142
-701
-600
48
1607
-862
2227
152
823
-2540
-2055
-3124
439
-1952
-1650
1947
419
994
-1263
2550
386
1073
1010
967
341
-938
-115
-1536
769
1151
-802
-1138
182
-1500
434
-1037
987
-829
-1662
-641
-202
-1903
1120
12
-45
218
657
836
-1886
-1279
-368
-2114
1902
322
-1479
-292
1708
-516
169
529
608
-173
2095
1536
-1041
1417
1474
1734
-1179
183
-195
778
-438
-921
-1745
-367
-606
-1026
2417
1059
-1075
449
851
-965
789
149
-1214
3395
-2378
202
-138
1637
-1926
1987
-413
-190
1083
1953
-1113
-51
-422
1220
-88
1389
-287
514
58
977
-1259
503
-792
1486
-1986
706
243
101
3166
746
-413
-693
2067
-335
1217
964
395
431
-96
-2567
92
1548
316
1707
348
-122
531
296
831
1469
-557
1458
673
-2595
1686
-365
-608
-440
-1675
-110
-517
-1366
-1291
-438
-167
-1495
1020
243
1935
-2437
1883
-1560
1220
-396
-587
49
-628
-534
432
-3026
-572
-84
1597
-231
1918
-429
1058
216
-332
1208
996
1628
321
-1730
-283
2414
-1314
408
-1614
-359
1002
-113
-414
-2565
2
385
-871
661
-1006
2107
136
759
-1999
703
-1381
1053
-1165
-883
-478
715
26
-1000
-671
-585
351
-296
2920
-536
2086
1004
-5
598
-1377
710
-1583
-1796
679
-544
-2085
-494
840
565
1008
2966
-2264
1504
191
-806
555
277
-808
-823
1036
685
-18
415
1675
-646
-427
-1142
-1063
705
-935
239
393
577
-75
-317
-805
1583
659
-1520
3398
-166
756
784
491
148
310
1950
734
-24
106
134
-1124
60
-2151
1304
-3032
-4308
-2406
-2197
-110
1904
-431
-909
-1816
244
-266
-72
-682
44
-2872
-675
-688
1038
1238
2563
2480
813
-1475
859
237
1512
79
-1224
253
2167
1151
-1177
-616
216
-2055
-482
2032
1299
1753
115
-227
617
2575
-520
-1103
976
1665
808
2372
343
-482
1323
-300
-644
1467
1696
-1487
99
1230
2012
-1859
-1847
2372
-281
-154
-72
-1428
408
657
1951
-644
-212
1228
1025
1133
1742
-525
-1216
-502
-346
-995
-1086
274
322
-450
-151
266
-1719
-2248
-878
-1031
-1736
-1928
-801
-674
-1882
-296
590
158
-1652
-2304
-2536
-4190
-4193
-1947
-2986
-2025
-197
722
-1810
-2596
-1477
-2986
727
-874
1636
1100
-793
-19
-893
-211
760
1079
-1677
-853
316
-2885
-1392
1450
312
-458
-458
-315
2334
-1188
-2303
-181
-513
-1411
1281
1970
-930
-1325
-180
568
1079
-953
770
200
1527
-1001
-1078
1393
-606
434
-1020
326
332
-1376
-1122
-69
-43
-870
-265
315
-151
750
984
1994
-852
-139
3328
1048
488
502
1187
690
-487
-447
-1326
1265
2825
34
-2929
-3506
-1957
-2373
537
1521
-593
-445
412
299
389
-1597
-9
-1149
-226
-1499
45
-1872
951
2014
-2188
-2253
-1829
-1284
549
1591
1584
929
-935
725
1363
1838
1767
-151
-538
205
-2660
-847
-125
697
-711
-247
396
-115
-1646
2506
2455
2801
665
341
465
283
647
591
-561
-873
-115
1145
2605
1474
1149
1323
1142
2349
275
2747
894
163
869
-1615
980
-365
-15
-1494
-1563
1103
8
1308
425
-807
-23
154
-936
-377
-1539
-32
-985
-2249
-1521
-633
-858
-1393
866
-673
-1068
139
-346
1256
352
532
-146
22
985
-1967
1351
360
1446
640
-204
-1706
-2802
-37
-1263
-150
-1873
-1676
-659
1160
2336
375
414
-1114
-1919
-1554
-2016
-702
-432
448
2393
1649
1499
2998
-367
-56
-2601
-519
-1780
2274
1420
104
1425
-235
436
630
-1592
698
804
-506
651
2823
2764
1344
-678
2814
-168
-927
-347
-280
982
1430
408
1347
3182
1499
859
-851
745
-1439
-721
-719
1353
217
445
1776
-1058
2553
2294
753
2109
-580
-1366
-3337
2148
1612
-611
-1296
1538
498
-2269
-3041
-668
-1030
2497
3163
953
2438
-935
-1149
-1761
321
688
1763
1738
928
-534
-1440
-694
-2707
-2087
-1835
-1379
-32
-333
187
-2191
-2373
409
916
1096
1199
381
-1700
-131
-501
-169
171
30
-1005
487
-246
210
971
691
1395
1346
2003
497
1479
1180
-689
-2486
197
997
-1159
-1234
1352
121
-1437
158
1464
1711
-132
-1726
-833
-1291
1614
831
682
-2684
1042
1478
858
-259
-1884
-1148
-794
1791
1408
-1369
-1746
995
-2131
565
130
714
500
352
-318
-1714
-1812
-2136
229
3102
-650
468
205
-1349
-676
-1564
132
-1113
2051
2070
2761
508
875
-2477
1910
3151
-1334
-2110
1362
-498
-2585
-1509
1275
2622
2801
-1082
-2952
-916
462
708
2369
848
-341
-4721
-2333
763
2714
1030
-1451
-2067
503
463
2627
-509
-2418
-168
1307
2761
-629
-1364
-1588
-73
2039
-698
-3028
-492
2509
848
-228
-601
-2259
409
1083
-350
2565
7
-1882
-1814
-1536
560
370
1109
1008
-1929
1621
86
752
1962
2980
770
134
899
1277
-1387
684
2283
125
342
-627
-22
780
-367
-1527
-290
895
1291
1421
-1616
-209
301
1238
-36
1066
-844
1430
2260
1657
-1122
919
1566
-873
-564
1648
-648
-2646
-544
1916
156
-904
1937
1825
-847
-2093
-3743
-356
-468
452
-660
-1810
2510
-178
-2742
-909
-1558
136
-1577
-1196
1255
1455
-1296
831
1097
1327
197
-284
-928
-1680
-1289
-1899
426
684
1166
1362
1902
820
1355
829
1275
154
-1941
-418
-16
777
1925
1086
926
-885
-3257
-1246
43
-3824
-1975
2607
-1009
-1249
-870
2632
956
382
1454
-512
-1406
2721
1663
443
143
-1303
-473
1986
312
-1457
-411
114
-521
-3255
-2210
643
-35
-730
-1324
1207
1234
-2031
-1243
938
686
-1475
-1510
-2442
319
-341
1196
500
2915
749
-1345
-1038
-442
-82
1502
1311
-1039
-33
2549
275
156
2853
3986
1078
-358
-1701
-1693
993
-1113
-1338
-785
296
1571
490
-1272
-1021
-2162
993
-1057
-594
-1246
1961
918
408
1083
2314
397
-289
-47
281
415
836
-755
978
475
700
1727
75
2001
1941
-209
-921
-438
649
932
-1079
-1041
803
1032
-477
-223
926
1825
-1521
-1669
1741
1811
1003
1594
-2778
944
99
217
280
-932
661
2388
587
-527
-1535
1335
1286
-1034
-1699
485
-299
-1928
-518
-53
2163
1704
-1728
-804
-33
-1096
-3258
-1304
-2838
83
-1184
486
-1504
-860
575
-104
141
-225
77
-136
-1427
374
151
539
2758
2299
-540
1560
668
557
1044
541
1251
965
1277
-244
-379
-2927
-530
-1636
2109
223
296
-1173
-1411
632
48
966
-1332
-1226
1544
2607
-34
693
-791
-825
1227
743
1501
1543
-1305
-1290
-1831
1587
-848
685
-1318
-1127
-449
2973
-916
-157
-733
-876
1611
-773
-367
-759
-1019
-646
-445
-2481
279
1532
-998
54
929
1469
-84
751
-429
574
1035
-547
-1165
-2642
913
-1057
-837
-524
824
-1468
-1364
685
406
-1024
1421
350
707
133
1424
-1838
-3235
-2488
-1442
-377
1194
1704
513
-1218
762
-636
762
-5
-1748
-166
-925
-135
-1745
-1391
-106
398
1172
-233
2741
-2202
-1362
-259
-1037
1273
286
956
490
-1285
-1113
-175
894
-1097
-1657
3139
569
-569
-817
-2116
617
-1345
-368
94
1141
-634
1096
508
846
-379
-2573
-202
2238
-2185
2713
1965
207
1054
164
1059
-1008
101
-208
81
987
268
1697
1096
1146
388
-699
-497
976
-824
-1008
784
-2284
178
-100
-910
2273
-340
2765
-284
-531
-1289
-1341
-632
1855
23
829
2185
-861
-422
3395
-936
1232
-1526
1842
-179
-856
722
-746
993
-1266
231
2664
-345
1310
-1544
349
1893
-2138
2189
-573
-974
419
1806
-821
1647
-111
1176
1467
1329
-844
-1007
-735
673
500
-995
648
-1383
111
-799
841
-12
-1517
2035
1073
664
1256
1304
73
-299
875
-118
877
433
1686
-774
938
430
-2328
1043
848
438
-862
-763
2425
-3317
2559
379
-395
402
-832
-78
384
-212
188
-1117
-626
-1452
3004
1830
822
96
2620
-181
-223
856
-1048
-1178
-173
-46
-1410
-1777
-1132
973
-1853
-1010
772
896
988
1682
-779
2415
-424
-1778
-2046
331
215
1856
-1512
-1305
-278
805
25
-1278
283
-1767
46
2137
1082
-1524
948
290
-2364
163
-1060
2423
3291
-970
1243
920
-1292
350
-482
107
-772
1739
-592
-1537
338
-324
-1197
-10
-186
-770
-546
-192
48
169
11
-1185
637
-2323
287
1876
15
343
-722
684
-755
962
240
725
-647
381
64
-1891
-96
978
-2156
-421
62
-1681
-1165
-1694
-287
-1467
2686
-641
35
-108
1128
-1248
-168
555
-1591
936
-2635
-101
723
-188
-760
-819
-1748
-1067
1153
-2301
-999
-395
-257
725
21
853
417
285
-1447
-2318
-1126
-609
-2266
1110
-352
1190
699
-583
-1971
-237
-118
728
-284
-1096
259
-329
570
-898
-1542
1639
263
2189
101
1534
1016
2182
1317
466
-585
1138
-2401
-1345
-1667
684
-885
-807
9
-546
741
1878
-1363
537
53
240
-92
1084
121
664
881
-1468
602
283
2430
-1174
1506
-2371
-1497
-421
-934
1132
476
309
559
-1300
1346
-4
-1671
779
-425
-2380
-931
492
-1604
920
-1144
-1825
464
-1503
2129
430
640
1184
-1770
-409
-578
1527
-313
-1536
942
-158
-1099
-2159
1312
559
-1342
-912
967
-232
-1105
-1503
-1179
1680
96
-500
1469
173
-330
778
1014
-330
-1709
1232
52
925
1457
-2287
177
1950
317
292
-800
777
-2472
-351
-1222
-959
86
680
-2007
2
-965
-982
188
1285
710
-157
-1614
767
-1193
825
1981
-91
796
-1573
-1276
-1633
-1653
1089
145
909
1079
711
-419
-2916
-565
1989
-1118
434
368
-926
458
-1135
-621
-2252
232
1195
-1671
262
878
-505
2143
322
-257
547
-2581
618
-330
789
1293
-1418
2797
1800
-920
1190
-901
-418
862
645
-846
832
38
-2464
-1566
-176
253
-430
-375
-215
-137
-532
-370
199
-845
-514
1009
768
-1889
-515
-213
3024
-1712
257
-1726
95
1417
-813
-244
1558
-569
295
228
970
-181
-823
61
-817
-1629
-2860
-761
-457
-2115
1069
1246
-109
-866
445
-2172
1140
-1414
-2412
850
-2918
-814
817
401
3270
-876
-384
-55
1731
-330
-961
680
247
340
784
559
-479
-670
-2203
-90
1482
-1420
580
72
141
-34
-1653
1524
-1060
-694
-410
515
447
-2398
-1109
-576
-179
-1940
-922
1380
1615
-9
-1397
-1160
-1307
-65
280
716
64
1117
1410
-1419
525
412
-1693
1893
922
16
42
419
945
1235
2236
-1078
-152
-1442
-477
442
-724
88
146
-335
2754
-572
-33
388
253
-1566
238
-2176
-308
-81
-719
-134
-84
665
-1083
1243
444
2007
-992
24
1886
-389
-1048
-444
-559
38
-963
-196
-1322
-361
519
964
-648
1384
-292
-348
-181
1893
-669
-2364
3675
34
-109
-238
-2228
2294
-1514
1188
-364
-828
-28
-1276
-2063
-778
165
787
417
285
-376
-66
-2483
687
442
524
-614
497
-557
656
1672
331
-391
-64
-245
-1162
-850
992
-1020
1295
18
642
-20
-2444
491
480
1240
-22
-334
-695
-338
-718
-242
1764
-2921
167
-595
-935
-777
1090
-245
-517
530
569
900
-502
-181
1337
-935
1142
963
-46
874
-1145
1548
-1142
-1801
-570
624
89
968
-166
-963
-1803
-181
-1860
1225
-1220
1027
615
-164
239
-51
-1808
1684
1759
-1196
-269
-2152
-1902
242
617
723
-1375
-49
-1653
-1040
-628
119
-958
321
-219
1025
1508
512
272
603
-1005
1174
-266
-935
-1869
-608
-1068
-96
-811
853
-517
-924
-78
563
-2277
-998
-44
-344
-339
-1029
-470
1856
427
-543
1842
146
-523
1368
1141
1692
-172
-334
-89
-987
32
-1410
1895
-1122
1652
-83
1540
-2218
3
-2889
-1487
-1935
-437
-1063
-1347
472
-665
-1458
1704
778
189
1346
743
-1147
2682
-956
435
-147
1892
-419
-363
599
-1062
167
-455
-1028
574
1674
1016
-435
-60
-1691
1167
-1270
675
-1042
810
-177
-1351
1767
3420
336
-370
1799
1737
152
-578
859
1107
83
2342
1936
-1109
690
1677
513
2220
1356
830
1619
-430
458
1412
-251
1375
991
-1216
107
473
82
1717
866
-501
-1299
-466
-386
318
120
-165
-2301
1756
1805
763
845
1294
171
1583
386
-592
-277
-155
-1420
387
-468
-848
-1008
1094
254
556
-62
-297
641
1933
-1351
-1251
1145
-2727
-1394
-652
-227
167
-262
304
-615
-2472
-1524
-246
754
-2219
338
-433
-1469
2049
1849
-791
-2497
-922
-683
-932
1527
-1033
-2030
-3427
-946
1871
430
-27
-1992
-2235
1442
-1689
3059
359
679
1612
-19
-197
1035
-480
1626
-655
38
-490
648
1739
575
-410
-875
-1311
2604
684
1648
260
995
2354
1954
-1195
63
-632
1452
-1646
-508
-1270
-1471
431
1423
112
1158
-416
-302
-894
983
-1243
-268
-3167
666
-1911
-121
-633
-302
1028
-1556
-1014
-137
25
-435
-2227
1167
299
1317
2480
-1626
-503
1546
1964
-1463
-35
99
787
347
-687
116
-1260
-1427
1125
283
282
525
-1534
614
-2319
2909
-161
118
-861
-965
1187
2837
1073
1542
-1372
-936
586
403
1459
1164
-1181
-516
-2235
-1688
-560
-460
374
93
-1473
1156
-1310
2526
860
-245
-177
-518
342
1604
-25
-929
-1367
1715
-1298
1469
1650
-81
-760
469
-17
-2734
917
2081
698
-402
-422
930
-308
-718
3060
257
1969
-695
2183
1491
-31
-92
1380
682
-794
-643
13
175
795
-1178
-2626
-850
-41
-1248
-2154
-723
1740
-543
2707
945
-238
-876
-1393
1156
892
1799
744
1752
-696
462
-154
-131
-733
-475
-555
-848
1818
-1628
-969
2693
760
589
1544
2268
-773
-87
1575
-817
1453
-1125
289
-556
-196
-1008
-154
-1750
-1568
196
691
-768
873
-810
351
-1119
532
670
-1299
1370
-261
1157
-397
-198
-250
-2460
-1399
1085
-2770
2908
1205
701
703
2284
-7
-1790
-1376
1079
-334
-2088
-504
777
-1550
731
-2009
24
306
35
-206
-751
970
1618
-910
507
35
818
-435
-562
-883
-149
-1356
64
2565
835
1734
-972
-1295
1401
1203
207
2591
1707
557
958
113
879
-2592
-283
2583
2420
1921
-686
576
-667
126
-647
1269
305
1807
1325
-675
620
3154
665
-1607
-2123
838
-214
556
-789
1569
712
-93
-67
385
724
3124
801
-1736
628
-2217
98
-1067
-939
-417
-3400
-2295
-660
-366
-2368
588
-342
-63
1685
1670
536
-828
-232
-1128
-2507
1727
476
1026
385
-208
1401
71
2533
1973
684
-443
-1110
-1822
691
3086
-548
1844
727
-2114
-242
-1472
-36
-3178
-2963
-1656
2604
415
458
-104
-1137
2329
315
1050
220
-225
-160
-479
-1489
-1160
-2602
1193
1664
900
1195
73
-178
2682
1219
1722
20
1841
-378
469
550
-128
-107
-283
-2087
-878
-372
16
-853
-662
-1385
564
41
842
1176
1496
141
-1488
-992
-2134
847
-478
373
2996
-23
1348
668
-2460
1984
-2131
1550
2517
1278
1485
1433
2202
54
-1505
-731
-1118
-871
-1192
-119
-63
-427
2326
1017
1847
4
-670
-2791
-526
1794
153
-1385
-1581
-1921
-1536
1582
842
-692
1202
604
529
-724
1641
-122
863
-1034
1222
1743
-400
-536
1461
1533
-724
-871
-1643
632
-158
-350
740
1591
-9
-1745
3980
380
-1193
-1501
647
1173
1063
2172
474
-302
-512
1108
1207
451
613
-1029
521
227
656
-1005
1763
-288
100
1212
777
-860
197
-1120
2629
1328
-549
1274
-705
-442
1569
535
2338
-912
-664
-1414
1190
177
-295
759
-211
-557
150
290
947
-996
-2635
1214
834
952
-499
18
712
-1155
957
464
2833
1451
-1932
-916
1069
752
890
-1173
-349
715
977
1717
-29
1571
-84
486
1460
-978
766
1132
292
340
-170
-2281
-590
196
-1058
249
524
-2136
2594
-428
321
2044
1372
-104
94
-654
2786
2429
-845
-270
696
1025
-1151
1047
2265
379
-878
-1325
2329
213
-1221
-1225
-487
-1891
-68
81
393
1026
1000
611
-942
171
106
-236
653
618
41
1120
-183
389
-1360
412
-295
1398
1424
-1326
-399
225
851
2387
1543
495
523
-846
-27
-1698
-1388
1081
1349
-1697
-832
603
-2273
-3044
-2208
462
2067
719
281
704
-437
1129
463
1268
1409
2494
-1283
-1863
-1750
132
395
-1133
627
776
-263
512
287
512
523
1305
700
2841
-8
-840
-400
995
1325
1357
-292
105
-2867
-1091
1432
923
-759
-1314
442
-460
-43
263
-127
-383
-347
467
990
1359
1852
945
-825
42
-219
1363
-1349
-1503
-545
-2079
2289
-112
669
1202
690
-2979
-240
-2146
589
1297
-410
-1079
539
-65
1585
521
1076
14
999
1430
-1153
-2110
-13
-603
-190
-423
-667
-916
195
752
118
1251
-2407
1015
807
1255
919
-1402
-154
436
-891
-200
-216
-1169
149
-1592
-1214
40
2032
695
-577
-2940
11
-350
-854
-705
-944
708
299
-1651
722
935
1311
724
97
1175
-1474
-1285
-539
786
2005
-178
-2401
1489
688
526
-1960
1501
-1482
-2223
-1954
864
-2598
-1510
-844
-605
-251
4806
1874
799
1253
475
23
2518
1015
345
1133
-19
68
-1005
1322
-1408
713
390
-898
25
-1038
3012
1194
-1034
1078
71
743
2138
1364
-1455
146
1370
-1658
1030
805
2475
566
-751
1057
1340
-335
1155
-765
-1872
-384
-978
-239
393
1971
719
180
1230
-1160
1345
1601
2058
-2158
-1770
1664
-576
1961
2156
-1286
441
-427
365
-141
1436
335
-1663
-295
-1323
-2000
-1060
-2642
-1146
652
-431
-46
2979
777
511
-993
-965
766
2015
-1126
-1879
-2657
-1437
-2872
-208
-2676
-485
-492
-814
-1479
-1599
698
810
599
-1032
464
-1243
