-1712
-563
-3651
941
-1096
-747
-291
-559
-991
566
-1048
-639
-2093
1924
-2372
1766
-1525
574
124
-655
2303
1290
-1754
418
-1517
-241
-423
354
-2093
841
1361
3285
-1109
750
642
-1861
-237
-974
108
172
134
-1239
1136
-1326
-76
739
-273
-684
614
1256
163
-1734
238
-1499
184
120
-828
2194
1190
-1162
1671
1427
1845
-862
-1524
1669
-1431
1410
-694
2732
3698
563
1118
3424
422
1291
827
-658
-676
2066
543
-1206
1694
733
-1896
648
928
-2036
908
1214
-1111
-810
-2178
2104
-252
2286
2172
-1332
-297
-2584
50
-24745
-460
-2413
-1615
83
-272
-181
763
-2107
-1750
-205
-355
-445
-350
729
-1909
-630
-1021
1540
282
-1131
489
-270
32
1328
-146
-327
970
27
315
1842
-183
2698
-2278
-281
-1434
-811
-1287
523
793
-117
675
-2462
955
-1101
311
2379
-1173
1301
-1062
-1828
1200
2479
2566
113
927
369
-3991
1084
-916
-1870
2032
-2908
1780
1969
-2443
3121
515
1318
-1538
3154
1030
2003
3239
192
198
-1243
212
-2154
1922
-974
-1918
-615
-2850
-593
-299
1183
-1117
1848
664
-1834
2196
1406
1054
-2717
2147
-487
-5149
-340
-838
1624
-3596
441
-237
-538
-1196
837
2276
930
-1457
-1043
-2887
415
1357
-185
-461
-2083
924
-1072
-160
1304
-687
-2202
4404
-1180
3095
-1988
3556
-1862
714
-1444
-1136
2877
-2372
2711
-141
516
-1206
-1816
579
1968
3430
-808
-147
1863
143
2423
1329
1511
-1951
1682
-2362
2328
-2452
1465
-1295
1228
-1902
-985
-1059
1690
1804
65
-686
904
-1122
1388
-30
1843
-811
-2456
1220
52
-671
3466
-3226
1219
-1630
-1936
710
-2110
-1198
1779
-1413
2235
326
4088
872
-900
826
-2024
-436
-2047
1910
-738
718
1425
-1854
1367
195
408
-2372
-1930
1159
-3886
2094
-3699
1770
-152
-2026
-184
-50
-2501
1159
-1749
1706
-1562
2614
-706
458
-1436
1672
-1017
816
1962
-2878
503
152
-1935
1557
-1509
2525
3036
569
2000
-890
-1903
930
575
1147
-369
1884
226
-620
-2222
-287
-44
-3596
1792
-1104
1022
818
-577
691
-703
1505
-662
2865
1856
2036
2401
-547
532
-2780
2155
-1411
2731
1964
-3344
-224
-35
-3115
-169
1031
-532
307
1623
1703
-1484
-1476
3349
-4187
-2065
963
-1415
403
54
-1558
-2458
-2857
1430
-118
-425
1995
-3569
-195
1664
374
1629
1339
209
1359
-472
1208
-346
552
402
-1666
3590
-1720
2125
-2227
764
-846
1836
164
-973
-1071
354
-533
-1220
2400
-3279
2201
-817
-875
1158
-308
483
657
1833
921
44
-1212
1512
-1266
128
-1572
742
2542
-1359
2149
732
-1002
-1014
-4418
2151
-979
1526
138
-1824
150
1526
-681
-450
2376
-1379
-2555
592
-162
-266
-1191
-505
-3761
382
-1713
819
2155
1420
793
66
1060
-2465
2147
374
2064
-1359
-1170
1809
1976
1522
-86
1493
262
65
-1291
-1497
589
2594
-390
1663
-324
-2019
2475
24
2824
-531
1099
-692
-1365
379
-187
3135
-655
-2396
88
1257
-1472
898
166
1077
-1613
265
-4201
1986
384
-739
1252
-689
237
-1235
2909
4584
-2474
-16
-724
-1565
2529
2165
256
-959
-1661
-368
2074
412
-512
20
-272
-1952
-1230
-489
701
-947
-1421
1630
156
497
-2598
1275
4237
-1737
-1781
450
-896
-592
342
1947
121
1983
-94
-235
3495
-834
1898
-888
788
-480
2482
2986
-324
-135
1395
4
-439
-1435
-1023
856
-2020
233
-857
2693
2287
-2529
1255
-754
-333
362
-1220
-4091
2618
-1319
-1859
688
271
1987
-39
-122
141
-3367
-394
405
-727
3283
3217
273
1621
379
-873
-1189
1369
667
-266
-2317
1035
-172
-294
248
1392
-284
1604
1729
-2285
1482
414
-1867
1465
2726
970
-112
1263
1222
34
-1870
-1697
709
-1885
-1881
2118
-1294
58
-194
1219
2870
926
-1341
455
-1063
-1441
-301
-642
3111
-347
-1245
-2466
1932
-1654
101
2771
-2032
-851
-2484
-1656
-464
207
-1079
1147
665
-858
1398
-738
850
-657
1558
-2598
2731
-1621
799
-1727
1353
860
-355
1527
-875
-1586
904
-858
-1197
935
2358
689
-254
154
-34
966
294
724
-2715
1221
-1087
-1371
-1581
2433
-289
1049
691
-68
256
-2772
-1268
2094
347
1023
-835
401
-1769
799
-101
-1056
-1990
1024
-1498
250
-1127
829
-756
-114
1171
792
1080
3090
-1596
-42
-610
972
544
674
-512
-1350
329
-390
-423
-901
2872
-708
147
419
728
-898
2641
-2631
2260
-2502
2487
-917
380
1190
-893
2844
-958
-702
-749
-479
-2185
-2945
-2219
806
-983
2859
-1310
817
-1396
-354
-1310
2941
-876
-1298
-490
1813
18
831
-1478
-1432
1599
-1473
378
-2892
589
296
640
-2536
-1679
-1779
1643
987
-451
-226
115
857
1206
1483
1188
3642
1056
-249
626
1608
-1108
-403
-1310
2811
-1665
2585
-936
1464
39
-3047
3695
-2731
1645
3153
1415
-34
-1042
-1314
350
434
-22
260
227
-1443
2451
-3229
1269
1019
2160
-2242
3604
-2700
-882
-1365
211
13
-1121
2973
-2237
445
923
-885
-139
-1395
544
4
1659
421
228
-1000
-539
-295
-328
377
699
-11
-856
528
-1311
3217
-1332
1241
-2762
-1129
448
-2910
3584
-1671
3462
2164
-132
1308
-1119
1943
2980
-505
-610
1422
-723
205
1193
-1163
-117
121
1778
-956
575
-2164
-144
-136
-1172
737
698
1840
686
54
410
-3307
209
-353
-1050
210
2004
3044
3241
-291
1201
-3977
527
-3536
869
1141
-2076
3976
1973
-481
2185
-2023
2204
376
1252
841
3098
-189
-1281
-2425
-77
17
-118
2680
2392
-1020
2121
1209
-1354
1333
1126
1416
1138
-1153
1638
1846
1145
-53
-316
694
4055
1611
-1023
-2007
121
253
2104
-3779
-4039
-1151
817
1485
1740
582
2126
-2202
-759
-1879
-2264
-1299
-1536
-2878
-48
1085
46
-226
2211
-3931
-1090
-1876
1289
2035
-1563
-1803
-1067
799
-432
-2670
204
1228
928
-3558
389
-625
-4703
2729
-1226
-2034
-30424
-216
-1846
-1354
-909
-2542
-1091
1079
1049
0
-778
-1228
-314
1018
1932
1992
-948
-139
3390
-2404
-2349
1023
-945
-1503
-3030
-1080
1465
244
-2588
-1862
-575
1073
1623
1365
-139
-1914
-134
942
-244
1897
958
-20
-2804
733
1157
2155
1855
-1174
536
1317
-109
537
-3153
-2542
-2736
-474
2002
-754
1315
129
611
1676
-1940
374
-959
2141
861
-1947
-2274
-300
-1216
-3512
111
888
-2189
1509
939
1157
-1950
1251
1521
-1373
-1567
-488
1726
588
-1610
-1974
1371
-671
185
-912
-3944
-1218
-1797
1687
1627
2039
128
-1432
-1400
-2024
1327
318
-801
-2631
683
383
48
3083
3097
923
1526
2971
504
-2080
-39
376
-2815
-797
-69
-4433
905
1899
-2541
616
1135
1457
-1467
1076
4853
2087
2614
-2434
-1059
-1497
884
-69
2588
-3189
-1765
2273
491
519
-896
-2084
-372
-1339
1179
1699
558
-717
1482
-3942
1964
-1847
-1005
1407
1972
3236
1100
-1490
-2495
446
-302
320
-873
-1804
187
335
-395
-183
523
-2493
-1431
-1353
-272
1298
2350
4888
331
2285
322
-2628
-281
-3769
-2175
245
-277
1895
-399
-2169
-2858
1035
-1992
-1424
-1682
-1838
1193
2497
3171
7
-1589
779
-323
87
-1112
3648
-336
-470
935
83
-256
4522
-107
-1219
-4329
-141
637
-5
255
697
-396
577
-1544
-1088
2420
-994
-1381
1863
69
977
16
975
1391
-211
2617
2005
-129
1547
-1345
-1780
794
2924
1667
2516
1613
-661
2677
-1728
-1313
-795
-309
-1700
-348
402
-2318
830
-1831
-3122
-2484
-2450
234
-1342
235
-175
1840
-330
-1033
3121
1403
-531
1167
-887
299
1961
5715
1779
-1840
-1586
447
-545
2352
167
-1525
953
-235
1030
-598
-2133
2273
-1131
-1491
1398
-3047
-763
-2507
-1986
-782
-3098
-2410
-52
-542
-1314
2351
1466
-1589
-2391
-1022
-102
1614
1912
1711
1323
329
645
770
901
1009
75
-1025
-1213
-1809
2578
-89
15
317
-1706
206
-4498
-2422
808
-1386
-1006
1719
-416
-353
-1543
-134
3524
-3120
-2038
-47
2303
2861
-11
518
-1439
293
1819
983
687
-2348
-3431
1731
475
-1694
2666
1144
864
2286
-110
2966
72
2851
1310
1293
1125
-2555
-3125
-2543
-1003
1037
2433
231
2205
-2007
757
1498
724
-1308
-1270
-1180
-1661
-32
-876
-564
779
736
-458
1830
-2357
-771
2405
-3390
-782
-4222
1452
-609
-945
327
889
1752
-1892
-1936
2252
952
2686
253
-1108
477
-1901
1455
-393
-394
-2182
797
-426
-1341
707
-3401
142
-1080
-2052
-746
-1204
-627
151
-670
2746
2076
-1410
-809
-2062
-871
297
3129
1717
-463
-278
3027
4957
2107
145
-522
-34
-527
-76
-45
-57
-829
2136
828
-632
1140
1442
775
-2095
-2534
-184
252
-2462
-3389
-408
-159
821
1697
-557
-2501
-948
-481
1757
885
570
1305
2915
237
-2276
-835
-83
2950
-853
-3086
2716
-1401
1159
750
148
1741
174
-2395
-873
2094
-1799
-2776
-1340
1855
1310
-11
1199
378
-2402
-3525
310
-643
-2515
484
3066
1155
-1335
-2476
-1694
-1480
2614
699
-1947
-477
-1347
1458
-362
-790
-512
2709
-887
-913
-1139
-2297
-1552
67
1083
-615
-2225
-3526
-378
-328
-586
1350
2921
-258
1182
-497
-2442
1846
286
-430
2677
1347
-817
1076
593
1521
1301
-438
284
-650
-1344
-1599
-773
-1810
2921
-689
33
794
-460
966
2560
-848
-1325
1212
-2012
-2719
-666
-1660
-1036
-390
-109
743
-701
850
2203
-515
-2499
-1640
2320
2196
530
-1569
7
154
-225
-707
1169
1771
1375
101
149
-1
-792
612
270
-1583
193
-1890
-262
-2889
-1186
1820
614
1763
-1696
-3005
-1835
2193
1512
1917
1487
-99
1150
-21
-691
-574
552
213
1487
58
-1982
391
-683
-1788
-1172
1072
906
-1332
-2286
-376
482
1827
1067
1068
-1259
-367
849
1629
-704
-1275
-2045
1355
2808
1605
-491
449
-631
2408
-487
-1610
-1612
866
645
-2037
-379
1963
2858
342
2656
1127
-438
-2618
-986
606
1356
1559
945
-304
93
-965
-665
-29
-1088
-2242
-109
-899
1805
2054
-1781
-384
982
2056
-1509
3025
2835
1607
1670
2818
2220
867
1720
-2872
-3780
-506
-1228
-1315
-665
-2456
-2555
-19
145
-639
-2184
498
1016
-1954
568
-2226
1217
1030
2134
834
-3658
301
-599
-619
-1274
-145
511
1920
-129
481
-263
1485
171
229
-2879
158
-1483
-2495
1237
863
-2240
1174
-4020
-1007
-1681
-900
1007
-2071
-135
559
-150
-523
-599
1917
-48
-66
-1158
200
573
612
640
-489
212
395
-1587
-252
379
-1310
-1538
-2166
2371
161
-65
-1026
-1252
196
-2470
-2243
-3591
-1066
1971
1657
-1313
-2680
-2224
-1476
666
-1113
-1000
1882
1476
-885
-636
708
1568
2741
-438
408
-994
-2684
445
1203
-309
2543
1767
763
-2193
-217
-241
653
-670
518
-540
-931
-1327
1666
-78
1251
-951
-1204
-798
-801
-894
-1949
-1507
1583
-2209
-779
1153
-140
-2471
-1741
2404
1165
-19
-482
-994
811
283
199
752
-1263
245
-21
-626
-832
914
153
143
-188
-68
-551
-1696
786
-526
246
-117
-373
-383
160
1314
885
284
989
709
-138
-56
1565
89
-1325
-1116
-603
-67
1391
50
450
-916
-915
-647
224
-552
-39
-1988
-462
-458
-1468
901
-1247
-1805
-510
72
-63
-629
-1186
-328
413
356
-156
2840
267
-1033
142
1630
-24051
971
-896
676
1098
-619
-751
835
-295
1460
1249
-361
1639
-456
1406
-802
-964
560
598
655
-1153
-1523
-168
-226
878
-858
243
-752
-748
-1136
310
-1809
573
-469
-693
399
574
-832
95
-1104
1667
-933
-71
1294
-1108
-476
-411
-778
664
1481
-733
-1709
-335
865
-198
2222
-846
-637
-114
-424
-789
420
319
1891
705
751
-37
-17
-961
3192
214
-954
472
-88
196
294
714
1038
-1060
-115
-465
1103
291
371
734
-298
-686
399
1204
-1314
-253
-366
817
-31
1003
-371
1247
295
861
-1234
916
-924
914
-286
-352
-482
-590
-860
-386
951
-22
558
146
-2234
1292
1386
648
1406
-77
1673
-464
-851
-3
657
-1043
-227
1448
1458
-1293
-49
-938
-682
-1794
994
-297
311
611
560
1190
188
950
-1326
-82
1895
-1184
-10
-1848
-432
-749
-1471
1135
-228
1227
-137
-111
988
697
2277
17
-448
-49
1637
180
281
1995
-257
131
-86
-94
597
461
1107
632
642
1307
-227
-2
-476
-350
664
-1898
365
651
-187
-671
349
1506
-178
1346
-1687
314
1250
375
2060
-281
1555
-78
813
925
-575
1117
-105
1094
1036
-103
-1081
-1272
1128
-392
-1734
714
-1253
-359
67
-1151
839
366
778
-674
189
710
998
-1431
128
181
-1147
942
-429
-1771
968
880
-1062
-1075
224
-938
-1612
-1143
340
0
-274
188
62
-624
64
143
-1102
-789
-1405
1449
356
1116
-230
20
-264
419
789
-851
-675
-201
-609
-144
940
726
948
162
-1254
704
2900
998
700
2901
56
659
-1389
-75
-333
-1655
-213
-164
3011
195
773
1138
1370
-970
-1876
-592
-937
-96
-200
445
-933
-205
148
290
922
756
-676
577
589
534
178
-911
-365
764
1441
86
1080
-406
7
-181
611
1051
477
-216
460
-1296
-1013
-214
-694
567
597
739
452
-604
-1788
-938
928
1181
1357
-240
-1410
-147
-2657
-662
73
-734
1540
260
1677
1149
901
1063
-15
312
-308
1392
-885
-888
18
267
1029
1674
-1937
547
1003
-1770
520
287
317
-23
345
2006
-1070
-1695
-13
-855
425
987
989
-1088
-168
-1109
1069
-522
1850
-78
593
569
1681
882
414
-236
-940
-37
1101
1352
-704
-610
1048
1071
1613
1146
422
-1860
-373
-167
425
1171
1567
-857
-805
653
1320
412
1962
-1148
-751
257
979
1349
547
514
14
911
-613
-1408
-129
-1091
943
1280
506
1251
-339
780
598
158
1010
-1905
-57
183
415
1334
-879
80
-98
327
941
588
-335
665
-317
340
492
-755
273
-746
-565
-319
-177
-380
-132
1639
469
-372
-620
-498
-170
1887
351
1135
-457
944
1963
-1294
28
-477
2317
22
492
-638
1630
354
555
-1587
-591
-137
-1397
-918
836
601
-310
1124
906
-748
241
-722
142
606
1614
862
1248
578
-684
486
-366
-83
1772
1637
80
-1868
-1102
672
358
-178
354
-1156
-533
-662
-574
985
102
1059
-1135
1225
63
-308
-2382
407
915
-423
-967
1087
-846
97
875
395
19
746
681
507
-221
785
561
-134
418
-442
294
-1278
436
147
1204
478
-726
-158
1659
-921
-741
-1529
1343
1422
1198
518
1108
-994
-328
1274
392
231
739
-77
-841
-1405
-453
-1134
-962
618
-874
1162
988
467
620
718
-138
2186
1317
475
-893
89
583
1616
-648
326
-210
-920
-542
1124
96
397
-1145
633
-505
-81
-892
-287
259
202
1112
-242
492
665
-450
-448
-754
-1271
-85
-1173
919
-236
514
883
657
-493
1785
-630
-686
-1524
-529
1182
867
-61
947
-527
597
348
-650
208
-182
465
-1223
-1962
-474
203
73
243
141
110
796
1484
-295
1686
638
433
537
680
940
37
-175
-555
1539
-250
-656
47
-189
174
-1266
552
213
-24
314
-568
-1203
711
19
206
-451
864
2556
113
-45
1427
1143
1274
-456
592
164
606
-255
651
309
834
-1060
1107
743
46
-770
346
-181
136
-830
492
-1217
-381
-177
882
-77
1964
756
251
653
757
-215
-76
982
-1674
918
32
711
-655
260
-2055
249
881
223
-551
91
139
983
-622
294
-50
-232
-925
1017
436
-948
800
-800
-1560
-172
1780
432
363
-332
760
-1350
647
-1072
-61
-967
-9
-65
-595
715
313
-553
-464
-1178
-583
-1347
1717
488
-1587
-787
523
-450
1133
-349
-890
319
-408
-1434
-973
994
21
-989
-1812
8
1100
2051
-1791
361
370
-812
974
992
-1385
58
-2340
-326
-227
197
-34
-148
-127
-1547
-522
-12
-2300
-711
-321
1029
287
-148
968
512
-666
224
9
