82 6 22 79 115 56 60 120 70 35 5 36 18 45 109 84 60 70 83 70 87 42 92 19 61 103 15 37 7 9 41 88
96 7 22 102 17 63 55 114 58 80 29 23 54 59 63 53 58 89 113 88 52 41 20 51 52 64 102 63 1 7 3 112
81 12 10 87 99 32 37 74 114 96 116 103 35 43 48 90 25 115 32 98 6 1 99 86 9 71 35 88 90 105 65 99
0 106 33 3 124 25 87 115 120 11 31 43 86 1 33 24 22 47 59 87 119 103 63 52 106 55 29 33 41 27 108 73
79 23 39 31 65 23 117 36 41 60 68 79 74 88 58 29 62 65 68 32 46 82 80 126 47 107 118 26 62 4 123 117
90 17 109 125 37 53 9 41 86 11 97 22 103 54 7 43 99 42 126 61 75 80 52 58 42 114 42 118 7 54 121 13
119 68 33 34 62 65 95 79 55 123 10 31 77 7 69 45 43 94 3 10 65 54 98 79 9 105 100 98 84 98 49 60
70 36 74 81 25 111 90 15 65 48 32 71 5 23 23 114 50 47 42 5 40 10 80 125 102 38 106 117 36 118 15 106
56 39 26 23 4 14 42 67 99 76 11 96 69 51 88 2 9 24 63 106 45 118 80 10 125 102 74 52 73 125 108 11
8 96 122 100 1 91 66 122 78 125 99 68 120 56 94 27 121 25 103 96 3 115 11 85 55 125 13 40 85 20 126 9
12 40 25 72 38 117 1 31 9 98 91 13 23 88 67 124 57 32 72 26 53 37 108 44 71 117 33 85 30 10 6 72
4 33 84 58 31 98 96 56 126 55 50 97 40 19 38 32 103 60 122 41 37 117 87 59 52 22 16 37 122 26 74 23
19 6 119 65 26 28 124 13 51 15 85 44 65 23 10 0 121 63 45 15 86 111 111 124 34 13 71 13 17 116 91 80
101 8 44 79 25 57 106 1 91 69 39 106 111 94 86 37 30 103 108 5 61 114 58 125 98 46 103 108 36 121 115 9
41 51 30 113 4 71 27 7 97 70 108 91 52 3 1 44 12 51 115 108 10 52 77 60 39 12 104 40 0 77 30 30
20 76 5 62 20 111 66 49 67 98 28 67 100 66 74 9 45 3 85 35 46 7 78 40 73 70 94 25 111 45 6 40
38 125 91 92 81 8 29 92 95 102 113 48 60 119 27 84 52 24 58 94 102 47 55 77 15 110 90 39 64 12 11 74
25 39 3 12 86 34 118 62 104 67 53 37 42 24 51 112 40 67 121 79 76 46 25 33 29 77 25 34 19 93 34 98
35 89 114 126 55 53 45 104 29 95 78 12 30 18 89 0 88 58 68 16 5 123 86 38 35 56 93 51 8 110 70 118
124 83 51 34 98 112 109 69 56 8 11 120 16 13 86 20 13 105 90 91 14 80 48 120 43 22 43 89 23 118 114 7
95 112 1 73 43 103 1 123 38 1 86 52 93 61 49 1 107 51 108 18 33 13 99 121 88 116 15 6 90 104 90 120
1 109 104 120 11 123 52 11 10 7 77 44 114 66 66 14 95 32 113 14 6 117 118 17 68 126 22 24 71 87 27 18
40 41 125 69 70 5 110 69 32 10 120 120 6 59 74 99 56 21 42 16 23 90 81 108 36 20 68 95 16 94 9 105
24 117 51 101 120 40 73 115 15 27 79 49 68 44 41 79 110 85 106 112 89 88 20 100 60 51 41 12 61 112 9 57
106 90 85 94 13 125 6 13 2 6 9 113 49 126 23 50 41 13 112 70 19 93 110 77 86 33 102 72 102 35 63 89
98 100 1 47 49 95 61 118 12 103 118 8 62 58 97 101 81 11 79 85 16 31 33 115 50 47 112 19 99 60 71 51
37 20 77 100 93 114 37 19 5 28 67 88 7 79 102 46 106 46 5 94 81 64 18 71 77 120 38 55 80 120 22 95
56 72 117 126 80 103 94 13 0 36 21 61 117 97 54 12 20 63 0 33 28 43 87 91 34 32 124 75 93 73 51 35
25 101 16 107 106 17 68 46 98 126 15 10 89 23 8 90 110 31 122 91 78 60 75 77 23 120 95 125 32 77 17 36
126 60 56 31 118 103 116 97 110 89 1 86 120 44 1 5 58 115 102 73 87 105 65 84 1 72 50 98 53 79 42 104
68 119 87 55 114 72 37 30 68 88 104 6 19 48 103 32 87 109 20 4 92 39 0 56 97 59 97 3 84 44 20 93
32 125 45 54 65 50 121 73 11 43 66 34 82 76 99 120 115 22 106 36 126 23 68 52 19 96 34 36 27 47 123 60
