1508 1622 2257 2655 2197 2850 2935 3344 2202 1928 1269 1506 2057 2486 2611 2732 2897 3081 2877 1960 2174 1929 1933 2027 2336 2573 1731 1432 906 1934
1844 1370 2047 2661 1949 2677 3040 3249 2702 2684 2333 1895 1672 2049 1842 2573 2416 3330 2667 2360 1772 1915 2126 2349 1890 2380 2268 2224 1902 2710
1488 1574 2117 2010 2870 2370 3010 2931 3038 2493 2701 2211 1815 1458 1469 2231 1816 2746 2228 2782 2584 2647 2782 2603 2260 2138 1818 2122 2768 3270
1764 2161 2120 1420 2755 2016 3106 2261 2334 1863 2419 2376 2098 1349 1762 1740 2258 2406 2559 2891 2980 3120 2732 3114 2972 2500 2059 1149 2677 2501
2413 1956 2413 2188 2171 1893 2319 1986 2351 1757 2768 2334 2242 1927 1909 2125 2780 1988 2538 2330 2601 3086 2236 3196 2909 3481 2599 2090 2533 2249
2805 2359 2356 2605 2354 2166 2124 2417 2256 1812 2130 1352 1973 1718 2044 2145 2407 1745 2050 1852 2549 2925 2481 2681 2442 3908 2646 3201 2415 2401
2423 1908 1632 2063 2446 2635 2760 2570 1844 2299 1613 1466 1664 1665 1759 2197 1659 1799 1379 1390 2530 2472 3086 3263 2873 3303 3168 3694 2711 2895
2389 2119 1458 1800 1829 2462 2789 2524 2487 2430 2009 2365 1907 1859 1904 1836 1715 2202 1878 2196 2316 2393 3188 3200 3384 2585 2817 3202 2831 3058
2011 2483 1754 1966 1402 2217 2462 3349 3176 2915 2420 2760 3106 2199 2648 1245 2272 2327 2282 3047 2135 2853 2362 3100 2932 2667 2139 2026 2826 2223
1765 2790 2111 2924 1985 2836 2066 3119 2764 3075 2681 1998 2574 2590 3084 2384 3004 2120 2142 2421 2222 2670 2239 2869 2041 2652 1945 1788 1912 1382
1479 2211 1794 2450 2353 2702 1942 2116 2470 2564 2109 1736 1411 1926 2581 2776 2813 1857 2350 2326 3009 3033 2821 1954 1830 2026 1716 2112 2261 1627
1588 2116 2361 1944 2589 2292 2927 1962 2520 2246 2673 2242 1687 992 1883 2187 3497 1967 2254 2719 3226 3891 3175 2102 1733 1564 1866 2176 3232 2422
1914 1960 2230 1879 2219 1506 2751 1671 2514 2471 2855 2424 2141 1499 1693 1872 3114 2501 2181 2110 3111 3862 3086 2606 2466 2172 1993 2543 2660 2927
1824 1947 1582 2533 1943 1687 2386 2067 2954 2879 3072 2881 2312 1648 1325 1627 2374 2878 2544 1955 2119 2969 2618 2480 2826 2278 2521 2680 1835 2172
1770 2494 1543 2538 1473 2273 2337 2529 3136 2895 2707 2652 2145 1408 1399 1093 1909 2351 2782 1972 1722 1953 2264 2010 2786 1961 2528 1760 1338 1629
1791 2577 2093 2362 2066 2526 2649 3154 2958 2758 2405 2554 2539 2656 2073 1453 2187 2061 2801 2081 2093 1645 1970 2413 2586 2360 2535 1717 1853 1579
2141 2772 2495 1919 2432 2191 2959 3098 3341 2408 2108 1802 1976 2621 2048 2592 2402 2434 2760 2754 2625 1857 1398 2230 2054 2484 1649 1822 1837 2445
2003 2374 2489 2536 2872 2603 2811 2589 2268 2269 1811 889 1784 1683 2062 2390 2922 2558 2283 2218 2245 2478 1820 1594 1778 2279 1524 2285 2295 3245
2798 2795 2863 3115 2768 3032 2552 2090 1648 2232 1899 1639 1746 1082 2156 1876 2751 2614 1714 1971 1946 3477 2628 2391 1884 1830 1964 2945 2699 3514
3135 2810 1907 2843 2821 3013 2046 1641 1542 1758 2387 2609 2139 1271 2090 1853 2898 2696 1952 1881 2237 2925 2837 3554 2130 1680 1689 2861 2951 3058
2681 3589 2078 2876 1936 2938 1305 1253 1736 1970 2924 2302 2890 1937 2412 1481 3049 1675 1868 1522 2542 2936 3139 2986 2409 2456 1563 2196 2644 2767
2556 3390 3361 2725 2214 2621 1975 895 1814 2187 2891 2447 2333 2410 2822 2152 2675 1781 2001 2044 2297 3221 2886 2234 1977 2199 1736 2637 1786 2251
2553 3147 3189 2580 2770 1998 2169 1568 1571 2277 2840 2625 1888 2302 2630 2562 2786 2571 2355 2613 2548 3255 2522 2492 1965 1956 2124 2612 1659 2793
2573 3107 2541 3146 2461 2557 1421 1550 1427 1796 2104 2793 2306 2666 2274 2128 2874 2987 2894 2710 2331 3180 2758 2450 2614 1989 2581 2399 2390 2478
2793 2870 2090 3099 2023 2653 1072 1625 1610 2319 2048 2540 2661 3029 2539 2031 2046 2051 2601 2269 1636 2705 2907 2832 2880 2073 3262 2571 2841 2269
2437 2821 2508 3256 2851 2709 1205 1819 1710 2384 2605 2297 2566 2570 2930 2291 2032 1726 1992 2326 1699 2395 2087 2864 2809 2631 2856 2670 2741 2555
2388 3000 3715 3618 2950 2434 1474 1371 1136 1577 2218 2786 2299 2340 2564 1846 1855 2097 1602 2261 2182 2529 2131 2722 2896 3146 2923 2883 2482 2414
2240 3086 3309 3567 3219 2444 2602 2378 1653 1837 2313 2342 2183 1630 1817 2252 2594 2410 2364 2428 2484 2663 2202 2454 2553 3360 3319 2977 2126 2114
2590 2537 2742 3055 3310 2442 3207 3358 2834 2364 1743 1955 2187 1365 1685 2761 3298 2643 3320 3019 2545 2644 2157 2672 2153 3273 2554 3055 1636 2463
3288 2476 2893 2691 3534 2950 2655 2634 2792 2358 2049 2107 2514 1995 2379 2399 2823 2672 2658 2394 2284 2318 1745 2452 2289 2147 2214 2115 2241 2686
