31 486 -356 -186 1035 -655 -277 993 445 -1371 387 624 302 -556 -494 188 1419 134 -351 230 68 120 -519 154 1137 -114 -943 -43 -224 764 -66 -350 -143 -269 133 1410 -265 -384 -13 -602 0 885 -282 30 -748 276 793 178 -400 258 -791 345 8 -733 1267 -117 419 -912 78 137
538 89 -238 -362 -726 1047 1065 -1056 -228 1000 -606 -1121 -705 375 704 213 -437 -383 429 134 -658 -165 1097 -702 -1433 -420 1323 942 230 -855 404 587 -419 54 898 -1351 -237 705 -9 1138 325 -530 264 477 72 -827 -746 -26 270 950 738 -147 1217 -78 -1198 612 -336 1133 -267 172
-1215 530 778 -238 -45 -371 -1339 767 586 -376 252 1141 603 -654 -546 -387 213 738 -973 276 1056 61 -1479 968 1011 979 -2226 -656 1311 376 -640 -811 827 50 -824 1292 690 -212 -553 -953 -563 501 179 -384 317 628 -164 294 -133 -425 -151 -80 -948 199 334 -186 486 -513 199 114
729 -703 -421 201 625 -637 618 -719 -761 509 295 -1187 -899 778 996 -52 -141 -548 75 -347 -995 881 1342 -551 -1299 -879 2194 46 -1696 -149 602 769 -339 24 516 -802 -636 28 733 597 -70 -461 -579 171 -84 -228 312 -374 -474 451 337 172 267 -573 -5 72 -836 -101 321 -89
-71 91 354 -173 -303 939 -140 -3 -239 -581 113 1330 505 -915 -678 573 -411 370 509 -245 442 -765 -870 622 1078 650 -964 32 1902 97 -426 -924 509 -257 -682 528 219 -108 -573 396 441 378 381 -701 422 122 -576 766 651 -794 -1003 -302 138 652 234 -61 647 110 -118 571
502 114 -805 -480 27 84 -604 509 432 161 -481 -769 707 665 -104 -485 1038 -611 -152 389 -676 -36 123 378 -63 -440 357 158 -879 -108 343 442 -179 321 567 -1183 -623 289 876 -176 161 -308 260 1135 -959 -364 818 -627 -954 447 807 -25 387 -813 -416 258 -126 617 312 -865
71 -55 427 572 133 -343 964 -430 19 258 560 375 -1807 1 663 -332 -464 317 67 338 -2 -247 242 -604 484 -734 -662 62 280 64 282 -708 412 -190 210 939 791 -609 -614 228 -688 49 -229 -1115 1542 -311 -341 214 931 -60 -394 460 -591 460 448 102 -259 -241 -38 557
152 276 -33 -812 230 -132 -81 698 -380 868 -727 -699 563 -732 655 210 563 -358 -611 -846 224 485 -432 263 -1019 818 598 -103 190 -201 -104 -3 -1049 -95 -127 -206 -151 -14 -278 79 1089 -781 617 235 -410 251 150 -431 -1001 513 178 149 505 442 -739 -819 522 -99 -76 -426
70 -818 527 220 183 426 -457 -155 369 -1312 1228 96 342 -393 -1786 -490 -142 274 504 227 -380 -156 880 428 487 -767 818 13 -681 102 446 410 1273 -235 -595 -498 199 154 729 -494 -943 347 -423 384 163 -550 155 980 689 -1269 -765 -238 208 -1088 557 959 -182 331 -265 -505
141 67 -62 -89 111 -175 751 -301 -587 739 -943 640 -299 971 1952 -39 -25 -469 -752 592 -53 -46 -427 2 240 817 -842 -281 725 74 -2 -83 -643 -306 256 174 264 -72 -315 294 370 -37 223 -584 683 182 -324 -472 -285 427 1144 -28 -889 863 -281 -437 423 35 468 543
517 -350 -173 -22 539 -150 -546 164 -213 -560 414 -358 742 -287 -899 641 897 524 21 -1133 849 359 -126 410 44 -1075 1088 443 -900 -193 246 -484 925 265 85 -1175 74 -8 235 632 39 -953 490 443 -585 156 895 -1082 -444 439 -675 1268 445 -622 -344 885 -965 -348 -417 -124
-1279 284 77 -558 -364 -130 -339 -226 197 534 -170 277 -873 432 555 -842 -54 -580 412 1509 -680 -606 -453 -149 -33 1002 -1112 -371 1566 60 246 -865 -1004 3 616 1625 -778 -1141 -1109 -296 506 739 -485 65 415 -1515 -268 2532 244 -1074 -639 -1709 993 591 -625 -550 1078 -177 127 -51
1252 -655 100 254 441 265 401 476 -1306 -267 186 -308 1296 -722 231 1141 -706 106 -54 -393 -104 672 769 41 -393 133 -205 -229 -581 258 -90 686 252 -408 -1147 -621 2010 1312 622 -540 -456 -109 545 -16 212 1849 -339 -1930 -477 799 1308 957 -809 -590 268 317 -367 174 -236 433
-238 1192 233 -356 24 43 -218 -1203 1278 576 223 -109 -1764 668 -887 -822 848 283 -644 831 215 -698 -347 97 34 -680 331 452 72 -81 595 45 727 19 257 -124 -1794 -770 349 1560 525 -931 -560 -195 1 -1037 348 1526 125 -1475 -1159 697 399 192 123 292 3 -968 498 170
-396 -123 120 867 -497 -559 42 1261 -634 -11 -803 222 1331 -584 196 108 -638 -612 896 -389 260 -368 50 -28 455 490 -1086 7 -156 -511 196 -847 -768 27 263 249 984 -68 -674 -202 -625 765 10 712 -327 599 229 -1654 -367 1276 199 -677 589 -595 -333 604 416 1174 -1300 -725
96 -399 54 -470 593 277 -100 -1164 -58 -373 634 11 -24 46 -896 887 473 412 -578 92 -884 412 -88 -430 -376 157 49 -38 684 140 -1041 606 926 468 -800 -289 -173 763 67 -1237 601 -273 888 -990 1109 -205 -684 1041 68 -677 131 1019 -141 625 -274 -1428 -723 -1200 1822 1033
552 334 -683 727 -958 44 -344 1082 54 767 -432 350 -583 -453 352 13 783 -1067 -163 315 578 392 -30 181 98 -414 142 964 -988 881 1285 -785 -112 -704 648 0 -345 -1359 363 1227 -559 -33 -1096 1171 -935 -48 1426 -406 324 -390 -324 -491 -123 62 577 400 698 216 -916 -770
-467 -41 43 -713 974 229 187 -321 -237 38 -339 -147 505 730 -446 -314 -1341 1093 778 75 -539 -365 528 162 86 664 -999 -131 482 -1783 463 729 -231 678 -123 -297 45 359 806 -731 -117 -751 840 -1080 -456 -365 -1158 607 -791 722 207 491 -295 -816 -178 -310 -437 189 424 730
220 171 -389 321 -1215 194 -243 214 -260 52 -39 -96 -163 -186 520 431 1348 -810 -722 78 402 9 -520 519 -91 -78 726 -86 -74 632 -1216 -702 89 -338 -353 631 -48 643 -1492 904 850 183 -1010 1427 624 274 390 -163 672 -690 -22 -233 -16 645 -505 -915 672 215 234 -760
-418 -207 -73 314 1243 147 -474 -498 544 631 594 80 -485 -313 91 207 -774 -116 142 147 302 591 -647 -862 207 -628 -918 954 -460 -208 865 810 -226 978 -598 -32 64 -388 1169 -855 -949 118 617 -679 148 -443 100 438 -824 236 701 180 -579 -197 882 1316 -867 -291 -92 330
396 -248 100 -459 -964 232 122 799 -600 -291 -706 161 137 276 -167 724 -334 -156 511 296 -471 98 1001 243 -899 829 604 -874 551 412 484 -319 390 -522 225 -585 -748 468 -152 294 897 -272 11 141 -552 457 -442 -199 509 9 -584 -161 978 50 -243 -1150 1423 129 -399 -457
-407 620 -864 583 532 -542 254 189 478 31 -15 371 357 760 -308 -954 470 75 -230 2 510 -884 -309 282 1302 -1010 -629 1047 -257 -796 56 186 -571 -23 -410 849 1061 -449 -346 395 -1139 169 194 -53 394 -117 308 243 207 413 -276 339 -489 410 267 224 -980 89 610 367
132 -73 319 -438 -631 862 -453 -528 -247 416 -110 29 -5 -25 580 263 -618 86 210 423 -338 129 -559 -303 -946 590 935 -773 75 834 -568 -352 557 767 -491 -548 -1044 933 -503 -527 982 -544 -205 237 672 -362 -66 125 -1305 547 248 -586 429 -129 -878 -627 987 322 -1017 518
-101 239 -1417 627 991 -844 485 118 -340 -414 457 -1451 -733 -124 238 584 347 -810 207 -292 -296 -283 583 -314 938 -620 -388 109 -63 -228 1024 -78 -1171 -783 1113 391 -118 -1075 671 159 -1284 985 800 -666 -851 1021 527 -287 740 -439 -77 568 -404 -170 1052 -387 -132 619 -437 -760
271 -466 820 89 399 -76 -647 102 405 131 -193 1608 876 -644 -431 -817 -304 1402 -665 -396 62 166 896 70 -2 669 -479 -232 180 -269 -499 228 1498 399 -969 -306 355 804 -318 271 337 -1335 -472 1170 669 -764 -457 511 337 -153 169 342 -130 -379 -567 1364 -389 -1198 795 602
-6 269 -285 -661 -456 905 -80 -58 646 6 -756 -1258 -216 439 451 335 37 -837 568 201 -266 -206 -293 100 -226 153 955 -472 487 103 337 -354 -1348 -492 587 366 -270 -723 -156 -625 563 1236 -336 -514 468 473 -415 -287 -48 68 -625 -697 227 775 -38 -1238 503 1198 -697 -452
223 -212 -324 1474 -74 -372 211 -627 -745 92 753 752 648 -568 -224 788 -1160 -319 -498 -131 -101 1464 243 -439 351 -1290 -145 131 263 606 -244 -460 677 20 -489 -197 482 -137 455 855 -128 -1205 -443 522 475 -533 160 -148 553 -782 336 1376 60 -257 5 699 -403 -1318 -9 1170
-103 708 97 -609 -50 -358 -120 443 718 188 -410 -1044 -301 549 501 -1339 566 508 569 134 426 -1361 357 -31 822 1592 -602 249 -632 -1028 286 64 430 180 -149 35 -409 10 -233 -811 350 715 163 -374 -1441 1341 259 196 -1309 211 23 -534 43 59 272 -687 500 1174 -874 -1459
-532 501 -143 156 435 367 -1257 -446 -146 -189 343 1075 219 -579 -311 1488 359 -671 667 -86 -300 369 122 -315 -986 -968 1196 -836 354 719 92 -586 -1581 593 787 408 746 20 431 -605 -145 -760 152 587 984 -1924 -144 274 747 -81 66 -542 511 -348 -309 -115 -438 144 1194 1287
868 -1077 323 -391 -248 -98 891 54 293 -291 165 -40 -208 124 925 -1423 -233 1223 -1043 -22 606 -200 -1173 488 1046 494 -401 508 -250 -190 -645 683 1473 -1457 -425 -751 25 -194 -105 629 336 143 -454 172 -545 1570 -1036 -51 -501 386 715 -123 -1288 545 397 -473 -250 -271 -386 78
-985 726 512 -169 441 29 -417 -186 171 728 -809 -67 83 -442 -353 130 -128 -424 292 31 -116 -16 787 -297 -360 -679 133 -205 596 668 880 -1439 -771 896 -166 1047 -469 136 -169 -445 -112 -294 84 496 659 -327 772 58 49 -478 -480 -164 687 -325 -477 443 268 -285 -442 -446
569 -580 -328 724 -541 -138 305 1159 -768 -705 946 -153 406 -325 -110 147 -473 29 220 36 -294 -209 552 155 34 97 307 -292 -558 -174 -536 159 459 30 -230 -108 -65 -509 -95 64 822 -26 -430 107 -505 -478 99 40 -2 595 220 627 -33 -24 0 -405 81 103 -173 -45
-119 -357 -732 -1082 384 420 -491 -859 544 618 -548 341 -379 759 -596 -317 673 -270 -892 237 794 -103 -256 -170 316 -44 569 35 946 -370 719 92 -933 275 523 -194 -268 282 311 -505 -390 316 -317 -107 477 91 -1032 625 386 426 -798 -1390 -415 490 274 -192 248 189 567 345
-894 942 555 659 -518 -788 -44 731 -287 -178 83 57 -8 -958 564 396 -925 227 596 324 -1059 73 -172 -147 -131 775 -469 -332 -207 895 -424 -350 610 -681 -305 -45 427 410 277 -87 -16 760 284 -234 -345 682 165 -600 -440 -325 890 156 122 -647 -194 805 -568 -408 -481 -777
600 -1529 -362 -498 792 968 186 -1022 111 212 -549 321 -741 192 -289 -421 274 68 2 21 476 -541 584 -153 161 -358 592 25 -106 -914 344 -132 275 -244 441 578 -318 -616 -1177 1253 1430 -596 -168 1021 197 -688 120 -191 429 277 -514 -26 118 412 -168 -522 1156 241 193 698
-386 756 127 474 -344 -737 379 1224 -949 -457 452 -579 -18 111 -171 15 -122 77 53 -83 -456 401 -593 141 488 -3 71 787 483 252 253 81 -171 -40 -566 -87 -298 289 673 -1366 -680 -306 -334 -413 -267 -441 196 638 19 -294 41 329 506 46 991 -435 -1027 64 209 -93
-316 531 -158 -368 -106 692 -568 -882 904 454 -284 -77 508 -101 67 927 220 -698 310 525 -718 -404 717 -230 -81 362 -6 -565 132 -458 -362 -394 -30 -367 358 -675 525 360 322 901 -257 -333 -3 411 1237 -41 -1149 -697 -559 797 454 -741 -149 683 -1767 1070 112 -87 -49 -579
769 -1141 74 396 209 -717 177 159 803 -133 -434 259 -664 1376 8 -1400 171 845 -643 -333 1129 674 -793 -244 4 -468 -415 117 -353 372 514 -300 -616 528 -25 142 -8 -1068 -320 -504 607 399 158 -683 -928 7 253 1129 363 -1342 -223 1624 -300 -1131 1407 -882 430 -700 95 500
112 796 114 150 -146 751 159 -496 -1776 -787 1052 307 -275 -1803 1132 596 -512 -800 731 319 -801 -209 536 554 -525 -38 489 240 -43 -871 -399 525 168 -414 1000 436 -235 181 -503 423 -399 -196 -717 746 826 -395 452 -506 -22 711 -343 -1068 656 1262 -671 371 227 -253 -54 202
-816 -212 155 -334 41 -614 532 266 1500 485 -766 -839 1319 1261 -1425 -242 -56 392 816 -372 -505 196 12 -601 401 375 -328 -217 111 -232 276 -684 -136 763 -477 -304 622 -59 799 -611 107 -565 1038 -414 -1230 1163 -554 647 -834 -88 872 596 -562 -1143 -37 205 -771 962 675 199
740 -214 -770 17 -333 790 -1256 -34 429 200 247 449 -1456 -826 693 215 -114 -502 -1125 115 876 262 -1039 687 136 685 -65 -86 365 264 -81 886 68 -428 -427 427 580 -521 -623 517 493 1084 -1052 587 338 -194 979 -1031 499 372 70 -86 -129 797 -120 -78 986 -800 63 732
-369 696 1028 -83 -449 -309 1128 -726 -646 -834 -170 -90 1465 437 142 -548 -441 -305 2133 -351 -1405 508 1211 -684 -607 -599 -17 86 -505 -486 439 -564 -29 769 518 -724 -833 150 1458 319 -1038 -731 -268 662 143 -1007 -498 643 -483 -1084 -611 299 601 -571 -338 105 -1003 487 276 -414
58 -431 -1211 -144 867 -488 -751 177 30 -135 316 -166 -734 -230 -792 531 710 1351 -2123 532 1248 -1005 -403 1096 1157 -596 9 365 495 231 -228 -260 -258 -435 350 685 543 -618 -1010 -581 535 -167 1356 -352 -197 1221 -583 -915 109 1039 402 -628 -28 185 -86 371 97 -710 -144 -242
-555 317 1029 220 -607 765 425 -357 897 -16 -1047 19 246 -13 704 -881 -658 -499 1474 -999 601 1090 43 -192 -148 821 -731 -727 171 -482 800 -200 413 349 -1108 -96 421 154 569 137 -336 515 -1581 289 -232 -1384 1338 117 -235 -328 -16 634 -762 559 115 -83 59 913 560 435
278 357 -676 -145 321 -593 -167 801 -647 363 1753 -130 846 -675 -1089 611 125 1082 -451 238 -1177 -233 -169 -656 -209 -224 980 380 76 262 -525 730 -475 262 624 -678 -901 -86 582 -752 128 -315 1117 -128 12 1006 -326 -66 -255 -402 488 34 1143 -465 250 -263 121 -759 238 -449
-861 -400 1034 -395 -145 449 413 -138 889 -1567 -799 860 -984 335 248 598 -213 -934 -6 -87 227 -537 191 61 -249 25 518 -149 -377 -373 496 -109 479 -309 447 699 967 -771 -390 307 -237 807 -431 -255 -932 -283 -55 199 359 894 -528 -435 -134 895 -195 108 -775 722 -467 -27
1147 106 -1247 -41 -606 -113 -723 601 104 844 -185 -951 1072 -154 337 -885 225 357 -320 168 -323 1048 142 -287 624 -70 -953 -78 542 385 -239 -123 -451 97 -1140 -254 -738 574 305 -336 -623 -77 301 31 1293 -101 -145 -800 1002 -681 490 902 -145 -109 -239 333 355 -893 879 209
-1300 250 833 -37 786 120 516 116 -666 -234 153 49 -947 67 -534 902 -813 316 -799 -145 1410 -537 -34 620 -831 -87 961 258 -322 -651 219 -473 320 -56 553 122 458 -371 -564 -797 1230 -782 -196 461 -980 240 397 504 -1287 609 31 -186 -354 -166 -447 -335 498 71 -1164 -567
912 -159 -854 -239 58 884 -141 -594 373 496 863 -220 369 -915 -67 -77 1046 -230 677 138 -1609 365 -1262 -389 1355 1264 -675 -941 292 143 -391 661 -346 -862 332 66 -8 -110 570 585 -847 884 -72 -1063 598 158 9 -222 896 -524 -896 303 77 183 343 557 -679 463 655 -140
-837 -383 783 559 -526 -728 490 454 -769 -334 -165 552 -69 102 519 309 -901 710 -332 -639 856 -572 1175 -292 -475 -459 584 -89 -17 -106 -40 -893 560 1139 0 -87 203 -118 -339 -458 518 -342 -308 -347 -439 321 128 120 155 83 42 -524 289 452 -760 -500 361 -252 261 714
436 42 -738 -297 1012 283 -763 228 780 -120 -441 -1179 699 444 -182 157 673 -1281 299 799 760 712 -1132 210 -304 -150 63 754 -314 57 63 391 -44 -1189 882 279 35 270 -149 770 192 445 609 751 -164 -256 0 -13 -766 427 845 250 -258 -1023 167 -61 -238 -306 -865 -368
-492 367 1154 -731 -956 -323 585 -1433 -647 623 985 -45 -872 -331 552 255 -992 940 -507 -48 -741 -330 1010 152 -45 625 211 -1011 -241 -337 -3 -29 566 742 -1176 -94 14 -1084 -106 -401 71 -230 -345 -376 1540 -594 -263 -141 548 -405 -390 -71 218 201 5 -66 -58 -15 767 -162
256 -343 -879 624 1364 209 -402 751 740 -498 -710 179 983 -482 -443 521 316 -340 -280 317 1005 -365 -481 -367 292 -257 -770 287 1589 -8 -236 -386 -350 -666 593 -583 -214 1754 468 564 -705 -215 -11 -642 -1981 701 383 -158 -299 148 -271 419 -523 -30 290 29 425 610 -525 -24
-449 -12 953 -111 -942 -73 519 -308 -444 1249 426 -635 -961 552 -345 -396 -382 209 648 -593 -47 813 -653 -241 358 25 883 -44 -1476 -47 473 -64 175 -293 240 1158 735 -1411 -833 -270 936 -406 185 1020 944 -1034 137 193 -461 59 75 48 810 -512 -669 -27 261 -238 -70 59
-189 398 -605 137 877 -367 -69 269 -185 -872 720 1150 1214 -919 448 361 119 -27 -800 676 -146 -1033 892 -436 334 444 -699 139 394 -293 -39 198 619 502 -459 -374 -874 871 -183 -41 -730 783 -897 -658 643 252 -310 -315 467 -361 -432 -48 -735 -41 1261 -542 -316 546 597 -44
190 -104 723 -247 -913 316 495 -521 216 727 -968 -1227 -237 1332 287 136 -678 401 1118 -752 180 306 -670 -58 -285 -182 276 84 274 234 -997 -99 -199 -319 591 -276 698 -295 300 818 79 -631 548 32 -802 -610 479 88 -255 300 413 -43 -189 744 -479 1155 573 -971 -494 523
-538 -375 -251 53 833 54 -232 59 343 -126 220 1089 -358 -1325 -92 122 -117 -423 -889 912 239 -105 68 -154 -58 595 -1289 -63 -1 415 651 -360 340 -654 151 300 -1096 -176 59 -548 407 564 300 -113 -31 215 -274 235 -329 -183 -507 858 -265 -1067 -16 -774 -527 891 301 387
127 550 -471 -359 -1078 181 280 -243 -926 -110 1189 -1133 342 724 -156 36 680 44 1 -944 -220 265 109 -35 341 -378 1327 106 -423 -781 -428 -66 197 509 -32 -256 1093 31 -111 -78 -199 -444 -506 -18 217 -513 -72 214 464 -295 376 -147 255 971 546 84 235 -444 -603 -801
-268 -109 872 376 -249 -325 -91 135 583 -712 -474 1163 0 -319 142 -57 -1112 66 1108 519 -428 -1038 -131 55 -51 -244 -146 130 117 716 92 380 -494 32 631 -461 -95 -8 63 -666 22 446 -402 -180 391 574 -430 -680 -303 710 148 -1011 -636 -451 -500 -449 -469 920 827 -162
-333 28 -559 356 470 -54 456 -41 -505 1585 536 -1436 -548 204 -250 97 789 350 -1458 -493 725 781 29 -41 355 180 -788 147 -47 392 760 -242 442 -620 100 35 249 -187 -334 738 807 -278 741 832 -806 -579 617 1008 403 -1113 -532 1466 -234 -215 894 344 -429 -356 -738 388
