31.927429 486.052913 -356.259530 -186.601687 1035.590751 -655.129859 -277.062736 993.967696 445.902580 -1371.109540 387.192701 624.439078 302.687697 -556.209324 -494.021432 188.629178 1419.416150 134.388173 -351.683606 230.542726 68.922766 120.609229 -519.888178 154.568897 1137.960999 -114.909146 -943.004366 -43.703431 -224.390182 764.647988 -66.060855 -350.269637 -143.198909 -269.646447 133.267887 1410.710901 -265.865540 -384.671833 -13.114336 -602.931088 -0.920694 885.422964 -282.211637 30.185648 -748.839411 276.317239 793.123593 178.132392 -400.547301 258.384670 -791.083089 345.053964 8.906551 -733.121354 1267.013679 -117.138436 419.380417 -912.442080 78.742773 137.614525
538.743425 89.148804 -238.962416 -362.976035 -726.653357 1047.633116 1065.858032 -1056.915483 -228.870856 1000.869225 -606.821503 -1121.593120 -705.842993 375.830569 704.240425 213.061164 -437.574246 -383.672365 429.846786 134.292223 -658.376904 -165.222918 1097.793373 -702.736272 -1433.071465 -420.128277 1323.380349 942.604730 230.377786 -855.559564 404.189444 587.232811 -419.243089 54.009999 898.647486 -1351.940132 -237.794092 705.875460 -9.379132 1138.418848 325.220589 -530.813221 264.389806 477.612548 72.577898 -827.851820 -746.523478 -26.854591 270.195870 950.278645 738.385024 -147.350640 1217.648735 -78.929100 -1198.360434 612.476450 -336.205888 1133.546806 -267.951220 172.325540
-1215.005332 530.781006 778.381220 -238.635848 -45.815061 -371.437163 -1339.164007 767.397426 586.033178 -376.026896 252.554376 1141.624773 603.919105 -654.592445 -546.698946 -387.176208 213.655742 738.357499 -973.109038 276.259572 1056.560519 61.180894 -1479.934517 968.606257 1011.096399 979.808591 -2226.088336 -656.846162 1311.343269 376.671903 -640.820574 -811.437563 827.560997 50.812702 -824.414500 1292.537243 690.394703 -212.634855 -553.581678 -953.786042 -563.511793 501.466178 179.214255 -384.892584 317.913401 628.968031 -164.543931 294.642138 -133.514715 -425.979833 -151.906179 -80.160026 -948.909153 199.625393 334.291497 -186.485684 486.502470 -513.565928 199.783767 114.490402
729.178829 -703.715710 -421.860578 201.302658 625.443968 -637.415389 618.855652 -719.456886 -761.206054 509.926573 295.578063 -1187.738010 -899.560076 778.010278 996.951693 -52.607234 -141.864705 -548.358754 75.604232 -347.930843 -995.289155 881.550509 1342.428804 -551.772831 -1299.284731 -879.763649 2194.633987 46.807174 -1696.588921 -149.414705 602.069794 769.869440 -339.947260 24.260737 516.532023 -802.480462 -636.684532 28.506909 733.925756 597.981950 -70.497679 -461.410369 -579.797857 171.742844 -84.747540 -228.681414 312.855080 -374.629877 -474.495701 451.415106 337.872294 172.037249 267.288905 -573.993588 -5.207029 72.444649 -836.532351 -101.201130 321.895575 -89.565735
-71.008065 91.832038 354.236828 -173.321213 -303.713331 939.943902 -140.177588 -3.145160 -239.810159 -581.136674 113.841607 1330.297073 505.962922 -915.124174 -678.955798 573.993107 -411.266302 370.225599 509.216577 -245.685266 442.300004 -765.202640 -870.344834 622.148854 1078.559389 650.692181 -964.443567 32.934824 1902.852484 97.093296 -426.859181 -924.971168 509.298536 -257.078100 -682.556025 528.009751 219.571204 -108.022006 -573.604369 396.409745 441.041708 378.449136 381.775420 -701.902598 422.572417 122.343222 -576.546063 766.510106 651.122523 -794.222591 -1003.926516 -302.042598 138.940551 652.797672 234.593825 -61.471782 647.340982 110.681399 -118.819687 571.781680
502.540586 114.029144 -805.448442 -480.934439 27.452529 84.762973 -604.636588 509.213658 432.645810 161.191549 -481.570356 -769.313028 707.141256 665.732091 -104.180688 -485.750114 1038.675280 -611.504866 -152.648500 389.329870 -676.749281 -36.774840 123.509522 378.109781 -63.586345 -440.800529 357.020356 158.783441 -879.168468 -108.662367 343.805334 442.754065 -179.921097 321.009942 567.237631 -1183.130063 -623.104123 289.686799 876.287148 -176.965914 161.371397 -308.299324 260.273130 1135.616400 -959.388268 -364.958637 818.431365 -627.684603 -954.838937 447.556374 807.607644 -25.709103 387.924693 -813.404040 -416.767832 258.165855 -126.752615 617.054129 312.389333 -865.832230
71.964707 -55.239954 427.993095 572.313252 133.401071 -343.408509 964.208310 -430.366222 19.485804 258.023525 560.749855 375.619982 -1807.472989 1.554195 663.573153 -332.544004 -464.352896 317.818164 67.951456 338.239568 -2.996349 -247.787244 242.514882 -604.255772 484.727509 -734.106967 -662.728354 62.776475 280.249010 64.082273 282.551847 -708.162144 412.067989 -190.374583 210.679391 939.545696 791.087274 -609.308896 -614.767280 228.818482 -688.572165 49.965020 -229.398721 -1115.577311 1542.181198 -311.497246 -341.532162 214.579842 931.152645 -60.731200 -394.410191 460.411227 -591.753654 460.589097 448.714569 102.882828 -259.783734 -241.568067 -38.905877 557.092010
152.595881 276.553313 -33.376054 -812.056730 230.945041 -132.543064 -81.914179 698.386872 -380.458102 868.757229 -727.744482 -699.792329 563.859144 -732.419998 655.172600 210.097502 563.623657 -358.834102 -611.768298 -846.179831 224.085601 485.387876 -432.798198 263.518867 -1019.353691 818.430067 598.048046 -103.003723 190.460890 -201.422846 -104.896524 -3.225495 -1049.901355 -95.959048 -127.624703 -206.549815 -151.851877 -14.963821 -278.555677 79.400327 1089.507810 -781.773806 617.928742 235.919206 -410.855971 251.315874 150.142182 -431.754205 -1001.344194 513.217198 178.474529 149.797313 505.004597 442.221629 -739.214497 -819.915636 522.578066 -99.134587 -76.296074 -426.608186
70.909799 -818.673205 527.561865 220.444799 183.595281 426.595622 -457.288542 -155.328493 369.021553 -1312.588835 1228.370616 96.426063 342.958460 -393.017379 -1786.697019 -490.513232 -142.020042 274.819904 504.173308 227.042170 -380.475900 -156.350053 880.087679 428.959343 487.897495 -767.782554 818.479801 13.779095 -681.372881 102.048132 446.629082 410.687065 1273.961176 -235.249250 -595.629264 -498.466056 199.512471 154.403238 729.189310 -494.327346 -943.415368 347.784070 -423.122535 384.731451 163.319836 -550.102613 155.948479 980.407798 689.385844 -1269.259410 -765.829338 -238.161487 208.451594 -1088.821651 557.336004 959.995768 -182.519487 331.851016 -265.938250 -505.100264
141.766640 67.072262 -62.815124 -89.776028 111.035473 -175.173941 751.230302 -301.374067 -587.934684 739.429348 -943.664932 640.410084 -299.792655 971.891793 1952.139145 -39.358652 -25.301830 -469.919620 -752.117522 592.817367 -53.028758 -46.759808 -427.575920 2.026175 240.312643 817.907583 -842.667972 -281.614489 725.697813 74.940159 -2.868903 -83.465479 -643.626855 -306.737470 256.832525 174.919012 264.518159 -72.233646 -315.379223 294.838505 370.643194 -37.454083 223.742769 -584.754801 683.407299 182.622110 -324.274418 -472.516318 -285.646352 427.117383 1144.722684 -28.242143 -889.575927 863.287859 -281.483939 -437.198333 423.416557 35.856197 468.092725 543.942653
517.804272 -350.407118 -173.589720 -22.310097 539.777263 -150.302323 -546.467228 164.434034 -213.474649 -560.828269 414.757838 -358.486774 742.753447 -287.683362 -899.184594 641.296023 897.422368 524.011859 21.931509 -1133.658004 849.372988 359.777383 -126.240002 410.795198 44.749504 -1075.268734 1088.737700 443.550647 -900.768313 -193.875794 246.640178 -484.542126 925.579538 265.980970 85.118039 -1175.567974 74.984011 -8.483778 235.877730 632.958120 39.133167 -953.870489 490.194416 443.391652 -585.632892 156.986824 895.133813 -1082.141133 -444.160861 439.326680 -675.779899 1268.446505 445.174453 -622.448168 -344.878974 885.037938 -965.384223 -348.468740 -417.364551 -124.318090
-1279.015983 284.497076 77.582245 -558.450448 -364.667004 -130.788444 -339.427217 -226.256416 197.994346 534.461543 -170.947186 277.349024 -873.101976 432.796256 555.818508 -842.118488 -54.383354 -580.041273 412.641401 1509.120037 -680.071136 -606.733145 -453.751083 -149.253731 -33.724093 1002.069805 -1112.978476 -371.847443 1566.549980 60.391467 246.839827 -865.340664 -1004.476047 3.249218 616.357616 1625.545804 -778.333104 -1141.183785 -1109.310694 -296.242345 506.758064 739.323026 -485.829354 65.252544 415.474040 -1515.528219 -268.842063 2532.035836 244.025289 -1074.786540 -639.703230 -1709.554466 993.520336 591.502039 -625.146613 -550.125656 1078.020032 -177.490949 127.434208 -51.129095
1252.445865 -655.289451 100.972320 254.415383 441.185404 265.203315 401.498439 476.829950 -1306.599660 -267.735057 186.560895 -308.581583 1296.656591 -722.166806 231.586609 1141.362321 -706.412369 106.527264 -54.425833 -393.810576 -104.377203 672.891211 769.366859 41.195991 -393.604497 133.452166 -205.517424 -229.216898 -581.034754 258.116241 -90.963805 686.280170 252.808671 -408.653070 -1147.365034 -621.124314 2010.423956 1312.798027 622.902343 -540.500151 -456.319557 -109.384500 545.881700 -16.013787 212.461416 1849.683715 -339.345015 -1930.770391 -477.026453 799.893308 1308.206459 957.308894 -809.700424 -590.266795 268.028614 317.419353 -367.189540 174.791880 -236.382107 433.576902
-238.946174 1192.225300 233.308098 -356.426994 24.298718 43.352552 -218.441123 -1203.053972 1278.458625 576.572282 223.530112 -109.052758 -1764.123468 668.967186 -887.620565 -822.675362 848.344475 283.436776 -644.451218 831.487779 215.377509 -698.955481 -347.814276 97.901109 34.790539 -680.457373 331.472212 452.794847 72.340538 -81.616360 595.523971 45.564881 727.562948 19.636100 257.443124 -124.873508 -1794.228509 -770.268135 349.211320 1560.571769 525.532045 -931.346547 -560.133870 -195.185338 1.716954 -1037.848780 348.666139 1526.387861 125.326130 -1475.528522 -1159.422742 697.403657 399.117766 192.599825 123.337547 292.134091 3.180120 -968.625074 498.007716 170.580624
-396.570811 -123.199074 120.954448 867.237395 -497.023285 -559.175758 42.928240 1261.393780 -634.142088 -11.775714 -803.510648 222.867263 1331.730744 -584.610943 196.249480 108.558914 -638.105252 -612.939866 896.981018 -389.164639 260.597331 -368.877251 50.342157 -28.922176 455.740752 490.578382 -1086.153580 7.503057 -156.251912 -511.079137 196.417943 -847.606974 -768.620090 27.408357 263.330309 249.516577 984.124457 -68.025745 -674.393537 -202.437058 -625.549534 765.541138 10.189107 712.433562 -327.714905 599.748357 229.664179 -1654.054314 -367.044230 1276.136296 199.454018 -677.790325 589.383207 -595.962129 -333.820714 604.367568 416.273601 1174.001444 -1300.362292 -725.008327
96.062988 -399.005690 54.898482 -470.688708 593.432649 277.325403 -100.471178 -1164.223312 -58.061448 -373.595495 634.189508 11.165566 -24.187578 46.127002 -896.225496 887.808304 473.613822 412.945275 -578.352102 92.890671 -884.687556 412.817526 -88.498263 -430.080288 -376.313005 157.021514 49.753083 -38.233737 684.468795 140.625380 -1041.616989 606.519884 926.247240 468.581857 -800.965673 -289.194894 -173.798252 763.598203 67.844257 -1237.238803 601.123450 -273.781566 888.212421 -990.349352 1109.818284 -205.025316 -684.791395 1041.426812 68.008390 -677.344166 131.711234 1019.269978 -141.547704 625.805487 -274.330670 -1428.177985 -723.432746 -1200.641488 1822.128650 1033.031048
552.425921 334.877689 -683.208121 727.310165 -958.214503 44.832865 -344.039628 1082.792493 54.088193 767.408301 -432.556559 350.233093 -583.396205 -453.795329 352.074303 13.758043 783.584337 -1067.842487 -163.379704 315.520805 578.858036 392.757991 -30.157308 181.971683 98.420616 -414.586111 142.658982 964.569601 -988.965963 881.590084 1285.616300 -785.681940 -112.141462 -704.196974 648.531637 -0.361844 -345.076813 -1359.108713 363.391011 1227.029992 -559.691815 -33.573232 -1096.504913 1171.452454 -935.413176 -48.058337 1426.588776 -406.819633 324.602358 -390.518410 -324.523425 -491.150824 -123.394307 62.829867 577.705407 400.893091 698.394101 216.153743 -916.490528 -770.532371
-467.283594 -41.162998 43.541170 -713.436423 974.728977 229.796726 187.685235 -321.881251 -237.892536 38.911875 -339.418806 -147.736678 505.865628 730.819736 -446.967017 -314.409598 -1341.352747 1093.667007 778.314926 75.845170 -539.638388 -365.789581 528.274150 162.990552 86.870918 664.983215 -999.839715 -131.301493 482.495615 -1783.811677 463.558734 729.528175 -231.296180 678.465447 -123.203934 -297.073538 45.929784 359.677597 806.045723 -731.924017 -117.601356 -751.061801 840.594724 -1080.541084 -456.003211 -365.625104 -1158.368361 607.366095 -791.194529 722.080710 207.067434 491.890010 -295.393588 -816.184595 -178.943984 -310.762337 -437.987379 189.728172 424.746213 730.415825
220.626919 171.102946 -389.081574 321.174301 -1215.021927 194.694418 -243.043627 214.992075 -260.548009 52.396954 -39.404063 -96.415705 -163.030516 -186.384252 520.613521 431.768043 1348.729421 -810.322130 -722.156031 78.134897 402.019292 9.414970 -520.106909 519.256277 -91.246611 -78.626603 726.546450 -86.118353 -74.369769 632.673844 -1216.629055 -702.430715 89.819521 -338.020184 -353.880325 631.256451 -48.590295 643.493587 -1492.537240 904.806225 850.822413 183.463053 -1010.213273 1427.627017 624.616568 274.604719 390.501062 -163.228117 672.353794 -690.543419 -22.566920 -233.250797 -16.133578 645.354140 -505.869356 -915.567659 672.690197 215.310326 234.804948 -760.957317
-418.380014 -207.721314 -73.325232 314.971890 1243.056751 147.806524 -474.542279 -498.369829 544.030434 631.124618 594.273358 80.919686 -485.530392 -313.959228 91.440412 207.318111 -774.284144 -116.325440 142.615517 147.453742 302.559700 591.151815 -647.732684 -862.079208 207.967916 -628.449531 -918.838821 954.047066 -460.732069 -208.388211 865.319848 810.660937 -226.201299 978.419410 -598.876401 -32.551924 64.101790 -388.547971 1169.564898 -855.955291 -949.154857 118.217554 617.514219 -679.516070 148.685273 -443.969812 100.695302 438.899247 -824.403140 236.679281 701.414506 180.823245 -579.487542 -197.530440 882.428163 1316.314003 -867.763770 -291.243201 -92.091091 330.897944
396.293154 -248.468600 100.232051 -459.231216 -964.748132 232.685938 122.546058 799.774783 -600.932940 -291.936385 -706.684652 161.590409 137.705519 276.717474 -167.638043 724.727061 -334.830878 -156.913384 511.400199 296.131530 -471.132557 98.187520 1001.387326 243.079931 -899.903281 829.670063 604.317743 -874.664612 551.219103 412.588280 484.318194 -319.976924 390.609991 -522.976053 225.991854 -585.539628 -748.087489 468.870707 -152.177341 294.668656 897.337629 -272.366945 11.220042 141.182504 -552.637030 457.689262 -442.027636 -199.783114 509.551461 9.514479 -584.095560 -161.364510 978.053236 50.933416 -243.496367 -1150.560659 1423.848036 129.956261 -399.044318 -457.574934
-407.325294 620.935595 -864.028212 583.675421 532.101750 -542.406485 254.488646 189.560750 478.188904 31.759495 -15.308695 371.255985 357.230336 760.053232 -308.523637 -954.482662 470.790743 75.021617 -230.533297 2.358371 510.129959 -884.575059 -309.336664 282.247032 1302.626649 -1010.239507 -629.097260 1047.409208 -257.864414 -796.112558 56.838321 186.530910 -571.970035 -23.521163 -410.124065 849.388395 1061.197189 -449.021413 -346.259628 395.289295 -1139.788469 169.061593 194.853483 -53.698465 394.909950 -117.252179 308.090419 243.541061 207.016480 413.916818 -276.192085 339.555670 -489.382747 410.783560 267.054603 224.816591 -980.364416 89.464696 610.987263 367.652048
132.507172 -73.035259 319.352663 -438.261882 -631.294176 862.813243 -453.892210 -528.932813 -247.740741 416.844897 -110.820021 29.089707 -5.416394 -25.039758 580.580690 263.650691 -618.585177 86.315574 210.066577 423.554501 -338.814098 129.288839 -559.780856 -303.796081 -946.985560 590.498172 935.444494 -773.174303 75.943454 834.157189 -568.991098 -352.305327 557.692551 767.932078 -491.209391 -548.053620 -1044.652211 933.532392 -503.695356 -527.748380 982.934885 -544.640750 -205.479564 237.178958 672.736244 -362.746848 -66.728177 125.178404 -1305.297948 547.373464 248.076517 -586.912537 429.466187 -129.653806 -878.148420 -627.345847 987.526926 322.479850 -1017.165402 518.062868
-101.717989 239.178812 -1417.057264 627.485514 991.836031 -844.378135 485.875530 118.895383 -340.747530 -414.783391 457.385833 -1451.910480 -733.556821 -124.825584 238.271460 584.126880 347.581414 -810.152570 207.706330 -292.590075 -296.207922 -283.979556 583.232345 -314.909673 938.671388 -620.538249 -388.765829 109.085290 -63.920330 -228.685170 1024.109196 -78.811700 -1171.597824 -783.533569 1113.719559 391.604159 -118.196145 -1075.715639 671.616997 159.458074 -1284.222545 985.543168 800.238910 -666.628188 -851.128383 1021.067755 527.418093 -287.918949 740.601430 -439.767434 -77.460254 568.339624 -404.155335 -170.972638 1052.106690 -387.357716 -132.864942 619.895925 -437.886051 -760.081814
271.546774 -466.374416 820.606766 89.654045 399.383335 -76.919237 -647.770141 102.300142 405.205613 131.146551 -193.063411 1608.852524 876.922963 -644.842577 -431.430601 -817.043688 -304.017808 1402.784365 -665.141611 -396.569884 62.143208 166.312951 896.341201 70.079225 -2.424543 669.159545 -479.836721 -232.172725 180.024762 -269.254924 -499.188270 228.196374 1498.939574 399.552277 -969.421064 -306.330065 355.371290 804.988731 -318.591488 271.243926 337.246644 -1335.380173 -472.397958 1170.544521 669.291688 -764.547788 -457.049539 511.046714 337.860959 -153.156898 169.380196 342.646191 -130.351091 -379.806846 -567.679452 1364.439139 -389.905242 -1198.799226 795.632690 602.947382
-6.200619 269.621610 -285.254189 -661.996838 -456.562648 905.303054 -80.825404 -58.094232 646.304371 6.948275 -756.227335 -1258.585139 -216.942602 439.399555 451.524453 335.452138 37.660482 -837.375234 568.500711 201.449732 -266.422902 -206.207137 -293.332429 100.955865 -226.942962 153.039775 955.551076 -472.555283 487.600490 103.803051 337.358240 -354.725586 -1348.497999 -492.120135 587.117867 366.910961 -270.186870 -723.285946 -156.728891 -625.918431 563.295242 1236.180177 -336.880232 -514.475690 468.953856 473.563626 -415.188552 -287.822403 -48.147788 68.949950 -625.027111 -697.728907 227.370094 775.512415 -38.582616 -1238.672164 503.073161 1198.382920 -697.490241 -452.346430
223.755744 -212.144351 -324.823234 1474.976271 -74.198582 -372.540542 211.477137 -627.915207 -745.851998 92.691690 753.432161 752.393097 648.867731 -568.564547 -224.911748 788.820967 -1160.905199 -319.898129 -498.152570 -131.966858 -101.124210 1464.755312 243.412633 -439.331963 351.981954 -1290.781279 -145.546156 131.916363 263.743507 606.293992 -244.893321 -460.433440 677.027503 20.017114 -489.062233 -197.107171 482.426855 -137.430890 455.831964 855.854269 -128.778833 -1205.481158 -443.740971 522.977037 475.556892 -533.886912 160.383854 -148.251996 553.234006 -782.885366 336.621565 1376.300273 60.732027 -257.458150 5.221327 699.409358 -403.692304 -1318.624260 -9.727334 1170.084776
-103.151943 708.103804 97.450753 -609.284719 -50.129244 -358.228369 -120.737922 443.676525 718.000328 188.326129 -410.590648 -1044.997913 -301.361868 549.425841 501.772866 -1339.809325 566.479756 508.319656 569.845744 134.850391 426.221201 -1361.868126 357.459741 -31.828074 822.857058 1592.878966 -602.028603 249.306195 -632.476039 -1028.693723 286.810524 64.063806 430.827400 180.100226 -149.817359 35.846963 -409.026926 10.691385 -233.377662 -811.549238 350.634889 715.859666 163.456298 -374.329264 -1441.464709 1341.362539 259.604208 196.266829 -1309.733262 211.821992 23.267306 -534.267663 43.531513 59.564609 272.217740 -687.999048 500.501946 1174.749345 -874.150863 -1459.040219
-532.052913 501.501160 -143.747203 156.601082 435.648353 367.133298 -1257.880863 -446.929722 -146.476885 -189.177523 343.733021 1075.821502 219.817359 -579.743608 -311.576736 1488.553016 359.062731 -671.112024 667.696513 -86.242447 -300.239691 369.239223 122.150944 -315.447326 -986.161430 -968.497189 1196.690943 -836.106413 354.434495 719.711073 92.316397 -586.918267 -1581.129403 593.355449 787.208377 408.911832 746.530600 20.480757 431.966664 -605.998359 -145.606525 -760.536597 152.075469 587.857329 984.249138 -1924.888296 -144.873943 274.405628 747.774750 -81.794204 66.538472 -542.367771 511.961995 -348.831111 -309.776965 -115.689749 -438.626938 144.682511 1194.635931 1287.866239
868.765603 -1077.820908 323.123730 -391.648541 -248.195864 -98.678316 891.187792 54.622947 293.266810 -291.587929 165.268179 -40.012803 -208.561060 124.714007 925.755763 -1423.104910 -233.098618 1223.069357 -1043.699491 -22.974457 606.449332 -200.347211 -1173.322733 488.395543 1046.489151 494.687481 -401.535678 508.411000 -250.217924 -190.020185 -645.645193 683.694336 1473.562090 -1457.682015 -425.815512 -751.227102 25.142676 -194.229003 -105.592393 629.699861 336.110372 143.246247 -454.527698 172.281433 -545.502459 1570.245141 -1036.915754 -51.673939 -501.241256 386.276485 715.044102 -123.529989 -1288.707497 545.366101 397.427215 -473.795779 -250.863284 -271.154955 -386.607758 78.573041
-985.067068 726.703229 512.319721 -169.690779 441.520235 29.810576 -417.230736 -186.972802 171.547487 728.615812 -809.151601 -67.505273 83.007945 -442.191364 -353.157643 130.651869 -128.290801 -424.799230 292.221023 31.448615 -116.258520 -16.559580 787.382524 -297.925471 -360.508411 -679.591844 133.778832 -205.883386 596.212166 668.274667 880.131321 -1439.304477 -771.421299 896.536130 -166.145744 1047.708256 -469.834795 136.757940 -169.875685 -445.248696 -112.018542 -294.604465 84.068065 496.456023 659.865777 -327.484925 772.945853 58.951846 49.050069 -478.157678 -480.341054 -164.633725 687.722304 -325.458489 -477.688080 443.683696 268.921820 -285.651527 -442.039259 -446.063795
569.301900 -580.496005 -328.417654 724.761958 -541.401405 -138.953946 305.864092 1159.461764 -768.815643 -705.628525 946.639687 -153.985549 406.510872 -325.340241 -110.219349 147.654901 -473.290540 29.234581 220.329274 36.640013 -294.846145 -209.477563 552.244741 155.247800 34.250006 97.549542 307.290623 -292.431744 -558.143050 -174.553890 -536.221771 159.957704 459.072716 30.563789 -230.614425 -108.023216 -65.701350 -509.664385 -95.744740 64.982186 822.735174 -26.554180 -430.489027 107.180552 -505.715688 -478.256986 99.424422 40.187536 -2.156838 595.073746 220.251825 627.760605 -33.599775 -24.483097 0.768919 -405.856947 81.874347 103.743809 -173.372703 -45.027357
-119.963676 -357.375966 -732.236194 -1082.834380 384.127309 420.357494 -491.387176 -859.968197 544.768297 618.212756 -548.861331 341.744309 -379.251078 759.094628 -596.517479 -317.328778 673.905347 -270.861083 -892.980454 237.195780 794.888640 -103.895623 -256.509441 -170.965678 316.159853 -44.865607 569.368926 35.669838 946.009413 -370.703781 719.219028 92.453708 -933.794255 275.969183 523.569700 -194.803485 -268.843004 282.900023 311.448629 -505.131679 -390.980738 316.886199 -317.554531 -107.289018 477.487161 91.205265 -1032.519670 625.262374 386.220346 426.187812 -798.304104 -1390.159742 -415.011032 490.780430 274.403360 -192.477117 248.556763 189.285711 567.336225 345.971554
-894.256316 942.975625 555.352600 659.208826 -518.623810 -788.792593 -44.722053 731.516667 -287.177352 -178.053354 83.335609 57.430447 -8.262802 -958.706922 564.856510 396.893646 -925.202694 227.915596 596.598740 324.371585 -1059.934159 73.915488 -172.103516 -147.581665 -131.539560 775.801169 -469.614130 -332.742638 -207.748164 895.009374 -424.934971 -350.646985 610.081376 -681.901728 -305.590126 -45.185877 427.199031 410.142004 277.905538 -87.452670 -16.930737 760.486980 284.409917 -234.436570 -345.174333 682.044888 165.105657 -600.199842 -440.808229 -325.371224 890.359186 156.962920 122.724895 -647.042735 -194.741004 805.553085 -568.167052 -408.347929 -481.463703 -777.874915
600.550858 -1529.909253 -362.299009 -498.803141 792.783380 968.342645 186.349243 -1022.857609 111.724614 212.768008 -549.158445 321.776379 -741.109519 192.170479 -289.334736 -421.636847 274.354841 68.438418 2.059456 21.278466 476.862715 -541.737760 584.495447 -153.243564 161.170026 -358.890577 592.357235 25.700886 -106.768381 -914.429776 344.909449 -132.835746 275.281228 -244.190241 441.364143 578.034721 -318.165165 -616.314879 -1177.049429 1253.115467 1430.004446 -596.182632 -168.912971 1021.754428 197.911413 -688.213732 120.942649 -191.751834 429.690720 277.225956 -514.899332 -26.379180 118.017313 412.835136 -168.265395 -522.151551 1156.695405 241.432618 193.576266 698.222832
-386.229910 756.195482 127.205366 474.583854 -344.321094 -737.680488 379.526001 1224.947136 -949.268594 -457.036821 452.484757 -579.999981 -18.033338 111.719479 -171.625173 15.218921 -122.687612 77.885376 53.573290 -83.332880 -456.861157 401.761247 -593.799084 141.603780 488.094527 -3.389634 71.366405 787.958039 483.717944 252.366836 253.812114 81.356975 -171.965774 -40.316910 -566.270783 -87.813919 -298.352808 289.142004 673.806637 -1366.456633 -680.892464 -306.608206 -334.556897 -413.795700 -267.708902 -441.066308 196.463527 638.334951 19.545723 -294.353236 41.931864 329.811553 506.488032 46.091254 991.986374 -435.442957 -1027.289970 64.806903 209.819655 -93.489569
-316.305474 531.815127 -158.482035 -368.351517 -106.948855 692.187512 -568.712505 -882.820205 904.806764 454.195299 -284.856768 -77.323958 508.509060 -101.076466 67.631712 927.627062 220.068346 -698.452972 310.794873 525.476794 -718.571146 -404.784901 717.897391 -230.702908 -81.291871 362.748133 -6.050077 -565.490714 132.400307 -458.383278 -362.275597 -394.934154 -30.232080 -367.832799 358.812501 -675.707272 525.608514 360.460305 322.036218 901.282170 -257.870699 -333.039260 -3.008381 411.819548 1237.647573 -41.161720 -1149.419031 -697.756829 -559.753955 797.552748 454.579835 -741.605036 -149.177066 683.452775 -1767.248805 1070.435784 112.186545 -87.418835 -49.949791 -579.564114
769.080006 -1141.135717 74.249975 396.413385 209.067866 -717.170456 177.284936 159.727540 803.004955 -133.268733 -434.257184 259.109455 -664.059200 1376.495090 8.182151 -1400.167685 171.030093 845.060606 -643.340953 -333.437799 1129.710569 674.585222 -793.529035 -244.947780 4.881227 -468.535217 -415.345994 117.062578 -353.276012 372.259510 514.916868 -300.597530 -616.765201 528.342739 -25.198284 142.870140 -8.003797 -1068.907660 -320.099518 -504.143957 607.929827 399.859581 158.390768 -683.513897 -928.182493 7.820574 253.124558 1129.088648 363.747722 -1342.860917 -223.882278 1624.609602 -300.202226 -1131.291938 1407.459667 -882.631522 430.609906 -700.005232 95.367940 500.597590
112.654910 796.144855 114.618675 150.009028 -146.691352 751.232415 159.355701 -496.122469 -1776.295953 -787.268107 1052.594936 307.243911 -275.929101 -1803.442510 1132.329443 596.168868 -512.561710 -800.239787 731.875011 319.748979 -801.593246 -209.468007 536.466706 554.366719 -525.648981 -38.516238 489.668848 240.894777 -43.987606 -871.927227 -399.973063 525.438772 168.316382 -414.505824 1000.947972 436.716344 -235.939699 181.992576 -503.492057 423.975451 -399.160949 -196.844799 -717.787255 746.600820 826.058925 -395.665724 452.801426 -506.867344 -22.169286 711.778120 -343.478192 -1068.916843 656.301341 1262.774903 -671.564485 371.553584 227.125472 -253.714615 -54.790759 202.453649
-816.389039 -212.020173 155.209876 -334.923845 41.799742 -614.377056 532.337397 266.847836 1500.061712 485.237685 -766.727735 -839.350542 1319.680657 1261.964257 -1425.364358 -242.444311 -56.319445 392.999771 816.143490 -372.646796 -505.773841 196.771796 12.120858 -601.517458 401.561338 375.361183 -328.182425 -217.130475 111.326888 -232.086342 276.667696 -684.422683 -136.298222 763.868625 -477.645559 -304.473491 622.392092 -59.256678 799.216969 -611.855297 107.407486 -565.855998 1038.160192 -414.148818 -1230.132217 1163.043343 -554.980216 647.410581 -834.436053 -88.740173 872.557175 596.204586 -562.619933 -1143.537387 -37.468269 205.180121 -771.106842 962.590735 675.025754 199.100046
740.730330 -214.227428 -770.995484 17.523665 -333.587818 790.252156 -1256.631394 -34.954888 429.804588 200.485794 247.700592 449.600881 -1456.301271 -826.827501 693.190074 215.070567 -114.432052 -502.125241 -1125.995672 115.265913 876.579273 262.041643 -1039.550651 687.079232 136.036277 685.284909 -65.856070 -86.053097 365.208957 264.685986 -81.021842 886.457234 68.709477 -428.042822 -427.085183 427.178271 580.428474 -521.209129 -623.255296 517.372813 493.049038 1084.499555 -1052.187801 587.919766 338.858419 -194.228398 979.464111 -1031.126420 499.666874 372.779844 70.418148 -86.741683 -129.201990 797.963986 -120.091586 -78.290548 986.601777 -800.205919 63.500449 732.273184
-369.517506 696.017996 1028.915886 -83.645722 -449.992404 -309.203285 1128.611957 -726.459815 -646.268333 -834.651906 -170.709630 -90.559111 1465.414605 437.592422 142.682368 -548.208937 -441.372211 -305.656750 2133.760779 -351.195929 -1405.493141 508.012274 1211.957417 -684.046697 -607.250359 -599.812568 -17.371701 86.530442 -505.612057 -486.573849 439.808041 -564.553548 -29.132930 769.196570 518.311733 -724.431312 -833.260695 150.616154 1458.441237 319.257050 -1038.589300 -731.579562 -268.878431 662.320200 143.596361 -1007.437778 -498.211069 643.623400 -483.609023 -1084.570236 -611.293341 299.842366 601.352528 -571.315491 -338.991265 105.914795 -1003.188845 487.874925 276.505603 -414.737051
58.193008 -431.391282 -1211.147202 -144.360144 867.009124 -488.469984 -751.112872 177.940100 30.968504 -135.237464 316.063764 -166.143335 -734.201232 -230.631812 -792.377570 531.743560 710.691995 1351.505756 -2123.173970 532.878659 1248.324212 -1005.084964 -403.410876 1096.536709 1157.522730 -596.872631 9.815014 365.255607 495.337741 231.979417 -228.645012 -260.977350 -258.000065 -435.901576 350.663809 685.540360 543.842430 -618.203035 -1010.814134 -581.043370 535.639932 -167.854649 1356.198499 -352.526020 -197.311753 1221.495021 -583.376303 -915.519687 109.882609 1039.165249 402.601689 -628.699976 -28.917268 185.151471 -86.049590 371.475438 97.097025 -710.613435 -144.361395 -242.913954
-555.116760 317.842542 1029.008566 220.523647 -607.320280 765.283713 425.127066 -357.890257 897.494435 -16.348816 -1047.774706 19.671900 246.171238 -13.864044 704.311603 -881.540531 -658.700884 -499.357829 1474.931116 -999.493418 601.658610 1090.440985 43.737904 -192.355759 -148.835656 821.721655 -731.636266 -727.253957 171.788712 -482.892511 800.672138 -200.859710 413.772335 349.559121 -1108.665911 -96.383506 421.067723 154.176625 569.585969 137.358733 -336.972458 515.820220 -1581.509686 289.905761 -232.035166 -1384.959041 1338.329512 117.889416 -235.445509 -328.616917 -16.324379 634.458465 -762.493049 559.498359 115.581663 -83.859619 59.569850 913.500643 560.910668 435.821251
278.923788 357.445802 -676.687482 -145.617446 321.912450 -593.777865 -167.254984 801.603678 -647.131022 363.725281 1753.670228 -130.168710 846.444310 -675.583311 -1089.070508 611.248406 125.455254 1082.046545 -451.857805 238.218796 -1177.215633 -233.324938 -169.222887 -656.942696 -209.443179 -224.159484 980.091071 380.040992 76.386771 262.755597 -525.075585 730.957633 -475.667824 262.031062 624.642815 -678.867740 -901.631712 -86.999668 582.638547 -752.000389 128.517791 -315.166727 1117.788069 -128.825353 12.091033 1006.787446 -326.628679 -66.751135 -255.145346 -402.503462 488.764065 34.959652 1143.832706 -465.788021 250.286722 -263.545652 121.589389 -759.948055 238.705535 -449.129290
-861.936058 -400.110493 1034.608755 -395.837221 -145.160461 449.293600 413.897023 -138.348972 889.146974 -1567.714682 -799.012562 860.001100 -984.791350 335.948123 248.267729 598.368075 -213.373572 -934.189239 -6.038641 -87.186018 227.979239 -537.112482 191.727912 61.366099 -249.815325 25.299008 518.889316 -149.322836 -377.420425 -373.931520 496.450486 -109.849886 479.269016 -309.226363 447.425861 699.377451 967.950509 -771.840344 -390.798561 307.345132 -237.575168 807.276483 -431.642217 -255.816737 -932.402756 -283.078777 -55.271387 199.965254 359.020160 894.462784 -528.789939 -435.537497 -134.973471 895.664679 -195.943790 108.893987 -775.719135 722.119524 -467.746911 -27.182961
1147.826804 106.860399 -1247.522558 -41.138446 -606.883298 -113.078911 -723.193793 601.444912 104.330630 844.286033 -185.079056 -951.054037 1072.105688 -154.757241 337.582953 -885.900889 225.195081 357.880093 -320.247632 168.350482 -323.250011 1048.386009 142.887006 -287.695915 624.955859 -70.269135 -953.011988 -78.209484 542.857438 385.762924 -239.023902 -123.008500 -451.334516 97.595136 -1140.263474 -254.241145 -738.897607 574.203538 305.363004 -336.171476 -623.496469 -77.186312 301.621191 31.225841 1293.278755 -101.860968 -145.723385 -800.876059 1002.182920 -681.059399 490.403754 902.587237 -145.274049 -109.949908 -239.263359 333.598606 355.018944 -893.448664 879.599164 209.536683
-1300.312909 250.080725 833.260051 -37.791277 786.344470 120.276807 516.580491 116.517170 -666.877082 -234.139643 153.795985 49.396916 -947.287035 67.501029 -534.670410 902.467809 -813.895850 316.778907 -799.389448 -145.554958 1410.971520 -537.467423 -34.747872 620.287947 -831.581186 -87.487879 961.051881 258.892575 -322.474739 -651.364060 219.864509 -473.899267 320.704962 -56.996727 553.527469 122.661022 458.952674 -371.498989 -564.141540 -797.979665 1230.314256 -782.848504 -196.351612 461.480468 -980.876653 240.522358 397.330148 504.407959 -1287.993836 609.353651 31.605717 -186.686085 -354.187119 -166.965358 -447.160670 -335.953641 498.586861 71.077986 -1164.980539 -567.976100
912.636848 -159.476382 -854.779941 -239.288003 58.395478 884.251426 -141.369162 -594.268853 373.222707 496.435588 863.626459 -220.331276 369.667245 -915.976085 -67.284236 -77.973446 1046.889257 -230.684311 677.705721 138.832636 -1609.795207 365.672692 -1262.900633 -389.296258 1355.159081 1264.071880 -675.540186 -941.838791 292.153790 143.092374 -391.408483 661.635815 -346.847081 -862.634704 332.700061 66.827095 -8.961906 -110.720083 570.203364 585.053897 -847.783194 884.749343 -72.559094 -1063.112572 598.685457 158.954724 9.242175 -222.502078 896.417294 -524.752684 -896.383702 303.254932 77.597460 183.709139 343.599708 557.521024 -679.251982 463.884268 655.262739 -140.302294
-837.491381 -383.720211 783.827633 559.307530 -526.773982 -728.370296 490.413105 454.495659 -769.089474 -334.811812 -165.387195 552.612635 -69.462486 102.540756 519.202391 309.690192 -901.642986 710.062916 -332.405511 -639.366247 856.670715 -572.796629 1175.405131 -292.290860 -475.414037 -459.389514 584.397200 -89.098989 -17.534705 -106.528371 -40.393742 -893.873023 560.420250 1139.004095 -0.858987 -87.182757 203.076305 -118.468001 -339.117968 -458.906162 518.596881 -342.787686 -308.185062 -347.252694 -439.053848 321.686212 128.033447 120.569761 155.403472 83.646053 42.619551 -524.918239 289.616182 452.312903 -760.566388 -500.055346 361.836828 -252.589501 261.562648 714.155527
436.673630 42.669690 -738.903462 -297.780956 1012.039886 283.102424 -763.666690 228.976944 780.247039 -120.240641 -441.308758 -1179.502264 699.718220 444.275342 -182.327212 157.351758 673.721448 -1281.588310 299.277497 799.376695 760.564387 712.035950 -1132.496489 210.940809 -304.821705 -150.539754 63.151120 754.225191 -314.769309 57.949155 63.984643 391.584429 -44.612937 -1189.244740 882.223717 279.596509 35.158223 270.061619 -149.865517 770.674174 192.518695 445.536393 609.224447 751.219296 -164.808796 -256.553505 -0.825716 -13.057158 -766.626891 427.195509 845.503387 250.438050 -258.889747 -1023.984429 167.589118 -61.959924 -238.241501 -306.138893 -865.485626 -368.229304
-492.201583 367.622379 1154.186678 -731.562494 -956.285171 -323.017667 585.975072 -1433.835322 -647.410419 623.813543 985.002301 -45.576490 -872.068873 -331.195554 552.951801 255.986096 -992.440371 940.415858 -507.221636 -48.772068 -741.977865 -330.439937 1010.600328 152.532564 -45.122317 625.831179 211.866338 -1011.074143 -241.675169 -337.744163 -3.476288 -29.923567 566.432162 742.713070 -1176.972819 -94.299351 14.329753 -1084.293212 -106.849575 -401.017436 71.912799 -230.821430 -345.596044 -376.970504 1540.922799 -594.579011 -263.749582 -141.659421 548.618507 -405.986787 -390.704539 -71.681522 218.965185 201.990875 5.969177 -66.179216 -58.170694 -15.844424 767.958604 -162.337344
256.136604 -343.003881 -879.029234 624.497487 1364.251940 209.397641 -402.019715 751.837331 740.326669 -498.786930 -710.377492 179.606843 983.983642 -482.551616 -443.393813 521.988746 316.532374 -340.235757 -280.490823 317.380040 1005.560631 -365.787335 -481.876646 -367.927256 292.454132 -257.517962 -770.919135 287.091348 1589.364509 -8.860543 -236.891963 -386.543529 -350.310127 -666.354487 593.698463 -583.370251 -214.405065 1754.274097 468.285057 564.851898 -705.218671 -215.699749 -11.802596 -642.642527 -1981.049435 701.567111 383.623526 -158.811545 -299.500888 148.232050 -271.179791 419.227797 -523.653718 -30.450257 290.698718 29.481983 425.643127 610.945267 -525.221547 -24.877954
-449.504349 -12.929135 953.085390 -111.847832 -942.273315 -73.729312 519.485584 -308.098274 -444.729447 1249.208654 426.726203 -635.621039 -961.993469 552.517091 -345.311480 -396.961008 -382.920216 209.484346 648.539872 -593.106847 -47.070756 813.934035 -653.703381 -241.533462 358.967118 25.967687 883.655619 -44.936280 -1476.161274 -47.523037 473.073873 -64.531822 175.373241 -293.812134 240.675845 1158.465659 735.698313 -1411.229407 -833.819512 -270.742281 936.000805 -406.919036 185.551303 1020.803988 944.818857 -1034.288039 137.127776 193.033213 -461.356691 59.559547 75.785903 48.438254 810.431688 -512.536081 -669.770166 -27.316492 261.107384 -238.523759 -70.067740 59.958852
-189.870581 398.093071 -605.449031 137.748548 877.631461 -367.097667 -69.941016 269.220472 -185.837918 -872.562777 720.811733 1150.443953 1214.390166 -919.539756 448.571828 361.946340 119.446183 -27.832423 -800.296197 676.345096 -146.301254 -1033.137080 892.802224 -436.910062 334.052032 444.090389 -699.989002 139.116400 394.961739 -293.250475 -39.063581 198.738686 619.985387 502.089545 -459.192971 -374.587219 -874.206269 871.636887 -183.243137 -41.169092 -730.342282 783.810321 -897.171686 -658.156569 643.962669 252.282440 -310.231760 -315.988503 467.805316 -361.519145 -432.873751 -48.774176 -735.015286 -41.372905 1261.934405 -542.792750 -316.772580 546.998016 597.836339 -44.404459
190.682218 -104.295159 723.155101 -247.412067 -913.823814 316.500769 495.899245 -521.047259 216.225782 727.474964 -968.538740 -1227.163858 -237.237781 1332.243609 287.612841 136.469360 -678.896052 401.817341 1118.817091 -752.688350 180.985516 306.293059 -670.508331 -58.856511 -285.164071 -182.115838 276.685836 84.964339 274.515712 234.531195 -997.120639 -99.164891 -199.494069 -319.661180 591.834402 -276.661775 698.509657 -295.012815 300.410205 818.860899 79.008288 -631.968754 548.904788 32.789828 -802.156207 -610.581072 479.426405 88.948439 -255.098415 300.534993 413.488093 -43.997310 -189.699571 744.855294 -479.940933 1155.145086 573.857592 -971.810757 -494.119911 523.455642
-538.711916 -375.400132 -251.021611 53.907902 833.648704 54.566063 -232.943772 59.981423 343.178163 -126.769843 220.604277 1089.413874 -358.866184 -1325.649972 -92.149216 122.602678 -117.565208 -423.168057 -889.785907 912.409976 239.366742 -105.589193 68.102377 -154.161559 -58.581181 595.025504 -1289.073643 -63.379743 -1.781032 415.815391 651.385222 -360.121443 340.582250 -654.121177 151.918810 300.013469 -1096.893220 -176.931241 59.360726 -548.456095 407.638158 564.931903 300.751480 -113.916265 -31.619205 215.597131 -274.583909 235.157520 -329.445092 -183.181443 -507.974574 858.510636 -265.663814 -1067.231901 -16.064311 -774.145433 -527.023841 891.745974 301.341473 387.048604
127.591365 550.226412 -471.793227 -359.428635 -1078.512780 181.543501 280.393965 -243.036195 -926.614941 -110.368504 1189.813933 -1133.222501 342.056113 724.119073 -156.266424 36.411998 680.725534 44.703303 1.749922 -944.844847 -220.703509 265.414607 109.725348 -35.522589 341.648861 -378.337451 1327.653526 106.057743 -423.072551 -781.184818 -428.593466 -66.388019 197.912151 509.252460 -32.735664 -256.815217 1093.400923 31.792876 -111.795845 -78.425354 -199.795843 -444.535988 -506.878123 -18.322012 217.998434 -513.487558 -72.704587 214.673247 464.152307 -295.774124 376.279137 -147.397131 255.307395 971.130654 546.760245 84.261393 235.247748 -444.455476 -603.702947 -801.289691
-268.475110 -109.381589 872.888631 376.298745 -249.321127 -325.332445 -91.095027 135.291745 583.072398 -712.834129 -474.814211 1163.564022 -0.071363 -319.240333 142.298429 -57.529881 -1112.469688 66.413173 1108.334066 519.596213 -428.676800 -1038.078151 -131.506291 55.407385 -51.595146 -244.826676 -146.174618 130.618569 117.199464 716.445315 92.319447 380.218632 -494.185736 32.840531 631.864651 -461.019624 -95.081848 -8.186641 63.668480 -666.068894 22.605555 446.173149 -402.331345 -180.819090 391.431562 574.820370 -430.485480 -680.270145 -303.516591 710.950020 148.962554 -1011.699423 -636.322116 -451.110383 -500.607559 -449.854960 -469.023112 920.775491 827.278811 -162.395330
-333.542408 28.067315 -559.407103 356.888690 470.167353 -54.170376 456.198094 -41.253151 -505.828499 1585.288631 536.996452 -1436.295926 -548.157463 204.146814 -250.193821 97.041016 789.623247 350.014495 -1458.360360 -493.187967 725.977530 781.906677 29.454838 -41.468546 355.151514 180.864593 -788.226938 147.583654 -47.589031 392.422046 760.520992 -242.453825 442.770643 -620.812935 100.093195 35.639121 249.544553 -187.234656 -334.632004 738.186015 807.996196 -278.790388 741.770505 832.361984 -806.962639 -579.301022 617.947034 1008.853356 403.460048 -1113.640694 -532.103220 1466.754961 -234.309067 -215.057338 894.528235 344.200058 -429.142489 -356.839599 -738.694373 388.958968
