-3 -135 -73 287 -364 228 -390 61 -164 407 26 110 -9 48 74 -291 -386 -216 -6 -93 -268 -51 -369 192 -203 154 -252 -263 -612 94 174 -152 200 118 -363 -301 237 55 151 276 65 -481 -135 -132 65 404 -35 38 28 -461 -145 6 -234 236 -331 -331 288 155 92 -21 196 114
4 211 -149 100 134 -55 -20 333 139 -257 236 303 61 -249 -25 81 651 -91 103 -82 106 -347 -47 -61 460 -243 -471 -183 -386 203 167 -153 -62 1 33 386 -243 -117 110 -58 422 124 -320 37 -261 147 411 63 -320 -141 -278 -28 235 56 253 -524 227 -150 117 -266 161 -305
23 48 -81 52 -302 352 369 -255 -109 182 -300 -254 -164 -9 -2 234 30 39 203 -216 25 -430 271 -402 -105 -194 469 30 206 -342 297 168 -298 -22 421 -265 11 509 161 250 603 -166 108 76 -193 -453 136 0 308 390 472 68 447 352 -489 28 12 652 23 -107 297 60
-446 11 418 -74 -241 -182 -140 240 240 24 174 234 72 -354 -295 129 -24 512 -168 -94 383 11 -182 223 134 -50 -433 -214 397 -110 -60 -60 21 315 -74 395 366 -176 -190 -412 116 238 214 -69 80 -14 60 -255 166 -119 184 64 -245 262 90 -325 125 -65 44 -176 219 -359
14 -419 74 228 30 -503 236 -321 -397 -95 47 -289 -5 226 77 -35 -147 -108 74 -360 -18 261 394 -515 -259 -305 723 -155 -609 202 232 317 -132 123 3 -84 2 -178 259 -141 -1 41 -130 -33 30 -53 51 -296 233 -50 206 3 -235 -46 75 -224 -336 -104 180 302 397 316
-39 -15 10 267 -327 309 4 -243 -268 -321 -1 428 418 -178 -406 168 -41 73 314 -232 72 -220 -165 80 500 484 20 67 302 263 -182 -121 17 -35 -185 130 -106 -182 81 88 385 333 145 -63 59 100 -203 161 194 -588 -303 -54 -67 327 254 -18 61 -102 45 379 -50 -113
-52 56 -395 -170 -131 38 -96 124 131 -214 -146 200 465 147 -143 -213 324 -130 -16 341 -236 -265 -139 -17 400 193 -304 120 -302 400 -19 343 -205 -11 194 -345 -183 90 268 -24 236 281 125 359 -310 -121 83 -102 -317 50 140 -87 -124 -106 42 290 -12 33 300 77 45 582
-100 324 148 34 104 -316 382 85 256 115 157 72 -602 10 115 -7 -201 182 81 280 -91 -355 -284 -320 85 -135 -484 57 162 239 1 159 -166 198 248 378 86 -234 -540 6 -167 99 -44 -140 366 161 -109 107 119 239 -179 152 -157 287 213 10 -147 -147 165 186 -81 80
-259 316 -31 -212 -69 -14 40 483 236 199 128 -453 72 -248 -37 191 -350 -44 -177 -292 16 -101 -432 115 -479 389 67 -3 125 -194 -284 189 -467 84 -158 116 -119 -7 -244 41 213 -11 -204 303 -292 488 -190 -28 -80 238 1 -106 363 8 -262 -288 104 -48 38 -25 125 -9
-316 44 16 250 -186 230 -133 74 370 -307 276 -156 -154 -342 -916 22 -455 438 117 -126 -37 -176 452 82 52 140 209 215 -42 -110 254 458 515 -204 -457 -193 -134 231 68 -220 -476 238 -431 276 -135 444 -24 234 174 -637 -374 -302 261 -431 170 336 -69 198 -212 67 -368 287
-236 197 -284 278 -119 246 134 -10 -106 272 -529 481 181 486 398 -57 -250 196 -220 -117 -107 41 68 -57 264 381 -257 337 120 -128 -10 285 128 -88 -47 -110 -223 343 -4 -9 26 -54 -104 -90 138 442 -159 -86 27 212 148 -32 -319 171 120 -47 245 163 180 248 -511 270
-107 -21 -373 166 -169 166 -223 -134 93 -417 -213 115 284 304 0 448 528 218 95 -482 321 322 -84 -133 336 -168 304 373 -343 34 64 150 193 247 -47 -313 -277 237 -20 30 -27 -115 9 106 -125 154 76 -214 68 407 -157 67 83 -31 -94 -227 -284 -171 -7 -216 49 26
-570 -139 -334 -257 -440 125 -84 -71 53 -341 -194 46 -147 153 215 180 115 -2 270 259 -220 -15 -173 -120 98 332 -57 -73 310 278 -313 -4 -541 419 -11 379 -637 -423 -443 -344 120 567 -285 -72 8 -185 -38 827 263 -545 -349 -772 358 298 -10 -721 457 131 -1 -66 465 81
371 -246 32 84 43 244 283 -157 -438 -399 335 -128 245 -102 261 544 -379 58 189 -96 333 342 270 -204 -66 -111 81 -349 -260 476 -137 528 -142 -67 -171 136 641 394 131 -450 120 398 30 51 90 472 -40 -258 368 246 53 43 -465 158 151 -329 83 351 -307 133 -164 222
58 397 153 113 10 25 194 -423 326 35 -31 -290 -770 84 -55 -431 141 169 -52 73 539 -170 -93 -33 60 -309 513 -288 -28 212 341 413 122 -163 -53 -310 -476 113 337 359 114 -267 -346 -173 0 -47 447 162 110 -497 -421 104 -98 391 147 -45 100 -25 -104 -276 -45 -88
-71 12 312 518 -59 -74 -32 356 -217 -101 -134 -109 352 -159 -125 -580 -39 -42 265 -143 354 -89 -135 115 -122 35 -197 -578 -211 -188 -148 -74 -245 196 349 -227 214 -28 -127 -170 -109 267 72 104 -154 218 191 -535 37 274 -13 -532 217 284 151 344 52 346 -508 -314 336 320
54 -303 332 6 334 -206 -249 -270 -84 -163 152 112 78 67 -316 -188 277 179 -451 -51 -258 195 -213 -106 -296 72 125 -296 96 104 -360 334 236 319 -112 -153 80 -34 -90 -591 259 22 476 -291 285 139 -170 346 99 9 41 -107 40 272 -7 -543 -359 -325 437 99 -335 -192
116 124 -106 -46 30 -91 -8 451 58 87 -100 85 -150 -19 136 -508 285 -131 -6 59 253 160 57 96 -31 -10 304 154 15 206 335 -135 -48 -94 228 -2 -309 -505 -35 488 -326 79 -343 317 -256 -21 310 217 -30 -23 -146 -362 271 196 333 222 -495 -85 -243 -74 252 124
-118 141 78 -579 539 -139 409 -269 81 -359 196 -132 170 273 -189 -465 -354 756 281 -212 -17 -152 430 238 155 44 63 -371 304 -409 -44 360 -221 249 91 229 -294 0 -103 -43 -147 -445 -169 -593 -347 -299 -495 397 -154 423 -94 -33 -9 -508 -91 116 -581 249 30 389 109 -301
35 87 -350 -297 -323 54 209 -428 79 -324 520 -222 164 -62 414 -5 358 123 -295 -188 162 85 212 229 311 -176 379 -364 -82 17 -985 -196 45 -54 230 400 -110 277 -590 608 237 252 -394 246 541 -186 66 -268 433 -231 -29 83 -102 -331 -317 12 -59 -5 -82 -11 -171 -289
107 -225 229 -42 248 43 -18 -322 372 181 478 -155 -243 -304 130 328 -145 -8 -184 -104 138 235 26 -427 1 -342 -78 -125 157 174 -79 350 290 26 359 -389 268 -448 321 -299 -92 211 12 -304 263 -32 -113 -236 220 7 249 206 -91 -186 268 728 -243 -274 -61 304 -29 47
77 -360 196 -358 -432 -94 112 143 -134 -73 -154 125 110 -18 178 410 50 -73 8 62 204 361 552 -51 -206 169 123 -418 555 259 134 42 384 -442 337 -643 70 -16 251 -32 345 43 -162 -168 -178 303 -342 -324 491 -51 -109 170 311 24 128 70 367 -311 -11 -25 -61 174
-255 175 145 -162 -150 -353 477 97 292 -53 38 310 365 51 160 -242 379 -117 -165 110 386 -8 -21 14 263 -206 -369 308 -55 -74 -110 212 -67 38 116 49 434 -212 -128 -34 -183 5 -22 -30 230 167 66 163 219 26 65 204 -36 529 -145 200 -457 127 431 -79 -62 -189
15 -8 276 -549 -383 132 48 -180 70 -2 188 17 152 -56 356 185 88 -102 47 273 -46 -25 -718 -76 -200 281 199 21 -201 253 -107 -5 176 111 -158 -132 -298 25 -52 -364 184 -310 -113 246 -24 -70 236 42 -457 -88 537 -348 183 57 -347 -152 -77 462 -8 -167 149 107
49 -83 -87 -330 324 -171 -38 -121 -253 -325 57 -544 -315 -126 188 345 128 -191 115 -236 -67 -283 -248 33 102 137 -163 86 -301 -74 334 -96 -141 -282 455 -25 -158 -408 215 -105 -426 27 119 102 -549 559 686 -134 152 -146 441 41 -3 -102 218 -93 -209 210 98 -625 309 181
332 -239 483 -252 90 283 -297 212 108 293 -81 493 -135 -318 -368 -7 65 671 -282 -302 -35 -53 11 563 -146 413 -138 -22 -313 78 146 423 413 16 -266 47 134 142 -150 -233 -25 -495 -39 293 0 210 184 266 238 207 139 -110 -118 -13 -45 415 -145 -231 569 66 -36 478
-104 43 -72 -260 -123 592 48 2 -26 -88 -307 -207 -238 430 -163 115 290 -248 -106 -156 -310 -129 -126 607 -134 157 460 9 -96 222 -35 34 -488 -142 -97 30 -44 -265 -304 -4 310 251 -178 -416 353 210 -104 -43 24 263 -599 -386 279 243 112 -263 210 105 -165 -234 -523 150
-138 193 -4 417 29 -89 310 -239 -469 195 474 39 -51 266 -425 60 -184 -580 -270 23 61 196 150 147 -206 -201 115 515 -26 297 -108 -6 -39 15 -361 -60 147 65 -111 392 -154 -147 -196 -306 270 -55 257 51 184 112 -350 367 361 75 155 76 29 -551 96 105 -69 -158
-123 260 270 -155 139 -144 306 -83 -327 58 -43 -367 -106 377 -91 -371 570 -207 214 212 233 -458 417 334 17 606 -120 325 -353 -309 34 270 -106 23 -218 -169 -202 248 -129 -49 -191 453 -85 -566 -395 330 207 75 -477 59 -268 -122 244 36 173 -19 -60 -112 -247 -515 -56 595
5 -33 325 -5 137 -78 -211 -435 -315 124 160 476 76 77 -47 684 255 -77 159 378 -268 127 -266 -270 -348 -20 500 -4 36 22 -135 103 -455 134 425 -73 213 436 -67 -234 -412 197 45 -404 195 -677 196 31 261 -97 -77 -123 -122 -26 -71 214 -262 86 659 317 194 27
324 -712 367 13 23 65 422 -238 -78 -27 31 257 63 -62 369 -118 -308 596 -312 186 -41 277 -681 135 312 354 -268 324 100 -150 57 281 134 -764 -294 -294 41 463 -155 331 -275 238 -359 -26 -70 358 -254 -180 126 -22 161 84 -782 169 -1 18 -467 -194 115 203 98 236
-260 198 118 335 -115 164 -86 120 -51 28 -312 -33 -7 16 -119 -57 -286 -50 182 -165 -21 222 -7 -179 60 -150 -257 392 436 71 415 -153 -396 148 -298 291 -179 23 -165 11 -116 -102 142 44 516 -31 324 -335 88 -335 70 209 -26 -265 -203 135 -250 -400 -388 -375 -52 -399
259 58 -476 477 -312 120 35 448 -145 -361 317 -132 178 290 -373 -15 -312 -202 99 -389 26 306 144 75 -55 -122 -294 230 -189 9 144 323 -117 -164 10 -192 -61 -392 90 147 -102 -186 92 -235 -44 8 95 10 242 260 312 457 -53 -458 -82 -207 -9 -66 -333 -138 -102 -121
126 -192 -723 -419 -2 -167 -137 -184 341 112 -120 73 168 428 -438 -156 7 -431 -319 -165 422 244 -178 175 -36 166 153 395 129 195 317 404 -372 -132 295 -385 -20 -154 141 -185 -639 169 439 -460 43 225 -291 148 138 -16 -22 -269 -212 -192 52 -11 295 186 89 48 -231 317
245 242 -215 -249 -242 -478 69 -27 286 -142 30 -77 258 -385 51 -84 -316 -305 13 -77 -87 -34 -225 92 -341 373 -84 221 -260 633 -116 171 157 -283 -83 -79 333 77 -7 -70 -130 583 616 -396 18 206 211 -444 -222 -88 449 5 -304 -482 -206 162 -151 -145 -200 -309 1 184
449 -644 -109 -290 167 145 124 -398 143 -175 -76 -98 -268 -333 -71 -419 130 -231 85 -37 262 -385 56 -142 -169 -58 382 0 -55 90 -19 444 268 134 -259 169 -39 -234 -264 463 686 167 305 177 79 -171 408 -348 -239 115 -35 233 -144 102 115 -57 383 295 102 242 -37 -240
-36 305 73 -137 -257 71 53 209 -305 -303 273 -586 -127 -258 -173 -138 128 -145 -86 54 -204 -12 -241 151 38 314 375 391 480 290 -48 415 -82 121 -751 -204 -121 -209 27 -464 -228 -203 -157 -71 -18 217 132 -102 -252 49 112 306 164 465 135 -146 -368 246 193 85 -278 83
-72 319 60 -354 -122 218 -226 -116 321 317 -126 -201 150 -106 181 259 130 -162 -95 -44 -64 -94 52 45 -126 245 -181 -94 308 2 -164 -21 -127 -33 -350 -228 232 280 177 156 -274 -64 -55 131 243 235 -819 -446 -134 144 -51 -149 84 437 -402 274 -61 -55 -86 -250 -87 137
207 -179 169 11 254 -195 40 251 110 75 -278 260 -206 107 233 -285 -14 399 -378 -168 696 87 -367 -35 -189 -324 -452 245 28 278 -43 -245 -335 37 -246 105 -268 -161 -167 -157 57 136 -265 -242 -256 258 -173 131 304 -556 -337 323 336 -389 727 -304 172 -210 -247 228 81 393
-93 478 105 257 80 -133 -106 -163 -969 -144 325 28 -138 -581 317 231 -262 -35 -102 108 176 -187 273 185 -235 -383 133 143 -136 -60 -314 -64 153 -251 449 373 -385 369 -449 -133 -165 -8 -172 145 -23 -37 252 16 212 -168 -338 -133 480 432 88 107 -128 -4 -377 155 41 461
-392 107 59 166 12 -218 395 271 112 475 -225 -11 246 224 -644 301 -34 36 -199 62 -128 -220 216 -204 66 -80 177 -188 -113 76 -397 -179 91 -63 126 27 304 377 -132 -392 46 -99 277 -369 -521 336 281 152 -46 -77 96 -43 -119 -264 127 66 -194 593 21 146 559 135
228 -171 -143 152 -364 127 -219 178 163 282 -266 13 -487 -241 33 159 -165 -564 -582 428 99 -72 15 150 233 310 367 -171 74 381 -291 340 38 -359 0 169 264 302 -266 484 203 512 -204 -248 527 -240 796 -259 338 61 -58 -40 51 299 118 -263 435 13 -60 409 601 -58
380 115 530 -258 -48 -255 183 -269 -463 -291 62 43 256 236 18 -188 -97 -401 305 85 -449 -106 488 -440 36 -93 147 -230 -163 1 84 -38 -23 -29 199 -141 -133 368 325 139 -233 -340 -74 -113 457 -493 -269 121 -255 -469 -368 -87 238 -78 -267 -133 -45 20 -50 113 252 389
92 -326 -239 -157 345 -250 -395 62 -511 -86 -91 -286 -381 310 -148 62 24 232 -519 220 352 -96 107 510 631 137 -34 22 57 139 -103 -180 -169 -72 171 288 -40 12 -361 -29 391 -218 443 -160 399 38 -530 71 -113 128 -194 -278 -112 -7 -35 -121 40 -539 -236 -170 -111 -59
123 8 268 305 86 177 -99 16 -207 196 -382 -277 70 166 31 -678 -88 -164 706 17 304 524 -125 245 55 491 -456 -130 -21 134 94 67 8 47 -246 192 33 270 -160 177 -175 -126 -564 -26 169 -442 141 329 -308 -268 -96 150 -291 217 472 131 316 217 244 204 308 -353
292 -139 -36 252 91 -145 -49 368 36 683 389 25 118 18 -434 32 22 171 109 48 -612 -197 -171 -165 -64 182 340 445 -265 317 -351 468 28 -56 253 -280 -375 132 -47 96 53 -273 377 106 -160 385 -353 255 -288 -292 272 5 341 -7 534 -1 1 -170 -60 162 -101 16
116 -270 381 173 -298 -4 84 -198 473 57 -574 458 -304 260 218 -153 -38 -606 131 -122 -316 -403 88 78 -313 -72 332 284 -159 54 172 277 437 101 367 131 77 -106 -396 498 -419 -110 12 -285 -285 8 -260 182 55 225 -221 82 62 497 219 149 -335 132 -331 192 -177 31
320 -123 -446 -101 -606 -71 -182 206 529 457 -333 -119 241 162 271 -551 -4 -163 -84 -18 17 190 229 85 -356 -250 -149 381 211 86 -124 -126 -64 -44 -544 -115 -143 209 -66 -65 -402 -267 283 110 456 -266 -139 -208 426 50 316 396 92 11 261 114 315 -214 169 139 7 6
-185 243 206 -213 172 -79 257 -168 98 75 -12 56 -422 85 -322 -118 -140 -32 -54 -91 537 -222 90 124 -474 48 378 292 0 -179 2 -255 177 -224 -43 -144 174 -76 -190 -367 40 -424 -141 356 -380 -54 47 182 -458 348 79 -252 -8 -385 83 -49 160 51 -528 -223 -110 248
233 15 -437 -57 138 184 304 -163 323 136 600 70 -30 -508 -164 -160 628 -70 231 -249 -691 -164 -88 -287 497 424 -122 -51 29 142 -323 0 -407 -228 -21 145 228 257 78 123 -470 163 -148 -289 -191 -57 290 -53 142 -40 -285 -252 373 -107 374 26 -98 308 -81 -341 -345 -218
-119 -152 -3 112 -152 -256 306 281 -337 -126 191 524 -72 -14 -137 92 81 196 96 -438 66 -69 315 -416 94 -272 232 311 -120 -2 -89 -349 -175 598 -180 247 65 138 -200 -311 -10 -23 -267 -71 -481 117 208 164 51 9 48 -344 358 -29 46 -441 222 103 93 199 161 -42
111 -49 -126 -13 147 -22 35 156 -120 -294 -127 66 118 285 -114 105 360 -99 71 370 58 532 -385 141 -223 -287 309 593 -253 105 37 -115 -143 193 131 461 -23 317 -34 258 377 329 365 313 -189 -199 -68 116 -189 232 326 25 -240 -323 -108 -422 -320 -397 -259 -7 199 -33
-29 59 45 -349 -547 -61 7 -436 -343 152 28 293 -431 44 44 64 -108 290 -355 -18 -90 292 476 294 -264 -130 76 -254 19 12 42 15 -128 253 -656 -193 -318 -180 130 -74 179 50 228 62 306 -333 -236 -77 143 -227 -23 254 -291 371 -276 -76 -334 -115 323 0 -181 -80
112 -100 -256 490 188 464 -310 332 7 -178 -207 531 -47 -34 -120 -206 513 -225 -13 -73 256 149 102 -73 -136 -120 -225 347 535 3 -201 -170 -382 -282 55 -232 64 839 324 -101 -330 -162 -284 -211 -711 267 -231 -13 -100 -273 38 95 -140 416 -304 158 -277 225 -28 -191 -462 -346
18 -182 128 183 -198 214 -99 341 -154 62 144 113 -442 224 -297 -456 413 -181 332 -257 -38 444 -29 -101 -18 30 82 231 -581 171 37 189 -347 106 205 102 400 -327 23 -311 331 93 4 135 354 -168 -355 88 -168 -232 164 -380 436 -191 -503 60 -147 136 271 -36 111 168
120 -21 -93 148 295 -73 -25 309 36 -239 653 407 490 17 118 -6 169 -147 -10 23 -173 -56 376 -13 -253 229 29 -52 -44 176 -58 332 -190 398 -295 -176 -36 -11 -33 -254 -137 283 -397 -117 392 59 -509 -149 -12 -241 -410 -412 103 -106 175 8 -70 287 263 -28 192 99
348 -211 17 -39 -144 112 107 30 90 27 -375 -162 358 697 275 140 -33 61 351 -145 -172 270 -271 95 -577 94 246 -335 246 94 -291 -116 -148 166 59 -39 318 -301 419 7 242 -255 155 -32 -419 31 -161 -2 -18 100 -244 -65 128 164 -119 482 187 -270 -169 411 478 22
-38 -208 -209 143 301 46 -140 199 244 -190 -170 148 20 -282 131 -2 84 -152 -309 414 76 43 -134 0 -454 37 -168 -273 371 6 299 -457 -117 -85 -308 267 -436 -131 263 -24 332 76 377 -127 -408 249 -328 -220 -82 -237 -294 111 -7 -663 -23 -43 114 127 48 271 286 -434
17 -97 -449 -48 -336 -301 -190 101 -274 -219 225 56 259 243 57 27 431 -269 -149 -43 -33 -72 25 40 130 -388 551 -161 -226 -357 49 -76 -60 207 -87 272 218 206 -259 47 -413 -162 -14 -157 -7 94 -117 -267 289 -132 441 -46 184 151 82 -153 23 -507 -126 -323 10 -476
28 -171 331 25 -181 -650 -30 195 -24 46 -300 778 -34 -112 -105 11 -124 74 167 108 -376 -517 -141 177 -113 -223 98 171 -52 198 168 165 -257 11 84 244 -1 162 -384 -22 -567 131 -57 102 130 99 -273 -468 -135 277 16 -721 -276 -198 -399 -2 -107 59 409 -99 -203 42
-95 -21 117 -14 244 -157 303 162 196 491 -278 -137 -386 -156 -46 -6 174 15 -444 84 155 286 7 32 -104 42 -302 151 146 106 317 113 96 -30 86 593 -37 111 -71 406 -138 235 502 401 -134 -192 387 54 -51 64 -298 150 87 -196 -166 78 -252 -383 18 -8 -58 -316
260 6 -75 -436 204 478 -111 -178 263 -727 -456 102 -276 -361 21 -177 -68 -139 383 91 -67 179 -96 -316 -127 112 6 -178 -18 -382 -166 623 346 518 31 302 -505 -76 111 -359 -431 351 79 -248 -2 -196 -9 -327 -113 204 -283 -315 300 -215 -507 116 282 -234 208 -89 110 -143
