14 488 -391 -198 1014 -687 -298 970 396 -1388 372 592 296 -557 -504 168 1418 87 -356 224 46 107 -493 152 1142 -137 -938 -56 -212 769 -78 -339 -165 -277 153 1385 -267 -373 -20 -610 9 848 -284 44 -758 268 779 131 -391 272 -792 354 33 -719 1248 -115 401 -924 72 117
529 94 -257 -367 -712 1054 1070 -1046 -215 1003 -604 -1118 -709 366 692 201 -420 -401 425 129 -681 -178 1085 -729 -1442 -414 1320 954 218 -826 402 570 -446 55 875 -1378 -241 695 -17 1138 312 -559 249 471 36 -824 -741 -29 254 944 706 -170 1205 -133 -1187 603 -313 1127 -262 166
-1260 530 708 -260 -53 -421 -1363 747 524 -391 239 1101 605 -655 -558 -440 226 644 -999 263 998 27 -1454 947 1008 953 -2233 -660 1277 391 -652 -811 803 38 -821 1263 685 -216 -562 -964 -564 447 156 -379 280 625 -174 255 -155 -421 -184 -104 -929 178 319 -194 475 -522 197 87
718 -708 -413 197 614 -642 601 -724 -772 500 283 -1219 -918 768 964 -70 -156 -558 70 -360 -983 864 1322 -616 -1291 -874 2217 47 -1681 -122 598 758 -352 26 502 -806 -645 16 719 590 -71 -476 -584 155 -92 -235 299 -378 -496 432 308 170 262 -572 -10 69 -843 -94 312 -82
-65 85 379 -191 -288 924 -144 -1 -244 -595 120 1305 509 -907 -659 574 -409 387 507 -249 456 -774 -855 600 1087 616 -956 23 1877 73 -432 -911 512 -256 -676 541 224 -112 -565 388 435 365 383 -697 443 115 -561 778 658 -789 -985 -308 138 654 229 -62 644 103 -120 568
510 96 -781 -523 33 34 -632 503 409 140 -474 -813 698 651 -134 -497 1008 -626 -158 362 -662 -66 116 288 -45 -480 381 140 -871 -104 327 432 -204 326 547 -1179 -644 272 846 -201 147 -345 261 1102 -965 -392 809 -654 -974 435 779 -37 371 -823 -433 243 -142 609 296 -875
73 -50 417 557 136 -361 950 -422 8 235 556 325 -1804 -18 662 -348 -469 304 56 314 -34 -242 227 -592 485 -725 -670 57 287 47 251 -708 375 -189 201 934 767 -612 -640 215 -675 41 -243 -1119 1536 -326 -351 197 925 -48 -406 475 -582 491 442 78 -277 -258 -43 534
142 265 -69 -826 237 -154 -83 690 -385 879 -733 -696 565 -735 664 205 559 -373 -615 -837 220 472 -430 255 -1033 811 565 -107 177 -225 -108 2 -1051 -95 -128 -213 -158 -11 -284 73 1078 -802 629 217 -397 246 147 -442 -1018 511 142 150 484 436 -742 -813 523 -100 -72 -420
54 -818 492 180 194 379 -492 -159 330 -1318 1192 46 379 -408 -1766 -511 -132 246 485 213 -436 -183 850 408 451 -761 777 14 -688 85 395 412 1212 -231 -595 -517 164 152 691 -522 -926 319 -416 357 172 -571 148 947 677 -1242 -787 -220 179 -1056 547 931 -214 321 -259 -525
121 67 -92 -92 116 -171 744 -299 -576 731 -956 645 -305 968 1916 -38 -10 -467 -759 557 -66 -68 -436 -21 228 796 -861 -297 705 48 -8 -99 -664 -329 263 140 255 -70 -338 268 371 -71 216 -578 691 159 -312 -510 -289 449 1137 -31 -892 875 -298 -430 401 24 461 501
513 -341 -176 -27 534 -165 -555 170 -220 -546 405 -328 749 -289 -898 638 874 511 21 -1120 874 357 -121 411 37 -1050 1100 443 -885 -182 244 -487 916 263 88 -1178 65 -10 213 631 44 -951 490 440 -578 154 889 -1106 -447 434 -681 1272 436 -613 -349 877 -992 -340 -427 -136
-1299 288 46 -568 -355 -141 -363 -213 196 533 -184 288 -885 418 506 -841 -78 -584 405 1467 -705 -619 -444 -173 -54 994 -1143 -398 1544 13 268 -873 -1003 -41 616 1564 -786 -1127 -1133 -332 507 694 -501 67 415 -1567 -252 2466 232 -1057 -657 -1724 967 588 -654 -527 1035 -168 104 -89
1251 -644 105 245 442 260 395 442 -1331 -269 199 -315 1294 -709 257 1149 -702 125 -46 -394 -85 659 761 3 -386 105 -201 -239 -594 248 -80 693 241 -414 -1142 -601 2007 1298 587 -563 -448 -130 543 -22 218 1848 -332 -1923 -504 779 1273 948 -821 -576 270 322 -353 175 -232 428
-244 1171 206 -357 22 52 -219 -1186 1293 555 217 -163 -1769 662 -889 -826 831 264 -654 828 205 -708 -340 82 33 -674 343 462 65 -61 579 40 681 16 244 -133 -1791 -762 350 1556 511 -951 -567 -195 -3 -1046 341 1514 136 -1453 -1119 697 393 203 121 285 6 -966 481 158
-406 -132 111 861 -496 -562 35 1227 -664 -23 -791 196 1310 -579 210 112 -644 -597 871 -383 247 -404 50 -95 457 464 -1093 23 -170 -497 194 -838 -802 28 245 274 978 -76 -715 -214 -620 738 3 698 -329 601 209 -1644 -390 1261 162 -689 569 -592 -339 581 427 1193 -1295 -711
83 -396 53 -477 578 243 -109 -1155 -66 -370 624 6 -21 38 -902 866 488 357 -585 97 -889 404 -97 -443 -385 140 28 -42 662 119 -1042 594 923 467 -793 -282 -196 725 7 -1237 590 -273 886 -969 1118 -202 -669 1051 58 -689 124 1013 -150 622 -280 -1425 -732 -1214 1807 976
561 327 -658 723 -953 34 -354 1068 35 765 -431 350 -594 -448 339 8 773 -1111 -179 322 569 391 -37 178 100 -407 159 972 -984 906 1279 -783 -113 -712 644 -14 -337 -1344 389 1213 -550 -46 -1094 1147 -951 -55 1408 -432 323 -394 -329 -487 -131 74 579 380 685 214 -903 -770
-483 -54 47 -724 946 189 161 -325 -271 36 -346 -155 490 710 -472 -348 -1311 1020 755 84 -561 -385 501 137 80 650 -1022 -110 453 -1778 467 705 -239 655 -117 -310 24 337 741 -725 -116 -745 848 -1075 -442 -397 -1141 577 -802 694 188 500 -320 -813 -165 -334 -433 164 418 657
203 157 -422 320 -1205 212 -244 188 -272 43 -22 -119 -174 -210 499 415 1338 -851 -727 69 394 -15 -530 502 -109 -102 703 -91 -95 601 -1219 -696 90 -353 -359 609 -52 633 -1492 905 829 159 -1001 1410 607 258 395 -181 667 -702 -19 -248 -33 611 -512 -886 668 214 224 -770
-431 -194 -91 306 1221 124 -469 -500 562 610 592 31 -479 -314 104 205 -773 -125 144 142 306 598 -643 -835 219 -629 -893 957 -470 -212 858 808 -227 990 -612 -17 34 -365 1140 -848 -942 131 618 -679 148 -456 103 420 -826 231 702 180 -577 -198 870 1297 -902 -295 -95 325
364 -235 40 -476 -963 224 125 762 -605 -320 -682 112 142 262 -178 721 -344 -192 508 278 -484 85 977 228 -921 797 569 -887 511 364 453 -313 366 -502 190 -583 -800 484 -206 288 870 -305 31 126 -562 451 -433 -214 506 -3 -582 -176 950 8 -288 -1137 1376 119 -408 -475
-403 620 -868 584 519 -533 249 171 462 33 -15 384 357 750 -332 -963 461 38 -239 11 497 -894 -333 275 1301 -1006 -610 1042 -273 -810 44 177 -591 -27 -423 860 1051 -437 -356 382 -1128 155 208 -51 408 -97 313 267 219 411 -270 346 -490 412 243 209 -1025 80 596 338
123 -75 305 -446 -616 876 -451 -531 -244 422 -117 47 -7 -28 566 259 -618 70 208 413 -345 125 -550 -305 -960 585 918 -782 75 809 -576 -343 557 764 -487 -545 -1054 924 -539 -529 966 -570 -209 215 654 -368 -77 117 -1321 546 219 -587 407 -150 -887 -616 975 320 -1012 510
-103 232 -1426 611 978 -843 485 101 -360 -394 438 -1416 -744 -134 200 587 333 -845 197 -294 -319 -287 582 -327 922 -619 -389 100 -74 -264 1013 -75 -1193 -802 1091 381 -149 -1055 639 144 -1270 963 822 -689 -828 1024 499 -274 713 -432 -105 577 -427 -177 1031 -382 -183 636 -446 -775
272 -471 820 99 373 -87 -645 102 411 124 -213 1605 874 -633 -431 -815 -300 1399 -675 -397 52 176 881 70 6 665 -495 -231 180 -270 -513 229 1471 393 -975 -307 337 794 -363 276 350 -1340 -471 1152 652 -772 -475 497 326 -140 145 344 -134 -384 -578 1340 -433 -1198 788 574
4 248 -286 -665 -459 899 -91 -62 633 22 -759 -1230 -221 430 445 349 18 -827 567 193 -273 -204 -294 112 -248 153 907 -478 482 99 345 -357 -1349 -495 580 356 -270 -720 -167 -648 559 1193 -346 -498 463 477 -411 -279 -50 48 -655 -705 217 763 -45 -1216 507 1192 -691 -476
243 -237 -311 1482 -97 -394 211 -628 -748 94 722 757 648 -577 -215 816 -1173 -305 -502 -140 -110 1471 224 -444 333 -1276 -195 105 254 579 -244 -458 657 15 -487 -201 474 -146 417 832 -128 -1245 -482 526 410 -534 151 -153 559 -793 322 1359 42 -279 -29 691 -475 -1340 -10 1116
-108 708 69 -606 -41 -359 -132 435 693 185 -416 -1055 -331 534 428 -1361 579 465 553 134 378 -1377 357 -73 837 1577 -602 247 -632 -1029 255 62 387 179 -133 23 -403 16 -236 -819 333 707 175 -375 -1413 1331 251 154 -1317 207 -5 -547 46 26 258 -688 488 1167 -858 -1464
-542 501 -175 139 428 329 -1260 -436 -144 -205 349 1051 218 -568 -316 1470 374 -700 673 -99 -316 359 116 -356 -1002 -955 1180 -844 347 706 95 -576 -1564 592 774 389 738 10 408 -602 -146 -740 134 581 953 -1924 -149 258 735 -82 39 -556 514 -383 -308 -121 -438 127 1182 1252
847 -1048 273 -408 -246 -123 868 57 254 -326 168 -86 -252 127 827 -1484 -197 1132 -1049 -47 554 -211 -1152 433 1035 477 -426 494 -261 -202 -694 680 1418 -1457 -428 -766 21 -212 -124 609 321 117 -456 165 -526 1561 -1040 -104 -529 381 657 -152 -1254 491 397 -480 -247 -310 -387 37
-1005 729 486 -174 424 15 -419 -161 160 714 -797 -79 66 -441 -368 112 -138 -429 272 16 -145 -19 803 -308 -376 -687 117 -214 585 653 870 -1441 -764 895 -171 1054 -483 117 -194 -462 -103 -323 77 490 635 -336 776 23 42 -476 -480 -180 696 -359 -488 430 237 -302 -451 -451
576 -579 -303 729 -538 -128 291 1142 -817 -710 929 -170 408 -331 -103 151 -469 56 220 43 -290 -222 549 131 29 100 301 -297 -545 -175 -544 153 450 41 -244 -90 -71 -493 -91 57 815 -59 -430 99 -519 -492 109 12 -2 592 234 625 -41 -44 -7 -400 65 97 -167 -36
-117 -365 -736 -1091 361 394 -515 -845 510 597 -553 321 -382 734 -597 -324 654 -264 -922 236 753 -127 -246 -198 291 -46 535 29 947 -386 712 74 -926 286 485 -189 -296 290 273 -519 -377 276 -321 -114 445 59 -1008 563 377 413 -803 -1406 -419 448 249 -192 188 159 557 323
-904 910 520 652 -511 -793 -48 709 -294 -172 78 73 -4 -970 577 389 -922 229 602 322 -1054 66 -165 -169 -134 759 -486 -339 -221 892 -420 -361 602 -682 -311 -46 394 395 221 -82 15 788 293 -220 -332 670 179 -632 -451 -327 881 144 116 -669 -195 787 -592 -414 -484 -774
597 -1511 -359 -516 789 940 192 -1016 140 207 -553 320 -742 182 -293 -426 268 66 -10 14 452 -543 571 -170 147 -351 574 38 -115 -883 343 -141 263 -259 440 554 -309 -605 -1158 1250 1406 -600 -172 1004 177 -699 117 -220 437 267 -506 -37 123 402 -178 -518 1143 231 195 695
-402 742 78 445 -334 -770 387 1192 -946 -456 425 -573 -20 100 -168 -6 -129 68 48 -99 -469 389 -594 113 461 -12 25 786 454 261 252 56 -198 -58 -556 -118 -324 285 618 -1367 -683 -279 -335 -420 -257 -479 188 580 24 -302 45 296 503 3 995 -446 -1055 36 202 -113
-328 502 -195 -377 -101 679 -557 -884 937 457 -307 -70 515 -84 75 937 216 -697 317 504 -716 -419 701 -256 -113 352 -71 -574 120 -479 -388 -404 -56 -367 355 -667 516 344 310 903 -254 -326 -20 399 1223 -50 -1166 -694 -585 771 406 -784 -158 617 -1760 1052 104 -96 -61 -600
768 -1132 74 400 196 -715 179 144 809 -139 -427 261 -678 1360 -38 -1418 171 811 -653 -324 1131 676 -781 -229 5 -457 -424 107 -346 359 513 -292 -605 524 -20 154 -3 -1067 -308 -512 599 382 166 -675 -899 8 248 1140 367 -1327 -202 1641 -307 -1104 1399 -872 425 -709 102 484
105 769 71 143 -166 733 191 -513 -1729 -807 1029 289 -302 -1774 1109 579 -505 -826 706 305 -832 -230 526 522 -545 -27 423 226 -46 -912 -429 528 138 -452 983 413 -231 158 -504 406 -403 -216 -738 728 803 -408 427 -510 -27 696 -382 -1092 629 1203 -680 360 197 -279 -46 159
-847 -224 121 -330 29 -608 542 268 1516 485 -776 -827 1305 1255 -1453 -244 -52 379 815 -369 -513 188 -9 -616 405 385 -330 -207 108 -236 276 -669 -127 746 -492 -313 592 -70 737 -596 111 -541 1033 -421 -1226 1144 -531 615 -832 -84 874 584 -574 -1146 -34 192 -763 956 667 195
736 -202 -761 4 -327 772 -1262 -30 432 193 237 430 -1472 -803 685 215 -128 -525 -1136 106 857 257 -1029 696 128 673 -88 -96 352 233 -91 869 46 -429 -420 437 586 -517 -625 498 489 1055 -1074 597 313 -191 966 -1050 496 362 56 -96 -121 802 -137 -66 972 -803 71 741
-417 693 965 -90 -447 -314 1118 -719 -649 -841 -184 -91 1420 444 86 -528 -449 -299 2134 -362 -1415 507 1183 -693 -624 -605 -40 84 -518 -511 428 -566 -31 762 509 -728 -866 142 1379 315 -1032 -733 -326 666 97 -1029 -488 600 -480 -1078 -612 275 586 -594 -358 110 -1019 471 270 -433
47 -440 -1227 -144 856 -515 -761 168 1 -157 292 -210 -727 -230 -791 510 690 1292 -2120 508 1236 -998 -412 1121 1139 -577 -18 351 492 205 -237 -269 -265 -441 324 677 523 -616 -1038 -570 535 -163 1363 -353 -180 1225 -567 -900 95 1032 363 -639 -58 171 -93 361 72 -721 -142 -255
-561 311 1015 209 -601 745 414 -358 876 -17 -1040 29 226 -22 660 -867 -656 -476 1480 -993 629 1088 45 -183 -150 805 -767 -732 171 -487 799 -198 424 353 -1100 -71 412 151 548 118 -334 477 -1579 274 -242 -1394 1320 94 -239 -318 -23 637 -755 577 115 -90 59 906 558 432
272 338 -703 -161 310 -642 -184 779 -697 348 1714 -180 846 -680 -1104 587 104 1016 -432 210 -1183 -223 -166 -629 -225 -220 946 343 71 205 -538 713 -483 262 601 -682 -934 -93 530 -760 126 -334 1132 -147 38 987 -328 -81 -287 -391 426 41 1113 -473 235 -284 76 -783 232 -480
-878 -399 1032 -398 -169 451 417 -143 902 -1582 -817 850 -965 335 260 585 -211 -956 -24 -94 188 -539 197 54 -270 14 494 -151 -369 -368 476 -121 453 -320 420 675 960 -761 -375 297 -255 803 -411 -264 -905 -309 -61 173 343 884 -553 -435 -141 897 -195 110 -782 723 -459 -23
1159 99 -1216 -40 -607 -106 -722 591 114 864 -188 -903 1065 -160 319 -901 227 330 -326 176 -330 1042 136 -303 632 -71 -935 -85 531 370 -238 -125 -455 97 -1130 -254 -753 576 299 -324 -617 -39 286 23 1279 -90 -142 -761 998 -661 505 914 -151 -91 -260 335 314 -893 863 199
-1319 234 828 -39 757 113 516 104 -659 -228 140 64 -940 53 -538 866 -800 271 -856 -138 1334 -566 -44 573 -845 -89 948 262 -327 -640 200 -469 280 -58 542 97 430 -359 -565 -801 1201 -776 -205 427 -977 216 388 485 -1319 603 -10 -164 -365 -145 -482 -327 455 75 -1160 -559
895 -172 -880 -258 46 861 -149 -581 373 497 854 -240 361 -925 -73 -82 1035 -246 663 116 -1637 338 -1239 -406 1337 1248 -724 -949 283 115 -419 639 -403 -870 325 64 -12 -108 572 583 -852 898 -93 -1076 578 146 11 -235 881 -534 -924 305 88 177 339 543 -685 464 657 -162
-844 -370 781 564 -523 -711 497 437 -765 -351 -163 517 -67 92 526 300 -886 709 -343 -630 838 -586 1171 -317 -485 -447 558 -93 -21 -118 -42 -880 569 1136 5 -80 199 -123 -353 -460 501 -345 -305 -351 -424 315 136 115 145 80 12 -538 288 426 -766 -484 367 -263 260 686
419 47 -769 -308 990 258 -774 207 775 -133 -439 -1223 695 415 -187 149 664 -1303 277 776 715 679 -1094 184 -325 -139 2 743 -315 20 42 379 -106 -1214 872 255 32 261 -154 755 167 444 597 725 -178 -283 7 -46 -801 414 788 244 -250 -1041 152 -58 -261 -321 -855 -405
-519 355 1101 -722 -947 -293 588 -1428 -626 625 964 -55 -876 -340 555 253 -990 932 -504 -52 -745 -338 1009 118 -64 619 168 -1008 -210 -343 -6 -34 567 726 -1179 -113 22 -1058 -90 -412 56 -243 -386 -393 1481 -606 -265 -146 529 -414 -397 -57 199 220 -5 -60 -81 -21 766 -181
262 -343 -873 607 1347 182 -409 738 730 -494 -702 202 983 -480 -431 529 292 -348 -293 318 985 -366 -487 -382 299 -261 -763 272 1568 -57 -240 -387 -352 -665 572 -596 -225 1728 436 561 -698 -213 5 -643 -1954 694 383 -169 -303 153 -261 427 -527 -2 288 28 417 605 -527 -43
-467 -21 896 -131 -938 -72 511 -320 -426 1242 408 -652 -969 535 -343 -386 -411 210 641 -583 -59 816 -655 -272 353 12 856 -60 -1452 -76 468 -73 175 -308 209 1137 722 -1403 -845 -280 921 -417 162 999 888 -1055 141 171 -493 61 55 53 768 -496 -687 -27 231 -246 -76 34
-194 393 -616 126 864 -392 -84 255 -222 -903 701 1101 1210 -902 448 347 102 -47 -816 663 -182 -1033 880 -464 339 441 -707 148 401 -298 -51 197 600 480 -458 -400 -879 853 -208 -59 -736 758 -913 -660 632 247 -309 -316 456 -357 -457 -45 -745 -33 1268 -525 -303 537 573 -78
184 -104 712 -252 -898 326 494 -514 211 728 -949 -1219 -244 1315 253 135 -666 418 1120 -744 196 296 -661 -79 -296 -184 257 82 258 213 -1009 -88 -216 -321 592 -274 690 -288 290 827 63 -626 556 17 -791 -614 471 84 -258 292 393 -55 -195 728 -498 1140 529 -976 -481 519
-549 -375 -267 28 820 15 -258 54 285 -145 232 1041 -376 -1311 -122 103 -119 -449 -914 889 195 -127 64 -210 -68 580 -1304 -69 -26 400 625 -338 300 -693 154 253 -1125 -183 3 -549 375 545 319 -136 -20 201 -285 221 -328 -191 -530 871 -280 -1061 -36 -768 -545 866 295 328
126 537 -484 -383 -1086 157 264 -246 -964 -102 1171 -1131 329 721 -186 16 659 2 -10 -939 -232 261 100 -38 341 -399 1333 99 -435 -789 -439 -55 188 495 -30 -268 1073 35 -140 -85 -222 -454 -501 -27 229 -528 -78 199 486 -282 405 -142 245 972 538 75 211 -449 -585 -803
-283 -102 857 379 -254 -320 -102 134 553 -729 -460 1156 -3 -316 132 -63 -1091 72 1101 503 -463 -1045 -130 54 -35 -257 -115 119 118 704 87 372 -502 30 629 -464 -102 -11 42 -673 21 437 -406 -185 405 572 -425 -674 -306 683 125 -1013 -634 -449 -492 -453 -455 904 816 -194
-365 23 -605 358 454 -55 445 -44 -548 1572 529 -1461 -561 204 -285 60 780 280 -1472 -496 702 761 19 -65 387 146 -755 125 -55 366 741 -242 425 -646 100 15 240 -189 -362 725 785 -307 729 802 -805 -609 605 980 421 -1124 -502 1461 -239 -218 898 324 -441 -382 -732 368
