-8.498053 -1.515367 0.760502 -0.495173 -5.350679 -1.867401 -5.754311 -0.666072 -1.351954 1.854202 -2.925180 -0.090376 -1.967467 -2.692638 -8.953845 -0.567910 -4.726626 2.226031 0.757442 -4.767242 0.918866 -3.127835 -10.465244 2.732269 -6.504993 -1.575867 -8.412737 -7.251681 -3.483416 -10.180865
-0.126119 2.588715 -7.209273 -1.156637 -4.625510 -6.541759 10.598596 -0.410035 12.634361 1.861121 4.725764 -3.362833 -2.938491 -4.238928 10.482164 -4.898917 1.469135 -4.014595 5.587570 4.784560 5.503268 3.663341 -0.090470 4.664221 3.011123 -1.483894 8.875468 6.292781 0.999863 3.827175
1.244504 -0.720680 2.000719 -8.478385 6.428457 1.015930 -5.057345 6.720190 -10.742008 -3.960805 -2.021585 -2.122351 4.241207 -1.879638 -5.247814 -1.558923 2.714661 3.212883 1.217199 -0.367680 -8.025216 -9.946221 3.543266 -8.179546 6.503518 -1.618102 -3.545649 -6.776726 1.804775 -2.278620
2.947516 -0.801456 -3.424915 5.355138 -0.514989 2.285861 5.261618 -12.435638 3.629890 1.049402 -2.926462 3.627401 -0.421955 1.288947 9.503422 -3.637263 7.911621 -2.541731 -6.507724 -1.430898 5.947194 3.831762 -0.219581 3.242351 -3.858257 -1.861817 3.566215 -4.083574 7.009912 -5.766078
-8.024114 -0.105664 5.887096 2.489349 1.274848 -5.203703 -1.152202 3.624418 -1.104998 -0.258659 6.017543 4.109104 1.058410 -3.219783 -15.885976 -1.439550 -4.791307 -10.014128 11.438110 0.218256 -0.371067 -7.245670 9.008550 -7.970899 -0.766200 5.212517 -0.203715 6.655938 -5.818535 3.764080
7.250543 1.334268 0.171655 -7.091153 6.560179 0.063544 6.449998 6.671488 2.617601 0.568903 -2.968246 1.803957 0.177331 0.907511 6.469743 -3.515889 -0.220713 6.433223 -2.804372 -4.970061 2.802054 4.582396 0.753471 3.349699 5.863279 1.749839 3.912727 -0.067482 9.109084 0.655673
-3.597405 -4.866740 -4.183579 2.403059 0.619908 0.517518 -6.147517 -4.487461 -14.261899 1.387486 -4.092407 -1.728106 1.491472 4.071973 -7.605217 9.379666 -2.062962 0.750957 -4.960477 14.428751 0.575967 3.489526 -2.238693 5.845050 5.715248 -0.858182 0.377926 -0.658121 0.097945 -6.723927
4.032357 2.987951 0.363337 2.893507 2.288419 -4.469908 3.156628 4.673779 7.918429 0.653654 3.765935 -0.657547 -1.955197 -1.720488 7.749140 -6.667700 -0.698447 0.993210 -0.966663 -3.202521 -8.229186 2.738290 4.210939 2.373196 -5.903621 0.971672 -4.439055 -1.284870 0.015790 2.377682
-0.525780 2.100284 4.859498 -3.987280 0.803228 -3.834425 1.366646 -10.676917 -4.359873 -7.008799 -7.331010 3.951939 1.614674 7.599843 4.101082 4.629365 0.396893 -4.949431 1.779781 -0.056734 7.491023 -1.966016 -0.923925 -8.342236 -4.773329 -1.823189 -3.287808 -2.148164 -0.544893 -7.971284
6.384058 -4.181621 0.553489 0.361273 -4.647796 2.213209 -7.865194 6.835763 1.110539 2.416605 10.297677 -7.937184 0.326638 -2.691317 -9.966338 5.905942 -2.778437 8.936638 -4.502117 7.098009 -3.367013 -2.911025 1.084459 4.390098 4.805306 2.646193 6.001394 -1.881361 4.032369 5.530646
-8.055528 6.069521 -0.657357 6.867425 5.534305 2.882020 10.651529 1.341896 3.876184 9.617183 -1.255690 7.792501 1.613230 0.926917 10.117068 -2.064459 4.011087 -6.375728 2.477533 -9.022971 2.172206 -1.678659 6.684601 6.804474 3.418373 2.389539 -7.349643 5.747049 -4.691859 2.072652
6.291632 -3.084310 3.646251 -8.435255 4.574639 -2.347379 2.774070 -12.111452 -4.672576 -5.910931 -10.504890 -7.587394 0.048596 -3.337577 2.834937 6.311119 5.636597 7.954355 -2.372115 5.634156 -9.013730 -3.796972 0.301085 -2.744380 -6.733116 5.444159 1.243946 -3.935023 11.140346 -3.227307
2.217120 1.773037 0.538486 7.947742 -6.942588 1.363491 -7.649248 9.107591 3.066220 4.903201 4.528089 1.507968 -3.734438 -3.685726 -4.531136 -11.344313 -8.236237 1.675628 3.934542 -5.504875 11.409661 1.680567 -3.012299 -0.503676 3.300057 -1.179874 6.373888 1.015290 -2.963659 1.225514
-1.647399 -1.507346 -6.427037 -2.427104 -2.054368 0.901849 7.687997 -1.059414 4.485406 3.679136 -8.345562 3.170148 3.188576 3.455378 3.871218 6.765511 3.166635 -2.493382 -5.902536 -1.823012 -14.830026 -0.124096 -7.644763 5.114691 4.479774 3.134005 -1.028943 -3.367203 1.732340 -0.354738
1.768534 -1.379207 0.155947 -6.482452 3.904740 -9.763181 -0.010799 6.483971 -6.429238 0.899769 5.206246 3.273342 1.164565 -4.015666 6.687430 -8.041449 5.483992 -5.277795 1.732955 4.738316 10.013205 6.425178 4.035754 2.423229 -12.291989 3.468011 -9.659416 4.877071 -9.312538 -0.073199
-1.702514 2.202818 6.471085 8.817522 -1.134455 5.006116 -6.819780 -8.819475 0.892287 1.766560 2.951780 -2.912955 -6.171294 2.740621 -3.547008 10.507919 1.114289 8.183838 -0.611543 -1.397964 -5.945666 2.178008 -0.624514 -1.059371 4.153057 0.345814 -1.585999 -1.383006 2.101945 -3.182929
6.201357 -2.339389 4.330106 -2.127545 -0.658926 -12.430728 5.421349 4.256697 4.745372 5.735560 -7.638781 9.037313 1.425455 1.864449 8.057941 -13.501132 3.033772 -5.677149 1.993490 8.235836 5.427369 3.654241 0.817511 -0.255552 2.292447 4.039612 5.532548 6.331876 -4.640189 1.062309
-1.347849 6.971610 -13.468578 4.980995 -4.184561 5.587248 0.532923 0.355211 -4.690496 -5.116636 7.848745 -0.080834 0.971717 -7.643800 -3.734706 3.817063 -2.824082 4.876089 2.564505 4.018262 -1.832168 -3.057706 -1.323099 5.223099 -2.799833 2.422875 -8.268315 4.478033 -5.170156 1.834881
-2.089678 0.365313 5.408081 -0.930030 2.399909 1.711518 2.073688 -4.181816 4.961790 3.988393 0.316611 -0.059983 -0.825075 6.845624 -7.944422 3.914617 1.774258 4.152250 -3.378425 -4.895221 -6.411402 3.089354 4.064097 -7.023000 9.548250 0.127363 9.169283 -3.863542 -0.587066 3.053190
2.966391 0.075106 1.565004 -0.651271 1.599359 -4.078813 -3.226518 5.717811 -10.029869 -0.582067 0.680050 13.183091 -4.162694 1.481539 7.760453 3.915568 3.697858 1.982506 5.305927 6.778265 7.865832 -3.212895 2.442886 0.644739 3.851615 -2.435003 -2.082604 9.167541 4.966508 -5.373638
-2.549930 2.235997 -5.274645 -1.307729 -9.819940 -4.960987 -1.795674 -5.397318 -1.448297 8.680964 -5.468839 1.493955 2.593887 -1.394936 3.295572 4.927656 -4.314978 11.344908 4.448828 -0.895212 -2.697354 -1.397703 -3.795077 -2.563012 -1.367023 -1.886438 7.520818 -5.256512 -0.833308 5.657489
1.905817 4.754995 6.998247 2.482588 4.029083 3.690872 -3.776777 2.589216 2.923011 -10.812731 2.821982 3.454485 -6.295502 3.203538 -5.179123 -13.695048 -0.256306 -14.229011 -1.824613 -4.043166 5.267010 4.964093 5.547424 1.630356 4.057887 -1.092303 5.516615 -0.132231 9.496341 -2.822724
2.613492 -3.017288 -3.758260 0.129344 2.279663 2.343000 5.531181 0.655304 -3.943190 4.828858 -9.437393 -1.819379 1.175609 8.514518 3.610669 5.931032 -1.284272 4.374627 5.863877 3.093626 2.780482 5.283811 0.423344 -6.847285 -5.693686 6.352040 -2.520688 6.074818 -1.686752 2.380854
-4.513272 5.381541 -3.141337 1.456729 -5.348534 3.238406 1.634788 0.814817 6.833809 -1.080198 9.028353 2.507338 -1.316663 -1.427012 -2.381860 -0.509287 -2.373879 -3.224337 -4.491488 1.706938 1.565526 0.656311 1.858524 0.187048 -0.272505 -7.564301 -5.385415 -2.276986 -4.536214 0.558720
-7.854007 -5.628614 8.194185 0.905017 8.527014 3.562624 0.273866 2.527078 -1.308434 -2.512971 -1.341914 -3.384179 -1.371804 1.733619 -4.321218 2.784987 1.871136 4.969916 -0.128891 3.417587 -1.538266 -2.721322 2.466142 -4.709302 2.452180 4.440701 -3.143767 0.310893 5.204396 4.871459
2.548695 2.137632 -2.956603 -3.048095 -7.048320 -4.242754 0.372309 -4.940840 6.200655 0.764218 -1.537667 -1.469168 -2.237242 -3.521865 3.275956 -4.218880 -2.540467 -8.226622 2.963378 -3.020737 2.697017 -0.831292 4.623778 7.978312 2.255382 -7.660202 -3.392911 1.916908 -5.423194 0.769186
-6.153199 5.379145 -2.561610 6.311997 -2.202215 -2.207953 0.807133 -8.671223 1.238713 -9.083573 0.059262 -0.562270 -0.540326 -2.093492 -3.204732 -5.326801 10.497910 0.581254 2.671011 3.037450 -0.512299 -3.143634 9.620114 -9.239351 3.045329 0.362480 1.755968 -7.195241 5.422571 0.471154
8.612358 -4.170302 3.926147 -1.032349 0.923023 5.825305 -4.234620 6.509801 -2.060544 4.702094 -2.821296 -5.532086 -2.238772 6.722298 -0.985189 4.838743 -3.206714 -3.119151 1.407782 1.883251 4.335995 4.563901 -4.459061 5.149279 -1.303874 4.576913 1.792136 10.391664 -7.818522 -3.300161
-10.056668 4.484919 -1.946323 0.733790 5.940761 -4.435114 3.045294 2.942093 0.179533 4.201995 -0.979500 2.995816 0.335407 1.895244 0.572563 15.326873 5.513499 4.869005 6.283946 0.510660 0.150940 3.059809 4.556246 -4.542752 1.693800 -3.470879 -5.709732 -10.523077 0.233583 -9.257073
-4.843852 -1.173511 1.157036 4.053159 -0.114247 5.556133 3.652568 -6.454394 10.022315 -0.275097 0.834106 -2.864683 1.403938 -6.809749 -4.674379 -13.507133 -5.111567 -15.853317 -3.859045 -7.808779 -1.282072 -6.040196 -6.622458 5.206481 -1.662548 3.165599 -0.275171 -1.594486 -2.146108 7.173033
