-554995 -98692 48383 -32839 -350931 -122941 -376836 -43193 -87897 119932 -190926 -6735 -128902 -176140 -585333 -37455 -308275 145087 50559 -310952 60880 -205180 -684427 178372 -425009 -103135 -549760 -474402 -227181 -664220
-7668 170087 -470840 -75542 -302205 -426805 692497 -26954 824980 122768 308926 -220120 -191354 -275893 685311 -319667 96004 -262285 364337 312828 359154 238775 -5714 305280 196542 -97708 580314 410999 65010 249179
81775 -47169 130955 -554016 419511 66259 -329977 439319 -700582 -259917 -131766 -138027 276606 -123227 -342576 -101321 177024 209812 79884 -24403 -525584 -650122 230511 -533564 424999 -104971 -231141 -443074 117787 -148935
192200 -53384 -224654 349693 -33573 149403 344932 -812829 236321 68726 -191774 236313 -27853 84055 620093 -238472 515884 -166597 -425158 -94173 388678 250125 -13843 211437 -251420 -121113 232056 -266619 458287 -375559
-524370 -7669 384565 163646 83308 -339775 -74992 236076 -72221 -16895 393483 268272 68638 -211025 -1038215 -94337 -313893 -654154 747819 14910 -23968 -472485 587626 -520666 -49783 340095 -12891 434488 -379588 246279
472937 87719 9979 -463078 428167 4136 421748 436797 171069 36596 -194966 117689 12065 59384 422024 -229901 -14339 420885 -184225 -325105 182957 299656 49599 218985 383554 114174 254911 -4672 595068 42995
-233789 -318496 -272789 156247 40510 33992 -401290 -294204 -932257 90599 -266915 -112365 97037 265838 -496124 613018 -134638 49111 -324350 942962 37502 228747 -147160 381602 373462 -56693 23742 -42707 5809 -439490
264134 195742 23769 189221 149440 -291997 205603 305900 516755 43969 244952 -43038 -127911 -112114 505782 -436234 -45760 64596 -63080 -208696 -537368 179559 274414 154947 -385712 62866 -289833 -84180 744 154959
-33682 137504 318203 -260308 52858 -250148 89503 -698366 -284894 -458233 -478393 258849 105317 497513 268833 303593 25542 -322635 116722 -3741 488877 -128948 -59714 -545749 -311414 -118874 -213983 -140039 -35245 -520390
416197 -272826 35181 24296 -304317 144011 -514397 446200 72527 158597 672441 -517913 21090 -175618 -651028 384701 -179978 583541 -293313 462406 -218815 -189436 70838 287005 314024 173356 391007 -123494 261921 360757
-526133 396548 -41870 448109 362476 187254 694739 87156 252697 628391 -80512 509257 106432 61451 661405 -134320 262392 -415689 161276 -588532 140936 -109869 436487 445027 223796 156113 -480377 375925 -305672 136763
411783 -200640 238707 -550170 298917 -152053 181704 -790571 -303701 -385174 -687072 -495399 2571 -217903 185086 412653 368336 520129 -154552 367609 -588698 -248444 19834 -179793 -440065 356353 81739 -256965 727975 -211303
145076 115984 34690 518275 -453875 88929 -500533 595010 200332 319481 296187 98262 -244419 -241308 -297123 -741471 -538628 109131 256494 -359699 745408 110597 -197405 -32384 215770 -76513 416391 66282 -193571 80057
-107907 -99051 -419400 -159906 -133771 58456 501560 -68689 293030 241730 -545164 208067 208438 224824 253524 441948 207648 -162959 -384904 -119387 -967609 -9410 -499866 334086 292841 205163 -68657 -219738 111989 -22858
115203 -90069 9786 -422950 255809 -638276 -538 423033 -419550 57561 339870 212734 75050 -261939 435727 -523924 358203 -343573 113250 310401 654036 420878 264457 159083 -803262 226357 -630776 318140 -608198 -5338
-111283 144669 423817 576485 -73964 327866 -446381 -576313 57988 116605 193403 -190212 -404065 178190 -232243 685491 73315 533631 -39531 -92212 -386922 141843 -40795 -69153 271907 23111 -103478 -89658 137136 -208668
405159 -152511 282511 -139150 -43798 -812706 353575 276511 310399 374757 -498496 590545 94547 122478 526082 -882706 198451 -370442 130761 538979 354819 237890 52608 -17417 148132 263598 361232 413869 -302958 69650
-87158 456153 -879656 325601 -273500 365068 35820 23730 -306407 -334644 512814 -4712 64555 -499048 -242661 248802 -183899 319271 167991 263424 -119052 -199036 -85675 342042 -181543 158571 -538783 293746 -337482 120908
-136203 24047 353340 -60041 157565 112137 135148 -272822 323492 261056 20792 -2918 -53255 448170 -519655 255750 115557 271937 -221049 -319783 -418349 201221 265947 -458005 622701 8665 598756 -252650 -38625 200160
194334 6014 103454 -42697 103460 -266625 -211775 373097 -655513 -38433 44796 861045 -271868 95980 506975 255644 242201 129126 346625 443187 513414 -208447 158533 41765 252711 -159225 -136417 598941 325341 -351297
-166256 144412 -345180 -85731 -642234 -324531 -117527 -353162 -95165 566920 -357621 97702 168817 -91307 214956 322574 -281821 742014 291063 -57690 -175089 -91647 -247765 -167542 -89603 -123386 491579 -343165 -53442 370008
124285 310862 457121 163055 263628 240942 -246917 169850 190123 -706542 184100 226328 -411150 210849 -338109 -894712 -17233 -930319 -119914 -263110 345657 324828 362070 106400 265390 -70921 361414 -8286 620850 -183588
170832 -196893 -245916 8842 149143 153599 361442 42672 -257426 315268 -616249 -119545 77339 555724 235240 387498 -83438 284502 383376 201429 181872 345425 27386 -446876 -372584 413860 -165952 396976 -111634 154678
-295358 351176 -204260 95278 -349138 210358 107029 52962 446909 -70471 590894 164124 -85374 -93061 -156008 -32974 -155430 -210825 -294930 112024 102231 44210 121116 12759 -16846 -494088 -351571 -148065 -296005 37990
-513998 -367944 533708 58031 556770 233147 17763 166617 -84806 -163818 -87388 -221509 -90722 113878 -282562 181269 122801 324103 -7138 222766 -99519 -178333 161678 -308414 159775 290434 -206139 20419 339703 318749
165704 139361 -193288 -198356 -459727 -276793 24166 -323608 404656 49944 -102054 -96872 -146062 -230705 214188 -275719 -165635 -536878 193364 -195853 175983 -52971 302696 522528 146802 -500120 -221836 123740 -354592 50393
-400259 350966 -167309 412276 -143811 -144631 51611 -565656 81483 -594048 4338 -36945 -34827 -136174 -208983 -347557 684929 39539 175326 199511 -33143 -204842 628278 -603686 199816 24220 115187 -469819 353744 30496
562713 -273038 256874 -67292 61089 380260 -276650 424891 -135482 306619 -184083 -361894 -146822 439271 -64006 316896 -208812 -204120 91993 122507 283439 298872 -291428 336199 -85223 298488 116323 679040 -510160 -216924
-657028 292630 -128173 48336 388174 -289416 199348 192887 11606 274714 -63781 196365 21896 122585 37002 1001203 359982 319595 410951 33023 9271 199483 298035 -296840 109725 -226620 -373406 -687601 14813 -604720
-317341 -77406 75316 264962 -7435 363022 237981 -421561 653652 -18047 53853 -187388 91408 -446673 -306143 -882323 -334110 -1036198 -252705 -511418 -83021 -394737 -432565 339183 -107689 206517 -18651 -104711 -141463 468951
