52840 52419 50411 40412 38893 37498 49633 43869 32770 23306 25779 37999 45313 43252 35630 50530 43657 34471 36556 49611 49087 35519 33281 44921 47774 42627 50248 52586 39730 38006 46195 49675 37710 43509 51107 50947 45661 41881 29464 44780 46050 48389 31313 29298 40913 54630 53292 35033 45769 46991 52269 56719 55401 62294 54917 37926 33756 35117 35229 36383 46747 45744 44233 43502 38275 40853 36456 31430 39448 36304 33713 38182 35900 38292 46332 54397 37011 27822 22137 35238 40176 54305 48392 52413 45149 32862 32888 32882 38312 36529 44880 49723 45145 39351 40695 43625 50273 41671 39223 33233 31054 34805 26439 27905 35310 35823 42157 34790 26135 20998 34356 35121 40025 45064 53271 41669 34847 50281 51729 41196 43037 39460 27081 26298 36387 39442
43035 47734 49758 36768 26069 43751 37319 36006 30702 36195 27451 33845 25849 32655 41750 43581 44856 36022 44261 36273 27622 32546 33510 28561 38859 37356 42378 50132 47365 33029 39285 50022 32036 27340 40737 59546 36647 25139 33796 44040 52122 37691 25938 26121 38909 59877 56673 54723 43771 56208 49321 37333 40079 54229 64735 51425 40481 33924 34866 50205 51970 56917 58961 64813 43780 35659 35489 45652 31799 45976 42242 32615 22789 37643 44077 49129 47165 38820 30122 30440 42713 45488 53240 41928 37912 24044 34137 47820 52511 55819 45479 47624 42243 26489 34761 51796 46255 50017 45995 38521 30189 26722 31186 33349 29067 41911 37417 44978 27622 26309 34681 42959 34304 46256 51425 51689 40996 39606 48049 47979 40055 39336 37383 28844 30473 48756
55239 52481 46639 48986 39094 38681 49594 39140 28423 37898 46315 37011 26518 29283 37847 34788 30382 51729 45087 38775 28094 24999 31497 38546 36820 48915 46593 55427 57368 48422 41148 50543 50540 44839 43835 48792 39212 29349 30931 38414 34267 33060 27505 25743 43559 58643 57773 44908 48332 49255 40312 34908 39596 46404 47308 41961 26161 30128 44840 56858 63416 54485 54685 41922 38716 33685 36125 43521 55302 39993 40807 35434 30420 28888 50265 52760 37951 28125 20700 31735 40657 46317 57669 50871 28840 31953 38852 55197 61361 49112 49983 48588 39775 36154 40717 55192 53107 36074 39277 29117 21445 22596 32678 31602 30028 41667 51897 38114 29448 32563 30978 40468 40278 43068 63533 59377 55986 47858 53211 48530 43306 38278 38902 36758 45867 43528
47273 48635 48744 43958 39243 33732 44083 39251 25574 47589 58186 43536 29600 29604 32388 36303 36057 43049 43751 32276 29173 27500 27156 38985 42026 39828 55450 54565 57407 50112 50750 46760 53539 50925 45558 32004 33407 39680 31687 29492 29888 33746 23869 31343 47866 59302 40371 34043 32337 36892 28861 25275 21059 35917 43719 36880 39493 39755 41638 52387 67013 62686 51607 40861 29841 35997 44191 47317 53815 56241 41089 44371 35433 38563 41397 50350 47047 31743 34937 30640 29600 37191 41989 40064 22748 24105 44080 66514 71044 69990 50107 45575 48983 31969 34714 37254 52164 46684 34116 26080 25757 35829 41848 49013 41295 54956 50529 48520 43282 41326 57869 49043 47782 45972 50787 52091 43569 52619 51450 46689 48226 36757 31657 43942 38572 40786
47385 49975 51427 49997 36236 32981 39628 53488 47581 46784 50954 37865 32155 36542 27378 26288 34450 40834 38149 35686 33960 31094 37257 46559 51849 48069 50355 52270 46291 55083 48317 44273 47297 60272 47388 37426 33474 33920 29916 24633 31995 33681 28559 28414 43892 42460 31885 20716 28554 27807 27687 29472 33284 33191 26978 29771 33717 38364 42059 36259 51920 49928 36542 30549 39653 38151 45370 50583 54940 50647 37917 40984 57971 47666 43427 43528 48260 38008 28300 20602 29000 44117 38794 33881 31076 34619 45684 67428 73731 56942 54440 40150 42200 49341 41884 45476 47787 38430 32132 32748 35683 38257 37317 37160 39385 41912 51310 37874 39868 47150 53695 63712 50637 50144 49142 45865 40848 50066 58691 50496 42433 38889 34506 45477 36101 25182
48626 31885 45003 50710 41541 33955 40708 55047 56687 50328 28858 35964 39137 37931 41804 42623 41635 36440 34322 42463 56197 47859 49833 45955 45909 43225 54620 42576 31504 37939 48462 49393 40091 38931 39985 45038 38670 34560 29202 21559 27480 36724 36558 26173 32080 33721 31306 31750 41748 38101 41600 41170 35528 32533 32452 35203 48571 37869 34679 37602 36792 35585 38849 40164 38606 50247 43549 47363 50428 40931 31044 38297 39970 40997 44612 39061 41598 50292 44741 36980 30856 45479 46572 38676 26860 36356 43815 54643 57859 56695 50311 51176 44391 46286 38419 35684 49501 46042 38877 34528 41697 33180 35862 30333 33699 39092 51009 52435 56605 56187 47418 37834 44025 30649 38651 37873 35826 37412 53112 55566 32279 26563 42253 38298 35698 35017
41071 45014 43452 49005 48527 41485 41603 46130 43316 35822 29071 24050 37124 34984 26127 35922 46383 39241 33930 44623 40215 39593 40031 44551 38311 47509 39702 31308 17934 22277 25669 38461 49289 40846 42494 44113 57382 37222 26326 26435 27135 41527 32128 14298 22280 32703 36358 47577 60170 51964 48749 51942 51396 39309 38702 31967 41995 45030 30768 27797 28296 37106 32918 38272 40712 45138 43073 49536 45471 29498 29067 30400 43530 46815 43173 34724 44840 39946 39401 30613 30501 26473 38051 40287 40633 41502 53614 43960 45266 48157 48934 42633 46493 45691 44702 35509 45591 52968 43732 43237 38595 45490 34518 26660 29753 48963 45611 53855 45262 51113 29637 32662 36617 47601 32616 40365 43532 44334 44323 45991 45636 41432 36662 46660 40985 34349
50303 47458 47575 44442 44557 38529 43164 41598 29754 25825 27285 28736 23410 36922 40732 48211 55514 46017 37857 30280 37802 40686 45851 32303 31034 39477 39714 28755 24083 17726 30584 43095 49053 45584 44179 52317 50805 39472 19853 27222 31044 21647 27534 21424 27329 34936 42539 48746 51414 53792 46866 53149 55783 44836 33315 36871 38869 52296 33225 38906 45781 45553 43081 37504 47966 49416 57922 51770 43228 36309 28179 25618 33502 40559 40489 43700 44478 49467 30800 35545 32591 38268 36378 45659 45672 42998 43833 42987 24998 34485 49705 49330 50196 37529 27776 36079 46822 58736 51210 36629 32829 42775 51716 39962 33085 42596 55502 51306 55651 44587 43172 32198 36029 46518 52114 53788 55208 52594 51474 41988 43368 43554 39657 38652 46550 41293
44532 43606 47639 37084 39640 47980 47646 48197 34206 29456 32826 36820 41029 41646 50708 51774 41081 43280 37973 27168 21057 31388 37676 35200 31050 27452 33369 26276 31519 29654 29684 45000 53300 55733 59520 55792 52784 43754 44206 34705 35316 25691 27294 31506 43075 54858 54662 47561 45593 41505 55135 50124 45918 52792 38683 38167 37217 37147 42170 35917 37776 43603 42211 47282 44239 51262 58804 57839 40121 42059 41665 41531 51804 56147 46586 45585 45342 47520 45355 39293 55649 42984 35380 31221 51276 47347 39397 37252 33115 36863 42756 57231 50692 36905 27549 33268 44120 46784 47582 35002 40774 45228 41969 40701 35625 43154 39993 39432 39510 47544 45904 45909 40325 44276 47476 51386 52855 40298 34435 37250 43947 45150 40871 42702 41816 28672
48653 52386 48671 44542 43401 47440 51292 46447 43439 32092 39828 49806 48194 51794 55997 55862 48371 51736 48673 30457 29375 44699 46741 42392 31029 26661 28603 47970 51721 47382 33192 35454 40977 41538 47483 61948 62951 47992 43913 43378 36633 45455 36032 46061 54490 51993 44766 33679 31759 33350 39994 46139 43610 42139 37305 35253 42894 50541 44235 48828 36457 39859 50046 48246 43336 48310 55691 54104 44304 42396 53275 58503 53110 52671 35595 49840 47986 45719 46723 54533 51479 46294 31045 32485 44087 50936 44826 36502 26738 29557 41674 43784 42637 31334 34470 38952 41337 43902 38282 41657 41579 38657 36668 36565 37145 21956 28003 34069 32900 47926 45047 47105 41828 37367 44327 57139 55152 47757 45316 39228 33686 35311 44468 46965 40673 33798
34030 35856 40136 47993 56571 51319 52624 46259 47372 47645 44670 49355 56762 48509 44131 44768 56556 45048 42992 46958 40894 47833 49400 43644 31164 41483 36664 43694 47045 41795 34420 28639 29957 40038 43391 54603 51168 56181 47766 49462 49317 48019 47206 55061 61949 57397 43030 33348 26464 37571 33918 40435 37080 42603 33339 45655 33952 35899 42145 39846 36187 38794 39949 39566 31582 43015 52957 54261 47719 37418 49553 55596 64008 55792 48570 39431 46821 46365 49614 48140 51081 48075 34856 32692 32437 44810 41686 41226 31009 26441 31565 29426 32039 42466 32485 35837 51584 42740 30086 40757 46338 39032 29388 47020 45220 36253 28328 22081 32896 43283 54834 37714 35815 27148 35733 48739 59831 49604 46782 47608 37767 34977 52289 42351 43634 36399
43981 44857 48339 53056 44651 45867 46642 49321 43448 48510 49124 43063 41423 46186 41456 47098 49108 60144 44787 44884 47022 42620 35267 30969 22910 30380 43793 50487 56842 52086 39912 28798 38019 24355 32134 35634 49097 38817 47424 52998 57239 47298 48994 53518 59580 44464 32614 22863 39900 42581 45534 37830 45457 38990 40192 37058 40666 39999 50821 48083 38692 42713 42221 33220 39818 39213 50883 51083 49180 38818 45741 54028 56785 53558 50744 42333 43380 33941 36933 36959 38836 39782 33463 26416 38478 38359 58334 51676 45356 29495 16748 29339 37617 36708 37179 37221 41155 42636 43393 35926 35406 33754 40059 43945 52120 41647 43087 38441 32558 34965 40272 38600 18842 23396 39242 51330 57708 55755 50239 49523 45483 34789 36642 48197 42778 46830
36373 28368 41803 53279 48909 52299 44169 35560 40785 41602 38738 37855 42147 37526 35614 48923 57735 61883 54112 43358 36657 37863 36665 35472 44932 46914 51768 42024 52976 52952 48057 32342 36008 35357 22851 31444 42513 45232 45299 51070 49073 47583 48793 41986 52334 37272 32943 44030 43489 51236 47801 46626 34307 32967 35568 35172 29662 38606 38099 42658 40427 41275 55513 47673 36018 49245 54776 57610 48091 50019 42473 45348 48511 48497 55953 45021 42131 42360 50358 36004 32636 31750 38675 31690 35058 41537 41227 55728 53277 42903 27431 17818 33016 48191 48497 56030 47093 47633 46635 45011 37287 36754 42148 45983 53368 55575 45233 39860 38474 43210 40922 39513 20536 23497 44497 55522 47198 32623 32990 37750 45252 45647 49820 46466 47783 36300
38625 39298 46696 50714 54303 46025 50805 43025 42907 37885 45569 45611 50479 56052 47193 56898 58013 52967 44555 29025 26875 40743 39877 50716 46087 53706 47757 41345 44010 55710 43000 36233 34412 43398 34092 29852 33493 36978 39599 39054 33763 38454 43100 41546 38818 50537 38333 50427 51608 52065 48466 38681 42206 45598 28962 27208 37087 32127 37391 31712 35644 33968 43037 54418 49147 42518 50162 40477 35835 36748 44138 26051 36430 37827 51823 57135 55679 53943 49272 36761 34458 36570 43511 46833 53457 41994 40177 33585 44153 44808 34483 36351 46849 58943 64130 53720 49335 40743 53798 50838 42950 32348 37997 45353 46917 48044 52291 46120 38389 36663 40735 41085 25865 21379 39274 56166 44877 26422 27675 29134 41000 45752 41239 48504 49060 57421
48996 39543 49771 56970 58047 47525 34779 38780 36997 31279 27076 46540 50648 47510 42192 38213 53375 50049 44420 42722 31631 39789 49598 49536 61136 62211 45839 41600 36976 38184 26521 18290 23009 34305 49687 41410 37073 37555 33398 28257 40618 49268 50182 46339 46164 48186 38606 32750 46783 55610 43681 39872 37184 42703 40934 32102 28798 34824 34581 34310 34927 28071 32452 47859 49286 46527 34771 40687 44744 38746 31378 31058 30902 43471 42201 55620 64622 51193 53737 46383 33631 39860 47758 60896 57169 44804 24116 33473 32447 49936 43652 40258 54256 58543 52738 52956 42942 48572 48303 39298 45942 34683 46092 34510 46404 37716 39036 39879 34284 45724 44537 39102 39802 40055 46904 53350 45951 38670 31646 32884 32921 37932 44857 50642 55169 47903
43778 39038 42199 54439 33761 33599 37871 46087 44101 41638 40543 45427 45813 43998 41861 41466 38447 44101 41952 36470 35954 32229 35261 42122 50220 50684 37920 32646 28386 24546 20684 22140 31063 40441 46395 43679 28554 35352 32422 37941 47928 61988 44102 39787 41622 47782 38074 27809 47651 53625 57693 41326 45933 47269 43611 35425 25615 22025 34878 40940 39365 28164 22008 38380 59670 54829 36212 29543 40105 39404 26772 30721 30765 36573 43462 39353 41383 51785 47510 44745 37489 42357 51427 55797 49509 45187 32585 29830 39277 28401 42173 47610 47492 46463 49666 40657 41588 39422 36966 32944 43797 45614 46134 46113 33254 40698 47081 47547 47850 36422 42519 29641 37908 37143 43333 50437 43431 43553 36985 33340 46312 52412 46038 44228 57985 52200
30604 39879 47682 39362 37042 26676 34807 37083 30017 34066 40070 36110 37520 38817 38311 30698 44196 45765 52476 41260 28931 24216 37905 46056 50601 35858 32088 22378 42219 33331 27804 31059 39875 34396 44546 41301 35055 23999 29067 45735 57247 64211 49641 31356 29900 36254 37158 26768 39384 55586 54368 48502 41942 43846 46403 37169 36567 31637 34776 53164 49879 34541 29463 41047 47198 51040 42562 35722 34359 36589 27558 33973 44051 46159 44746 38085 35540 47340 42166 33845 34198 42567 60016 57461 52758 36197 35732 31261 36685 47022 38703 54183 47935 45278 36175 41854 46616 39297 31369 33113 44376 46184 34497 39599 34100 30310 42499 38329 30470 37425 44217 46598 44665 51638 42673 37428 34971 29758 42722 48695 48005 44337 35872 31557 33902 46836
42682 47362 48063 37359 29834 31135 39844 30374 36135 33297 33850 31955 36458 31486 33026 35157 36036 50754 46144 42676 41671 38246 41166 42916 31564 21952 33250 39601 34076 33880 34369 47284 51169 42005 28927 29678 28450 28286 35747 47396 52222 44730 35512 22399 22592 25958 35325 40291 38088 42348 51192 49023 46634 50317 50503 49326 34269 27494 45187 59552 51765 35062 26228 39580 45199 38572 40394 31303 32874 35393 43021 35294 44034 46444 50655 48006 38482 39486 35928 30883 28845 39203 44274 43747 36150 39234 29513 50947 54914 45360 46087 46065 43128 26464 34324 47784 49722 45062 39460 46506 44484 52096 35020 43176 39216 38968 28350 27934 30864 36880 40806 44989 37820 37066 34107 28824 35308 35702 28652 40980 47858 43331 39065 40449 40882 49623
45789 49923 48362 51733 43872 44677 33664 28230 22894 36209 30064 24394 25963 26365 23923 32640 41719 54342 63144 57426 50874 39876 42801 39020 39257 38365 36673 39277 39630 37572 41795 42669 45831 38861 29398 29857 34276 32219 28287 34972 35126 37091 27984 23378 24947 30351 27066 35299 32093 33455 26798 32237 40641 41081 38315 42837 39855 41895 41090 51053 43705 36096 33231 30935 27874 33228 44617 42639 31699 36821 39805 34376 22038 40673 45748 51859 46735 31189 25735 24474 34712 36406 50215 55084 47208 37228 36337 33928 48926 45994 48472 43327 39824 30542 33635 38390 55263 42337 36290 48450 60046 42844 38447 43540 52416 40957 27421 24006 24083 29956 29289 35416 42518 38351 29191 35831 27912 26558 36374 29877 45043 50029 49483 43182 44747 35480
45737 52528 61711 55342 48910 39369 36020 34748 40263 38887 40253 36892 37829 34039 41006 39645 40209 47978 58790 60390 64539 42636 28144 31084 39654 36729 46091 35812 45616 39218 46011 34775 41003 35993 34547 34361 28946 38701 33459 32134 34848 27170 33552 32153 25416 28017 29242 39100 48730 33847 28089 36348 43949 57245 52897 49718 39514 48325 48631 48630 35615 30340 33391 29092 22941 31120 36972 44114 42126 55663 55017 36227 25569 34060 49601 57158 53148 41312 28838 33393 29141 44144 38951 44361 42183 31716 33751 42377 52067 51227 52051 38146 34967 33964 42098 40404 36266 42602 41345 46854 52627 46507 37045 42258 39055 34492 28633 25293 33428 38384 39403 36658 39710 33628 40059 39447 44524 33448 40524 51220 47288 54090 53543 45448 49178 52916
34840 52090 57534 56703 56247 47588 41789 37832 48110 47106 41641 46418 44875 55422 47206 53467 43636 36065 45089 43771 39978 30710 20527 27846 41603 52927 42937 45727 49575 55632 38715 39831 41465 43215 38523 36750 35984 35036 39366 36576 36389 42677 32980 38621 40667 30247 38429 41723 38262 30328 23920 42610 49180 62111 51313 37476 33743 38908 33586 26998 35383 43189 43236 34120 26138 21003 33719 35561 53079 60474 57852 42936 35473 38761 45073 52894 54238 40793 30901 26564 41283 35071 45351 49328 48079 47770 30491 28292 45690 54641 52042 50436 38858 30476 34906 42844 47562 36481 33791 36802 43202 51681 49036 47809 40971 36176 31698 48088 47365 49151 41037 47645 37946 45392 41545 42953 41475 48861 53853 51644 55431 56131 48571 43802 39741 48104
31709 40102 45865 57250 46826 52719 49257 47171 35523 43553 53046 45123 50823 59299 66451 50924 45216 30843 26185 41197 36875 40907 37542 32692 36040 55066 50294 38013 43237 35226 33096 36856 45096 38106 41117 35482 32457 35408 44969 34959 39988 47990 52142 40739 44043 36155 36609 41051 39953 39562 40852 41788 51038 53052 45870 44385 44972 42806 32809 39807 34037 44342 48724 33970 26824 41503 41196 46971 42028 54119 51240 43837 37336 45101 45546 49729 39583 40947 41792 42166 37139 50643 47609 41610 44710 36648 31142 38967 54555 58682 60014 57102 40957 34119 35638 46265 40195 35369 29366 37798 47818 50078 41713 32520 25979 21778 25720 39800 47222 45354 46397 45376 35964 25378 26850 41941 57149 60486 47994 58680 58780 53138 41171 33261 39050 44989
41544 37723 40233 39017 53570 52453 55467 42808 36920 49875 50959 48970 41567 51982 56711 61840 48180 26156 25800 35556 47046 45936 37606 29127 35520 42353 46492 42994 34619 37516 28513 37144 33639 41961 45027 41615 36918 26186 39240 48764 47683 46818 58229 50004 50940 54204 45236 33965 34323 39317 31942 34196 48956 48090 46819 46352 50974 47560 39330 22951 34987 34847 44626 56376 41824 41462 50501 43497 44649 49498 51011 59973 52424 43558 38443 45712 38936 40485 43352 41672 45465 58571 46101 41050 31689 26342 31991 49782 58004 57995 52087 49725 47213 40535 46310 37146 40429 25851 27082 35055 46048 47363 37271 33161 38143 33697 33040 30295 30739 42426 43565 29420 33401 33879 36353 42019 47633 47896 52184 47751 53714 43482 44417 41853 46661 40230
28006 29404 33801 31243 37156 47344 41024 38537 32891 43139 50042 47521 41385 46148 50789 39862 41514 33423 30151 46210 56964 63123 55294 38755 39755 39588 37880 40200 35764 31656 34528 31169 35742 47077 55369 44969 44008 37646 43559 48661 51914 49319 55307 52494 51451 44126 32407 29754 38230 41620 38818 38948 44840 44250 47371 57839 50968 47850 48141 38915 30410 34863 37413 49495 58140 53066 60424 44328 47789 45909 45430 37872 54089 53916 44106 38371 46010 41141 52218 51203 35426 45878 52414 36785 27458 29656 35446 47980 50442 44864 46379 35933 44080 47905 55589 41709 26973 26504 37402 42916 38011 33256 41696 36119 28702 27641 22769 25902 32356 38980 39095 31762 26535 37666 20314 23604 36119 43173 45586 59749 48821 49502 48282 54197 47783 36505
32629 24601 35106 28904 40707 45982 40399 30447 45287 53176 56863 42866 32226 35604 38421 37416 33375 31447 24055 37686 54350 57036 53022 37649 40605 41281 35570 41109 49951 44897 41713 32735 36652 50624 62525 57071 51643 42482 50753 51498 56667 60672 53457 56220 46029 45721 40144 38409 25929 31097 33295 43269 47341 53451 46802 42331 50132 43184 37206 29159 25209 43611 47175 53606 49607 54621 52637 47216 34465 44874 51193 40907 50674 52430 49238 41656 44467 44881 31249 39612 34654 30981 45947 42222 38024 35068 41059 46358 34763 33280 30723 38823 37778 42495 44431 46663 35641 23318 23172 32123 38538 41949 41935 55802 38489 35680 26576 26289 38674 54250 46148 38713 32216 37213 40392 34118 39208 35598 50427 52104 48804 40577 52281 41814 35996 29572
23727 35617 35347 44669 41774 48144 48108 49853 46021 43756 48810 39034 37046 33077 51787 42013 38062 28076 30933 44219 59294 61086 56937 50336 47978 46683 41847 35498 42495 55360 50654 37159 39989 47278 61621 60817 55626 57199 53362 53352 50383 48860 54581 44685 44750 34813 42087 43723 35093 39679 53184 56860 56408 61146 54287 47288 42995 43713 37500 39206 38439 44038 56655 50027 47346 48793 50404 43409 32560 34619 39740 34206 34502 39895 43525 47722 41750 42382 40367 34674 26971 35125 38087 41316 32820 36613 36816 39872 31123 28663 26243 26680 28211 45021 43383 39603 36603 27632 30505 37527 51543 52490 48467 48390 52953 33017 44713 44378 43976 45636 47466 45890 47801 34276 35721 36338 38411 51884 56010 58173 41044 39453 39866 35390 19536 35640
42886 33341 46031 51669 52669 51174 60501 61031 54014 43639 47652 42785 35450 37925 41548 52115 39963 42327 41291 51508 49518 53556 43478 44547 51205 66726 55653 48172 50929 52472 43281 36843 40707 49209 53336 56429 58235 61065 58051 43945 42136 51940 54380 56384 40652 33592 43278 43271 45766 35990 49363 42673 57445 54348 49352 41214 43513 45164 47198 38362 37238 54200 60575 51530 45081 46111 50347 43039 38790 29648 32794 39947 41706 40376 39825 47521 49482 41748 32086 34725 35489 23231 40180 36308 41655 46679 52503 44881 45481 30627 38383 37394 36978 35589 43399 33060 31838 36117 42617 48960 49960 42821 37168 49791 53490 54354 43566 46363 38155 53093 64263 53987 49288 56374 48936 46032 46264 46177 57953 50180 34423 26661 36275 30271 20150 26459
39525 45568 43416 57442 49724 47010 53942 53689 52696 45438 43623 36489 39835 49191 54102 45967 38278 43221 44290 42359 38396 36740 36184 41057 58944 68380 53102 48213 41007 51396 53588 45453 49008 48284 47889 45632 43396 44754 50420 33804 29113 30209 44741 47016 42005 29770 41583 54468 44692 40068 33781 44855 51131 59363 42450 46296 45693 45775 46623 58525 45674 47302 57881 49059 47417 50910 57904 43198 38032 42662 37216 45433 42339 32000 43673 46275 46062 37103 33128 26293 29126 33818 36336 41642 53078 48983 49963 42812 43794 45557 40187 42889 34864 43236 40044 40008 36938 48355 50305 45801 47660 38837 40019 45825 49901 52315 51774 40246 45853 49228 49786 53737 48441 55015 50903 40620 38254 43451 45951 51961 50256 43269 33500 32166 28269 37184
44546 55059 53148 46056 53727 53573 50795 49119 45595 43213 37502 41372 36890 39100 44451 30662 38894 51589 56670 45924 41843 40084 35621 40118 52790 57378 54286 46635 41176 49399 48385 47651 39522 49667 50672 40435 44790 41056 44580 40466 36780 27575 40708 53453 55514 43213 33303 41274 39968 44451 25886 33992 45386 44262 41073 37282 33856 30090 32551 41381 43926 43849 54264 48670 44041 54279 49847 49278 45837 47893 51980 57112 54682 45199 31968 50781 36968 34339 37368 37195 26697 23347 35722 54520 59897 52634 49230 58142 51160 45305 49359 47891 50854 44800 46515 38539 37316 34292 44126 38734 43590 37419 40054 35506 41960 43715 44849 40575 36645 50741 57901 44120 44310 43610 51988 31272 34507 48620 56233 54869 49351 52719 31889 26572 29648 38668
33941 42269 57488 52641 40995 44788 41751 42278 31508 38138 44100 38846 40770 42079 40480 38655 42630 61213 54532 40504 42554 45819 46884 49772 47955 45690 33370 29593 44280 44133 53201 44608 40232 46920 46210 43399 36964 47099 33066 36602 37224 36034 46804 51937 44669 32822 37172 43011 46915 46053 34053 19637 27447 38968 25908 20188 23720 31421 31754 36979 39439 44488 43933 44393 36959 41212 44895 40331 46597 54122 58993 57825 54328 49400 41346 35764 40981 36539 37991 37711 35687 35787 44792 52898 52939 33264 35163 41581 50925 33206 34425 42215 35986 37767 48130 41342 38582 33940 42572 42947 42689 46123 37692 35442 40380 45272 42380 35401 27353 31109 37532 44533 51055 53335 36450 37434 40890 59000 51098 45888 48714 41808 38678 33264 38139 38913
33187 40601 54326 52770 45912 44472 41781 44342 40577 40009 45245 50396 42127 45492 30859 29160 39340 49869 59365 54836 52542 54764 59308 48904 40440 33114 41472 32570 37775 53260 43736 36397 29853 38098 43903 39553 40866 47411 41612 32522 30668 42919 45735 57752 40847 41407 34101 25652 31435 37274 35409 34149 39449 40748 34294 29391 25589 35287 42177 29648 26367 40153 51294 37529 31576 26196 28784 33220 31048 41784 46720 43904 45997 41758 26898 37998 36319 46786 51572 53549 39917 34291 40082 44842 33809 23465 33777 43813 48977 43926 33325 30056 38040 42222 41418 34091 37588 41122 32573 40189 48793 38963 40315 32805 32829 25182 37334 38399 38209 37593 47813 50911 55263 47155 36268 30691 39412 47829 54134 44686 34498 47613 34033 25255 27077 38814
36268 37861 40374 54612 46721 42054 50651 37616 33255 41856 49611 50291 60348 49854 43306 27208 39507 54242 61873 59777 54503 45448 53026 51853 43076 40675 38632 32916 26152 36669 40401 34099 38601 33976 37617 37464 43009 46029 44704 26479 29029 48826 53836 42160 37802 28285 31720 31768 37199 38972 36970 34241 31891 35629 31615 35826 46789 47178 42210 40004 29824 30841 44074 47465 35841 36870 37019 43206 41370 34134 36230 45270 43918 40638 37052 31430 33590 42790 55231 50521 46223 31033 43896 44144 40612 30730 29205 37545 43013 45055 39593 30220 32985 41484 37651 41569 51680 62081 53505 47265 54533 49643 36809 31529 38133 39773 42116 46964 38545 27911 30974 40994 50002 58371 42526 28891 39226 50682 49238 48258 41833 43279 42047 39345 33401 41145
35463 29527 34209 36560 46133 52077 49930 29967 32361 50814 49522 50656 56597 59239 46221 45949 34167 38646 47539 41815 43272 48048 50530 46139 36737 47731 46913 30506 25003 34357 35228 32437 43115 45760 52546 45197 34129 42418 54033 41972 35598 36331 49411 36418 37078 50371 42579 36731 26898 23712 28583 45209 43157 42488 52463 39003 35686 40142 34667 39613 38817 35283 40431 38823 35846 40746 50978 37607 32496 21511 19421 31370 36879 36517 45131 33105 38050 46320 61689 50474 39357 25735 27169 38945 37809 33304 43296 36647 42133 38122 46109 42366 45719 40277 39403 49900 48294 41736 48810 50298 39962 32044 36380 32598 36533 38907 36800 47294 47916 40516 36177 45343 48886 49353 49419 40305 34112 39367 49323 52638 56703 49089 57636 46679 32152 28550
46675 32650 41961 39660 41236 46663 42332 28565 33001 37088 41116 37887 49076 56281 55273 41628 36147 30649 38023 38995 46748 45283 39680 40853 57367 54644 41731 30986 33011 36826 44517 48846 58369 50990 39768 33136 33439 35086 46470 54815 50777 43075 41210 46508 31900 39455 39427 35742 32870 34223 28220 35030 43507 31697 36939 44702 36612 29891 43077 51830 52276 40724 29026 29111 38293 37868 42383 46941 37225 35908 35928 39458 45910 53404 47033 44789 39410 50113 54071 42673 29352 32501 38279 49393 50377 44238 32487 34547 44942 50183 54718 47898 42148 34381 43774 42227 46475 45760 51091 43776 26783 33483 38120 46839 46470 47834 42079 36761 41746 34706 30565 34724 48533 48588 32400 30753 36289 45642 58042 61591 50940 47227 42248 42984 39003 40818
41638 41583 49883 42685 35837 45353 38608 30676 28996 43864 38608 38325 48170 45597 33734 32421 30092 25532 34923 38946 32696 42046 51612 50705 53047 49530 38192 31716 38013 40995 47971 40951 43887 34032 28524 36423 37035 33345 36453 51027 52435 40176 33491 37789 40864 41778 41429 34617 24275 35273 37620 32161 34589 33057 33022 38690 39442 35954 48246 59946 66343 49469 33446 26671 22767 25205 29036 33565 34114 38189 39886 33674 44119 46240 56923 53998 53417 47149 49299 42263 32082 32005 45980 46980 43732 38304 48121 48952 54711 49038 42860 35664 27639 31918 37857 49578 33320 37943 49977 54073 40008 30722 36343 39446 39568 34330 27222 32833 32623 51988 53070 44618 34542 39386 46537 40241 42154 40148 46224 54543 46918 44158 41253 38803 35315 42188
39762 50235 41479 45273 49284 39166 38645 44566 53584 48849 47481 45836 45036 47409 43310 33424 24138 32397 39557 48282 43400 45601 45621 51364 48418 39508 24141 30009 39109 44936 48843 47896 35146 32656 31687 38128 48874 36586 38718 39824 43233 39617 43536 45982 42303 33973 38785 41574 43770 37153 36458 33331 25890 30117 36932 48439 40848 41985 54748 58919 52406 40217 31300 37347 31845 30363 29169 35660 42645 48369 51359 58142 54562 52005 55279 58693 54620 42828 38965 44050 52820 49916 41029 45035 54237 50998 55766 54240 46857 50803 51353 56022 37164 35202 39391 48887 53360 49855 46130 37646 31128 28453 33672 36735 33228 37566 29458 39747 47975 50054 49569 40070 34465 39967 45501 43408 35783 47716 49415 48060 52499 36331 23311 17018 32746 47826
39057 34437 39513 44736 49463 34443 40681 46700 56950 50313 48435 45745 51669 50957 54956 38554 31559 32417 50439 49260 39866 33728 34606 35199 33200 40124 43689 33821 35305 50838 45216 50670 38313 35147 41038 47480 42689 39582 40738 42971 39455 33906 40901 44227 44324 44594 54296 44697 40749 40501 30601 34169 27670 33921 42031 43032 52610 52873 47364 54420 56269 46980 41339 44375 40568 33437 27121 34360 43382 42318 47037 45700 53622 54448 50167 44288 37282 37636 49060 58448 64398 53290 38765 34152 47368 51985 58903 64027 52762 54042 48835 47589 43907 39124 38866 49167 51839 49781 42546 31864 31419 35754 28779 36323 45990 47595 44843 41347 47105 47610 52255 48171 48475 57404 60939 60238 50916 39149 45016 49973 48112 42722 31570 29590 40288 44925
43961 36066 43059 35419 24357 26438 37217 43842 39102 45519 53546 44816 48925 50647 37148 42242 35010 28974 33227 53780 43395 39951 39628 39335 41520 52345 46181 38781 39693 41415 49125 47873 53724 49317 34386 38265 36345 31352 37513 41339 33190 29999 45997 58784 63037 59360 42519 49031 47160 36153 25700 29070 38346 34322 39627 56355 62674 44404 45227 44901 45381 37682 33862 45712 54029 35779 37396 44158 47668 45542 45761 47821 46666 37376 41272 41038 40445 39688 39056 51765 49694 44150 34872 28433 31021 43149 46783 49204 50307 56002 51015 38214 36642 39158 34480 46183 59160 50728 33351 21185 27882 39202 46114 40160 53654 51970 49643 45813 42295 46724 51745 59787 62241 56219 57034 61202 57124 47370 31302 40934 44620 36021 31963 43632 35205 43156
47600 44178 34746 31901 26986 34352 47321 34648 35572 33826 40525 39960 33228 42012 43719 38521 46009 43734 41692 51938 43438 34420 37102 41826 41005 46748 58413 54258 45979 36371 42377 47303 52834 48103 43886 32745 28270 26030 37074 32499 32279 39001 48972 48058 42047 41371 48091 50572 51884 41443 32396 29055 28234 32912 40889 52082 50621 55239 32006 46137 54074 41815 34096 47609 42088 30520 38921 51681 49493 36781 33535 30902 37893 43668 34504 33379 28566 31564 34143 46243 54116 51341 38586 36889 32109 42721 48236 39276 37534 35600 40115 31476 32452 32409 31991 38090 50507 54781 41021 29740 37778 45334 45132 43297 49707 48549 46614 38034 45862 45027 55707 64973 60518 63027 53871 56866 53003 35467 32765 31918 37166 41708 41351 56761 55811 43755
49077 41404 40192 40861 40219 48578 42316 31252 22060 40762 30757 42052 48903 47279 44656 48962 43546 43121 43186 41618 36139 30250 44452 52879 52996 43939 45991 44043 45798 38797 38671 45362 45251 39353 39970 47271 37696 28038 23496 34191 26891 36140 41447 46723 45091 50560 38997 45573 42250 42186 44321 42991 27617 25061 33239 44460 49108 42210 40697 45136 48541 36785 36076 47154 44095 39282 43117 46066 48428 48418 41690 44586 37907 39000 36036 53009 45716 34300 35279 41195 50316 43057 27995 22934 44590 32379 40583 28567 34861 39601 39684 35120 21503 21579 22465 38214 43453 46763 54020 58312 47677 38896 39628 33551 35787 37509 38506 40945 49913 60817 64737 56290 56600 49739 49532 49986 52877 40995 26103 26326 29693 41139 49106 52573 54164 33423
31131 27162 33671 43000 47843 48217 41519 40272 42944 40773 49879 48748 51734 48059 39648 49039 54001 53954 52477 37436 28606 33138 40732 50356 57889 40519 40954 54341 52165 54823 42796 36822 36362 44311 43189 38641 36096 29234 26994 30026 30542 42340 41241 42945 43971 39228 47612 43875 48940 54492 54837 51218 43791 38909 35962 33031 43337 42076 38149 36765 43190 40447 50368 43848 47597 48734 58513 47515 45684 48315 45424 34728 51303 44223 43298 40285 40929 42349 45374 51265 53329 46213 40164 42473 39570 44849 40849 43957 28945 31028 41797 45635 39769 24731 31204 31637 43531 45476 53272 46839 39544 40307 26749 28859 36842 41331 32870 39907 44043 54721 58475 61643 51161 50026 41602 37879 43080 36780 30151 23834 40095 48852 57523 65474 62727 47011
30413 32431 40782 45610 42697 35415 35201 26883 33534 42220 38288 40688 43012 37706 34800 42856 58807 51152 43164 40870 37214 37852 47416 48646 52527 45640 32205 37157 49774 58206 53849 42607 33311 30425 31058 36947 34879 40989 54605 53835 51263 45973 52960 53489 50890 51597 49798 46955 33344 45426 50848 45667 47443 52777 39015 37074 31687 49394 51042 44813 39861 59835 66281 59443 43625 40589 37941 40587 42459 47477 44551 41733 40785 51525 49566 44648 42516 47535 57129 48592 48974 44328 34943 25571 39055 40760 37328 27487 17315 34061 39371 45432 43584 36190 32076 28360 30767 42467 48454 45408 39228 32060 26341 31476 25843 28510 28964 29938 33475 37375 46051 45698 44900 34924 41413 41570 45312 48540 32496 28525 37920 56260 61445 62168 58529 44559
25629 36880 44899 38334 30058 34441 38037 40006 43480 45875 41832 41800 42615 32987 18248 25674 33558 45743 39038 49378 50843 53923 55064 58933 44009 41501 38728 39118 43692 43548 47084 39563 35159 33307 32664 35769 47325 50102 52811 45161 49353 49196 49097 49896 45261 45387 50526 45618 39078 42842 36829 33266 43594 53696 50177 34490 34556 44111 49596 43249 47692 63662 66358 49723 34323 37215 37467 37581 47098 47857 42791 43422 42900 43473 44332 38043 39197 43566 57122 54517 45999 40835 49797 47112 36170 47109 37564 26757 33347 33095 42192 55050 55575 40219 28007 37109 40348 52070 38151 33580 30232 31455 28203 37872 45760 43175 35978 36684 39172 33192 41909 44032 40734 32270 37697 37322 41060 43132 35213 31073 39970 39179 58664 64779 60844 47743
32319 31073 43736 42215 46411 48823 38320 31390 34343 36001 31788 42534 34018 24443 14053 19180 28026 33065 41973 51891 46734 57482 56994 47088 56743 46770 45828 40344 40666 37239 52101 44971 37754 39716 41673 45278 53029 53784 42735 46244 48397 52388 46389 32724 30659 34056 44053 47975 47265 39803 34724 37325 44578 50880 50143 35760 27767 41639 48582 55051 56119 56034 54276 47959 43696 31755 30580 35338 39593 29393 34856 33030 35259 33014 39794 50805 41570 39024 48298 55346 38668 37309 32156 33427 31675 21142 31051 23340 30715 42275 46006 45649 55642 50830 46179 41372 39641 33151 42302 23786 35494 47279 43976 42835 52703 52707 50771 42827 38876 27670 36445 50134 43226 34830 35969 37738 46379 52971 48198 33167 41924 42392 43865 57808 54096 46489
33515 36751 37913 46194 52270 51312 43941 35496 31992 45349 45717 30231 32516 29826 25732 21618 19572 37934 47260 51561 48449 44065 49729 46435 41776 46143 51780 51636 48787 40450 50500 50564 43663 45669 41862 37373 39948 40148 34665 29342 46278 42421 32208 28467 26249 22522 26625 32711 44704 40898 41892 39261 55116 65077 46822 39690 40774 38329 40592 44540 44179 48869 45684 52890 58459 42922 32436 44692 39137 38503 44940 59669 38369 31915 29535 41618 41871 33500 41174 42778 35302 36659 45376 33584 32676 32461 29344 40048 45156 48041 49256 46863 53761 44719 34184 34758 27350 31062 35905 36240 32122 43377 52754 44862 59177 65658 65299 56724 36820 36592 34820 46686 40027 34028 27749 37147 46997 53519 44601 36804 33812 35391 36200 30736 41541 53437
44639 42916 43044 45529 46017 51944 54255 37240 32496 42906 58170 46381 35505 34306 38780 26292 29723 50067 63011 50075 54283 40645 35942 45287 49169 46828 35693 39525 35668 36432 29971 41350 47479 35647 31651 35696 34210 36365 41940 44572 49053 45436 39703 32623 35415 24207 28470 36885 52596 49047 54258 56852 60654 57275 57645 36793 46897 46038 42643 35490 41141 35664 43372 48381 50975 45090 34233 31856 37775 33734 43848 50703 48695 37971 37561 39029 38645 34601 49416 44226 40034 40837 44108 36677 32599 33369 29365 31633 40306 40070 35282 44097 40052 49503 42352 43344 30778 22906 34391 32317 39429 49137 46378 45863 47752 55731 52407 50883 34106 29534 35843 35326 42056 38574 36401 34558 42993 47836 53071 41040 34084 42779 35405 34027 32680 47209
52621 40890 35647 37635 44039 42091 41010 52746 41790 45918 50181 46269 30332 35176 37394 38652 39903 56724 56710 52256 41219 45956 36617 33627 41611 38607 32404 35138 42377 37251 33387 39017 45484 39036 38455 37456 34250 29861 33152 42778 38488 51015 47047 38491 30925 28326 24423 32228 32614 41306 45050 46844 45953 51478 48276 45370 43598 39135 33520 37578 37432 45527 56981 56035 60702 49426 39789 30282 32005 41470 46253 48604 50666 40369 44484 37401 32325 36026 43649 55053 53499 60486 58214 54057 43773 39238 39590 35493 33453 45407 43828 46747 42060 41442 41913 42908 45253 36957 34493 38012 35458 42674 36801 35212 43510 45748 43052 39477 34549 35364 29442 33212 35229 42249 31060 22515 31259 34767 47023 48202 38721 41605 48780 28473 28581 37152
55368 40321 46171 55190 48029 40848 35496 38649 46176 46480 56195 57744 40429 30501 28860 34824 42417 50297 47239 36257 38791 44548 48310 53698 54501 46306 31104 18501 22922 23825 24578 32719 33308 47257 46960 46756 37308 44972 40223 39539 39368 38035 40034 36210 25151 29652 38571 39004 49240 45413 42844 50849 41560 34824 30098 39315 34002 33131 34474 42560 52148 42161 51576 59158 47061 50157 42016 23185 18392 28343 44897 40929 43972 44007 35431 29238 21956 29313 42577 49536 56791 57317 56950 43783 44113 41359 29292 30465 21256 41995 34028 29175 27165 35267 51541 49077 45239 43903 42022 46350 44675 45276 34391 38786 33489 41860 34788 33477 36157 35197 51291 35058 40715 41712 43473 33406 37704 35342 41052 48893 54034 51497 53052 49273 31764 30705
49243 53905 38131 42078 41892 32524 28081 40614 42875 45645 43913 51439 46809 31626 24387 30981 33933 40936 35677 32750 36756 40487 51453 48212 51940 46830 39034 30530 30178 31436 28441 22286 39985 55820 49177 33483 38514 38554 38667 43356 39024 38189 41760 39653 39202 32319 38997 41603 41392 32596 28563 40280 37616 22222 20296 25691 37514 33710 30497 42125 51897 53178 50774 50163 59007 47566 42547 31234 36744 47522 41490 48331 38650 39700 22076 25971 29619 38777 29809 44043 49455 59147 47234 49943 40602 28045 26032 24890 32369 29785 38964 28099 33370 43220 50922 54095 45369 35001 35363 36338 31739 40594 29031 38676 40908 31392 35697 41794 38248 43387 45327 49050 34549 31797 41899 44660 40061 34261 32943 40804 47232 45656 45219 43596 37127 31577
50314 44230 45079 38267 53179 43995 38258 31193 50941 39155 43881 49436 60774 49016 32058 34063 45031 42126 45553 49347 46184 36065 35123 46687 42886 43045 40447 27147 25433 25356 36333 39002 39431 44860 36938 19242 41829 54599 59083 56278 63187 49083 41163 33546 35166 45280 32525 49049 42520 35864 34707 33812 38076 29945 36120 38206 42298 42325 42269 42451 52816 55714 60361 47784 52102 62664 43069 32192 38867 41009 49118 43285 46602 38184 35100 24247 35134 42061 38919 33664 37006 37692 43693 33396 33151 21833 30462 36064 28400 32653 39218 38957 40830 50421 47329 46204 45021 44927 40459 38167 34449 39055 52231 35896 34789 38846 31865 45083 37770 38186 47755 52840 38620 41317 44912 54133 42787 42177 34996 38689 44117 52261 38622 38780 39521 47614
45133 50638 39006 41717 44461 42525 38058 46279 39140 39505 41814 47879 59091 53382 47124 45313 47861 56087 55502 49111 40415 37604 36791 30217 36800 30642 39775 42784 32669 32601 34935 40570 30603 43438 44743 38300 31015 44736 53044 52076 46819 43548 32343 38966 45691 44076 43451 38480 47411 45883 44019 43022 36592 34593 39722 49510 49452 50919 43969 44383 45813 51150 44319 45762 44540 48676 41019 31223 45814 59703 54168 52505 50318 48408 46874 48818 35241 48143 57273 55147 44136 31638 37538 46998 40944 33583 32685 33966 38156 33815 41818 46342 54684 46081 48671 58614 56616 48204 32634 26479 34950 35415 40307 44964 34173 30498 32848 35479 38632 36085 39377 48965 36864 34558 46453 34968 40881 47299 39163 41939 36979 41281 39652 36354 34599 39573
43281 47614 43545 46094 50468 59570 51682 37092 40858 45048 41617 41792 54355 53831 40010 52342 57316 54682 58251 48379 48378 41984 46314 34824 27777 28419 46344 43014 33628 33146 31287 31821 41487 41168 46093 40351 33824 31679 47990 48750 45601 40384 39685 41189 47463 40115 37015 48975 49667 46759 42054 36280 31473 30152 43107 55776 47329 30929 35799 37505 35240 35471 32638 37823 46184 44874 36177 40319 40470 47846 48682 48203 50864 44716 45312 43840 43204 46411 61157 46793 43351 38778 42215 51738 40125 26088 16301 24425 35166 49021 47724 47008 53454 65555 54967 61080 61537 55140 43129 40833 33995 36778 30277 35388 41274 41312 33149 31494 31766 25724 28421 34028 38379 42377 40167 45501 43249 53775 55257 48322 45630 36120 38883 37886 32451 35190
45409 41547 41969 43530 46435 35650 41227 41506 32661 36853 38294 38649 36454 44579 36046 41089 46191 41611 34573 45682 41629 37478 36230 36006 25895 32341 36618 31572 20288 34980 37875 28432 35531 43394 43997 37506 30113 25188 27519 32691 34331 29212 24465 33652 31468 47566 40368 42570 47558 56394 46289 49885 42647 34610 42493 41387 40002 41354 47301 52923 46172 41679 33740 36688 45724 52116 40919 40540 53254 48288 53256 51180 39732 46763 48770 39608 39615 51179 57020 49298 32499 38156 48522 53146 44667 31453 26339 34123 31429 44785 38782 34903 39130 45759 48561 44833 56869 41741 35394 42960 41786 31485 18846 31401 40051 36894 36229 38288 39441 45305 43206 36322 32650 26800 31861 30245 48413 53590 54431 41116 33656 36594 34926 41616 38672 38419
45319 56126 54338 45271 33385 32962 39872 51764 44617 48352 47558 42517 36882 45085 45934 31423 35625 39242 35236 40579 32741 39287 30004 36166 37105 26990 39230 34130 30519 28798 42264 48896 41761 37764 43139 40327 34239 34579 44400 54011 50389 32087 28503 30252 36496 35156 47145 41482 48233 46294 52517 38971 35961 35407 44998 47919 40514 49316 55899 56314 42208 40147 35628 39847 40018 46548 45246 46449 45846 57876 41586 33978 23125 33171 42785 49488 48773 55153 37009 34335 38843 46351 46601 44058 40199 31717 30705 43656 52550 47056 52606 45384 35995 39514 31767 38785 43229 50525 52401 55400 44661 32264 30000 25807 28018 41417 33049 39295 44466 55423 46302 39527 45280 38593 32888 39189 46060 51955 61713 59921 53632 42532 54854 48001 32400 47594
46719 55455 46663 39144 29916 32079 38686 46302 52115 43379 44113 38135 45930 54967 50329 39079 28386 27011 21468 25449 37703 42583 41272 22753 31248 44055 32759 29167 28665 36393 40951 41918 46334 40377 28837 36181 52755 52100 56313 47635 39519 32719 30007 24296 25341 28451 42943 41498 48353 42507 51462 50426 46407 46058 37899 42158 51542 54593 59090 53015 49440 48096 46558 45775 41845 47855 47377 48176 59289 56354 49030 37624 40790 46603 57127 54810 60700 38686 37307 30309 34316 32833 41361 40116 45845 40776 44477 57327 56237 51731 40547 42186 31132 24326 34786 38304 50970 61536 53279 41451 44998 40695 34666 33267 41347 34756 36255 26517 45552 58436 63409 51042 39865 39049 32752 35181 46810 53752 65513 53448 50828 57341 50278 48709 40295 42238
38737 45809 50668 46872 36863 38692 48665 39252 43920 52239 52088 48035 49970 43744 40772 33603 35988 41899 30686 26020 44919 41273 38638 33154 37569 44449 48180 32732 26635 37670 36370 35886 40776 34383 34161 43245 60848 53106 48812 51734 36369 29228 37133 35205 26725 34151 41449 57696 42013 46957 42061 50262 40692 39401 44940 44620 51928 56940 45149 42218 37628 39738 37314 27929 31648 29573 38962 40815 43550 50178 38841 40763 40398 36694 48003 49248 43229 44098 29494 37969 47391 40711 37922 48213 35462 31818 34307 50982 59431 49723 45030 42427 38755 33372 31292 41631 46521 48953 51597 52817 40294 36815 49861 48293 51511 34791 25476 34837 44076 45640 41540 40289 40227 29788 42320 45988 46860 51609 59863 48035 46832 54035 55284 46118 47667 52146
30928 42732 43530 42248 36488 42935 51026 44213 49978 62514 54899 36353 46731 44434 35806 33734 40679 42687 34603 33154 45450 52957 37467 31180 35674 45918 39529 26799 27830 32982 33108 25824 26643 28801 21328 34394 46489 50059 32063 31798 19476 20839 35109 42013 37929 40154 47534 47156 55874 43853 50984 51121 49799 49750 46544 48256 54889 57824 45779 34085 47403 41385 43931 40726 31967 35220 36050 42240 48229 43322 39124 47065 50647 45870 40513 49149 42250 45400 56133 48741 40505 44091 38359 30306 28602 21850 25728 40649 49085 42281 29872 34343 34868 38664 29511 40554 54159 50078 42664 42523 45717 52698 59686 66312 59388 39506 34092 31782 34149 33056 32809 38754 35633 38693 40465 46601 48053 54015 54982 42833 34876 41463 49030 45935 46785 44606
45359 34573 47363 47941 44507 43534 44002 48054 51193 50561 35527 39570 39371 40399 39009 35237 47379 40322 40022 43187 43989 38652 31124 33069 36468 38913 33782 34320 28931 27934 35932 26816 22545 28927 31895 35473 42827 38728 32170 27694 33244 30109 39044 37035 53068 60100 61649 49944 43601 45703 41511 42222 45284 55176 57187 43681 40228 42478 38951 31649 36676 47414 51499 42491 30432 24480 32727 43396 42003 35336 29060 38565 49653 41772 35407 23817 31048 40658 39937 40295 27622 31133 35945 34550 32531 31801 39103 44012 40075 28440 30745 26064 53008 45483 36016 29439 42958 43610 45328 43143 46501 60565 62067 62919 48671 44326 40767 40293 32765 29234 40757 39775 34764 32684 41360 41838 52034 43959 46351 36689 38466 30428 44499 43338 41965 46521
42974 51129 48963 46456 42315 30747 46117 56628 62915 53531 48056 31974 41187 49163 43130 47272 45829 47337 44298 57876 48990 41045 30407 28995 28846 25686 39025 38200 41188 40892 38842 30114 23554 31282 37171 35853 34420 41422 33934 34574 32798 33883 35266 43577 54768 62475 42777 44990 41727 39060 34600 39812 44019 50833 44262 32414 31140 46207 39840 29775 33224 38380 44558 41732 40682 39711 46439 47980 34025 30978 29550 35275 48457 43678 29355 17436 35259 41623 50916 38678 33475 32048 40788 39800 35587 38401 39368 42083 44774 33636 27269 32059 44195 47180 29790 23336 24837 45344 39778 38480 46439 58624 63396 58020 51938 38544 38522 41308 35504 33707 48066 39842 34642 35497 45354 39374 38556 48233 47088 44330 40229 47603 47232 46327 34193 28961
54196 41649 44058 47882 39858 40100 38095 53661 49582 50411 41927 42307 35354 47223 58500 50763 45570 39805 46375 46168 40608 25065 19386 21007 24981 27032 36081 45833 32850 30083 39226 38003 42982 51039 41720 37598 37883 37121 40858 26687 36573 40156 35745 49895 58825 55340 45109 27010 32986 33814 32637 31737 42462 44095 40770 25218 31015 36538 37376 38464 34885 46629 42852 45922 45043 47221 41295 39460 31993 29459 41048 34531 32131 31652 30568 27270 30223 44295 37109 38940 28870 26605 39170 49307 50710 53208 49235 47099 47467 48864 35038 36612 42396 39811 27085 18850 23301 36350 45969 41810 38551 57948 50192 51910 52178 47792 42198 44512 45553 39990 43692 41475 29154 16988 29054 38168 44492 45276 36009 24607 27199 44659 50515 45763 31825 21315
34984 40385 28513 33149 38240 33637 39879 56460 65944 58014 47201 38475 38227 39289 43779 52312 39107 35472 51419 57737 39058 32489 31642 39211 27737 30637 41796 46386 45809 36245 44160 55674 51088 48665 48568 37140 31487 42950 32397 33129 33749 48307 53676 48916 50032 44638 34725 37044 39937 37197 38812 38007 28152 37147 42926 40742 36734 37858 37769 43379 55255 46285 40094 42291 44597 47199 47148 48890 36643 35099 34834 33321 39576 33585 31163 36371 46378 49715 52565 41509 38167 37865 40291 49742 51589 46200 30357 26591 47383 53282 50678 47236 42939 29884 27108 32217 32866 36964 49664 54829 49562 34933 45432 50386 44234 38839 34773 51364 53415 47130 32786 35258 27524 21445 27403 41213 49837 47457 42163 44393 41706 40883 56347 49916 39033 32358
28879 34065 27164 27960 35455 39098 34783 49754 52430 56508 41864 40164 46580 57715 51526 41482 36121 42035 45840 49392 39831 37944 42684 45382 44726 29866 36563 46721 45914 29725 37287 42123 56200 58791 60460 45860 39256 36256 42944 22971 34397 47636 48688 54020 42051 38668 31867 40355 34800 40466 34967 25276 19419 33931 45537 44780 24589 20978 28513 40594 63568 50360 46594 42212 55838 53830 49598 45621 47177 44575 48521 36302 31113 33267 39237 42029 46886 45106 43848 40369 39897 33613 42547 44323 44274 43115 41544 32339 40157 54844 58510 49242 41731 29066 29271 34512 39763 45088 51858 51513 47735 47665 38681 32029 35655 32376 43835 57459 53949 39462 36001 33241 37610 31089 27992 38741 45611 44248 43448 40727 46548 41955 45037 51513 41138 37505
28360 28782 35026 34917 29616 45958 42434 42579 47636 57349 54347 41502 38935 41549 43926 36100 32985 41267 54338 53678 56902 55802 50366 40026 47035 42067 35808 52620 56266 40393 22798 43078 56795 61966 55314 44018 32304 36464 48864 51613 45434 47756 55574 55927 50507 31744 27483 34786 53596 48915 35309 23932 24748 45216 54216 49090 49993 32775 26422 35941 46064 54433 48958 48716 48665 45685 43633 46651 55254 53714 43873 39731 40146 39968 47986 37883 36181 36170 51428 35523 37830 44255 40343 29680 38801 42286 47827 34782 41535 40353 50644 51198 44203 37713 37710 36079 41456 49332 50413 49723 50801 41483 36993 35088 26297 33474 38945 44601 45017 49819 44869 47173 40272 45759 35462 27201 37405 47739 54663 48823 49922 50594 44527 42137 47406 40703
33059 43933 40743 28993 31437 42902 45998 33806 33422 45373 49939 51967 44270 44777 43744 36665 37564 45396 45921 46648 44904 39754 36960 39748 46916 51575 37945 40056 48239 43632 38932 39054 45462 42041 43344 35531 32145 40023 46122 52165 42991 42201 50135 48096 49485 35771 32631 38289 37175 42653 49010 47281 41255 41124 59249 57951 40965 33892 27874 24088 41595 45460 46450 48873 51936 50725 55646 51472 45131 41421 44322 27917 26672 43267 38387 33248 31596 44432 50142 40230 35547 43608 44339 27504 30519 50420 55367 50174 39380 41308 39958 39314 35468 38358 43744 35070 36930 45604 44190 34585 37741 46901 36147 30911 23318 20983 36015 47913 45785 40907 39081 40682 47983 46005 50741 40059 37866 48442 39897 37168 37917 42849 38413 43464 50710 53482
34960 33796 32934 31521 47064 56968 45791 30111 35690 41343 45605 36680 34509 30584 25511 30103 41443 32157 38565 44024 45373 40010 42643 48421 49030 42863 37463 31534 38670 41752 31938 40207 31831 39846 38588 35028 25367 35885 43902 38433 48925 43809 45577 49685 52461 44090 39012 35879 37497 44013 57807 58879 57613 51903 48042 49126 40143 35530 41172 31235 24775 35921 37724 33894 35703 41346 51380 55397 51079 43461 40089 41220 43068 49852 50993 40009 35373 44778 47878 40353 36541 49425 48631 37604 41325 50728 56662 56814 36347 31427 27532 39616 32315 43947 43047 42422 48326 44521 41221 43073 47669 32400 39107 33044 41081 47697 52289 49002 41668 30954 36887 51088 53658 53860 53615 43911 40494 39611 51903 35868 27777 23381 34615 47463 49535 54300
58991 37731 41155 33554 48628 49019 36790 29799 20946 30635 28631 34888 37681 28455 38948 45219 50440 40261 42242 48210 44246 47596 42199 42244 46258 44372 32216 30707 44296 47153 31879 24347 36445 46097 37863 35737 42918 38043 34780 35412 30671 40178 40795 42708 39743 40641 46256 45175 36373 41487 48421 49218 55012 54474 48092 33450 29997 35535 41981 29889 25903 27606 31210 31212 39118 45536 44056 42514 38685 38676 28538 32835 44191 62434 57069 43394 28703 45904 46141 50465 41365 46827 51211 39719 34286 48587 51474 44181 35956 25014 29555 33758 37639 28938 39303 48580 51390 50713 45804 43811 46433 30529 23619 37409 35906 45949 48309 57493 48215 39376 41625 52512 59857 52740 39132 39792 32597 38560 37385 29147 17004 20954 31470 54729 62552 57596
59524 56386 29767 33897 37280 44984 41893 39057 37058 23351 36811 32565 41732 39134 30865 35835 41711 43759 41631 44135 48062 44564 47332 49290 39075 36336 31977 36869 38835 41560 26648 29729 41913 46251 47863 42371 45148 43076 31989 25160 36527 42337 36288 43566 36218 49816 42878 41032 37493 33591 39864 38930 50128 58546 46003 29982 27438 37124 50575 40638 22740 25728 27233 31596 35834 34612 40625 36196 51161 53029 52635 47345 51957 51980 52691 41936 37271 37229 47848 41694 57946 59781 41408 30696 40314 51796 52089 50531 39190 24936 24336 35163 27048 22527 24064 35987 38918 29823 45924 45257 44724 43588 39385 38894 37735 47952 45214 40930 40813 39501 45104 58970 61894 43320 37135 26043 29185 33466 35629 30165 29322 32968 48683 64118 62800 59399
55018 50097 40943 27119 33008 36914 46870 47679 38510 33580 25498 42850 40845 38538 41903 46031 56937 50124 31522 30918 42541 43267 45585 42845 39033 46592 40400 42390 53338 48383 40955 38098 42343 47858 32091 44802 42766 51626 37158 33591 35412 51390 36450 35333 37202 29776 46889 38347 42028 44575 40671 48434 45286 43842 45558 34320 28354 33599 43188 45211 35237 40894 40895 45457 44500 41824 36543 37175 47254 46360 52398 46947 48140 45208 42473 31280 41010 34424 35858 43666 58217 55156 53295 38600 44779 50026 47969 44558 42160 36169 38166 33044 24861 31824 41143 29949 33645 30034 37962 47778 32126 41932 35837 31035 21775 26854 34569 38289 48127 50128 47442 45502 45803 31083 29619 38218 28050 26375 36481 35362 29945 46782 53018 60896 61439 46644
47977 50273 43555 39026 40611 46049 40073 47879 37130 32422 35411 44718 40972 42767 34812 49098 39715 39162 22744 16998 36849 60448 56906 47990 46816 53365 43081 36526 41023 51127 36322 46235 49094 43363 36187 38396 52379 59715 44605 38015 47504 45569 48296 47770 49961 48203 41380 39521 32370 41199 51255 41896 43659 35180 40291 35241 29871 49041 54998 54842 47298 37716 52215 42183 47569 50058 39162 37752 48247 57259 51321 53434 52101 47314 36733 34262 34837 28559 21075 45954 64315 55964 43414 42879 39466 33226 37823 42859 35504 35151 27046 27850 32424 40777 45712 32511 26592 39378 37281 38575 42691 42079 48308 32307 37665 44428 35724 44447 50054 53892 33801 35162 36414 38521 25704 34171 43910 45071 48105 49705 34378 39955 46601 45617 40063 33635
38801 39457 41665 50623 41895 45190 46283 47376 41530 34581 34561 42029 51177 44798 40498 45889 53256 45393 38459 24999 32274 43885 57033 45683 40186 36002 53824 50726 52354 48587 41442 39579 45672 41293 39693 47075 47238 38583 35444 34124 35752 53545 45483 43842 48990 57490 52881 39841 39360 47139 45037 44820 44714 44708 27656 38834 50277 54581 56561 43816 44548 44729 51784 57909 53438 52167 45234 45173 49111 56444 53647 50650 49579 45731 46672 52420 44601 33474 25985 45278 50306 53648 46608 47810 43362 44921 36419 32053 28182 38341 46581 38049 44061 57534 45391 27045 30082 38417 36207 26584 40968 45612 38104 43610 38868 36426 31064 42850 55780 49714 36732 32658 29399 30387 30249 41524 38714 46706 40591 36743 28081 23580 30423 34568 32271 39757
45967 44626 50800 52536 46768 44131 39432 41147 43393 39833 31912 34845 32536 35921 26925 32216 42366 43286 35934 34351 31471 38175 43530 47620 50661 45404 48191 47742 51167 38783 20428 25823 44384 47065 50347 36994 35508 28788 37399 39717 39871 36630 51110 46224 48391 57547 52402 46748 36576 41596 49095 41058 40743 41006 40028 45399 50131 50103 38522 45202 35661 42336 47310 64323 53988 53768 47584 51240 52725 51804 50343 45742 48449 43183 48194 56550 42094 27891 26363 39577 54439 42129 41627 31266 44019 45900 33828 22890 28301 31120 37207 48729 44429 37208 33350 23640 26896 29486 42189 27534 36097 47504 50161 41816 50503 31207 39904 51651 58239 52481 37055 44194 39039 35085 36572 29803 36272 26356 39212 32698 27151 18599 24407 49223 39894 32358
27259 39064 37728 38897 33672 32230 37376 45186 50313 39843 32748 32192 31416 28739 34573 40477 50133 53692 38980 24875 22138 31233 37126 31934 39816 42033 37422 47780 49048 41588 30069 25335 34776 39365 42132 45528 34631 37386 38383 34541 37742 45362 39491 44354 41326 52298 61324 53101 50433 49425 48051 39757 38248 49072 39523 44096 51860 35365 34837 30535 33239 48720 58092 50137 42861 32724 38191 47372 51917 43227 40952 46013 38318 38675 42626 53302 40130 26764 23799 31865 38988 43729 35993 45116 46012 46407 40803 37966 41381 34529 42131 47573 44464 28848 22215 23022 42267 41154 38536 25431 23159 41378 52943 46168 40502 31042 35361 57149 52896 45030 46609 41763 37730 35414 40555 47325 27025 28722 27667 32691 32847 33962 39745 53197 62952 37094
32126 41317 37808 32765 33360 26340 33955 36640 39676 43670 38816 30711 20316 27179 18215 17459 29983 34438 23498 31870 37983 28168 25851 32891 32794 45451 47390 39635 46733 38953 33607 26419 27912 37903 42004 55117 44544 47137 36628 46754 41847 39908 48052 35802 44673 46303 55146 55672 44369 48060 42390 43034 40137 39734 39273 42617 44090 38461 39442 45562 41359 38315 55203 50450 41647 30502 44788 35959 33495 34432 29298 26691 30736 29180 38514 37562 28285 17593 29754 35459 38372 51253 43392 33424 39248 43519 37555 40426 42168 34585 28416 43090 37831 21920 22010 25319 33943 45917 42310 41569 42654 54044 50136 37163 28890 29194 29392 44712 51056 49560 51325 38228 38628 43624 41467 41714 34570 23047 29553 45468 44658 41698 35548 45842 54839 46357
38689 44630 44503 44361 32800 32268 23989 28448 44357 55159 51381 34599 30243 23902 28252 33782 41190 38975 39560 33006 36182 41180 34178 30243 28583 24136 36017 26505 26480 33978 36640 40218 37745 45122 45963 54202 56719 59679 57500 42467 32371 35700 39253 51084 42505 54888 49432 49761 50680 43348 42588 39241 34923 27827 40684 35327 37573 44110 48533 43009 41096 37226 48100 50734 39488 46101 46373 45093 33660 27529 36385 40305 40813 41772 36753 36049 36558 33862 33367 32311 30181 42944 45260 39403 31240 34996 39069 45219 45917 41424 45390 40693 42896 32222 26780 29069 41796 53496 56809 53374 58369 54455 51876 41069 25505 22277 27748 39550 39202 44832 52814 50157 34410 45643 39749 34546 33292 41153 41569 39418 48993 43254 45553 38066 48625 42228
52511 43806 49001 49371 43780 29839 32115 31942 44932 46039 45379 41928 38827 30898 28170 36446 40584 36586 40772 49374 47807 42570 37827 36629 29916 30718 35615 34805 35746 39321 42139 49483 57737 53045 42663 44514 54869 59169 47475 46500 34042 40658 43539 49072 57253 48585 55029 46868 47580 40132 37661 38820 30374 33094 30483 37581 38820 48395 52295 39074 33918 24308 41366 56374 58629 45562 50048 48804 33367 34374 34628 53438 38606 34731 30059 39906 41739 37745 33759 37542 36992 42680 54438 43776 41637 42792 47331 43064 49047 45177 52014 55040 46429 45638 47136 41950 41238 56325 63774 59769 62532 71340 64341 44952 23693 17710 25212 28059 35379 39426 46517 50967 43876 34635 35306 21477 39287 38339 50245 41697 50976 39596 39073 35266 36403 37261
36713 48810 51433 52923 48985 35186 33265 28832 40595 47727 51414 43310 43852 43705 53369 49524 55668 57404 62065 57163 42385 39800 42649 38749 55181 40148 28961 25889 32429 32149 37516 41068 55144 50379 47958 45402 47048 61214 57478 34696 29841 35713 48015 46120 43802 41945 36905 50321 43727 44716 33672 29539 24790 32477 44217 44117 38378 37948 38780 43612 35934 43539 42675 46691 44633 48908 44695 48967 35138 27239 38663 41350 39489 30762 35417 48866 45841 39659 51315 56878 45475 41475 54746 54018 55172 44484 48007 48690 46255 55525 57272 50352 57715 42438 45477 49484 46275 53060 52279 52710 46907 55113 56232 45099 29694 29567 43841 32468 28553 28510 35768 39245 52292 42679 36274 33489 39487 45931 37727 46281 39734 37286 32549 41009 31509 28810
37230 41134 46020 53871 44496 48843 41295 43635 41403 39357 41134 51700 56833 57890 58251 60004 50739 62224 66183 57583 49855 35727 54192 49280 45958 46608 34418 33797 45352 49367 47160 47308 40864 46504 44316 35770 37821 43369 54629 35586 37554 45778 52825 46179 28799 24578 35938 44742 54667 42961 35664 22637 32096 38432 42522 42804 32744 35585 40440 50351 49996 43913 44635 48017 41238 30711 39295 30655 33655 28574 32436 42972 43405 41031 38835 35907 33490 39628 51033 49707 34837 42898 52784 60300 45311 45225 42756 34606 42896 38247 46977 38622 35262 41591 37498 51864 45734 48106 51910 42354 42233 40137 44397 29977 35550 37092 40126 46016 39791 40856 40546 39401 45102 37664 25199 28390 38188 42744 44526 37634 38522 44967 30708 34107 40405 34552
30402 38487 34586 42185 36304 38825 41737 52252 39963 40981 41690 45434 52497 54213 55090 52576 52117 56528 68484 57874 46185 42428 43970 57138 51232 50586 40532 37554 42403 45782 42406 41350 45055 36154 38311 34148 34240 47849 54126 42372 42951 51818 50854 44367 31651 24371 36743 45549 50280 31758 27067 17297 32268 49876 53493 39883 45198 47589 59243 64469 60794 44876 39526 41401 44121 38810 31456 37536 34117 30282 36725 44930 49856 43958 41332 33998 32011 39632 51840 48347 44687 43530 55317 55679 58351 44664 38936 34892 38387 43827 35390 41746 30594 28479 31071 28080 33790 34211 35706 40947 45198 38980 33173 29647 29286 48106 51696 50984 40110 30772 31793 33264 27434 35875 40741 44799 38925 42406 42350 39605 43205 45865 44761 34327 32839 42505
46880 32150 33929 31483 30302 28517 35351 31927 39108 29746 34298 44258 60090 67235 55517 50310 56071 51352 48582 42327 37387 47985 56463 49361 50273 47260 37390 34148 38145 43296 41124 55380 50718 41433 27443 31988 44754 50773 47427 56883 62696 68147 55910 51833 37762 37807 42097 47642 33105 29083 22306 37785 41553 53449 48470 36674 44410 45253 51525 59040 55070 44365 36358 46643 38255 31947 18658 25340 39165 43804 43647 45552 46544 41459 38504 36019 40221 41077 35611 46698 42425 37428 49675 49799 47471 38857 37131 39119 46821 39794 40199 37651 31103 29695 26750 29050 35796 39903 47074 41389 43729 39227 35267 31590 29290 46850 55523 47110 52691 48777 45083 34240 31966 33893 43951 37005 32579 40322 37626 36439 49019 58462 44260 31470 37756 36007
39422 22916 17806 31727 32213 22848 26117 31165 28539 29976 24676 47322 52504 49302 41786 36396 42834 50016 44456 40403 37961 51375 51218 49053 52705 46580 39685 33417 32373 34130 29682 49764 50434 38951 38621 34159 42808 38816 44434 52013 71760 61548 53917 47296 44085 40205 43502 35667 31227 32219 35733 22794 37362 41380 45600 48642 34518 42002 45340 57799 54270 49570 36778 30743 36775 31409 33055 38146 48228 46582 37527 35813 39113 38540 44308 47094 37470 32575 38648 48048 51927 47792 51333 52354 39828 49213 40315 38450 43044 52070 49267 57621 46140 31783 33799 25747 33995 50243 40325 41733 41093 48118 43338 42002 43515 49398 57681 52737 41303 34968 32774 35129 27033 38016 49872 44500 39903 27157 29867 37969 50882 53221 47879 39255 29011 26642
35867 20319 25162 35203 40731 38226 34537 22692 30722 32270 29348 28455 46972 46769 48153 46606 49509 49780 32999 25870 31950 41600 49356 42193 38313 45870 41165 38549 38335 33039 32091 37336 51055 49009 36196 34077 38215 32396 36782 46630 53248 57803 48123 37998 32689 44225 47266 46794 35817 39767 31635 34688 38082 46364 34830 30878 41165 41237 43179 38008 42305 43836 42392 40900 41089 33586 26540 42875 50767 48347 35195 36503 30189 34030 34819 31048 35365 38198 50870 57609 50707 57017 48933 47752 35397 37458 41378 50118 50150 54778 54317 46651 48879 46012 37822 41507 43185 48163 40373 35916 38737 42091 30441 29290 40100 46270 51108 39607 41631 49291 43681 45644 42837 36800 39405 35324 35107 28570 25420 30636 30100 35046 48077 44133 41100 38873
44695 31947 26843 28543 44882 50639 48905 39584 32879 36958 27277 31427 28299 36975 42302 45146 43641 42354 40492 31751 32182 39555 47901 31455 29902 30635 40834 36307 32308 26667 27605 32648 51483 51609 50907 41676 29192 23849 35503 50697 48635 44864 43029 28047 38663 50748 50584 40866 47806 46276 32452 30492 42737 39488 39936 40906 45628 51694 42668 44883 47168 47028 48161 54752 47352 38715 42792 47324 48834 38771 23199 26353 33198 41333 31929 25082 34086 41444 50686 46302 53228 55578 65593 50507 45129 36947 44850 48490 57706 44619 48502 52313 59608 53364 37509 26842 36762 38928 39639 44512 41179 49427 39267 39772 37698 33379 27324 40205 46529 36361 35305 28451 37446 28494 21589 39181 45328 34548 30715 26101 29245 28713 29842 41752 42643 48282
50682 47948 33556 18585 29510 46075 44203 36001 30793 31910 31173 35627 44806 44365 45044 45547 34639 37928 38180 32281 25671 31464 37423 43684 33408 36295 39504 43643 36166 35837 37988 38340 36602 54257 40285 37303 35190 31958 48308 56514 49465 38607 40826 40353 40607 60733 58818 53254 42675 43747 49057 45814 52799 44201 28624 34483 46745 43551 47500 37735 35616 51298 57479 54404 51249 41161 26900 40831 37758 41336 42403 39830 39920 40717 39169 36859 49746 56872 48500 52812 49227 51070 58981 55693 52037 40988 34941 43100 39932 50030 54939 50968 51671 43137 31446 32495 24479 31013 31676 42558 54287 53597 53951 44259 34421 20725 32540 47891 52471 39988 33069 38217 36392 37855 34796 38726 47190 42889 23467 22601 20080 25039 35886 41558 45148 47516
43821 40018 37022 26191 26748 47594 55407 42229 27319 38612 52539 58309 58651 52177 41721 38131 38455 36353 48552 39449 30212 33844 44576 35312 36904 31445 28854 39064 46087 44393 40217 35117 32128 40723 45571 38864 46102 50420 50019 55506 44596 44440 41637 52098 51880 51295 51427 48684 46288 50055 50659 50578 35067 28653 35060 44574 51495 54646 36579 41216 42428 48590 56752 57094 47513 33703 34735 29520 41628 42411 40758 29391 36863 44275 46237 45563 37648 41301 31521 28245 34565 34840 55169 59769 43478 34321 43966 33278 40633 50455 54928 50933 44547 29763 31612 31935 23906 38577 59227 64976 56192 57413 62405 52765 41671 32960 37545 50752 45328 39179 33451 30868 36654 31455 45000 45916 44760 43674 38733 31005 39839 35611 30509 32102 34066 36291
37629 31750 23733 27543 47343 52725 49730 43643 41239 37410 50595 53937 55269 43089 39841 34741 33920 34449 40219 53120 42222 34657 34762 33089 30484 41254 45720 53020 59378 61336 50021 51622 48979 39215 38180 34774 36253 44137 53542 55490 56738 49153 45777 55999 58604 46085 41978 49035 39376 40391 40573 45329 32372 26829 30073 45632 55643 46446 41545 37894 35658 39106 53081 63556 46453 31041 22879 34192 34242 46243 52825 43914 42521 51380 45387 35664 34711 36573 37935 22984 21974 23188 39927 59781 42060 30032 40706 50801 43631 42507 41677 38472 41384 41859 35757 45648 40758 41399 55261 52870 55829 42440 50801 60082 46770 39677 48357 36321 43415 45687 44340 36734 34274 48558 49457 41015 46128 43633 47186 41770 45142 41060 42735 29315 36646 35937
27408 21951 27905 40546 55691 62244 57923 57652 52432 37220 36317 40647 38739 41039 38341 36048 35138 31691 38303 45206 41909 32377 33783 28955 39366 45776 38136 37686 52825 51303 55555 44253 35726 38584 42915 36150 28717 39059 52301 58258 45732 38616 41871 46454 53253 54469 40878 45244 39102 37503 46312 42480 35414 30990 39545 53196 54037 57894 43079 35305 35812 34655 44664 40661 41513 36120 41222 40814 36103 41452 46334 41183 39265 43059 30668 27225 35610 26815 29297 25821 25683 30265 37792 48098 44762 32307 48052 59833 56251 38150 36435 37810 35283 42599 42658 36466 48788 40149 42385 52254 43831 47327 37357 39509 25769 31787 42758 54604 45149 42352 49244 27256 28579 46000 62244 49689 36354 40797 54553 61113 48423 39626 36908 22585 33735 48281
16270 24326 28638 37320 49790 56985 63586 54965 49980 36115 36071 25532 16254 19223 31206 34918 33298 46334 38733 44821 43822 33727 30510 47055 44838 42538 39429 26346 37497 51273 49292 42973 42223 40269 40675 32111 33400 43521 42050 48466 41799 40080 34113 37783 44042 45544 39072 23549 25377 43795 31104 36488 30492 45308 51612 52416 52509 48063 50987 41782 30591 32965 40555 42391 26700 28237 37057 42336 46537 45810 49835 51153 46324 43584 38525 30190 28240 29531 26562 32207 24491 31484 37338 45033 45958 35884 38824 60500 45161 30039 35847 44932 44708 49384 45512 39049 32078 34392 30581 35801 32875 25616 37126 25222 26314 29690 49877 43673 40383 35691 43740 28897 26936 42779 54628 48902 28761 35978 48368 57544 51676 28321 33674 29683 34887 50965
34258 35088 55267 53520 46927 48097 54499 57522 49079 47969 45655 39789 33898 30832 31648 45901 47162 45451 55044 44619 32980 26803 29914 44615 62203 45882 36639 28992 36246 36730 41371 35079 34039 33789 41340 45289 39035 38017 45947 38108 38786 23878 27594 30947 41674 40926 28398 29552 31571 34460 37185 30574 46360 45357 48733 50686 48463 49578 50641 39572 34303 30688 38203 36233 23930 31449 47442 46716 43433 45962 49062 40131 42473 47777 42895 39977 43786 32874 33299 35963 39984 33878 45410 42387 35056 28099 35910 40213 48226 45048 48633 47742 48889 42868 41027 38849 29687 34917 40183 33148 27094 33870 28650 27349 22529 32489 43848 40301 32933 39780 37423 34144 27229 32982 45643 52921 29591 15402 32791 42190 47286 48504 33407 42478 42803 54815
43297 54081 44612 43676 31150 35825 52354 53618 53867 48645 46585 43197 36047 34126 31541 35691 50351 56918 60619 52346 27889 19953 40309 45079 49224 55465 41040 32262 28055 42479 34182 44606 36294 31815 31139 48589 40534 43010 47400 52061 38748 34861 28889 41726 31980 28269 20662 20323 33489 42576 29044 25844 31258 47820 45769 55285 47646 48877 36869 38350 31481 36349 42324 40572 28309 26287 46277 41425 29567 44660 54368 50907 44378 43310 51246 49674 39224 40436 35395 37137 32275 34770 51858 49795 29724 20764 29934 47295 38514 43815 49217 60924 51737 53656 41153 40646 34033 30969 33795 33419 24874 23709 41031 36710 40842 37189 28131 24473 26274 42332 37049 37034 34011 37946 39247 45757 35217 22466 31463 45603 48365 49563 47744 37946 54400 55929
56786 54821 54152 50414 50343 36732 40333 52956 35621 40050 39333 52594 46087 39010 34754 43355 51540 51568 55297 49113 38990 34542 41799 56508 52029 51581 32879 27748 35453 30605 44772 50166 41371 36501 37134 56391 61323 52640 50127 53871 47219 36122 50946 42238 35206 26320 29246 29813 28228 39659 41837 34549 32916 45982 53341 45938 51725 41918 37063 40837 43302 29948 41398 43711 39924 34226 36757 41565 37627 41883 44307 38153 28418 39519 43923 50025 43359 45057 56158 52590 51173 39363 44460 45646 35378 20737 24193 38325 40138 36208 50186 49896 49318 38880 52682 49327 46384 41621 43967 43476 37795 32918 36104 41952 44518 37688 25690 27666 41300 41063 48389 48158 46166 29518 31887 30280 36121 33159 29962 36129 52516 49206 53299 41094 35577 43413
50315 41799 41884 38738 43646 48722 40041 35624 40294 36227 35190 35018 47439 37896 40922 47457 57346 46150 53201 47993 40489 48778 53948 56929 53606 40084 36487 40886 34167 41018 40834 40096 28946 29914 48414 54298 53972 43555 50857 56931 59290 46733 43535 53254 35590 39114 34832 26721 28844 31449 40018 39408 39659 43459 43276 55440 43531 42816 54973 49205 45689 46225 44790 57670 50942 41197 33374 42628 35748 35974 35699 25681 24772 33571 39941 41247 46305 49772 51648 54894 50231 45599 39493 46924 32604 27153 26867 26334 37393 33968 38021 55425 43514 39482 44701 49772 38376 40164 51443 39471 32967 26011 36043 34425 30160 26463 24276 32286 39010 39289 48242 51361 44156 43208 38949 37766 38400 42286 55954 52158 58188 58708 48091 40901 35397 43648
48702 38448 41881 49850 54822 47315 30863 18560 36927 45397 51102 54915 51715 46734 46629 53116 53224 38750 26380 41898 51386 52350 52747 56171 45327 33509 40768 41912 39683 24636 35862 33208 42223 45094 57229 57605 40622 38287 50958 66518 54882 43479 36280 43433 49579 46208 48213 34183 31659 44558 48101 44593 42257 41460 51309 48643 56998 48870 50076 55037 44194 53387 55751 51727 47982 41294 40226 40748 46761 41226 34872 28532 33992 42508 41749 37170 48106 52098 46650 45702 38739 42419 43147 44179 43094 30366 31244 31841 31266 27644 29556 46572 50128 41430 46398 48376 39835 42829 55948 44247 35933 27269 17692 18229 27995 31752 36999 37639 33107 38801 49058 61579 53449 37921 28621 31845 40857 39394 49730 56959 55939 46313 48978 44258 40365 35544
34919 38351 43514 46192 56199 46250 32750 20753 39560 50926 44407 40190 46677 48303 56259 52385 44473 45414 47698 45239 53975 49088 39158 43603 41421 37635 40742 49211 46453 39337 32542 32648 37729 41515 50076 46663 29399 30258 52910 65796 50388 40438 38993 46372 52125 53968 51820 46394 42574 48309 45936 37001 50914 44154 45101 52547 48641 49489 52542 55081 46668 40294 44788 50493 52140 37855 35859 40156 53448 36980 22734 18510 33628 44191 34834 36544 40273 40910 34631 36531 47282 46480 52796 41965 42661 41064 37209 45276 28189 37218 41338 48698 41028 45045 41472 44250 48605 39078 41521 46662 43650 32192 23759 14872 26875 32760 44553 45744 37235 39275 43917 48765 48438 51279 40670 35580 32844 32142 27828 44491 46463 47302 46202 52424 53720 49424
30035 42906 44516 44431 48955 40052 35127 30276 34406 54980 52495 49378 52821 54387 58474 56175 43055 41991 42755 52606 41334 33698 35463 26194 33758 29674 25513 25638 38946 40540 27135 34315 33687 49120 52238 38554 27062 29592 37765 50761 48619 35940 43516 42368 44581 48116 52768 44880 32079 43203 43721 46049 45251 55005 36663 33965 49869 51770 50686 47785 45122 28533 34887 38497 45361 46316 42800 53020 48846 37001 25187 35364 51994 50773 41646 42686 44901 45677 42725 44883 55726 57415 50562 50935 49130 58821 44764 35991 39564 35715 40860 45539 40719 25808 34563 46723 41361 29122 37708 51925 51207 42169 35436 32815 34305 46632 47306 53980 56931 42614 54624 53832 54653 47432 33265 19857 22643 23655 31267 37585 42072 46444 46073 51584 51604 38437
39704 28312 25518 28803 37162 42396 35998 42215 40476 36113 41555 33972 45715 43801 50027 39644 28411 23088 47466 48643 52799 37216 33417 35957 41178 37938 29182 28724 46702 44874 42803 31642 43839 39301 51072 37207 24470 23901 27033 31033 36328 38771 50137 48313 37595 46528 43297 38121 29460 31714 38392 53817 58985 43499 32593 28384 47308 58448 51196 45197 34360 25796 25563 27038 40004 40377 45691 43755 49427 36058 29065 32381 36790 52156 56589 56466 56267 46607 40763 52383 67560 61468 40254 38017 42890 44666 43848 27775 40178 51873 54280 46918 34878 21412 23907 35352 45789 41472 46470 56998 53036 39032 39989 43692 41533 43274 37407 44038 46655 47576 33445 46337 42487 47598 40998 31743 31479 43915 35800 29975 43775 49275 47898 52819 43748 47447
40386 20712 11086 16599 27673 40592 44229 45944 54807 38331 32713 46155 51387 45060 39640 41604 36788 41258 44312 49577 44988 43273 38211 40231 40531 42705 36385 34112 45687 49083 38169 46667 40594 41295 34367 35311 26924 27065 32844 33551 33651 46119 49862 58695 43597 37995 43999 47805 37549 28273 36540 50965 58103 48787 31624 40224 48270 58036 58700 40093 30950 20641 27459 28975 25265 34361 47879 60974 48219 51056 43010 51686 49180 58283 52788 57964 54652 42611 31242 37317 61432 50897 44631 29628 43908 39906 38411 33913 43764 63376 63800 48559 33786 23392 24968 25863 25724 35105 47628 53024 41431 35382 24203 44999 49753 38105 34408 32522 47912 46752 42842 34242 44571 44624 47569 37124 35102 41269 41862 40019 45422 55258 52885 53744 56800 48621
58912 39941 24868 29180 46745 48218 47098 53132 53621 41252 29920 31933 43745 45678 43644 48890 43962 33737 36842 41152 40085 43707 48542 51109 56854 47684 44673 43052 44713 39610 41651 38486 45790 49162 41685 28924 32205 31748 39754 43202 49033 49291 53523 46098 47549 41751 40873 39368 36811 36685 31678 43444 42466 44658 40530 46794 58704 53709 41693 40023 29506 33133 32542 30550 19462 32427 45939 40545 50932 45121 51328 47198 51920 45053 58545 60763 61585 45172 32221 34960 51784 58524 40278 31373 25599 37311 44139 45029 50755 56744 47494 45093 31048 22571 27757 43805 31037 41345 49535 50276 42257 42091 36303 34916 46920 39223 27334 39981 31660 41416 35610 35063 29829 40291 44403 45428 41838 52716 41485 35290 44271 53530 53417 39930 43647 60914
53626 47365 40352 47254 49080 48805 37918 43822 41550 36655 35917 38831 45447 52993 53481 51812 53419 49070 40326 34549 36236 44954 45487 44912 39570 43055 44229 38564 28263 37967 39551 47291 49450 52200 43647 31368 27355 45559 49522 45550 48012 44925 41144 39980 44241 50830 47083 43798 33101 32695 29386 35765 38878 42125 51452 62976 57550 53133 43108 32203 27904 34133 38576 39394 22239 27424 39888 42836 39805 53755 55690 58142 60069 50089 51217 58362 47051 39647 33212 38223 42045 42296 37357 28119 33132 43883 42543 50167 47399 60961 53200 46742 35737 31543 28805 40056 37862 34068 46998 48607 40747 38592 35432 28991 30244 41130 39016 38695 39342 38672 35230 35510 44786 51056 43520 29485 36209 32836 36052 30058 29014 40507 41880 47203 42192 49718
51920 52160 54655 48448 49714 45381 52898 37460 43800 40595 38082 44746 41081 51356 43509 43686 30309 21597 28741 34854 44329 49686 52082 44033 44689 47611 34593 25953 25758 46203 62836 45635 35818 36692 47163 40051 44426 51828 44467 34358 34310 36289 32778 36087 41895 42320 31175 21525 27469 34276 37714 32019 36161 43965 48470 46004 54674 48439 36700 36929 35527 37687 44194 46432 32807 32170 32658 29637 34300 45200 48433 47954 44741 34125 41957 40727 43239 43499 53642 40504 34362 42933 33809 40623 34076 44634 47858 50387 45205 43890 44965 49293 46975 25660 35096 51598 43138 41236 47432 38490 31681 31496 30160 36272 33800 38936 44722 49240 35772 25403 24469 44052 57283 56319 50145 44540 35747 46298 38298 34886 25785 35691 39314 42540 41777 50942
38168 39885 50131 35755 41241 42086 38677 41184 25524 24098 46114 53155 50990 41960 47499 32588 31296 30935 27476 31931 36100 44518 39102 38333 27925 35635 39076 35543 40867 52385 53649 42522 41592 40981 44149 43220 48426 52041 47289 25262 21437 16360 20020 22108 27399 31719 22194 31085 28574 37083 39478 49283 35371 37035 40875 40201 34678 37515 42594 31581 25144 37987 57206 58508 41910 41694 42522 32980 39397 49732 50864 34803 33616 39508 36335 42345 37077 46130 47508 36644 39017 31812 31551 29110 43728 52098 53085 35495 36168 41006 52601 59360 57972 42506 30414 41168 50029 44290 40411 37006 17890 14162 24475 31164 39015 40299 48300 42364 34069 22405 34103 43641 54144 54822 49262 45064 38821 31914 34941 41186 35108 39335 52840 52492 38975 48162
40010 42352 34223 35226 32885 41593 48034 48144 41716 31075 46529 52786 55791 39432 49396 42939 35708 30318 34059 33990 37300 40919 41562 32599 36751 37999 37409 32838 40210 51647 63041 53899 40617 47521 40640 35214 39380 43197 47186 37916 28983 24158 21087 26324 21581 25378 28621 29991 40617 48040 54196 51064 51505 49472 43851 33791 34534 38908 45296 37078 32501 37815 58491 57191 54872 48943 44583 45356 41357 45965 35596 35258 38862 46354 43011 32812 50186 60264 58382 46821 42800 37740 25578 36027 41495 43844 45438 46099 31190 38564 46887 49039 41799 43014 40421 41536 49080 49587 37522 29569 20830 24947 24743 39908 33225 37169 30778 39340 30231 28067 24698 41003 47994 47590 35151 48981 46165 44631 42320 51369 57450 50576 49801 39499 40089 37903
34352 32432 34658 26800 20432 25666 40848 38765 33070 34636 37191 47730 47890 48810 43417 42302 48598 52296 40142 26752 39190 40230 26634 27379 27156 34730 38090 35226 30653 44867 46544 48416 52257 42940 42984 35595 30947 40707 45319 45606 36228 34112 25650 25114 26485 24120 31805 40467 39105 49167 44427 53488 51702 47156 31793 29067 33846 41117 37643 29918 22319 30571 43746 50579 48495 42667 41888 42831 43158 45519 35517 33145 55055 53293 52293 37938 41495 54019 54544 44147 43141 36578 34897 33821 36160 38266 49879 46053 41662 51112 50268 42159 46819 38473 41529 35998 43091 60969 44617 35749 28013 32187 37102 31058 36069 36063 41192 39182 44309 37351 36047 42880 44750 35651 32152 36141 41090 33311 43692 53285 50057 44557 42216 40775 42101 41849
44618 30708 29951 29126 39575 47121 48901 42010 40629 36075 40649 33238 32822 33390 46673 57384 61150 55170 52334 41703 44692 47364 32190 19643 31201 48085 39053 23708 19071 27712 53669 57945 51916 51456 41746 35611 33144 38592 46900 35330 35640 40848 48520 44843 34600 42435 38793 35021 35738 44706 52743 42473 42726 41756 34751 30217 35146 49636 39421 27095 22788 36356 42015 39455 32627 52171 51568 54063 44630 43799 50306 44856 45640 50033 39219 40884 42889 46620 53221 49906 48535 50286 37634 38150 36134 36588 50866 56472 41047 39491 39876 32279 37308 43884 37023 52184 42852 49341 46727 30554 36519 45598 36080 24669 39794 36656 35035 34718 41954 34065 43437 44676 40764 35006 31332 27825 32296 29340 44432 49905 44683 28855 32047 42388 41164 48924
36461 34567 33780 46325 45866 51786 46197 42708 42093 45578 34300 29743 33530 36859 49659 54480 62868 53694 42840 36584 44221 45857 45373 29322 41703 48804 50621 29876 26994 37506 50622 47041 43411 32937 36978 29584 36642 43158 45753 40311 35262 51593 45263 44162 54895 43355 41273 32164 35645 40892 40912 42057 34470 41144 38896 36036 36213 42251 44199 25804 19222 34867 45700 39228 38420 40013 55484 48769 41181 41010 40484 47952 42110 47501 42287 37630 38030 48214 49085 47277 46604 48536 45673 49355 44987 42781 39059 44219 45677 43048 43080 46969 43051 44488 33078 43236 50909 44273 40032 41972 36535 32169 27567 29054 30888 34161 30769 41652 44695 44712 40272 42027 45708 41081 35929 29254 37739 39475 41266 54586 42135 33998 28078 48504 46210 46886
45325 35337 41001 44657 49539 52993 53846 42825 39685 47656 43991 30928 27457 40035 52569 63402 60417 54518 43657 39201 48817 49475 41694 38988 41916 53616 47158 37908 22839 34967 41746 41133 41843 43715 38844 35481 38120 43516 36746 34298 40550 43505 45216 41643 42046 51181 43730 47778 29808 37533 37592 48925 46246 45865 34492 28057 40883 46368 41206 37379 38549 43668 51205 44008 42906 48828 42396 37232 29082 36416 51166 49543 34155 24074 34957 38297 42958 40274 38593 44918 41201 41271 50393 56226 50037 47849 39152 31795 32571 37747 40122 31869 43094 35566 38896 48110 50853 42839 38945 36287 29654 31160 35567 33578 30988 29712 38469 28082 26279 31946 34062 39764 50486 39566 39414 31545 37707 46747 39291 39311 36454 27684 30809 27173 38893 41821
47722 52037 49727 61584 57523 48321 42950 42089 39732 41748 46275 44650 37515 49802 65069 55756 54353 37040 39206 44033 47797 50549 38214 38107 37239 38507 40448 29074 34628 37637 32816 24686 35190 44830 35400 42717 45175 38736 31700 40989 49484 37402 22532 24461 39979 50215 51824 40212 35293 31281 50951 50754 52901 44907 32649 35688 41477 40245 31483 40884 45049 46029 53508 59426 42334 45999 46423 36740 25502 25908 32957 39676 38801 35739 39681 42011 29625 36418 38033 36372 28922 29503 46300 43121 46244 43385 33446 18963 29121 38939 41604 40819 32444 38187 45031 52355 48348 46201 33268 30774 23771 30075 29455 33317 36317 35237 32411 36523 23358 21088 42763 47213 37341 44129 37054 47660 50838 54808 45905 35749 31438 31302 32067 37125 28121 41670
51813 57151 49847 47210 50643 47338 39057 36169 23884 31777 45438 43483 37523 47646 50351 56097 47132 44712 37007 45101 51137 44135 39087 35258 52678 49735 44657 34559 30402 33814 32096 32603 41632 48603 51428 41555 47512 42759 38260 32055 40628 32827 23387 28438 31203 31546 35146 33147 26103 41783 50779 46043 39202 39035 36044 34102 35588 32412 24680 48036 62179 51117 56595 63642 50326 40636 38327 35449 28652 31415 43236 53665 43800 41329 27147 35953 23130 28807 35854 40064 36777 44274 41980 50268 47626 46396 46542 32240 36373 45967 41951 40610 42559 49597 52197 47406 45226 50734 56386 35934 35626 30144 31183 35800 44160 47855 34655 35293 28097 30295 27823 34065 39156 45369 42808 32830 43676 43427 34948 33361 22711 27924 34831 30099 27664 40477
46448 40433 49381 54545 53201 54005 53391 44645 32097 27308 32946 53648 51302 51468 43932 41124 38825 41838 45842 38657 44945 42691 42328 44804 50530 47333 39430 37136 42455 45480 39317 38173 40636 30796 41451 48653 51886 41129 45233 36316 40428 42825 31459 23299 33826 37723 35908 28463 38342 50683 44711 43978 42512 50824 50863 49286 36981 26262 25888 37545 48269 49817 39418 41577 31350 36411 44976 32695 28143 33297 43571 39221 44994 41474 38770 31532 32952 35865 53239 53076 49877 43353 49690 40186 40397 52092 53816 60800 49300 52179 53838 55378 50348 51491 42263 34607 39233 50538 52454 41567 26335 23789 21041 38367 44374 43331 43833 35839 32692 30634 32444 26805 53268 45786 31990 39387 47560 38227 38337 39091 41633 30016 29992 36642 38675 37113
38904 38714 28972 46962 53140 50101 49689 53475 40569 29244 39237 52217 55645 38658 38847 34527 51613 50438 51964 47248 42505 44927 39739 32322 44185 47281 37862 49282 52667 35809 44069 49302 50543 44696 41761 56291 54738 41109 39424 49238 56244 57250 49557 44652 32372 38901 39248 31617 38573 50244 50318 30162 39610 53322 44228 40271 28551 20082 18968 34028 28737 33609 37646 29093 37256 39908 42026 33138 34395 37682 43907 43778 36579 41247 43408 37015 27233 33790 53467 60450 46920 43985 44298 41211 45498 56245 62312 60055 64962 58544 57306 56051 47824 34528 38835 28410 29691 47405 61703 50081 37598 29899 36105 42347 54949 59671 44515 32469 40289 45452 43445 38929 46516 52961 34112 32681 36555 33759 29307 30286 40270 47241 42103 40529 39616 38590
42048 33516 32764 39724 44788 45252 37884 36419 37364 31614 42379 53415 46827 40129 36511 43587 45370 52426 51079 53919 38433 29690 30158 31534 25892 41858 42653 37972 45884 43976 34025 46302 43078 40433 36785 38886 41037 44654 37121 57674 62811 56010 48667 40850 37090 41502 45073 44811 35002 46811 56147 51138 44390 46883 48495 35255 33713 27420 31963 37740 44773 31995 31590 29906 42824 41204 32816 34516 27617 33993 32165 34892 39245 43045 45366 30423 31123 31675 46150 44358 33077 25512 30532 32611 40130 40134 49636 55989 56610 65998 61228 47721 26244 20769 28788 40881 44254 47932 49808 52032 46370 44050 44416 48952 52560 48804 41929 36196 43160 45749 46504 54676 51651 44361 43368 34992 30791 20860 24434 24422 34197 47048 55630 43459 49221 44792
32324 38795 31306 44041 54210 41627 32027 32282 44723 41013 43214 47316 33933 32557 47305 53285 51513 54839 51757 45217 32487 20323 23334 26034 40204 37892 36272 35181 32230 44917 46293 44300 43063 35664 37020 44690 47232 36638 42763 51248 69307 66132 48896 39985 44956 43508 58680 48448 39793 33236 48088 41388 42186 32783 27169 28045 32579 28181 34015 34701 36521 27482 30029 39255 36071 41713 44652 39253 38043 34364 37867 48830 40653 38463 33303 34689 25173 34808 41846 37192 32533 40297 41249 44136 36632 43392 35058 41667 50082 60000 58668 46153 26576 27024 35767 52527 52783 37965 33267 31696 35398 40961 39347 44146 46159 39752 31956 44504 36512 34340 38253 55202 61249 49350 39168 33867 29386 25091 25340 24692 33205 46101 51099 43409 45155 47965
43571 44752 54809 56653 55918 42532 32470 45219 45966 52568 45491 39064 34572 26089 34444 54657 53969 39678 33436 35938 32949 33432 30349 40605 34136 39793 34148 44005 39569 34891 42508 40523 41694 39441 39685 37085 36592 35048 39571 47717 55661 51019 55704 41474 47351 43772 43922 41323 34119 29796 28530 39049 35321 28618 19528 28272 37826 43949 46254 48377 44137 49704 44890 32789 39530 48969 58006 52623 55569 50906 48934 45321 41207 30565 27326 37501 47692 36392 39000 34092 42481 44795 44242 30213 31839 30091 45503 43246 42397 53120 63270 50889 45883 28964 33987 47637 46480 28635 19839 28903 33928 34848 47394 48762 49015 46328 44441 49103 39968 35499 43356 54970 63186 49947 40464 42248 38004 39765 43977 35954 37942 52450 46960 47771 46363 46338
49531 46574 50321 55683 47019 55752 50393 36341 49682 54450 52841 40878 32474 25294 29486 37926 40833 40351 33403 29834 36391 35700 38724 30299 37907 25432 45617 41302 37552 30860 31347 38754 35419 32658 45803 40371 34899 26689 36333 36670 47344 47010 42976 48222 48898 44731 40251 39618 32806 28691 31186 29162 29539 30709 23292 22004 30932 43470 44485 38429 38631 41909 39246 31085 32254 45491 58646 52714 50954 45987 39817 43351 42798 38721 37193 49543 52501 58912 42015 31366 29650 45714 49295 42702 28257 37970 36344 39191 43310 46631 39459 38541 42918 40325 42602 52590 40505 29548 24433 29832 35946 26822 25499 37787 45799 42734 47285 44624 49829 45406 44819 51491 56050 54394 41729 42687 54968 50365 39114 37916 32525 36962 36978 33748 39516 37009
46955 53830 59281 49994 38428 43556 44620 35874 39549 58943 61464 46835 31911 24459 28635 39671 45763 35237 26257 19753 33146 40321 40415 36711 33241 35574 44310 44548 33637 28089 30752 29236 28203 44942 47374 42114 32021 33250 30719 29740 25157 42024 45426 42269 27606 25298 28875 29288 34840 39728 35975 33464 32131 34712 30148 34227 42837 50070 54002 49455 55804 65521 53498 41654 35158 33533 37498 45208 38645 42780 42924 42477 38570 33054 35808 36483 56965 57482 45578 35053 30760 37659 43057 36066 26824 34470 38296 35247 38109 44410 44568 39155 39007 38830 39625 40142 46259 36305 42448 32731 34225 28164 29230 31859 46825 48997 49618 60171 61873 57948 66365 59695 59266 50007 39424 27466 37464 46123 40709 31376 36756 40063 39977 39470 51129 49271
50440 61054 50241 42883 39721 46038 45584 34831 36126 44332 46387 50218 27673 29472 37031 42208 34985 31509 27241 30134 30113 28893 33209 29579 29530 38437 33701 33931 33421 40865 41029 30683 27062 38007 51753 50376 41528 29721 26890 32965 42366 41429 39324 29881 24791 27461 22571 23321 31605 48444 47531 47005 46564 44251 40323 40037 40435 48737 39260 52027 56275 57299 46130 32079 28465 18828 32054 27643 37268 38733 44705 46561 47866 31518 29669 40066 50426 61395 48018 34575 25655 30538 45487 47242 35651 33640 34220 30267 44726 43168 42470 42800 34003 40433 44846 50032 43392 45975 30571 29818 25291 22839 24099 28465 31822 34565 44841 51604 57098 50436 42877 54163 42292 42709 43601 39684 34435 39729 33038 33645 28024 25830 26760 35390 41698 48890
56728 63006 57387 40845 35298 38100 52187 50401 43068 43254 48245 40081 31687 29862 40238 53258 49175 35350 35699 37240 46981 34166 31759 32614 40625 39082 45303 34960 44287 45762 41087 35280 38032 49922 49461 37868 41589 43004 43930 37246 34620 31821 40397 33015 22227 26023 27081 30132 35366 37045 49265 54956 45809 45511 40110 36688 37942 50937 44287 44304 54215 52064 45614 34996 35887 28693 17856 27142 22002 31516 44473 50847 43726 27290 17876 31274 49196 49863 38470 40466 38862 50743 43030 41108 32236 33511 41396 40320 46510 51689 48331 50231 38282 36282 49956 52285 50408 38590 29267 27465 26679 29276 24664 39890 41465 44851 40933 52579 53623 49645 46736 41603 46121 53512 48388 35968 37877 33902 41138 32376 34779 32826 38401 52797 48632 42015
47533 46534 40485 31826 40196 46651 42419 38716 38838 37648 35180 35045 29139 36551 42034 47036 37419 30700 31961 43056 39354 36330 28395 27351 36150 38622 42857 46490 35754 36486 29799 30713 41099 34443 41203 31690 38187 45172 33753 30901 33784 37708 34174 41661 35287 29604 37949 36398 26691 37118 51910 63180 54329 48645 41376 51529 44978 45896 28920 36938 45334 44978 31771 27004 32563 37772 36082 22828 24710 28792 47029 52940 39897 21525 22667 31354 34707 44076 47192 40517 49607 49487 55053 40171 45814 37811 29430 34989 49255 51566 38273 34767 50123 47551 58777 58461 41332 32055 25189 20651 25281 24886 37380 39230 50128 40813 35858 43363 50353 54418 41604 40197 29498 47115 41835 33177 26349 35871 32158 48145 45770 46978 50311 57988 43865 48386
37523 36054 42085 27280 33772 46110 43178 32099 35454 36241 35369 21235 33865 41734 54699 48891 29718 22967 37804 46114 47547 28914 24088 22367 39809 54991 55331 50545 45097 40551 37906 37327 42576 36108 34326 38582 32965 35776 43585 34921 37056 35305 39648 38341 48502 41872 39806 43607 43595 47303 55048 52769 42078 46594 38996 43441 50360 37095 34164 34325 36093 31686 26341 39435 39294 44562 39664 29951 15251 21853 40503 44501 39021 29087 31167 43777 40429 43758 45279 46136 49719 55153 51473 49423 39543 30286 22206 33764 44301 55876 51263 29902 38667 46887 53340 51306 51687 35968 29534 34180 33843 38806 45039 46743 41752 45597 46100 45936 59014 54983 50099 40633 47895 48660 37305 27989 25295 27474 38242 35836 38631 49425 59792 59862 51814 28345
45398 35043 42642 35620 37978 48562 44706 23692 26007 34574 31201 25295 26730 50542 53105 47719 42608 41748 47085 45206 35475 24910 18361 24226 33681 47743 48678 53654 52878 55542 50232 45459 29841 30871 39636 47858 47873 33436 43199 45282 44297 56780 48178 38490 39483 43336 35689 29582 28567 42442 46917 34826 39472 41322 50155 48049 37918 32770 27065 38850 40020 36571 30359 32380 41122 41068 33294 37439 32194 28764 48482 50292 39246 46740 54902 46463 44522 37823 39210 48352 42106 47313 47606 59220 50449 45546 23943 30775 37138 46912 48540 36235 33783 56104 60180 48667 52832 47267 34609 38930 45955 38997 39893 54085 48573 56614 52089 48422 44632 53819 41650 47173 46815 45400 39656 32962 29715 34586 40982 36619 33987 46252 58736 61924 57381 43255
32714 42656 33626 31222 32267 41978 40209 30164 27231 35395 34937 21821 24408 42135 57930 48754 42506 44879 47441 44262 44775 36992 22269 21762 22362 37305 48698 56281 51357 53443 55199 48713 34991 29838 43642 53016 47736 48330 46338 38362 43696 40531 36949 35880 37932 45791 41729 33267 33614 43022 33040 32965 30626 40711 49694 42264 40188 30548 43649 32623 42409 37797 32214 44908 44301 39468 43114 36850 39692 36061 33978 45161 39312 44467 40503 46460 42822 40391 27654 30750 35107 44934 45580 52421 56297 51469 33222 25113 40534 44669 47041 39338 42059 42933 47782 53212 57965 57308 40222 44883 43373 42150 39609 46332 45537 55177 52166 50345 54726 49321 40150 40617 46098 45547 39731 39739 43815 47475 41993 31440 23295 39806 49918 58015 53038 45543
29584 35045 35818 28063 39716 39599 35929 23559 26826 47314 49763 39390 32825 44787 48182 45737 40557 42661 44708 51437 40291 35593 37377 26472 22352 27090 49115 56120 59171 46002 45133 41518 37236 38550 36120 46848 55779 56932 40973 28658 33424 50832 45164 39322 32924 43563 38166 29800 36311 31813 27585 24931 39304 33887 48479 41723 33819 29242 38854 44817 48316 38567 35550 37710 44419 32985 43131 53011 41578 43765 39381 38717 44820 38325 44078 44450 43337 42917 38458 35509 34740 44933 45531 44950 49717 51941 41591 37657 42758 41909 42408 52948 44710 43344 40864 56514 55818 56241 54769 39025 37743 37743 47666 39659 38761 45832 56324 50157 42516 32190 20482 28018 35952 32004 45992 49702 50902 47834 45402 40021 39773 31757 40607 42153 55917 44812
49003 39204 26268 27656 26392 37240 33671 17338 16484 32536 41479 34350 32458 29383 39423 31554 34229 26304 38691 42555 48454 42703 42305 41910 28016 45368 57743 64697 55579 47361 33624 44963 40613 38814 36148 29533 38996 42029 34984 28921 32904 42850 43746 41892 46058 33182 35422 39773 35633 37291 28429 24071 28240 38229 44488 35166 26957 37344 36738 40569 36954 34154 35186 37859 42321 46043 57894 61048 57911 44557 36016 31798 30947 43097 33016 43230 41111 50093 45330 32780 25408 40192 31134 37709 32510 44422 49295 45843 48142 58279 55872 50905 50792 52047 43616 41325 44881 45839 49350 41529 30833 38751 41251 46000 44240 39470 45839 49711 36441 30980 36259 34263 37759 47602 45374 47215 52472 46509 42273 43015 48070 41666 30350 37196 47342 54314
46410 31129 30221 21193 30288 28213 32759 23343 27695 35201 40171 40436 36371 28841 38295 33520 24234 30300 35647 43589 43609 50532 36228 38937 41620 44770 51625 55471 56558 47247 48122 41113 34341 37136 39232 32216 30093 37313 25017 25429 35882 46624 52896 45684 46379 28435 20375 36659 47764 34293 29025 40659 38708 43203 42185 40438 33843 46717 47837 38124 35304 24669 31077 29508 35576 46195 54922 58398 53830 37673 37554 46520 48065 31806 38243 38120 44743 56419 50293 38519 29346 38201 42284 24400 30645 30344 55013 60137 53767 46376 49643 47994 38906 43815 43994 49523 37462 34734 42889 45074 40229 48446 48705 49741 40404 46124 44367 50329 36708 26209 27939 36984 42380 43419 42604 43370 44139 35416 41170 49847 44826 45953 46059 48834 46069 45764
39705 23672 23051 23046 23508 32022 30229 25402 17180 29672 29970 31815 34570 41043 40712 38740 31979 23386 34721 48688 49176 37420 44724 37651 48201 42566 45102 42115 45400 41979 45568 51471 38853 43291 45975 35262 19220 18600 22860 24559 41879 46730 44922 38080 37410 33373 29238 32961 43850 36293 43966 33804 37149 42143 49401 38575 31276 36241 36108 31178 31104 43474 36990 38144 30788 44331 49629 52342 44752 39182 37923 40725 41703 30257 22928 27791 46868 53355 52163 36141 41158 46246 40915 27155 19215 42548 55626 50970 42652 35135 47698 45813 37073 32868 43740 41534 34162 31103 37903 47968 48567 47529 48862 44903 44394 36854 46301 41879 45598 38679 37061 34992 44219 32919 25270 31024 49446 50920 45681 38763 37632 36468 48957 49115 49747 45206
32277 22572 36973 36352 27468 34793 38517 34610 33990 29426 45955 48334 48246 45177 47501 36316 33495 30895 37601 54328 44147 42353 33064 37784 37228 36875 30714 37292 33982 49452 52072 54209 52326 39709 34049 33018 24140 18310 20750 20778 30840 31750 35615 35760 23926 24667 24188 34550 37803 46792 45264 51879 38404 41342 43891 35314 31243 36238 39990 37099 35493 34074 36533 34730 39700 38854 43597 33451 26336 36279 39544 38853 34582 31784 23648 36053 53065 63500 52233 46520 40837 41517 34945 40351 42372 43556 59950 48359 34005 27917 36053 35782 20184 23874 41376 46220 28615 32332 34231 44842 46632 37094 47557 49037 46479 38885 48666 42833 52496 40863 29142 28660 33708 29008 20931 29092 36675 36592 32077 33015 36300 44876 50813 42228 51220 50947
31548 25144 45114 49920 45190 47144 49833 41444 28802 35229 46914 58894 49569 37911 39439 48033 41946 36383 42752 44349 44350 33086 33285 36144 43189 39329 29202 41558 47567 43045 50181 47488 55675 37610 39795 37239 36432 37483 29164 33838 26590 33962 28518 29601 24184 25777 34354 31413 46751 46312 47393 43656 39015 34297 37761 39352 28826 35267 28992 43986 49365 50632 41499 47315 37261 34274 30851 24576 27875 33167 32538 32048 24076 26009 29530 48166 56487 55631 51815 50395 45850 51900 50632 43416 51169 46355 48815 37492 28210 40370 47237 34766 26270 24236 34869 41629 33127 29657 30420 38596 41638 40676 36379 45719 54459 36871 42133 49906 40730 39453 38714 36944 39835 49102 31251 35498 43846 50148 47501 44171 52543 50145 42238 44096 49995 57303
