-0.138599 0.082036 1.114821
-0.095074 0.277378 0.935153
0.198255 1.303161 -1.207132
0.544429 -0.447370 -0.410842
-0.056852 0.419757 -0.644736
0.329317 2.522698 2.685018
1.919120 0.087606 -1.828932
-0.318839 0.175017 0.754821
0.659636 0.338653 1.729215
-0.121923 0.641111 0.787551
0.266046 -0.145797 0.712574
1.768224 -1.140966 0.687534
-0.908699 1.640934 0.834535
-0.913865 1.270595 -0.234522
0.495918 -0.693953 -1.386521
0.096971 -1.442184 -1.902565
-1.179382 -1.916776 -0.354821
-1.783631 0.497673 0.992204
-0.050954 -0.764997 0.811105
0.102000 0.275090 -0.034373
0.913341 -1.358915 0.540662
-1.369293 0.770271 -0.884846
-1.349239 1.514106 -0.803430
1.470148 0.719458 -0.328010
-0.173790 0.315503 0.839399
-0.788079 1.434264 -0.279274
0.721735 -1.119948 -1.648809
