105 48 57 111 25 7 59 3 3 4 110 82 16 47 7 105 37 9 68 84 12 53 29 105 96 63 31 74 81 110 52 15 118 65 26 61 71 30 90 81 8 126 118 124 42 97 118 42 70 38 6 43 60 14 8 95 42 36 71 96 46 89 38 73
100 97 86 85 108 41 74 91 122 69 70 109 4 79 15 48 24 92 64 13 109 61 24 106 19 25 63 32 54 92 93 16 27 84 121 79 55 44 41 123 40 93 95 12 56 98 94 19 57 46 103 44 17 122 117 17 20 14 8 8 118 98 39 42
38 126 70 105 52 63 51 13 41 46 115 125 25 25 71 81 117 76 13 7 9 19 9 52 88 48 23 58 94 94 69 59 102 10 3 70 0 91 96 103 55 102 118 19 89 126 34 119 46 16 76 64 114 21 123 31 10 27 3 13 57 92 73 28
68 93 78 19 15 121 68 5 98 40 108 97 120 112 56 28 66 35 43 110 117 35 35 25 53 93 34 60 42 111 108 2 70 69 88 52 39 3 30 121 76 122 40 35 66 64 11 35 9 70 124 61 73 25 57 99 52 94 7 104 64 89 52 31
26 64 108 11 74 83 76 124 87 107 126 108 44 15 122 48 48 31 41 19 91 37 61 74 4 47 40 68 40 86 85 98 41 117 53 90 103 67 60 33 58 58 93 62 111 22 52 91 98 102 33 64 53 11 53 16 4 87 84 17 65 96 24 8
19 22 99 102 3 82 70 101 19 18 103 113 20 24 82 97 40 106 121 7 42 115 88 68 108 118 40 72 16 6 13 82 48 0 112 8 0 76 74 2 72 11 115 57 8 36 26 72 37 61 56 37 51 63 73 106 20 107 81 11 65 57 74 49
25 101 60 86 72 68 90 118 67 34 23 91 12 38 41 97 13 58 82 100 90 24 36 52 59 51 65 115 38 70 61 77 90 124 104 52 40 57 97 60 66 49 115 65 37 62 99 73 7 112 66 23 26 101 25 3 15 87 33 45 83 41 84 50
53 59 26 49 51 46 89 67 21 52 88 2 42 60 103 27 26 38 16 47 108 29 77 19 40 119 113 84 59 68 109 66 36 49 73 67 53 10 99 104 96 84 55 76 46 60 94 32 114 48 119 73 114 49 32 28 58 11 18 94 109 4 25 20
62 56 122 58 61 15 93 48 90 117 45 111 75 112 62 62 104 86 65 112 0 47 62 61 28 68 1 83 117 109 64 27 109 110 1 70 52 36 87 67 82 119 46 72 40 117 85 64 94 80 118 43 112 4 76 22 16 28 44 117 45 9 67 67
91 1 14 104 65 105 15 105 45 75 88 43 71 93 36 122 11 83 121 63 115 25 7 34 37 43 72 5 113 17 5 19 106 18 102 118 79 100 40 77 35 6 92 44 20 15 76 122 24 73 69 2 57 25 65 115 121 21 73 28 91 64 78 44
42 56 91 26 63 63 10 24 61 110 96 58 39 93 47 39 8 48 22 15 111 46 95 18 97 90 6 2 35 111 111 78 63 70 62 2 31 40 102 8 15 74 107 102 84 62 90 83 65 43 92 56 76 62 25 52 41 101 93 35 35 79 49 25
107 39 46 1 81 5 43 54 19 76 93 0 38 123 105 112 125 49 74 79 35 9 30 94 126 86 3 114 30 9 63 9 125 20 50 119 47 83 13 111 79 125 17 99 105 90 31 99 76 52 29 73 3 111 105 41 73 111 91 6 54 115 103 8
53 35 10 14 51 10 51 11 42 72 52 63 101 61 90 107 36 63 30 111 5 126 87 76 62 109 55 79 4 108 42 65 101 58 30 42 26 28 37 77 1 85 106 41 43 124 115 81 68 12 42 66 40 70 113 50 51 15 111 9 46 116 52 112
48 36 69 50 53 67 59 55 21 59 120 95 47 18 41 10 1 51 84 27 123 40 110 96 113 44 46 0 101 6 42 64 59 59 41 69 14 85 76 78 67 21 50 101 71 34 97 59 123 56 100 49 63 44 87 10 81 111 114 25 103 36 14 101
56 12 1 108 112 68 67 113 89 14 95 30 5 40 72 11 45 43 69 12 45 43 56 93 10 57 105 100 73 103 8 39 0 11 47 74 91 110 65 20 34 86 65 30 96 41 96 49 45 36 39 115 45 106 110 82 125 96 29 88 27 46 80 92
24 103 64 17 60 95 89 24 90 96 65 80 35 82 14 119 61 102 2 19 90 9 1 19 61 53 96 52 82 106 24 94 70 31 61 26 62 70 2 22 42 76 66 51 27 90 30 97 57 43 49 107 31 72 8 64 84 97 18 113 107 4 26 72
16 104 23 50 59 16 25 96 89 126 29 19 46 51 27 98 31 112 18 51 86 2 53 5 109 94 31 15 42 28 4 116 63 87 31 32 111 112 68 124 54 22 110 75 3 100 24 95 85 9 30 119 42 64 84 66 0 59 113 124 99 53 93 63
10 96 31 67 16 18 85 53 11 25 90 48 6 58 23 14 120 20 120 65 90 84 112 114 15 42 35 11 64 3 122 87 70 32 126 110 107 1 0 57 54 4 101 4 3 120 24 11 40 114 72 101 29 47 52 31 54 22 22 82 3 61 6 12
50 46 122 88 80 121 73 6 65 57 38 65 120 104 86 65 54 16 47 69 34 22 96 0 110 22 42 65 97 40 10 80 108 47 82 81 2 104 104 0 34 16 77 61 125 19 55 17 4 51 94 93 70 53 18 102 81 11 38 72 71 80 7 67
124 119 108 88 116 76 20 81 11 50 95 53 114 32 125 55 25 3 81 3 43 71 3 58 111 67 69 55 97 83 69 88 79 55 63 46 1 10 60 16 20 61 3 123 90 17 43 68 103 126 79 45 60 2 9 86 65 72 1 12 51 123 49 58
114 42 9 115 64 88 43 20 114 73 120 33 84 79 11 63 63 86 2 49 28 21 69 45 39 23 57 59 66 116 0 99 74 78 119 21 97 14 104 37 9 95 0 94 85 74 93 93 93 111 80 73 19 80 78 53 81 32 13 44 34 24 83 100
20 12 12 30 77 40 42 28 42 124 42 120 96 78 58 106 20 109 27 105 103 61 90 93 30 55 8 16 65 117 13 49 27 38 49 0 107 7 36 76 118 89 85 47 46 29 126 25 51 74 46 96 37 69 114 71 30 100 97 53 111 85 98 10
31 84 102 66 6 116 107 89 59 45 35 61 4 27 46 68 87 125 53 97 11 13 118 47 35 116 102 54 102 118 111 92 63 123 90 108 39 24 43 8 78 90 112 82 124 56 24 81 43 121 111 30 13 11 123 31 106 47 126 113 8 33 49 36
62 18 37 65 126 111 87 36 19 91 79 88 56 53 81 83 63 4 14 38 67 32 38 103 47 96 125 101 7 6 32 101 19 121 19 35 74 44 8 42 28 126 26 14 103 42 86 104 66 66 24 89 116 120 63 15 72 24 43 91 59 46 74 36
51 27 6 67 38 21 53 48 117 78 70 7 93 46 61 72 16 94 111 61 22 85 46 78 88 42 124 28 110 10 58 2 85 10 44 74 39 36 66 116 10 120 16 81 64 19 11 70 45 91 126 6 108 30 51 92 15 72 75 101 95 99 10 11
2 62 83 121 43 77 109 4 66 122 107 115 53 124 77 30 117 32 17 51 114 42 85 78 42 70 98 27 122 15 111 37 104 20 26 6 109 29 93 92 50 19 122 11 83 62 44 112 45 119 119 3 64 97 58 118 118 18 4 7 27 19 27 4
115 22 24 6 107 84 96 40 118 98 45 32 60 77 20 123 7 116 7 58 78 27 123 44 111 72 113 79 60 12 56 94 3 28 45 69 123 82 63 87 37 122 49 22 29 107 17 65 97 103 105 50 49 22 122 109 25 117 44 0 32 22 28 20
126 123 114 7 115 62 58 77 75 35 115 5 116 14 0 108 45 50 118 18 52 12 25 68 102 53 73 6 95 58 59 33 109 109 61 42 12 27 105 19 119 98 91 63 111 46 118 110 85 116 31 106 39 53 16 17 100 43 73 24 87 61 1 21
48 61 14 36 5 59 109 97 121 71 84 91 95 94 119 77 51 6 46 60 109 94 50 78 122 65 36 8 81 40 9 71 75 103 118 10 27 22 74 84 62 71 21 114 55 8 95 90 105 78 120 12 87 33 59 25 107 60 78 14 95 46 108 56
117 0 12 81 46 110 37 108 96 87 92 39 60 95 23 88 117 126 88 68 105 48 58 116 92 29 62 29 101 89 89 41 27 45 16 99 61 75 9 102 98 32 19 15 104 13 101 41 95 63 94 49 25 40 72 34 9 73 102 56 17 85 64 126
68 122 102 93 120 123 13 8 21 2 38 125 101 63 20 56 91 89 69 53 83 16 105 115 116 121 64 93 67 84 5 6 100 31 35 90 110 62 90 111 121 42 32 59 77 41 94 86 106 98 87 59 105 110 28 105 104 24 92 111 46 74 53 111
97 107 113 93 19 96 2 9 95 106 62 96 126 4 95 70 15 99 93 104 101 98 43 12 83 76 82 116 116 102 56 69 33 37 32 105 31 114 7 111 117 96 70 4 53 31 100 30 116 59 12 66 7 96 83 120 41 82 35 48 44 96 87 113
34 89 23 61 53 103 26 26 35 9 123 50 48 3 24 74 33 30 33 97 78 18 47 0 98 118 107 62 120 30 56 101 62 124 118 96 78 18 58 103 27 33 21 11 72 115 123 54 74 90 2 70 101 83 62 52 57 76 8 113 23 98 116 45
91 107 16 106 80 51 42 62 79 49 84 106 125 79 46 97 99 2 6 29 89 31 50 23 105 29 9 62 109 118 51 62 24 36 99 5 103 25 101 10 87 85 79 88 122 115 125 13 50 99 18 123 10 18 75 63 12 1 35 118 2 22 10 111
59 14 35 63 35 16 19 22 69 123 100 21 107 93 79 116 38 66 81 64 34 25 17 99 63 107 51 91 33 92 83 71 7 59 90 68 34 74 75 39 47 103 101 12 53 15 49 21 125 33 118 77 22 35 101 100 112 68 53 122 34 123 100 73
59 64 32 39 1 15 2 63 26 9 18 81 44 41 46 28 47 83 64 93 96 76 56 56 102 116 86 82 59 108 77 2 80 62 87 36 15 77 47 83 15 121 16 4 97 36 9 14 109 55 33 65 95 31 68 45 115 52 94 124 98 23 75 107
93 67 59 114 34 6 121 80 92 41 70 93 88 102 81 25 4 116 1 43 36 104 11 56 29 60 32 126 84 53 16 6 48 114 3 84 95 24 45 59 5 117 100 86 8 110 39 84 4 52 2 121 98 74 60 94 30 48 90 125 54 99 65 119
41 33 115 24 107 11 3 79 70 94 51 36 39 34 25 71 77 92 126 114 9 117 89 10 89 32 29 89 88 4 63 119 7 23 66 100 123 73 104 50 80 72 68 120 39 52 121 78 69 82 117 62 7 16 95 25 59 122 98 100 86 24 83 16
67 20 6 72 70 15 53 39 67 89 89 24 34 72 63 19 46 72 26 69 81 61 38 58 93 42 25 75 95 88 104 123 46 120 103 117 123 61 103 70 108 42 97 26 67 99 18 4 50 98 90 40 3 101 84 15 18 45 115 98 123 60 94 100
109 101 104 101 121 9 18 69 27 68 20 58 65 112 78 111 47 44 42 76 93 60 59 100 1 94 63 22 95 117 124 9 104 89 62 80 118 27 110 123 106 76 85 86 84 80 29 59 100 74 13 76 101 79 41 88 126 105 120 105 26 85 60 2
39 52 114 61 47 60 74 15 22 15 42 51 110 69 82 126 84 28 70 105 107 99 71 74 35 79 34 77 25 110 19 26 46 44 95 60 98 2 17 83 102 93 38 44 95 52 95 71 22 37 65 7 40 110 77 4 107 116 102 71 44 21 38 74
12 58 112 117 118 39 0 63 118 43 110 86 120 80 54 2 118 109 37 77 104 89 95 86 11 85 98 65 110 7 124 49 34 25 35 68 0 121 96 111 0 94 39 124 21 25 32 119 57 53 22 106 23 7 114 67 14 52 1 15 33 122 125 36
111 80 63 7 121 51 68 31 40 26 86 111 20 81 1 117 72 75 71 33 8 75 69 95 48 22 56 125 106 64 125 85 116 89 93 55 116 105 43 96 57 122 62 78 90 96 49 30 63 15 109 20 53 3 98 1 52 114 78 78 86 27 31 75
99 79 96 18 56 4 51 47 81 55 119 78 77 79 54 58 97 111 34 54 100 108 97 55 41 80 20 18 92 35 68 19 32 60 72 115 75 35 101 119 36 34 7 63 63 19 80 61 63 29 27 116 34 85 85 107 65 48 59 29 22 65 41 49
95 102 88 3 117 108 87 5 36 15 104 23 36 31 56 87 8 101 44 62 24 87 72 52 47 5 95 50 35 44 4 71 6 11 45 113 51 67 34 100 89 15 126 26 120 89 97 59 34 115 82 101 8 28 68 41 80 85 100 11 60 15 24 4
4 66 85 92 100 96 40 4 106 73 41 119 97 45 35 114 104 4 115 9 84 117 28 43 3 56 18 62 80 6 22 49 35 17 5 108 118 1 69 23 2 109 25 107 93 94 94 67 57 81 121 74 24 82 39 86 7 11 2 45 101 3 112 5
23 63 91 18 17 53 49 65 47 88 6 32 76 7 88 25 29 5 52 10 90 109 41 63 14 4 70 75 67 97 87 53 78 73 7 52 46 90 120 58 123 18 117 37 41 36 83 72 71 4 17 77 126 103 21 82 11 32 6 25 106 58 1 25
119 65 98 1 13 34 29 28 76 88 116 12 69 27 34 92 52 113 124 89 118 61 117 116 124 77 31 103 52 49 61 41 113 75 30 93 42 21 56 93 48 110 77 118 91 104 52 107 82 99 84 23 105 107 104 79 82 81 126 47 21 58 82 45
87 57 79 59 40 33 58 44 65 106 112 37 8 62 54 53 42 124 105 66 19 51 89 59 101 124 22 121 73 115 13 50 53 110 81 103 120 25 37 34 32 5 113 26 109 97 21 32 53 114 29 79 11 110 126 57 84 68 40 20 95 88 55 32
112 104 80 25 17 33 72 9 67 53 114 92 54 87 1 76 124 38 85 104 40 91 125 11 111 63 90 6 102 19 23 37 2 8 65 95 7 24 24 58 91 83 93 26 109 12 107 103 93 88 121 52 126 93 86 90 63 45 46 4 15 37 34 118
48 113 37 11 54 14 14 11 15 23 21 94 108 82 23 64 15 50 29 4 62 19 55 76 29 39 100 25 119 82 59 21 89 112 36 35 76 3 125 15 19 116 91 26 115 0 40 55 61 14 16 33 84 74 16 14 98 5 12 94 103 12 76 59
24 21 83 32 87 64 53 45 24 59 22 52 108 15 67 68 62 66 108 36 58 68 93 76 111 114 28 119 116 64 75 60 78 76 93 50 73 60 89 94 62 26 38 27 107 1 97 105 24 60 117 102 118 68 28 56 35 78 93 22 110 62 109 94
66 54 109 25 43 25 19 114 80 117 6 19 37 86 21 64 56 56 42 63 13 83 35 1 20 41 115 12 109 101 13 45 81 42 121 100 29 109 82 124 38 38 115 66 92 37 75 69 93 20 115 107 41 109 95 62 4 115 102 79 110 83 3 74
14 50 27 51 126 0 59 85 88 19 113 33 117 117 116 34 39 88 99 6 117 107 64 43 16 78 74 116 81 87 92 30 93 60 14 51 65 64 89 26 57 10 106 15 2 91 70 67 46 9 6 101 4 88 110 65 66 62 40 77 89 77 7 54
118 33 35 39 17 30 88 88 6 20 66 48 41 97 109 126 63 74 94 86 111 111 73 122 124 54 114 103 46 54 78 88 68 85 24 0 15 114 70 65 59 79 13 110 106 111 25 24 96 44 115 36 68 81 126 21 35 91 62 13 70 27 39 79
47 108 43 32 72 7 48 36 29 92 62 31 98 91 99 57 47 90 51 41 112 29 64 59 5 109 4 101 77 0 105 6 11 62 81 75 103 59 23 105 108 63 21 22 120 89 66 14 97 120 56 70 95 33 24 66 96 73 60 40 111 121 96 91
38 11 103 39 16 34 29 31 86 12 95 72 107 49 118 101 52 102 38 59 116 72 94 74 126 15 42 117 17 36 109 105 103 5 121 80 99 61 3 59 81 4 54 110 77 126 49 126 89 52 18 93 110 95 35 58 116 31 17 3 102 10 61 85
107 86 82 119 121 15 110 36 106 59 39 12 54 54 92 76 39 100 92 83 35 86 5 83 105 8 63 23 37 125 55 16 52 52 42 18 26 93 38 105 112 121 103 40 52 65 103 3 77 66 26 43 45 32 113 35 41 100 125 118 123 27 89 37
4 48 90 119 57 61 25 105 52 27 5 22 29 73 86 13 103 19 9 118 29 115 51 119 82 107 112 61 37 15 3 90 50 84 75 31 63 22 13 3 125 87 113 77 49 15 98 1 123 81 66 55 96 113 5 121 47 121 23 26 84 98 15 114
77 92 80 60 51 81 108 108 96 124 29 76 74 33 43 15 124 72 43 55 36 60 94 55 43 47 62 28 91 22 56 120 5 40 24 34 117 31 30 59 59 82 86 60 25 113 51 5 50 113 48 73 25 70 17 46 10 111 82 80 118 57 63 107
53 12 21 44 101 61 122 105 81 58 58 54 108 10 54 110 58 74 119 124 49 56 17 73 100 44 106 74 9 77 7 8 3 16 73 26 73 50 32 73 107 22 12 9 97 112 66 100 33 19 81 61 87 19 3 0 12 52 90 0 119 80 34 98
61 97 6 69 9 78 38 9 109 22 58 113 103 118 31 72 65 125 75 46 28 110 84 100 125 120 80 84 123 99 9 9 124 55 77 0 49 45 43 50 12 44 61 57 100 78 14 65 43 8 34 113 51 118 1 46 39 15 4 34 8 73 26 67
116 96 27 37 15 28 112 39 18 98 94 99 91 75 0 108 67 56 62 25 111 10 82 8 69 0 87 93 9 117 61 102 59 125 90 114 119 99 126 46 10 24 117 53 34 99 21 67 25 37 81 95 96 70 105 98 126 126 54 39 45 104 17 39
71 9 56 92 47 111 13 119 40 42 31 54 124 44 113 122 9 25 46 73 62 79 64 45 43 40 66 38 65 41 1 116 110 79 44 7 113 97 91 28 37 57 38 28 89 89 55 44 79 96 7 120 58 72 72 29 47 91 106 0 103 42 21 30
