54359 67333 56130 44813 37695 33702 36251 26338 46851 61795 48586 43986 23038 39047 43775 47324 43191 36039 32701 29402 22599 41732 44065 46908 40445 35891 43135 60424 62008 44333 46240 45245 49580 40247 35436 41759 40498 62851 49118 62084 66327 64845 58478 56266 64474 61042 45600 41026 38251 31767 41915 42109 51665 37292 39555 24737 20189 27372 40020 51796 48420 45966
62347 62297 52868 48846 45164 45711 52578 43727 63289 65279 57974 53038 44830 44779 42599 44233 41747 34315 41081 43862 37207 34264 37639 37781 33655 39176 39176 55071 60281 50165 47083 32385 48677 52819 42900 37437 36096 54255 51630 70203 62881 49004 41950 50822 50873 49544 31855 31863 47179 50443 56441 43129 61476 47418 35629 31757 17338 25478 34215 61103 54427 41853
55646 51963 46722 47251 50096 43912 46136 48458 65512 76064 70311 52894 45874 41067 58791 45720 37146 30711 36924 28098 31540 28136 36247 45328 30756 37934 39452 59047 60236 53368 53313 50663 39871 46491 37396 41398 46205 57281 53414 58956 59773 48725 54806 52213 48575 46117 42252 48638 51313 51660 53114 38626 46310 38217 33408 32988 23675 35212 37563 48558 49537 39767
51781 42319 39028 49969 47816 58696 51097 50812 58795 65299 66521 56507 53030 44453 45029 43022 41637 44457 58897 46125 46257 45595 40859 49938 46292 50410 32814 45713 46066 46063 38803 46606 51223 43726 47842 31812 31006 39938 48848 46277 56905 42759 50496 37644 28581 35188 33186 47328 47632 50634 46758 33354 38228 44424 39066 56288 42961 46723 45637 48631 46721 35444
47396 56471 44347 50905 54464 68969 60583 56932 56618 64847 45425 36101 37177 50221 42586 46518 43658 39314 47539 48736 49695 43390 43235 46159 39792 49154 38267 44444 37171 54152 49654 54539 61113 55132 47845 46408 49236 38372 45326 34760 57182 50951 54009 39519 37035 46983 49339 58294 44157 45754 36007 34925 34914 39618 20798 37556 43815 41790 39376 42517 49837 34917
39868 52863 42403 44035 49303 61083 50212 36155 34934 48684 41934 28454 37394 50666 44030 41920 47137 47534 46059 43242 54394 42526 49916 54966 56795 65822 47349 40107 34941 45204 50676 45927 51340 43682 36102 31490 47190 42187 53136 44270 57947 53687 40813 36712 39637 44093 44236 45343 54961 42524 47556 47353 46291 39567 31033 39877 39729 37204 43575 41789 48873 32438
47698 50053 53112 42212 52767 52534 56388 48563 44543 47743 37728 47279 45728 50626 41733 41354 43381 54638 55088 46718 34890 32698 35928 46236 44465 58893 50463 58948 59785 54276 52552 57202 61746 57364 37623 34769 49081 52696 61275 57340 57061 59817 42653 48061 54063 57320 54307 50820 65139 52537 56675 41742 45295 22739 24371 23274 25677 42086 49684 42947 38379 31224
43679 37435 39949 45505 46558 53065 42601 53641 48552 49012 45801 48998 53176 55403 41641 48468 39283 50397 54276 42528 44219 30261 26439 40533 45759 50716 59226 49399 55883 38087 45194 42473 48212 48215 52364 46905 47820 56976 56496 58508 48567 44636 41738 42516 47422 49730 57608 57645 60407 50517 61517 35821 43030 32660 41508 35289 35612 38970 54489 39208 41012 31875
45003 49047 52201 42862 37951 42741 40824 56507 59959 60802 54405 61125 48952 57082 40236 48679 47398 50578 49591 35949 41980 33660 40236 37930 37175 31606 42005 50214 51623 45383 55480 52735 51425 46890 42500 39611 44789 44478 45656 40558 49847 54231 48118 48732 55483 61539 55880 54239 58798 43759 54897 36445 42032 40984 40706 36445 40973 47653 50398 39387 39933 40823
41170 30807 43548 42378 37147 34174 35011 50984 54273 48670 44024 48445 50019 64136 49514 50165 52284 46363 58116 42465 35709 25936 42874 51935 43951 34652 31856 43917 39174 27975 48833 37641 54132 46889 50204 57508 45986 47701 34626 46526 47581 58926 48136 46724 48049 60321 50820 50734 46410 38886 34129 40219 38156 53313 59416 56178 58442 43048 43480 44174 54015 45290
39550 26023 33501 25743 30868 21470 27131 42148 55091 48443 42743 52584 60159 59520 51246 45326 33755 40351 36834 47566 43152 53057 59531 63165 43687 45446 25186 42432 45198 53108 56778 47033 47506 40057 29578 33075 33652 42155 33256 49697 46435 63690 63575 59973 56186 66688 60684 45017 40797 39907 38033 50063 50255 45608 46329 47456 59324 38495 41188 44740 51842 49809
35031 22860 34827 27539 33956 30985 29405 37942 47116 48356 50397 48201 54782 56700 52056 44872 40321 49333 46530 41544 49351 51342 68299 68670 51416 43209 36131 32966 36777 30104 49747 45668 40188 43991 36942 44870 32309 52308 45773 57316 49844 49173 51836 64271 59549 55044 62394 46655 47525 41124 38909 43694 59037 47940 50253 44518 67153 45940 46382 46748 56521 52625
27122 26433 34632 43697 45011 40048 38273 42328 53045 46173 49957 37162 39931 39336 36267 31868 38006 39605 44947 42582 54982 60543 55268 55328 46739 47046 48920 48842 39595 44762 36141 39368 30971 34218 33245 44398 44428 48764 36610 35772 44537 52223 49114 45305 66139 56815 62405 40123 40215 41959 42127 51779 57884 54612 59419 51731 62022 46707 41408 45183 40866 57293
31513 44807 48016 47722 52328 53689 50024 39119 57460 57860 43833 37361 29829 33588 25220 40143 39543 35514 40309 34446 46878 43241 45269 43625 50908 42284 53544 49621 38676 42571 32343 37225 35700 36640 41229 48519 46341 42856 33413 38105 40287 45232 49641 44056 46821 51721 51902 49396 47007 52890 45848 53885 46937 46490 50640 62818 59828 59084 48410 45395 39718 40269
27972 40548 44775 51650 49777 47324 56882 61433 53949 48120 29103 30391 30560 44315 35989 52266 34547 35766 34542 27594 32712 25606 38109 38261 55090 53320 49680 51147 34614 41719 30155 38880 32322 36151 46964 58543 55873 48744 35318 45762 48713 42800 44057 47630 38898 55311 44554 39949 34267 49171 43999 60286 48208 55904 57081 60350 44821 60532 60885 48674 45360 48174
37268 44811 31840 35593 40291 42128 48899 53762 47311 42749 37469 38541 25572 44726 43752 53950 49190 34357 50825 37621 40766 31624 43947 48078 40556 34117 38385 35311 40751 49195 57624 51244 46238 39508 58948 54590 42007 34483 30257 34644 49185 39175 33647 42061 31320 52633 41109 39750 37773 61545 46215 50218 35129 38493 36027 41858 42959 54879 54649 49971 31880 34049
42016 47299 45729 41339 41460 44594 43717 44889 47970 39096 33997 43255 44036 44887 48592 44080 45949 40224 46761 40908 46197 35707 49678 40012 44934 26287 34224 28736 36710 44599 51265 54152 57368 49855 55213 55235 45560 53155 47832 25186 43992 38667 42548 46246 42710 34106 35050 38172 37135 56081 52240 49570 41249 44607 36371 34987 38378 50918 51831 53781 40202 39917
61964 62735 56150 52251 49894 42140 30324 32087 35751 43305 53657 46162 54436 38659 49582 30676 42645 37012 48058 39116 50208 50041 49848 40790 41741 34150 46239 38243 47502 54728 61611 49959 56250 56988 49976 39688 30548 21999 29510 21565 32642 40393 42249 46376 42253 27475 28185 48870 61533 67108 51712 37172 28337 34702 39424 39138 27797 33527 28635 43199 31303 38874
62083 61448 61105 70823 52808 43610 35386 37482 55756 45899 65591 55649 63895 52840 39293 33442 33026 33163 27490 30134 31971 30482 49021 38771 40897 36592 52813 55851 41403 51955 49332 57762 57664 48791 42187 29593 51284 33181 31238 26779 23389 51590 55278 52143 47719 40809 46331 54983 59554 61423 51038 41184 28627 45621 52234 44420 29756 25453 31468 47645 40161 43518
44991 49211 53375 55437 44605 33935 36397 43675 53753 59106 60418 59203 54636 53202 41858 44742 29083 40682 34059 41404 43227 41216 46521 46647 38723 36906 41924 57541 46657 57149 43079 47450 48185 34310 40491 18090 40251 28141 33141 45413 38863 51977 54308 46354 48231 43892 61408 63014 61425 57858 39608 41146 36712 44382 51493 49316 34983 34368 37463 45909 59353 52666
32421 42509 46443 52460 43984 46180 48350 56177 54630 53861 47957 48346 35244 43323 41058 61319 43963 54796 38831 38050 41604 43029 44815 38241 35441 41977 49517 63383 53862 57523 48018 55516 56995 52069 54993 36114 38315 32418 42749 46612 52355 54051 58383 52011 61227 50921 49348 62959 58892 62786 41771 34943 49272 46688 56764 44289 53223 45248 49568 43250 41295 41037
32507 31268 39474 53995 60569 50952 39792 45477 42689 59554 50008 50388 44278 52362 51371 56807 40438 45642 42555 41199 51024 50977 43809 55218 48695 48574 48475 55118 44530 46900 35878 54375 40739 47300 40003 32243 31419 26412 40572 59491 59581 56181 51229 37926 52928 48474 48222 55821 50263 51575 41813 48038 63038 53740 51083 39453 57818 57072 51649 50971 50983 37104
38126 43130 40879 52216 55570 51596 49313 48267 50830 44770 39542 29591 40962 44954 47204 52539 45250 52401 42819 33366 35481 52256 46094 54976 70335 60105 60739 42720 54587 47951 47301 51273 51053 49669 44944 38109 28279 31222 33180 60722 47258 56697 55546 50003 42228 42602 40024 57417 57830 54473 55083 36635 53043 40541 47363 43240 47674 63774 56187 49245 39748 34267
24978 43364 51734 60226 56990 44621 48134 46371 59516 61637 57341 55072 50781 55782 49892 38935 41234 31595 37062 41637 45557 48674 51995 52824 64259 58166 61404 27059 40522 29975 50259 40297 39931 29605 36330 32870 43384 42773 37792 54051 43657 36824 49435 35916 42753 52186 48234 62433 56342 48595 61227 53471 56413 54901 45759 44898 40340 37933 41382 41639 33992 24426
36241 35218 38496 39845 53998 39850 57445 60970 67940 53069 44758 49997 48273 50585 40351 53273 39303 51613 43070 42348 52725 47899 59691 49305 67627 50669 65583 36867 45723 29817 43776 32715 25607 28224 48004 43932 54200 59624 46552 53880 46215 46505 40846 39329 29339 46936 39580 61554 74349 52594 52843 39694 47873 56381 58383 53108 35804 42072 38112 35712 30065 17373
55186 50568 59786 49222 64631 46421 51846 56220 64786 53015 58986 48825 48283 48565 39745 55015 38364 34667 51162 35321 49241 41895 53365 51315 63273 46115 56125 34134 51284 43389 49033 41054 42305 35342 44924 41286 49352 48857 56195 49310 59924 46177 48826 47964 51257 55065 61411 72669 68883 59868 40558 44097 46571 54704 54592 51642 42574 20038 26574 22111 25843 18042
47101 27129 36567 44246 54394 55101 67363 60807 65907 43422 53672 48886 45407 58167 47722 47109 41017 33952 44667 40470 49832 49192 62357 57758 63853 42513 48184 33291 37578 37967 41134 50303 49319 45703 47170 36698 48548 44664 54162 61371 53486 50666 41355 47482 49808 50718 63893 70874 68952 57912 51307 31773 43036 40672 52429 48247 55343 32860 38538 28764 37011 27081
55972 35464 34625 48981 50830 62211 61736 60113 63672 50321 58736 48707 45209 52176 47915 51127 57140 51954 55954 44067 42161 44930 61136 58845 50664 26073 45090 42278 49472 42266 47710 54678 54322 44499 30025 32587 38307 46960 52169 59205 52095 46113 50801 37435 60851 54002 71576 62814 65286 50731 48128 36735 32777 25726 41256 40589 49430 39730 48353 43213 42302 44491
39734 46920 42022 55334 52496 60666 53492 48675 49976 49701 58049 67527 56847 55577 53773 53754 51708 47812 58862 51803 55455 55824 72643 67677 56345 41976 46100 51524 41841 35417 34812 41267 51068 47022 43104 42903 43843 55119 64288 55886 40454 35992 46151 36225 50941 48385 69222 63631 71699 52799 50806 42898 47719 43600 42327 49305 59596 45223 47101 50279 50087 62454
56396 57596 56476 67120 38692 42389 37021 44052 53246 59812 59779 55302 48902 40339 54395 67311 62035 63800 64955 54895 55190 56838 62687 57115 55240 53168 59506 67551 57602 44702 38081 32860 26194 44560 48767 61696 40572 60931 62183 63241 47089 30936 41130 30010 52408 43663 65539 54452 60708 47858 38075 47157 40205 57236 47154 47216 47753 55832 39607 46693 46570 70697
61877 67126 52449 67143 41996 30899 22813 25940 37468 48678 70029 45706 39174 34042 36349 51155 48065 53341 55943 51214 47721 37370 58117 62605 70851 70662 70073 61214 50173 36554 39352 48300 44541 59949 60253 59908 47535 57659 65598 62402 40460 26855 35339 37985 60264 56781 69618 60081 49851 49399 41627 61872 57740 61731 53946 52043 41577 53484 40592 58705 51196 65871
57027 63624 43650 57216 37287 29387 33455 42197 59168 56568 67575 50073 47418 47819 42720 42526 40884 45480 53997 49506 47383 23801 42783 47440 59765 53697 65657 66865 60461 57995 40479 45135 45247 49857 55551 41720 46867 46031 56159 52829 52401 39144 45025 52873 72153 53812 59029 49584 35611 47385 32861 50427 43924 52920 47301 43747 26909 42878 31765 51446 44615 56419
35704 41329 39713 46375 34235 28657 31647 35094 55852 58637 63983 44156 44510 52582 49590 42230 28438 37853 48821 37388 30103 24677 42241 57651 55106 57658 57249 61661 49736 54955 43330 49276 56420 56385 59567 41115 44812 42655 46556 44044 43814 41254 49491 50074 67312 45405 51160 47927 49943 49678 47236 45216 45461 47720 50247 44641 38010 55654 37995 55111 46475 63343
38787 43434 35893 33379 21032 26447 33943 45965 45935 45808 58383 61569 51152 51997 49122 43550 36936 39110 44660 43976 39499 39432 49374 56538 50162 52183 49661 66713 60015 53230 36261 30273 50544 42616 43636 38089 44998 42845 39468 56006 52019 50226 49646 45597 57115 33531 43920 40900 53760 53120 41306 34615 43961 45344 54806 38664 42982 58278 52656 52554 41720 49636
38139 41057 31954 28457 21882 27108 44099 45443 51359 47761 52048 57442 57542 53480 41308 45563 38920 54647 39753 43765 31380 44840 42026 59710 50269 60927 48318 62413 52087 39133 32035 36799 45060 52923 36754 44406 44893 42260 31288 54384 49680 50630 42850 37199 27465 33842 42912 45106 40035 51079 48728 48072 50295 54151 62709 56626 52237 66395 62841 64673 57037 69180
44381 42604 42172 20561 30353 32667 39297 41372 35697 44499 43415 43742 39036 33141 29523 50832 50141 59348 52885 64118 43747 47379 46776 46909 51381 57420 54128 54911 47820 32784 35288 47492 38031 45894 49969 48253 51289 47938 40322 53306 51806 51920 39710 50909 39451 39643 45360 47436 42266 51347 55192 44960 41917 39899 50955 47873 59608 76339 70752 58044 50933 51043
45816 43062 47761 33064 35712 39535 53458 52613 52143 48292 47445 45392 45141 42018 34206 43834 45573 51832 34119 54331 46819 39184 39161 37749 35342 47699 55676 53054 48049 48918 39270 53183 44426 62910 70254 61979 60765 45562 50063 49999 61701 60387 48268 47144 48719 51520 34845 39608 44533 53937 45460 44950 45856 48176 40904 39569 51708 67962 72931 59686 60766 54979
50778 51655 62527 40718 34239 26121 36185 54016 46126 40616 31104 40919 41276 48001 45427 53985 49454 58317 51787 55141 52666 47617 44777 45179 31659 43133 53762 50770 61530 64379 56730 46174 52416 63825 74758 63607 72208 56509 69633 59500 61606 56345 55552 55179 48570 46120 45818 54260 60820 53699 35001 40611 47703 42557 42021 54422 74398 76411 72144 56305 49160 43748
45524 48438 59491 39783 34517 32187 34235 35978 38070 36421 40606 49429 57734 57490 49043 47560 39596 44030 57224 60955 53189 53087 42307 49988 36795 41234 44968 64006 61877 59327 49482 52453 59044 63408 75995 52352 58130 52003 64671 62495 60713 49506 49314 51596 49332 37229 39681 45541 43335 40908 37865 44516 50034 49408 48163 46005 70515 73480 64814 53614 47433 42928
61132 66905 73699 54822 40353 28509 30826 35972 42775 40075 59137 62473 64888 62273 58027 45581 47688 54105 59155 64550 61578 60435 41321 49479 40532 49358 50141 55560 65844 41120 48823 39798 46581 45943 51870 46660 43952 66433 66091 68257 46376 58063 51736 54194 40907 45195 44446 52301 37259 37389 37936 53791 48681 41137 59822 63275 59775 57172 38332 41147 45353 46937
60077 56984 61425 42625 47129 34033 38785 26520 40536 45502 60869 62468 45794 53624 56121 62852 49661 51506 56118 59045 55934 61304 42967 46808 42016 49903 54686 55423 59936 46035 49313 41560 51418 50088 52697 51792 48739 56605 46131 66368 48531 59070 47748 49339 48334 53985 42972 33032 37857 34158 37222 28985 51868 35234 43748 46626 53175 54298 44327 43682 45611 40652
59390 52114 66851 42480 38073 26322 44444 41971 60458 61632 66381 61749 45544 44387 49877 63062 58157 49962 43328 57140 64959 65437 47259 41044 40956 53326 58298 43934 62796 46885 51501 38262 41642 48388 49520 59382 57773 67715 51954 57776 36494 51580 43917 44357 37004 40278 49444 39204 38503 41779 38194 36763 44598 48886 46748 47707 38324 33823 32612 39574 47144 50301
65783 39494 50651 38542 56104 39700 39582 25348 48882 50078 53282 42415 33552 45852 48328 63295 44336 47655 34960 47452 50339 57184 46382 36172 34092 37912 57845 47860 48325 45709 42795 46910 45707 54422 58477 61846 52091 61187 50440 54582 49492 43067 59811 50552 60907 47317 44493 37601 42575 56293 42234 37476 39195 40431 46086 47999 58290 49172 47049 32535 31035 27448
56331 46084 54807 49980 50290 33950 39399 33907 58713 54619 53543 51456 45612 48510 47575 61066 54737 37756 48391 55480 61196 55508 33636 32422 30853 33276 36459 35317 33532 27471 23060 24875 28123 52133 55244 52885 49691 48115 49386 38146 33095 43849 50413 55641 59641 53391 49039 48662 48251 60598 47038 45683 40878 55363 47772 46369 36810 27809 31874 27930 40196 23236
54273 47242 52630 52194 51669 37245 37418 37339 39407 46034 41435 31953 38998 42080 46820 33955 41284 30195 40712 50131 51232 50355 28677 25411 27961 36495 46437 39922 33308 38996 35090 28753 23064 45150 47385 47476 46809 47777 54526 45493 56494 45749 61681 53752 61660 53715 49626 48255 53898 54053 44745 48503 42893 48648 32796 38745 30514 29043 39962 29392 40461 19575
57127 46071 45939 39140 36104 30892 37677 49327 49913 47735 56946 36658 40832 40725 47411 44846 50748 44198 60373 62187 61661 52307 43217 39821 37662 44697 44618 49284 40001 35136 44413 40294 31889 41681 45463 48844 47208 39494 44186 48205 50819 60595 57443 62805 60259 61750 53533 52040 53073 54150 57516 55725 53837 58533 41789 35428 29013 30489 49099 38400 40139 32041
57639 39239 30867 25536 29253 32885 41254 52227 56100 42521 41128 27964 32956 40136 36658 43156 50881 53230 55279 52438 55486 56305 57520 48528 41973 58367 47927 63270 51756 49819 46468 54235 43960 52491 47011 47306 53986 47270 50033 43189 54160 47786 59889 48952 50663 53376 47030 48400 39640 43484 48631 68055 60689 61544 53248 43765 43066 32584 39006 43533 46622 34471
66791 45903 31021 20143 27434 26225 40303 46254 68963 53283 46987 40732 32032 44116 42076 61671 73522 66346 59817 56483 61608 61163 77021 63699 56734 52636 53837 47187 41002 31677 35685 45505 42176 51738 51704 39743 25829 33935 39341 46319 60596 55187 67495 57112 57088 49149 58293 68552 62678 53661 54562 61396 77695 67534 62167 55239 53729 38863 36011 32448 38196 43649
54519 45982 31904 22836 31720 22828 30420 36181 51548 53330 44154 50335 38822 44104 39437 48961 51123 52401 38337 34131 50480 42487 54697 56211 53777 44756 60785 53181 48743 35547 30869 40809 51412 60351 51106 37110 38981 26280 40999 35237 50437 46381 62219 41540 53426 37134 43766 50709 49792 41110 43662 53275 61368 56053 50525 39490 40073 24912 34665 43842 47411 42261
50761 35131 36770 25866 35341 27142 27091 29039 35376 51196 56024 53602 42784 37589 45111 47890 48708 43772 48766 40542 54575 51618 56401 52595 60262 48652 56644 54875 50323 33065 37399 39330 43014 46443 46332 30426 42048 39030 46472 54083 54738 37733 54684 30186 50967 46350 58879 52432 50370 51236 69212 65237 56820 45140 44042 39201 35641 35349 43752 30127 47177 51994
50293 35611 42351 28286 27395 27627 25833 41937 28206 39691 44526 48070 41393 43897 33561 40262 40617 33235 31550 36067 37800 43638 40935 39152 45574 46759 67326 57150 58716 43559 42337 51835 61160 48556 51146 45455 52313 59813 46821 46172 48128 42238 62044 35908 46595 41748 47781 38141 46436 43915 60020 61318 44874 41513 36743 41546 39652 48479 65024 53937 54365 50524
37861 35977 46055 37105 43513 40205 45627 50365 41086 30133 49823 48515 54669 49958 47957 43999 51125 47070 46120 44689 55347 47642 41906 48241 50601 56575 66566 70277 56059 46101 52686 45233 58180 52043 43136 50340 56298 61099 53619 33641 44013 31810 49632 34103 43713 55531 52694 37515 45589 57148 53370 65061 50773 51765 40876 48403 53509 51990 58362 58431 50622 52077
47596 35814 40591 25744 30172 45443 54422 52178 42553 31148 39635 51997 56627 57679 49696 54189 51011 45645 52861 59196 55713 48683 36654 43365 59237 56847 62631 61450 52153 42935 50054 50163 46810 46981 36569 45864 52335 63027 50423 39290 46807 49144 46692 56837 51937 49377 46965 34025 48116 51931 50703 52956 65274 58716 47070 43305 48487 55665 57624 50275 37446 35998
34101 37215 40129 30089 40588 38289 41797 36420 43461 42962 51809 59429 77231 68094 52448 49973 54798 50928 59553 59813 64858 52510 44874 47636 44839 67936 53755 54646 56665 40943 49204 41814 35319 33801 38472 50374 53087 48923 45527 46398 43013 39660 41146 50737 54664 44461 46777 38158 45911 47919 43325 47711 58277 47856 46151 50258 48781 40662 50568 51388 50471 51102
41756 30341 35176 22081 29281 36472 34974 31308 42041 36508 53154 53716 70419 68240 63171 61712 49891 54446 62458 60142 65729 60173 63735 58484 52985 57155 50323 43617 45782 47108 54683 48721 51557 36984 48715 49689 45527 50220 47401 48095 37686 38370 58683 76271 57852 49307 49472 59565 55701 49355 52408 55015 56564 48602 47077 47047 49892 29311 41650 38824 51282 46776
56774 50198 48450 37791 41194 26427 46487 38129 52005 39844 48355 45720 64611 60132 51816 56857 47667 52143 56596 53028 45979 48981 46509 44467 40221 41994 41198 39334 47980 49208 42128 27953 46822 46871 53520 49225 34143 49651 56862 60898 53583 47231 53053 59720 58461 49170 54828 50481 48232 48296 49423 48589 42404 37050 55736 49589 49598 46284 64676 57449 65833 52944
44501 57311 57455 42977 37693 36813 46145 43194 37832 30035 38936 41351 56077 56954 55915 48980 49422 48673 43866 64116 46521 62263 64426 56478 51126 48841 43878 41209 37482 45132 48397 47663 47902 44684 49311 44073 33150 32396 47917 50579 63313 55950 57205 54707 55823 43754 61426 48838 46935 42647 50816 57410 54866 51853 43663 61027 47734 45502 49755 41605 47421 48853
59144 68356 65075 53158 50360 56141 62458 58094 41791 35523 28487 38796 48812 38283 50551 43433 51468 55823 39731 51809 40048 53235 56295 50915 49658 37708 39119 35983 40804 42524 35225 45767 33409 29461 33892 34555 38530 34713 52907 66481 72768 60601 46422 40866 49167 37392 44571 44480 47211 46875 39251 47058 38001 49001 33336 54552 52573 66228 70565 60524 53838 51653
41357 47404 50349 50792 56786 62530 65774 60198 37790 34106 38265 36376 46733 33818 52691 51061 44089 52718 49064 57124 44986 54322 50960 56220 63850 51057 49227 33759 20943 39425 25982 33007 33324 31498 47727 33254 31323 26281 43588 53796 61763 45074 40798 43929 51913 43606 44822 52810 49588 45440 50015 52141 36616 33726 23903 47284 45609 41976 55537 50720 52948 58763
41708 45541 37196 48033 53752 61898 63375 55283 54087 46987 57100 54048 44862 45530 46549 60202 60830 61312 42999 44352 42559 57052 58476 55040 60670 53750 50961 50235 40469 38404 29723 27747 40237 27009 44547 34839 35412 35729 40886 40978 38041 37049 45329 56655 53255 47888 30159 37029 40357 45523 43930 50746 27553 30501 14285 32481 40823 37102 47523 50282 40880 54474
36208 35659 29200 39912 49144 47395 59403 44790 45286 57600 65937 61568 42960 51452 45408 63278 59246 57707 52971 45195 47919 40267 59004 48957 59571 53324 52902 57326 32532 37520 33782 41473 47775 46656 51135 50603 52586 46853 45857 33902 33002 28454 49138 56511 46246 55563 35494 30315 31401 48220 57641 57531 40265 33139 36449 41465 45206 38029 35251 47290 39451 48565
40854 36426 28419 42776 40046 45424 35846 47290 42573 51889 63818 65711 56470 56045 50685 57187 44900 41376 43702 45493 53805 49913 55506 48673 55351 52759 53109 58488 42802 42654 46161 66773 62896 46089 49156 47118 62935 47433 32983 24840 37889 40146 46413 53747 44971 43803 35279 35128 34542 55667 50825 66630 51436 47493 46747 47153 41455 33547 34986 36302 36206 33359
