88 15 193 178 87 167 217 79 120 147 199 197 155 222 98 247 120 154 223 161 72 122 14 152 31 158 53 244 119 109 89 194 59 151 180 72 148 176 254 169 249 204 76 157 158 53 157 179 6 217 158 207 241 16 53 18 93 194 132 219 176 36 31 158
40 63 189 209 89 214 27 74 181 216 45 192 102 104 18 139 73 155 6 25 39 192 44 155 169 67 147 227 82 129 255 33 0 175 51 50 186 228 94 199 53 164 85 204 88 65 73 96 24 61 181 27 224 86 239 3 245 242 76 185 11 101 236 222
149 109 69 180 174 11 109 231 202 19 26 38 224 226 210 174 67 139 215 159 98 69 244 252 103 232 17 136 92 86 135 69 11 6 232 158 71 133 23 215 3 241 255 181 229 231 241 136 23 118 25 232 241 222 121 115 195 5 183 57 10 251 14 46
190 175 50 4 40 243 58 179 8 38 221 19 37 224 63 250 107 98 163 248 201 17 119 146 229 119 172 169 91 128 187 165 95 64 108 211 246 8 57 98 60 81 174 138 6 239 155 104 21 70 94 252 6 134 35 184 191 91 208 192 168 7 80 253
28 158 158 109 201 238 99 153 157 9 217 155 228 134 153 94 246 119 33 0 74 248 152 98 2 206 157 82 52 60 232 239 52 18 147 129 206 59 34 230 102 201 96 126 236 214 116 73 78 246 164 24 224 167 249 205 180 136 127 60 49 204 118 119
22 245 133 183 225 182 36 78 109 72 209 6 251 68 109 170 17 25 45 151 206 254 235 45 127 12 10 13 64 69 139 8 216 18 200 5 178 100 230 39 163 85 136 222 127 226 210 179 94 230 45 224 116 49 105 168 129 224 64 165 80 222 8 110
141 130 127 239 22 137 107 180 58 195 159 190 131 102 202 249 90 114 115 246 126 74 221 99 192 110 169 106 131 224 59 9 228 252 54 147 245 218 14 27 66 160 106 194 167 37 17 42 103 228 188 16 185 155 83 31 197 75 175 200 7 124 138 61
113 55 91 56 22 126 76 2 241 244 117 9 208 71 202 130 42 146 63 65 198 21 47 94 245 166 17 146 242 153 213 138 238 21 145 67 93 32 126 25 90 67 214 174 181 181 110 101 116 172 89 91 127 20 59 243 235 78 48 143 22 99 128 50
188 49 65 6 13 251 131 68 196 150 8 44 6 171 90 38 164 177 7 142 4 113 64 249 21 113 70 234 72 31 110 200 65 140 21 162 115 215 152 192 26 46 204 195 71 52 13 87 42 156 92 105 139 142 84 223 230 106 28 48 248 232 45 146
221 178 116 184 153 100 236 107 8 187 172 86 196 144 101 137 36 253 180 131 141 100 142 173 191 181 178 185 93 120 101 116 178 166 48 72 33 180 56 151 228 140 98 169 65 210 65 70 232 178 112 123 121 116 48 66 213 73 102 178 45 198 50 146
193 243 42 210 244 42 114 126 210 177 232 21 22 168 195 207 35 229 24 37 93 32 104 170 174 211 47 242 252 166 191 126 75 162 125 191 118 17 77 65 243 133 92 0 137 173 252 164 197 38 127 239 1 232 175 173 241 173 147 127 143 172 226 142
14 198 119 55 180 87 233 3 214 4 82 213 152 229 98 68 165 77 100 109 25 71 20 98 160 174 64 15 37 200 177 252 65 132 93 18 112 26 252 179 16 230 246 63 126 124 113 47 171 227 11 202 125 252 158 144 35 206 77 210 86 219 134 5
18 137 2 82 111 158 240 44 194 24 118 183 11 64 130 194 193 157 113 243 152 228 121 150 220 203 33 55 133 64 228 81 33 112 68 216 38 23 101 250 67 72 22 59 34 27 255 47 99 121 231 184 7 52 81 148 35 176 167 191 16 164 116 99
163 254 121 120 209 36 57 134 53 35 211 254 148 237 23 237 236 241 35 31 212 28 133 220 141 116 133 187 156 10 5 100 233 214 183 221 246 19 237 126 159 188 67 113 243 199 97 50 252 113 231 196 139 199 12 4 212 197 137 90 108 36 110 9
163 64 23 29 244 254 205 105 90 79 53 74 16 153 173 164 226 75 116 234 172 94 16 236 173 85 72 105 51 59 68 245 145 177 155 236 140 97 123 200 218 115 5 165 167 149 161 90 164 150 22 235 9 232 237 146 29 131 34 231 45 5 37 83
177 175 70 213 202 209 92 214 231 227 209 102 73 64 214 178 247 155 166 43 51 180 46 57 167 129 16 173 15 182 142 220 75 99 1 230 107 246 138 221 39 69 6 9 198 64 36 144 126 50 65 152 7 168 247 123 30 120 248 19 138 192 114 106
135 232 68 250 221 24 173 217 146 52 48 216 251 68 88 133 98 123 235 109 43 101 178 0 235 103 171 255 63 160 64 20 3 137 36 146 122 170 179 31 140 179 45 225 45 117 112 36 98 253 74 95 217 81 79 138 178 142 209 196 245 27 76 106
60 115 161 97 253 225 223 108 4 109 247 242 56 58 64 74 142 235 227 105 22 114 230 69 21 166 190 61 237 223 91 218 20 240 156 233 124 240 68 22 36 183 16 13 129 226 149 40 34 30 134 53 249 253 72 35 141 154 245 235 89 160 142 175
139 247 63 133 55 47 94 194 121 70 110 41 76 12 132 154 67 177 239 118 78 71 118 11 116 54 83 55 18 188 74 66 241 32 196 101 182 214 18 131 126 245 89 49 232 218 30 183 44 254 84 79 129 149 18 209 143 70 218 242 16 251 22 125
255 234 187 92 54 93 164 235 244 43 215 150 171 223 3 35 22 232 71 243 109 132 111 235 68 68 11 139 182 217 44 170 43 158 142 71 30 221 126 251 42 104 206 181 13 122 135 78 23 225 173 98 252 223 195 190 238 253 181 12 239 60 242 170
135 252 152 206 15 9 31 40 58 107 244 117 227 215 136 6 168 44 3 71 248 152 72 130 249 188 225 241 207 113 252 86 97 146 207 172 130 12 3 12 183 139 76 5 125 244 219 240 250 84 216 245 214 10 253 96 65 126 25 154 6 142 96 234
189 8 66 109 138 198 49 201 215 191 250 122 90 127 146 147 1 51 207 118 92 118 65 231 216 116 94 36 84 175 34 117 224 190 44 150 212 47 127 55 20 180 99 169 99 178 69 10 216 172 228 248 55 101 154 96 45 37 116 54 170 64 0 18
26 186 192 192 77 156 206 65 113 246 76 49 246 199 32 190 155 211 178 117 171 60 77 64 2 113 75 32 164 6 213 166 244 166 99 91 151 235 163 183 199 250 220 204 161 9 153 129 226 156 69 25 75 141 70 181 114 62 173 147 159 182 196 140
194 133 117 4 101 61 91 17 118 75 232 42 193 244 32 241 96 62 56 222 112 15 26 54 166 172 42 146 113 8 125 235 51 34 29 183 126 18 51 178 73 48 59 53 138 83 201 230 101 86 74 151 94 70 136 136 238 169 16 13 112 189 216 182
109 47 137 64 92 179 255 18 72 35 225 30 204 119 231 55 243 250 211 186 197 221 192 165 97 138 9 105 56 104 62 149 215 234 56 208 81 8 29 38 4 229 80 248 237 73 221 75 0 239 168 129 44 233 221 124 195 73 88 157 120 66 117 142
53 180 75 14 8 137 185 6 205 3 225 28 87 69 143 224 243 188 106 143 122 32 158 93 56 38 244 119 230 153 43 137 178 242 238 65 235 49 101 136 46 154 250 9 17 31 97 64 178 6 34 158 159 190 65 69 48 234 0 111 161 191 173 169
198 223 19 179 85 189 139 194 75 224 87 52 75 113 203 234 19 212 217 163 11 204 238 53 26 235 30 14 89 67 104 11 160 8 9 190 233 91 193 97 135 225 18 211 192 36 9 250 250 31 220 45 243 255 191 144 155 97 17 190 130 226 126 105
93 244 122 190 184 4 194 234 217 58 157 35 152 75 68 208 252 216 223 249 194 171 55 138 130 30 232 146 127 191 44 203 180 247 200 83 83 189 182 223 101 245 253 106 48 15 57 80 158 209 235 126 21 165 55 43 195 166 42 128 1 251 34 22
180 193 82 6 0 220 48 170 165 117 78 13 84 170 109 73 230 233 196 201 154 185 131 186 25 251 7 227 15 61 202 116 55 45 140 4 174 211 49 54 4 170 203 120 51 65 140 156 242 34 145 209 17 14 88 160 17 66 13 192 209 19 38 114
94 177 49 53 142 140 21 5 39 138 145 254 25 238 255 132 144 38 248 28 46 182 144 58 122 43 155 147 17 114 91 192 238 84 62 136 255 73 110 7 171 6 48 139 140 11 88 118 228 251 177 70 188 144 5 53 220 155 63 48 105 173 83 30
147 24 20 106 97 248 151 98 173 41 143 23 172 32 232 156 164 152 72 112 140 80 218 169 158 246 224 182 33 235 107 14 137 165 233 188 8 88 189 168 230 255 53 44 1 214 148 201 48 91 223 202 2 153 197 13 78 179 52 127 94 94 90 47
61 67 21 61 195 249 65 82 217 69 101 103 163 59 104 69 249 4 174 162 44 48 134 84 85 0 126 169 83 160 50 148 6 5 130 198 25 123 237 88 48 175 70 40 218 21 111 187 148 79 51 221 205 34 80 241 68 85 203 162 115 85 60 249
83 98 78 168 43 58 47 146 20 244 46 87 43 207 118 31 42 82 124 239 220 49 183 5 156 119 226 44 117 185 7 181 234 115 126 248 165 83 70 175 198 244 66 188 221 150 221 53 190 2 73 162 173 72 68 162 132 45 48 49 154 10 98 79
95 252 132 49 162 42 132 54 136 106 31 194 79 125 75 40 6 39 166 204 197 236 100 191 181 17 58 5 169 244 85 231 173 129 114 205 164 24 157 218 47 151 9 169 185 50 172 127 252 205 74 173 245 226 125 87 206 122 50 219 98 97 189 28
127 190 226 251 184 179 153 37 79 145 10 222 191 231 213 246 140 43 12 100 54 151 200 242 222 137 200 71 247 106 214 34 36 130 197 106 29 20 142 105 21 238 200 127 47 65 229 157 55 23 109 190 12 110 158 226 193 108 111 66 219 90 58 75
226 95 245 111 130 187 77 97 163 172 57 191 91 216 106 199 236 93 99 153 151 145 6 194 144 213 160 71 86 53 114 155 196 0 212 107 100 233 238 17 197 45 177 205 59 217 68 176 10 115 121 5 65 22 47 4 135 88 184 228 240 140 250 111
35 29 185 76 181 70 68 83 43 113 218 110 45 89 8 254 49 155 221 64 24 134 138 199 152 61 10 57 75 42 185 40 151 144 3 168 239 67 102 189 98 126 65 214 234 105 61 253 66 56 171 110 86 108 59 191 54 74 172 102 19 111 90 99
40 47 169 9 175 174 58 17 31 96 128 47 197 125 73 83 100 16 1 248 22 20 21 69 206 203 65 96 4 61 157 254 226 78 139 20 228 77 162 14 19 185 41 89 210 180 119 82 42 239 17 121 122 54 94 179 185 209 120 164 224 249 118 98
15 220 36 38 11 22 4 162 68 199 156 77 26 144 175 86 42 196 1 189 4 111 173 87 144 30 178 30 79 93 133 254 225 170 122 199 138 215 47 22 44 176 195 187 84 50 27 236 98 244 39 153 24 11 20 228 99 162 58 28 30 104 154 83
219 117 2 210 58 62 190 80 20 9 114 121 57 184 76 216 255 9 23 11 52 126 1 19 182 104 134 253 147 182 187 242 4 147 229 187 120 154 160 51 63 112 79 149 62 82 58 138 205 144 53 133 39 83 212 103 199 193 213 94 47 68 253 74
145 19 232 68 127 194 197 193 23 88 107 123 160 44 242 67 62 232 59 40 27 226 28 230 96 76 39 199 58 114 49 150 161 254 5 126 228 15 196 205 195 90 66 53 222 124 169 96 27 229 57 228 197 185 45 238 244 43 55 104 187 84 181 250
20 69 120 7 30 235 25 190 192 133 15 132 127 148 48 177 81 207 250 78 236 172 250 199 132 70 207 16 77 252 190 123 201 251 22 206 37 64 255 201 237 27 217 199 170 40 57 228 99 162 145 105 196 220 89 116 255 51 167 104 156 133 198 155
156 45 64 39 44 148 19 150 197 233 186 122 235 98 193 13 194 52 39 175 68 151 211 183 107 27 16 61 116 169 205 173 47 103 193 159 70 222 123 117 75 41 14 89 186 45 130 187 169 157 42 206 35 106 45 66 113 119 253 255 195 177 236 198
196 246 113 214 229 197 29 89 67 102 141 230 96 197 106 23 238 79 71 134 190 228 22 228 107 115 116 113 122 99 147 233 236 76 150 130 229 127 103 30 145 121 89 143 28 92 183 81 18 141 247 172 43 193 31 177 228 29 40 39 206 91 208 160
45 141 185 30 98 228 89 131 43 172 157 94 231 104 187 4 44 129 71 154 11 245 146 222 105 243 67 55 223 165 230 130 35 53 82 49 142 14 236 213 26 167 169 93 38 9 226 108 54 166 240 1 46 253 165 91 105 215 227 128 196 196 161 137
140 55 11 61 197 61 98 19 70 7 199 150 7 103 217 237 191 51 0 159 190 99 58 43 110 55 91 177 132 89 50 67 9 130 131 4 142 241 25 66 76 99 103 73 174 191 70 210 174 208 172 182 93 208 58 39 55 54 192 152 187 152 74 76
143 119 74 237 28 199 78 33 52 176 8 163 129 32 99 189 39 10 66 216 7 104 175 147 3 7 84 8 113 126 142 189 32 148 135 150 12 53 199 132 169 103 166 79 247 161 189 168 134 93 15 208 158 190 23 82 182 96 220 31 191 152 73 164
192 184 76 128 249 219 120 95 154 246 190 217 76 21 209 45 189 219 186 22 225 138 199 211 208 89 153 71 117 139 213 9 214 203 122 172 22 105 110 180 89 214 121 197 81 25 69 123 198 221 9 194 221 175 26 86 161 228 119 186 215 36 146 20
118 19 111 69 66 188 38 133 55 38 14 234 243 146 28 79 11 85 38 38 239 79 23 19 123 41 168 73 56 207 241 231 66 13 213 144 255 79 68 130 188 141 38 169 237 82 161 30 92 96 222 27 32 16 19 133 190 189 66 141 17 42 21 39
42 46 175 138 248 215 88 232 109 60 2 37 111 243 154 49 6 49 86 179 88 33 145 210 64 130 230 5 28 182 170 35 243 212 53 49 52 171 52 30 62 195 35 45 143 93 147 245 200 218 115 136 29 93 120 227 54 188 57 196 153 160 194 84
230 43 180 57 92 72 228 173 184 107 16 86 64 119 196 177 54 227 114 159 192 144 100 107 231 201 238 41 237 48 123 98 146 101 197 173 139 87 133 215 34 36 163 199 145 213 29 191 163 56 116 182 182 213 51 118 228 151 224 155 92 80 55 27
84 149 0 214 226 76 210 93 64 120 126 190 240 195 147 103 112 187 81 78 64 121 3 50 97 133 102 90 239 180 190 71 210 57 183 233 145 254 34 178 194 250 142 250 217 158 78 145 152 188 154 255 128 41 26 15 42 155 139 102 59 242 240 84
122 18 64 164 195 150 41 238 77 113 46 150 87 94 177 139 93 173 84 93 137 150 48 10 72 164 34 52 81 101 162 231 117 120 12 147 141 139 200 127 32 208 243 123 178 32 133 9 199 231 197 67 209 62 71 15 62 243 150 230 255 134 178 101
71 195 5 134 103 121 16 165 28 252 214 148 21 211 96 90 247 217 230 149 164 22 176 32 131 121 53 100 194 120 225 130 193 55 183 237 209 143 108 123 66 142 55 23 249 156 155 254 112 212 96 31 214 243 176 237 128 33 70 138 14 112 15 48
64 1 114 95 159 29 11 74 229 126 116 9 96 66 42 167 240 58 251 181 15 151 125 227 163 19 196 143 143 130 175 91 88 234 232 111 167 75 185 214 150 39 197 151 60 81 116 82 183 15 84 245 182 169 148 145 193 65 157 217 144 239 50 37
85 246 207 133 109 248 85 121 182 234 64 180 238 146 1 180 52 160 201 58 249 60 13 126 173 113 189 240 68 168 41 144 109 93 152 13 183 29 136 52 115 17 223 12 48 72 123 182 174 26 197 171 138 246 73 200 90 193 172 147 102 220 15 9
23 45 197 204 177 212 15 230 101 248 155 205 173 127 176 161 205 91 100 100 36 36 195 163 81 191 96 72 95 247 175 79 163 24 22 140 137 23 44 180 76 163 137 113 46 3 113 50 107 162 11 226 72 142 68 116 95 49 66 242 67 122 210 199
31 58 85 237 165 156 197 180 17 250 167 227 16 67 222 130 172 125 169 248 248 13 223 201 246 147 61 45 91 149 65 123 144 222 251 133 118 222 60 152 180 139 249 22 227 178 197 114 204 187 91 105 18 161 90 198 249 230 123 139 160 193 243 212
4 219 72 168 163 91 9 37 219 136 105 236 209 63 246 97 127 64 147 146 153 148 250 23 171 157 161 167 129 30 49 91 164 58 79 130 17 169 134 47 107 108 138 63 164 46 198 37 39 90 216 38 85 180 62 203 242 130 156 234 142 157 120 124
212 185 158 110 45 129 229 215 212 50 245 164 95 40 178 74 173 220 240 51 72 156 171 53 238 12 101 109 199 214 144 188 22 3 72 250 197 106 112 219 142 139 133 8 88 103 229 16 9 229 188 205 30 48 121 182 158 251 229 140 140 213 14 74
124 206 201 215 157 73 52 111 70 94 111 203 35 130 57 76 213 63 110 241 153 47 90 206 225 162 37 66 35 156 174 196 188 228 129 195 117 185 138 204 119 150 6 157 222 97 255 145 147 68 66 44 212 246 87 77 122 62 213 66 0 87 6 243
143 185 67 248 162 249 221 118 226 99 200 235 66 125 21 96 23 12 122 223 111 40 237 194 50 44 87 138 4 96 9 145 138 176 185 144 214 215 93 187 253 108 38 177 133 116 232 94 208 11 41 0 154 219 27 183 126 174 208 190 181 0 189 14
8 14 240 126 106 10 223 33 163 130 88 5 21 198 227 2 106 170 173 179 185 224 99 207 94 169 99 80 192 21 164 106 63 146 203 64 77 166 228 180 85 94 186 147 127 193 239 203 114 145 243 95 207 238 151 86 68 177 205 50 188 76 224 104
239 94 236 53 235 46 104 255 90 8 27 226 112 7 18 10 6 204 190 209 198 243 111 236 80 55 55 23 29 224 215 140 164 195 4 254 6 80 29 92 35 189 158 139 188 73 122 63 3 100 16 51 43 120 35 93 31 17 119 84 165 244 148 177
