524376 634239 639725 768179 479746 533132 698974 813785 533926 564250 502226 653577 773616 801519 749947 675915 460930 692864 667865 606161 393620 568926 809977 579995 653682 661714 537428 634577 626045 433112 479035 425938 295454 548220 739888 678932 593532 768574 592531 791056 650690 892503 749517 729511 676179 756245 649065 357989 550026 487152 799984 890367 850180 426006 573234 658449 598758 636204 565603 499336 581445 588908
543538 663798 558612 316593 640899 681905 547954 499142 421524 429357 698836 515959 639570 605468 545002 675841 626361 527887 560611 591417 708117 555110 612193 873586 551352 656318 725949 570543 565099 704621 517881 304068 574693 480045 516780 815297 625324 523911 408894 596575 610395 655837 825269 628142 621977 679892 446036 345876 215252 635694 697288 792840 508392 617081 565576 659697 864082 554233 645860 702365 345740 490543
446941 473898 546648 799484 587628 700259 570038 660937 524409 276466 517301 853747 787073 894177 661191 614927 731324 719063 550460 328740 587452 845034 866992 519285 682176 681600 514307 456305 475658 650674 701935 425961 246618 631968 820452 518740 526016 319041 532042 563461 738114 839767 585940 941207 956964 831861 483733 346146 527593 762163 511435 771094 773059 834923 836303 746291 665715 658480 537028 231799 592352 706863
673300 646638 569864 724672 793421 608543 498492 310697 500372 654143 635456 462831 766198 491759 820371 568490 287626 333000 611956 912058 737484 745410 544756 683487 551805 392404 366390 330830 570184 712100 529961 424179 527918 485344 749513 593234 479229 608749 530240 540496 499441 608632 808192 694278 758919 806453 645360 618516 569565 518000 788079 646272 604499 515260 711016 760294 686701 654664 586089 725085 494107 513982
600174 730457 789232 775883 567220 577018 596925 564633 570546 612082 895835 704950 643594 702978 652674 691905 477678 476118 575762 754274 790966 640012 657381 364024 555752 533945 494899 404932 586635 589899 677481 410478 739298 500770 628637 750206 850729 390718 503689 425690 633837 712323 640283 925935 779973 505585 334296 553212 680655 930411 480424 528043 746613 759169 621349 748442 605947 638706 564866 574678 393489 616101
595973 669785 465515 593411 538550 527530 292114 602514 780239 818016 442611 588318 711168 687165 673191 436361 342549 552384 488872 656093 844021 546526 547374 596178 664235 345611 348396 687589 596021 561313 685648 825759 515702 547097 590194 596075 405220 481270 388280 464596 465374 686432 869170 672250 695566 664313 597662 656502 762302 494354 651800 589684 386575 297623 723390 767800 808567 538852 417594 510669 519981 420269
558039 387825 410662 321954 476401 584239 695719 664080 732857 487422 551497 377089 580993 681185 569579 574908 558084 485714 649950 445000 340555 554589 752108 724567 403206 598358 721245 695395 660737 475798 626375 586082 730141 436852 485496 661721 779650 511448 467478 393229 517935 629634 861130 739953 380783 247243 290591 481179 592900 659904 461695 484618 593983 639723 639118 774327 598316 526458 406147 508363 726293 558875
595525 430819 404959 637232 549421 553964 615352 574411 590943 635271 357532 660058 614822 560838 625983 501437 474970 724224 431207 623838 424050 573237 491094 810120 715308 712695 618648 673310 613018 725049 569311 757649 505493 563428 382087 492128 458607 621672 354164 540227 699372 716275 651061 611610 546542 572431 356386 631979 732987 596523 531716 571905 421416 512262 675936 757481 545938 340260 677329 587639 435028 620433
702848 607358 455700 601178 831895 536149 439831 765617 801411 579029 533051 269913 502721 686538 528439 739479 677870 542319 387066 328210 423429 475402 764826 701079 704563 647698 674282 803518 607604 625120 762540 570992 477726 488854 522954 700284 496213 542778 662714 572940 588886 656575 490985 535548 474987 551224 752439 634077 588023 497307 634573 609474 495208 655788 853602 826219 753346 585056 426949 788820 722384 721257
565320 775126 699545 548648 628055 712843 708467 468090 716023 418817 519089 785300 803502 747260 434411 605761 571117 555306 521287 392098 387672 486520 575677 785866 685713 792989 631478 474464 633617 702619 687819 757731 580941 569140 365982 254274 455471 475695 867597 684362 620257 647823 685452 525689 771711 597948 543692 567464 818630 717089 409965 792189 711757 727368 675274 659282 589606 610153 661873 652843 762731 672599
598424 418783 540561 637386 697578 537996 752436 509135 643658 670530 577148 525707 411887 594823 792159 621372 713166 532105 432843 594212 465352 592817 671426 825305 787050 455686 431254 756944 704225 836047 629459 448127 453106 453192 639524 493052 419604 418045 508889 864361 645448 362859 302731 389536 484385 663478 799822 660262 412743 741737 819963 627544 503149 627303 555909 766348 587459 821376 647893 701394 584861 638209
613757 686733 485338 689548 710867 450297 543666 439383 363256 533802 742429 769157 791182 701617 596007 859208 757036 700095 421025 568642 492938 415401 702804 814245 583357 477485 491931 466237 659455 424391 521510 632929 678916 780047 521721 610845 500665 770111 748859 515718 623827 684362 411202 538134 875674 525162 423621 620730 928393 676039 682889 658534 717162 662605 309478 522988 801896 745107 530327 587433 550057 493972
527286 329522 401155 484946 802945 894297 546753 463459 509545 553518 550953 491586 301086 771933 858674 951673 644870 476617 856721 719173 733948 603760 630979 860430 720636 500269 438405 367804 288313 505157 710938 709722 674536 738711 903396 569163 564718 499929 816499 798339 524131 344854 489669 612902 526330 651300 697597 508505 764691 725913 693540 602081 329886 600960 766474 516291 534919 579905 632001 449956 368345 265090
723683 543504 713353 940139 781658 553325 584315 644678 594122 756829 696665 626691 636113 613660 923955 882036 900981 698833 484966 472482 392305 650839 593841 593663 577296 489717 493540 523946 337660 601262 630866 822774 687751 702091 710759 833570 632428 865410 826939 660467 411396 426637 380489 680728 774046 423431 485873 715859 485674 684895 532841 698415 681684 683787 464379 554052 504638 819306 506388 347139 449498 510377
582146 614796 587645 980028 783832 771893 833267 767315 581716 359579 460383 582996 729189 615302 769424 733187 627556 581781 718501 634225 379403 424400 642673 639283 559131 585564 557784 641792 445859 599569 485020 451318 397722 691866 609175 812217 622910 782947 573748 591297 522258 334575 621699 610236 466861 609781 474150 441541 628310 607611 442717 618671 815919 682485 542286 551146 723760 504643 825555 755541 454536 292616
535121 725222 779899 724884 982637 863537 784857 572488 545608 885659 930763 540287 366074 531318 561873 708041 901576 816584 529882 348045 535531 470027 655266 425525 596593 707274 549769 596782 719201 619081 579728 585177 407088 635560 738919 800116 848159 644819 550106 407640 353180 496811 138083 505137 612751 497925 480832 534199 289548 392017 618450 483969 785644 812009 551647 439601 700565 913101 887931 566472 619543 621800
827581 640998 771128 776836 525728 508726 623318 679481 568503 537135 529064 562693 366750 355477 607472 655390 693403 845208 630804 427176 530402 493688 309798 537591 602193 474221 743810 531485 517450 656932 245727 574652 602803 600078 636634 764971 709236 567323 313512 621864 615010 521943 533681 655815 750266 515603 343387 425742 707758 597762 591094 744928 570077 396369 552263 760299 746537 841949 882565 820910 537049 594121
726623 800574 541981 540808 616708 794117 736386 616453 575239 615847 811945 505987 593199 494500 251062 484056 805863 820187 614883 524825 514765 562996 623116 433749 429123 430484 350291 798592 793953 589425 707495 423991 691585 691920 743830 615340 585646 695812 530799 640644 469940 484472 644876 606320 506679 718718 373022 461496 389277 657722 568200 797501 875470 828489 615984 696608 957483 1014942 634574 721350 566780 677202
916404 729136 582058 454142 287598 437440 605663 409422 564459 634457 678055 677531 522854 557450 402728 546022 529496 673115 452223 606923 638951 640025 378342 589921 567341 660932 730182 740078 614342 704658 521563 643003 558461 659525 630122 770689 583664 442649 259125 536816 837989 619737 265455 561644 815904 703183 690696 852832 814051 636350 857866 861116 706043 574921 856686 706274 567325 502955 765734 403483 677966 587057
763859 632649 402047 390791 476976 534795 635999 868313 835641 809254 903659 721570 694218 417632 499537 273763 343593 514914 856085 617662 511501 550983 836336 827430 700004 542218 556326 555589 830021 496255 488282 623392 812900 671607 498828 465428 538197 426020 673506 407205 437932 583959 661321 630318 650428 731142 539541 424723 898348 940703 909516 689249 802470 666695 657142 637241 510127 611110 316817 619569 526688 620025
623964 766785 790249 605103 325688 610187 568052 505622 782555 789451 530909 726218 917112 654648 321778 588679 676783 539283 525774 704847 588306 541425 563628 572683 564851 577353 585180 683256 483012 656363 821492 758211 697298 735109 697548 528392 596089 466869 411073 765843 768247 795518 583064 708113 605035 546148 877888 883735 860060 790292 570999 570250 504108 605773 522809 460755 465444 384038 668387 469654 514145 573227
624548 548183 405223 495935 654777 402620 516095 713478 626830 714204 794526 603587 666538 740696 622701 654100 445398 533840 678685 566053 404228 265448 388525 663748 619119 426495 439743 382126 590659 437382 772604 789749 527376 346073 558457 835258 506651 462106 555993 603612 587176 560881 550016 421721 636899 558587 727635 754361 590912 550117 652123 565218 398693 614358 576432 538381 648516 492108 359995 539247 661186 596763
538110 496173 607985 405190 588266 707550 585435 336456 684005 482470 617655 762477 714646 744187 637190 649352 846209 965870 734470 657074 588647 564886 611324 494000 413771 463817 314080 378220 397894 648915 578929 761129 741284 676869 529275 552651 486514 511089 432531 454184 638265 739806 778304 805236 648573 690063 657561 529038 572145 703402 459747 390086 593692 738646 837686 700309 463372 419497 588024 708459 709005 695890
600628 501901 275942 338424 535617 472714 397641 350787 625692 508346 672577 482140 764627 464609 901724 928294 787567 640107 738784 725752 470125 422376 464874 525613 392840 514775 605725 626901 513123 528957 703215 738604 563809 763169 627061 519980 410653 265311 437768 584993 375594 740793 623597 324839 486221 481460 538852 679639 510635 356943 451891 735538 693441 610638 592020 552905 643450 515421 282283 499682 740539 832542
591294 470093 331069 549857 698586 697915 685596 376043 622211 587196 419567 433926 586612 836562 867927 807508 753189 933049 806891 560896 712285 824694 637223 339509 661506 486989 443907 395024 380089 446474 524299 729144 789357 336627 707187 639556 518338 446292 408254 456712 830493 521367 578346 764837 533189 402488 609007 549007 619775 668673 664663 622699 851952 872017 634195 790411 429808 418579 563047 736368 672989 715896
580922 739523 442117 598933 532897 664715 629644 889390 515205 513840 433389 400672 569609 615655 643194 1055154 994513 841552 707162 849096 699914 513232 419229 598435 315397 562383 717108 644265 673791 402791 582724 660754 787814 968983 724691 573715 659724 621808 735743 705340 581326 1035551 679044 254297 158765 445807 532774 521687 706682 532561 818907 689329 677111 572575 407278 454412 640204 540974 421609 651857 654364 713091
813210 642838 501390 258500 654345 770862 730979 615398 734790 431065 378185 297884 502222 775022 793966 698083 964736 1044324 884331 678542 652306 816947 598345 368092 738597 581689 406921 574119 277565 611308 581004 624502 430784 331285 502581 702669 779778 769741 438401 567388 733512 654529 645759 495323 306805 334983 746530 957822 729809 584372 559611 708347 491088 496575 678225 597929 324943 336147 415834 884147 577623 366138
667359 520933 385653 674794 430705 593204 559335 533149 451869 503814 579278 652410 526644 695199 900815 885598 802464 845831 848974 636334 640466 681108 438667 643432 312927 716512 572929 487880 581163 498687 608759 764785 819401 487529 577933 718471 664709 550320 463504 559098 716984 593301 491807 442122 354849 342169 605323 619457 947622 973271 539405 384332 581692 457424 198543 574862 633243 550098 482246 300318 584055 515834
528454 304971 312625 394409 591703 579961 501875 641958 581665 579861 299409 560454 714885 616426 720730 663397 932581 595101 573098 692131 658309 606866 770404 519827 822009 759160 660863 496362 427447 787176 610625 382552 486611 688837 753356 514854 548550 433946 616096 445137 718874 742751 464075 218143 406066 668166 817271 851687 532622 598702 890280 499235 220233 508128 643791 366465 413511 377748 505987 699324 408232 296378
389228 337421 286634 697991 795050 545214 375416 391153 632514 436339 720958 456207 765644 703766 659452 670108 510655 570449 617269 391149 562293 593903 553849 592489 478752 545747 572057 618679 477697 439538 590134 665625 486738 474044 546840 676362 544160 663992 665548 615373 392263 394554 311385 647947 493027 481209 546586 755675 831307 669895 472204 818849 678753 245938 477552 755748 492384 565349 547101 533418 532567 388806
298592 294562 550079 656285 515728 511626 589646 501648 501760 576808 416311 412136 495542 658353 700663 353943 571707 532251 582933 703775 592482 573679 601092 424808 759362 842987 675286 493210 605560 601593 276193 577215 728449 777767 696035 654912 604759 526597 603974 889593 858624 563533 541274 469956 746235 803812 734269 477735 419463 602158 751123 505313 533449 662757 418915 510336 615298 425460 421712 457821 403595 503587
508454 615786 346458 526377 611631 501851 362272 708393 468950 424160 420535 713525 471007 402010 318308 419025 325880 648952 852840 611691 708692 525448 615578 595094 515794 287344 470593 542757 617707 689720 707972 618619 485774 673024 757335 606720 463726 668127 762930 666385 489309 562023 504844 759429 643271 435094 785166 615040 686318 563408 700825 812347 680987 641446 653255 533462 525133 502822 671407 534777 463617 469925
610503 639235 845952 604922 591069 468655 523226 352713 517133 555350 416235 670170 736180 709304 538849 479259 464081 472355 656721 774299 511763 779841 735274 669087 659513 604046 621937 697965 720306 675725 660254 581815 545871 743558 808198 486444 410467 506085 546579 640503 599064 810029 751444 584417 603103 707061 830078 661215 307884 434312 751010 735873 452803 511646 802807 754930 494701 523804 392929 570326 603716 311235
896856 854700 714458 655728 616691 492999 408063 575742 512643 587520 645237 747822 706481 756490 554741 523065 422470 504452 602270 779602 827458 677382 704816 791740 685501 523973 564943 478825 732796 446239 622198 748559 648640 518366 653997 508510 578187 742569 616063 604485 642412 483716 634256 630397 639566 681187 550273 581601 562238 604415 407782 552938 606307 553168 463319 538430 595010 480747 889125 761115 642113 685408
638663 669618 817227 763613 635672 504663 438415 440089 430054 628531 674931 728752 595048 706839 845193 705995 447027 561766 566809 392728 383610 782331 830656 933192 662349 460379 370998 483797 501085 634297 592815 279468 686901 549857 501097 708948 624698 399339 677009 437842 692434 745093 583656 785352 531475 671606 572170 589234 317933 378525 596704 328417 373906 418375 684888 648168 550913 646467 686334 579390 613144 450681
513486 578882 647688 462398 681522 496970 285406 407853 606173 504845 499514 532860 597595 691929 489420 704995 565143 299354 485751 654922 404542 368391 495747 615306 715565 599415 378555 285726 374066 425393 800883 874529 454087 612358 641657 497793 759823 763980 451000 418891 417898 690081 682294 608823 727432 749474 489110 342968 559890 568924 315174 428576 312245 417995 373340 606719 725818 698747 667300 859771 818546 806120
444891 488143 454603 459160 286221 197851 303014 431785 542682 687693 659373 361236 382341 483237 631533 355562 424719 766402 358514 335339 296576 557456 752699 684826 426938 357097 301756 286274 427618 707886 771064 774756 771594 417577 749840 748435 712227 448168 362520 461495 437537 623714 851929 812777 510712 350258 583417 783745 445423 663613 496566 404983 306686 371961 651030 725200 519592 637715 520770 430577 428388 536788
453409 405675 304261 493813 392326 531030 384392 379503 341785 408637 403804 576981 625986 526167 479288 781728 347235 289908 301683 344448 369512 283704 313622 490543 789312 449409 591846 549622 547418 851293 1001950 836158 510071 764165 675260 803782 542284 549794 351883 343643 573857 554262 466814 565791 467435 599975 445872 717872 658223 536820 347789 394256 270443 638852 674482 780681 767743 669772 582514 577914 654532 633613
457325 586324 426954 320632 536242 508545 586993 409834 471158 571676 456042 545957 490888 750978 756528 301113 538493 412401 341180 316194 364388 544504 591851 622349 449942 600315 511388 595613 523483 657713 574645 853549 896915 719575 566991 761678 731886 425492 524121 574479 591613 619230 497537 531114 504884 505666 735264 551499 607443 626188 489656 610144 603767 425502 751103 888059 758503 370224 302317 407261 675842 564686
562124 332866 517430 425697 565980 739176 431656 540093 452617 434829 498995 457098 745366 476828 587032 864805 482084 531245 403697 594832 595253 727035 582205 638088 469898 668091 635419 534584 636018 891690 815297 731176 632092 776343 736221 515179 574925 745971 813890 634428 533876 441129 826634 628898 540466 344481 501643 858133 562225 696573 631261 629546 599885 840017 695561 694766 720245 623260 666549 453913 621046 877936
440401 374486 338856 508546 484708 717412 651354 629714 571141 715772 636044 722868 557021 733478 505333 538846 785683 394502 542208 516784 752215 741484 811559 594728 490192 181506 412056 593580 637147 648108 785138 765558 544300 661315 538735 624154 671354 789330 835372 554698 556234 390366 430308 589065 568231 643804 596148 645230 722193 538985 718445 817817 539305 464957 674430 610145 606653 558428 823103 836321 785116 826759
594508 561747 430995 640102 681084 561379 541722 717566 617576 500857 767427 663956 717357 463804 582796 475480 658898 689123 501204 786926 921289 840160 698273 621546 401843 528005 461973 523659 761173 772215 682991 856782 865877 558677 608919 721713 603164 684308 587580 554821 442079 557291 721275 510048 407234 555124 720346 528390 457266 826214 641533 637968 579901 524427 507100 818438 724360 558217 540293 665878 807531 794116
459613 648472 554572 455812 541237 542530 459962 595849 700330 872713 621986 836624 695356 558829 578526 353100 415849 437180 610009 613170 496782 956075 753159 683683 529199 480264 362166 541005 799769 927425 888215 430194 427423 534929 652411 497301 591858 519489 761787 518552 374337 527584 418453 475291 403747 482593 640161 596179 708895 712321 570016 426454 443586 711878 594840 424080 581348 797321 959867 747064 914410 868728
736951 382950 500939 817292 679596 447010 295821 393999 417179 528881 893745 522508 595139 531068 604777 791126 515836 368268 366004 875614 756702 576038 495652 649512 439191 425878 667094 667063 660158 526866 513811 513057 418485 501373 532242 473167 848168 663729 256471 515381 547490 481959 436502 362714 699540 624997 521151 632399 799393 739063 705748 679581 672919 543270 451348 637809 511042 459584 658562 783539 734271 668110
468836 524380 600466 500486 615250 510105 374379 227527 619987 607388 393017 687921 621292 631585 593563 386234 244802 398903 631670 479447 469386 606877 720727 454422 426899 452440 370715 504701 599614 664516 560068 472827 384213 417390 528589 583144 240508 602985 730577 537786 589907 597748 624008 591186 560754 821837 755134 664243 645344 666203 446119 677613 695573 584932 351015 475628 776299 791617 746699 666195 741252 599037
575765 565310 345526 825159 697228 526156 351116 508326 461977 836735 757235 436983 366683 688928 687744 566323 597276 640968 436347 632707 732571 603352 514109 558826 497457 371919 584799 536380 573624 633258 397716 438798 692103 693151 388919 452225 630928 506116 563192 525664 622139 594409 711835 686104 626295 479888 624970 727699 731236 760961 630360 826799 685402 477757 373995 437518 718749 637211 782682 809618 618066 503955
455107 435644 718526 554271 618772 543082 406870 542926 518631 446792 528053 715775 694521 373330 559801 460367 350312 285058 595213 512949 681897 586100 529754 329773 384380 367908 441240 427070 682256 691306 947071 641782 443353 633150 619050 583050 530850 589947 550841 788710 656319 650631 492729 735773 699910 630760 682237 588697 399647 595939 717620 549912 383245 278873 429602 789416 716038 755896 583555 461713 485047 258131
507119 454618 591656 898159 839377 706860 524682 618449 522635 635301 613400 524708 481079 705086 378341 393155 424393 476966 623422 605864 458655 489602 778394 640673 583965 611254 481484 432855 672438 883299 471147 549278 964443 655042 628027 336268 440117 544802 530397 467355 570786 666727 599923 467005 509346 382702 665093 816564 946287 513483 524790 520706 418695 464838 630721 739650 636269 674753 531935 706877 479117 539759
554811 479686 650281 511810 534999 687552 681631 559331 362996 235089 475169 772533 624693 497426 474965 357340 434989 610852 458178 663257 673032 522839 352446 620256 784836 635744 516725 539167 736192 593914 839766 632001 420628 601336 687109 808762 495750 395750 569219 716728 364096 388265 706825 769948 708846 727431 552721 719772 545491 614927 468702 515365 526573 560328 418226 821500 732424 749565 708446 526933 445177 294673
514875 455211 566595 830662 895156 668239 811252 524131 335602 379703 426436 699636 940903 804774 458439 507165 471475 595754 600516 496354 394633 451038 590420 548649 691136 602263 590376 422018 786000 713386 581988 658308 830938 583874 649689 594539 719973 671339 325489 532761 812000 734538 628750 874052 595405 683641 724956 720497 789659 766745 779452 722812 378699 410039 574268 425881 672097 638113 607182 543857 605314 768025
333922 531090 604435 588972 717757 604067 645013 728051 510455 457774 550805 589190 549770 666592 715483 604270 617877 601176 488103 638183 528143 440272 343423 533566 669592 649880 523495 597776 589228 522406 781109 622454 630512 661039 612025 806109 511098 736504 798847 600075 483058 923992 907328 745618 622450 466760 556144 669344 741451 860365 696196 624095 618922 306714 304852 546614 710502 834713 716840 888670 775918 522122
504446 477556 580250 750669 489521 671826 446403 489202 481887 818054 718212 657946 720910 712321 505139 695052 803659 722362 647997 574683 428251 270342 359408 456207 480001 428506 406564 685818 806366 854775 689717 708496 467497 630693 881766 875683 893591 575561 504079 727097 803581 646921 661746 651152 823441 494491 795810 851709 814063 681401 727255 560140 642092 485723 489965 665646 527487 603879 651312 481576 633081 622372
183360 361821 534483 665307 468087 369120 396236 754185 732030 540832 378471 497750 420716 482077 699481 793952 821192 651521 762311 460690 572802 436818 529633 595200 479193 430001 614466 537399 688459 680674 815900 507007 694146 778101 762852 674092 623793 676824 687353 624084 525568 614559 843516 620552 471287 622763 445334 726408 675454 485447 715451 919496 726198 694206 510540 487454 643942 648212 709730 868922 639398 604024
658080 641036 660388 476318 528919 501233 612695 575692 832731 685862 595946 575704 653875 547484 573582 650554 852556 882613 610825 684573 556011 532331 455603 504050 695803 567051 724976 728566 651447 632924 545847 756778 624608 618766 737144 601326 688968 570572 563018 369588 553127 492134 418415 445068 536036 546934 833523 619313 603691 651738 661743 784500 896185 821759 803765 631384 556842 688091 657235 625620 491821 386694
356621 535961 698263 852696 573394 447109 522487 879560 668973 793051 672782 657708 456701 583880 603946 854591 706801 576671 769768 332106 312525 567798 823682 659336 588040 770371 525456 607503 590234 819628 560606 495913 663878 441478 594663 522895 502734 383234 654865 541319 597232 545931 568078 367287 316331 464197 526255 439318 578637 499422 687655 896284 573326 697170 520189 698045 511568 525746 714757 832264 539074 521109
599678 706002 755721 843977 674340 813908 645880 775372 746108 856508 804524 756293 556496 542114 776785 564960 637747 687208 631908 791918 659225 448938 686315 884584 708611 580342 555035 595373 628606 478625 551753 492350 559599 783246 625867 495911 502552 629561 421263 651805 572298 726605 483041 309472 622251 585171 697425 734878 532981 756924 542414 563656 562524 605599 631116 700868 789578 877572 580135 649421 837687 760215
362312 789443 731385 810977 768195 458905 365928 745677 838341 814418 668669 801917 740161 679957 821210 652791 594629 630489 722295 438723 639564 803763 842907 548876 664287 568741 541579 596668 558281 526247 478117 684767 609570 368504 521737 615027 349224 553956 591543 496177 710418 510226 656925 494833 503759 487138 592388 444298 478661 524208 534950 495116 523546 627388 684240 846136 642169 581093 830273 783654 741676 815172
546634 674974 733872 578003 465418 677832 921018 678724 703010 838240 935318 487738 530851 581473 680205 568096 771120 844073 830831 666815 652401 616048 782637 774891 723732 440060 457603 485322 658936 596776 649359 516737 457412 594981 591872 820658 724880 478639 637748 737174 681399 653165 501925 412319 726046 639433 546924 419452 731576 655925 632430 513207 345865 587344 818283 878224 946241 962824 753475 724838 764292 745946
744828 732435 690018 752654 634149 431125 480068 526706 689563 584644 734804 640617 530881 561145 569239 678524 698029 468274 667301 779248 640497 546524 706611 640012 758722 568795 572700 561276 461937 623313 541325 618832 605821 730124 691893 563815 625371 777909 610744 641813 581633 402424 409591 656572 720605 587739 568329 573467 546767 642387 339060 446572 778511 692281 610227 823856 720873 680386 777387 586072 355777 429873
835693 779552 674611 632616 645456 882361 768057 744675 630347 797009 750894 642945 345326 457721 505182 436965 519536 735591 669121 529140 492538 719062 814573 713719 309019 342177 424515 594669 593890 612699 624073 654746 494688 686388 778825 886820 777363 739386 708835 854508 600359 535604 506758 537521 718500 768563 648476 410486 572631 419478 574938 540012 549620 546620 584731 654923 875359 809624 680302 667594 487497 534988
426843 825290 867152 778884 547749 465989 680258 440843 662224 645824 464350 349937 393940 629892 399196 386992 561009 729456 790136 702292 765573 676121 651019 717063 608188 528155 294709 443303 432583 594783 703326 683731 747524 758950 785649 621250 628160 845036 946313 642256 469188 550991 655295 726851 796823 850527 948735 569392 473426 459710 602473 775923 833556 801465 501206 534453 613745 831542 653949 292524 579823 367767
840394 615330 752873 590144 875501 547550 769558 768563 447547 353105 590785 709737 520905 158701 279694 277731 427519 751707 896235 876376 669813 885968 741558 661807 332164 339915 468966 188694 528245 603592 607895 685090 809220 603298 580229 755285 648216 546266 499769 617017 637163 614256 666319 753382 736552 724070 564404 512247 468107 297574 352801 543868 635724 440149 422372 546661 538453 521546 734842 602530 745025 703122
