524380 634240 639732 768182 479748 533137 698980 813788 533937 564255 502229 653590 773620 801520 749954 675917 460931 692868 667870 606165 393631 568931 809979 580004 653687 661716 537435 634582 626047 433119 479039 425939 295461 548224 739889 678938 593538 768578 592544 791060 650693 892511 749522 729514 676190 756250 649069 357999 550030 487155 799994 890371 850181 426015 573240 658452 598768 636208 565604 499342 581452 588908
543541 663799 558617 316594 640899 681904 547958 499145 421530 429360 698836 515965 639571 605470 545005 675843 626364 527891 560614 591417 708120 555114 612195 873595 551355 656318 725952 570546 565101 704626 517883 304068 574693 480049 516784 815305 625326 523913 408898 596580 610399 655847 825269 628143 621978 679895 446038 345880 215252 635695 697287 792842 508393 617085 565579 659701 864088 554236 645861 702369 345743 490543
446949 473899 546662 799489 587630 700266 570050 660941 524429 276477 517306 853772 787078 894179 661198 614932 731330 719076 550469 328744 587469 845044 866996 519303 682186 681602 514319 456314 475662 650687 701943 425962 246627 631979 820458 518760 526027 319047 532065 563473 738122 839791 585945 941212 956980 831871 483741 346164 527597 762166 511445 771101 773060 834937 836315 746302 665738 658488 537029 231811 592364 706862
673306 646639 569873 724676 793423 608550 498498 310698 500381 654147 635458 462839 766203 491761 820380 568495 287628 333008 611962 912061 737496 745416 544759 683498 551809 392406 366400 330835 570183 712105 529965 424180 527925 485349 749515 593243 479233 608749 530246 540502 499445 608644 808195 694278 758923 806456 645362 618524 569569 518003 788090 646278 604500 515270 711022 760296 686713 654667 586090 725093 494112 513984
600178 730458 789237 775885 567221 577020 596928 564632 570548 612082 895836 704951 643594 702979 652674 691908 477679 476124 575764 754276 790970 640015 657382 364028 555754 533946 494903 404936 586636 589903 677483 410480 739303 500771 628638 750208 850730 390718 503690 425694 633840 712330 640284 925936 779976 505587 334297 553215 680657 930414 480431 528044 746612 759169 621351 748444 605951 638708 564864 574679 393492 616102
595986 669789 465537 593419 538551 527540 292126 602516 780257 818022 442613 588329 711174 687169 673203 436369 342553 552401 488881 656099 844040 546537 547378 596199 664242 345616 348415 687600 596020 561326 685656 825763 515718 547104 590197 596089 405228 481271 388292 464608 465383 686456 869175 672251 695576 664318 597664 656512 762310 494360 651825 589693 386575 297637 723400 767804 808585 538858 417594 510681 519993 420273
558044 387828 410671 321959 476403 584249 695723 664081 732864 487427 551499 377098 580997 681187 569588 574913 558086 485722 649954 445002 340563 554594 752109 724574 403211 598360 721255 695398 660739 475805 626379 586084 730150 436857 485499 661732 779655 511450 467486 393233 517936 629641 861134 739953 380788 247249 290594 481190 592905 659906 461704 484622 593986 639731 639123 774329 598327 526461 406149 508367 726297 558876
595528 430820 404962 637234 549423 553969 615354 574411 590944 635275 357534 660064 614825 560838 625985 501440 474973 724230 431208 623839 424051 573242 491096 810127 715310 712695 618650 673313 613022 725057 569313 757653 505498 563431 382091 492134 458610 621672 354167 540227 699374 716276 651064 611610 546546 572433 356386 631980 732989 596523 531718 571907 421419 512268 675938 757484 545945 340261 677331 587642 435031 620434
702858 607364 455718 601187 831901 536169 439838 765618 801421 579041 533055 269931 502732 686541 528456 739488 677876 542334 387075 328214 423446 475414 764830 701095 704570 647700 674297 803527 607612 625141 762548 570999 477746 488866 522965 700312 496224 542779 662730 572946 588889 656586 490995 535548 475001 551235 752443 634095 588033 497310 634588 609483 495217 655809 853613 826225 753372 585060 426953 788829 722393 721258
565323 775128 699552 548651 628056 712849 708471 468092 716030 418824 519091 785311 803507 747260 434418 605768 571121 555317 521292 392100 387681 486523 575679 785874 685719 792992 631489 474471 633619 702629 687824 757733 580952 569146 365983 254283 455477 475697 867606 684367 620258 647830 685457 525693 771720 597952 543693 567470 818633 717089 409969 792193 711759 727375 675279 659285 589618 610158 661874 652849 762737 672603
598424 418783 540561 637386 697579 537997 752438 509139 643666 670533 577150 525712 411891 594825 792167 621376 713170 532112 432845 594213 465353 592819 671428 825310 787053 455689 431261 756949 704228 836055 629460 448129 453110 453195 639528 493058 419607 418045 508890 864362 645450 362860 302734 389540 484391 663481 799822 660265 412746 741738 819967 627545 503150 627304 555911 766350 587465 821379 647896 701397 584862 638212
613764 686738 485354 689552 710868 450304 543673 439390 363276 533813 742433 769176 791194 701620 596027 859221 757045 700118 421034 568645 492952 415409 702811 814268 583368 477494 491955 466252 659460 424414 521519 632935 678938 780058 521727 610862 500677 770112 748872 515725 623829 684370 411210 538141 875690 525171 423624 620745 928400 676041 682899 658540 717166 662618 309486 522995 801920 745118 530332 587447 550066 493981
527290 329526 401163 484948 802946 894300 546758 463462 509555 553524 550955 491596 301091 771934 858681 951677 644871 476624 856728 719176 733958 603766 630980 860439 720639 500269 438407 367810 288314 505166 710944 709722 674543 738716 903396 569171 564722 499931 816508 798345 524133 344864 489673 612902 526336 651306 697599 508516 764696 725915 693552 602086 329888 600969 766480 516293 534931 579910 632002 449964 368350 265092
723687 543508 713360 940141 781659 553329 584318 644680 594128 756831 696665 626691 636116 613661 923959 882038 900984 698840 484970 472483 392309 650841 593842 593667 577298 489719 493541 523948 337659 601263 630869 822773 687754 702094 710759 833573 632430 865411 826943 660471 411397 426641 380491 680730 774050 423434 485872 715861 485676 684896 532847 698416 681684 683788 464382 554054 504647 819308 506386 347139 449501 510378
582155 614806 587665 980032 783834 771901 833276 767320 581734 359590 460386 583014 729197 615301 769434 733195 627560 581801 718515 634232 379425 424411 642675 639302 559138 585566 557788 641802 445858 599583 485031 451316 397735 691874 609173 812227 622920 782951 573768 591309 522261 334592 621707 610239 466876 609792 474152 441559 628320 607616 442744 618680 815922 682500 542297 551149 723783 504651 825554 755553 454548 292623
535124 725225 779909 724889 982639 863546 784863 572490 545619 885663 930764 540294 366078 531321 561881 708045 901577 816592 529887 348047 535540 470032 655270 425535 596597 707277 549778 596786 719204 619091 579734 585182 407101 635565 738922 800126 848165 644822 550117 407645 353184 496821 138085 505138 612755 497929 480834 534207 289551 392018 618456 483971 785643 812012 551650 439603 700572 913105 887933 566480 619548 621803
827583 641001 771134 776839 525729 508729 623321 679482 568505 537137 529066 562696 366752 355479 607475 655390 693402 845205 630809 427178 530409 493690 309801 537595 602196 474224 743817 531487 517453 656938 245730 574656 602810 600080 636633 764972 709241 567326 313521 621867 615011 521948 533683 655817 750269 515607 343391 425751 707760 597765 591102 744930 570076 396372 552267 760303 746546 841951 882566 820914 537053 594124
726629 800583 542002 540819 616712 794137 736398 616458 575259 615852 811947 505996 593208 494508 251080 484062 805865 820199 614894 524828 514781 563004 623124 433768 429132 430492 350314 798600 793960 589444 707506 424001 691610 691929 743833 615355 585659 695818 530823 640654 469947 484495 644881 606325 506690 718728 373029 461520 389286 657727 568222 797505 875468 828495 615994 696617 957507 1014948 634576 721362 566792 677208
916408 729137 582064 454146 287600 437448 605671 409426 564472 634462 678057 677541 522860 557455 402741 546027 529497 673121 452228 606925 638961 640028 378345 589931 567345 660936 730192 740081 614343 704664 521569 643007 558473 659531 630126 770703 583669 442651 259135 536821 837992 619747 265457 561647 815910 703186 690697 852839 814057 636352 857876 861120 706044 574928 856692 706278 567336 502959 765737 403491 677970 587059
763861 632651 402050 390790 476976 534793 636004 868316 835648 809259 903662 721579 694222 417636 499546 273766 343596 514919 856087 617666 511508 550983 836336 827430 700006 542220 556331 555591 830021 496257 488285 623394 812905 671609 498830 465434 538199 426023 673510 407209 437933 583964 661322 630319 650429 731143 539543 424725 898353 940705 909523 689251 802473 666700 657146 637243 510131 611112 316817 619570 526690 620026
623970 766787 790258 605108 325690 610200 568069 505629 782582 789464 530918 726247 917123 654657 321804 588687 676787 539296 525782 704855 588326 541430 563633 572699 564859 577362 585203 683262 483013 656374 821503 758218 697322 735120 697554 528419 596098 466873 411089 765856 768251 795538 583069 708120 605048 546154 877893 883750 860073 790295 571021 570259 504114 605791 522821 460763 465466 384046 668392 469669 514154 573232
624554 548186 405234 495940 654777 402628 516099 713478 626835 714209 794529 603597 666542 740698 622707 654106 445399 533849 678691 566057 404241 265453 388526 663755 619125 426496 439749 382130 590662 437393 772608 789751 527386 346077 558458 835264 506655 462109 556004 603617 587178 560891 550021 421724 636910 558590 727637 754367 590917 550120 652131 565222 398696 614367 576437 538384 648526 492112 360000 539259 661193 596768
538113 496175 607990 405192 588265 707551 585437 336456 684008 482472 617655 762478 714648 744187 637191 649354 846209 965872 734474 657077 588654 564887 611324 494000 413776 463820 314088 378224 397896 648924 578929 761131 741286 676872 529274 552654 486515 511092 432536 454187 638268 739815 778306 805238 648576 690065 657564 529043 572148 703405 459754 390090 593696 738654 837689 700309 463376 419499 588028 708465 709009 695893
600641 501909 275967 338433 535616 472728 397649 350786 625703 508355 672580 482155 764635 464611 901736 928305 787567 640123 738798 725762 470154 422384 464876 525624 392855 514780 605746 626911 513127 528982 703221 738610 563829 763178 627059 519990 410660 265319 437791 585003 375599 740814 623605 324846 486240 481466 538857 679653 510644 356948 451907 735548 693450 610660 592030 552908 643468 515429 282294 499705 740553 832550
591298 470094 331076 549862 698588 697925 685600 376043 622217 587201 419568 433934 586616 836566 867937 807511 753190 933053 806895 560896 712290 824699 637224 339517 661510 486988 443913 395029 380092 446483 524306 729148 789371 336634 707191 639569 518342 446296 408266 456719 830497 521382 578351 764840 533199 402492 609010 549016 619781 668674 664671 622703 851956 872030 634200 790415 429818 418583 563049 736377 672992 715896
580924 739527 442123 598936 532898 664718 629647 889390 515209 513842 433391 400675 569611 615656 643198 1055156 994512 841552 707164 849097 699918 513235 419230 598439 315398 562383 717110 644268 673792 402793 582727 660755 787820 968986 724694 573720 659727 621812 735751 705343 581328 1035557 679045 254300 158768 445809 532776 521692 706686 532560 818909 689331 677112 572581 407283 454416 640213 540977 421610 651863 654366 713090
813220 642845 501411 258513 654349 770884 730989 615398 734805 431074 378188 297896 502228 775026 793982 698089 964737 1044331 884338 678542 652317 816956 598347 368109 738604 581688 406934 574130 277571 611324 581015 624507 430808 331297 502590 702693 779785 769751 438424 567400 733518 654556 645767 495329 306821 334992 746536 957842 729822 584373 559626 708355 491096 496601 678237 597936 324964 336155 415836 884165 577627 366135
667362 520934 385661 674798 430707 593212 559338 533150 451876 503819 579279 652418 526648 695200 900822 885601 802465 845836 848978 636336 640474 681112 438669 643440 312931 716513 572938 487885 581165 498696 608763 764786 819408 487533 577936 718482 664712 550320 463511 559102 716986 593309 491810 442123 354854 342174 605326 619468 947626 973272 539410 384335 581694 457431 198547 574863 633249 550103 482247 300328 584060 515837
528455 304969 312625 394413 591704 579968 501877 641959 581669 579863 299410 560458 714888 616427 720734 663401 932582 595107 573102 692133 658317 606869 770406 519834 822010 759160 660867 496365 427449 787181 610628 382553 486616 688839 753357 514860 548552 433948 616103 445141 718877 742760 464076 218143 406066 668169 817273 851692 532626 598702 890283 499235 220233 508127 643792 366466 413513 377749 505985 699322 408235 296381
389233 337419 286643 698000 795052 545230 375421 391155 632526 436349 720959 456222 765654 703767 659468 670117 510658 570464 617280 391154 562316 593913 553855 592512 478761 545748 572076 618690 477702 439558 590143 665626 486752 474052 546846 676387 544167 663994 665567 615382 392270 394575 311391 647948 493034 481219 546591 755697 831318 669896 472216 818854 678756 245951 477559 755751 492395 565358 547100 533431 532576 388812
298597 294565 550089 656290 515731 511637 589652 501652 501774 576815 416313 412147 495547 658356 700674 353948 571710 532261 582937 703777 592490 573685 601096 424819 759367 842989 675293 493215 605561 601602 276198 577219 728460 777772 696038 654923 604763 526599 603983 889598 858627 563542 541278 469958 746244 803818 734271 477746 419467 602162 751134 505320 533451 662768 418920 510341 615310 425464 421714 457833 403598 503589
508457 615790 346467 526381 611632 501858 362275 708395 468956 424165 420537 713532 471010 402009 318311 419027 325885 648959 852843 611694 708699 525452 615581 595099 515795 287344 470592 542760 617710 689727 707974 618620 485777 673027 757335 606724 463728 668128 762933 666387 489312 562028 504843 759428 643268 435097 785165 615042 686321 563408 700828 812351 680989 641451 653257 533464 525137 502824 671408 534784 463620 469929
610512 639242 845974 604935 591075 468682 523238 352720 517158 555365 416241 670194 736189 709306 538866 479268 464089 472375 656729 774306 511782 779854 735281 669109 659521 604050 621950 697976 720310 675746 660263 581820 545889 743568 808204 486468 410475 506088 546593 640514 599073 810052 751448 584420 603113 707072 830080 661233 307893 434316 751028 735886 452807 511667 802817 754938 494723 523813 392933 570352 603725 311242
896862 854704 714469 655732 616693 493007 408069 575744 512652 587526 645240 747831 706486 756493 554749 523069 422472 504460 602275 779603 827467 677389 704821 791755 685505 523975 564953 478827 732796 446242 622202 748559 648645 518370 653998 508519 578192 742572 616076 604489 642415 483724 634260 630399 639572 681194 550275 581611 562243 604417 407791 552943 606310 553178 463324 538433 595019 480753 889125 761123 642119 685410
638665 669619 817229 763615 635670 504665 438418 440091 430060 628535 674931 728755 595052 706841 845197 705998 447029 561772 566813 392732 383620 782335 830659 933201 662349 460377 370997 483798 501085 634298 592817 279469 686902 549856 501096 708945 624701 399341 677017 437845 692436 745099 583658 785353 531477 671607 572170 589232 317935 378528 596709 328418 373906 418376 684891 648172 550921 646470 686334 579392 613147 450685
513496 578887 647705 462408 681523 496987 285418 407856 606193 504858 499518 532877 597606 691935 489436 705004 565149 299376 485763 654929 404567 368405 495755 615335 715572 599415 378569 285730 374067 425400 800891 874530 454098 612364 641659 497805 759835 763986 451030 418899 417902 690097 682300 608828 727444 749484 489112 342980 559898 568929 315190 428584 312248 418008 373349 606726 725839 698758 667299 859782 818557 806126
444896 488145 454611 459165 286222 197860 303018 431788 542691 687698 659375 361244 382346 483240 631543 355567 424723 766412 358519 335341 296585 557462 752701 684838 426943 357099 301762 286279 427622 707897 771068 774757 771600 417581 749842 748441 712232 448170 362529 461501 437539 623725 851933 812779 510721 350262 583418 783753 445427 663615 496575 404987 306688 371970 651034 725202 519600 637718 520771 430582 428394 536790
453412 405675 304266 493816 392328 531035 384395 379506 341791 408639 403805 576982 625988 526171 479293 781730 347238 289913 301687 344451 369521 283706 313623 490547 789317 449411 591853 549625 547419 851297 1001951 836157 510071 764167 675261 803782 542287 549795 351887 343646 573859 554268 466817 565792 467440 599978 445873 717876 658225 536820 347790 394259 270445 638858 674484 780683 767746 669773 582515 577916 654535 633614
457335 586326 426970 320641 536245 508562 587002 409843 471177 571682 456044 545964 490897 750985 756548 301121 538501 412421 341193 316200 364416 544514 591854 622368 449955 600319 511405 595623 523489 657733 574652 853548 896924 719581 566994 761684 731896 425496 524139 574491 591618 619253 497549 531120 504908 505675 735266 551516 607452 626191 489670 610152 603774 425522 751112 888064 758519 370227 302318 407267 675854 564690
562127 332867 517436 425703 565983 739188 431661 540096 452627 434833 498996 457105 745370 476828 587037 864809 482085 531253 403701 594834 595259 727038 582205 638094 469902 668093 635430 534587 636020 891697 815301 731179 632103 776347 736223 515188 574929 745974 813900 634434 533879 441140 826639 628902 540476 344487 501647 858144 562231 696577 631273 629550 599884 840022 695564 694768 720254 623265 666550 453921 621051 877937
440403 374484 338858 508549 484709 717418 651356 629715 571143 715775 636044 722873 557023 733478 505336 538849 785686 394510 542210 516787 752218 741485 811558 594728 490193 181510 412062 593581 637147 648107 785140 765559 544303 661318 538736 624159 671356 789332 835378 554701 556236 390369 430311 589069 568237 643809 596152 645241 722197 538985 718448 817818 539305 464959 674432 610144 606656 558432 823103 836325 785118 826759
594515 561747 431009 640115 681088 561404 541729 717569 617588 500867 767430 663975 717364 463803 582806 475490 658903 689146 501212 786931 921301 840166 698272 621557 401850 528014 461998 523666 761177 772228 682999 856786 865895 558685 608924 721732 603172 684315 587603 554832 442087 557312 721285 510059 407258 555137 720353 528416 457279 826218 641552 637974 579900 524436 507107 818441 724379 558228 540294 665893 807541 794117
459619 648474 554581 455817 541239 542539 459966 595852 700340 872715 621988 836630 695362 558831 578536 353106 415852 437192 610015 613171 496790 956079 753161 683690 529202 480266 362174 541010 799771 927434 888220 430195 427432 534936 652414 497311 591862 519492 761799 518557 374339 527594 418457 475292 403752 482598 640165 596188 708899 712323 570023 426458 443586 711887 594845 424084 581359 797325 959867 747070 914413 868728
736956 382952 500947 817297 679599 447019 295825 394001 417186 528883 893746 522513 595143 531071 604784 791130 515837 368273 366006 875616 756703 576041 495653 649517 439193 425880 667098 667067 660162 526874 513815 513060 418493 501378 532245 473174 848171 663730 256477 515385 547492 481966 436505 362716 699544 624999 521150 632399 799395 739065 705752 679583 672920 543277 451351 637813 511047 459585 658561 783538 734273 668109
468849 524384 600486 500500 615256 510131 374390 227535 620012 607393 393020 687934 621305 631589 593585 386245 244807 398923 631680 479451 469399 606887 720731 454440 426905 452444 370728 504713 599624 664542 560079 472831 384236 417404 528594 583164 240517 602990 730599 537798 589913 597771 624018 591190 560768 821847 755138 664257 645350 666206 446131 677621 695574 584953 351026 475639 776325 791625 746699 666207 741260 599036
575769 565312 345536 825164 697229 526163 351121 508327 461987 836738 757235 436988 366690 688932 687758 566327 597277 640973 436350 632708 732574 603358 514112 558837 497463 371921 584809 536385 573626 633266 397720 438799 692111 693156 388922 452235 630931 506118 563200 525667 622140 594414 711841 686106 626305 479892 624973 727708 731241 760963 630370 826802 685404 477765 373998 437519 718755 637214 782683 809623 618071 503956
455108 435645 718528 554276 618774 543091 406872 542927 518634 446794 528052 715776 694526 373333 559808 460369 350313 285060 595215 512950 681898 586104 529755 329780 384384 367912 441247 427074 682257 691314 947075 641784 443361 633153 619053 583056 530852 589946 550842 788712 656320 650635 492732 735775 699917 630762 682238 588702 399648 595941 717622 549915 383246 278878 429604 789417 716042 755896 583556 461713 485050 258132
507126 454624 591675 898172 839381 706882 524690 618451 522652 635308 613399 524719 481094 705095 378371 393163 424395 476975 623427 605866 458660 489615 778399 640698 583977 611261 481506 432866 672440 883317 471158 549281 964464 655052 628034 336291 440125 544806 530415 467362 570787 666738 599934 467009 509370 382709 665097 816581 946296 513488 524806 520713 418698 464852 630728 739651 636282 674758 531937 706887 479127 539763
554815 479686 650285 511815 535000 687558 681635 559333 363003 235093 475172 772542 624699 497429 474976 357345 434991 610860 458184 663258 673042 522844 352449 620265 784841 635747 516736 539172 736194 593921 839769 632002 420632 601341 687111 808772 495754 395752 569229 716732 364100 388276 706830 769949 708854 727435 552724 719781 545497 614929 468713 515370 526575 560337 418230 821500 732430 749568 708449 526942 445182 294675
514878 455213 566598 830665 895156 668240 811256 524135 335610 379703 426437 699637 940906 804778 458445 507167 471478 595759 600518 496354 394635 451042 590424 548655 691141 602266 590386 422019 786001 713386 581990 658310 830940 583876 649689 594541 719975 671341 325496 532763 812002 734542 628755 874055 595412 683643 724960 720502 789661 766745 779454 722815 378700 410044 574269 425880 672097 638114 607182 543859 605315 768025
333930 531091 604443 588983 717757 604077 645023 728059 510477 457780 550809 589203 549782 666600 715506 604278 617882 601192 488112 638182 528155 440281 343432 533584 669604 649885 523521 597784 589230 522416 781116 622457 630522 661049 612026 806123 511106 736508 798867 600082 483066 924013 907341 745623 622470 466768 556151 669364 741460 860367 696214 624103 618924 306729 304859 546615 710514 834719 716844 888687 775927 522126
504452 477559 580262 750674 489524 671836 446408 489203 481894 818060 718216 657959 720915 712322 505148 695056 803662 722374 648002 574687 428263 270346 359410 456215 480006 428509 406572 685823 806369 854787 689722 708501 467509 630698 881768 875689 893595 575562 504087 727100 803582 646927 661751 651153 823450 494497 795815 851723 814067 681403 727262 560142 642094 485731 489969 665647 527492 603884 651312 481582 633083 622374
183362 361823 534486 665309 468089 369122 396240 754188 732036 540835 378473 497755 420719 482080 699489 793954 821193 651528 762313 460692 572806 436820 529635 595203 479196 430003 614471 537400 688458 680677 815901 507009 694149 778105 762854 674098 623796 676823 687354 624085 525570 614562 843518 620553 471291 622767 445338 726415 675454 485447 715450 919496 726198 694207 510542 487456 643944 648214 709730 868923 639400 604028
658090 641043 660410 476325 528922 501245 612706 575696 832750 685873 595955 575727 653887 547488 573607 650561 852560 882635 610832 684580 556030 532336 455607 504060 695813 567058 724995 728574 651449 632944 545856 756787 624630 618777 737148 601340 688978 570575 563035 369591 553130 492143 418425 445073 536058 546947 833535 619341 603695 651742 661751 784504 896191 821777 803771 631387 556848 688098 657233 625627 491828 386703
356625 535963 698269 852700 573397 447118 522492 879563 668983 793057 672784 657718 456708 583884 603960 854596 706803 576681 769774 332109 312535 567803 823684 659344 588044 770373 525464 607508 590238 819641 560609 495914 663882 441482 594665 522902 502738 383234 654869 541323 597234 545939 568081 367288 316339 464203 526258 439328 578640 499423 687660 896289 573329 697181 520196 698048 511580 525750 714759 832274 539079 521111
599681 706005 755728 843979 674341 813912 645884 775373 746114 856511 804524 756296 556498 542117 776789 564964 637751 687217 631911 791919 659228 448939 686317 884585 708615 580344 555041 595375 628610 478631 551755 492351 559603 783249 625869 495914 502556 629562 421269 651807 572300 726608 483043 309472 622255 585175 697429 734885 532984 756925 542419 563659 562528 605606 631120 700871 789585 877573 580132 649421 837691 760217
362321 789449 731403 810986 768202 458926 365940 745683 838363 814429 668670 801934 740173 679966 821235 652801 594636 630511 722305 438728 639580 803769 842911 548886 664297 568747 541598 596677 558291 526272 478124 684768 609582 368514 521740 615039 349235 553957 591556 496185 710422 510240 656930 494835 503772 487151 592397 444322 478668 524211 534965 495128 523554 627413 684253 846141 642191 581101 830273 783670 741686 815177
546638 674975 733883 578007 465420 677837 921023 678726 703019 838244 935320 487747 530856 581477 680216 568102 771122 844085 830836 666817 652410 616050 782638 774896 723739 440064 457614 485326 658938 596784 649364 516739 457421 594987 591874 820670 724884 478640 637756 737178 681399 653170 501931 412323 726059 639436 546926 419459 731580 655928 632438 513211 345869 587354 818287 878225 946251 962828 753476 724845 764298 745948
744829 732434 690020 752658 634153 431131 480070 526710 689569 584644 734804 640616 530883 561148 569245 678526 698030 468278 667305 779250 640504 546524 706612 640012 758725 568799 572705 561279 461939 623321 541328 618833 605828 730126 691894 563817 625375 777910 610750 641814 581633 402424 409593 656576 720611 587741 568332 573472 546770 642391 339067 446574 778512 692283 610229 823857 720878 680387 777386 586071 355781 429873
835699 779552 674626 632625 645465 882377 768066 744683 630367 797014 750895 642955 345337 457731 505209 436976 519540 735613 669133 529148 492564 719066 814577 713730 309033 342188 424542 594678 593893 612716 624083 654751 494712 686398 778830 886842 777372 739389 708853 854516 600359 535614 506768 537531 718526 768569 648480 410500 572640 419486 574958 540019 549626 546635 584739 654925 875380 809632 680301 667605 487509 534988
426848 825293 867161 778886 547750 465993 680262 440844 662229 645829 464351 349944 393947 629897 399208 386997 561011 729464 790140 702294 765582 676126 651022 717075 608192 528157 294715 443307 432586 594793 703331 683733 747533 758954 785650 621257 628165 845039 946323 642261 469190 551001 655299 726853 796831 850531 948738 569400 473431 459712 602480 775928 833559 801475 501212 534455 613755 831547 653951 292531 579827 367769
840397 615333 752878 590144 875502 547550 769560 768565 447551 353109 590789 709744 520909 158702 279697 277734 427521 751713 896237 876379 669820 885970 741560 661810 332166 339916 468968 188696 528248 603598 607895 685091 809221 603298 580229 755283 648220 546266 499773 617020 637163 614259 666323 753384 736560 724074 564406 512253 468110 297576 352805 543872 635727 440157 422376 546661 538457 521549 734846 602537 745027 703121
