0.000000
0.000000
0.000000
0.000000
0.000000
0.000000
0.000000
0.000000
0.000000
-0.110227
0.209823
-0.268422
-0.221089
1.408825
-0.468152
-1.245482
-0.758492
-0.544265
1.298761
-0.090371
-0.703806
-1.861818
1.391389
-2.050670
1.066812
1.002417
-0.904635
-0.305396
-0.231488
-0.126383
-0.830446
-0.806132
-0.242275
-1.952010
-0.723652
0.447390
0.125779
0.604505
-1.018165
-0.230125
1.051879
0.221146
-2.103961
0.476734
-0.575810
-0.704091
-1.365654
-0.918794
0.114188
-0.063089
0.928533
-2.311635
-2.170272
0.634323
-1.601332
-0.215422
1.527595
-0.677281
1.927433
0.786102
-0.265291
-0.888391
0.225344
-0.535202
-0.562078
0.574008
0.311101
1.527427
-0.396359
-0.202990
1.339206
0.406058
-1.055036
-1.050957
-1.003923
-1.621411
-1.116136
-0.543200
-1.687991
2.147216
-0.534258
-1.173240
0.282851
0.696811
-0.355336
-1.320965
1.484177
1.495178
-0.084377
-1.151063
