1.849591 -0.214167 -0.499017
0.021351 -0.919113 0.192754
-0.365055 -1.791328 -0.058587
-0.317543 -1.632423 -0.067134
1.489356 0.521304 0.611927
-1.341497 0.476898 0.148450
0.529045 0.422629 -1.359781
-0.041401 -0.757871 -0.050084
-0.897401 1.312470 -0.858972
-0.898942 0.074586 -1.077099
-0.424663 -0.829965 1.411172
0.785804 -0.057470 -0.391217
0.940918 0.405204 0.498052
-0.026192 -1.688230 -0.112466
-0.532490 0.645055 1.011842
-0.657951 0.468385 1.735879
-0.667713 1.681922 -0.852586
0.022960 -0.011146 0.011499
-0.837678 -0.591183 -0.667720
0.326963 0.330035 2.225944
1.370989 -0.509843 0.324870
0.997118 0.030602 -0.069642
0.051575 0.867277 -0.848321
-0.325669 0.470433 0.311447
0.239583 -0.369801 0.972536
2.133868 0.406415 -0.193177
0.755740 -0.539133 -0.749690
