2424 1339 -1643 2458 -1166 19 936 2118 1449 517 45 107 1565 -634
1181 1048 337 47 309 1188 -520 -802 1323 1240 -2235 1152 456 2009
-1183 839 -467 -1522 2191 107 -302 -1314 -56 -1930 380 2885 -1878 740
-448 992 1074 -1373 -1923 -1360 222 1417 1207 1037 176 -1428 -279 -356
-1353 -964 659 873 879 -528 -966 695 -1633 -98 -289 848 -1471 -791
-2148 790 -643 -3156 -135 954 896 307 -435 755 918 -833 205 448
-14 1804 -1102 967 1556 230 -1398 -1174 -172 1522 -1866 1536 -443 -166
-1894 281 -696 755 2096 269 -1307 94 607 -1546 2365 -262 1113 2080
-188 1259 636 -535 -1505 186 1258 -996 1005 262 -698 -324 -1843 1977
2672 -71 1483 2767 -1102 -587 987 728 269 310 961 -1647 343 -458
73 -393 -261 -574 -859 389 463 -2684 121 240 1023 1810 119 1630
-608 -1421 353 -196 993 -1447 1034 278 536 -3047 -642 72 -1336 1600
-407 626 -1064 -398 -1439 2403 -1049 107 276 -358 2721 245 2159 -179
251 -37 1788 1632 1333 -419 -1007 960 669 -112 351 683 493 564
-1217 -3529 -1395 723 -1225 613 -904 -2450 -2249 -1699 -1202 -175 -1434 -623
-2426 490 -169 68 -2054 -967 -2839 203 -1875 1051 -300 -2138 -1737 276
261 249 -1769 -1479 -311 57 135 393 357 -86 -2040 -1191 -1522 -1444
-1021 -996 452 -1316 405 -790 -606 -1479 -1122 -2190 -26 617 -910 1068
-1620 -428 -1297 -2213 -415 -897 -330 -7 -651 956 -452 -3143 -793 608
-994 260 -976 -31 -1389 -826 -1867 -867 -1559 -1349 -1478 -713 -1132 -2913
-2098 -2510 277 -420 -1100 -849 -621 -1932 1225 -929 -1017 -172 -1798 766
824 933 -1234 -2128 -1323 -530 -401 -1143 -294 -838 -2025 -570 1 -1039
-922 -695 -1548 -291 -403 -6 -1660 -1083 30 -2287 -96 -944 906 -1412
-2085 -2755 -1219 -1710 -655 363 14 -2467 -226 -581 -194 -373 -2439 1574
526 -413 578 -1383 501 -834 226 -1039 -902 -125 -1091 -2971 -893 -1367
1544 -787 -2219 -940 160 -249 -1547 -974 557 1321 83 -2765 132 413
-1909 -457 332 -544 -2152 587 -319 -911 453 -2840 -2943 -245 -113 910
-2105 268 -2516 -1706 -1526 33 -716 -693 -2301 -1248 609 -3078 1737 -1263
-1946 -2222 -3955 -277 674 -696 30 -1895 -848 -1926 -285 1119 254 -868
-1701 324 492 273 -67 -1698 -1751 -740 -1327 1212 -552 -1612 -2863 73
1327 -359 -1644 -2004 -769 -785 1349 646 803 -268 -1380 -839 -1680 -1435
-1461 -1294 68 -643 -308 -481 802 -257 -1311 -517 -1018 1256 -695 -2053
-18 -860 470 245 706 -337 -2748 1072 -2560 2107 -54 -877 1241 98
-795 26 -845 -1016 -923 -262 -1674 1198 -643 -584 523 -103 689 -946
-1919 -505 -22 1337 -1222 436 -240 -677 -80 -316 806 -1714 -1951 111
80 1229 -1719 -576 -2020 -369 168 458 -743 -878 -1559 -1551 78 1223
-1593 -449 -514 -1727 -1795 -32 213 -1057 -904 -2559 1296 529 -1760 -843
-2493 -1427 16 811 -658 -2141 871 -1032 442 1033 -876 1409 -2347 -691
-731 -176 237 39 -463 -1966 12 278 -2564 -1206 -321 -97 -1219 -1831
1231 457 665 590 2634 675 -296 804 -76 1067 1834 -1138 -1762 -942
405 -377 981 -1211 -2906 -1998 -1745 959 484 -433 -1536 -39 -817 -459
-367 -668 -2116 -690 -3192 -640 497 -342 -2220 -1484 503 -964 713 -357
