9.562013 5.285694 -6.393535 9.680317 -4.531949 0.142811 3.753962 8.355343 5.732342 2.064654 0.237942 0.464106 6.196310 -2.428717
4.661330 4.165961 1.372942 0.253895 1.271774 4.722292 -1.989056 -3.116547 5.224101 4.908748 -8.689879 4.551514 1.854640 7.922830
-4.568927 3.328475 -1.769316 -5.910601 8.627820 0.472404 -1.111540 -5.088126 -0.170709 -7.498499 1.527526 11.359362 -7.323978 2.958532
-1.705607 3.940121 4.259512 -5.338575 -7.476391 -5.271687 0.923385 5.584785 4.800552 4.094608 0.750442 -5.550627 -1.029041 -1.320860
-5.242393 -3.718575 2.619779 3.492187 3.507139 -2.025174 -3.714097 2.752984 -6.358863 -0.326381 -1.079525 3.375469 -5.713633 -3.034783
-8.364766 3.142993 -2.486195 -12.334666 -0.493871 3.780454 3.564773 1.270968 -1.654813 3.014033 3.640743 -3.202104 0.867312 1.792527
-0.023762 7.109345 -4.259055 3.848885 6.173663 0.973614 -5.427977 -4.562292 -0.626296 6.023698 -7.252902 6.078274 -1.703496 -0.609839
-7.371312 1.143358 -2.666613 3.013690 8.268535 1.098127 -5.083564 0.414621 2.439453 -6.000901 9.312178 -0.959943 4.422291 8.215355
-0.696429 4.993241 2.554179 -2.044684 -5.831523 0.803651 4.965328 -3.849607 3.981287 1.085636 -2.645618 -1.213862 -7.169459 7.813212
10.532300 -0.217299 5.871059 10.903108 -4.254346 -2.237133 3.915214 2.911471 1.122910 1.260904 3.811816 -6.406008 1.423380 -1.738622
0.313131 -1.490537 -0.970153 -2.184996 -3.311515 1.570171 1.871987 -10.461244 0.507611 0.989103 4.033859 7.165685 0.539011 6.449502
-2.348359 -5.511332 1.432711 -0.699835 3.959403 -5.607103 4.125812 1.140968 2.161408 -11.860541 -2.450434 0.329508 -5.162741 6.339349
-1.554418 2.519483 -4.107611 -1.513365 -5.584739 9.465108 -4.055638 0.470874 1.143732 -1.338369 10.711547 1.034985 8.505556 -0.623764
1.032875 -0.084997 7.062724 6.464586 5.254784 -1.572980 -3.897910 3.818667 2.669497 -0.376108 1.424512 2.713535 2.004683 2.243598
-4.732072 -13.794254 -5.379205 2.874671 -4.730234 2.411132 -3.474509 -9.555166 -8.729402 -6.603300 -4.661103 -0.623588 -5.587715 -2.388964
-9.411770 1.986226 -0.590935 0.341074 -8.019806 -3.736270 -11.062864 0.850151 -7.286902 4.168049 -1.112165 -8.325052 -6.742293 1.145474
1.076508 1.055576 -6.898288 -5.714559 -1.158247 0.287013 0.586428 1.588704 1.462840 -0.288742 -7.916727 -4.596967 -5.870278 -5.609635
-3.930948 -3.841320 1.815832 -5.101404 1.662109 -3.050042 -2.303031 -5.751799 -4.352123 -8.507939 -0.082133 2.483127 -3.507714 4.244640
-6.306636 -1.632767 -5.011023 -8.639591 -1.586594 -3.445895 -1.225568 0.050812 -2.476876 3.783976 -1.693813 -12.274670 -3.052907 2.422058
-3.843418 1.090140 -3.778704 -0.047261 -5.382022 -3.183222 -7.263825 -3.363679 -6.073904 -5.240557 -5.745667 -2.730752 -4.391099 -11.340291
-8.165827 -9.780148 1.134923 -1.602987 -4.267871 -3.292775 -2.380316 -7.497816 4.841425 -3.564190 -3.916377 -0.631966 -6.977699 3.050502
3.278267 3.712210 -4.775176 -8.285058 -5.134885 -2.023203 -1.510962 -4.420120 -1.089981 -3.210257 -7.869273 -2.159030 0.048667 -4.017982
-3.558299 -2.679126 -6.004483 -1.076360 -1.507579 0.044966 -6.444195 -4.192427 0.187311 -8.893683 -0.326891 -3.654830 3.642000 -5.482856
-8.119436 -10.731996 -4.721480 -6.658866 -2.499028 1.460434 0.114391 -9.612755 -0.833741 -2.211091 -0.722243 -1.399621 -9.490520 6.242072
2.121707 -1.534005 2.342359 -5.375081 2.028647 -3.190481 0.920968 -4.016259 -3.470414 -0.432018 -4.233078 -11.584447 -3.433864 -5.294614
6.138742 -3.042106 -8.647783 -3.609878 0.680425 -0.918438 -5.995077 -3.777479 2.233825 5.237657 0.365251 -10.789563 0.594162 1.670028
-7.412033 -1.750083 1.334173 -2.064007 -8.363073 2.331784 -1.159799 -3.505987 1.809074 -11.068425 -11.496736 -0.898020 -0.392796 3.606681
-8.188671 1.119371 -9.807478 -6.629536 -5.929566 0.177570 -2.766883 -2.649112 -8.960493 -4.815312 2.459824 -11.999924 6.863547 -4.880945
-7.560551 -8.668774 -15.419324 -1.025733 2.681015 -2.670312 0.163304 -7.377984 -3.266618 -7.511050 -1.076185 4.427418 1.073960 -3.327964
-6.627980 1.316823 1.988169 1.143292 -0.212766 -6.609811 -6.817606 -2.846873 -5.159724 4.795054 -2.115808 -6.277899 -11.147007 0.341973
5.244701 -1.365927 -6.399987 -7.787702 -2.956621 -3.025755 5.360457 2.596143 3.226681 -0.992296 -5.337803 -3.211567 -6.528798 -5.580075
-5.653340 -5.018858 0.321596 -2.455044 -1.141505 -1.844944 3.204591 -0.960135 -5.086477 -1.963692 -3.926944 4.985646 -2.683769 -7.976337
-0.017415 -3.313514 1.879722 1.000000 2.829632 -1.266166 -10.710260 4.247539 -9.996819 8.337835 -0.165912 -3.372192 4.947917 0.437042
-3.048720 0.157902 -3.254463 -3.912238 -3.550515 -0.989010 -6.518238 4.744670 -2.476243 -2.241289 2.084268 -0.344811 2.747916 -3.656673
-7.473245 -1.926873 -0.010032 5.283059 -4.754350 1.758249 -0.889221 -2.617105 -0.244258 -1.192594 3.219566 -6.657654 -7.607350 0.482665
0.378738 4.874737 -6.689278 -2.182917 -7.877079 -1.395488 0.724898 1.853643 -2.853947 -3.394988 -6.058450 -6.032318 0.374027 4.854679
-6.188193 -1.694447 -1.973307 -6.689626 -6.993629 -0.064987 0.901030 -4.091174 -3.505520 -9.980200 5.132180 2.139252 -6.850444 -3.260977
-9.709183 -5.539369 0.119804 3.231620 -2.529473 -8.336506 3.456019 -3.989344 1.782429 4.102451 -3.360638 5.600412 -9.142900 -2.646529
-2.814328 -0.635802 0.998424 0.186770 -1.747654 -7.643054 0.094330 1.129919 -10.015266 -4.665632 -1.203926 -0.317277 -4.706831 -7.124219
4.891525 1.830994 2.657163 2.368756 10.379333 2.715329 -1.114850 3.199258 -0.236923 4.248429 7.248103 -4.408956 -6.859008 -3.628218
1.639368 -1.426788 3.908462 -4.685152 -11.342752 -7.781573 -6.788963 3.804388 1.939691 -1.653821 -5.961327 -0.105481 -3.153451 -1.752768
-1.376972 -2.569279 -8.241355 -2.663498 -12.440211 -2.458567 1.991595 -1.286746 -8.658647 -5.746790 2.034175 -3.694412 2.869725 -1.361293
