27 244 40 170 106 30 251 56 37 165 96 110 5 224 139 164 173 219 115 194 43 167 139 67 20 32 147 255 151 186 238 133
126 118 121 94 22 226 92 128 58 37 228 162 232 24 243 56 152 209 151 165 127 116 103 157 41 138 181 206 98 166 98 8
231 59 31 203 182 106 208 252 106 73 81 91 247 137 178 1 148 129 1 140 221 199 20 124 10 57 229 13 147 197 6 106
226 66 60 70 2 70 141 43 137 86 76 120 3 4 9 200 255 155 39 207 9 94 122 39 93 4 132 231 221 46 156 222
66 191 134 210 43 133 249 158 252 134 252 127 119 168 253 125 14 104 96 106 9 93 220 83 26 161 214 60 92 106 75 105
207 244 175 18 186 127 228 72 200 133 217 156 162 102 36 88 155 93 112 190 180 14 206 134 86 104 125 6 45 112 21 129
126 170 246 22 219 160 79 202 242 27 255 154 46 48 198 151 247 56 47 196 224 236 215 253 93 30 215 151 62 138 103 6
8 219 238 51 216 80 44 88 67 76 80 160 208 76 63 46 202 177 230 81 242 127 250 50 22 170 217 228 86 68 35 18
138 208 112 114 195 165 180 34 197 170 198 21 139 20 113 249 55 43 102 19 72 185 206 108 25 109 183 158 125 78 33 170
130 145 1 40 91 211 19 41 71 220 188 97 211 85 249 224 5 132 192 150 173 176 71 39 141 32 209 24 176 63 210 161
187 228 19 241 216 51 228 51 209 216 10 209 29 159 66 49 197 230 70 211 196 20 40 237 100 35 192 69 63 185 194 82
23 135 109 155 246 33 182 209 255 83 114 166 232 86 85 210 10 79 249 150 243 176 204 161 30 96 187 192 51 145 168 117
227 225 251 231 203 200 101 226 77 35 122 79 91 71 1 98 229 95 222 165 234 248 175 6 206 230 148 212 248 171 221 118
13 22 237 60 137 242 230 75 199 29 67 99 13 24 187 22 129 174 67 101 24 49 45 9 22 28 73 38 36 83 168 238
4 216 30 7 47 50 28 40 221 222 68 213 132 229 45 107 163 143 159 49 50 168 231 157 186 73 107 165 140 20 140 89
159 89 157 208 113 151 40 66 100 65 67 2 93 76 204 136 233 241 12 61 139 108 32 31 57 96 197 127 230 189 7 45
159 111 105 195 64 24 157 66 36 202 170 21 88 93 158 201 9 7 85 220 72 155 54 51 88 122 209 211 175 117 183 105
191 51 2 13 133 24 212 239 3 32 118 156 102 130 183 110 177 63 235 98 170 202 168 206 247 150 19 111 177 48 217 150
228 69 19 61 30 231 1 92 72 10 208 77 137 34 54 129 99 93 33 72 56 158 8 186 106 138 187 210 17 234 212 205
4 35 157 23 204 54 179 148 203 111 17 24 23 189 43 12 216 192 64 32 238 142 154 62 182 5 155 13 80 170 7 146
46 178 129 205 240 18 140 148 252 46 56 28 223 128 222 120 68 231 192 173 231 51 241 208 26 18 176 160 156 43 156 204
90 11 189 250 154 108 116 185 70 2 175 83 72 197 34 134 3 65 131 215 14 121 68 168 157 34 135 91 218 144 114 234
47 94 13 218 216 141 96 56 125 17 164 49 100 237 118 77 89 10 133 6 25 88 26 3 124 146 43 0 2 94 153 219
59 146 158 242 48 45 222 78 163 167 130 207 221 206 183 142 116 24 231 182 230 186 74 201 220 154 105 171 75 98 172 160
236 127 216 171 198 27 165 194 77 94 37 79 195 135 247 139 201 127 68 71 95 15 208 18 68 220 30 78 179 52 70 128
242 11 11 15 163 209 138 234 16 156 99 131 103 217 242 26 177 104 85 217 134 88 110 88 246 22 135 191 206 254 45 141
66 38 94 121 62 119 17 96 181 62 100 114 16 185 10 234 24 56 197 94 104 107 192 107 95 192 7 140 114 25 44 197
15 163 196 84 219 123 79 202 124 214 169 140 45 236 198 73 242 90 69 30 249 62 17 226 74 42 108 223 195 250 167 189
125 38 49 34 61 128 85 226 71 35 170 100 199 133 235 97 68 223 164 215 54 98 158 108 41 69 216 187 126 43 205 253
130 28 160 250 145 215 112 40 12 160 247 178 195 173 144 184 199 42 77 178 47 140 215 141 154 225 33 117 230 156 195 235
204 245 205 131 129 254 64 78 195 226 66 61 232 58 59 225 94 79 231 54 7 46 253 26 24 228 0 52 201 85 82 208
12 116 19 208 128 76 12 106 66 189 225 223 173 155 171 251 95 246 96 126 35 3 16 251 190 12 48 179 163 248 55 252
