503235 656161 491761 592637 727556 642960 591720 420062 533528 704378 678828 706786 701112 749639 672194 857963 794397 802409 657868 742460 595375 593977 421758 335381 555503 836758 780613 857100 793615 580135
481652 525679 558991 635598 638468 864311 645255 481857 509568 549892 863408 660708 774367 459350 688196 728712 619187 640931 741805 771658 584101 548538 375232 405109 585859 732537 718020 798576 556013 473103
531564 507766 489378 503955 696815 760062 748976 674957 522220 534769 568752 471838 571023 548393 764933 679888 502094 576158 536329 602370 586341 560573 313427 304266 525175 636054 831013 650397 550306 674130
734838 620801 423845 454479 662855 703780 808825 707368 780744 739274 552746 503679 506056 631263 628317 671089 574964 641447 416061 462945 538523 593785 455075 359380 626421 643614 656035 581130 576060 571210
865777 771064 586909 720036 822450 785778 971609 825699 969584 879894 818621 644507 656683 645279 644582 573921 448843 608405 652939 565711 691006 752124 639522 505015 614699 566702 454373 412528 414287 445485
1018880 711973 706408 697875 759759 644249 878637 641420 814797 820281 774719 547019 518378 553236 722333 684624 583823 676679 866903 873953 945614 877076 730732 485075 619545 655992 528125 436413 398575 374319
957615 701150 819498 697009 628674 586131 623085 590563 721606 648149 739998 551577 479867 514705 828515 716236 741711 630693 754932 919394 1048143 955626 591637 507593 736559 865028 760274 564991 386062 295438
747532 634090 758296 689749 718975 442703 452132 606418 707639 612811 656448 564880 534913 641475 676601 527461 707460 578614 668691 682238 960400 674620 470959 430240 664122 890933 751612 598875 365535 432305
600390 488697 596761 756572 727157 481327 530979 717166 922261 656921 720196 480280 676989 817588 626870 592300 586645 562485 649200 692476 654644 578978 548324 429069 587308 640348 648729 557381 604820 704400
539325 555381 666747 707024 612062 597830 581430 818667 694752 722853 733324 636960 715453 651658 657360 738219 678639 818639 919977 778522 548051 609685 610297 382075 643176 541286 611928 500688 827784 726301
685480 860174 916236 792668 794730 697612 988874 779187 594748 709488 620566 713602 435726 531377 573207 626737 760429 925869 933369 883377 782014 734899 556035 569471 687306 707979 673683 657425 775791 756784
771106 925800 944798 844696 866759 814769 885334 634623 552192 523025 628571 520595 443408 498707 552277 652813 742224 784068 976022 930858 952733 649660 534763 642831 685984 794429 791811 788046 788995 802224
861710 819575 769118 865591 859594 782861 671346 615634 463108 428539 461145 366822 426284 401038 550770 683649 790652 640399 643990 639729 689998 494213 489684 482319 585235 641684 650900 645215 776120 837477
547271 425534 515720 531583 608008 495989 699528 675794 604689 514218 483034 560770 569776 477863 661412 726519 701775 529191 327952 440229 535658 507456 477048 378387 415933 491091 547536 469073 517134 615150
514077 648109 514445 435145 350050 315639 458227 594901 625710 564442 443822 651550 640689 746188 743893 801039 664849 470497 493406 548533 590194 531765 562314 506245 673740 736397 837706 759838 594277 390863
593197 662694 638118 551297 468446 549918 413562 438437 566231 410296 388300 383226 662672 766237 775643 619254 504605 650515 562393 627749 540830 406668 398403 507305 695509 768767 932586 817051 701939 611389
431079 373815 415666 420237 563025 633468 520290 397015 496745 628854 571839 482332 620203 702574 640621 484449 477715 613144 617924 783808 651464 662426 721681 717577 660630 705011 806559 678513 811832 791051
373408 218822 292029 469693 602153 625252 567362 429373 423627 514368 545637 524784 524732 514450 643247 588838 633146 442505 585004 705740 669988 750173 813349 786453 672119 696549 535497 602830 845236 803065
512319 407905 493754 629246 497456 664861 634101 575316 478344 298320 438505 496245 511181 410324 516034 709017 600316 439351 535616 705203 585191 681697 593534 538053 585397 658414 523373 698965 586752 789342
520388 640076 919667 584743 650437 647058 914408 679996 448363 294408 369365 616683 650633 589549 531288 650128 791795 725235 815558 646890 805698 754998 708757 342125 529002 497554 642193 569113 500924 724510
512519 865648 996337 758534 665828 603495 741520 470189 509486 405912 513812 642450 797835 631963 486030 484747 580416 829316 709944 527762 635002 636318 670158 493572 476369 503239 693448 626743 659683 797245
456535 725225 943835 811831 639415 605644 541577 434926 535091 491104 579059 768410 696337 662973 394866 335774 398300 582222 449339 537136 363593 427255 556611 636451 572387 364207 457359 478691 661598 872463
524316 831319 773697 667994 659363 610694 620148 526757 626083 556651 757417 882863 871936 816745 631631 410105 554758 530812 635376 585606 465365 487011 587974 693050 618279 486329 369168 391701 521266 752694
688145 816912 749672 618277 636771 700566 759976 582862 560682 604516 764721 894213 1014866 897772 785836 633104 625424 575760 780295 643942 654177 639058 616379 796375 650599 598457 629918 651729 564646 588054
576845 465587 675923 674417 734450 739561 649628 601738 446544 496695 551427 690754 975044 747786 806811 636982 581269 617984 604140 466103 590858 466018 654693 612912 511273 612081 721704 753753 586792 515505
452757 353662 465937 623138 589236 676953 628513 691834 534359 626236 468130 664688 741881 724894 692484 485063 584054 644714 628424 654440 608166 580512 707650 582466 570756 566307 774524 812286 591062 709325
530231 526307 570214 628638 458089 587016 668624 661662 710503 651273 476172 690568 667787 801437 593985 650733 584603 492805 690460 578640 540806 631153 630075 523215 431633 732838 730813 748205 659904 777759
460592 520965 641747 615621 640800 721402 606219 624083 705046 792275 716258 813152 870710 810632 763982 679797 718999 631713 675861 494452 600996 667405 503604 510527 568138 747187 840453 849445 837034 1034812
543015 613539 624301 714232 665841 616529 419296 554025 732144 712200 869400 811313 841597 758442 804907 661553 592203 812728 558731 524961 664331 739058 590488 629478 636764 582968 780877 742494 770038 913351
784962 788986 807432 943982 698438 503282 451057 678077 784000 764647 904443 803314 668473 803431 835268 633690 689951 607990 391634 374629 599463 682943 648362 740262 511020 473307 652512 774035 774314 839605
