503240 656163 491771 592644 727561 642975 591726 420064 533537 704386 678832 706798 701119 749643 672207 857968 794400 802419 657874 742463 595386 593983 421762 335393 555510 836763 780626 857109 793620 580151
481655 525679 558995 635602 638470 864321 645255 481856 509569 549897 863410 660715 774369 459352 688201 728714 619189 640936 741808 771661 584108 548542 375234 405117 585864 732539 718028 798581 556014 473110
531574 507771 489398 503966 696821 760087 748984 674957 522230 534781 568758 471856 571034 548401 764956 679896 502100 576174 536338 602375 586357 560583 313433 304287 525187 636059 831031 650411 550314 674156
734844 620803 423852 454486 662858 703794 808831 707370 780752 739279 552749 503689 506064 631269 628332 671095 574968 641457 416067 462948 538535 593789 455078 359390 626427 643616 656044 581137 576063 571221
865779 771063 586907 720039 822453 785787 971611 825700 969585 879896 818620 644508 656686 645282 644587 573924 448844 608409 652943 565714 691014 752127 639522 505019 614703 566702 454379 412532 414287 445491
1018889 711977 706416 697887 759763 644273 878646 641424 814810 820292 774723 547036 518388 553245 722351 684634 583827 676691 866915 873958 945635 877082 730732 485084 619557 655994 528140 436425 398578 374337
957622 701154 819509 697018 628679 586147 623093 590566 721618 648154 740000 551585 479874 514708 828527 716241 741713 630699 754938 919396 1048150 955634 591641 507607 736565 865031 760284 564996 386063 295444
747538 634093 758305 689752 718975 442707 452136 606422 707647 612814 656449 564883 534914 641476 676605 527464 707461 578618 668693 682239 960401 674624 470965 430251 664125 890934 751617 598874 365534 432301
600404 488705 596784 756586 727161 481349 530992 717172 922281 656929 720197 480291 676999 817592 626888 592310 586648 562496 649210 692478 654653 578991 548334 429094 587318 640350 648741 557386 604821 704405
539331 555383 666757 707030 612068 597845 581436 818671 694764 722857 733326 636965 715461 651661 657372 738227 678642 818651 919985 778524 548062 609694 610302 382090 643184 541292 611945 500696 827788 726314
685483 860175 916239 792671 794733 697619 988878 779191 594756 709491 620567 713606 435729 531379 573214 626741 760430 925875 933374 883379 782022 734904 556037 569478 687309 707982 673690 657427 775793 756786
771117 925802 944810 844709 866769 814796 885345 634630 552213 523034 628575 520607 443419 498710 552293 652828 742228 784087 976035 930861 952750 649676 534774 642859 685997 794440 791838 788056 789003 802242
861715 819577 769126 865599 859598 782875 671352 615639 463120 428546 461149 366835 426290 401041 550779 683657 790655 640411 643996 639731 690007 494220 489686 482330 585241 641687 650909 645221 776122 837488
547273 425534 515722 531586 608010 495995 699530 675795 604692 514222 483037 560775 569776 477863 661412 726522 701779 529200 327953 440231 535662 507457 477047 378388 415937 491096 547544 469073 517136 615154
514087 648110 514455 435158 350057 315663 458235 594907 625725 564455 443830 651572 640697 746191 743904 801050 664856 470518 493416 548539 590212 531774 562317 506260 673750 736406 837723 759844 594281 390878
593202 662696 638125 551303 468450 549931 413569 438440 566242 410302 388304 383239 662677 766241 775653 619259 504607 650523 562398 627752 540839 406675 398408 507319 695516 768769 932595 817059 701944 611404
431080 373816 415669 420237 563024 633470 520295 397018 496752 628857 571840 482339 620209 702580 640633 484452 477716 613145 617925 783811 651469 662430 721683 717585 660633 705011 806561 678516 811837 791061
373415 218823 292037 469702 602155 625270 567374 429379 423644 514379 545642 524807 524744 514460 643270 588848 633151 442518 585011 705748 670006 750186 813355 786475 672131 696551 535510 602840 845244 803088
512326 407908 493763 629254 497460 664876 634107 575320 478356 298325 438508 496255 511187 410329 516046 709025 600318 439362 535622 705203 585199 681703 593536 538062 585403 658417 523382 698973 586756 789355
520389 640076 919668 584747 650441 647067 914411 679998 448369 294409 369365 616686 650636 589550 531291 650131 791795 725237 815561 646890 805701 755000 708756 342128 529006 497554 642197 569117 500925 724517
512529 865651 996350 758549 665837 603524 741528 470195 509503 405920 513816 642465 797846 631970 486047 484760 580419 829333 709954 527762 635015 636328 670160 493588 476382 503241 693462 626755 659687 797264
456542 725228 943847 811838 639417 605653 541585 434930 535106 491112 579063 768425 696343 662976 394879 335778 398303 582228 449342 537138 363601 427263 556616 636467 572392 364209 457367 478696 661600 872470
524319 831319 773702 667999 659364 610700 620153 526757 626090 556655 757418 882867 871938 816747 631637 410107 554757 530811 635377 585606 465366 487015 587977 693057 618283 486331 369177 391703 521267 752698
688154 816915 749689 618288 636774 700579 759989 582866 560704 604529 764725 894231 1014875 897779 785861 633113 625429 575770 780298 643944 654184 639073 616389 796403 650609 598461 629938 651738 564651 588069
576853 465590 675938 674424 734455 739571 649634 601742 446554 496702 551429 690765 975050 747789 806823 636987 581272 617993 604148 466107 590871 466023 654695 612919 511280 612083 721713 753759 586796 515516
452759 353663 465941 623140 589237 676954 628518 691838 534367 626239 468129 664688 741882 724895 692488 485067 584056 644723 628424 654442 608170 580513 707652 582468 570761 566310 774531 812288 591063 709327
530242 526310 570231 628649 458096 587029 668636 661670 710520 651286 476174 690584 667794 801442 594003 650744 584608 492825 690470 578647 540827 631162 630078 523225 431647 732843 730830 748215 659910 777773
460598 520969 641757 615627 640802 721412 606227 624086 705057 792280 716260 813158 870716 810635 763993 679804 719003 631726 675868 494454 601006 667412 503608 510538 568145 747188 840463 849450 837036 1034821
543017 613542 624305 714234 665840 616531 419298 554027 732148 712201 869400 811312 841599 758444 804913 661556 592206 812737 558733 524962 664336 739061 590491 629484 636768 582970 780885 742499 770041 913361
784972 788995 807451 943990 698438 503293 451068 678082 784016 764656 904447 803325 668483 803438 835290 633700 689956 608009 391646 374632 599481 682954 648369 740276 511034 473311 652535 774044 774319 839623
