13 38 94 96 80 55 17 100 9 78 109 80 67 124 18 70 65 90 75 77 77 102 48 4 15 39 112 84 104 8 34 90
64 33 23 49 34 123 56 4 7 80 94 48 64 12 107 123 95 22 34 79 116 101 72 10 116 4 111 101 51 72 37 53
40 7 82 22 8 84 67 77 58 112 51 115 22 17 119 37 78 95 72 60 56 88 29 28 122 107 97 68 106 23 7 46
4 53 61 11 110 72 112 1 56 119 112 14 66 86 74 98 113 60 38 125 108 104 86 87 64 5 124 28 1 73 53 29
85 14 87 80 12 27 93 31 61 80 60 60 29 67 20 35 79 61 36 46 55 106 22 95 54 17 53 25 125 48 121 117
7 22 38 52 18 103 13 33 56 109 46 80 64 4 54 29 99 46 16 48 50 72 17 92 25 55 12 79 50 80 0 61
125 48 34 95 91 45 66 42 4 58 74 113 115 32 3 92 116 82 81 116 67 61 13 19 3 41 3 55 57 21 125 93
28 51 99 91 72 115 22 18 64 95 72 94 45 113 79 110 96 83 57 41 122 55 40 71 81 8 108 100 103 126 117 92
73 95 36 39 96 118 70 104 25 115 85 121 9 66 77 22 20 26 69 93 24 8 22 92 77 35 81 56 124 100 22 60
118 69 71 30 37 107 80 102 21 29 107 64 32 106 13 84 51 42 114 85 101 83 74 97 24 55 33 65 8 11 76 121
1 52 27 72 94 126 25 4 92 28 52 67 111 124 4 100 121 66 63 70 88 92 19 76 83 8 47 91 125 72 30 45
103 94 11 60 33 34 47 53 15 7 59 46 85 30 53 62 86 14 62 32 18 22 125 24 115 81 82 82 121 91 85 93
99 121 74 6 13 75 11 36 32 77 91 86 101 68 12 59 112 96 79 120 125 44 9 29 12 77 7 19 93 69 88 121
122 51 20 77 67 89 125 14 29 89 88 98 26 49 39 103 61 46 93 63 33 49 123 68 69 120 126 100 97 84 92 86
36 3 68 54 56 59 39 39 103 15 96 23 115 39 13 106 19 6 85 118 77 6 82 66 37 3 80 47 60 79 16 92
90 108 6 64 78 44 96 21 74 63 52 100 73 108 32 109 43 14 64 58 113 104 32 41 96 107 94 22 18 103 1 18
119 51 46 54 118 45 63 57 14 79 87 6 120 71 82 93 31 36 83 5 120 13 94 81 94 45 1 63 64 114 41 109
58 63 52 1 102 61 115 36 95 100 42 122 120 54 66 71 102 103 23 7 97 97 79 87 36 82 53 82 45 15 69 0
85 120 33 69 92 95 85 51 99 79 43 62 45 99 104 58 125 41 96 124 77 49 46 119 44 77 118 39 91 48 35 126
71 104 101 104 55 15 9 37 64 11 69 52 17 38 104 10 11 83 48 98 60 14 1 69 114 41 121 43 93 18 32 14
92 20 19 109 100 29 100 109 114 29 47 8 83 84 37 11 44 94 120 10 99 35 65 96 106 42 117 123 2 54 105 63
37 41 99 69 91 5 55 49 10 61 99 5 60 1 78 50 9 8 121 111 44 11 23 49 6 117 9 11 87 47 42 102
109 53 12 60 22 16 20 120 25 0 0 112 119 20 110 107 60 2 64 15 43 97 74 84 34 22 44 121 43 125 26 17
69 49 22 110 57 103 44 25 108 85 30 103 19 97 80 39 62 46 25 4 28 121 42 54 30 20 102 117 97 4 61 51
36 11 100 21 125 24 35 15 43 75 103 101 77 43 24 95 120 92 104 68 21 90 3 62 106 49 25 64 99 111 23 95
23 51 38 49 83 92 67 90 65 2 60 43 73 48 93 102 110 59 3 104 48 90 108 84 125 57 2 68 107 86 28 93
90 55 66 74 61 43 118 28 6 75 18 122 71 103 7 88 124 119 24 107 21 66 116 12 62 20 74 58 24 31 111 5
39 44 15 114 90 121 47 10 97 47 39 109 30 47 9 82 107 125 111 82 13 51 78 90 99 49 26 72 37 25 30 94
48 7 56 106 34 40 106 45 98 33 103 48 114 24 121 12 2 80 61 97 74 79 106 106 34 13 3 74 2 118 28 66
3 93 81 90 35 66 120 60 38 78 15 116 9 112 36 78 21 49 32 53 63 45 36 98 26 44 41 108 120 36 11 24
112 27 81 4 124 86 114 43 71 41 78 115 62 126 35 79 98 74 30 75 88 70 16 34 76 42 14 48 35 5 28 97
99 66 120 107 88 38 23 104 21 5 114 107 12 78 88 23 113 2 48 41 101 50 25 76 36 63 25 18 3 46 94 57
