906240
924672
943104
961536
979968
998400
1016832
1035264
1053696
1072128
1090560
1108992
1127424
1145856
1164288
1182720
1201152
1219584
1238016
1256448
1274880
1293312
1311744
1330176
1348608
1367040
1385472
1403904
1422336
1440768
1496064
1514496
1532928
1551360
1569792
1588224
1606656
1625088
1643520
1661952
1680384
1698816
1717248
1735680
1754112
1772544
1790976
1809408
1827840
1846272
1864704
1883136
1901568
1920000
1938432
1956864
1975296
1993728
2012160
2030592
2085888
2104320
2122752
2141184
2159616
2178048
2196480
2214912
2233344
2251776
2270208
2288640
2307072
2325504
2343936
2362368
2380800
2399232
2417664
2436096
2454528
2472960
2491392
2509824
2528256
2546688
2565120
2583552
2601984
2620416
2675712
2694144
2712576
2731008
2749440
2767872
2786304
2804736
2823168
2841600
2860032
2878464
2896896
2915328
2933760
2952192
2970624
2989056
3007488
3025920
3044352
3062784
3081216
3099648
3118080
3136512
3154944
3173376
3191808
3210240
3265536
3283968
3302400
3320832
3339264
3357696
3376128
3394560
3412992
3431424
3449856
3468288
3486720
3505152
3523584
3542016
3560448
3578880
3597312
3615744
3634176
3652608
3671040
3689472
3707904
3726336
3744768
3763200
3781632
3800064
3855360
3873792
3892224
3910656
3929088
3947520
3965952
3984384
4002816
4021248
4039680
4058112
4076544
4094976
4113408
4131840
4150272
4168704
4187136
4205568
4224000
4242432
4260864
4279296
4297728
4316160
4334592
4353024
4371456
4389888
4445184
4463616
4482048
4500480
4518912
4537344
4555776
4574208
4592640
4611072
4629504
4647936
4666368
4684800
4703232
4721664
4740096
4758528
4776960
4795392
4813824
4832256
4850688
4869120
4887552
4905984
4924416
4942848
4961280
4979712
5035008
5053440
5071872
5090304
5108736
5127168
5145600
5164032
5182464
5200896
5219328
5237760
5256192
5274624
5293056
5311488
5329920
5348352
5366784
5385216
5403648
5422080
5440512
5458944
5477376
5495808
5514240
5532672
5551104
5569536
5624832
5643264
5661696
5680128
5698560
5716992
5735424
5753856
5772288
5790720
5809152
5827584
5846016
5864448
5882880
5901312
5919744
5938176
5956608
5975040
5993472
6011904
6030336
6048768
6067200
6085632
6104064
6122496
6140928
6159360
6214656
6233088
6251520
6269952
6288384
6306816
6325248
6343680
6362112
6380544
6398976
6417408
6435840
6454272
6472704
6491136
6509568
6528000
6546432
6564864
6583296
6601728
6620160
6638592
6657024
6675456
6693888
6712320
6730752
6749184
6804480
6822912
6841344
6859776
6878208
6896640
6915072
6933504
6951936
6970368
6988800
7007232
7025664
7044096
7062528
7080960
7099392
7117824
7136256
7154688
7173120
7191552
7209984
7228416
7246848
7265280
7283712
7302144
7320576
7339008
7394304
7412736
7431168
7449600
7468032
7486464
7504896
7523328
7541760
7560192
7578624
7597056
7615488
7633920
7652352
7670784
7689216
7707648
7726080
7744512
7762944
7781376
7799808
7818240
7836672
7855104
7873536
7891968
7910400
7928832
7984128
8002560
8020992
8039424
8057856
8076288
8094720
8113152
8131584
8150016
8168448
8186880
8205312
8223744
8242176
8260608
8279040
8297472
8315904
8334336
8352768
8371200
8389632
8408064
8426496
8444928
8463360
8481792
8500224
8518656
8573952
8592384
8610816
8629248
8647680
8666112
8684544
8702976
8721408
8739840
8758272
8776704
8795136
8813568
8832000
8850432
8868864
8887296
8905728
8924160
8942592
8961024
8979456
8997888
9016320
9034752
9053184
9071616
9090048
9108480
9163776
9182208
9200640
9219072
9237504
9255936
9274368
9292800
9311232
9329664
9348096
9366528
9384960
9403392
9421824
9440256
9458688
9477120
9495552
9513984
9532416
9550848
9569280
9587712
9606144
9624576
9643008
9661440
9679872
9698304
9753600
9772032
9790464
9808896
9827328
9845760
9864192
9882624
9901056
9919488
9937920
9956352
9974784
9993216
10011648
10030080
10048512
10066944
10085376
10103808
10122240
10140672
10159104
10177536
10195968
10214400
10232832
10251264
10269696
10288128
10343424
10361856
10380288
10398720
10417152
10435584
10454016
10472448
10490880
10509312
10527744
10546176
10564608
10583040
10601472
10619904
10638336
10656768
10675200
10693632
10712064
10730496
10748928
10767360
10785792
10804224
10822656
10841088
10859520
10877952
10933248
10951680
10970112
10988544
11006976
11025408
11043840
11062272
11080704
11099136
11117568
11136000
11154432
11172864
11191296
11209728
11228160
11246592
11265024
11283456
11301888
11320320
11338752
11357184
11375616
11394048
11412480
11430912
11449344
11467776
11523072
11541504
11559936
11578368
11596800
11615232
11633664
11652096
11670528
11688960
11707392
11725824
11744256
11762688
11781120
11799552
11817984
11836416
11854848
11873280
11891712
11910144
11928576
11947008
11965440
11983872
12002304
12020736
12039168
12057600
12112896
12131328
12149760
12168192
12186624
12205056
12223488
12241920
12260352
12278784
12297216
12315648
12334080
12352512
12370944
12389376
12407808
12426240
12444672
12463104
12481536
12499968
12518400
12536832
12555264
12573696
12592128
12610560
12628992
12647424
12702720
12721152
12739584
12758016
12776448
12794880
12813312
12831744
12850176
12868608
12887040
12905472
12923904
12942336
12960768
12979200
12997632
13016064
13034496
13052928
13071360
13089792
13108224
13126656
13145088
13163520
13181952
13200384
13218816
13237248
13292544
13310976
13329408
13347840
13366272
13384704
13403136
13421568
13440000
13458432
13476864
13495296
13513728
13532160
13550592
13569024
13587456
13605888
13624320
13642752
13661184
13679616
13698048
13716480
13734912
13753344
13771776
13790208
13808640
13827072
13882368
13900800
13919232
13937664
13956096
13974528
13992960
14011392
14029824
14048256
14066688
14085120
14103552
14121984
14140416
14158848
14177280
14195712
14214144
14232576
14251008
14269440
14287872
14306304
14324736
14343168
14361600
14380032
14398464
14416896
14472192
14490624
14509056
14527488
14545920
14564352
14582784
14601216
14619648
14638080
14656512
14674944
14693376
14711808
14730240
14748672
14767104
14785536
14803968
14822400
14840832
14859264
14877696
14896128
14914560
14932992
14951424
14969856
14988288
15006720
15062016
15080448
15098880
15117312
15135744
15154176
15172608
15191040
15209472
15227904
15246336
15264768
15283200
15301632
15320064
15338496
15356928
15375360
15393792
15412224
15430656
15449088
15467520
15485952
15504384
15522816
15541248
15559680
15578112
15596544
15651840
15670272
15688704
15707136
15725568
15744000
15762432
15780864
15799296
15817728
15836160
15854592
15873024
15891456
15909888
15928320
15946752
15965184
15983616
16002048
16020480
16038912
16057344
16075776
16094208
16112640
16131072
16149504
16167936
16186368
16241664
16260096
16278528
16296960
16315392
16333824
16352256
16370688
16389120
16407552
16425984
16444416
16462848
16481280
16499712
16518144
16536576
16555008
16573440
16591872
16610304
16628736
16647168
16665600
16684032
16702464
16720896
16739328
16757760
16776192
16831488
16849920
16868352
16886784
16905216
16923648
16942080
16960512
16978944
16997376
17015808
17034240
17052672
17071104
17089536
17107968
17126400
17144832
17163264
17181696
17200128
17218560
17236992
17255424
17273856
17292288
17310720
17329152
17347584
17366016
17421312
17439744
17458176
17476608
17495040
17513472
17531904
17550336
17568768
17587200
17605632
17624064
17642496
17660928
17679360
17697792
17716224
17734656
17753088
17771520
17789952
17808384
17826816
17845248
17863680
17882112
17900544
17918976
17937408
17955840
18011136
18029568
18048000
18066432
18084864
18103296
18121728
18140160
18158592
18177024
18195456
18213888
18232320
18250752
18269184
18287616
18306048
18324480
18342912
18361344
18379776
18398208
18416640
18435072
18453504
18471936
18490368
18508800
18527232
18545664
