-2177 -396 179 -140 -1380 -491 -1481 -178 -353 460 -755 -34 -513 -696 -2295 -155 -1213 559 188 -1222 230 -811 -2684 687 -1669 -413 -2159 -1863 -897 -2603
-38 655 -1847 -304 -1189 -1679 2696 -114 3213 469 1197 -870 -757 -1086 2668 -1259 364 -1034 1414 1211 1394 923 -31 1184 758 -391 2257 1596 244 964
310 -195 503 -2173 1629 248 -1298 1708 -2746 -1023 -523 -546 1070 -491 -1349 -407 682 811 304 -102 -2061 -2547 891 -2092 1650 -419 -911 -1740 452 -592
742 -218 -886 1356 -139 575 1337 -3183 915 262 -757 915 -117 320 2412 -939 2007 -657 -1668 -377 1511 968 -63 816 -990 -481 899 -1051 1783 -1475
-2059 -40 1491 630 316 -1336 -303 914 -290 -74 1527 1038 260 -834 -4066 -376 -1236 -2565 2913 49 -102 -1854 2285 -2042 -204 1319 -60 1687 -1491 952
1839 333 29 -1817 1664 7 1637 1698 660 136 -769 453 38 221 1638 -906 -64 1635 -726 -1281 707 1162 186 847 1490 437 987 -28 2314 160
-922 -1254 -1077 602 149 124 -1577 -1159 -3651 344 -1051 -448 369 1028 -1948 2384 -535 183 -1275 3675 138 886 -583 1486 1451 -231 84 -175 14 -1726
1024 756 85 731 575 -1148 793 1184 2010 162 947 -177 -507 -446 1966 -1714 -188 243 -255 -825 -2108 693 1062 599 -1515 236 -1139 -338 -6 598
-140 528 1232 -1026 199 -985 340 -2738 -1123 -1800 -1879 1001 402 1933 1039 1177 91 -1269 448 -22 1901 -511 -239 -2136 -1225 -473 -843 -556 -146 -2042
1617 -1072 129 85 -1199 552 -2016 1736 275 611 2617 -2033 72 -696 -2551 1493 -712 2270 -1157 1798 -865 -750 267 1111 1215 666 1518 -491 1015 1401
-2063 1540 -171 1741 1406 722 2706 331 978 2446 -324 1981 405 230 2575 -536 1015 -1633 622 -2307 542 -439 1696 1728 866 601 -1884 1458 -1203 526
1598 -793 922 -2160 1158 -604 701 -3098 -1195 -1513 -2690 -1942 1 -862 714 1603 1430 2025 -614 1427 -2312 -980 69 -713 -1728 1383 309 -1014 2833 -833
556 445 127 2015 -1780 339 -1965 2317 773 1240 1149 375 -962 -951 -1169 -2905 -2113 418 994 -1415 2901 424 -779 -134 836 -309 1618 253 -762 305
-431 -396 -1648 -633 -531 220 1950 -274 1136 935 -2138 805 805 871 983 1718 801 -645 -1513 -476 -3789 -47 -1962 1296 1135 793 -276 -868 428 -97
439 -361 29 -1662 989 -2504 -11 1645 -1647 218 1320 823 284 -1031 1693 -2055 1390 -1350 433 1204 2547 1635 1022 612 -3147 875 -2473 1234 -2383 -28
-444 556 1646 2243 -299 1272 -1754 -2260 217 446 746 -755 -1588 689 -918 2668 275 2075 -163 -371 -1521 544 -168 -279 1053 79 -414 -358 529 -823
1574 -606 1094 -553 -182 -3184 1373 1069 1204 1453 -1956 2297 361 470 2047 -3458 765 -1454 502 2093 1375 920 197 -76 570 1021 1402 1608 -1192 262
-349 1772 -3445 1262 -1078 1420 130 83 -1206 -1318 1993 -28 244 -1958 -955 964 -726 1240 646 1018 -474 -786 -342 1329 -717 610 -2114 1140 -1327 465
-540 85 1372 -244 608 429 519 -1075 1255 1010 72 -20 -216 1742 -2041 987 442 1052 -871 -1257 -1642 779 1031 -1797 2422 27 2331 -995 -161 773
749 13 397 -174 395 -1048 -834 1448 -2569 -159 168 3356 -1070 367 1970 989 938 496 1346 1722 1998 -823 608 154 979 -630 -540 2330 1260 -1381
-656 555 -1357 -343 -2516 -1277 -467 -1387 -382 2205 -1407 372 651 -365 830 1250 -1109 2891 1128 -235 -694 -368 -979 -663 -359 -490 1911 -1350 -219 1436
478 1206 1778 626 1021 932 -974 655 734 -2771 710 876 -1616 814 -1329 -3504 -77 -3643 -478 -1036 1340 1261 1406 407 1027 -285 1404 -43 2417 -728
660 -778 -969 24 574 590 1403 158 -1016 1224 -2416 -475 293 2161 909 1504 -335 1102 1491 777 699 1342 98 -1754 -1466 1609 -656 1540 -447 592
-1162 1361 -807 363 -1372 815 410 198 1737 -286 2299 632 -343 -373 -619 -138 -616 -833 -1159 428 391 166 466 42 -74 -1938 -1382 -589 -1164 138
-2017 -1444 2076 218 2167 903 60 639 -341 -648 -352 -876 -364 435 -1113 700 472 1258 -41 859 -400 -707 622 -1213 615 1124 -815 72 1319 1234
639 537 -762 -784 -1804 -1088 85 -1274 1571 188 -409 -387 -579 -910 828 -1086 -656 -2105 743 -776 679 -218 1173 2032 566 -1963 -874 475 -1394 187
-1573 1363 -662 1602 -568 -574 192 -2218 308 -2327 9 -154 -145 -541 -825 -1366 2666 147 674 769 -139 -809 2447 -2365 772 85 442 -1846 1372 108
2187 -1075 994 -271 231 1476 -1092 1651 -539 1189 -728 -1424 -583 1708 -258 1228 -824 -806 352 471 1100 1158 -1148 1302 -343 1158 445 2646 -2001 -855
-2577 1133 -511 179 1508 -1140 770 745 37 1063 -258 757 76 469 136 3901 1398 1240 1597 121 27 771 1156 -1168 418 -895 -1469 -2694 48 -2371
-1249 -312 287 1027 -38 1408 919 -1657 2545 -80 203 -740 346 -1755 -1206 -3456 -1312 -4055 -995 -2006 -333 -1550 -1698 1317 -432 796 -83 -418 -562 1824
