220 160 223 224 164 129 97 75 177 169 152 155 148 163 28 99 68 42 14 143 138 176 236 94 9 4 190 166 211 207 157 135 12 210 145 89 133 198 104 11 11 157 27 25 58 70 235 174 201 12 19 235 49 134 159 217 174 9 170 180 62 193 54 128 153 68 92 171 38 22 184 251 68 135 231 165 23 112 182 129 51 17 29 120 89 7 112 215 127 202 195 84 219 72 26 165 16 193 234 127 87 129 49 35 175 71 156 207 171 57 94 204 186 45 4 193 195 223 186 51 85 90 241 159 5 193 37 187
158 147 78 56 216 175 217 82 15 229 50 246 13 23 2 18 74 86 46 80 115 20 169 114 51 8 110 135 159 216 120 164 195 18 174 127 63 41 113 159 217 6 91 247 98 201 173 188 209 59 156 11 104 86 130 117 15 42 232 195 63 207 228 77 73 174 50 124 0 29 253 37 190 126 124 24 98 122 253 39 188 96 240 25 137 64 61 168 188 56 27 135 0 157 241 114 57 172 137 52 42 76 194 29 76 114 201 113 33 64 39 225 83 76 101 230 38 16 189 251 210 54 143 108 221 140 226 110
207 112 172 234 209 3 54 222 4 117 97 14 189 160 116 244 227 129 26 82 109 102 129 15 228 15 245 189 56 73 82 109 139 121 70 87 163 169 114 136 208 39 98 39 4 203 14 210 255 200 47 200 196 255 59 244 140 217 116 137 224 182 194 3 98 212 180 65 146 20 140 177 138 71 58 190 75 32 218 180 93 78 210 213 239 73 155 75 66 156 193 36 135 253 58 121 138 105 193 251 232 190 49 15 19 65 240 177 97 29 125 137 102 220 104 117 76 151 241 255 168 168 129 112 207 212 0 76
48 159 75 135 70 199 158 110 120 252 101 92 19 131 10 226 0 126 185 195 178 196 149 113 36 204 134 142 212 72 24 160 176 138 101 120 106 89 242 117 231 115 85 204 140 250 164 173 149 222 235 221 46 151 254 249 252 139 113 108 119 152 183 136 222 238 210 223 204 78 192 45 41 221 95 33 4 230 47 200 116 173 155 220 31 5 68 114 95 175 92 221 157 203 45 218 138 149 254 161 183 221 226 85 216 60 58 115 241 75 115 34 172 65 49 112 96 146 252 10 102 196 142 164 58 76 4 135
128 39 203 228 191 13 5 208 4 0 195 61 22 106 19 248 96 64 42 237 113 235 176 73 50 232 164 95 229 33 103 158 123 11 74 40 47 145 244 40 30 185 201 33 230 167 46 113 192 246 57 193 39 159 146 50 167 146 56 116 54 5 88 167 72 202 201 181 206 137 65 153 233 71 18 7 19 125 160 213 82 103 171 245 78 223 58 81 87 233 104 90 83 230 131 64 127 91 237 251 142 34 72 214 154 246 46 219 231 28 67 106 146 226 230 221 117 94 56 116 108 175 178 193 175 215 63 141
104 123 174 229 155 210 231 110 55 143 28 46 43 206 106 13 251 99 69 104 200 188 54 96 229 90 30 218 60 158 140 103 209 246 12 46 77 157 10 166 213 235 224 116 174 230 209 7 191 179 211 11 56 112 120 220 48 73 17 167 123 58 221 153 190 150 20 52 207 219 124 212 54 11 108 141 234 62 249 219 63 69 235 13 197 92 85 164 45 234 31 89 141 155 0 229 161 0 223 17 132 38 217 161 79 176 92 72 251 216 77 221 144 82 93 54 213 167 128 21 2 66 240 56 76 195 81 227
145 75 151 75 219 252 75 224 115 142 45 189 36 166 38 152 246 157 36 152 14 46 126 29 229 1 105 169 49 253 95 211 172 123 103 217 157 85 146 226 100 230 222 81 243 69 144 53 205 184 74 171 186 44 241 5 195 29 180 236 253 87 168 33 44 176 242 83 243 83 98 217 10 227 154 47 79 245 193 221 224 106 87 115 41 25 82 148 71 209 170 135 37 122 50 46 137 228 178 229 176 136 90 116 188 120 107 210 252 163 38 179 158 67 1 136 176 112 92 112 188 251 255 220 155 13 68 204
158 158 238 176 243 100 40 235 146 196 123 220 239 177 8 65 107 127 3 212 129 132 87 131 88 119 248 137 206 185 149 236 246 78 255 161 216 111 138 46 204 172 244 198 66 181 62 93 148 180 188 108 104 84 198 170 2 246 206 78 120 218 181 192 100 96 118 160 140 254 214 183 53 176 42 134 175 64 105 5 197 25 181 138 32 150 201 48 201 230 57 111 153 25 175 220 12 121 190 193 80 103 254 79 32 12 14 61 148 184 98 57 230 109 131 224 148 110 28 186 207 127 225 187 219 188 173 234
215 152 124 81 56 196 61 122 13 186 95 228 11 166 235 208 208 148 252 75 148 96 34 176 112 194 170 91 36 62 150 251 226 48 161 118 74 88 192 222 217 180 94 53 242 127 64 220 224 167 247 230 38 178 114 203 209 137 224 151 112 82 175 62 28 235 65 245 177 198 237 201 22 21 29 109 15 130 243 84 219 253 249 121 91 186 73 58 238 235 69 158 213 199 213 253 27 67 31 220 131 76 53 243 141 189 105 97 43 175 56 190 36 46 66 149 143 56 63 96 207 160 44 74 174 78 132 51
14 38 178 242 149 3 206 73 165 216 235 116 29 34 1 102 48 21 49 186 110 93 252 140 254 151 76 91 100 75 231 56 251 208 238 95 40 236 129 9 166 156 170 213 206 237 201 244 46 251 139 185 67 196 255 33 142 7 62 197 86 209 18 161 108 33 31 79 4 250 105 168 208 18 138 83 83 180 96 188 241 8 188 32 141 234 83 81 135 56 239 98 197 145 222 46 89 76 164 171 248 99 226 182 49 164 61 7 176 164 152 121 221 136 136 72 143 95 109 45 176 46 231 80 60 215 33 88
99 223 46 13 65 16 192 169 93 57 77 93 39 144 24 19 129 69 57 152 167 74 191 11 90 100 109 101 64 1 120 5 22 57 251 87 105 93 175 48 3 225 21 198 19 72 15 19 161 28 51 94 137 245 95 128 54 8 156 123 81 41 31 208 170 75 32 4 246 1 176 253 105 4 210 147 208 210 131 129 166 219 157 126 31 76 86 142 245 162 76 95 29 116 193 161 7 220 169 172 39 111 195 88 110 44 45 101 27 72 221 247 248 70 217 177 56 128 169 99 126 229 68 228 81 193 70 35
69 28 42 94 90 118 208 134 8 199 65 128 84 82 195 232 95 2 109 250 20 234 11 113 167 229 134 41 21 48 154 66 43 146 126 103 59 99 229 227 114 26 196 95 81 63 254 32 180 251 215 210 223 44 152 95 170 244 161 202 116 10 56 143 90 64 141 75 184 149 88 95 225 216 120 47 95 15 118 20 160 158 116 6 255 151 40 172 68 101 68 129 97 134 148 23 252 40 53 41 209 163 200 119 225 23 126 165 212 27 66 62 119 97 174 207 194 183 94 225 243 194 19 202 215 55 143 17
212 216 199 89 177 68 28 128 207 102 32 206 217 59 156 144 223 156 63 41 9 166 107 41 226 229 6 102 8 128 98 13 77 131 57 145 6 30 116 213 1 136 66 240 102 9 246 11 86 121 56 218 109 196 99 174 165 251 36 68 228 157 9 193 250 139 142 175 143 154 12 254 43 169 238 245 234 216 33 143 131 223 59 125 169 146 113 131 112 145 84 20 237 161 54 50 5 163 12 239 167 111 224 119 47 112 218 137 41 205 250 56 174 112 141 255 205 94 173 140 245 73 25 218 242 236 217 69
195 249 137 91 40 68 197 78 216 170 253 30 48 163 145 246 116 181 70 163 38 210 226 13 138 215 151 11 23 137 49 206 162 158 182 253 210 134 76 29 182 226 240 181 78 135 34 153 66 132 67 0 162 101 91 61 79 149 216 5 239 53 187 9 224 120 30 30 26 142 8 67 47 93 18 12 198 70 103 249 171 220 151 180 166 176 62 75 180 186 58 105 93 54 229 76 31 134 235 183 133 64 12 180 160 169 133 177 189 102 159 18 187 233 107 66 187 14 144 124 239 193 58 20 233 177 68 144
72 158 176 155 189 24 33 145 244 73 201 142 157 64 105 98 69 50 241 252 128 250 88 129 254 227 119 234 148 198 106 63 152 43 237 16 233 111 117 39 202 179 172 100 140 157 67 139 94 34 164 13 161 242 213 126 109 149 130 78 164 97 4 180 206 214 135 115 238 0 40 218 25 117 148 152 65 82 221 158 182 100 213 136 12 144 48 112 175 239 54 76 80 127 127 116 236 241 227 52 1 62 137 21 101 32 165 50 211 134 73 131 136 136 132 106 184 78 72 199 48 91 153 60 155 216 98 251
145 108 180 140 239 52 119 182 83 108 87 187 183 108 212 93 185 192 233 71 33 193 185 130 137 165 140 21 249 149 73 224 206 80 6 238 62 108 7 175 193 214 249 230 15 247 4 44 57 84 233 193 116 84 65 190 147 99 68 221 245 196 62 15 216 66 118 126 137 172 65 169 146 71 216 36 66 112 221 44 184 118 57 122 98 17 18 77 176 30 89 248 20 221 132 138 100 206 207 194 10 152 84 47 94 118 206 115 248 236 105 239 128 214 96 61 163 36 198 151 82 191 197 142 77 209 59 163
172 223 111 68 126 151 194 176 149 141 97 88 183 60 79 32 87 51 74 232 86 191 214 99 109 228 240 135 213 169 124 227 18 31 17 118 76 172 175 97 188 83 174 135 111 197 9 200 42 75 217 179 86 116 97 12 145 230 15 91 221 14 165 135 98 239 90 201 74 105 214 182 158 172 133 254 178 76 160 88 208 128 251 252 224 191 30 32 70 69 25 131 37 95 235 26 65 27 40 143 118 151 244 125 221 197 251 148 203 65 63 161 52 223 246 114 235 226 63 8 58 189 103 151 47 68 190 129
249 96 122 160 212 135 112 215 8 48 157 140 145 174 70 196 150 136 54 214 19 157 131 6 111 70 31 254 216 9 244 55 188 99 93 139 75 82 95 214 225 94 171 166 77 63 209 9 212 122 16 166 18 45 81 92 49 184 222 152 185 65 106 248 236 5 196 195 24 227 12 109 178 226 98 54 93 192 29 98 134 185 219 216 3 242 85 122 96 228 41 32 60 61 102 14 19 81 226 119 127 215 203 22 55 26 96 134 205 39 109 205 34 196 46 216 156 26 46 37 40 175 255 105 70 214 85 238
140 231 41 132 85 8 131 24 38 42 46 163 118 127 33 87 102 211 225 13 40 201 239 170 186 213 177 99 58 82 135 92 193 20 214 222 64 114 152 97 36 41 101 63 86 90 228 5 159 47 106 196 133 251 229 85 115 237 44 107 72 215 99 77 124 47 21 248 244 43 7 213 124 208 224 213 104 252 190 12 70 130 231 59 180 57 87 127 0 164 181 125 54 143 105 64 46 20 130 14 132 81 180 22 75 220 188 129 141 186 24 54 127 110 168 21 119 38 79 172 214 201 56 79 107 71 9 114
168 151 165 14 242 3 252 40 78 110 129 193 205 210 191 86 161 148 166 115 237 19 159 0 68 2 41 114 133 232 148 230 130 177 42 166 176 59 122 129 148 26 41 146 207 98 189 65 248 41 104 246 122 230 75 36 115 191 164 202 1 76 209 72 144 114 34 193 68 78 67 31 172 85 67 181 192 57 187 73 197 158 195 30 56 186 243 231 76 135 204 180 50 230 102 197 130 206 96 199 135 42 150 161 107 255 19 86 189 253 78 80 102 187 0 187 105 184 54 84 81 145 128 105 107 0 29 178
145 251 71 141 63 250 97 30 68 235 205 123 219 224 251 223 110 79 254 216 60 41 36 110 208 174 133 175 37 211 99 131 226 30 198 248 12 29 158 179 148 229 187 25 237 242 92 59 107 227 223 161 138 120 165 133 145 124 40 200 145 143 249 213 105 41 128 3 119 40 191 156 157 119 236 125 225 148 142 255 3 160 164 35 86 195 47 100 167 90 88 32 214 9 249 111 120 125 113 207 6 57 186 47 206 156 62 25 176 8 96 12 73 3 136 69 218 74 8 56 36 117 103 146 143 80 1 223
241 73 50 116 76 109 102 135 5 94 67 100 106 228 246 255 57 80 178 203 163 83 181 22 215 250 93 207 76 85 8 91 45 215 246 251 117 146 113 23 228 41 223 193 237 168 235 146 216 89 159 105 166 91 234 62 207 233 248 255 65 116 54 88 61 137 37 141 92 237 6 173 123 188 170 168 170 148 51 194 122 229 177 110 126 25 180 222 236 80 201 167 190 98 44 80 36 180 141 64 207 54 3 10 170 5 85 204 183 103 179 94 192 167 218 145 220 94 24 238 62 167 98 30 121 123 62 113
157 215 171 249 5 122 157 183 211 34 14 156 74 230 244 3 31 39 96 243 58 140 51 134 221 179 101 131 4 161 71 211 23 184 87 171 74 88 241 109 85 130 8 87 65 211 157 194 251 194 246 13 49 151 18 199 196 13 196 149 121 95 188 48 166 112 255 109 150 196 185 19 134 41 135 89 94 232 34 4 15 232 145 153 119 118 49 183 220 99 161 54 22 237 196 198 95 157 59 182 200 94 194 71 57 43 237 192 109 29 247 143 127 117 56 52 246 222 55 130 51 151 180 77 61 49 223 166
228 92 51 79 48 236 209 55 213 41 193 176 93 205 1 41 195 146 196 225 208 124 132 48 34 44 171 216 15 228 167 224 178 238 242 87 107 130 37 130 179 70 166 217 64 46 134 243 146 232 242 62 168 150 12 93 228 87 78 243 167 27 197 142 209 63 250 128 2 105 58 67 29 124 118 140 203 151 30 65 248 55 31 21 55 220 49 207 32 180 87 98 93 30 89 50 176 17 205 94 41 0 67 240 71 243 21 235 158 95 138 177 241 249 18 65 201 186 122 125 201 7 245 112 126 92 21 179
4 98 207 239 145 14 212 223 250 237 1 230 49 17 144 66 75 255 28 105 203 233 130 196 39 75 140 67 83 5 16 161 5 199 168 200 91 237 226 193 248 134 36 212 43 247 65 186 56 66 54 37 66 47 104 65 5 2 205 127 40 182 66 249 29 121 92 85 9 120 216 93 114 221 184 188 220 200 71 234 9 37 142 206 222 254 45 255 97 33 172 0 131 179 78 83 5 253 132 232 80 239 100 134 106 132 153 16 141 254 180 75 135 96 8 116 6 92 85 214 152 174 68 210 229 9 3 211
179 28 162 23 135 156 85 189 203 179 187 47 1 29 102 101 134 22 86 200 39 160 104 73 39 120 220 89 140 88 31 186 107 184 25 134 157 208 91 21 172 113 57 150 41 177 170 164 236 108 84 28 207 154 211 201 144 24 194 170 176 247 26 175 21 54 98 224 118 231 253 36 126 51 213 146 31 148 196 93 162 149 162 16 15 51 92 155 153 118 104 3 54 131 143 12 116 123 175 59 173 133 37 91 148 80 244 156 223 196 107 49 163 113 230 97 74 179 97 67 62 37 241 40 229 31 158 248
200 213 64 121 34 84 51 72 157 143 142 36 130 20 213 147 207 86 52 156 221 97 226 63 202 36 207 252 187 148 253 182 20 233 103 118 230 99 36 63 1 228 240 10 83 148 81 39 177 196 189 148 248 189 16 107 51 202 52 82 98 125 124 120 236 121 89 58 234 210 43 139 106 36 171 103 150 58 36 78 153 153 84 112 77 177 65 225 15 67 52 200 213 167 127 146 116 15 175 154 205 71 50 32 117 58 6 84 173 159 166 171 20 173 59 133 216 16 120 44 10 150 96 152 238 39 173 165
198 203 235 105 11 44 157 105 146 26 124 117 175 34 170 20 123 70 212 63 171 118 19 165 225 43 208 93 108 102 38 209 120 104 157 94 100 154 182 223 210 218 3 176 252 232 132 181 97 110 21 112 173 202 254 233 119 145 98 244 152 165 117 31 24 246 117 118 179 40 145 38 151 19 11 173 61 132 235 35 119 158 63 176 36 186 137 51 47 29 46 162 219 115 8 46 240 130 134 145 143 203 124 62 216 4 209 241 108 187 251 27 160 228 63 237 45 125 154 225 139 92 84 253 248 162 33 31
167 21 162 85 7 223 19 125 156 139 149 129 230 137 74 71 113 81 53 32 151 143 186 170 90 61 240 102 215 91 176 135 168 174 55 198 223 40 204 203 89 175 179 121 53 57 189 140 112 59 91 34 132 224 26 106 87 179 168 17 31 166 51 225 76 55 191 85 147 235 1 134 183 44 234 43 178 70 89 141 147 147 167 240 40 71 33 47 138 142 71 219 108 13 224 30 110 80 236 226 16 236 248 205 139 248 236 106 181 114 135 122 190 145 156 177 154 35 250 192 145 136 220 225 251 160 33 222
124 7 137 158 141 57 95 80 182 129 168 154 143 72 124 42 226 38 66 127 176 92 192 244 201 194 14 37 90 247 84 218 137 80 68 94 27 185 99 65 111 193 54 221 1 35 63 190 185 143 182 176 213 65 60 240 128 222 51 48 39 57 177 229 127 136 116 235 34 40 186 198 170 235 75 204 170 176 176 148 14 150 42 114 237 237 96 156 83 239 146 154 67 89 89 65 33 70 175 90 197 189 3 53 97 81 39 161 251 7 37 167 138 111 31 71 211 51 188 171 130 168 239 176 234 55 79 16
190 190 107 140 198 66 192 40 231 242 236 185 73 14 209 29 193 201 20 123 64 224 238 94 36 65 125 17 165 10 253 92 73 27 170 238 175 122 231 219 40 72 116 154 67 30 74 113 209 83 109 231 82 94 15 53 204 170 15 10 23 91 235 19 13 19 245 171 240 160 112 76 24 214 54 25 26 235 72 159 249 208 174 236 77 21 129 67 216 221 255 50 252 17 54 196 19 51 174 84 21 46 240 204 202 54 99 48 220 230 151 129 206 111 214 144 186 149 129 144 31 140 143 187 116 158 103 39
35 63 225 189 221 18 14 246 68 175 218 231 191 239 79 32 152 20 136 181 136 243 34 202 88 43 194 98 73 147 11 61 18 20 34 160 50 54 127 49 7 192 212 247 80 6 161 129 61 247 186 246 241 58 99 132 192 36 16 28 145 23 210 116 60 58 59 50 97 227 172 194 114 149 225 36 17 47 241 183 214 191 201 205 208 45 213 205 35 127 191 167 134 253 218 190 232 125 154 202 119 52 18 38 95 82 96 8 17 112 59 167 123 174 160 130 36 15 58 102 94 150 137 207 206 190 20 34
34 57 96 223 180 46 131 5 137 18 223 250 81 69 78 98 249 233 40 109 225 222 20 124 34 49 54 123 206 24 51 158 177 41 151 82 141 15 113 44 77 167 195 80 246 193 136 76 198 224 222 228 81 84 249 137 153 252 152 121 221 102 208 8 111 122 206 165 72 137 230 211 241 4 222 121 158 242 247 48 215 86 247 87 118 177 94 107 112 41 208 155 219 110 11 18 142 53 10 0 93 148 98 198 246 111 170 188 189 26 221 34 180 119 128 81 102 214 79 216 22 47 109 247 168 59 163 0
15 186 141 37 56 111 12 117 115 90 73 233 187 101 182 40 106 236 233 157 9 249 131 175 116 2 67 176 205 45 0 119 202 74 13 220 72 235 83 87 209 152 14 17 115 88 60 79 194 10 80 81 242 67 221 192 12 251 176 146 211 11 104 42 66 118 4 107 38 65 238 75 106 78 29 95 231 99 31 162 202 34 117 158 240 120 19 236 231 34 248 228 163 202 48 90 216 144 76 135 74 22 122 73 253 100 208 116 253 33 185 246 158 37 64 27 139 250 227 203 251 134 80 13 209 35 234 134
240 192 200 147 82 174 61 13 203 242 59 251 36 133 229 241 217 240 159 122 19 4 225 24 102 130 123 75 164 151 38 226 60 141 67 252 225 246 150 118 100 214 247 169 59 248 125 141 240 165 68 249 152 111 5 193 242 47 143 185 67 111 214 67 121 125 100 14 233 230 109 121 84 219 19 11 119 157 71 156 48 12 184 116 129 130 4 189 25 102 169 91 17 232 66 132 76 104 151 94 5 174 215 222 147 240 170 116 156 49 122 90 94 226 76 149 213 154 186 238 60 103 86 102 49 32 40 32
122 50 196 245 243 73 210 125 159 97 83 28 157 70 48 22 128 85 117 141 36 250 242 39 100 37 215 69 96 218 209 207 0 17 168 137 233 82 130 14 3 87 73 212 18 205 14 65 70 158 141 38 86 38 64 217 75 44 32 223 191 220 60 115 164 225 159 23 126 14 23 53 195 133 216 81 155 68 146 52 79 241 102 86 206 55 190 248 111 26 251 231 45 12 229 127 55 63 128 195 58 4 213 233 252 217 144 213 104 71 35 95 92 73 114 176 210 195 169 238 102 158 195 108 58 135 160 210
168 85 223 104 48 125 78 41 129 86 60 235 83 180 139 88 249 180 230 62 83 200 124 233 250 82 190 0 50 136 41 248 71 80 167 243 72 140 233 191 134 253 37 187 175 124 130 236 113 44 97 221 214 155 41 11 20 12 42 214 218 187 9 80 91 41 145 67 135 146 214 255 4 150 141 81 208 210 216 96 178 10 24 93 210 143 216 30 63 192 242 140 73 4 20 103 220 116 249 242 245 212 78 144 245 136 30 145 70 10 86 225 175 91 197 160 127 74 191 198 147 250 20 196 226 212 121 46
197 137 104 211 87 8 92 145 193 105 190 240 183 108 162 157 220 3 130 54 241 17 41 67 160 51 184 10 226 2 226 3 226 175 196 155 47 117 241 53 74 55 245 91 11 197 28 203 142 129 177 116 163 166 189 54 188 198 13 167 247 120 150 181 94 124 185 21 99 68 11 170 70 239 20 231 226 204 35 167 119 124 220 217 76 176 109 85 201 47 226 113 99 199 100 197 27 146 126 124 202 167 96 71 47 168 187 184 235 173 56 51 249 215 215 96 207 94 201 214 129 65 83 95 14 238 93 118
110 27 187 218 166 183 59 138 158 158 230 138 148 196 140 239 76 133 175 67 237 149 142 144 93 120 180 19 177 223 66 28 120 27 135 135 127 63 32 30 38 184 141 111 191 140 173 40 185 153 222 122 223 143 14 238 227 36 239 143 236 69 93 57 162 49 163 235 73 135 84 239 190 101 129 129 222 104 128 77 228 41 63 205 114 183 237 37 104 126 182 215 59 124 225 73 169 228 163 40 188 20 216 43 29 114 34 199 240 149 34 161 109 132 21 201 197 99 15 152 20 127 240 109 58 254 52 64
41 39 9 135 243 102 57 166 95 34 227 236 153 82 11 34 83 183 234 90 27 45 97 130 227 196 11 128 50 216 113 117 179 71 213 6 68 162 103 196 193 81 91 64 68 154 252 98 73 100 85 230 60 128 154 224 235 182 50 35 250 138 133 88 92 245 248 212 125 221 141 170 225 239 215 104 88 134 204 184 34 137 163 38 75 181 35 59 108 29 127 152 40 104 58 38 76 46 196 90 108 225 105 49 248 104 245 185 97 155 72 58 61 181 34 217 223 124 38 244 231 156 84 190 227 149 6 97
246 120 186 162 143 65 126 42 83 94 76 105 147 213 97 252 2 12 30 33 137 187 215 236 178 174 91 48 244 24 166 94 42 107 195 250 31 68 242 35 103 242 146 76 139 116 93 114 148 65 172 123 93 233 245 81 241 124 71 208 209 84 120 196 116 47 152 196 150 64 92 174 132 23 163 61 80 164 174 249 202 227 29 3 66 103 203 181 23 169 161 210 66 238 175 70 109 141 98 200 194 180 197 108 37 86 167 234 13 110 49 187 114 64 41 60 216 152 27 51 2 51 66 65 16 97 145 89
192 58 177 51 193 23 116 139 59 45 5 199 119 99 83 148 225 212 16 39 25 83 95 96 53 201 163 134 154 166 230 126 28 248 205 69 141 152 50 102 45 91 193 166 65 115 101 124 140 208 209 94 96 41 155 149 12 197 86 1 118 133 68 167 153 201 164 122 74 51 108 174 162 131 143 187 126 150 104 15 135 66 15 54 108 243 144 109 104 222 96 82 84 229 29 115 26 92 162 232 57 201 159 58 197 180 237 205 62 181 145 151 242 31 197 83 203 50 253 18 62 76 69 242 36 109 95 54
123 94 73 158 193 59 35 121 98 106 32 67 113 249 14 201 206 174 101 83 214 61 48 167 144 155 83 59 53 9 186 111 177 105 81 187 94 93 130 206 244 221 1 181 113 43 97 83 209 6 143 199 121 6 162 184 4 62 235 51 132 139 90 103 225 94 193 108 163 59 249 244 238 30 201 106 143 33 42 139 252 254 246 186 131 2 4 1 170 66 168 226 128 71 98 57 170 46 248 165 170 28 239 60 235 153 163 32 131 130 21 41 197 63 168 181 140 18 188 203 6 111 11 184 230 56 139 75
59 72 206 4 166 176 83 212 66 168 149 75 14 9 10 31 183 190 25 38 239 72 99 165 114 205 197 205 244 205 20 95 25 174 245 42 14 113 41 167 3 222 242 83 56 63 158 81 64 106 253 149 9 151 13 115 67 48 247 222 189 20 134 221 116 16 15 129 86 46 61 236 133 107 74 7 24 251 164 55 45 238 20 96 20 228 243 33 235 134 157 239 92 21 101 65 63 205 61 6 58 121 65 69 253 227 125 3 17 145 176 119 105 184 56 38 103 176 112 156 214 226 227 156 252 237 154 159
31 180 182 220 114 131 218 41 193 162 172 1 169 34 219 237 247 240 121 35 116 245 44 64 83 88 57 39 201 110 74 131 15 120 146 195 40 47 253 191 176 162 132 46 246 187 200 102 232 70 111 23 184 203 45 95 228 65 13 66 245 230 165 113 221 86 220 26 80 17 122 162 31 31 61 89 47 52 194 176 74 164 70 1 161 248 38 237 83 69 217 15 74 238 219 239 37 231 30 93 93 149 210 148 237 248 57 238 179 129 136 141 99 61 127 142 151 182 185 128 9 168 37 80 149 84 221 217
72 94 201 18 181 113 142 116 129 24 55 254 36 37 167 72 250 212 166 115 219 210 66 240 63 191 219 222 21 39 159 75 161 43 65 92 219 83 142 116 255 233 171 28 107 202 150 21 197 79 75 2 156 41 19 50 141 246 165 238 51 172 103 113 128 237 204 131 101 171 209 165 74 134 199 115 229 156 230 17 51 115 78 90 74 113 180 70 237 1 38 90 158 20 50 245 19 184 219 130 87 52 115 18 45 238 198 200 73 150 184 157 29 203 41 89 216 200 78 147 178 251 245 185 188 186 254 111
163 166 7 59 3 55 203 234 88 229 124 23 188 206 221 92 141 209 116 44 156 253 167 39 99 128 185 153 115 62 151 216 126 6 57 30 9 207 80 39 22 1 100 54 224 29 106 110 142 239 142 16 149 226 153 143 19 145 47 3 24 75 192 239 180 166 120 107 185 98 224 157 107 185 45 34 10 93 248 208 232 222 3 153 130 206 126 235 1 60 90 238 218 106 129 22 62 248 135 125 212 158 16 160 232 176 17 122 217 145 211 108 132 171 95 92 205 196 127 41 198 232 181 16 226 113 41 49
111 244 110 52 157 16 239 88 127 244 244 18 196 39 176 172 119 47 52 54 150 139 51 226 226 177 210 198 6 19 142 52 85 216 57 251 150 18 215 168 149 185 53 170 10 57 229 75 230 81 223 173 203 234 96 248 251 169 69 202 10 166 50 66 45 102 196 171 145 140 44 48 210 250 210 213 122 4 117 23 232 156 39 66 80 192 42 20 45 86 194 26 12 146 68 100 63 48 228 50 241 171 190 140 164 23 200 86 166 7 131 21 255 72 29 235 82 21 45 33 200 246 171 160 150 162 198 86
88 17 162 143 216 68 204 171 90 79 39 14 136 51 115 97 121 237 121 19 73 212 4 142 166 185 22 37 78 247 227 119 94 142 194 240 201 193 205 253 109 33 68 181 217 0 142 99 6 15 152 191 143 197 55 228 150 241 231 193 113 121 135 11 22 8 48 212 221 189 215 136 92 66 110 176 173 99 125 6 223 21 166 70 156 24 255 216 27 19 128 179 19 46 239 141 30 27 234 97 8 182 246 114 67 232 183 68 65 203 142 166 103 210 221 1 123 192 60 224 165 206 184 252 111 79 176 47
46 202 184 18 111 206 184 211 12 97 216 131 162 32 193 14 227 192 255 133 98 214 208 148 211 31 8 91 182 77 214 94 112 222 168 25 219 193 34 149 137 125 149 171 178 182 16 187 166 215 198 85 40 210 105 180 110 7 227 84 162 83 36 157 153 32 89 212 174 70 99 233 209 249 81 252 38 164 110 224 94 42 109 210 85 150 226 151 210 133 136 34 221 238 21 218 105 72 165 79 86 231 175 1 154 110 245 214 20 223 36 153 57 24 16 176 168 196 41 72 57 155 20 61 188 35 80 247
50 144 108 245 226 121 239 250 125 240 210 58 180 135 120 203 85 228 223 26 124 6 11 221 27 67 179 249 113 181 81 12 15 53 212 32 92 12 5 182 60 138 215 9 42 208 178 89 50 127 89 6 6 191 115 74 9 73 252 94 94 15 158 44 124 164 44 223 247 195 249 111 177 168 78 253 246 136 90 96 7 40 34 139 210 114 178 176 202 192 229 199 226 18 36 229 160 78 104 241 9 139 166 44 14 236 78 220 2 217 146 68 20 86 245 103 212 15 84 141 51 165 215 185 178 151 175 157
226 182 42 222 198 172 57 231 161 99 80 183 54 10 199 146 161 101 9 205 229 53 192 154 152 133 138 120 126 7 213 13 205 64 169 250 138 96 14 1 61 186 248 90 129 11 118 45 85 76 13 6 204 226 165 245 20 159 203 133 175 169 167 14 197 194 18 146 147 145 14 250 81 2 160 228 247 67 132 102 179 37 239 121 66 168 196 106 116 159 176 68 148 179 249 99 88 130 14 26 105 186 203 15 213 31 69 205 227 0 77 83 151 187 253 190 53 164 87 211 163 121 240 201 170 190 215 156
95 200 213 136 223 108 162 80 223 99 192 139 80 200 242 71 44 242 160 71 143 30 53 36 212 254 198 157 14 238 111 159 58 231 94 58 70 84 57 102 74 224 210 32 179 161 50 154 97 161 169 72 38 189 191 28 164 232 100 193 120 40 74 152 88 135 64 58 216 74 29 141 157 151 124 251 163 250 113 226 128 89 53 9 99 47 247 120 65 73 65 140 135 84 132 56 232 153 14 3 126 225 11 107 15 201 93 63 191 109 122 195 246 46 195 18 139 59 150 125 5 14 146 234 27 21 167 52
44 252 3 8 193 72 250 242 4 121 30 227 0 238 83 10 221 203 120 202 44 120 246 230 248 15 66 49 61 214 249 158 39 3 251 150 163 53 233 119 144 127 11 212 217 174 169 229 160 118 198 1 128 116 104 130 6 245 226 146 123 125 243 65 78 153 66 85 188 193 109 7 60 132 63 145 6 51 47 40 113 12 43 97 27 89 251 79 23 250 105 208 26 95 237 149 90 61 2 95 247 166 91 186 95 228 184 30 147 173 120 219 214 108 242 192 197 124 171 244 58 134 95 62 237 37 111 91
163 140 137 158 99 250 251 70 210 248 15 24 117 132 39 96 152 17 78 12 73 171 233 228 218 23 45 57 66 150 98 104 254 40 244 90 56 56 221 211 192 141 45 99 114 223 147 39 21 145 13 75 171 226 23 146 33 65 215 177 23 44 225 145 13 231 219 92 98 158 103 61 81 189 64 100 247 43 87 110 58 167 184 150 189 227 72 250 225 156 78 45 91 8 200 0 193 19 123 187 241 204 141 38 152 177 4 81 40 160 245 202 87 169 231 208 55 145 241 33 223 167 122 4 28 44 64 96
82 222 8 52 51 2 92 14 135 9 89 146 33 38 189 142 43 188 158 114 2 93 232 250 237 169 24 58 31 75 176 192 251 169 236 188 33 102 176 180 10 220 187 123 207 209 238 78 12 225 188 112 23 8 99 72 35 91 25 187 228 225 190 95 252 58 86 20 81 141 101 46 139 253 23 5 100 204 226 231 49 126 140 152 236 240 96 225 238 30 49 122 137 183 218 167 180 107 18 205 18 55 69 198 208 116 222 164 141 101 107 115 31 27 32 38 79 123 98 73 182 107 235 88 0 9 106 236
12 15 18 146 157 23 120 163 188 153 229 200 116 237 84 185 118 98 10 90 70 0 200 246 148 67 98 215 131 40 12 60 21 113 169 168 80 110 195 97 20 189 233 178 182 224 35 194 16 115 248 214 152 245 95 92 123 127 36 185 174 101 218 186 220 196 110 52 108 225 158 5 160 159 12 116 126 124 29 114 41 158 210 29 150 249 92 55 241 210 182 215 125 174 9 88 62 119 61 148 78 132 245 200 189 51 247 184 18 236 237 41 179 4 163 22 201 206 128 22 183 22 195 248 254 36 118 106
156 145 70 187 216 232 3 99 167 126 166 177 12 116 168 104 57 56 30 151 234 94 112 20 70 210 66 17 207 241 162 86 115 167 26 79 118 2 228 111 50 93 212 64 142 111 180 150 253 171 183 17 99 200 43 19 249 175 186 96 14 189 110 207 243 123 48 93 77 63 158 132 240 10 205 7 27 30 80 203 254 43 144 154 43 21 137 42 62 145 150 143 81 254 34 101 215 94 209 197 130 4 141 2 219 87 2 208 203 42 62 134 111 243 241 72 103 61 170 170 127 94 138 140 110 145 85 3
222 201 107 220 185 193 179 112 183 172 3 121 84 62 51 56 248 53 85 140 53 227 13 166 20 30 154 240 11 60 79 188 116 100 9 228 225 3 184 111 255 21 155 39 66 14 173 140 55 74 91 150 91 92 98 63 140 66 39 129 67 78 52 156 75 177 2 205 176 36 71 48 111 163 216 77 221 215 129 132 81 171 195 201 161 188 85 188 92 159 111 190 137 91 153 90 147 23 4 15 233 74 34 40 232 169 251 23 249 177 173 165 55 225 17 41 178 208 130 41 159 101 144 124 107 102 58 25
22 216 156 227 171 103 100 53 91 19 240 238 157 176 138 239 60 34 254 81 138 245 79 246 133 136 252 52 7 209 43 102 41 42 222 26 243 78 128 214 140 202 250 152 129 202 197 247 174 69 240 215 14 172 15 12 154 48 31 26 15 22 206 149 23 196 202 233 205 96 128 17 49 46 165 234 180 31 156 28 172 9 123 24 252 139 65 74 79 183 185 241 219 194 33 139 34 141 173 23 250 27 239 15 46 207 230 93 89 197 161 46 35 170 42 120 178 168 37 117 215 22 126 51 29 34 20 83
45 178 24 189 236 178 9 203 144 175 48 252 254 17 8 147 48 124 123 225 138 58 44 204 191 169 231 70 134 205 93 8 38 174 38 236 29 52 211 111 68 166 208 66 252 167 111 212 100 185 239 80 36 144 166 200 122 120 226 133 15 119 8 59 75 29 243 176 100 159 83 199 214 209 154 222 195 47 130 69 69 80 183 203 153 33 10 193 147 64 23 214 215 49 125 207 158 27 150 33 223 42 197 236 240 112 156 1 145 43 27 57 76 69 241 95 62 188 123 255 184 0 252 69 96 229 58 20
152 166 162 190 149 17 202 17 252 175 82 230 112 120 40 192 144 222 135 30 92 221 64 159 22 74 252 57 160 14 184 23 73 99 11 88 93 56 142 65 173 83 75 110 215 148 107 168 24 142 156 96 167 245 109 219 152 2 106 136 97 106 190 160 9 233 94 12 77 141 57 69 74 173 51 196 228 130 10 172 105 124 168 171 32 121 217 105 38 137 235 174 159 70 204 20 48 132 195 97 53 183 172 169 229 160 224 202 1 171 232 30 224 66 104 93 51 129 34 36 248 22 39 14 85 140 188 248
213 17 99 241 169 182 88 60 238 80 247 46 216 93 135 11 111 215 121 100 169 79 143 11 246 60 195 201 114 246 93 244 146 9 251 215 177 162 86 74 87 161 241 77 135 203 76 152 60 67 167 212 68 90 195 201 9 9 102 99 200 48 170 28 92 195 212 31 224 189 179 74 73 160 189 104 242 234 147 10 88 244 247 16 123 152 89 100 68 133 166 79 32 174 60 215 179 23 206 209 86 238 64 1 189 246 113 169 193 157 253 61 186 126 45 137 86 7 194 247 90 222 236 129 31 181 180 105
36 41 145 28 212 36 153 120 152 20 217 253 236 162 35 191 68 218 30 157 237 203 64 81 8 195 220 65 171 225 28 116 95 3 75 169 51 152 1 92 119 130 251 234 4 109 201 138 51 63 237 111 3 88 247 45 165 178 201 68 156 153 36 153 117 117 132 60 97 14 47 30 146 17 115 69 138 221 115 217 126 241 211 126 81 22 58 4 104 38 133 15 82 197 138 60 222 241 117 245 119 80 74 171 234 214 86 222 202 142 254 171 62 45 44 134 134 24 74 39 170 171 86 51 120 236 102 114
51 7 201 79 103 59 12 146 197 60 39 58 138 255 53 19 6 162 223 221 79 237 25 130 2 160 142 174 130 12 102 217 52 65 198 222 108 105 227 229 155 57 45 111 182 92 222 105 3 24 158 210 36 209 4 210 11 118 214 46 180 211 190 101 78 202 215 193 247 3 188 204 185 89 155 110 220 241 179 251 165 57 226 8 34 120 0 27 178 51 110 146 18 128 2 211 162 128 75 28 214 41 84 45 41 42 134 104 220 248 60 250 108 144 144 183 80 59 120 120 187 1 5 74 189 10 157 39
238 104 75 224 135 170 31 48 109 240 100 69 70 87 109 76 146 238 207 0 67 106 154 36 36 29 214 146 82 193 15 54 150 105 184 212 32 100 115 103 128 211 22 210 64 147 179 118 43 8 37 196 197 240 203 241 109 90 24 249 173 134 133 133 57 20 114 105 190 146 91 119 184 44 28 125 185 12 205 49 158 7 17 116 179 127 133 117 34 55 55 125 17 49 223 252 157 129 59 13 240 246 69 192 88 16 155 44 73 12 210 42 16 116 145 160 59 5 78 159 49 190 30 138 233 73 76 229
57 103 5 96 198 203 183 36 4 85 217 231 215 169 176 90 160 184 215 42 177 189 214 49 204 148 47 65 73 219 42 44 97 91 165 63 209 4 53 88 161 120 219 208 224 216 104 116 235 146 113 19 37 5 40 58 229 69 230 111 254 57 15 142 83 14 79 18 196 239 82 119 118 162 41 212 26 249 23 21 245 105 98 19 21 208 249 214 179 192 94 241 150 229 64 109 139 212 14 255 174 197 208 215 221 196 54 128 37 54 44 136 4 223 123 172 77 61 210 132 42 224 229 3 118 0 163 17
222 234 123 119 22 209 4 89 24 222 26 55 28 221 69 55 10 92 103 186 144 2 118 177 247 243 45 144 182 239 158 4 184 137 235 196 189 131 211 35 108 32 232 186 38 119 13 19 133 29 156 231 56 163 186 66 254 90 64 243 158 137 84 226 184 233 192 119 37 53 97 177 202 103 91 61 174 61 101 24 216 20 149 58 56 250 158 96 202 162 54 100 168 223 25 208 55 205 3 8 126 217 170 11 133 56 251 79 93 123 209 193 185 75 199 88 208 58 149 139 147 3 190 180 144 86 177 167
142 170 146 39 157 176 111 166 62 159 55 182 130 183 171 141 211 36 221 66 11 155 159 113 131 52 180 168 77 60 142 136 117 216 252 8 166 232 0 229 203 71 91 7 62 242 230 1 18 90 249 192 110 242 29 119 37 134 41 221 95 10 53 129 133 18 218 202 121 53 136 244 188 136 49 185 184 61 180 56 125 113 235 48 90 26 30 237 243 254 27 206 227 199 242 63 247 41 4 119 187 186 116 203 23 250 69 238 118 62 112 9 214 50 88 244 144 223 230 236 54 211 27 82 211 248 178 189
88 238 225 2 173 120 149 120 181 34 255 164 14 132 251 165 42 140 199 16 51 52 16 1 97 28 40 91 224 254 116 55 221 228 28 104 240 233 28 130 131 160 86 35 243 54 219 126 245 220 249 143 49 13 181 237 255 41 142 29 17 245 218 165 191 100 254 62 69 202 165 205 145 27 203 180 7 89 224 197 94 97 109 91 35 9 245 30 93 142 1 74 163 226 95 227 53 0 143 93 153 168 70 42 93 63 196 246 185 24 231 4 43 17 254 112 58 203 153 113 104 135 169 230 160 59 118 174
174 105 175 145 239 76 78 99 115 28 227 124 106 164 106 118 208 98 88 87 230 73 40 3 252 8 53 224 168 231 181 243 168 161 241 102 240 157 143 141 183 250 55 117 245 30 27 89 78 189 145 226 151 85 188 204 40 118 196 35 124 102 77 25 206 171 200 129 133 205 147 221 80 213 78 128 154 13 172 182 170 68 37 179 207 130 204 117 62 210 142 8 87 183 164 2 197 175 216 12 119 46 101 182 48 37 160 239 205 20 6 241 220 246 50 212 231 77 178 227 136 23 125 97 217 204 54 183
152 26 83 84 58 162 164 51 144 169 180 78 35 153 227 102 238 184 254 49 196 247 120 109 199 229 37 216 187 247 42 229 108 198 185 10 70 9 47 144 216 84 88 61 110 93 207 69 76 93 109 131 48 207 30 180 59 245 40 252 182 145 122 81 116 229 207 79 205 139 222 188 32 206 161 234 103 2 176 187 109 56 216 121 212 74 98 21 237 135 143 200 61 202 216 229 58 18 32 210 85 108 61 135 96 227 140 110 128 25 67 50 222 114 204 197 40 64 41 16 99 32 19 154 227 137 226 96
107 180 91 237 146 247 6 8 147 94 142 63 240 124 123 41 206 40 211 216 17 122 229 14 186 135 11 106 178 48 84 62 117 119 230 206 171 232 106 228 167 80 232 107 185 95 95 218 109 24 1 190 82 204 34 134 146 213 205 55 237 104 48 241 141 53 254 208 249 253 184 211 199 144 132 71 144 119 205 14 144 215 193 131 211 91 227 25 170 234 241 212 184 124 242 30 18 157 61 206 107 177 198 92 60 59 175 76 87 209 168 186 22 26 17 66 28 179 4 118 197 206 152 184 22 236 25 0
245 219 230 48 71 180 234 192 78 206 121 13 159 65 225 189 46 8 5 242 175 218 35 64 74 235 179 170 96 78 95 159 14 19 161 245 42 176 202 17 172 94 64 71 243 39 196 102 172 148 202 208 0 52 31 227 151 80 215 38 255 54 240 26 116 174 31 147 96 140 130 51 71 147 32 8 55 92 65 143 7 209 91 1 16 242 183 46 52 95 124 145 201 95 124 207 255 249 112 166 205 1 110 228 111 176 99 146 225 103 44 87 196 43 123 130 24 104 223 47 26 67 72 189 251 52 197 129
15 164 173 239 214 8 250 122 198 114 84 134 96 82 127 29 174 92 217 66 255 13 168 199 235 164 219 172 223 206 202 1 154 161 91 136 1 245 108 97 164 17 75 227 98 254 252 172 73 120 54 88 1 145 128 16 31 125 172 152 150 88 216 81 251 108 59 217 241 180 255 28 54 122 92 249 250 225 232 119 254 208 180 157 24 215 123 132 57 129 169 93 139 178 18 191 106 3 74 161 193 118 230 59 232 223 76 115 202 123 104 42 201 128 104 135 69 178 163 175 35 15 225 119 235 245 185 203
125 187 40 98 33 97 220 74 195 217 215 242 172 96 56 13 245 122 237 156 171 106 56 81 90 169 101 98 198 137 99 206 15 110 235 205 221 106 186 248 237 13 185 74 6 10 140 126 228 98 51 251 236 153 229 49 87 204 17 127 91 74 67 94 71 46 24 123 178 148 177 212 230 134 12 240 28 145 58 125 126 229 167 77 75 98 10 104 249 66 255 252 19 82 65 59 109 23 165 204 212 94 54 113 37 199 253 161 13 8 57 29 84 6 53 47 213 72 62 25 246 28 145 177 22 94 121 137
20 94 222 131 42 13 132 122 69 4 233 28 156 67 54 236 149 108 227 160 194 178 196 254 153 19 99 241 4 110 133 138 161 166 80 128 251 185 131 65 227 67 143 82 235 228 85 179 5 64 113 185 253 98 22 204 120 42 214 23 20 14 224 186 138 184 215 129 178 206 173 183 254 147 7 51 108 80 71 244 195 234 236 132 48 15 70 122 187 190 241 220 104 94 115 142 217 61 103 173 237 195 238 149 207 14 87 141 140 208 243 166 19 26 55 253 132 84 230 58 149 88 118 212 7 228 66 62
112 228 237 248 27 193 188 201 21 79 105 128 148 205 26 151 44 170 63 188 249 190 68 252 91 204 127 48 203 124 129 135 12 231 150 23 171 202 255 90 125 141 67 20 8 46 165 28 22 0 99 219 159 212 202 75 114 124 150 164 212 197 213 203 102 55 220 201 190 66 140 187 4 109 156 170 139 229 146 216 113 214 8 20 103 219 89 154 157 97 236 150 64 27 180 245 186 156 238 255 239 173 225 75 153 21 133 164 55 18 101 226 63 28 45 41 39 59 154 133 82 34 73 201 142 145 65 7
80 199 146 235 217 187 109 45 138 194 65 210 70 243 171 222 191 13 70 157 193 207 251 35 132 230 113 118 172 184 211 179 202 115 103 111 176 43 92 46 151 254 197 122 192 134 70 226 233 109 88 37 20 255 91 101 91 23 169 212 45 166 29 43 90 132 147 125 8 79 200 156 105 4 169 102 113 135 172 19 252 126 47 251 212 10 228 94 87 198 193 249 231 202 37 201 128 98 152 232 181 42 252 242 95 48 113 250 235 47 241 236 232 145 245 213 216 226 41 0 227 88 231 1 179 23 61 5
35 169 190 38 18 103 46 147 231 113 167 10 79 188 154 253 103 105 140 58 98 150 217 222 96 245 11 41 96 107 198 143 151 240 59 102 164 128 38 111 30 122 250 181 193 15 132 102 241 127 45 129 244 120 230 188 187 4 37 27 31 196 205 129 143 247 76 157 185 190 218 100 168 248 29 197 201 193 124 232 152 65 222 237 121 136 31 254 174 211 31 77 164 96 203 236 14 68 145 41 236 188 245 126 76 204 88 46 130 168 25 174 205 69 58 119 16 126 11 215 87 141 188 48 237 149 42 185
115 161 157 232 67 143 255 251 147 111 221 126 243 200 191 241 168 128 168 108 223 106 201 222 179 137 76 201 214 19 85 146 242 202 192 119 105 71 40 64 181 99 167 243 141 118 95 102 36 30 138 170 233 16 169 136 98 228 182 68 199 98 15 121 145 227 153 223 212 121 81 245 136 209 245 132 157 76 117 59 39 186 46 205 174 101 220 207 78 43 88 52 188 31 165 6 93 10 214 50 123 227 2 28 115 173 144 45 8 156 66 114 47 250 38 49 2 56 204 104 15 113 222 180 248 54 142 89
83 58 157 56 17 40 218 2 71 0 163 62 164 106 131 173 57 66 98 225 13 20 146 137 199 120 253 199 5 131 214 45 240 46 141 72 57 84 118 122 3 207 132 219 21 163 2 46 49 71 24 161 58 19 88 245 224 184 216 130 171 199 59 63 29 246 30 112 181 5 224 62 177 184 53 169 246 223 104 95 67 226 61 111 149 5 42 194 240 109 55 147 31 250 21 210 91 254 222 108 167 245 110 235 202 221 141 129 196 118 223 237 37 16 137 46 58 179 229 68 164 59 62 234 227 67 11 230
110 111 91 243 123 207 156 7 239 44 49 225 53 138 149 55 77 63 208 250 98 113 68 169 16 160 9 18 229 35 255 247 157 149 76 127 111 100 166 190 199 253 41 9 57 112 102 36 122 107 223 48 221 62 219 183 129 230 72 30 174 243 233 105 228 141 166 250 30 124 193 45 10 4 17 53 141 107 233 166 41 138 86 108 136 200 218 164 246 180 32 171 37 61 87 59 90 43 220 94 29 46 171 164 191 239 178 245 207 194 74 234 143 17 40 36 48 166 7 57 148 216 15 214 236 29 91 58
128 142 129 96 133 47 49 239 189 17 145 100 203 255 19 248 28 65 143 131 179 108 179 46 139 119 159 28 134 171 79 243 154 91 247 189 2 161 233 213 23 16 86 193 170 185 42 116 3 70 80 217 22 255 22 230 151 0 221 59 167 163 126 194 217 219 0 117 235 53 9 105 246 131 206 149 242 16 56 13 86 95 61 217 24 135 74 13 17 129 206 2 7 160 55 116 153 9 89 173 37 141 92 116 82 130 72 235 224 244 70 242 228 245 233 232 160 223 235 212 74 113 171 83 187 59 213 122
57 126 161 25 159 56 103 247 198 191 240 73 190 215 47 12 224 33 127 153 111 85 129 113 108 192 248 96 220 53 121 160 118 66 30 137 240 176 234 51 31 12 229 118 79 94 165 21 206 225 249 224 19 208 188 178 13 89 198 192 178 146 24 105 157 115 133 135 131 4 18 245 94 52 8 239 38 250 192 246 218 91 92 86 107 149 10 9 166 243 10 203 34 78 126 97 171 26 55 29 143 238 110 51 205 43 245 27 29 168 175 137 3 22 36 167 137 92 166 201 41 26 131 140 215 103 36 86
57 9 121 192 148 31 203 102 97 123 33 7 237 202 212 226 89 178 45 162 127 16 222 233 127 205 110 136 244 187 10 154 80 173 28 103 172 125 144 190 109 67 174 251 223 78 245 235 42 177 28 194 58 96 87 231 100 3 76 195 142 57 209 75 77 117 78 226 141 10 110 75 12 2 174 157 72 250 149 204 238 48 253 33 18 1 227 207 23 121 146 92 80 56 36 176 166 159 236 28 13 27 68 123 4 78 171 161 70 223 226 202 201 97 250 60 142 58 69 84 54 170 129 122 92 213 17 130
215 74 46 168 92 151 64 133 51 45 165 184 137 246 62 134 157 14 75 30 137 44 111 174 55 247 234 108 245 214 36 81 63 91 42 188 110 247 253 148 190 139 60 141 67 124 121 5 236 117 188 188 146 219 13 137 24 15 168 4 54 178 103 22 3 106 214 112 23 20 164 2 245 249 182 91 133 133 211 60 112 206 226 123 45 42 94 228 131 154 117 143 67 214 132 4 242 159 234 99 107 183 33 223 121 54 209 247 56 132 26 101 42 23 199 231 176 229 205 120 55 141 166 129 189 76 8 78
53 129 123 117 58 198 124 113 205 120 1 187 122 212 105 211 246 125 133 226 21 5 139 214 72 207 17 181 40 104 246 45 88 19 141 36 32 149 214 114 92 237 119 123 225 54 254 76 211 3 131 171 6 26 226 206 75 222 157 27 25 235 88 252 177 241 191 155 219 183 248 109 160 209 161 228 144 217 171 44 57 31 244 231 137 41 197 60 38 102 90 86 130 234 202 210 193 122 249 227 102 197 196 87 119 38 246 226 145 153 57 253 126 252 164 204 181 40 243 30 127 37 60 30 147 131 71 119
220 135 223 121 59 206 35 249 6 33 2 51 244 239 126 177 6 15 148 162 64 36 24 157 96 163 10 126 213 174 107 194 126 133 183 11 172 100 150 165 197 100 124 223 208 234 99 32 59 217 103 8 128 15 26 156 180 130 117 198 183 118 40 251 152 135 96 17 48 180 144 164 116 33 230 210 229 74 159 225 61 3 85 184 240 115 122 152 101 226 189 36 79 90 208 87 64 129 181 46 88 91 127 0 45 33 119 59 3 175 154 207 116 179 131 55 66 0 215 124 26 69 204 10 164 79 178 246
67 81 101 170 76 217 100 110 68 163 118 68 180 238 86 146 58 7 210 132 233 221 216 142 205 55 48 32 66 74 172 107 243 233 32 43 34 104 239 92 59 86 122 176 206 212 68 133 231 234 219 217 107 99 76 43 254 34 82 31 6 40 91 90 2 133 41 62 136 84 48 10 136 165 66 40 173 168 251 36 252 98 186 192 164 63 110 26 27 35 159 245 98 179 163 206 186 226 57 13 136 103 196 236 137 0 170 120 37 10 145 40 233 18 190 165 97 190 7 134 57 213 124 180 48 138 5 243
116 18 122 109 136 29 149 78 203 218 86 4 246 200 153 96 43 100 187 23 37 244 125 238 99 35 76 182 95 30 68 120 241 150 4 27 205 154 112 107 77 145 147 163 232 143 73 45 217 232 39 45 53 190 16 130 240 85 15 78 153 1 23 63 159 142 25 236 126 160 219 3 91 44 220 64 33 182 230 222 85 112 96 86 126 247 209 47 65 249 192 103 185 42 113 253 75 62 78 31 87 120 219 76 83 38 37 225 217 45 98 184 57 44 255 180 22 137 30 31 200 56 126 29 119 91 224 143
200 158 59 60 89 1 80 23 123 107 51 155 29 56 206 82 217 66 117 96 221 178 90 244 253 61 9 73 249 25 108 95 173 167 78 197 184 241 156 18 65 118 112 110 220 0 169 33 240 44 213 249 153 175 38 248 134 53 210 183 227 130 127 225 200 222 222 75 101 77 229 253 208 101 135 118 236 12 180 1 45 224 92 52 229 156 62 143 37 109 159 6 137 255 249 87 179 81 61 207 135 60 252 253 218 136 139 38 167 25 7 64 96 121 214 116 8 195 65 59 166 189 253 79 151 116 73 237
13 91 253 49 254 191 57 32 76 216 130 89 251 224 27 250 121 195 121 225 104 220 149 63 167 34 189 123 64 182 98 231 198 254 151 39 200 167 51 75 186 249 156 153 211 119 233 250 95 96 39 139 107 111 132 68 73 231 156 128 114 148 227 161 149 40 167 151 36 57 111 18 149 233 181 93 83 70 42 67 245 4 229 154 165 154 170 22 155 254 183 140 117 233 132 122 253 126 164 90 119 102 118 123 243 195 34 241 49 80 229 173 105 26 101 231 92 168 68 94 89 45 107 252 160 31 236 17
203 215 7 12 5 51 230 154 125 238 2 43 46 223 239 90 234 139 11 204 80 133 131 142 160 158 132 41 32 41 245 189 177 184 5 124 186 150 17 141 114 141 253 200 201 94 62 24 30 107 118 207 18 30 98 120 237 27 64 255 171 237 127 183 21 228 194 133 215 170 90 5 221 89 164 238 137 124 151 163 76 38 41 27 246 225 248 255 154 193 73 156 83 79 110 223 150 116 168 116 84 159 162 23 94 114 147 153 15 231 124 128 240 153 88 131 244 129 166 79 228 112 157 68 191 11 191 68
210 221 102 101 215 242 227 89 167 159 251 97 237 33 2 24 220 72 223 18 177 177 78 130 201 170 100 128 182 36 112 179 168 43 114 148 194 87 251 111 121 108 138 68 102 166 15 147 249 35 89 112 66 144 221 25 153 200 236 151 31 27 112 62 167 30 222 3 11 169 59 183 43 138 181 156 84 149 39 152 52 95 7 153 98 146 234 68 60 124 166 103 28 191 9 195 197 107 192 47 60 190 103 28 106 194 240 178 148 222 2 189 103 51 203 81 37 255 251 64 62 88 91 61 37 144 25 244
46 40 16 86 244 140 33 108 176 85 146 99 179 234 169 153 244 16 16 13 134 221 75 252 112 251 243 223 124 115 176 178 159 29 243 220 71 55 22 26 75 177 4 117 119 172 142 202 32 112 85 137 61 39 240 63 239 187 153 141 58 168 135 158 135 172 44 106 87 79 240 72 173 20 233 241 140 14 221 90 182 221 218 233 81 110 103 24 3 101 43 31 228 186 158 127 226 86 42 177 67 68 47 140 136 99 215 24 205 236 156 65 187 87 222 164 71 90 127 93 31 233 72 182 250 34 38 8
64 42 117 162 154 156 185 62 218 13 218 113 24 73 129 218 4 3 152 167 224 85 151 89 242 191 187 0 192 167 240 107 65 223 89 255 251 53 82 73 224 221 194 104 132 80 181 225 242 105 22 45 243 95 64 159 58 162 114 192 194 208 16 188 42 19 228 133 80 65 2 47 100 226 197 33 187 45 61 13 175 232 105 166 98 194 92 25 149 215 252 213 28 34 36 235 185 83 118 177 90 182 155 195 53 133 232 13 230 6 134 228 43 143 91 143 64 127 126 46 78 242 90 13 249 252 11 131
217 184 230 50 119 109 13 47 199 149 112 43 49 45 51 59 126 97 98 46 95 162 60 185 186 239 226 208 64 120 43 4 78 192 158 43 231 62 157 212 117 84 233 156 100 237 190 236 211 140 124 90 83 44 50 15 230 152 131 116 115 135 78 183 92 173 213 17 167 101 168 163 124 16 236 95 34 239 132 59 162 163 7 110 220 148 196 153 153 24 160 17 222 222 42 180 57 251 243 16 254 247 152 176 160 191 206 24 77 153 33 210 233 229 0 9 108 15 127 140 67 143 73 194 46 45 183 74
48 230 214 78 221 91 31 161 163 180 53 84 62 32 197 194 105 68 94 62 249 93 20 155 140 56 170 139 199 83 23 253 10 15 220 117 118 60 42 137 249 0 166 252 188 87 251 141 56 61 69 131 243 100 149 35 214 135 96 3 218 67 96 58 138 214 3 142 219 11 232 5 19 80 193 67 218 31 224 202 70 214 78 97 67 7 170 169 103 67 4 154 240 0 208 49 5 10 171 229 11 117 94 18 133 87 194 159 73 131 105 56 254 254 246 23 142 241 148 189 58 153 189 54 252 169 167 37
62 221 28 45 234 177 184 104 39 205 125 147 242 112 219 46 223 188 39 107 84 170 45 103 249 157 180 230 82 80 142 75 232 96 77 243 29 4 172 89 144 89 40 23 117 16 215 196 244 125 120 152 243 242 132 116 143 159 185 29 106 95 133 32 134 48 177 156 232 40 86 82 165 3 71 158 8 138 173 251 144 108 149 245 151 167 24 64 137 34 220 2 217 111 116 39 62 5 4 9 115 24 164 9 10 101 79 27 154 195 167 37 184 203 72 101 153 251 65 209 239 56 231 184 187 113 51 247
234 202 208 47 135 27 8 81 60 27 98 169 182 100 45 57 14 180 184 68 119 80 209 249 16 143 30 12 244 96 203 187 191 253 51 69 181 182 68 88 4 215 81 175 69 177 2 71 11 32 43 249 156 248 225 38 30 241 32 227 180 28 167 163 171 68 127 42 201 92 189 194 235 90 119 217 175 70 77 3 25 53 36 207 44 73 80 247 28 210 200 144 157 11 38 178 141 94 71 130 116 165 122 76 153 80 176 213 79 41 109 158 244 30 80 127 25 108 3 38 157 99 174 48 226 85 81 110
132 152 108 226 23 246 111 94 238 78 40 168 148 4 35 54 215 163 118 171 86 234 247 112 224 255 225 249 196 137 55 160 131 104 136 123 220 214 212 78 32 251 25 99 199 25 202 31 73 111 182 112 166 215 249 191 222 8 73 74 47 227 149 123 9 117 217 127 161 169 164 188 26 172 72 62 98 236 251 213 106 171 225 101 85 231 192 117 95 87 35 6 112 138 237 135 124 254 205 194 47 125 201 49 175 60 195 181 77 145 151 202 101 219 102 231 99 4 49 199 37 34 243 83 34 6 224 168
80 5 11 86 36 22 11 254 127 126 151 6 173 123 227 123 5 35 235 182 126 189 8 24 67 114 237 199 197 64 63 193 57 242 51 201 109 131 204 248 35 85 200 68 68 4 83 226 105 175 64 70 98 62 206 172 28 185 76 40 43 11 167 0 97 61 161 226 230 55 197 108 54 20 254 249 11 222 99 145 170 86 2 23 129 245 214 172 106 250 166 129 10 71 144 100 218 179 3 65 147 238 3 160 190 177 195 183 22 24 183 109 173 162 99 185 215 15 17 84 33 160 69 89 113 226 161 132
39 54 237 24 180 54 209 25 207 38 127 240 95 108 206 27 153 31 2 62 167 97 17 128 201 33 233 232 24 140 157 206 71 117 129 236 150 132 187 134 158 175 174 87 152 242 29 239 222 209 217 218 150 56 240 204 245 204 150 113 166 8 207 200 88 227 155 214 5 159 65 131 54 255 231 106 16 123 138 231 54 124 169 214 250 208 30 136 233 157 89 137 121 187 90 121 225 206 243 166 2 239 90 5 91 229 163 95 11 50 149 248 184 54 147 97 54 70 125 86 158 46 24 7 133 129 157 81
127 27 83 47 252 186 168 17 250 57 235 12 78 129 190 70 250 77 183 142 218 181 207 213 25 243 4 65 68 117 54 200 255 94 212 249 30 84 241 101 97 39 237 245 179 167 166 49 184 194 228 18 157 71 100 149 251 237 106 201 10 162 164 184 77 24 103 101 138 75 124 165 123 72 192 2 30 28 177 114 60 43 5 87 139 23 240 128 3 254 136 79 137 124 112 61 173 230 184 31 36 139 81 117 116 76 39 126 76 3 85 131 44 205 131 156 0 16 126 135 148 63 14 227 249 12 148 212
1 89 120 134 146 118 17 161 42 69 167 123 15 226 32 191 146 93 98 187 48 105 91 244 251 75 75 185 5 11 136 192 130 109 196 155 11 4 22 183 176 1 244 231 124 44 200 137 1 181 40 227 139 243 113 89 203 56 133 13 78 103 44 198 183 40 126 199 157 0 156 206 170 248 123 21 81 230 83 157 2 110 112 203 95 86 136 155 20 133 107 187 184 0 81 159 231 189 104 53 159 218 235 228 86 152 108 165 91 51 6 85 201 36 161 97 200 34 159 202 160 95 71 2 250 255 248 185
135 39 7 138 71 62 43 41 121 187 56 2 209 164 93 68 126 240 197 190 130 188 175 155 14 24 235 191 228 114 245 52 173 38 197 247 118 250 12 132 24 54 189 193 60 171 213 192 113 156 92 242 69 130 125 40 117 11 140 126 195 117 142 146 68 254 6 137 218 113 32 177 143 132 239 125 101 250 215 53 214 100 132 103 129 42 88 60 93 8 190 79 169 234 148 252 17 110 220 129 167 165 193 174 207 65 239 211 184 204 46 5 70 246 79 168 193 101 104 61 64 181 34 79 57 40 244 142
228 124 228 89 212 71 66 64 73 8 75 38 111 228 236 248 208 68 51 188 223 190 149 84 211 71 18 117 37 229 154 176 25 101 146 185 155 236 206 135 72 66 5 109 186 129 75 21 223 251 33 213 124 19 86 143 59 77 195 177 205 13 21 77 157 102 12 174 121 243 14 8 1 251 204 156 158 126 187 218 93 104 54 88 230 77 194 39 212 69 133 211 222 3 3 210 186 211 205 226 217 101 56 253 206 219 29 229 30 205 80 113 89 227 232 173 187 56 91 15 55 245 127 22 81 223 200 184
223 33 108 7 129 105 196 138 131 159 56 237 79 172 226 34 9 78 55 159 37 95 238 246 161 45 202 69 209 36 180 142 228 17 195 150 30 20 150 78 55 131 200 170 19 169 197 64 19 184 145 117 251 29 118 37 184 68 97 191 119 238 167 200 117 53 70 43 106 54 237 3 161 115 80 33 61 142 43 84 133 59 104 126 74 177 49 80 76 182 2 204 89 170 119 25 126 127 49 162 0 41 56 168 80 34 185 10 26 108 175 161 53 68 150 93 211 145 174 115 28 182 108 210 34 217 255 201
115 203 179 176 205 10 72 13 201 165 7 215 87 100 9 244 90 89 209 239 167 240 35 173 92 68 179 179 31 134 75 133 37 70 254 24 181 24 227 93 70 121 123 155 33 204 230 240 242 193 235 47 80 101 151 53 218 66 1 227 60 120 69 74 226 144 38 217 146 167 232 200 223 121 40 239 36 145 97 35 134 151 127 136 92 81 8 211 149 90 17 118 134 147 115 167 158 203 192 114 80 221 37 80 216 180 209 133 132 36 204 60 81 134 130 75 238 114 77 100 17 183 24 80 247 65 249 164
176 108 78 201 189 94 92 173 82 53 240 98 114 132 80 221 177 101 200 33 140 104 63 56 111 167 64 177 114 230 130 169 213 4 52 69 150 44 215 21 95 223 74 155 129 49 145 2 65 250 59 171 181 4 173 158 57 60 247 198 203 164 5 166 21 234 207 165 47 102 156 159 208 150 76 127 137 9 201 54 139 189 106 160 15 96 187 149 143 206 41 72 116 57 140 69 162 98 192 214 174 72 96 82 165 230 56 120 62 109 214 201 15 35 24 174 107 213 72 33 247 192 16 156 185 194 116 176
233 34 141 80 106 101 206 145 123 70 128 25 135 92 104 104 235 47 20 152 70 232 112 32 73 182 43 95 116 39 154 27 15 16 202 238 254 163 59 33 159 160 63 180 157 116 95 209 189 89 90 149 248 194 248 151 232 105 75 91 167 253 40 232 157 220 7 51 170 162 37 57 129 252 152 26 204 27 157 2 104 64 74 182 33 117 231 84 243 239 196 231 234 199 243 200 230 63 194 201 0 206 188 45 102 185 252 35 180 110 168 188 226 182 208 177 199 193 182 180 215 244 109 128 241 251 181 41
124 43 209 175 67 51 125 129 186 103 92 151 221 210 151 224 67 24 203 103 214 248 244 71 158 135 155 146 101 160 233 124 226 233 150 147 17 48 207 205 125 100 33 215 244 125 251 106 208 200 160 116 198 145 171 245 58 166 25 45 43 192 148 31 189 69 2 115 169 252 202 34 40 87 32 239 139 45 216 83 121 231 104 171 92 11 227 153 66 208 44 174 145 96 236 75 133 142 154 84 57 155 242 154 103 174 245 155 0 106 225 227 116 178 34 128 117 179 102 246 247 3 70 8 248 182 75 130
207 38 55 152 110 215 101 249 233 130 231 242 136 226 152 77 218 86 60 154 199 16 83 168 205 215 237 64 193 167 202 219 99 28 183 6 167 208 233 74 145 176 255 201 41 138 54 148 134 170 52 225 56 214 75 111 197 128 204 182 151 89 133 70 233 233 119 133 252 90 235 46 115 213 246 11 71 185 182 105 78 81 41 120 166 159 208 233 241 16 146 208 4 211 179 176 18 143 123 199 22 115 160 249 9 80 170 245 234 54 29 201 242 198 216 20 101 219 5 55 15 107 250 121 205 201 34 9
80 225 104 49 220 165 216 3 74 1 60 206 204 53 169 91 20 47 202 24 173 230 50 8 69 41 2 92 22 190 176 209 27 156 188 14 71 4 23 236 8 231 29 240 202 242 150 102 9 131 253 48 148 126 47 44 230 192 232 106 133 97 75 225 11 202 3 15 152 144 82 89 104 88 219 135 101 231 49 75 4 203 85 15 234 169 130 71 90 255 201 234 107 40 43 224 57 204 106 117 40 34 75 0 142 210 206 161 98 200 241 36 6 165 91 103 230 68 54 92 33 94 235 135 144 235 98 74
251 14 199 106 106 218 45 115 214 183 79 86 250 103 150 75 194 52 176 198 193 27 107 43 161 40 154 68 93 170 193 217 146 47 89 187 120 249 145 200 141 177 218 161 146 14 103 33 205 57 113 105 124 225 44 143 175 123 151 238 153 220 204 214 154 72 196 214 88 139 53 104 143 254 184 115 247 35 235 121 51 51 19 138 210 193 108 77 7 33 91 44 219 183 77 79 115 151 175 101 131 249 130 126 32 195 165 48 32 230 53 64 249 190 144 168 19 209 75 49 133 177 204 36 187 192 132 112
26 222 166 57 96 125 177 228 176 41 181 246 90 33 168 200 200 89 189 238 191 8 243 37 202 120 15 107 38 114 126 175 227 173 88 128 9 12 177 203 216 146 65 75 137 86 212 9 109 225 254 241 60 149 242 76 203 6 195 180 117 2 67 250 23 245 165 9 170 109 215 166 73 56 43 9 181 122 53 205 58 33 243 251 234 225 64 98 247 62 104 84 239 146 119 225 162 38 249 212 220 93 168 53 17 255 152 240 190 93 159 151 14 139 116 205 82 137 216 154 6 248 215 18 129 16 226 227
34 197 73 97 72 70 102 220 96 119 213 196 176 190 133 241 137 190 30 56 203 185 135 108 253 184 243 94 88 43 72 12 221 219 57 220 99 249 25 240 55 233 109 216 230 253 205 251 156 37 174 104 16 5 25 169 36 48 97 60 153 43 57 84 172 139 5 2 158 248 202 91 54 49 255 210 51 235 159 179 129 50 61 223 223 5 6 92 232 224 254 133 100 250 127 201 149 17 27 128 49 120 116 27 174 225 28 66 246 142 246 225 27 185 14 203 37 81 20 6 200 80 175 146 171 157 130 162
65 87 141 161 142 253 84 7 236 215 52 122 115 250 241 249 156 118 102 119 243 24 67 6 216 163 21 17 66 137 181 231 232 226 53 2 250 255 187 77 182 166 249 42 92 188 109 229 61 88 71 118 222 75 196 237 203 6 191 193 165 243 54 236 252 62 94 206 234 88 170 6 6 223 195 34 171 36 180 87 77 239 36 219 153 190 106 11 9 6 48 81 97 159 98 191 176 223 18 156 1 75 28 43 112 119 224 56 13 154 55 164 145 24 189 82 207 78 248 117 68 194 32 117 191 166 213 232
239 54 117 103 98 6 179 205 60 255 67 169 58 150 116 112 162 1 98 186 128 207 85 232 3 230 207 10 223 53 207 46 241 163 98 98 9 227 245 201 112 90 27 0 19 113 231 124 119 218 159 179 71 191 220 36 6 140 180 53 126 220 30 17 45 66 193 29 122 48 24 94 18 36 154 20 126 66 174 237 38 29 57 68 16 238 220 155 118 12 63 78 119 58 114 49 227 228 37 129 20 184 151 92 99 112 60 56 116 206 8 226 1 157 211 107 177 155 229 171 130 59 164 63 1 147 151 208
43 170 169 203 43 191 53 107 92 75 107 80 108 97 184 172 201 253 18 155 183 124 181 130 112 129 190 85 232 180 156 70 225 131 117 89 68 198 149 188 172 38 62 205 243 221 159 120 250 84 23 112 204 224 149 46 163 133 218 185 148 82 121 1 61 37 98 85 41 132 247 137 32 72 11 8 74 245 174 1 83 226 236 123 112 182 79 65 56 140 144 208 193 212 113 205 109 204 239 0 230 156 81 117 142 236 60 153 69 62 196 86 21 22 152 217 59 154 58 236 58 125 255 150 28 163 189 129
57 169 31 66 141 40 132 151 68 71 77 148 42 81 191 141 98 68 71 92 82 174 168 238 0 43 94 104 135 1 33 198 227 24 23 238 18 51 149 40 65 214 122 25 172 237 217 83 174 49 14 130 164 170 86 200 16 149 30 119 148 240 84 128 205 42 206 3 40 46 235 29 31 56 166 224 60 251 190 76 59 142 115 37 126 209 164 77 135 197 76 193 88 170 140 158 208 149 207 8 228 206 51 116 102 116 195 192 82 131 217 84 173 169 152 206 135 237 7 52 6 116 6 113 174 221 117 102
125 171 5 215 171 182 82 120 245 198 1 196 254 43 169 2 86 158 206 193 250 34 193 226 187 231 218 179 188 98 232 190 163 176 73 93 174 6 72 164 64 101 16 51 142 0 231 16 33 64 22 217 21 36 113 211 187 69 56 87 40 24 14 77 66 51 134 221 211 205 252 60 121 19 246 178 140 122 24 72 181 196 59 185 201 249 72 138 198 101 7 98 53 93 119 100 36 156 77 49 18 138 142 190 45 167 135 86 5 128 116 42 247 60 64 78 132 3 107 158 97 58 142 185 201 121 200 243
254 128 76 158 217 76 48 194 30 48 7 26 211 179 45 181 35 241 155 181 160 26 175 139 68 81 1 52 69 79 130 154 195 19 172 47 252 173 221 86 132 44 193 136 36 141 136 210 121 6 6 135 239 222 204 158 47 89 120 20 141 216 243 57 110 124 226 115 184 133 219 151 210 201 199 172 107 191 146 250 181 44 160 190 197 175 118 7 99 178 88 114 238 15 249 240 178 8 21 161 246 215 145 183 76 125 130 212 243 128 14 103 154 10 50 15 111 52 64 138 50 215 170 69 203 16 170 174
179 70 176 11 114 246 240 133 91 1 238 244 110 28 107 204 116 183 115 138 54 108 214 186 211 157 100 67 239 142 205 130 177 21 101 40 113 97 214 149 226 254 180 110 147 216 161 66 32 104 113 179 125 157 194 57 57 164 221 133 121 86 193 244 212 90 249 203 112 104 166 197 185 56 231 194 69 106 239 167 93 146 103 250 172 127 228 241 106 101 114 136 142 72 107 13 120 224 203 39 105 228 40 192 44 58 124 133 24 250 181 81 24 221 122 12 201 224 254 38 224 30 128 213 159 117 47 78
141 23 4 95 27 108 171 111 139 34 236 92 216 0 105 245 114 233 155 73 34 160 97 95 140 162 160 182 7 62 163 233 163 207 240 180 181 190 75 101 3 58 99 188 150 48 159 93 53 30 59 131 206 57 58 67 178 28 229 81 151 211 218 27 121 253 101 140 244 237 65 239 72 228 185 22 173 100 0 192 36 249 101 174 61 104 23 38 89 118 101 214 164 147 186 104 4 223 121 198 214 111 43 177 79 145 255 242 131 208 144 201 177 126 175 43 101 90 170 85 105 7 199 120 132 192 244 189
232 212 69 219 115 231 188 148 230 126 189 96 29 143 242 60 125 52 6 146 102 131 238 154 123 147 99 31 218 77 27 249 172 78 36 217 228 6 159 93 17 228 161 47 88 16 120 142 62 217 85 57 95 138 49 131 195 45 183 178 220 63 181 170 3 0 199 24 38 146 87 229 235 10 20 35 217 25 3 37 68 189 147 5 134 204 17 155 148 23 77 29 239 231 122 30 37 124 49 240 138 15 1 153 111 220 139 45 100 74 162 117 241 220 145 30 174 113 211 64 130 51 25 39 186 10 225 83
161 211 222 48 105 0 242 128 46 11 40 93 105 185 164 248 129 71 91 250 78 127 166 130 19 205 250 1 174 231 51 250 27 194 51 212 230 185 2 78 164 218 239 141 207 193 39 45 3 255 59 176 233 55 127 137 101 241 254 19 50 156 5 26 158 177 118 57 161 105 156 155 45 85 151 160 154 81 105 91 65 102 233 32 179 255 177 234 36 86 60 103 43 213 162 21 6 224 117 223 69 89 144 244 227 48 148 105 195 69 86 213 97 92 200 255 80 245 167 224 223 147 238 97 166 111 44 232
