46226 44949 35831 31577 24706 29252 31575 38460 50529 50741 40559 35262 26234 27266 47322 42767 38319 31349 28638 41708 51804 44465 29294 33027 33903 36106 29762 24786 33955 38346 37111 31588 32126 48636 60765 52475 45704 34766 38181 40607 49327 50236 43055 36406 23130 35965 33453 34527 37089 45418 46825 45757 46769 58734 49607 42808 32570 36663 41846 54409 54275 44798 37364 42791 37953 54655 53048 48038 31098 33009 39284 37946 24787 25349 40150 40679 43880 48214 59583 51636 49538 53014 53802 34864 41455 51696 52906 47600 39480 39115 35021 35667 39928 38993 34678 35187 53583 48883 42229 24783 28849 41253 47627 37122 35431 43379 48093 50365 53022 50603 51594 42693 45465 36478 31957 39118 44369 39419 40726 37833 29229 26204 24738 32967 38182 39386
45847 42199 36639 34237 36650 36947 23639 29803 38889 51720 38390 27263 23155 30232 32678 42917 34991 24271 27032 42759 54651 61250 37484 24409 28594 27172 21997 32186 31058 36774 38036 35206 31072 35266 58793 53376 35741 29747 35517 36672 37223 47268 38947 31285 26616 35317 36127 42188 48446 65555 55057 55548 53749 46537 40525 31551 32528 38716 51113 51680 58929 51892 41190 27421 38556 54242 54959 43280 32974 27528 25143 27942 32508 39996 30779 33965 43860 54009 55868 49924 41231 49978 47566 31095 28394 36415 44609 46448 47006 48821 41579 41909 39724 46597 31114 40564 58513 62750 37997 31108 41234 48438 50861 43297 25467 27341 46391 50106 49222 42369 40378 40750 30341 34773 33018 39556 38849 38163 27949 40211 36442 33732 34376 36632 44821 37099
50733 38719 36284 39470 56730 51196 39087 22233 30413 34189 30785 22604 26991 34527 44821 48197 42468 35870 24973 31279 47261 54638 54360 43420 29765 27198 18421 26724 34183 40807 48528 46769 32124 28367 39984 43385 36531 40851 46482 35611 24823 39994 41289 36267 29646 42857 35483 37223 46460 58619 59609 45404 46654 51608 40754 44163 45342 49980 52899 59265 56810 58232 47468 42290 39786 44946 49686 42526 39988 23369 12015 25801 38357 51441 42161 38319 44907 64388 53018 35873 36577 38499 44294 35885 22367 35357 38631 55540 39703 51234 37364 48044 37292 31309 35284 39826 51382 49722 42328 31493 33692 41994 44113 40588 22340 26326 41922 55012 55773 51000 49093 36643 37535 29245 27202 44470 39345 31967 31604 43373 45918 47128 43017 48230 40400 53574
45107 33392 36049 44172 50166 56905 43903 29955 41040 39537 26990 23138 27040 31319 39011 38562 30269 42334 53076 49367 45915 50784 55553 51972 29429 18357 22946 39724 53747 54546 57415 56066 38014 28179 43769 44230 32088 33878 43521 39834 37959 40807 37963 42743 45689 40686 42114 46168 50342 48065 39792 39372 49277 50919 42307 41914 45967 54698 58179 55500 52551 40923 42487 38617 41662 31744 29657 39340 40545 34433 28103 33592 46807 44998 38867 38771 45878 47342 43949 43873 36074 43273 41330 36840 32348 40616 43814 45278 58258 57414 55586 46882 41112 38159 44985 51524 45875 46043 35061 27272 23437 34712 34595 32985 31440 32495 41272 40286 43765 43869 35083 31639 22157 34261 36017 34662 52058 32512 30290 35879 51555 45168 44229 49367 56726 45782
30301 32059 25603 32182 43726 58914 54013 42612 36846 42970 33833 26188 29476 45388 53130 45976 40209 46494 55122 41092 28075 38869 50699 46550 32094 28765 40806 47952 48638 44754 39809 41239 39898 38513 47263 51355 44083 37244 40814 38863 39541 32720 38557 36567 44952 49373 52302 35915 44241 37463 36926 35409 36281 39520 52536 44914 48735 43798 58589 55932 45547 38829 52561 57569 40934 38851 40867 39096 29063 30474 29167 23956 31952 42574 39346 33245 35428 41631 43154 37177 38254 43282 42471 44984 39506 53344 43538 42576 48682 56949 48796 44072 39936 41353 37359 37747 36902 41731 37890 32008 44611 37271 36540 29079 33677 34233 28941 33449 31217 42881 31103 29529 30772 36185 55241 51994 45723 31247 28990 38473 47585 59241 56254 53726 52146 51605
32627 28532 25056 28434 36142 48048 51576 47588 47140 43326 48693 33329 36793 42198 45604 45267 45980 48837 56155 40561 37096 33966 45299 43833 37034 29482 38155 52487 54867 48871 41501 45756 37490 53360 60022 53882 44737 28020 34391 40997 44512 45680 40708 41130 48984 57860 56709 45688 37298 45972 28099 28150 27049 40960 46581 50030 41545 41470 52411 55584 53977 48119 45572 38334 34437 34855 35917 32541 39300 42567 35261 26878 22056 32736 32281 26862 28768 23501 24538 27668 48763 55978 54239 34438 39610 45571 44394 43552 48805 58291 49510 42698 60152 60914 50623 49360 48433 41228 37283 32719 33992 34933 32810 34023 40889 44321 37691 40869 37063 34680 37356 31254 36819 39337 46987 55891 49974 37666 32589 39325 40593 49798 51778 43338 40227 49590
35443 33854 29399 35122 42318 40315 48877 50632 44493 43211 39191 48152 37673 32416 38267 44685 57116 56853 49218 38499 34571 40356 42672 39797 35857 42042 47706 47445 50766 42875 39204 34103 39933 45059 54912 41246 37294 38627 24934 33480 29568 24620 27762 34294 42775 49460 47371 49207 40777 43842 41071 31311 29100 35303 44280 39426 33281 25422 31660 40308 44842 47453 43507 40797 40571 45516 43358 43828 47860 48868 33698 25099 22837 35716 43276 34031 29809 33960 32322 35843 54566 53358 44269 26032 31733 45076 47885 31315 39754 43818 40805 37021 45883 49083 45488 38577 37670 33665 39537 39489 31459 37519 40726 41423 40952 43761 53913 45418 49281 31146 39819 33599 31055 35750 42263 54153 50782 45105 29962 37238 37422 43029 37379 34058 34432 37733
30569 35011 30870 48006 40235 33780 31845 43669 39195 44461 48238 39539 29814 21710 34963 45941 57125 61245 50809 41103 40981 45938 49204 44309 40886 28195 30799 37461 50728 57172 52378 42648 31128 37508 33379 34598 29993 41551 44125 29610 38449 30799 28151 33966 44556 33349 36683 40318 37318 36466 50637 41001 36424 31176 42466 35319 30071 31546 33154 40887 43476 40619 27758 33519 38783 46693 47589 43743 54225 58552 45144 28759 33149 40692 51051 40109 35691 32540 36840 39854 55806 55290 38658 27822 33913 45861 42729 32487 28111 40671 41019 41658 46449 57206 46314 38892 50223 55547 42087 33167 28932 38783 35389 38894 37918 42585 50842 47662 33702 46748 44190 46374 48825 39932 32078 45512 39869 36543 40749 32361 41293 38617 29580 26053 35175 40390
36415 25257 35229 34763 43086 36825 39995 55332 63872 58737 51186 38375 33852 30762 42318 40686 47277 43144 49788 37780 37422 42785 50808 43209 42510 27241 28332 40175 49507 57436 48192 43540 27405 32052 32781 25636 29811 42709 41491 36971 23696 32620 33228 34343 41743 30163 25966 30006 34705 29018 35199 37371 43886 33783 27336 37936 38898 36164 36500 35086 39811 31773 32413 29789 44486 56118 44250 41707 43652 45770 30707 24035 26386 23789 36384 52591 42262 37469 35773 40596 48538 49910 35900 29399 30527 44296 36779 37299 39219 36266 42080 46152 40195 37475 45434 51325 59401 58423 50045 43414 42063 39125 45377 35110 38885 43669 43017 35112 30808 36375 49126 50937 44745 46300 43303 43669 45361 35197 37070 31319 33464 41493 38184 45036 45977 38893
38244 26796 30397 35047 39043 47186 43943 45015 59802 58220 48645 35203 39147 39027 47866 37149 41346 44712 44739 34071 36041 38870 52746 46077 34966 29865 29792 44616 39061 39443 46485 40125 25645 19116 31434 34807 28993 35492 38463 35803 42996 30586 34047 39815 42567 41259 33221 37917 40509 40057 34219 31231 37146 43214 38639 33355 42956 42154 48752 42988 33313 39385 31094 36405 43502 51240 52936 33216 43274 37185 29392 23934 23271 29369 34707 45478 50389 31313 26908 29201 34856 47497 27515 29783 40101 43738 51478 40581 46088 40882 36729 38903 53543 48269 49827 56695 56887 56484 59696 57670 47707 41898 37607 40256 29202 28376 34022 39633 32590 36078 43952 54820 59776 46937 47896 47761 36662 29503 32425 30021 30279 36165 39890 44620 47211 52577
42959 40452 43702 46397 41297 48016 44822 42846 49952 43578 30317 29678 31081 45975 50231 45486 26058 33191 38277 43384 42693 52621 54518 36060 36262 32467 40786 34347 36989 43036 53747 43209 22920 22058 42595 46339 37044 25863 25681 32773 34750 35982 41576 49963 42504 43309 44465 48010 50758 43763 39545 29900 41698 48451 47179 43359 47240 47347 37629 34999 33119 32241 39282 41173 55456 57254 51848 51843 41117 39797 23136 27820 29102 29391 38280 44495 50397 61609 33777 31179 36071 44887 41230 26617 41376 46426 46534 43071 55114 42777 37007 34341 43303 43114 42488 47326 43116 41485 54066 52836 45320 38014 32956 39174 27749 29315 45704 56352 39708 41550 40413 52322 51496 53333 46562 48238 51674 43396 30896 25015 21476 36928 43569 48286 55184 51241
48357 35448 37067 48637 33737 30668 31768 35835 41652 38099 31256 26981 35957 41085 51687 49019 34568 36538 44278 44080 51422 46553 47536 36087 21909 35714 34102 35864 35719 38234 36828 32595 25699 30027 38372 37006 30107 21716 28358 36606 32787 38702 34462 31878 34625 39384 49103 44385 53025 50872 41346 37121 37905 46493 54549 55768 57573 36914 35469 41493 39591 22805 34078 47825 59072 63679 48234 33379 35192 35658 33817 28199 45364 44377 46877 44827 54683 60352 43210 14952 29279 43871 42445 49473 46815 37294 27519 34341 35872 47209 44806 49806 47164 51534 46097 37192 33169 37239 35129 45979 45268 42968 45491 37975 30806 33789 47766 45701 50427 45466 53043 56971 61194 47159 40614 49716 55869 39287 27821 16160 21549 27675 36912 34624 40834 55642
47985 42117 40935 45381 43666 23324 37914 40890 50070 45656 40603 24118 25850 30191 42022 52369 54670 35170 46595 42352 38386 40201 41772 33790 32619 32200 30385 32282 39782 51725 54506 41459 35735 37862 36972 36943 29346 33917 35426 42170 33749 37606 46487 51898 36476 29613 29064 49867 45892 47539 45078 48256 45148 44855 49504 57844 56012 44605 34300 44277 43040 33313 26481 39910 55668 60767 44643 32659 36388 40304 42734 47600 43920 50934 41242 40627 46290 57925 51666 39416 34301 57045 65440 48410 35045 23730 26245 36010 46885 41309 48354 58831 49674 42112 36247 39048 29897 23656 27102 33929 53184 51003 53058 34739 37677 39174 46251 56123 50780 56498 58549 58029 52796 47781 44737 50501 49627 44878 29022 16409 19189 21550 34458 48558 46977 53572
43320 43789 26576 41585 39773 35780 35487 42088 41091 47681 53059 45368 39703 36240 36587 43564 44510 32110 33057 42544 31471 34367 40609 39697 25795 34810 46865 59270 58781 48982 47293 46157 49657 39065 35594 35763 31577 29481 45550 42148 47662 37579 34276 38731 39497 29378 34349 45738 52691 58074 60293 64476 57823 45915 39208 53810 49206 42432 33961 40176 41077 25653 24656 30986 43573 52122 35723 22587 24833 38711 55342 50393 48460 43846 43605 43197 46181 47285 38320 31702 28251 33175 50893 60397 51234 38661 34123 35117 30513 33515 47026 62989 59073 40778 40220 44867 43122 22082 27257 43673 56404 58052 49128 43620 32030 35782 49885 55563 52408 50683 55429 50237 46007 39783 53238 40288 47032 35166 38919 25134 16375 29981 34478 46425 57455 60869
54244 53058 45750 28676 35680 33458 34332 41180 43776 45253 52260 52183 43926 42974 46239 43822 37604 31310 35595 41985 40152 32590 39719 40413 25942 39536 50754 53216 49642 60557 61714 61851 50785 49887 46541 41954 34830 41517 51463 48978 41113 37798 37618 41086 52754 38566 26616 41836 51170 49781 64706 63360 56207 55178 45047 49441 53911 41729 45582 38659 35262 34766 29911 44740 41785 33117 37826 27957 33848 43691 55997 54654 56864 48987 41409 26260 32559 40349 43815 30554 22473 29141 47618 51659 51241 42746 44990 41752 31588 28652 38507 60958 55885 36868 27354 41613 42682 29237 28904 39073 50082 46745 45761 32204 41878 42361 40312 44144 50454 37054 43203 39696 49489 49023 47168 49715 36449 42473 42403 41171 26751 17941 26380 37883 58250 50013
47470 50326 50148 34979 26118 36367 48607 55543 51518 49021 43124 37934 43943 49483 44249 35882 25033 21159 24373 41648 48054 38131 25730 30824 42317 45766 46368 51153 55041 58854 55758 44814 50259 45826 46768 41760 38386 34257 44077 48540 39140 26696 29836 35499 35561 43189 38811 37023 35316 36810 49562 61898 45880 40503 51090 42565 42841 39397 33569 34430 35876 34199 44748 35370 34733 26913 35229 40153 35615 35471 41428 36971 35032 38537 41655 30367 31768 41646 41923 30732 18941 20689 40766 59171 64146 61013 41186 39282 41113 35121 35626 54023 52660 31261 24642 39267 38660 25061 33202 35099 38627 47432 48333 48232 36450 37246 26460 37912 40606 37018 27445 42948 41568 46712 50190 46816 43375 44043 46239 47947 37969 20311 26784 39201 54970 50863
40772 55333 51096 47232 32973 40953 56545 56356 61171 46557 37271 27631 27511 48399 48716 42672 39820 36733 30573 40429 48621 36069 29296 38252 43401 32615 26358 35959 52767 48591 35606 37034 28776 38159 42809 56258 42031 34094 52545 62598 49220 44092 38716 41070 35513 36936 37305 32198 35300 37466 43157 42455 45658 42000 50479 47370 44926 52588 56143 47151 40151 40632 38599 34320 25267 32445 24953 31944 32693 26986 27001 30697 39226 47159 41969 39294 35832 43982 51668 40143 30079 37713 39831 52740 59682 49796 46476 50273 54522 37342 32259 46964 57710 38596 31254 34227 41591 39585 29676 36171 38922 40424 44169 49456 46187 29798 25284 21548 39493 38648 30997 25348 39671 51214 54585 52053 47479 44307 40333 40677 48073 35511 24058 38335 46001 35460
31684 38700 47933 41341 44271 39005 51433 55339 44599 47108 43354 31947 39410 38128 41948 44290 42425 35963 41784 36454 35050 32416 25648 30820 35712 45456 40492 32363 40532 39412 28609 29188 32056 38338 48414 44276 33052 22409 42823 56095 46595 37742 44680 36648 32721 31135 45907 41963 42560 44345 34017 34961 40758 37758 38274 46060 49119 44411 41706 44439 35926 33884 33873 24162 32916 30850 34936 40537 39932 29738 33708 39197 41497 51972 42724 37519 36592 54932 58832 52183 36255 40555 53324 46150 55649 58188 55171 49315 44558 28642 27780 31167 39123 49423 39385 37154 27271 29007 23052 26902 37297 36995 38727 38242 43724 32237 19402 29666 31757 38231 27615 26985 36909 54713 50306 50092 36156 27009 30430 39921 45591 42804 44993 41279 39527 34447
31991 39070 39379 46408 46402 49802 41369 48721 43317 45264 41640 34369 35858 54087 52170 50184 50225 41368 33411 32122 30177 30780 39140 44500 48596 39755 39136 40212 40863 39125 41152 36006 35739 31255 39176 50735 36980 31861 27810 41192 36472 40628 50874 50987 43527 50691 44686 32207 37816 48721 56153 41900 46448 44312 39849 52500 52693 52540 48658 42656 44444 32713 33605 30052 26202 30795 30524 27424 34889 30662 26899 46285 53400 52572 52767 31152 46102 56877 57694 41187 43309 49603 56185 47206 52057 62989 66835 47669 34806 34107 24622 28268 36044 34786 33948 34041 33060 23624 38657 42645 43496 43967 39379 47679 56776 44490 36330 28437 39568 45603 40918 28487 24932 41024 48653 48541 45185 31271 22822 37411 45589 46365 43937 54484 48078 40738
28583 32197 38829 42722 45521 48765 43651 34859 36102 41505 41459 39613 42805 55230 55172 51950 38723 28662 22773 32377 26695 30916 34523 46385 51725 45262 40777 32913 27446 27103 36650 53218 39201 47139 53424 54211 50190 35223 31376 29187 30685 34203 41407 53196 50544 55623 49381 36482 28537 32959 36886 40132 29917 28068 37010 50772 47712 43258 40880 45782 36319 36502 40256 50633 48359 44885 33564 32707 38026 28522 26190 33698 47035 48435 37774 36913 42328 59533 50892 47729 43308 50629 50482 44221 46081 64681 53089 39977 44985 45737 32983 24103 29534 36920 45584 36804 37678 26396 31721 42547 42478 33843 47135 52872 55285 49853 35397 36424 32315 31659 37856 46625 41181 38818 45190 42008 34599 32800 33778 44298 47355 32459 41321 47384 50339 38533
34470 33293 41168 52700 44969 44968 47979 38421 35690 43832 36863 31303 44947 55882 48467 40791 38048 30728 37999 32664 31283 36625 41727 35057 38353 41760 27314 25452 26680 37417 42206 55738 53736 55034 46652 39647 47919 48392 32774 33282 41248 31215 37307 49709 50024 48733 45314 35152 22910 31138 40618 43789 33261 30148 24160 45017 44629 43162 40606 47862 33803 39733 42821 56951 51391 31921 30211 35560 32622 32604 28040 29671 37969 29148 27285 21266 32801 33496 40568 30401 37413 31762 36739 43704 41431 48951 61509 49754 47987 46513 45724 36294 39893 30037 33439 43862 34095 41490 46648 40139 43678 40357 46500 50876 57146 54791 42173 35081 36747 39594 46254 46060 46104 37555 36309 36993 39087 35928 35057 36429 43058 36381 39510 48962 53659 47957
25686 40091 42160 42461 46950 45993 45421 44714 33898 39703 32427 39178 48900 48178 47520 38428 30415 40048 38214 33862 26805 34853 38564 45305 47503 44656 39220 29834 31012 31576 38040 41939 50868 43664 46997 37827 38579 51410 52581 51669 50916 34838 23636 33466 44113 44334 40545 38652 33013 23541 32163 37969 34190 23883 23958 32249 40126 43365 45005 47787 35471 33939 40902 57164 51002 40090 31531 44661 34141 37158 42130 40249 29925 36410 31149 29908 38916 41158 39919 33377 30934 34354 34769 33756 36387 42840 41967 42190 41366 37402 39192 49182 47012 38620 40325 34622 36175 37723 42830 46446 36443 26309 35023 50826 47753 45013 43985 41208 40851 52344 41649 43884 45621 59484 35777 31005 37393 51033 44249 38242 36125 37785 28442 41739 45333 46091
37802 37546 56441 42046 26503 35041 41784 38866 34482 33125 46589 42272 54531 53953 42659 30006 26488 38394 42551 34485 23100 25180 41359 40489 42654 39567 40350 45378 46893 40759 45720 50087 56690 45762 41106 38327 29419 34134 51352 49905 41034 28700 27101 33291 35338 30902 31124 34540 42222 44099 43195 58202 49960 31870 18161 42085 43403 43137 37216 45782 34929 30973 44980 50512 46815 44009 49926 43788 43177 37096 41681 46167 45773 42306 41841 28036 31812 38759 31511 21985 23059 31130 37197 39294 31181 36200 43284 28897 32875 29628 33724 42974 53305 38220 29363 33864 32173 43255 52741 45462 39003 36012 37730 39712 37542 33011 45512 41546 49662 57493 48527 39935 50256 54737 46854 40317 41412 38701 39398 35501 39719 37591 34096 42758 45932 48570
28945 46384 42518 42631 40102 36904 51415 41538 37777 40513 50716 47119 49675 36036 29978 31425 36086 33737 28347 29132 32372 33022 50175 53582 36994 47192 59751 59298 45064 35217 39270 53558 48757 56656 50896 40778 38526 41455 45144 54897 48966 43989 31964 34601 36876 34202 43834 50949 44785 42746 45130 56167 48425 30346 27493 41099 46686 42240 45907 43485 34986 24322 40008 53915 43835 36698 37449 50567 37078 42594 39388 57626 60499 52409 41114 44251 43809 43192 40900 33155 28295 31523 50188 54622 50246 25256 34210 34850 34002 34660 40388 42166 40120 35167 31616 31926 34727 39878 45834 53322 48194 42443 40551 35233 34074 40404 47906 50270 44453 62471 62215 46677 44935 47236 32507 28856 33076 39632 35468 38313 37712 40104 43279 37211 47641 58890
40458 48532 55794 38357 30360 30600 32594 35751 37251 39714 56433 64404 46403 38237 40089 39668 35809 25229 33082 30070 34532 37392 41396 43738 46565 46845 53713 46744 35558 45266 52938 67786 69341 56396 48945 40129 29406 36808 48578 60497 45414 37590 37716 42992 50142 53745 53189 52367 52737 41715 46825 51817 55097 37628 34922 40307 51134 42526 43195 43384 41350 41243 39779 49519 49094 38791 33306 41049 42027 38039 45054 50014 56553 45368 41244 38740 32605 41925 35572 27670 29039 37996 41281 47374 42625 30520 17840 24324 32731 42856 34587 41059 44365 39990 40769 25516 35020 27881 41755 45492 62196 51064 47668 42827 33383 47506 55323 41213 33880 42516 47473 55486 43126 53410 37652 33210 32539 30431 41146 43785 39858 34530 36463 34849 41024 41644
28672 28301 32492 38172 38272 38243 40306 30804 31726 40207 50156 50888 47841 47784 49863 42382 34260 29059 29035 28343 36956 42430 48853 56298 36224 44082 42973 44527 36032 53565 54196 51347 52694 55010 54023 52623 44204 35303 49034 45585 49166 51262 44023 40637 56611 58874 45723 45019 34532 42288 52889 58010 53787 45601 38423 37623 33575 32158 42502 45640 49611 39456 40717 42566 44685 33072 34535 34117 46992 44369 46981 49742 56498 45896 37243 37815 44773 42822 36717 30314 20282 26679 39156 38424 36159 31079 19708 29971 50815 49632 49969 41773 43455 36856 27038 27936 29790 41817 42015 45323 46191 57349 52699 50301 44449 45276 41297 42291 34323 39331 44618 42265 52731 44156 39802 28979 27082 38018 38116 30885 29696 40835 39166 38528 41575 39279
26982 34019 38556 34448 26941 27421 33157 33093 38295 40440 49798 54929 56579 41929 40649 36536 33505 31985 36450 47396 35231 26653 27155 39592 44496 38800 40132 34058 35597 42604 58912 43262 38028 46905 60124 53400 39674 31965 27871 45176 45488 42010 36732 31606 37434 44375 38868 24509 32792 41042 50890 58725 57914 50423 43786 34260 39084 36766 43912 52061 53711 51444 46222 40877 31260 30967 32504 48120 54060 51927 46889 48991 52902 57376 51461 37497 41281 41719 36510 32853 36101 29497 27409 28605 21831 26838 30614 42413 39461 44964 52712 50295 40710 41005 36119 27739 36274 46995 45853 45042 48762 53782 52118 58392 37965 31602 39527 35225 39589 31149 30994 37840 53423 57341 51945 47774 42486 44015 38076 34057 27077 32244 40119 35598 27138 27784
26882 26670 26902 25826 23345 39339 46132 40054 41258 49115 53937 52029 45096 40119 32903 40110 48968 46413 31928 34088 34172 32211 36988 49383 47039 37730 30082 26651 33067 37495 39368 40958 28595 41164 58176 58658 51456 34741 36108 28935 45841 51393 41837 34841 39257 36531 37978 34291 25457 32643 51734 58159 49909 48625 52230 55649 45805 41841 44838 50447 48697 43955 36724 21782 28504 38840 45484 56853 53669 34946 33064 28831 37386 43278 42134 27651 34451 39864 45843 40369 36955 34977 33052 27179 28241 21070 28905 34951 52734 51675 51862 45127 35408 39815 36060 34380 38948 57610 55711 51904 40737 41074 46449 46312 34071 17849 23727 33656 43290 49958 39607 38879 38205 44169 50727 49748 43409 41184 33435 30304 35455 40566 40578 39239 42990 31916
29357 33620 33271 38898 39735 31360 36149 49949 52426 60332 57104 54546 42087 35336 29961 38635 36440 41432 36287 36672 35875 28884 34269 50829 52056 37746 23700 21866 35810 41593 34767 35329 45757 44033 55649 57723 46352 40190 28933 36564 45981 50301 44335 32298 34717 39142 39831 46263 45784 42524 51179 55563 48028 48599 57012 61362 55408 52175 50839 47176 35429 42458 40060 33362 21890 38812 43417 46868 48511 35756 29307 29679 34250 41339 42188 35604 38610 45265 38967 53739 50601 36452 37643 30804 21713 21041 29915 31025 35411 52431 52290 46117 42140 50414 54933 44016 43448 51117 51416 44383 38511 47694 56310 43243 38509 39337 39357 43022 43982 50456 47769 36084 38026 50065 63346 54332 54802 44284 35798 39210 49613 33632 41317 41301 41223 37050
24861 25319 29431 37791 33755 24940 23872 39145 44296 47859 52401 41666 42153 40826 45093 38017 42439 40061 39092 23767 28200 36113 44792 57537 50982 34701 32278 35220 28789 40491 52734 48446 36979 42344 51113 52053 42474 36831 32774 24078 42803 48853 38102 31745 38694 40429 47674 62903 61790 42756 38595 35405 30619 38226 55607 63324 62407 50354 46275 36407 34847 29673 29709 24058 28257 34759 40091 41659 44484 30901 18466 33484 34045 33700 30019 28071 27338 31633 46934 56193 55817 48412 31381 31031 32200 27830 25957 25701 28811 42437 60690 54255 53007 55921 56104 53807 45028 49393 45199 27011 35538 47717 52989 54029 49695 50925 39228 43427 39468 40950 38956 34761 32710 36703 43979 45277 49646 41809 38059 42488 46239 44780 33089 39216 38538 26151
34645 35438 40991 36197 29420 24508 24878 25920 42938 43852 45426 41190 49431 45000 45387 46220 53307 49939 36552 34310 21487 44716 38715 51508 56539 53903 41422 45065 41106 40761 46644 38847 37490 43392 46398 39558 41939 46711 35845 33185 46468 48936 36040 32506 42403 39120 48051 59971 60945 53531 44228 34484 35145 45348 52898 51631 40618 41268 34584 32672 32649 38350 35005 28720 37572 40474 27109 32973 36515 35315 29494 45162 53630 26534 25243 25497 37739 41849 47926 56269 56817 39356 37884 37715 33807 39790 35148 28564 27259 28662 45201 61039 42394 44758 47105 65415 61927 47631 38883 39095 39603 43882 52278 63284 53628 53385 58030 51470 46786 34114 30021 23010 41463 47829 46145 50804 38954 36241 35881 38449 30575 40074 48024 42528 21866 14271
56246 52444 37661 27589 21476 29040 29543 26388 34855 52888 57926 49358 39535 47951 43474 44807 44303 44966 26139 22761 29118 34073 49767 55343 61548 52955 44329 39327 50468 49294 46404 37718 26173 42333 55063 56157 51996 49595 51534 49432 44833 42486 46681 36100 34310 37571 47612 60818 66910 64776 51970 50098 45957 49726 41223 33921 34034 36911 47305 39779 39680 39902 42013 38876 33833 40607 37098 44178 35595 31006 34797 51290 51686 41086 29240 32069 43926 45475 48924 50154 46901 51619 34670 35152 42905 36646 44893 34450 23735 29499 35096 45041 56746 54413 48112 49242 51555 50283 34804 24609 27743 41468 43288 55358 60409 45286 48942 49255 36905 32620 33030 40403 38033 47371 52161 41617 36710 25519 34479 30461 28067 26507 38863 33642 21395 18743
66358 61605 41622 39055 46678 36095 37755 42832 41916 53136 53667 47061 44042 48003 45943 43222 46657 48362 35650 25162 27474 34680 48507 53740 58820 60729 53800 47400 44503 38176 37335 35259 33463 34569 39493 49932 48438 51475 50773 53559 53612 48324 46154 47226 48939 48802 48714 50633 47367 55142 62127 53654 48431 47676 32816 22328 16835 27932 30374 36854 35320 44119 53791 41340 35587 31430 36671 38635 39722 28976 35985 47628 51438 42952 44781 44769 40180 48038 46176 43381 43489 33808 39344 36370 39998 47451 37464 39465 22125 12282 34624 46820 48146 45154 36882 39756 44383 37822 35747 36029 39673 43951 36006 36440 46877 44774 47091 53113 43775 41634 36914 30116 38702 53621 63591 58435 41439 38331 31148 32934 30195 39834 51636 47587 27973 27915
60202 54398 40819 51449 55665 55567 34775 37385 36751 43682 49079 52771 47493 49269 42243 33928 37583 41692 41343 31311 35716 30579 36979 43628 51876 41938 46706 47146 41766 49216 45307 36096 29013 35441 39700 52046 45401 42762 49978 44175 48250 51222 59357 56048 50747 33571 38481 37044 38847 40149 50385 50030 46024 46642 39106 26751 23578 38140 48753 43411 38748 39561 49967 41559 28749 34775 35490 37209 29807 24813 24245 38560 44861 54921 48857 51435 41466 39563 49093 57297 38002 36380 29803 34637 37504 47594 38323 29451 19124 22488 25395 37984 49078 46177 35769 26700 37451 46659 40234 46534 34980 32569 30840 27995 33789 42127 47551 42635 41102 44747 50450 47587 48752 45727 51537 38843 29457 31537 38593 42198 39067 50058 47339 43600 47206 46418
53399 43994 37262 40616 50557 43353 40659 41124 50614 48901 54524 48099 53836 44012 33562 28883 36705 35937 40242 46224 41016 23243 18597 25171 30892 41119 46773 48611 46206 38879 45063 44976 38837 33171 35640 29233 34191 42414 44960 48736 47669 52340 59941 61584 38376 45893 40887 32670 22635 31031 41540 43809 39362 39441 50678 39140 36692 31189 46526 44919 34586 32961 38950 52541 35155 37162 30926 29313 24263 22971 36545 39379 46150 54628 60075 47510 45012 38738 42775 46250 34134 34525 31461 28815 29778 41947 42334 36466 32572 21762 34025 47000 42855 36659 23183 33635 39225 44919 45446 43099 50172 31349 30807 20508 27065 41626 50445 44828 42975 40467 39152 37213 37014 43987 39288 37935 34892 31675 42220 44992 49740 52388 65327 50280 47368 50633
52228 35929 27994 27613 40936 51710 41231 45076 39941 51109 45031 47582 41145 43407 34968 36296 37161 38322 41441 51599 45971 22512 6530 12113 28218 33514 46301 49470 43876 32323 49774 42711 37216 38735 41397 33557 28868 37815 53213 57242 47012 49959 54561 48052 49347 42525 50782 30361 19460 28226 34029 32901 39527 43999 39631 31398 32311 47558 53762 49527 33538 43646 51266 54817 60693 48509 44631 28378 32584 39821 38320 38927 46587 48139 48215 51354 43621 46756 44116 44578 50449 37092 32251 33149 36726 32535 43258 43692 42352 37483 40478 36336 41175 41226 33164 36341 51313 54472 43475 36860 28480 34024 26061 31523 32610 43237 45251 44112 40339 39032 42628 53038 58049 49769 32414 31434 30667 36111 41040 33543 46950 52370 54068 55500 46286 41248
38476 44342 33521 29485 28186 42277 40416 34589 34956 39470 51972 48041 40346 38748 41004 41510 35879 31578 32741 47666 46211 26708 15140 21938 24525 41521 51081 43792 35580 41140 45203 44762 47406 46903 36485 29923 40935 46489 54203 50757 47921 50017 57750 56229 47682 46781 41747 37545 27678 24915 39555 44546 42709 34227 36773 34253 39319 51036 55050 38295 36723 30563 43566 51532 51739 53677 38631 34532 32714 47061 44728 46411 37475 49167 49624 45512 53597 45811 39812 46043 50822 54890 44072 40187 47961 52007 53020 61109 57764 42708 37652 46454 39756 36007 38733 46973 50366 49180 31576 31636 35406 32187 40427 36439 35759 37600 38724 38914 28613 35512 35736 44585 58757 48504 43465 36916 37411 30330 33095 43411 43230 47268 39037 40590 39002 40886
46450 45411 41089 32789 39656 37009 45829 27777 26691 30576 31886 41377 36707 30340 37506 34898 46460 44285 42064 40664 43030 36133 28957 33653 33562 53023 60834 51735 39039 51284 48721 42287 43653 44720 33050 38130 51238 52292 47567 53943 58583 61988 60908 52403 53475 56272 43266 37076 33533 41767 49757 37698 34723 29280 30707 30027 34379 39373 47629 36078 25434 39807 42051 36195 45292 46606 47038 36291 37060 40442 38206 33039 40377 31372 33359 37731 39896 48070 40482 47845 55850 55115 41959 39885 44469 51459 55473 55679 44608 34551 20718 36303 53593 53498 43979 49519 53137 42615 28655 28189 35726 33557 37693 45080 53105 46158 43731 36393 36778 22389 35489 51629 67358 56043 44480 36872 40878 35866 48599 47713 42444 25092 39195 37337 32387 36201
45184 48882 45275 46212 30987 38579 29863 37504 28874 30618 32262 40488 39826 36546 31698 40405 33743 42489 51259 37531 36776 35949 38892 36893 43248 48408 58104 54260 52611 50927 44511 39560 37174 37904 43502 50550 61575 48086 44927 46124 46832 49902 55694 51154 43908 47982 50445 44703 43462 45517 52981 53763 40188 43940 40914 48146 46948 45094 43643 43830 39332 37637 28850 32195 38880 50962 49166 43087 34206 29223 38642 40207 49019 40290 33728 32115 32452 29689 40907 49573 50033 39099 38674 45357 48640 60232 65059 56514 41329 33075 32471 40921 55931 45959 39059 37022 44660 41773 42540 44389 47409 48196 43402 44194 50296 46404 27704 24333 25385 33258 33598 45247 54322 51243 44574 36913 38782 33307 47307 49260 42653 40855 24635 31882 39310 38420
47954 51659 42996 35868 33703 33541 30056 24102 31726 40553 51628 51109 40144 40544 36024 33307 41121 49845 50331 38207 35917 36101 37473 27478 41354 50029 47849 54708 49538 47231 38066 35856 29994 38377 42179 47553 42899 39326 42956 40772 38708 42179 50037 37795 45197 42964 44034 41973 46211 42698 41820 42540 46008 45227 55467 44938 49522 50744 46777 46964 49471 45553 51880 37138 48175 54968 37573 39327 33273 34604 33458 49018 42506 42210 40095 43195 46334 32667 40535 36483 44325 42757 44042 33208 38592 43993 57388 54784 40025 32834 32584 36426 48411 46527 33405 47842 55134 42944 40139 34155 46683 46183 51222 46319 42021 41713 41160 25536 24834 32416 33037 35593 45626 50039 48198 37974 39090 51519 44083 44699 51926 42488 24039 19669 36069 37787
56930 39643 44493 44385 34019 27074 25494 29550 43036 59544 51546 37650 27000 29973 39732 41324 38651 51146 44740 45088 28706 21970 16211 31191 38808 45995 50775 49384 59710 45027 35465 41234 52039 44149 42717 39285 36326 32572 40284 37778 32755 47903 50911 47148 40720 51195 43021 44114 38290 31502 35255 46339 56610 50624 53069 50478 43446 44047 53714 50505 47978 48311 52625 51117 51794 44590 39804 28080 28361 32638 34294 47287 51066 39847 34225 37485 39276 32896 36808 47414 46328 36356 35386 35203 29126 37158 45589 46767 42692 24890 32485 43611 42297 41213 44894 58631 50570 49329 37416 36218 38360 53510 44987 40117 42519 39594 42494 41556 35625 45310 46367 36521 43933 46766 41265 46551 49506 50833 51570 45744 45786 45997 32366 32095 32392 46016
49520 42882 35943 47823 38465 42180 42198 39119 39851 53989 47555 36633 42536 45796 49810 44030 42593 42062 42195 35562 34103 39712 34828 24131 34666 37767 50523 57181 54156 55814 48385 48215 58012 52484 34180 29190 27466 39292 53183 52938 50688 56739 62249 46762 45374 45925 34564 35543 58735 41956 44927 45909 47637 43241 49338 45947 51718 51338 55367 41291 40320 48529 57703 62420 60272 49875 33471 25577 22811 35043 39541 42623 36093 31596 33266 45823 53847 40413 42382 34860 43655 46148 43957 36536 28295 18360 35552 50403 46418 36215 33235 26999 39755 35824 46014 45667 55464 37437 39242 34958 36884 40094 41190 43456 46056 45671 35040 44740 36324 35051 35649 42890 45739 43647 48500 48065 51284 44191 41673 43849 39690 38043 30986 31496 36727 41205
50316 41514 40263 39491 43396 54733 52484 34485 38695 47042 41462 35453 36303 38322 42975 51139 42444 30960 43717 33195 43132 44751 43044 38307 42166 50748 55158 54097 55654 47912 58523 54771 67069 57871 42247 35190 45755 44093 47449 44781 50321 54463 52505 56783 46723 42985 41776 44787 49217 45534 46012 55716 61457 54493 47158 55194 45234 44094 39617 46577 29633 39620 49280 49660 42358 41286 30256 31400 33848 29367 51154 37821 34029 29081 34384 34955 43563 42875 36539 42066 39584 41372 38475 36282 31240 29564 33690 44764 48864 41008 29880 26700 37051 52724 46552 51575 45859 48797 31266 37753 43479 31249 30423 48770 53252 50198 40753 40401 48043 46444 37587 31306 37242 40018 38373 42719 33363 36271 39691 40800 46899 43133 35883 34443 32487 40731
47550 51467 44911 38250 37177 48743 50611 51908 48518 45434 48385 39886 45513 46239 55876 56265 46080 28418 27867 39072 36291 39200 37686 34723 34022 39933 46407 48059 47197 51504 51858 58526 53940 52898 46964 44282 49960 41430 36445 47622 52783 60276 52938 40727 46025 43462 52084 47057 44464 47125 54928 57431 56318 50888 46575 46554 46235 43773 32312 40541 43176 42834 37273 42330 37632 34667 40071 38389 33403 33206 39137 51787 39879 44754 39012 42647 42195 37996 30223 33750 49682 40164 43232 48890 44641 25604 35560 46242 51440 40398 39588 43531 35693 44293 50534 47240 49773 38798 39501 42939 54916 48299 37813 44715 50490 42141 38650 36595 48025 38573 32984 30817 32335 35912 44761 40281 31265 29089 25623 33850 29900 35655 27775 22450 38640 47096
42906 61714 52418 45740 38710 41116 32040 39869 44958 49809 37516 45195 39894 37539 48059 52993 45922 46024 37556 36977 35361 30160 31853 35899 51569 59650 61921 49384 43020 44552 48284 46517 51170 44831 53800 45833 39142 37600 21930 39908 46142 35217 35550 36829 36743 43450 41463 35868 36271 26383 41890 50462 47050 50772 41849 46850 39771 48674 38981 36781 41721 41782 38794 34974 21873 32625 35195 32296 30689 43352 50096 44232 51193 42183 35548 40072 33530 35361 37019 42750 38602 42822 49085 42926 41146 38573 35529 46124 39433 41731 31147 43808 56260 47335 48767 52083 53355 47433 39463 48603 58245 47172 44493 45242 49987 42211 35202 40200 40625 48933 34169 34873 33529 33357 35595 42227 34114 28798 43903 40630 35974 39470 38110 39980 42502 54962
40618 51583 52108 47458 26756 27192 37327 39654 49623 43686 41180 33377 31739 36538 45115 52800 43527 40327 30525 30125 34947 43341 35169 39441 45058 53473 43443 48330 49678 48052 42783 45178 44140 45364 45747 49335 34910 31533 35417 42595 44544 40811 28264 23628 37355 57726 53018 42407 38429 33065 28563 53291 52396 40521 41414 28983 41131 43925 50645 36869 28938 45044 37694 34288 38803 29763 38167 34692 33278 34605 36544 42781 49544 47399 36958 31786 32979 24208 41165 52481 46989 41332 34983 44463 41916 33108 36960 39883 38358 37006 44469 48416 58321 55356 36768 48134 53736 51608 59938 58780 57975 48302 41502 43026 39385 27591 32291 23514 33796 37090 57054 43254 37849 42490 35928 42647 39645 50360 42263 43088 33586 31878 38236 29253 32125 38592
40950 42930 40876 44683 43370 28610 36222 39451 40631 31518 46708 51539 55041 42257 40818 39966 51159 45922 47968 37471 40066 40538 39305 42262 42295 51605 51413 48458 56598 57555 44082 45735 59841 49142 42791 42709 48043 32475 29326 33078 45871 41096 30357 26943 37016 38605 39263 38829 42404 37541 36307 43469 40537 36720 45583 51098 47114 49593 48618 47519 36529 33623 49035 40978 40359 44230 29779 36189 29732 29976 34552 47099 56062 46239 47429 35880 33050 35132 45959 46966 38195 29256 39134 39632 29198 26299 26193 44842 46264 32890 36303 44231 43869 47465 44799 37728 43803 52137 63649 59017 51038 50248 47555 51567 45667 35764 31319 34840 35359 31711 39890 44493 32629 28129 38951 31945 45567 45229 48787 43508 40766 32223 29776 30936 37867 51109
47770 43665 39206 42586 47752 49559 45402 42475 33832 36637 46159 58311 51080 42087 47139 44891 44056 40081 38792 39236 36051 44000 50850 46688 32378 43542 36993 37708 42633 50909 46470 41667 52466 48036 39535 46276 47701 42886 43493 45209 51930 46574 38045 31834 37979 45476 41517 38744 32420 40341 40853 48948 44758 41993 43432 46707 39220 43701 46923 48332 40479 41867 39457 52468 43264 41097 46117 39711 36867 26216 41064 43744 39698 43045 42287 43051 36610 44730 41495 51004 45246 35716 32061 31616 18079 14219 31335 50908 52851 44010 47521 52699 47717 39144 42701 40236 42153 47453 62643 61089 46369 42137 56371 43611 42588 25090 25611 28851 33865 31648 33728 30107 29100 33524 39179 34228 32351 40738 51555 38985 36089 33800 26464 21623 28438 38001
47711 45608 43311 46616 50308 52092 45420 32435 37094 48342 59732 61402 58968 54772 38456 45773 45046 48404 38971 46731 43987 36241 31451 35679 31395 31219 40742 33953 31257 28138 27821 45114 54879 48895 45819 40643 50071 41458 45671 44597 45671 51216 50274 28868 25292 27756 37670 35875 40537 44226 43505 42646 45289 38110 40470 48990 52636 53135 44187 36623 44616 44608 52115 49811 51152 36652 42192 34366 37514 46836 49981 47497 39914 39079 42649 52720 54286 48028 54646 43761 38112 39146 34863 42619 32585 21935 35953 55686 58177 46816 42655 51679 39743 46698 49200 41406 36854 52546 60644 53923 41647 45324 50083 58610 42142 35061 36444 52635 41108 25240 17892 15642 18806 34946 38665 38838 25429 27060 32440 43841 35254 33505 37275 35427 37230 43505
48021 46461 46484 43434 51573 53458 47962 41070 51176 66339 58106 54405 48999 47995 44841 37438 40489 38993 34399 36092 45337 48724 50308 43133 35324 39477 32822 34957 32358 29490 39252 37614 44833 41468 48645 50623 58135 47477 38844 33652 39137 31004 39151 21250 27979 31761 37323 39871 41314 34059 32965 36449 38587 38944 25242 38952 43107 50285 39458 39131 41702 39939 48581 51424 57387 52895 47222 50497 47877 51336 50807 36737 22750 22061 30129 38500 47047 53558 40282 38499 31917 42791 46297 37206 39898 38831 49478 51125 51275 53650 33899 46565 53082 47863 47384 42228 37152 57538 67569 51431 46315 40248 41653 42536 40939 27192 38563 38193 43933 34473 23829 17330 28283 49397 49047 32462 22723 32585 37224 42681 46397 44876 38838 40112 43598 30828
37121 33852 32087 33082 36691 46559 32229 43112 49895 60699 66538 52784 38614 35896 39133 44019 42194 44398 39684 41026 38704 27130 34318 33814 40879 38759 42494 30319 32963 35009 29409 43966 44460 42658 41739 53174 48038 46222 36937 23735 36499 44626 39060 30313 34748 35531 35843 45288 43657 37217 33102 34785 25049 21102 22938 36966 42787 59388 45509 38597 29963 41430 52700 61164 45402 45740 36170 36657 39509 37125 42387 46628 23843 24871 37495 44318 51571 49864 44535 33863 38879 37468 51805 47131 39090 46342 43087 51597 53740 48934 36580 30300 47907 47451 32164 34889 31606 44853 62554 52044 43023 29734 26946 22989 40603 46955 42714 46308 38955 38340 27470 21877 26661 38761 43137 31031 34086 29249 41562 46501 50718 41436 52206 54988 42403 49739
39031 37786 30660 29513 24521 36236 40997 52072 55876 51380 48759 42769 31215 38043 47835 47440 51572 41975 44909 25026 27087 30947 43735 47673 41145 48126 35926 41279 43533 49314 48517 33036 34470 32452 30001 38555 44694 50095 47264 34680 35580 44465 43601 48551 47908 36209 35524 44282 40733 25478 24849 32428 25565 20238 20211 46506 50452 47712 46512 28614 31512 46243 49096 49951 52563 59230 49315 39368 37088 47752 41395 41919 36907 35417 30703 45732 55070 47551 39727 37508 34418 42428 36686 35782 45459 47631 46951 40104 42855 41572 32892 29060 33225 33762 32739 26695 30183 31769 47004 51445 34260 33545 30672 31299 27578 46029 44329 38834 45701 47773 40976 38085 34398 34337 39932 53514 44887 44456 39614 50812 47923 55738 52639 49037 44785 34155
51681 45649 32735 28262 34214 32072 46265 47502 43238 39391 41857 38882 31777 33665 38717 48399 52204 53296 30501 23676 17527 30988 31509 30010 30845 32144 46517 40511 47160 45486 43224 29894 29900 32227 24329 15013 24486 43903 51373 36447 39129 60064 57736 58641 57165 53996 34996 36674 40242 34270 42384 41031 36070 27941 28796 34923 55468 43257 34153 30884 39691 47947 47312 46800 47148 43768 39198 24935 28426 48847 58374 47009 38809 41151 44152 45195 50072 52927 42980 38020 43906 47973 40333 30950 38673 51238 38893 33590 38282 36990 35263 38846 34564 41828 41365 32377 22405 33355 39897 43736 52707 37893 36712 34465 36562 46196 47928 47962 44921 49334 38434 37363 32112 34375 41192 39243 43810 50871 49496 53984 43690 48205 48991 38986 27127 41386
45149 36854 32770 40146 32220 41043 46764 63417 49802 40630 35030 30729 32395 44626 46950 46946 52038 45663 32005 19894 30520 40227 43235 35222 43200 49203 42268 45217 49416 51509 46735 44722 25993 24327 20530 18382 34634 36986 40818 40587 38215 48238 58506 56762 59638 44286 33727 32796 38500 38326 32315 49476 41097 36083 45136 48334 46443 43537 25619 36141 50968 56941 45187 38246 38542 41803 43241 35874 37972 53231 52120 47205 45173 43435 41305 34623 45867 54739 53211 50453 36897 41013 50455 36632 34580 42441 40503 32932 38840 37977 32100 29849 37336 42709 35284 31709 30368 47896 53514 43312 39105 54929 44842 41856 51515 56176 53825 52050 50798 52724 38299 42899 41636 42122 37795 41516 50974 42969 49948 49073 48612 31990 35184 38149 44347 32566
47845 49325 37978 41766 39456 41627 39729 43553 43792 32509 25477 38686 41289 42309 32421 36853 36598 48551 37531 21948 35157 44981 43425 38064 41249 44512 37880 40834 38719 48306 45581 40079 30940 25042 20912 22037 33008 43078 38347 30247 27829 42978 54365 57803 53105 50131 32935 30235 27497 29281 35977 48970 49194 35240 35660 36896 34202 37014 40352 39699 47994 43609 44764 26325 19665 36785 38194 41792 47577 49174 50597 51120 41262 30640 39626 51852 47780 52503 41720 36180 36262 32899 47643 42457 31820 38398 39559 41979 50939 50444 34919 29446 45290 54992 50291 28170 39443 49315 51994 49151 41054 44883 43561 40285 52444 57794 39293 44548 51249 43948 36376 33421 38038 30901 40272 44654 41502 44770 45749 49372 40266 27209 29597 42006 48452 50123
41471 43630 44947 39970 42061 45671 37113 40535 48877 35556 22238 33273 45236 42994 41636 35824 42730 36339 38427 35327 39206 50385 33816 47574 59994 61236 44030 38200 35883 48373 49862 49281 38442 26710 25475 34960 31177 34820 33153 29119 23572 28775 42611 52544 44034 39559 45148 43249 39241 28808 25818 38311 43337 45549 36254 39618 40843 36339 37510 34957 42121 39838 36698 35407 34579 32720 43677 48883 46921 44134 30995 31979 26936 31598 30979 38345 50748 53237 49693 32677 38115 36359 47962 52849 48706 30998 30880 32313 52759 52108 44748 36637 44920 42143 38259 26797 35081 52387 52301 44127 37464 40300 34080 32506 39514 43077 42400 34771 39344 28282 25585 40557 44754 33256 36622 49972 41117 28827 41077 55636 54132 39740 37708 47993 49763 44862
50264 45834 43977 49162 39105 32436 30866 37134 34669 35025 25352 26352 40347 46816 35562 30822 30926 39371 38411 41236 33139 30357 36730 41716 53404 44661 40638 45586 43598 34849 37591 41575 46052 41263 27053 35677 39733 30130 37058 36331 30450 32674 44776 50519 44905 46258 45022 49383 46654 42729 35819 43199 43388 40291 39474 34681 37179 37097 33573 28759 21182 19279 25428 43819 43852 40557 44087 52869 49615 44741 40919 24480 27174 24453 36719 42044 54982 49745 45737 37248 39018 42138 47625 59958 50006 34152 16678 29942 51402 50068 50446 53737 51631 53405 41596 33098 26964 32916 44568 33236 39403 34656 36363 28337 30786 34581 28279 31369 31291 33500 40407 54871 51064 42127 38715 35891 45458 39096 41797 49114 45459 38403 48837 54489 48959 43490
43909 40538 44997 45527 47696 36296 32337 32366 34639 31866 34121 41224 37712 31612 26850 43410 35553 43735 36807 47118 44646 38280 29025 37021 38692 40097 46575 61616 48215 39408 39496 54238 52047 47039 38078 36031 46103 43531 42578 45515 31885 24215 34705 42527 41860 32348 44163 43147 53115 37687 38077 34121 44875 36617 51900 57365 49536 39999 34227 26167 20553 19039 27670 41289 52008 54394 50930 47948 50063 42016 39072 25922 20295 31680 43271 39165 45013 52812 46622 46993 36383 44884 51710 59621 43070 33240 18282 23535 37453 53327 51371 58382 51806 34532 40039 37068 44627 40387 39896 50969 47571 44301 31977 34505 28420 25107 31511 36795 38520 38816 49000 56518 51069 38699 35836 39076 32496 43180 36067 38009 51844 52158 60717 53638 43506 30228
36533 30147 39043 48809 48844 34814 36981 46201 43809 40114 42133 41375 41182 41424 39589 36435 41222 35961 46648 47975 46459 36507 27927 41840 37656 39170 42026 50459 50860 39248 33009 30919 42893 42890 44693 35888 47818 48179 44783 45067 43905 34600 41494 44622 49294 33394 30608 34355 28322 36978 35297 37314 42018 49453 45146 47435 49142 46764 47048 40286 27102 23898 35599 42886 45285 35148 47882 49411 52765 35484 34186 29171 28158 37077 43297 44745 37063 38900 41878 43879 39163 40109 55637 54811 43345 34523 26930 27541 30255 43777 47244 45245 39278 35389 41143 53128 45170 29139 30486 43301 50584 48014 48945 34811 47891 37330 34410 43418 49469 55115 59345 50479 46106 46921 41381 50129 40167 39323 42692 37648 38232 53109 47597 56887 43100 40183
45254 41279 34429 46335 48555 50684 40825 46665 48235 45472 37741 42031 35062 48402 45880 43703 41279 44194 44672 57559 51146 34655 46055 35710 36564 33837 42095 43288 51603 54330 45320 45021 44442 34899 35286 35258 32520 50387 53826 42520 44895 45887 50298 42491 42572 43897 27330 18283 20565 23609 24391 37731 47729 55409 37518 27214 43191 58484 58984 50374 31455 35720 33133 34096 27502 42544 39635 41300 39323 38199 30013 27581 28443 30809 44143 40306 38125 36926 56337 47799 48450 45035 54950 52338 50105 41587 32062 24038 30386 27174 50157 54205 48044 46279 47391 53487 47558 34725 31581 53428 59812 48423 40321 42746 39720 47737 42045 36198 51736 38566 37989 41728 48888 46523 44197 51866 39234 28079 31172 32406 33458 42418 47020 38866 51560 53732
39619 36298 32251 47300 45893 43846 51679 52522 42903 46151 43635 25667 33416 49996 59708 48532 40639 31119 37964 40975 35268 32579 37096 46639 43692 49618 35489 31998 43218 48026 44885 39593 44339 43012 42077 38784 35725 40086 51368 45678 44011 55770 47303 48934 50222 44926 39360 35851 28057 42614 34541 36963 43335 41419 33653 28924 30651 47310 49062 36485 34760 41134 47504 38912 51079 38727 39950 37450 39629 36451 28370 31777 35166 34628 20672 34496 36619 40012 39239 53973 45815 53324 59259 61127 51739 40525 47789 39485 25702 31787 44601 48034 40618 40543 52569 47271 41020 31380 32962 32615 51086 39405 24985 26517 40683 38246 36226 42499 44278 50832 41517 48698 50743 47883 54316 55032 46393 32128 30394 33188 40809 35194 38163 42891 43014 44072
31784 28583 32512 41219 46395 35369 37675 49764 50487 45383 44201 31936 30566 50201 44812 48114 50766 44178 42761 37455 27020 35115 40829 35800 41858 49052 37617 37550 47112 47593 51250 51461 52575 52773 46236 40261 42259 34401 42429 52530 48376 39670 49248 48907 48529 41415 35754 31734 37868 35320 27667 24667 37776 31621 26554 31764 29347 26023 38847 38586 42117 49749 56096 42869 46215 54950 36360 34798 35411 35336 38381 45145 37810 33659 29048 29462 40042 37858 33809 38017 41088 42200 56445 55753 41603 52025 44841 38135 27383 28368 45167 44738 44660 50954 55149 44942 38200 32521 26868 30720 38929 37690 26081 33669 37132 41742 45208 58532 60224 51390 39221 45574 35401 39083 52410 65426 45363 27841 26139 45726 39761 36655 31787 33480 44091 43154
35581 28680 32703 30277 31798 40281 41678 54311 50975 45300 34095 30808 26461 38802 50832 47172 46924 41669 30275 35947 33154 49057 45805 40400 47231 53027 48947 46213 50314 44997 45622 57616 57581 58539 67139 52139 38681 42757 35395 36475 42818 46203 51331 51364 38440 39376 40800 44714 34047 36781 27518 32868 33674 34404 34453 36883 30058 30521 31474 38736 40890 47243 50045 54749 51128 51406 46696 42340 39332 43411 46108 56315 44414 46039 39276 31460 28961 34729 32005 29245 44681 42060 38414 43119 42562 41425 51198 34215 36461 41127 40358 44249 42075 45258 41619 47576 39461 34930 30350 36669 36061 45686 37792 45824 37655 37612 46412 66027 67427 61454 51977 33096 38686 33710 41334 51310 55467 32420 30737 39421 47380 36853 31360 22941 26442 37840
25237 27812 29417 21228 25945 37399 41974 38151 41919 39234 34556 32155 30529 24211 38996 41663 49558 45916 41282 38094 40576 30144 39798 43531 51437 59816 53021 59648 58800 58575 55027 54418 52945 58931 53630 45869 29973 37206 38562 32838 38485 45457 39581 36711 43919 45066 38456 35390 30666 36296 45915 36584 34559 36161 30350 30024 27134 29847 42593 51468 57550 53218 56964 58100 59360 57035 53924 48765 45017 40726 46516 51995 49921 40202 41255 35309 41590 27004 39425 44056 43933 41402 33213 43438 50252 51176 41013 31197 40732 52116 40630 29762 37782 41157 42887 36075 31995 24117 34577 39385 36272 46798 52728 48345 47572 42873 47690 56755 64080 59815 49473 33453 20416 23543 26503 42025 46783 41192 34324 45005 52038 50245 43714 44858 38020 37048
29951 22269 40109 36204 31160 33878 46986 43499 36614 34351 26980 33969 27083 35687 36310 52071 38253 36208 51760 45248 42292 39565 43277 48518 61693 51793 44532 45920 56498 45023 53187 51974 56658 50456 57134 39382 37225 28612 38977 33426 35144 42595 35788 32516 35621 45744 34425 35416 42678 35332 36050 29555 35403 42158 47492 38205 40988 39850 50341 52027 43182 49690 47276 53049 57676 58171 55732 47272 34583 31300 30972 41307 52921 44032 50759 48580 40588 38740 28148 47766 48104 43582 31331 29175 51792 52162 43764 29021 41086 45456 50347 38709 37363 37515 47007 31674 32649 44553 44828 46201 39686 36418 60813 45718 38012 29877 36355 41818 44030 57770 51179 39196 19243 22216 34917 40331 38773 35816 39365 43735 56799 55059 41515 35695 26688 36943
25412 23884 30784 41605 49093 47619 43779 52071 45143 40905 45588 44022 49600 36357 44496 41886 42894 36342 50864 57228 38151 29217 32391 37560 44945 49660 43401 45016 42942 47864 43649 46424 54682 51265 36111 27122 26227 38678 47326 45146 42423 38762 31888 32200 33717 34495 35023 34354 40815 42975 45252 44289 39595 49807 41973 30738 32598 42470 46388 41951 49647 55100 48580 50480 50833 49100 40004 43349 39990 20558 24930 41894 57363 48880 27616 30308 33493 42170 40120 46544 46414 33522 28834 35915 45978 52879 41059 33087 25118 41959 46554 40035 23896 42036 46642 54154 42312 38544 38049 30421 37769 39256 44391 50618 28931 29133 25238 24280 36557 49411 57707 44436 35575 34920 53059 44387 30768 33558 48810 49346 47117 43471 39588 33764 33793 33343
26524 28047 37714 49041 58488 53986 53431 61877 56887 46411 49743 49937 51521 58444 40180 44750 44927 39425 48933 61064 56036 53243 43449 39806 43460 38997 33707 37988 43588 39854 42273 40804 38436 38572 31459 32866 30230 35407 43465 53392 39926 41457 27480 27953 32346 28549 29403 36272 30985 38650 33829 36744 41074 36367 33094 32290 46948 46027 47864 57819 45700 43162 40744 23528 42307 41170 53859 43114 40637 25633 20277 47113 52068 44920 30254 31915 42424 44957 37055 35690 37780 21484 21887 29497 43799 45595 46037 26329 22643 28387 46851 47771 43109 37327 49885 42366 51529 40454 44909 42643 35822 42270 48571 48003 44815 27794 15063 27732 43460 48812 44343 44216 29925 42644 48035 43134 34032 44690 45060 50580 45577 44751 24791 23382 31535 37285
28945 31382 26096 41259 45660 48415 54058 62938 57904 45585 37540 52399 50655 50376 55846 47794 47961 54058 48692 61010 57870 49069 47204 34502 33037 43579 49446 51421 51856 45309 48665 37443 34139 28308 30092 23698 32632 37494 40275 51972 39984 27893 31622 31906 34051 40625 32691 37563 45438 39726 36124 39391 42146 48635 35521 38636 33032 45216 45123 44870 42951 26120 26481 24802 29881 47035 50606 54632 36849 35964 32962 45343 53314 39969 26728 37640 39013 52890 51660 34114 27467 25817 29179 50866 54595 39506 27476 28742 22122 40103 45096 43283 39227 44773 38794 44836 49310 51036 33928 34836 40438 47139 42524 48302 47702 33650 28301 28057 37718 40122 48822 46963 48826 44214 58276 52970 45561 42478 42245 52785 55369 45342 36062 27387 27181 39202
37783 28989 33769 33319 48453 50656 48964 59919 53180 31593 34669 52758 52245 42967 35791 46536 40134 41424 48750 47132 56241 53509 49976 52447 43739 45424 44532 44310 53569 45155 46526 46317 33348 23350 18424 33769 37811 43314 35738 36274 32738 30452 44705 47501 43260 32978 44387 47750 48134 38224 38531 33996 47783 49399 57070 47149 50644 36415 44710 42089 25268 22550 23218 27355 32541 40465 36308 36868 40171 30935 43208 44303 48089 44964 46781 38121 47224 44958 51530 38399 27623 37382 48437 46541 48202 37814 28654 25089 34565 35202 39117 38468 46101 43137 43469 38506 48328 57488 55525 47162 44555 41793 38442 49398 56061 36593 25769 39623 41067 48821 41290 43972 41435 40426 28911 35227 30384 43596 50259 43314 41817 48101 43250 42100 31612 34633
32276 33349 32571 38341 36443 36315 39182 55700 62721 49895 40526 36471 34346 36766 45581 37115 41769 36777 30940 40571 41966 47939 48353 42597 35812 42475 45542 45770 43408 46173 45842 48670 41787 31162 29990 25554 39885 37142 37629 29126 34508 42090 52121 59206 48135 42847 28149 42456 41921 50584 37585 39160 48540 59701 52461 47382 39408 43443 25071 29644 29644 25212 28280 30621 33026 33607 33889 30709 35560 43865 34581 41804 38336 49657 46948 50113 55106 58210 46352 40135 35346 43438 55183 53914 51016 51140 36360 27220 34819 41467 41895 36977 48233 35511 46404 48076 51175 43769 41870 42876 41016 37149 42368 42600 51053 54909 46233 42417 43692 29260 39360 44251 38382 44312 41669 39349 36357 44898 46675 41843 37471 40010 39877 39913 41549 29270
41289 40027 36590 35868 42587 48036 45092 47004 45691 36090 30622 36247 32377 29732 34896 36641 32420 42320 33891 32319 36572 39345 34882 39626 23283 31119 38068 31593 33923 43515 47486 51032 50474 37950 30941 24799 27244 27764 23586 26672 43828 51926 52022 60177 55880 39690 31262 37372 42020 32634 30461 43783 43325 51819 45344 43538 43273 34234 37380 29394 23142 36913 48281 44480 30186 39129 34764 28475 22071 23968 43960 53403 49271 49796 51063 58076 55804 51085 49179 45769 41812 33318 31115 39396 46306 51196 55348 39299 37513 40722 48282 39240 41410 41218 40371 41182 39601 45914 44557 41149 37928 27298 43915 48476 46128 46914 42582 46749 47403 45533 28889 47672 38193 31701 42113 44413 44558 42730 42780 38232 30800 35136 32191 47632 49780 52818
32090 36906 51971 47379 45137 45581 40290 42107 42191 38328 36461 35521 40448 44872 48201 42905 40256 43010 45265 29934 26831 44650 40447 31231 31251 38511 44508 43494 34094 53119 50342 50340 47109 42431 37153 34421 27589 32525 29199 44428 56036 54374 47965 49216 53858 36329 42285 37064 29827 18896 29592 32130 45443 46029 37365 25579 33275 38799 37211 36816 35673 37717 49902 43743 43171 37348 34282 18284 24528 33482 41979 46794 46909 36453 35930 36670 49718 43381 28495 26758 23509 23707 24518 39264 48777 53977 55921 50944 37078 46950 53969 49615 49323 52871 44819 40434 43562 47367 44992 42513 38361 33975 39084 49642 48148 35495 45307 56526 51269 41903 37761 36057 33300 35827 52468 54994 44358 44368 39513 26030 33278 31488 29903 40622 51009 59480
47438 45776 44639 46326 39768 41860 49564 39342 33685 29671 42274 44960 50898 55093 36260 34301 39768 46024 46668 36672 25376 29852 40666 27060 23248 34374 33622 25602 29469 38424 52631 42579 47007 57180 34767 39899 44310 41548 42083 42066 58734 45879 51454 49153 52973 46529 28949 35626 36941 31414 30681 48680 50122 36208 32917 32476 30685 44832 46360 44234 36089 41453 46219 36613 38277 42691 27598 25438 19601 31168 39260 49277 46179 32650 28189 32098 36814 40035 33277 26873 24599 26599 30929 33791 46277 51206 50539 45387 43804 44322 53705 58318 53141 46105 39944 44125 46536 49062 39262 41105 39013 29566 32044 49950 56127 38036 28198 45835 57934 48756 43960 48036 42561 48680 52694 50663 47008 40947 34499 29517 24298 41437 43111 39638 44215 58122
42451 53838 48743 41293 38492 36668 45208 43941 42150 43758 43567 48118 51481 51752 39205 23256 26933 40037 44487 35185 25646 37749 35901 28714 35753 33350 24961 20937 38708 42622 40892 43884 41155 45523 51239 39080 47939 45914 46749 48387 40814 47719 52306 59501 48404 38346 38360 45300 49908 49514 49746 44096 45047 37137 24679 35288 42787 53827 63803 55029 52004 54773 39006 40710 46479 46465 33015 23294 34561 28161 36679 39978 45351 31741 26517 31273 42020 39429 34169 22119 35442 36416 36919 35828 42980 47936 44745 40136 35227 36519 40513 38780 49597 47667 41810 40361 50943 46664 44699 44988 39198 30437 41627 55257 51402 41057 37843 39064 42577 41606 51912 55006 62503 49567 49039 34260 29527 32086 33659 31584 31753 32949 30323 29862 34302 47458
46736 48099 55498 42823 41409 22475 33815 37824 46593 40901 40105 38347 39693 40075 34610 27207 27371 42996 44484 32929 17716 20806 38111 36355 36433 35947 22740 15197 27376 41789 31931 37573 45515 45788 40034 50462 43697 44368 51058 36816 36537 41922 52357 52613 43074 37399 38744 38194 34202 39671 47843 52220 51050 35246 29908 29070 40072 50007 54989 55891 47614 45889 50412 42605 42246 35436 23052 28985 38163 39787 38531 55963 59133 41516 35549 43637 50998 54908 49674 47789 33202 29582 38223 49409 49446 49891 45819 41008 46823 26769 33178 36708 46317 32221 23404 32219 45728 48213 50155 45413 44905 40398 48081 44647 48480 41565 39655 39857 28938 37659 45642 60768 53046 56128 48151 37736 32033 38575 50232 36229 39939 36895 35437 31794 54758 55873
41631 53930 47790 43657 43106 30909 31373 35088 50158 43230 27440 31610 36269 36776 35227 32436 27117 31394 31304 37530 37173 35769 36523 51231 43283 38425 33667 31005 41660 50559 42661 32141 34704 36666 44811 43948 46806 45361 40141 38335 34330 47638 52186 44484 39068 28751 42857 47139 39110 34987 40403 52056 40104 38673 25570 35747 44122 48609 47818 53209 48947 50088 55609 54535 51808 34661 31065 36069 32028 40864 54390 51074 46711 41692 34629 29995 44339 45913 48367 43014 37120 41777 32258 34618 43886 44540 47150 38675 38857 30349 26632 43000 41490 27560 21487 33941 49207 54765 56125 47585 49118 36832 38938 40676 30688 41003 47343 46165 32782 30577 46320 54094 56193 54401 52402 42107 36787 49543 47855 47192 28065 37048 38005 48434 52482 51227
39607 40271 41303 33553 39990 33077 30593 41133 45939 37849 30456 31724 36781 49841 50558 37378 37183 26622 31592 36193 40609 28656 36058 43532 44577 42521 38662 43386 50008 54130 40209 28797 40720 53965 44203 49896 37181 42416 42772 43210 46554 42740 49410 45024 45722 46872 38209 40595 36087 22168 33050 33756 46137 30871 37366 29094 30911 37966 36697 29909 41978 49644 47031 54855 44884 42907 29176 28882 34665 41618 52572 51755 47844 54399 43641 35584 31867 44198 49272 57820 36306 28533 43609 41173 48367 61275 50615 39455 36055 41102 46961 51213 37649 19419 21514 36264 49570 57781 61395 55348 52869 41562 29456 36798 28681 41253 49726 42107 31377 44245 39293 38778 35131 48487 45214 60842 46863 51419 43194 37546 39093 35902 46899 56015 62424 51526
39209 29013 39165 42456 39719 38249 42036 49727 45089 39801 34902 39295 53263 47733 46136 34249 33205 32426 24777 39961 46195 36760 26572 29995 41216 44699 41891 43364 50792 45387 44766 42816 54165 53616 55208 39580 40734 29888 40024 44800 47870 45251 58430 52040 36133 39840 46037 35917 39973 40059 24165 32329 34392 33114 25109 32347 40047 28943 27896 35651 38880 47062 51995 55591 55359 36357 41001 37066 29798 40215 45870 44004 37338 46014 48417 30300 29060 34736 50378 45258 42051 35380 36596 43703 37252 44647 40645 28416 29915 37024 54926 43760 29406 12422 30434 39089 45451 48522 48239 49089 38827 26382 21659 31657 50980 45426 44372 43305 39049 37733 53878 47704 40364 48266 51572 47074 46962 41355 46440 36198 37595 32321 41795 57439 55640 51354
28389 32122 43699 50273 52382 48712 54210 46028 43506 38987 41472 50343 47452 50641 41733 52645 39169 42195 37458 31868 44089 35396 25831 34895 41612 38980 36213 37063 52099 52604 59720 61830 49594 55549 43547 40738 27344 21992 23217 40929 40136 44076 52804 49530 42785 44698 43889 46406 44034 39641 30615 28510 34405 41211 28507 31250 46560 43342 27349 30517 42254 44652 42576 47380 42231 40384 21300 27916 31878 29108 39726 38959 40685 40969 41223 36370 21117 42905 47533 49801 33664 36822 29372 31554 49692 49762 56077 36303 35611 48523 55851 49427 32746 18162 18745 34987 36898 39339 51713 39117 38520 35123 38426 42990 48841 46697 49041 37669 26566 30688 39032 47187 38270 33973 47648 46266 41572 32965 35480 45949 43390 48468 40084 55675 55135 53997
24185 40388 55221 66042 62742 58952 44749 49962 52099 45169 43828 38898 54597 47398 45817 44222 51465 49416 41203 33692 39415 43508 34718 31850 29073 24582 22362 44371 41654 49601 43854 50727 53793 52953 47496 36305 34627 24204 25319 24149 30962 40169 55967 52976 52075 48806 46044 44884 43353 31695 29271 25735 38149 44011 41866 35672 44422 47801 37830 27555 23881 39649 55030 56301 42315 26290 25039 29777 26874 29363 35838 38766 37780 44186 42507 35130 44878 35581 46441 46578 49268 30072 25001 30770 42716 48078 34944 47104 38408 42007 45628 42683 38938 30530 30784 40316 53630 41826 34304 32950 30953 38759 34186 35702 44368 59084 45040 36783 21021 25959 44810 58608 47896 35485 33275 39188 41219 49864 38404 41292 44337 40241 36011 49656 56443 45580
37063 42209 52843 50855 48049 51705 53328 48122 53067 45345 39809 33452 38762 40254 41875 49212 58390 52700 52129 45308 28368 47042 46097 40365 37732 34684 34744 46954 56186 47383 51991 55845 58003 59957 44396 27042 23917 30349 23312 28951 38357 37035 44605 52003 51004 51712 54026 51623 50168 36273 26321 34950 33228 49016 52044 44543 41611 50755 43167 37511 39990 45361 45909 44299 41179 32487 20105 22819 21921 24421 27129 39117 48195 60964 54281 46674 35058 42792 40531 51927 47916 41859 32144 35209 37347 32259 33736 32474 43065 36163 41386 52678 42064 45268 49486 45193 45928 31950 25693 29586 38765 48568 47595 40423 48257 53378 55370 37529 29334 25092 44211 43934 40020 24410 37402 42771 51679 49001 44942 39796 41425 48453 40752 40760 36064 35374
29571 29370 40261 41170 42229 41414 45977 51366 60037 51906 39853 29570 25660 42927 47202 42971 33879 42689 40099 40743 33032 22259 35348 39710 41596 36886 36282 43811 52645 47695 41300 47458 49007 51796 37921 38173 37181 32362 31088 25946 33007 35705 37430 48004 48210 35186 47226 47959 45624 38178 42963 34621 41050 51250 55686 47471 38684 38419 45426 47301 39006 45230 43018 45956 42969 41471 33334 27058 31593 36760 42065 34921 44340 52510 41541 30555 34592 34374 45967 44626 49716 44805 47320 25169 24991 23803 21688 27223 33946 44528 46947 37720 40669 45716 64469 57195 41102 28453 34718 28767 38123 35649 43659 23338 43463 52749 38841 29815 36808 33867 40601 54448 43978 37256 28591 37326 44073 46400 46154 46407 44353 48882 31181 27090 26401 33502
40169 35797 25237 27641 35782 47874 58068 56484 62365 52968 38974 37229 35280 37456 39156 43722 34201 40841 40546 37558 29997 33857 40501 49969 56881 47347 45541 50716 60752 58635 42918 44630 44974 44752 47297 36115 38805 32376 32368 25134 26112 37857 48971 30614 38635 36484 42661 54143 46964 52885 54683 38802 41530 51231 51325 34302 24449 38866 56418 57070 57408 47473 50054 51245 49324 36819 32031 36671 40230 42409 35591 36926 36555 34761 32095 24570 16101 25586 48392 60138 53320 45416 43454 36433 31230 34951 33122 35903 38544 57392 52243 48995 41075 43551 46322 39580 28690 16182 31139 39881 45589 44994 35247 32413 41344 54415 50276 43002 38420 44681 40698 42389 39264 24111 32995 37452 24713 30361 24976 40443 40539 42436 33113 22105 24331 35895
39592 34711 39967 34146 38379 56339 61641 60211 46499 47350 40242 49189 47414 41802 34983 38010 36991 36823 35097 40137 40680 31086 32101 39999 48758 40301 46721 52300 64766 61687 39033 32651 41128 42120 29224 45695 36454 34641 30092 19467 20201 41354 54060 39163 23797 36537 46767 43651 43215 46279 54124 55987 46979 45020 41180 36638 47652 47990 59852 58323 36494 43319 42628 49015 36105 37623 27014 37497 44697 46925 37557 26174 26225 23401 23441 22684 22179 28294 46004 47967 33614 40465 40131 34737 33439 48166 39359 25938 32811 38421 48459 33454 33373 38519 48068 40755 21847 25878 37063 45001 44670 41947 31576 24294 33552 46463 42688 37166 44667 39967 56429 58113 44636 42434 30306 35662 29557 30029 41299 44350 48167 43353 39223 32081 26561 45260
47369 45859 38760 37712 35155 43153 53668 58367 53565 39509 46866 48534 41668 33070 31527 41924 44683 32076 35959 31738 35917 30398 31986 36324 47677 45483 45808 52530 53392 51004 45266 39004 44066 42569 35543 30846 41450 37897 37858 31615 26605 37872 44101 33207 30951 50016 57119 49530 46591 40746 51748 38876 33816 32362 43859 49650 57168 58651 62932 57059 47107 29629 44952 39046 28365 22393 31004 35676 37507 41844 36450 38699 40851 32703 33502 34590 23478 29434 39570 36193 39798 38339 41243 46473 45940 38741 29185 28259 31915 45476 45195 45799 39599 48459 37849 36888 27666 28202 41162 53210 57241 47938 32501 28418 37543 49862 49984 43232 46528 51286 57717 57997 47897 37952 40956 37525 43507 40533 46204 47888 49111 47722 40132 32106 40999 43933
40500 52414 52949 43360 41837 46226 49199 45511 38475 42622 47933 58082 48125 38187 42972 43011 42235 42408 36750 40535 42388 41116 38059 42308 37411 34024 26710 44774 45946 52178 53998 52686 39313 45956 44830 30413 25792 24364 19877 22664 21800 36222 43475 34914 34287 42781 54376 44887 40304 47465 41656 39737 34384 35506 37923 48109 55329 57121 59065 46949 38273 35397 27553 29073 23874 34954 43063 40312 31905 41622 55347 49006 41370 45763 40628 40964 35011 26217 33329 31875 27483 34112 40604 43827 41629 40039 27525 26737 30333 40397 46748 36685 49117 50637 51942 36850 41783 41033 51481 54137 50057 44664 40025 29716 38310 39593 52072 38850 33782 34645 54573 53047 59066 45993 43653 47995 49971 48043 49082 49302 50383 43093 46713 47950 46754 52946
67869 57367 44168 49402 42303 40940 40236 44398 36600 42866 47767 51439 38802 45516 35969 42294 43372 44418 35603 34413 38308 39471 45837 38080 33476 36705 40751 45297 46198 50070 52296 46249 42611 42748 41275 25011 21848 32806 37109 24631 24389 24912 42034 55264 55809 49475 31446 34879 45171 46396 39467 30496 30461 35480 43669 40147 49230 53256 56009 50632 32753 29906 35473 36007 31199 25219 41888 51892 43864 46328 61557 61902 48431 37556 38103 34250 32496 33069 33198 39010 28011 42073 37100 42518 41738 43134 29063 23430 41815 54620 55036 55544 50463 51876 35181 40806 42696 49706 57529 62563 57592 38275 39568 32218 36459 38434 45086 47302 31763 23626 35948 54550 57999 52346 42931 40353 41845 34464 44576 47140 43148 44800 47607 52231 51989 51580
63916 55301 49564 39171 32702 34822 27656 36926 49680 53523 51431 44176 50286 36831 48174 49661 48767 45641 44652 52821 60751 50875 37256 48184 44852 35584 40322 34863 32686 45024 54741 47700 43119 48866 37809 26434 30781 44352 47178 32905 26614 32167 49785 55929 52975 46009 39937 34959 36312 41355 40275 39080 43443 48850 51587 49149 38771 54905 49241 37219 22240 34284 51207 56090 38431 39553 49564 57306 61825 52935 56306 49731 32796 23114 30935 44346 42594 33725 36539 39034 37871 30965 45058 42347 50658 47143 46334 48657 40565 53031 55857 55220 46386 45226 55709 45773 42983 47181 54209 49397 40895 46603 40843 40467 28709 34909 46785 49507 38002 24129 25610 35353 52588 50874 39355 31321 36226 49160 47647 36952 37358 29309 36550 34273 51530 51328
61064 47133 37498 37131 31688 31982 40896 44516 52018 53343 40254 38063 38072 44416 37089 46101 47823 47639 58161 54243 47476 39446 35352 39897 35941 37398 47331 43185 36773 42564 46067 40569 29081 37176 42368 41821 38290 48794 57108 49201 38133 40370 46315 53610 59980 53590 46217 44993 38024 26616 37858 48537 51930 50657 41001 40496 44962 44811 46821 51635 41044 32195 46170 51653 35015 37985 54943 59612 61765 66930 57872 44228 33693 21610 25963 31495 39065 31923 41790 39469 43752 47949 45619 57213 50340 55629 43136 38734 44919 43537 57525 44722 49290 44824 51701 43565 48423 48394 42387 39510 45952 42943 36187 34723 31768 34274 47018 46566 45951 31535 20945 30074 33925 42554 45310 31294 34488 32870 39669 41743 42354 39908 33623 41570 52477 54520
46936 52361 45033 42494 41547 30307 26055 38835 44357 51365 53066 49181 46922 34775 30027 47511 55325 49601 52178 53233 47733 37065 32671 30176 36116 30924 37601 35527 35448 40202 32647 41614 52374 59394 62109 58284 51759 42270 51851 50602 51458 44597 43207 44032 43841 48203 52556 45324 40772 42886 51322 55943 37113 36114 49649 49427 47200 43037 41326 49521 48928 38914 31676 46968 46922 41840 47155 53824 58247 57136 47247 37787 33496 28407 30895 39547 42768 45291 47618 48529 38660 44983 50419 41773 49273 50873 53437 48087 41438 35762 34352 50894 48253 55508 54481 47211 45936 50523 34105 32775 34988 56919 52169 39974 42105 36907 40632 39617 30942 35951 41663 36609 37192 37987 44484 42785 36277 37104 47989 42431 46853 46654 46143 44650 52233 49452
36508 42668 47762 52152 46658 33212 30186 27525 41700 41058 37138 40547 35597 34808 35106 48646 53000 48699 44405 47443 39470 37819 37985 29143 33501 35283 32214 45821 35811 39724 47932 49686 50001 58309 63477 56977 46720 44382 41619 42747 49308 40319 43603 36111 37355 36472 48829 47552 52250 44593 51227 52558 40372 40677 51228 53940 40907 32739 36669 36802 41450 39949 31068 24230 25249 34996 43337 46830 46127 54337 43048 52901 47983 34778 22871 27843 40220 46792 38314 35402 36606 44976 45846 39610 46672 54711 46685 34763 26106 41408 45818 48593 53662 58835 38650 22551 33382 37090 38739 31338 39951 42339 48540 52130 37787 38546 31662 31659 31457 38401 37849 34837 41677 45245 46196 39982 27933 28214 36923 39171 38227 41914 58998 52729 47821 44660
47992 37853 53852 49873 47953 32546 23537 24285 26047 28522 29863 36474 39180 33213 42931 49944 42154 32440 46559 49639 37128 28203 33332 32211 24450 24890 24156 33900 39536 40465 40312 48715 53336 58907 49858 55009 51896 47993 52392 47231 43733 50158 52232 39225 34542 38952 47635 50151 41619 45553 39282 46667 38760 35151 43595 53730 49953 45583 31215 43021 44780 42668 39641 20823 29278 32469 43246 46583 40689 33902 42023 35909 34727 32159 37281 34641 43837 36399 42017 30479 31337 38890 36911 33931 38612 47329 37632 31697 34946 36025 55776 44410 50185 47331 39578 30757 31415 43909 38544 41908 38664 46498 51230 49275 36371 33821 36595 36154 32755 45674 48624 47069 43559 46708 33465 25747 32000 34730 40558 34384 26534 41323 51064 56287 37262 33693
46241 40485 41487 53053 49666 48846 27890 23163 24745 25160 19744 21418 36797 48162 54609 58010 54286 44644 41133 44958 38274 33832 39088 41022 25406 31839 48240 47760 46015 47614 44153 49572 44311 44596 49154 41488 51951 50327 49575 54070 48761 53140 52414 43636 35661 43755 46154 51830 40066 37097 43406 47120 44452 46047 42324 50252 42081 39754 45576 36828 46086 48104 44134 41405 27707 36459 47660 43526 35676 34583 29968 40913 43228 41441 39901 36072 25127 31238 29504 32134 34065 38327 34493 33556 39465 40964 39896 41171 39941 43154 48827 52287 44267 52568 43265 28706 29803 33648 49503 46873 49868 53653 50742 45191 36696 29235 33833 37803 44274 47163 45483 37921 48131 45305 43146 36880 34488 35948 27633 33510 39021 39967 51853 52620 54346 36669
37318 49328 48653 52091 47713 40736 27105 30523 41874 33671 24079 34797 39662 49257 44144 49269 49164 51220 37479 30279 26138 29482 37119 37526 27144 22387 39646 49150 36937 38407 39628 40526 39608 31858 32644 36375 31315 43908 49846 51841 45881 47265 41654 31419 37524 54313 56180 42244 34871 28469 29149 44543 41757 40140 40790 29461 38798 43802 36970 41062 48499 40813 50800 43961 37789 30749 34407 41223 44954 35660 31368 39900 43437 38567 34982 29509 25530 27135 33255 47099 42873 53761 42317 46985 44120 45313 47140 56775 47799 37453 48027 53180 49972 40925 53366 49265 41588 46782 45615 51616 56669 53445 54136 41482 31380 30183 41922 35010 42799 52976 66455 49832 35149 45426 49089 50532 41093 33408 24166 32256 30470 37026 34770 48095 55601 45050
34496 46216 54086 41112 40875 31063 34061 33392 50915 47792 34048 43021 54105 53209 38885 43643 55219 45657 31581 21798 30254 34575 42363 34109 29852 26931 39878 51950 54760 36104 42470 33887 37435 46918 39558 37321 35367 36144 44008 41258 43106 32473 35485 20790 37569 50677 54483 36582 25911 15484 24153 30385 41358 39440 49907 41322 38892 36767 35801 23687 44264 53564 48560 39626 36207 32631 36997 46583 43940 42975 34687 47183 52297 36174 31729 41921 38384 36838 33821 46508 58085 54179 46365 43140 39155 43321 50677 58258 49665 42995 29663 41763 53857 59365 58955 57233 50617 44507 43836 42756 54435 42797 42486 40560 35683 35225 39905 34400 35498 49148 48889 42761 42009 49773 60708 61152 48237 36192 25271 15729 25144 26625 38969 40590 53211 54181
37629 40895 35727 34991 35879 32213 38756 43510 41613 50882 51141 53464 57242 46827 32156 27439 43113 45811 33179 31074 41427 50337 36777 27039 29264 28116 31691 46497 38725 41652 31578 47372 50466 54119 46581 44153 42662 44834 42790 41003 37937 40795 36220 29488 34301 54440 58476 51602 30486 23886 27795 34424 35625 40140 38771 49704 52347 43246 35367 35302 30296 41720 47892 47915 33007 21805 30370 47778 48667 48374 46028 44022 52092 35172 29738 32073 34459 34772 38879 45011 44987 46915 42349 39604 39853 42889 49772 55181 54563 39505 33396 43053 53972 53869 57421 50312 48423 37341 43620 50421 42916 39757 33495 32294 48633 52198 39031 29865 41084 58464 55320 45639 38805 45859 41545 50820 51370 42406 27571 15080 23070 28349 26673 38964 43684 50165
33766 27949 45924 43004 36516 54977 54786 54893 42615 43288 57067 58780 67272 55409 46338 38179 30962 40850 45934 43613 51407 47872 31548 24979 30520 42082 36828 33614 35904 28294 40826 49426 61029 59366 59929 60788 65237 58073 40825 41411 44228 41308 34981 34436 43728 54279 49579 44356 35513 18842 27972 30469 21696 30155 41147 53916 52962 44286 33349 33687 37402 41886 50531 49544 34463 32298 32595 42488 55086 41884 47271 38509 43226 34014 15803 31715 35953 47244 33646 25882 33297 36914 39718 27496 31531 42142 37952 48513 50131 35298 26025 40815 53658 56341 53400 48310 37571 41301 45617 51569 44829 39951 30616 27260 27862 38257 37918 38627 44062 49069 58170 37901 42060 35506 42553 43098 51332 33382 28571 26541 27940 43458 42509 35383 40436 31647
39650 39175 42732 45863 44946 56309 69647 57301 46621 32231 37898 48954 53255 60218 49950 37061 42989 51757 44766 50916 54158 55365 31932 19591 40564 46321 47710 33370 34299 36262 48653 57434 62406 59789 49038 52023 56604 50713 47452 37764 41175 28902 40556 36771 46113 42395 49156 42194 42735 38097 29140 37563 30270 24950 41408 55088 55803 38288 44375 34292 36314 31930 36477 44316 40959 34730 44270 41658 48541 56023 39501 41432 26215 31102 23567 25481 52551 47996 31611 13093 19479 30082 36764 38164 40933 43733 47467 50095 40227 40035 38694 42921 38027 35871 41925 39467 30216 37131 44770 41619 51548 46757 50693 39487 37110 40992 34634 39227 40766 44936 43842 52094 35807 40674 41855 49087 51108 46381 32926 31868 46113 56125 48049 36201 38624 39938
30905 35747 40159 40360 52496 63903 64500 48807 34821 28647 25941 42774 48169 56006 62232 56220 42470 42284 50931 52176 63794 52582 44432 33266 31909 44868 45625 40274 44354 44782 53805 52518 53843 49845 49764 51779 54123 46159 42770 34577 29128 36311 39657 41016 40949 43146 36450 38755 41653 37055 37512 29485 26027 17211 38484 57081 52824 40100 40032 36998 27479 27515 39177 39202 59853 54010 50074 47907 43764 42348 46403 32984 34440 23886 40058 38514 37836 41383 30585 22029 28618 36408 46951 49216 49836 43424 44988 37074 33139 27249 37290 40330 40282 44423 39204 41415 41375 33802 38604 46731 43308 47571 48338 54643 33290 30644 35514 41505 47857 51303 52674 40293 49978 43713 61375 66630 57995 45946 35183 42289 45590 60513 59505 48346 35990 41957
34695 34858 36643 45068 48415 52942 57123 45556 32646 28585 30298 43129 49546 48302 44148 42078 47431 45973 38494 49964 59589 55502 41616 42283 38103 45462 57245 54877 54826 53976 41772 49179 53179 42567 52567 57550 53730 39809 31529 29915 42615 41849 38552 46179 35950 25370 26928 41462 43052 48419 41230 34598 37563 44790 42846 47803 47160 43041 29655 26317 16854 26754 44029 52361 54862 65187 63655 57290 42144 31850 42389 43471 31294 34811 35406 39904 33293 27322 24256 20403 22027 38732 37221 35064 29993 46160 54570 41690 37333 35109 45270 36074 33010 42291 53314 43390 30522 25990 32205 38403 46653 45696 52560 47983 41186 37259 45680 42075 52760 49875 40793 40050 30704 45150 61083 65430 51777 41368 43881 45591 47380 52887 50261 35950 35415 42537
35759 30525 40429 32396 36724 36797 37067 37754 35236 34583 39448 45327 45448 44514 45302 50260 37604 33248 35326 33873 48707 36851 33468 39220 56986 48754 48974 48087 54346 43876 39816 36868 41121 41098 49437 62456 53894 37702 23938 41710 51222 55519 40547 32707 29037 25936 27207 27818 41725 44423 41832 47521 49938 51838 47834 52669 45258 51853 49881 33125 30044 38087 46560 63935 57204 58652 65100 52746 36534 30699 36167 37760 44718 38886 52615 50146 35512 24621 23250 29547 32127 40823 49073 39735 38758 44023 46575 40268 35480 34231 33639 46455 46407 58457 57010 35584 28092 23964 30815 45043 44965 43422 36889 41937 48904 40931 42246 52396 57658 47142 46845 29090 33079 38308 49197 55933 51078 49542 48344 51603 40511 40673 47378 45966 38445 46547
35101 29842 32973 34613 33457 33192 35201 41615 32302 37327 40110 44245 51229 44165 42832 39094 38929 31144 36136 39422 30729 21232 24930 29229 44097 59010 47081 47271 39709 52489 34026 37554 39680 53327 47216 54852 53594 41960 35502 39314 50967 47869 42039 30912 28883 21813 37992 39895 38141 36218 36820 46499 50190 52141 40696 38105 49389 51934 46300 39198 33736 35538 43794 46638 54948 48825 63859 53445 32737 29550 44955 45022 46718 52041 51387 49329 36996 32822 30372 24614 43112 54619 54625 39242 27502 35619 33490 40423 37621 46872 37844 37572 48355 51770 46334 31804 33176 43437 39308 36456 50583 52326 46731 42595 48378 52688 40347 46202 50110 46796 33460 28441 23201 30165 46922 47725 45667 35151 37113 36932 46657 43192 40195 48451 46313 37667
49690 51403 45263 35817 28898 34232 37738 29377 27314 22237 38229 42081 43210 35816 33731 39530 30146 27655 37371 35453 34993 26398 18045 29116 38266 44436 40871 32197 39234 37921 48410 36932 41987 41107 41471 41094 43337 39380 37686 35270 41955 37430 33931 28177 19460 24630 33001 38496 30530 32757 42569 41338 42094 25709 33219 35096 49255 54440 66393 49280 52727 42556 37242 42496 48585 39963 45093 40363 30618 40950 49416 41209 32860 43924 45353 36664 33868 40989 49674 49672 47070 57224 56172 58954 43676 38124 29028 39255 37067 43215 39090 43852 45141 45355 27800 28235 48133 48370 37004 44562 48526 48330 45003 40614 43920 41830 46143 41663 60333 42859 36556 37262 29838 32981 47135 55389 49595 45722 49419 44224 30912 44387 48161 46904 46346 41696
54850 46863 46815 43348 34532 36348 38381 27582 22507 36806 49783 51017 32367 34165 35044 31482 38312 40184 46563 53978 40637 46551 35563 29565 29618 33175 34754 31707 26636 35950 35679 39871 39188 31060 32360 37550 42550 38746 42599 37065 30864 39291 38489 28971 22607 27556 44887 52902 50981 52501 44413 43104 28545 24968 31873 39307 43269 50555 49364 57552 59161 55209 40608 28715 30614 34534 42080 37634 41482 48594 45025 36418 29560 30787 24761 15906 17689 29471 43423 41164 48851 48373 54232 48644 42939 30462 31124 29023 32708 29537 39139 39121 49205 44468 43398 33416 37631 42972 45153 44556 52046 49750 51452 46680 39093 34379 25956 40646 50709 50231 37815 44214 43041 33108 44439 49456 37335 38965 40205 38611 36399 47606 55550 45242 41842 39661
47609 49211 50176 47863 34945 37574 35690 39142 32044 46617 44206 40794 26566 23245 38061 41271 35777 37565 48727 41260 48108 40661 50530 45727 42994 33713 20568 21558 28881 28646 37454 43039 30693 23915 30165 32611 36846 44208 55745 40819 34956 32579 35888 25015 24639 27034 29335 41875 52543 47584 39507 34464 34552 28316 38456 50312 44992 55316 52591 50895 54334 49969 33940 28269 32843 33214 35556 35638 34194 37128 41685 33278 23691 26267 23506 18652 12333 29240 44957 51848 43535 41971 33988 37888 45819 33260 23741 36397 36627 41001 55395 52684 49726 48202 45068 39459 32517 35900 40115 37361 40807 44773 33113 30350 19077 17831 29850 35979 45608 44662 42769 42207 45999 43819 44637 46161 41352 44478 51186 45658 47665 52823 52966 51708 35487 46263
34680 30528 43434 48161 46603 35034 28728 29780 39505 48940 58671 52108 38975 35918 33982 39684 44069 44664 52395 40494 45281 50079 52031 49580 37040 29457 29943 29452 38431 44273 46826 45925 30995 33174 40178 34367 45862 49819 40794 42418 41419 51918 46145 40126 25896 33706 37495 45837 54176 40357 39975 24932 37221 43548 48530 51211 51870 45644 56624 42956 43213 43151 37159 38942 55274 51324 43687 50006 46584 42388 42918 38101 38677 32741 30701 28742 19237 20198 32717 42787 38590 28056 17425 28757 30529 34072 28455 26311 35650 39903 47347 48011 51399 49999 47152 32406 23791 30298 32111 30498 23427 40990 28506 31363 34966 30318 26111 32874 30116 31905 44896 39282 45818 49453 39659 34302 32285 39597 48810 50176 47028 49605 55134 44940 46315 40321
31077 24437 41106 50138 57466 37313 38404 39915 44249 43118 42792 42185 33854 34439 44218 42058 47981 53431 42689 44767 44336 53863 43974 44199 46345 41723 44139 49085 53624 57334 54028 46292 42899 33659 38704 44136 39805 55074 45151 39892 43551 46843 43070 33278 37445 39189 39905 33374 35040 40969 35204 37278 39106 38737 49641 46497 54277 57139 60758 48357 36973 35361 49702 48780 56446 51088 33820 30796 43548 47062 39670 52616 52695 55216 41583 45251 34716 30463 31048 42430 43916 40582 29033 29251 31783 37424 46785 30283 27841 38790 41971 42034 48166 45984 33188 32516 30975 37865 35118 33004 36620 39283 36282 38080 40124 43810 34422 32396 34757 32377 39830 45183 37631 50953 52811 51168 51701 55470 49175 41207 39435 39952 41342 47412 52533 51573
29676 38374 47347 57352 48289 33358 18955 30484 35710 33866 39715 42177 45094 47007 49147 43675 35909 36203 44128 45186 51669 46666 46599 46774 54288 57457 55866 61784 48438 50501 53407 46391 33947 31621 42921 46593 46196 45176 41722 26038 36443 49863 40558 40875 38225 44674 48070 44012 39853 36963 40884 46186 43930 38901 50405 53899 44129 45237 54490 47301 45965 42675 40751 52475 55373 42318 37259 37593 49707 54592 45144 48793 52730 47083 43032 42533 49497 40205 33795 39672 39932 35219 32485 32896 38865 48513 49339 39506 31462 29336 30685 22170 30729 34125 30283 23727 26151 34937 40065 31242 32388 37585 38749 34595 46826 45229 49346 49615 40993 42946 48960 43747 39433 35205 51780 48317 42111 40404 46819 32800 42961 30831 31658 29666 49154 46804
35452 41100 51141 43389 39293 36536 38647 43963 44225 31112 30256 30971 46302 44073 60235 55118 42177 30268 45296 53232 51358 43376 50640 53817 53679 56177 57877 50838 46138 43516 56715 38074 23845 25465 37876 45481 45519 43534 35332 35561 41371 41978 37912 39744 41552 39879 37464 45622 39746 48763 52605 56385 58711 50461 50754 44434 44915 39151 48993 55617 50932 40092 46284 59329 54024 38408 35437 49823 50957 45594 44217 49614 51324 42206 42932 46563 53431 61052 50728 33587 33581 40942 37186 40845 39959 42816 41484 40783 26984 22988 21877 24531 27871 31580 33397 30421 31942 36398 50284 55387 45337 41287 53865 47898 33426 43066 55223 50790 42538 46617 43101 47506 42414 42060 37326 37876 47811 57895 54199 47543 38927 37025 28992 37171 45447 52828
32559 33239 39267 42117 32851 29758 30412 36584 39943 35853 41424 52206 52991 54158 47033 49150 36797 23730 33280 40059 41702 49730 41871 47394 46924 35943 48403 48380 43795 39405 42779 32249 27436 35580 40600 53117 57390 49477 36111 26083 38531 43492 43380 37118 41393 39981 46437 46899 50644 47758 55215 52037 53369 45582 49039 42250 36718 39446 42375 50553 51697 42143 44664 48333 43193 40153 53876 60732 54098 36168 27963 35387 46342 38859 24626 38715 55118 57992 54237 49890 35597 23281 23818 29589 32233 30169 39243 42761 42761 40659 27093 20930 23305 22682 27122 28316 33718 36736 47672 48456 44333 42574 38572 42973 32941 36974 39260 49037 42568 51903 48662 50512 46657 36440 27084 28164 43969 47845 54276 53598 41864 38467 39311 34434 36344 36457
33685 22065 25081 24868 28925 36233 35584 41604 40117 39498 32984 46319 36970 50419 54257 56164 47915 40539 33421 47294 54848 52219 41670 37665 48771 49209 51842 47524 50575 44535 47470 43703 35847 37815 46182 37140 43144 42308 36888 44321 54803 63106 58754 48131 53271 55209 51466 53046 57727 61809 58935 57713 52256 44394 40491 48408 52870 50414 48992 55439 45409 41807 50045 53987 46616 47089 55617 53370 48603 38043 41128 42526 38475 34818 34678 41946 54242 60930 56355 49074 33919 31066 28822 29475 28133 41002 31266 39181 29609 32072 30872 25821 29451 40036 34037 43994 40789 45544 39098 45428 40978 50502 50545 39269 37885 26703 32274 41287 55873 49446 45984 48990 45054 38528 26235 20021 44991 51827 56201 49647 48748 37214 52510 41656 41571 37657
34065 28470 22727 31531 33671 31259 31517 39946 33375 41452 42002 43838 42999 46341 54058 47554 39326 38925 34197 40068 57410 54568 44315 45126 50339 47341 48493 55199 42178 54075 51161 35370 35801 27810 25956 43026 49908 51081 47011 40762 59661 58208 56583 49999 52975 58855 55990 52268 54925 47607 43449 35341 42555 42275 41173 49552 54821 47784 37125 38213 48520 37446 45756 39824 40178 36183 36947 50068 59975 43422 33804 36289 48156 39337 41415 48331 50543 49677 48855 35537 30292 23274 30819 26432 32558 35812 55303 46882 41964 36466 45794 47479 34333 41954 56831 51583 39494 34782 40445 45019 43563 42942 51362 54568 45676 43194 35901 47831 47499 38268 41718 35758 47699 44443 32365 23131 34280 51542 52752 52812 49588 38762 40128 47787 29882 31851
33383 35668 26304 37170 35334 45796 45566 48516 42645 41333 39322 32018 28918 42628 51045 54649 50913 42475 34253 40092 43923 43933 45575 41841 48441 52262 53717 52302 44258 41256 44895 39396 40725 42758 41240 44402 49921 38325 34958 39891 54436 66618 56567 44347 41350 43903 54188 43022 41110 41320 43613 47363 49965 56237 44310 44448 48185 38138 45767 49744 54933 50899 49599 51332 39305 29133 36218 34749 40223 45449 36347 36700 40034 42659 40513 41443 48370 39826 41719 32476 39179 42972 38698 36252 40756 44621 43799 45463 30297 42468 47131 42286 42712 45407 49009 56706 40743 36171 50231 50857 57995 53012 51771 50987 45820 41004 42796 42465 42032 41251 32970 41727 51830 58445 44735 38557 44072 54970 61706 43686 34659 41898 39180 48859 43599 36149
37285 33478 41051 34744 50851 39758 46427 39451 49618 48908 56151 48650 47974 45292 45378 46877 40089 35586 20507 27921 42525 37634 25443 37436 48204 40144 39403 38467 50676 42989 29984 29741 33279 37770 41880 52127 62074 49254 31014 28761 42947 59026 47633 47393 41367 46353 40072 49418 39055 42294 33909 34190 47491 44590 46376 33671 48925 38955 37254 44507 47010 44472 42682 41438 39982 32827 31328 40033 44770 36055 28411 29374 34022 46329 27941 34336 30108 46425 42495 40488 32329 27792 32576 44839 40804 45538 45957 52640 45487 52459 62407 57667 39656 49703 52049 49040 43461 36361 46424 55029 48326 45570 47432 55868 55205 50153 55098 47143 33852 36154 30511 46272 56485 47824 48002 43982 37344 50585 58495 44935 27860 31697 36331 34385 34652 35975
42490 40259 38886 47240 54317 51379 47815 46753 46492 51163 64517 54603 42019 44457 42463 35210 31652 40199 31648 34881 38411 37396 31815 40737 40752 38229 41002 39931 36963 40765 31687 31960 33273 44042 45010 50838 42361 44488 30920 26531 24636 34430 41897 32353 30571 40929 49878 43956 48078 35493 32836 45115 54151 48553 35984 41643 43932 42730 40942 32776 38302 47795 52040 47443 46751 44731 47913 46579 37562 27330 33827 33098 39605 39634 34839 25358 30358 34037 46567 49611 37674 36875 38353 52176 41779 40156 41418 40191 49592 51257 51478 36625 39867 38551 44420 51487 41623 38272 39834 55856 54396 41709 38058 40365 42207 39620 45286 40961 35368 36957 34738 43080 54228 48774 45433 52430 51047 55111 58627 51784 40511 29173 32080 29403 43363 47324
30065 38029 37387 46691 48613 41349 35900 38203 45311 52023 58401 53497 45605 33415 36000 29663 31146 34017 40791 30246 37665 34288 31875 34885 39442 40445 41220 53130 45373 33062 28687 29371 32073 41633 42540 37421 38851 40488 45771 31581 19179 28250 29156 39171 38938 37230 47156 52508 43615 33098 35111 24342 41035 32862 42554 40303 44215 51296 44485 38106 38117 41796 37691 47069 43246 43401 46240 45983 46692 43348 25904 37991 40832 38845 27924 25210 36762 37445 45901 46107 33450 28398 45654 44447 56162 51862 48704 49510 44585 41280 46014 51140 38525 37199 30253 40057 51030 52136 41389 49306 44608 36057 37594 48310 37670 36968 43250 45526 34791 26776 33498 33377 44563 46954 37064 37609 45254 48763 59508 58950 46243 27724 28752 25676 44492 58254
32862 26948 43077 48386 46542 45111 42522 37754 45725 50518 47496 32425 27008 39337 49987 39019 34784 38584 33022 36507 34931 35637 40083 46454 42580 44485 41525 41821 37433 33451 36549 31244 39764 43863 41137 33772 29519 42774 43733 45965 36945 31551 42451 30426 22031 33619 43617 40389 33599 24371 28255 35902 30401 47630 45414 51907 38634 39374 36553 39343 31231 33371 39722 44384 50391 50023 49251 54775 40697 33782 35869 34243 46451 41294 35186 35702 42314 43315 39945 50126 36996 44146 44772 56795 51596 48162 49348 38305 35740 36681 33714 42027 37106 30269 35308 42377 50686 49871 50053 46406 46052 41650 40972 41273 32179 32107 41384 38890 33929 22290 27341 31961 40279 47865 39336 41042 53968 50726 47382 54003 39472 26619 26896 33125 35292 42161
33820 38644 30473 37347 39447 51347 37816 40016 37772 37720 37580 33592 37949 45913 49272 49204 48298 46830 45220 32606 26931 40598 53744 47625 34410 30465 36660 44267 44984 40185 36129 38749 43809 53626 46590 32459 29116 39310 48320 54560 49103 44362 45342 46956 34049 27683 38965 38809 33950 27264 32604 37326 42586 38716 43243 42553 42925 42874 49612 42283 41762 40414 50129 43562 55138 49459 45759 43036 45939 29519 33916 42192 40173 40182 43878 33824 37794 47173 45744 35757 41670 43470 59072 55495 55033 54314 46452 45122 37217 45935 45061 38795 36168 40690 33482 37998 39683 52329 49352 47434 49177 47900 44687 40720 53060 35070 31351 40286 36881 30608 30108 37593 33039 38221 51886 53060 43358 36633 45467 46906 28620 31310 42065 45286 36364 45125
39961 38972 41164 40089 49424 50500 40082 36205 37778 39362 41958 43422 46078 45420 53420 49481 47842 47296 35515 46671 48363 43742 43507 31871 21949 23620 37159 41056 43909 47020 45830 47288 50759 47572 39563 25718 43967 51242 44569 47233 57702 49475 39792 48026 41867 35925 34491 38945 32181 31119 23164 34617 37558 40678 42550 53642 51552 52676 45151 42171 28138 41543 39323 43925 50547 65577 58076 47839 43504 34198 31701 42232 53655 58949 52240 46920 34693 52070 57047 49955 46819 53607 43153 47305 40522 44164 47834 37063 49183 43751 41592 32981 25708 39330 38801 38693 36410 45335 42230 53158 57395 52788 51771 39083 35766 32751 35099 37091 30776 34709 35503 26421 36939 37222 43993 44702 37602 30735 36030 47226 39405 35385 36473 32372 34301 28553
41463 53031 41625 54224 62127 54349 46342 38986 41271 44202 44177 54746 53047 48218 45973 57309 45448 38728 41892 50431 52379 48700 45247 43597 29184 29150 34558 53867 57000 47890 45531 41626 52720 41793 36127 34434 46887 45616 38112 28860 37178 38655 36198 45379 57144 40887 33731 49350 34132 24447 27151 30627 41274 28634 30987 35973 52555 50907 48427 36411 39362 30791 30175 33618 43586 50228 54890 49511 43989 32778 31527 35746 37978 41516 49899 45091 42393 47695 56993 53221 46348 44893 41670 24888 37632 45569 54875 55315 49456 47585 38698 42334 34804 39803 40059 33475 40528 49584 44422 40438 49394 35132 34686 43049 45789 38164 43847 35910 35265 35448 42016 34781 33033 41485 32224 41129 42775 41379 31943 33153 41607 45619 41269 37440 26915 25588
52682 36902 40187 49118 56352 45950 41160 46160 40482 54362 59631 53104 50883 54604 40687 45836 46622 35393 42802 53712 61568 51139 47004 43094 27946 22529 28874 39832 52380 40777 30036 37069 35724 38282 31587 37042 51546 42134 30573 28046 23162 30617 34545 34422 40725 50980 48870 47500 51963 29487 22327 23279 27173 21045 26086 29456 45577 48030 41379 33556 40912 41944 26910 38014 35965 38069 37601 46442 36814 32770 20818 27128 35938 38265 42378 41299 44923 46973 61494 69994 60316 43582 40826 43348 38201 47975 53283 51904 44864 44054 45069 34992 41542 42185 31747 36552 43453 42661 45423 45071 36954 38622 46727 44239 36212 41541 51665 40297 31769 39530 45328 44542 36353 33374 30456 33836 37556 38648 28792 31047 42555 47169 32785 26394 17636 27721
38172 51305 46822 43435 52503 51758 43805 37151 39362 29752 39788 42411 47003 47183 45641 49067 55093 35625 44842 59876 63526 55275 51098 41275 36593 34615 40472 45635 48495 49115 34613 38417 47881 43825 22150 24455 26611 47236 32200 34400 31395 19836 35258 34928 37828 43404 47173 53369 53325 40477 36379 31641 34912 30094 20283 14404 21522 35343 36436 41477 39733 45990 30993 32274 35296 35051 32996 35746 37025 38918 39974 25638 34644 32741 30167 37352 46749 51224 51810 47939 49762 50021 45940 41094 41820 42076 53726 53287 40658 45127 46059 41190 35932 47586 41671 33604 38867 53107 42614 40424 30299 28224 34431 53432 42842 45413 51001 44780 31285 34632 41410 46317 45456 47879 38009 45194 31632 39878 42171 42347 26383 25753 27067 27073 30678 24425
32891 46424 54482 44468 36817 38918 33735 27008 30685 41929 48190 51455 53839 41841 40021 44926 47078 45146 31813 46181 48179 52496 41928 40742 28802 34360 41971 52446 51248 41594 38373 41795 44304 35675 20818 17745 27166 31268 49624 44061 38649 29469 22693 25576 19063 35069 45053 49245 54447 43635 35169 43862 29361 30896 21335 22614 33736 45174 45703 42830 50255 43348 50307 39875 38059 27168 32811 29678 27155 34707 31892 38009 40860 38014 38315 35279 47630 34163 40167 37147 44276 53213 56983 50109 38162 47864 51163 40485 26586 37503 44723 43698 42707 51262 48246 39016 40166 36824 37077 38628 41283 43191 51258 53157 51786 41251 41655 39677 41542 38904 46208 47574 52949 48879 38353 42055 35707 31893 44530 51326 36624 28857 33017 35577 39728 52697
36201 39738 45289 44816 51184 42865 40610 39905 37784 41733 43900 55163 53845 42081 27209 40321 49083 44512 38384 30765 33268 38806 35832 32592 44348 43577 50418 57270 51066 35209 33783 49331 54473 33899 21355 13796 20268 33182 40371 52741 44428 34550 25163 38393 41679 32566 40058 38472 39379 39613 32003 27486 25393 28746 30628 26496 36275 43812 56755 40206 47162 42313 38758 33135 35131 44997 37810 28662 34962 40366 40121 36585 49492 33592 29596 38767 42767 43606 30532 33605 44218 55301 53080 50775 32588 45155 48560 41123 37013 42698 42884 47893 51705 50203 40657 45691 44031 38694 33433 33949 34960 35183 52123 62636 45178 40673 33991 34405 29263 36459 31267 45316 47963 44374 47194 42499 38248 26397 33547 44695 41946 39406 41065 44050 38983 50911
35914 48906 55376 52202 45121 52710 34029 36842 47412 44722 50389 58464 63412 38763 21972 32340 48822 47188 34712 28926 28573 26132 45327 49371 45536 44520 41810 48315 39582 34297 37878 44498 41391 27396 28089 30812 29498 37933 43446 37924 33175 35700 52483 49992 54151 49686 33667 30638 30965 30481 24957 24750 27877 24555 45648 46664 46455 43586 44871 57004 45053 38732 33311 35913 30983 44041 48318 46082 30901 35606 41160 43508 43581 38346 33634 39410 51623 33419 22206 34370 43269 48283 42419 43502 52643 50799 52953 52901 43109 43583 46789 53694 53949 49553 45776 45671 45779 36238 21122 30104 30559 42163 51797 49711 49380 34067 35244 24357 25295 30213 30162 49291 53577 49021 44025 46070 31045 21348 33819 47983 46444 48485 43578 40453 48168 62174
38673 50041 46076 33486 46401 48304 39895 43220 52122 42825 44889 52082 52544 46395 31384 35748 47780 38690 41264 33596 26705 22251 36648 48788 48700 33815 35114 29527 34010 41248 51767 54719 48380 37650 31393 35281 39188 33550 43537 41130 38784 40947 43944 51548 51635 57348 47227 31045 31157 37036 27014 25907 32685 32766 34603 43393 50457 40959 34681 41572 50768 33952 31425 34164 32843 36830 40334 35371 42553 47309 40223 27858 26905 37278 40653 42987 39787 32036 32798 49302 62697 53121 49269 52826 45455 46518 44929 56241 55066 52207 43632 49699 54903 41704 33632 50041 48998 48454 27685 35332 41319 44243 39858 54357 49636 56630 37356 32089 24561 24486 27397 30850 50040 45317 34310 36109 36060 26084 38219 40625 45934 47430 43956 47368 49983 53018
