245 229 217 25 105 154 205 34 162 211 49 13 246 7 36 81 245 152 85 18 229 236 48 97 90 222 4 9 48 135 252 87
239 147 202 47 36 100 65 174 17 85 113 43 127 215 98 202 95 115 19 77 223 145 116 39 238 220 118 56 1 58 138 58
173 10 104 151 97 62 5 36 34 1 215 132 66 146 199 201 149 37 87 111 111 8 213 4 58 203 225 14 152 181 134 234
82 181 17 154 100 236 121 78 95 113 246 10 5 61 197 181 229 166 199 166 177 160 229 130 78 198 179 223 54 96 113 27
110 235 161 231 116 159 97 217 247 98 181 105 122 211 28 169 126 105 186 255 245 171 68 3 102 152 226 149 247 225 55 130
90 74 136 138 92 167 36 59 152 39 225 121 127 109 114 39 141 36 156 55 236 241 172 156 83 104 178 200 40 206 82 50
87 156 244 247 88 132 197 69 245 214 16 229 206 211 90 79 93 107 155 89 200 50 21 35 44 171 202 80 87 235 131 14
121 73 124 181 224 180 144 141 75 100 244 212 239 36 97 64 182 207 23 206 189 104 168 89 93 96 232 121 98 160 91 45
49 122 223 222 185 210 42 255 146 194 63 88 7 109 2 6 210 112 221 156 89 219 50 212 168 76 207 120 183 205 146 240
37 220 163 92 70 201 246 228 87 127 183 121 181 147 245 254 218 77 69 160 154 211 197 145 47 83 84 252 77 61 232 234
237 15 99 158 52 116 127 19 28 0 20 227 90 172 23 143 105 156 132 59 254 208 171 185 119 44 62 198 55 214 127 50
36 39 141 50 37 218 162 194 218 154 56 107 43 105 168 152 116 65 66 227 231 113 60 243 242 2 33 123 97 58 243 42
213 198 76 158 0 27 39 254 63 139 57 113 185 160 163 100 141 159 17 161 219 5 65 128 98 81 253 112 84 161 136 75
97 46 70 62 238 255 138 27 95 211 194 81 9 179 154 171 102 22 122 89 125 106 153 195 220 123 17 195 19 112 164 171
96 22 144 103 217 131 25 204 35 198 125 149 198 204 192 6 227 148 146 21 111 201 37 86 208 176 125 93 62 77 76 28
194 30 163 24 220 254 187 144 53 56 45 113 176 244 186 180 161 159 71 196 152 93 156 12 160 9 128 60 93 247 120 199
164 48 174 235 9 199 91 153 122 77 136 193 153 53 92 14 192 171 144 112 20 203 103 94 205 255 236 236 68 240 90 182
15 41 205 71 96 92 90 117 151 23 129 146 166 197 85 158 28 216 135 35 108 37 187 213 60 30 27 174 28 5 67 100
241 114 245 230 22 188 157 211 138 84 22 219 73 227 40 3 95 15 46 7 32 200 152 192 94 250 189 227 100 162 123 100
4 224 97 251 48 43 213 22 141 175 168 15 152 240 26 129 99 211 116 234 235 81 248 247 139 229 117 3 4 12 181 71
123 223 224 218 90 59 228 153 25 250 134 247 220 244 175 198 240 190 166 164 255 123 20 137 28 111 136 206 73 155 218 10
224 240 236 250 201 181 143 71 21 143 182 230 3 199 70 152 208 144 29 144 98 235 122 132 69 82 5 222 84 19 20 41
206 176 24 110 254 198 231 233 130 24 180 235 187 147 126 250 158 95 204 77 0 184 180 14 31 241 210 60 32 104 30 42
237 62 17 251 207 89 52 48 130 58 162 100 30 94 81 228 7 202 238 24 181 23 173 238 113 92 192 80 131 210 17 116
56 102 66 101 173 126 214 186 182 210 156 253 173 35 154 79 51 99 30 68 230 186 207 22 248 235 192 62 156 81 134 62
221 136 11 233 32 59 37 47 180 241 142 163 180 230 96 14 87 83 185 186 158 112 7 214 10 107 215 12 104 80 169 197
248 88 166 159 91 66 64 132 175 58 196 85 206 42 122 145 166 17 24 53 79 147 175 208 252 33 9 111 118 65 98 237
91 169 188 141 9 177 211 159 68 201 76 42 59 21 206 112 169 133 135 236 210 79 236 83 144 60 10 161 99 80 188 32
96 237 18 236 105 186 192 189 240 172 156 66 119 159 145 18 86 28 102 83 205 112 207 171 174 143 219 200 117 15 131 64
171 155 43 48 202 57 1 235 110 106 187 28 227 5 245 235 172 237 53 166 129 189 47 252 14 162 127 248 13 200 2 203
128 37 75 206 114 58 112 181 97 224 32 196 145 155 168 119 168 101 197 232 173 62 198 168 237 91 114 78 226 139 198 26
169 244 110 29 248 216 230 183 36 67 79 123 253 109 67 79 140 186 252 81 125 111 254 22 122 11 41 28 70 19 41 150
