48223 38524 34542 33502 39860 38921 43508 35350 38686 46438 44379 49415 34035 29268 23151 42827 34950 46801 42253 36534 38132 41589 53236 49622 48846 42759 34049 36844 40589 40272
21990 31295 34134 36345 42534 40984 43439 40419 38587 48597 44982 52972 38639 35375 32687 35177 43666 43774 41825 49083 30942 37643 39550 39025 46979 43809 41671 31246 35408 34037
36645 31957 35694 44747 35719 34953 42335 36777 49541 50435 40138 50246 42547 53389 42064 36582 47806 43914 42586 52083 48041 40374 40334 45059 37152 41271 43187 42566 38464 40948
36473 46886 36089 39999 42316 31772 39251 25975 49365 43640 50208 25374 41976 42988 58702 30737 43637 44855 42487 43674 43216 41005 42336 40757 32288 31709 30707 47122 35679 37728
38663 43556 37353 48978 36586 36240 39862 23586 40083 33873 45542 31534 40489 40898 54303 46963 42994 41615 41669 39481 37386 29884 34935 24484 26907 23769 33110 33608 44733 36720
27444 29529 34709 34986 36364 44846 33652 47290 43537 39925 49178 31317 48109 43544 39799 46329 38897 32757 43112 25479 30030 33309 27387 19451 20689 28884 28199 41025 37545 36045
29132 39529 30646 41572 32140 43785 48887 37364 49745 41851 43133 34473 44399 47403 51511 46886 39445 34509 37087 36033 24388 30982 41104 39305 21620 29819 31220 32324 42969 29176
40101 41785 32669 30940 36852 50998 42276 47402 29238 39037 34225 39234 28710 30252 43215 37730 43377 38251 31840 28890 28782 28553 46740 53299 50092 26347 40030 38613 39048 40843
41047 42834 35136 29515 33923 49584 43366 37970 32115 26961 26957 20704 20731 14852 26893 40604 43712 57253 45333 30719 25280 32012 51839 53081 44042 43830 27574 47156 35472 36478
51446 43647 38105 35036 23713 29669 30320 39650 26022 31235 35764 32607 25988 21306 25471 29194 44191 52532 50202 31472 29417 22098 47184 42280 41225 39280 33041 46871 32809 34386
24528 40169 39978 37820 30175 27556 25968 31456 37183 31822 29988 38603 46749 37962 33845 42023 47030 42157 59778 36846 40668 31864 42183 41157 31820 29280 28153 28452 25228 32887
22839 35539 30518 43021 39250 38346 29081 41405 29475 28563 31524 37410 43283 58580 47740 48657 44839 55179 29768 45325 27434 39287 49522 44663 38981 32010 34005 30848 22024 38818
31052 46565 48741 44470 48591 40126 48258 37063 50608 38603 40323 36323 42004 36609 53227 56575 46974 40478 48868 35117 36024 34347 40499 52936 34859 44204 36930 48653 33114 38516
46130 51497 51638 59869 48051 50890 49887 59070 50238 57591 53703 49154 51622 37707 45600 49587 48427 34794 40436 37752 33402 33284 27035 39595 40652 49976 46452 54915 37649 34701
40430 41547 46564 39773 47157 43656 50840 46611 54267 53438 53892 59726 57648 53483 46876 46836 40988 31573 27634 48049 33236 41059 30282 42687 43143 51575 53443 48092 42202 44548
37670 38762 39370 39370 41313 48626 40143 47623 33992 53016 34946 43695 37352 42970 51597 31332 39561 30238 34063 41017 45641 30843 42537 40172 38187 45500 51386 42087 45058 32159
43318 52326 35079 40919 39181 40419 38313 31988 30411 30021 37203 25168 27806 22645 36137 44442 31065 32488 29028 33799 35281 37515 36985 45502 43808 36095 37174 41255 51796 44367
44696 56930 49205 35091 42073 38528 33605 34829 24230 34620 24081 28545 22304 26885 23798 30284 38888 33534 33592 32622 41498 36956 49519 39836 53748 46425 46223 39799 55861 48154
40462 48093 51122 45529 28920 35114 26633 22495 23878 30202 39385 28943 31923 27154 46274 34977 33376 32572 30610 34043 40389 38530 35685 39123 50337 45876 57448 50107 47531 43359
40855 38895 37615 42466 36473 37504 35152 35428 38511 31343 41717 48836 39806 44443 38309 56027 45239 36501 23801 38326 36686 40243 33376 39281 32643 49396 40657 53050 31615 45473
28363 32338 29030 34232 50212 43316 44966 44986 44868 43736 32978 43188 48124 32199 42625 40097 44775 41286 34988 36398 51170 39000 42229 37388 43281 31540 37195 39795 43210 32074
35171 29376 30769 27485 39592 42788 35059 43186 43907 41945 26729 28910 42219 48704 33729 34245 32586 34849 34197 39255 43654 44648 46152 50830 41699 36786 24489 39377 46160 55103
22168 30861 31530 31826 40549 34283 42947 28370 31910 39815 25147 29059 29486 51522 33391 26664 23714 22522 25231 29740 38298 42754 53373 46375 60212 29460 28201 34467 52116 52106
19480 35570 43871 45829 44988 46391 32081 40816 39144 40238 32371 40635 26034 52127 45579 39788 27168 30760 34394 25369 43585 37895 35664 42505 38242 31388 28396 35840 58718 57002
30135 40297 49570 42396 54109 37443 52528 37216 42972 42228 28034 36254 33056 46742 44829 47197 28274 32747 27084 38389 29817 39824 44712 23681 42771 26663 34231 35206 47079 59522
40915 32148 41155 47908 36144 42765 37547 47567 46892 45245 41074 41332 34579 43694 32833 50831 38014 31415 35441 30146 46702 28717 47326 39515 42925 35089 40643 24406 39752 47492
37037 38290 36141 43996 41863 33385 40716 41922 54032 52707 49020 33799 29446 27835 18758 30065 31623 30694 29422 28481 39937 40471 43691 43398 46695 46896 49732 37783 38785 27778
44172 28355 36090 40406 33119 28630 25584 44570 56842 61254 42841 47578 24874 29634 14801 20534 22886 29064 30726 34475 30665 43155 48174 46455 43175 38729 46163 48098 41306 28569
49050 27107 23330 26287 37666 24490 30998 39284 49630 56426 47870 28074 32557 30954 21927 20419 27619 28236 33151 29807 31615 29373 47441 49304 43548 28180 44375 49084 49458 46707
40358 39592 26289 33477 18333 43389 36524 47387 50168 43299 45444 44999 30952 40774 39204 43209 19544 47474 44006 36480 29189 29611 33041 46816 52330 34946 39427 49950 50261 49539
