944919 661067 499720 425689 543922 528582 529027 472395 525947 480642 548284 559878 654991 589329 729509 676403 539239 366550 646683 771030 716977 558944 503545 830519 718921 510894 202387 336734 641210 641930
683965 563439 553991 450303 364801 412904 291398 328589 494640 593401 495003 553388 715953 938394 800662 683905 449747 495576 618805 577734 730476 540369 537775 698883 947816 698685 464850 472425 566115 631615
573140 563622 621741 689646 565593 443868 410576 406450 691744 611053 467988 441716 655824 838160 934704 773675 717224 711649 785066 676401 801631 549251 503900 597235 857018 861754 756614 636238 668590 647938
645358 813632 645785 798802 667884 696777 742361 668998 776603 644712 556110 497815 551674 634413 791420 742947 815048 903341 1011475 985165 878669 606921 529303 627113 805659 966954 848490 846283 631513 463958
711664 919091 746349 750870 582530 613744 729788 733113 806332 678002 744739 745714 602678 568792 496076 531143 633098 706631 920907 1034903 830238 564025 442030 481675 774851 869413 813384 844482 764080 573135
700225 858258 778925 734935 654295 586698 641592 675167 725428 722799 918869 837586 653814 457411 499218 480138 641040 498396 808281 762499 687897 578269 440376 536600 743463 796868 587647 771202 675416 505529
700765 934564 963955 922710 794179 686460 787774 715528 764409 887168 860811 822353 592132 445432 510096 699327 649057 664268 818968 657616 613062 439744 427070 511962 743189 781478 656069 732355 707494 567404
710846 842617 905871 940065 826553 858957 766322 716495 713484 715189 725598 577786 519353 354672 656031 760131 712247 805063 703624 815225 765558 699122 708487 543815 706854 735397 798993 751922 711318 788904
719969 795246 737160 800889 808875 972078 692476 724115 593647 639079 554929 605448 572362 653642 791469 662997 721689 665125 738479 909202 805244 891856 660405 557553 563729 699085 805672 672269 801986 978944
531971 650474 495955 567574 757283 788889 614285 503068 421815 601305 717066 689500 725710 797776 856051 738967 614583 550582 770098 977568 915641 882979 762266 531347 321870 637112 595748 660883 721616 725082
568539 481838 400633 526298 598442 651973 681884 514250 372897 479504 472788 666886 571383 699643 579659 621345 519784 597734 923372 859632 721722 793041 883403 604464 380236 529997 505959 631783 694329 633961
535026 480076 419212 493779 513782 794538 767839 762713 634817 558795 486519 605452 708865 718229 693989 604241 430283 580634 818885 730014 511606 636675 772226 654283 624996 555489 523328 512441 709728 576985
524981 550504 556815 744526 561757 571151 477192 722063 692191 655904 532796 677920 828168 750401 675548 588589 490601 548149 585274 580968 600524 565455 729053 730695 659088 629617 583290 510373 591504 649388
416693 436473 723596 912691 815807 678645 511998 594752 706752 701209 649295 785759 832618 751716 710583 667668 634677 452120 544584 629604 626873 589450 764006 823296 634707 597201 377685 516125 522414 565245
532424 499971 752353 834814 830824 769153 500533 573729 433491 623544 763625 919790 938561 719534 782021 737129 760568 609241 623114 612483 614638 506687 572987 646747 722050 632586 513658 618232 645783 600893
634402 633232 673068 708042 805077 781473 638307 491524 402013 588379 726918 776145 729219 646111 683337 782516 742799 702581 514254 613607 660164 542154 693815 612407 777915 704662 638519 709374 655559 807145
669144 773516 603676 627399 514287 686904 671541 536664 496413 638864 781679 760932 640137 427311 470425 594022 720912 547681 376335 481971 587358 799008 731642 677936 731072 884448 687535 610358 446134 634551
744541 803828 698907 511085 602093 717880 698644 561424 502824 562212 655614 849297 686684 505782 360022 529483 471746 440164 429768 476745 717293 873433 773053 733510 651802 725182 510814 466209 427636 478547
910337 987337 755779 580950 608234 773956 664337 692452 664240 627319 581161 946293 662996 552999 489984 560881 588388 560742 680937 711000 730951 939112 796151 888256 818290 785888 509648 469092 582600 613343
842167 1099844 775358 600857 676293 628987 571697 611901 815463 811524 849499 889664 818729 810589 760314 929807 780146 853342 953255 881044 781247 709400 679168 696914 611923 652366 497248 350855 562472 445300
1019722 1060151 964096 853723 824717 728203 547963 607034 652553 1039553 854846 919216 805982 849371 961557 928558 753803 696460 721762 781906 748058 624348 366763 470631 456592 705297 609745 536266 449950 337519
802654 787617 995128 1034675 919266 806453 622953 474527 568400 900921 769349 773232 546432 816308 836858 738923 728415 655449 397453 651806 716954 720218 461723 560678 621344 687553 433953 484662 321503 215653
476792 576250 824927 857413 815983 746244 737512 592203 657200 732471 757215 655692 569943 806915 666143 677928 813698 587508 547633 558235 654022 741065 630319 668336 811445 735921 552374 586652 432369 398246
470626 543027 717388 732153 653687 576894 655739 717896 814597 788312 763619 585164 512065 605077 394814 573676 552220 551893 770777 651320 796547 657159 770430 821625 874820 648119 616251 619173 560068 595446
456268 591681 603429 507561 537243 539142 751552 928207 884394 930243 874971 843993 702676 441840 438351 420337 424795 543353 684785 724109 722830 651782 751513 671311 825970 604216 566797 451465 605878 658331
683953 768752 522245 494639 363035 450456 620179 695842 792450 734022 728289 708734 628773 606948 587989 454033 468106 533635 670389 676854 616386 802033 704576 658869 415920 382404 562226 414685 549049 754932
846259 742111 606744 556823 655845 739210 703388 704547 738939 492505 563133 393566 628453 603410 686087 569042 496653 525656 665669 669128 773689 842287 885842 653673 445497 461996 545376 488141 541666 608575
676097 712923 613754 711981 718286 863668 883451 863602 706261 573594 437899 456335 641513 584778 667194 553888 591668 647477 824451 789410 870274 745455 839995 608175 636818 753442 658596 502269 543157 443708
495084 612708 606679 725789 528609 751615 883272 809560 825166 579578 676017 587983 732504 768838 748314 642992 590593 578266 747436 728377 741412 819896 799786 728761 759949 880400 747088 636896 521562 498110
534543 528626 639980 576403 540594 702825 622421 732123 617898 560556 799955 629687 815778 719754 855697 873590 786012 918906 766957 733673 659384 864994 686887 741472 503870 640876 595638 762107 530134 630022
