22 76 112 12 61 3 121 26 72 46 9 16 37 48 93 119 50 40 38 76 84 92 96 64 112 109 25 29 8 122 94 8 3 46 54 119 32 3 26 41 112 91 36 21 62 100 83 62 13 98 85 125 5 70 67 20 124 28 71 32 23 73 35 103
77 45 79 36 84 68 103 54 79 119 41 92 96 86 43 101 120 121 66 41 47 3 38 72 117 47 5 108 11 117 61 15 32 67 126 14 18 105 96 57 82 6 126 31 46 50 107 92 15 31 42 101 32 106 69 19 94 61 103 100 22 53 14 21
13 80 71 0 28 94 18 6 50 52 61 4 82 112 49 112 71 59 25 126 63 55 125 125 92 115 40 97 93 23 102 23 63 59 116 51 5 54 29 57 119 70 50 40 63 2 1 98 91 96 26 14 47 45 68 54 0 111 92 54 1 103 99 28
123 82 53 101 123 34 125 86 22 2 37 90 95 82 89 40 82 112 60 97 84 89 26 47 30 95 85 68 46 112 8 23 43 118 42 36 53 102 47 32 87 92 87 60 73 100 118 23 42 64 4 60 0 16 43 13 67 53 2 111 117 33 32 20
83 92 6 20 100 122 50 3 122 110 51 110 54 70 14 19 7 62 100 125 50 122 87 42 105 51 46 87 74 90 89 4 126 27 6 36 74 51 87 109 108 14 88 87 75 77 83 78 23 51 50 105 126 118 93 125 83 20 7 125 123 59 51 119
93 36 119 50 32 79 40 116 31 65 63 51 20 100 109 8 49 73 86 89 105 48 66 107 56 43 29 68 58 119 41 34 70 52 67 94 117 29 49 32 46 106 64 63 80 53 23 80 39 20 77 57 77 69 23 31 73 23 112 8 49 56 80 47
6 12 62 45 115 87 81 90 29 114 62 114 120 35 79 97 121 49 47 70 116 89 35 91 65 25 9 109 61 19 32 22 103 24 124 24 56 86 90 29 76 105 96 89 31 53 76 118 62 50 28 48 101 9 75 18 34 15 105 18 4 19 100 112
107 1 67 120 93 9 85 61 72 125 60 11 41 121 30 30 9 76 80 28 103 45 28 120 92 86 45 38 117 69 61 126 103 16 103 78 81 106 62 120 125 36 126 13 54 27 109 40 28 66 22 109 42 81 22 70 111 4 45 67 117 73 92 109
57 109 63 119 124 44 90 114 35 89 107 65 102 121 69 110 52 64 111 43 41 126 102 126 97 117 10 18 120 16 52 73 18 93 85 73 92 29 44 69 67 69 34 9 0 124 10 88 51 64 47 44 67 24 52 64 0 80 39 1 123 115 98 38
124 21 45 55 78 126 99 70 107 9 120 62 81 65 74 107 113 80 14 41 91 92 27 2 87 70 38 81 110 18 82 18 72 42 103 112 8 5 0 22 30 65 55 87 31 27 58 88 58 29 68 21 33 82 26 54 7 0 89 36 103 81 90 34
58 13 42 39 11 118 6 45 88 41 77 80 126 14 79 6 119 95 24 86 120 41 18 17 109 89 64 79 1 124 48 9 22 29 97 86 110 21 116 101 33 119 39 80 56 87 12 34 121 118 68 44 104 74 95 41 74 80 55 65 54 89 83 11
126 108 10 55 86 28 41 97 17 81 56 86 30 67 6 72 62 126 49 109 122 121 84 26 1 110 22 28 3 71 57 90 18 81 69 26 57 57 27 40 59 118 111 2 3 94 94 125 32 0 87 11 92 63 95 22 117 56 69 66 100 111 31 41
67 46 13 43 74 10 13 10 59 76 9 42 8 7 67 77 119 42 73 106 27 38 82 86 98 1 54 53 22 82 63 48 54 79 64 16 82 45 102 68 126 110 110 44 92 91 74 121 90 64 39 87 100 60 1 111 89 11 32 123 8 54 108 6
65 12 75 107 51 43 9 126 109 45 106 19 86 41 21 26 22 16 121 75 31 14 91 88 34 87 8 14 92 85 80 23 67 81 48 52 7 4 24 24 17 6 6 21 16 81 51 54 27 74 19 59 51 86 40 29 93 11 44 19 55 13 101 20
53 91 103 97 66 8 104 15 63 87 89 3 77 75 39 89 54 24 22 42 117 81 31 13 31 0 51 94 126 47 14 25 38 101 92 9 77 85 125 110 56 56 108 7 84 48 123 52 65 43 23 24 84 82 109 31 97 31 117 123 101 76 35 119
53 111 126 38 75 89 5 6 46 97 99 47 35 103 83 7 65 80 8 101 57 36 100 90 8 112 60 101 118 9 112 103 43 111 0 33 81 56 61 94 110 115 49 106 104 75 29 65 53 119 100 44 107 121 34 34 28 30 35 60 71 60 124 117
84 68 89 9 29 83 30 56 18 114 100 73 78 37 96 125 62 30 63 54 18 122 75 10 21 66 50 49 85 68 82 14 84 97 111 83 51 37 57 62 72 105 102 12 57 118 55 92 34 47 0 100 125 96 125 61 51 40 58 19 27 27 63 94
47 113 34 101 89 13 33 99 12 102 47 87 118 107 93 87 123 7 42 21 23 98 79 63 116 108 106 80 29 33 101 17 22 7 18 7 111 118 52 50 4 65 75 89 5 39 82 43 57 87 22 84 63 92 26 47 48 60 14 116 101 40 49 25
1 21 111 95 122 15 45 30 56 37 17 35 109 58 109 92 16 119 40 56 98 119 90 116 85 84 113 8 51 38 41 31 25 29 111 48 42 26 101 87 7 91 26 107 102 58 14 35 58 73 1 105 82 96 36 22 85 28 85 98 118 90 116 34
96 77 116 1 20 66 22 33 106 40 7 0 23 108 94 96 47 65 119 74 24 50 106 2 115 16 117 109 123 35 6 75 99 89 32 103 57 22 76 13 98 58 13 11 13 58 14 54 0 3 62 18 40 82 91 58 96 92 115 19 33 0 18 107
8 47 70 94 52 19 88 50 33 100 5 51 126 40 104 113 56 74 30 26 73 7 78 20 100 38 44 85 124 56 36 30 56 110 22 27 51 34 93 50 70 33 12 91 75 25 102 37 83 31 99 122 52 27 58 125 37 105 70 76 77 70 76 64
65 111 82 6 116 54 46 8 125 126 8 111 59 110 47 64 2 69 16 30 25 122 46 6 91 77 17 78 18 70 79 50 27 107 100 19 10 125 46 53 4 112 98 21 87 39 71 73 43 37 85 118 54 11 111 87 18 121 80 120 84 35 88 90
85 72 115 96 93 28 106 72 102 78 34 53 97 24 108 61 20 80 60 72 52 118 85 48 82 110 120 51 47 123 33 96 63 29 97 65 87 27 24 28 67 23 87 61 43 83 109 32 0 20 26 89 24 117 62 45 83 41 51 32 78 121 23 32
124 68 119 126 58 110 109 112 3 88 82 86 85 81 102 87 118 88 121 37 46 18 33 5 92 77 125 11 15 24 17 99 82 93 116 46 99 68 43 47 24 69 60 99 52 58 89 42 16 122 63 79 94 103 53 2 113 7 17 57 117 33 50 52
60 51 18 83 17 95 35 71 10 121 112 68 45 67 31 87 66 49 76 120 88 98 73 73 68 72 29 90 15 108 110 75 50 43 120 12 68 36 61 84 1 72 65 6 122 117 2 88 120 80 93 49 23 58 26 108 1 125 66 115 18 108 110 68
111 87 66 16 125 86 124 3 66 91 120 5 42 82 90 117 13 30 82 26 124 17 35 72 95 108 103 68 51 32 39 56 71 14 5 64 69 101 26 75 82 29 39 36 90 65 47 0 68 17 17 64 15 122 33 115 102 118 89 51 76 86 24 97
23 105 55 85 93 28 123 4 13 119 34 104 70 94 4 44 24 71 17 53 90 89 75 64 118 44 103 105 105 55 111 90 62 57 120 20 89 29 57 84 61 55 116 13 57 32 52 36 117 65 4 58 88 94 124 16 62 124 66 16 64 20 68 111
100 66 17 33 34 59 41 61 50 125 63 71 66 1 88 60 38 9 20 100 109 122 92 0 3 50 105 60 44 10 87 107 111 48 102 40 120 110 38 6 102 45 106 96 97 62 10 0 3 101 89 54 39 125 34 56 78 95 104 39 11 90 25 35
79 75 59 41 99 96 106 54 13 105 109 91 5 35 109 62 31 74 92 5 39 48 104 108 101 38 62 103 80 24 72 36 31 110 40 76 7 96 54 83 79 1 89 42 111 36 30 94 40 4 122 105 54 89 24 90 41 28 44 43 122 0 86 104
114 45 89 51 33 21 27 28 125 81 56 42 20 64 43 11 67 26 102 10 92 83 113 49 8 27 40 112 8 33 14 27 74 105 106 92 58 54 111 61 75 20 52 73 80 104 79 118 45 37 107 102 27 100 24 75 92 90 32 94 93 123 120 81
49 102 70 59 91 15 2 98 50 46 63 16 89 9 70 34 120 97 56 61 96 1 13 16 110 3 53 22 14 84 18 60 8 117 55 27 4 79 120 0 111 120 13 126 51 14 1 44 112 102 82 3 100 24 117 110 44 85 50 126 115 119 98 82
77 125 15 25 35 67 108 44 99 98 22 83 47 82 4 114 116 50 48 30 59 44 17 25 32 106 123 84 99 125 113 61 30 21 125 8 60 11 57 35 99 22 76 125 29 123 96 77 54 76 52 93 75 81 80 95 64 50 70 72 63 97 41 87
100 97 28 33 70 9 79 47 93 103 94 10 90 6 85 71 39 59 77 93 56 62 6 19 110 55 92 126 92 28 120 41 21 12 42 16 64 67 78 51 37 86 15 94 123 63 57 89 99 13 119 91 4 109 49 86 35 66 80 94 3 14 49 2
15 100 57 43 62 45 118 0 80 93 85 59 46 65 112 36 3 91 63 126 31 84 50 98 59 111 12 31 29 27 20 69 114 9 48 31 124 67 92 87 102 7 70 52 52 7 64 114 116 97 72 66 52 123 121 101 59 68 126 64 52 50 89 99
63 40 86 51 55 107 26 17 33 53 56 114 23 13 39 24 57 103 69 10 118 123 119 5 74 69 60 84 36 33 86 3 40 93 116 121 53 18 96 52 7 71 47 2 65 74 109 18 85 4 59 63 33 66 84 20 26 126 74 58 93 118 56 70
19 102 31 32 52 126 63 105 66 112 41 106 6 99 103 44 91 24 70 5 41 122 84 27 61 113 38 69 82 73 97 58 42 117 73 9 119 55 65 16 40 79 109 2 21 19 96 26 65 5 48 19 64 102 42 35 5 111 91 14 6 88 88 52
92 74 120 66 95 28 88 126 78 13 92 7 105 41 56 124 38 7 25 62 103 67 16 80 61 68 39 113 7 41 29 59 25 101 12 11 28 114 101 53 107 125 64 31 126 52 124 12 52 33 125 68 81 36 105 19 38 112 123 43 61 92 85 38
24 121 59 109 114 40 70 111 117 69 84 66 124 64 84 116 34 1 50 41 4 12 31 74 84 37 1 8 82 78 114 106 105 109 38 58 83 73 43 51 15 123 105 98 125 1 81 21 14 23 64 30 16 51 77 95 78 24 45 16 8 113 2 110
115 68 12 12 77 46 45 20 66 36 101 51 24 58 108 62 12 7 9 86 117 84 55 125 92 25 2 12 23 74 25 16 13 24 72 61 15 126 36 19 92 69 28 53 58 106 17 14 55 86 34 126 9 85 63 126 10 81 65 31 75 63 108 99
22 11 1 78 89 110 66 111 17 71 32 23 89 18 30 39 65 17 120 63 106 94 89 19 55 25 31 73 36 93 94 9 81 74 113 77 26 98 13 89 125 38 29 34 54 99 57 102 88 31 75 98 6 117 11 61 74 59 1 10 103 44 45 115
38 43 34 50 13 27 107 113 51 1 58 100 7 30 109 34 61 111 56 31 12 124 59 55 81 111 59 112 6 52 67 104 91 99 80 25 40 67 6 30 40 79 51 96 110 115 80 80 39 20 107 85 40 12 29 58 108 125 83 82 102 17 71 30
102 9 18 66 57 126 33 69 31 26 31 52 47 7 79 51 46 125 91 118 74 32 1 45 4 69 23 6 96 83 87 93 123 57 28 72 1 66 64 46 92 80 38 121 72 32 73 59 124 93 7 3 78 55 48 20 44 107 121 31 95 91 54 105
9 125 54 45 38 9 49 118 20 113 96 92 31 37 87 43 80 30 42 119 58 82 97 18 71 66 117 22 73 90 83 84 117 42 68 29 24 50 102 99 107 85 73 67 62 85 96 19 7 107 122 59 29 75 34 5 12 56 120 27 118 67 115 107
31 5 80 8 68 51 41 11 83 60 124 6 91 5 33 103 104 35 88 82 80 19 2 99 16 2 63 76 124 57 80 80 102 63 56 64 99 50 73 60 40 43 114 29 86 0 10 13 72 44 75 72 89 105 13 10 106 75 20 34 32 110 52 58
98 86 74 43 25 72 19 106 118 3 28 49 100 100 44 70 48 107 42 46 82 62 120 117 125 38 55 90 32 106 89 58 12 59 91 63 38 16 34 23 74 14 57 97 49 18 86 32 86 100 49 7 113 36 3 50 1 120 52 79 49 29 3 112
93 6 24 120 59 110 19 123 8 45 0 0 86 44 9 68 31 72 26 43 45 62 68 41 60 25 108 1 90 17 26 33 31 94 118 99 50 106 124 104 81 33 10 40 67 15 50 120 72 112 109 15 67 123 62 42 80 67 87 25 88 93 76 30
50 47 94 67 123 82 99 123 67 4 87 119 76 0 66 69 61 64 76 46 34 5 62 93 27 32 88 3 25 120 109 108 53 8 22 54 87 8 41 43 123 93 11 23 29 30 12 93 117 45 14 83 94 88 46 29 2 31 88 66 50 22 49 3
5 48 95 117 111 23 0 25 5 123 39 38 121 93 18 20 112 10 73 115 114 95 4 108 18 31 5 1 25 23 45 93 57 93 109 113 71 36 54 101 28 28 78 51 111 35 83 12 17 0 95 125 62 60 55 31 27 18 88 93 106 92 36 26
126 57 120 124 103 60 28 121 73 52 76 85 84 49 107 88 112 40 7 78 39 22 64 82 16 34 8 19 101 117 113 53 64 28 18 50 81 65 42 122 93 124 62 111 104 16 6 2 54 68 105 89 33 34 69 73 42 21 35 97 96 71 57 36
110 79 50 40 24 6 118 70 91 23 31 3 126 16 60 46 22 120 72 123 39 31 92 125 65 89 95 80 34 14 46 47 9 22 87 51 66 78 98 87 11 109 25 46 116 1 5 27 110 75 124 44 20 93 115 18 7 124 110 4 28 113 91 111
115 57 11 32 102 10 57 29 119 122 11 16 32 9 75 125 18 69 7 7 2 24 117 96 45 61 14 79 41 18 67 6 77 72 4 8 90 11 80 96 117 60 72 80 56 97 83 1 39 37 47 30 21 106 46 22 117 39 100 46 76 40 112 120
39 48 59 32 5 3 92 113 124 39 87 31 42 53 80 90 126 115 14 48 34 111 38 126 120 104 58 66 36 119 61 115 54 79 87 114 67 79 17 13 126 123 96 35 29 74 17 64 48 94 54 33 95 81 126 26 27 65 83 42 95 39 71 121
78 111 101 90 69 16 24 89 49 120 21 70 107 40 51 14 49 119 57 91 36 11 44 114 103 20 99 125 29 97 40 92 55 102 125 88 33 31 12 0 110 126 2 96 47 17 75 112 6 17 61 11 83 100 1 0 23 51 29 119 124 111 19 60
91 48 42 102 77 38 43 85 39 32 16 97 62 87 21 90 57 69 29 94 24 14 34 22 11 73 28 49 33 38 70 75 31 112 32 98 108 29 34 107 101 78 115 59 8 74 28 21 17 30 48 71 91 97 64 120 6 55 55 36 82 89 77 80
113 105 55 89 66 45 27 14 103 107 14 118 113 78 50 100 37 96 14 14 36 41 29 24 14 20 52 84 120 94 57 52 89 83 19 45 114 118 93 29 86 49 105 116 108 108 123 89 100 66 112 46 33 45 93 31 30 7 116 4 111 17 57 47
101 40 79 59 73 33 62 1 79 25 21 65 0 6 19 79 122 1 59 36 56 98 120 2 93 61 12 78 120 39 10 20 93 73 94 74 92 7 77 20 63 12 69 92 99 33 65 110 64 10 103 15 44 10 108 42 121 29 103 85 22 61 56 17
28 65 15 16 116 94 30 43 118 119 108 67 21 62 27 55 51 65 88 23 10 70 27 26 29 90 59 32 86 113 36 21 11 69 43 59 99 61 55 86 57 76 89 67 58 33 4 22 10 3 14 98 46 26 16 116 0 10 93 100 10 29 1 49
13 53 108 102 116 46 102 117 20 51 82 117 45 55 70 85 53 34 82 15 90 19 20 76 77 36 117 81 19 25 79 4 105 49 55 124 24 54 77 25 92 82 126 93 124 70 7 19 76 18 47 50 71 4 89 111 47 19 28 97 100 9 98 124
117 110 78 15 115 74 21 77 45 20 69 41 63 83 17 38 82 110 53 122 75 19 86 83 72 16 15 64 92 36 22 15 32 48 102 15 55 88 5 41 104 3 70 20 0 76 13 68 68 71 74 86 102 86 90 20 51 101 3 111 19 124 67 16
17 31 19 80 32 8 112 9 9 91 74 52 108 49 67 37 54 79 47 29 32 7 76 14 77 63 23 57 22 48 80 24 94 87 56 101 21 103 101 13 66 70 17 82 80 68 79 116 89 76 118 42 49 31 117 73 123 39 122 64 43 8 67 40
60 61 41 51 29 121 49 28 106 96 118 36 1 119 5 60 106 97 104 116 8 4 56 53 111 124 113 49 99 109 6 52 122 102 72 71 85 68 35 4 56 57 115 46 26 65 37 125 7 93 21 97 109 77 123 8 100 54 4 92 30 36 100 54
45 89 73 8 30 124 16 80 46 116 115 103 13 36 97 16 38 32 46 126 55 80 91 123 38 62 68 65 124 29 13 60 70 105 110 122 42 125 79 124 53 103 63 116 17 26 87 30 27 81 69 51 106 101 86 114 111 2 107 123 52 37 50 47
102 75 119 65 44 65 16 47 87 73 101 19 113 26 57 87 37 103 66 49 95 93 122 74 22 125 42 117 53 73 44 27 83 29 16 71 95 55 109 113 51 46 100 46 66 89 55 81 89 45 19 44 5 90 86 39 5 99 55 84 44 96 97 83
105 122 31 49 99 12 10 7 96 4 90 51 77 24 23 96 73 36 7 32 62 17 0 110 29 73 34 45 48 33 42 108 21 55 21 110 94 104 3 108 9 43 81 84 125 95 125 34 125 30 65 95 101 61 118 126 59 118 114 26 70 41 108 111
