569198 530898 553815 525578 731670 777569 843650 589495 612698 810860 667113 361374 512015 709517 490869 646312 563263 688496 698374 940080 653988 374375 477879 784984 751328 460007 495880 605164 330729 439833 262248 288916 634235 743785 647972 601105 558306 571686 740464 599889 667441 710618 799498 913290 730829 634068 697929 329815 517417 627580 507954 626738 717842 543347 732530 531714 395101 648743 631366 657716 753921 712557
523654 572372 734927 637756 676432 835810 713307 752960 738102 597405 596085 527823 563152 617190 641001 397326 556244 645935 683779 573724 459153 696886 694428 543286 612068 873096 412379 265084 258402 178054 227355 377602 518871 675177 776203 803579 862401 533719 498697 629907 761158 527640 628837 713200 880812 728565 582217 767285 465661 602961 743491 498517 472069 659106 622674 835175 593377 445560 606354 621915 609207 518285
798868 629503 390753 700940 593902 929660 800915 660988 876243 772091 432821 455605 623871 456654 451410 257903 351575 672455 662387 644582 499188 583463 484628 823578 323752 224307 413860 493568 550059 465630 311920 443139 814561 878910 617691 705569 586311 521788 680681 735852 514582 358025 561564 658026 637763 542649 535903 330004 735177 630232 624137 620135 373755 685648 636978 297343 353524 350022 619723 831598 839713 670574
610066 789296 507881 571983 724205 712188 830926 831205 575665 741057 811222 687785 394350 483145 446728 827090 689074 577239 386030 397400 203746 542789 650899 624218 685005 524150 474291 542284 702139 613273 567111 588386 572360 887264 767357 702207 778804 821384 722319 613812 708782 509951 593534 481287 568290 413644 406280 529000 681453 685025 651386 576634 655365 528901 582136 723687 669860 598500 551270 677896 720381 605100
748470 510395 379784 476938 728654 867132 596003 496340 842309 531398 704103 675109 878732 730002 587561 642423 453769 463523 401854 494802 764972 703710 765116 670210 474388 424688 385903 598923 793310 551508 462234 693254 883325 784577 648216 762631 765797 597452 821187 732056 723182 624757 639466 674940 372441 533003 499178 538897 602965 779893 513515 686256 585691 769515 675237 624080 571848 617491 677552 757196 627110 476865
564206 573142 399781 424118 546219 637517 866059 651485 821752 761805 723831 705030 679119 627736 486575 471265 682933 625423 579952 423141 451911 657913 754609 917874 767501 599587 651567 794381 643488 710689 709806 713352 742057 786933 964909 896105 851220 947560 639597 823688 821687 716222 586979 658215 778453 450884 349386 633868 651292 517974 735788 618997 694751 488452 684406 676678 654035 363613 633447 711539 600888 612206
537461 405329 544537 421280 564296 620017 511360 629528 593409 716149 802877 841794 747006 728874 894996 779296 598832 433696 560063 693758 742197 601460 719917 580854 933774 882671 606018 595241 577639 580560 527437 511173 740388 683343 652834 911498 825278 738918 873393 626501 739566 886071 629636 617688 575655 648530 655311 423180 603012 703288 356153 609475 636756 655980 476800 496978 491551 782680 590170 486522 640267 580112
676205 612943 448981 555792 466658 641669 693524 641298 623637 507759 590024 645344 857941 813633 772687 744466 830261 801549 688442 640599 633463 613134 687056 805830 785474 628650 541873 700302 739891 431647 470698 517457 467762 682525 633676 606420 925720 789691 669024 835419 592079 624859 816036 632628 732580 663263 570946 877678 588132 494494 519916 607548 571236 762977 527263 688031 615494 389330 711926 610055 532389 677841
673551 415535 824103 566695 822545 531029 365028 524394 762811 712385 525936 621350 777882 967530 798904 678488 741086 575908 625910 406819 657907 582063 762637 578555 521550 635433 823595 356171 474243 700480 567956 581602 617087 620926 779874 741116 536867 824477 769488 750038 699955 578039 502938 681235 506419 586889 676523 608530 619152 606398 699898 783965 686857 438039 606325 441132 555621 518864 728951 796779 929943 636860
719860 695519 486421 453730 507485 559723 663422 527011 473669 550984 495734 696398 802208 793016 909940 846777 623917 573993 578304 797277 738097 848933 630560 543428 507849 360759 330239 645048 758121 608779 711902 519816 469634 543086 417578 448100 709076 648969 540801 553052 716310 820435 428682 423267 687278 712593 693795 450513 758428 755729 658849 534105 739271 743588 616811 557171 522573 548631 552632 531881 396419 757257
462107 432050 470388 623471 808037 518587 528582 759478 1008250 521347 555235 522620 549715 512539 476911 752020 550853 684160 551155 439692 560172 604023 528782 597148 353629 451167 534268 375737 470525 630299 618145 591883 862722 625422 842783 679975 487686 647026 831999 669196 467560 301657 521904 432638 492347 560406 463403 567676 335917 519770 808522 732271 364425 560977 623120 491572 682731 573394 624931 650130 922193 551435
737891 550116 722790 546101 358472 629450 613122 623142 360036 517558 275938 571256 726776 825375 619828 689813 584358 585795 674286 524393 419212 721048 722492 413629 437680 381482 447241 938077 685530 577491 717526 428975 418158 696301 793842 653022 586493 589824 257556 464922 522587 495679 416910 715291 955557 729401 471554 174763 559168 713695 472353 529249 769687 512628 721699 769455 722523 697133 443917 415259 394686 664448
722731 658210 523342 937850 796245 491642 408232 667561 745744 584390 512150 497137 263567 515697 517515 466496 577674 535248 504463 482146 707470 546242 725607 637565 559049 431451 494538 420887 639455 540301 383318 502050 592578 734567 599867 793189 659839 580913 678145 536027 458642 394326 562226 721843 886873 640398 481108 602096 706525 652495 731932 482514 227730 603668 706614 768820 631135 452062 593265 343215 513165 474268
534889 853749 740050 701907 693444 733268 494047 581843 414906 293157 380380 560522 633039 495828 554635 642743 713055 875768 482310 394194 343399 644200 631963 578189 368246 469378 745981 720141 586783 587877 721963 507916 449079 530176 920060 348287 579641 692873 471801 535617 477285 822651 545733 640164 732951 832615 672530 616223 488716 656449 581106 663895 605800 454898 591002 607017 691188 637183 314096 494522 659897 625918
694710 731315 573107 680712 525317 510667 557067 609436 731617 694261 604203 614767 469871 587399 478326 368245 398451 512672 564624 417186 750535 666341 688127 549710 671236 722521 488453 536839 616858 634244 657457 467488 546905 561459 464813 564130 599159 689988 585889 564262 428597 500700 626999 579016 472435 714950 840415 932318 939577 824717 517608 394483 498089 758557 435025 634839 556480 649058 567643 392886 343881 590111
725058 655164 613117 771302 721525 468238 580014 583886 414165 590518 774209 591933 571941 606772 620000 609201 845908 712085 535818 411827 562672 743673 461636 606611 698574 744431 831496 582868 487138 856913 675257 644660 712372 690390 614774 557364 499831 462933 519670 666477 954063 648217 343307 268097 671918 771362 860800 883705 662196 555684 602575 585122 379585 395007 718231 715350 873672 734765 640089 466381 682440 849112
896408 387658 504179 390973 569261 675777 451526 467067 645560 574060 635093 819716 740860 765769 513710 607811 597606 587630 655863 583876 719203 615856 642476 431419 703793 904483 472568 616434 762271 688260 837391 644278 731129 772864 520398 625549 576763 629569 473942 581580 747544 716744 467515 354798 353266 638026 624468 740464 525232 466450 443665 507528 518170 486577 545205 730588 804132 650357 420820 612835 720421 744689
628290 738929 413558 559700 503614 433209 532664 322114 398792 723404 844968 745492 669310 888200 696830 524856 776633 806160 582267 433858 534399 486838 473452 711508 960546 578299 676761 458497 648112 612025 708120 762872 716892 837027 794302 699847 475030 523325 701949 916925 881767 677243 380364 534015 681875 669934 719142 620763 665270 406492 290495 219849 421559 488308 755131 668378 841095 429374 678978 718125 758363 867863
631870 431152 599200 496397 543931 449073 549131 613403 754033 641908 657983 877206 770273 434940 613915 717064 508199 407527 646097 600363 663895 489664 442924 439991 632326 989165 617022 805215 613726 539619 534340 728918 674243 664256 734702 788816 722350 634824 527476 678183 460241 800313 624601 520738 694470 709631 542337 484288 253225 474261 433220 298243 424658 574116 672561 464547 418762 574809 605198 623482 705422 502236
531823 599426 749647 666567 581400 588040 352658 464846 390486 791358 825676 512037 420237 531400 486319 406151 497714 587088 406728 580524 443078 538041 467750 679646 638470 606648 664395 379504 477268 537402 360845 436806 804331 768778 955609 795381 998373 918569 858937 726716 844393 435871 512159 776125 707252 828835 748436 688579 584233 319453 225597 313577 540203 418853 589449 610306 729554 295113 388044 689629 704289 723863
528036 708713 785263 494346 404935 487600 645854 618958 828946 746600 589662 466810 516622 472987 334294 527395 434110 567496 874826 736206 604192 717179 617429 678253 812505 599940 555135 659866 740120 684819 800689 631963 467218 764209 868138 703686 560028 753992 776966 622744 456668 683856 527698 521727 804129 904436 732569 534084 528723 515431 554947 241744 302101 445943 612436 488460 436163 516476 442579 627362 725206 910115
693188 665332 604974 694936 595378 359385 505769 548363 596286 666108 501739 482537 382858 487852 509246 568005 823800 634469 506462 779542 674574 546931 793033 580512 371217 441857 637602 637405 608941 485464 493622 559963 819432 621798 675089 684538 725212 945735 765928 731234 726796 433682 368325 548707 591119 381434 812654 695092 833853 659754 693146 560940 460703 230941 442793 910552 672321 627765 503905 650736 871955 560476
658209 627848 410425 338630 553211 735023 450271 797944 810618 563103 549235 431718 703555 536357 491222 562857 431832 721608 671865 592314 820317 843790 687720 726036 752119 532245 443195 669877 842597 1003324 891193 498052 465543 737434 461362 648226 637802 607113 932680 587793 501418 499874 506898 484146 608780 929216 624152 822336 687979 725431 429465 411575 377439 731952 563904 308463 715533 619467 526323 485724 587690 848859
816543 726170 772499 613221 436207 672344 743929 550636 832064 806019 628173 758494 660046 494290 410568 638529 514449 393189 743397 782511 556377 553398 697713 433427 543669 731338 749786 712876 657013 339825 479846 985817 509429 635719 629220 347750 599398 834247 552558 573749 362868 414880 543700 824471 662748 671475 759322 790077 527238 731532 584432 679103 669833 520234 572620 1001992 824342 638447 394785 581868 357097 233240
855685 686416 544616 808776 712225 580776 779968 695999 543277 540424 622357 398645 580293 579871 725253 488070 425324 376161 534263 634979 857735 327556 330930 567482 672080 655060 836009 561877 592094 860266 904966 493815 757263 337743 356367 438403 512094 529308 611693 440927 588144 709558 867049 639814 720147 795915 703037 790861 664329 493762 660021 604211 580909 858700 662636 521417 529780 595516 157177 251782 588766 575487
824255 612347 799290 627047 847744 848005 485996 509451 475084 500681 545796 655540 721301 680615 750705 660642 458338 303430 721418 513368 408230 623251 420703 432790 849113 869128 654747 468278 483554 366072 569632 822321 638414 522862 400928 434445 596781 752886 483689 505745 712378 853795 620456 834595 831165 796577 709337 684797 536530 626271 539060 911765 867519 599794 687402 730729 440996 247169 403126 230000 336957 495434
564747 836533 647541 694593 555005 609334 521220 508768 417414 463564 548483 476182 379128 622814 742656 528214 468571 419702 412296 805932 817927 426721 517898 484575 678234 596939 689908 423356 453035 573169 671376 698192 733051 652594 524949 770039 617916 499116 443399 407468 484064 588967 716475 558515 515144 818322 828875 693203 507014 557836 750984 529348 758126 732410 571020 552690 646990 486662 293672 482677 360373 686684
818183 645560 597256 679721 689473 818020 671591 535091 511867 443444 722498 703320 581437 495763 828084 716259 218054 514157 684849 641254 480622 816908 590345 343890 609032 778666 437359 454927 369188 612649 555495 647792 566195 780558 675819 785115 724979 489283 328113 336419 616822 612859 419918 521488 720023 689459 637679 614987 618750 588489 651353 772054 603775 771546 868394 600844 419803 536813 188429 440427 521012 400670
686441 565281 648048 590117 764465 648477 631746 621783 638083 760501 679780 498769 578516 625013 546810 466370 618239 672201 601693 755924 886775 555266 357297 514323 401513 462924 579844 585575 680425 360389 439375 839613 940526 696827 838316 571310 679076 540491 298169 503240 302468 416784 400702 805141 638974 740287 482405 573513 404444 572791 597749 535642 593346 580752 604340 753711 751757 699053 733615 394354 307070 357832
690157 474554 407501 641400 701557 697933 701446 941569 528934 488805 810412 611688 728690 817254 828319 617950 763635 636215 720939 646456 677444 716383 473798 351285 668690 688654 785476 599000 811621 886099 562504 298006 568827 579843 498648 623563 537593 562732 456604 733993 683540 676770 612292 665159 578564 483181 706747 723054 620309 423875 586879 760540 878159 709703 671274 639644 772578 710609 436033 512774 769520 589593
517041 399641 526788 718082 646302 576197 508770 346305 596193 611845 531101 710965 736976 851253 990270 906644 786629 768803 519127 752480 772108 741198 611601 393261 431973 567675 645940 780891 738960 538407 494448 555865 616723 653597 598800 514412 461446 525604 685213 726192 605150 338557 533264 802161 991531 732011 510372 401706 496797 603892 697997 719424 581967 684432 644359 671810 855259 629104 611674 454922 502179 480750
424097 284709 471282 455664 602795 555299 861113 569604 344159 405142 500596 579636 767498 996850 638162 701235 794422 764446 621079 461281 704200 807902 683552 621478 585498 593075 702257 841571 844610 709698 433749 296016 689435 633070 503030 448891 679581 807383 691774 618203 587407 578591 669587 619744 590803 541321 771173 550698 623224 699824 838232 708809 687139 719818 630971 730624 735551 698754 475770 760067 844272 956771
647083 543045 394812 850477 778232 707687 346721 412372 472693 464872 461628 607779 896826 545391 648344 622527 820803 473200 321189 366349 745831 783560 768767 539850 534028 487380 425531 612927 692371 680736 537825 638682 612696 606635 619020 498970 546734 538767 735158 677306 668434 455946 439656 585954 755547 573938 275031 569898 533377 603428 581163 722732 773171 797991 821421 553995 501491 703862 354415 456855 691158 840782
606716 808051 826585 668679 515262 597373 845203 456163 213789 262238 485725 317710 416550 563395 351495 669512 643552 671833 439384 360554 355628 584709 575725 552825 553470 588178 620065 814881 854434 644621 599956 434798 818715 734171 807568 874593 824650 678898 854043 801786 588942 410381 378511 310311 445117 603194 701617 419648 650567 566574 586689 594720 593218 603706 531763 763275 705535 496008 582913 781737 689768 776175
783521 619138 797288 878057 779459 623077 372968 626375 443102 234576 358608 807592 611847 442222 370402 498514 673056 394527 384505 307057 758995 612587 555061 790478 791117 629381 684605 692801 884951 640429 439672 601828 552080 780272 723680 350699 818529 913404 955414 925663 828198 465199 550729 702047 692473 533669 539909 406016 402085 581651 453070 415046 627813 674393 725162 339422 524885 473807 547283 422594 894757 561013
623435 682013 576297 670982 428764 514050 556800 368139 170495 374678 455879 369027 526427 663140 523578 391447 553864 613639 647903 573037 582607 479116 405764 614807 690743 647410 707946 962423 630529 604016 538196 521811 735996 579061 610226 696207 676022 947430 901492 801160 547738 581748 559292 773228 770607 729158 424165 757664 492666 207157 342121 245622 464481 553095 612850 576766 494647 523859 548385 728832 639328 745209
539021 362767 502436 644311 526299 633291 595983 399340 426673 223807 333165 665102 665334 530481 449168 716959 624242 474230 530470 870961 840409 688709 401954 562290 604500 986803 859437 709514 725767 489107 548147 457021 549422 511847 563046 711942 724296 659914 849250 796433 763564 658081 725197 620016 597784 547560 675644 589901 657845 606043 317813 276548 572744 754313 666074 595555 643503 556244 705280 647047 652321 478217
601240 527981 527907 662341 731573 361622 614127 694275 304263 373421 267186 400975 593534 868284 709676 449861 301405 523349 559464 688720 677963 629927 473894 719327 791057 607606 775233 842248 575787 821163 597645 791458 609077 731379 516308 604464 656748 738075 615823 638087 447449 500177 558098 697504 663795 817777 535207 673843 634733 279254 347204 270422 454048 724894 773811 664644 707712 714593 559805 536591 584301 456142
801835 776688 707048 416470 413499 728603 624364 460552 653724 514978 417193 542331 560037 680223 732397 678303 624712 389960 565880 907929 1022733 567988 721239 661701 800006 781641 646396 688857 593734 665019 766307 576274 468652 402946 563129 493901 538763 574736 666052 594868 670676 651186 485419 419796 474987 286609 616500 415113 684358 519110 313822 431911 598923 664488 488890 560129 788585 728514 603962 579476 534429 694513
703621 514046 520195 608538 752611 631397 791186 973808 743529 703376 572986 319764 573710 478874 675811 692300 367819 748411 561785 637097 739926 939122 746677 558614 418835 441005 575265 654169 784466 625926 812999 654235 622699 557906 643965 531420 377267 487123 613452 441628 754849 557872 566226 502863 727856 637632 309338 474462 342907 543762 369895 469227 564605 621577 505586 663260 745423 547911 532792 645430 551079 450092
606809 580093 718253 767719 458254 583548 752891 757219 834614 657792 645357 583837 560266 670327 480564 811036 806217 414653 761927 684586 662401 449328 628405 713601 679550 511833 616884 549197 660249 634466 782999 560034 590701 462354 519964 438087 475982 479175 899556 877577 557321 547422 719636 673270 642124 426014 561032 390598 557576 602508 661969 726573 744053 637000 624897 654953 586401 702418 592193 588244 616663 678372
430564 635570 801514 639783 779532 688845 643532 679542 860941 819855 701650 501214 466444 695273 724098 350844 725145 684361 355143 407873 408353 669762 592150 372054 379343 528920 662308 564902 613675 668143 524698 411149 592486 751473 900971 375593 382805 360527 449590 853378 916761 827764 538138 721968 728064 789072 508177 817488 697363 565217 635620 674543 704501 717512 809231 717702 445175 510806 497558 644577 367166 341047
626678 717913 930610 765994 600602 449914 497297 523598 484278 810892 553231 794527 678213 390705 706617 633268 328363 618276 718789 481849 450113 495453 629864 585169 586544 899752 806857 733578 257551 639558 772036 760526 701311 917326 632745 627251 435594 495755 710034 759471 725917 782924 658707 559544 644138 923966 877750 537073 721704 778425 757494 684540 805509 898764 664015 592771 470659 577300 748575 552809 579572 495497
785054 818973 798429 696847 538031 553164 394730 634928 733006 610961 750080 312443 712578 784339 470716 395651 464719 311145 428232 581036 628812 693780 531914 647288 635190 870048 712946 621235 731662 573873 471743 630281 800111 800592 847644 525712 364540 326533 584090 827222 869075 485194 453911 642038 696744 512401 862949 601057 702802 591248 761935 706392 623870 488817 481152 456894 628535 342855 712731 628469 553166 597119
697362 695692 667334 692230 647649 704452 538628 231259 540702 410729 451521 678789 482310 788674 693592 670777 419445 740675 909605 889561 846722 871556 474850 457381 607687 859075 1027207 695603 653044 787082 876044 813873 855630 943904 747283 537287 449205 528622 636813 568474 538024 602230 605115 570901 835221 738821 668513 921752 466674 518541 491421 791356 784153 775239 639441 476327 713353 807366 409267 505686 647992 656214
632219 888726 610242 766355 768959 417309 415803 578982 696744 709577 616045 662646 814176 751638 709970 379944 478670 634674 692482 642163 829590 728737 751444 651115 888816 784523 633722 773713 615876 734979 655279 641090 700221 444837 571176 807959 623080 342826 426528 512976 563771 722030 807980 709552 603051 810089 724590 409355 637085 549991 751973 782334 773125 498577 573888 795730 462421 220277 444992 617090 674023 730053
616158 352965 639069 564746 603357 513319 537454 611141 371347 509220 706022 751146 650235 651627 762750 672307 653882 694910 862145 704363 851978 881934 646039 492849 493374 809793 924882 699448 845567 561804 830382 785806 620700 510890 385024 299860 630274 638771 563358 445516 555807 466387 621268 753515 760940 435427 612403 542042 577039 572202 685901 655016 614561 653364 556188 599711 546617 473501 468047 535872 745879 801961
579068 591000 735855 616690 526940 600653 502301 592954 535175 575577 515300 731126 837321 661606 314911 387689 538446 693930 392859 704956 849217 623188 723584 781245 802501 570076 665755 867507 580603 529169 502130 460263 505455 338361 617139 773088 502604 500293 580749 374347 537808 638088 748089 763578 738184 686410 432487 826914 698102 765644 829572 815258 563930 638804 617632 494580 604302 234218 428476 646061 658522 386595
492412 680676 353170 342489 342364 478257 647745 642428 555335 727655 729276 669866 257090 400932 549640 558359 538076 572097 610153 700817 600661 711914 496834 622332 515873 748158 728354 514891 557512 574436 804151 826002 453297 387103 402422 493249 802920 514001 309853 582219 535088 619679 617337 781339 715629 607752 482553 242407 593007 695824 509578 491654 610029 447094 692931 606888 565459 569368 623930 476870 704294 598816
453264 499986 737108 661229 661188 713981 606190 633489 559644 587542 485973 523061 529926 430703 271527 516879 649264 591925 592296 558073 936575 454419 401845 379599 741940 540467 617185 756938 541632 437538 548915 501846 512499 552347 481656 807173 688770 624427 551227 415031 519195 410132 703226 828509 624516 304106 451118 648558 436991 721074 791601 565031 817860 788825 730609 681059 675858 641175 401409 515406 652326 790604
598785 923787 601508 571597 496127 373817 488056 695340 661500 625024 770228 810987 417751 543280 622868 475913 489402 535839 742775 717518 420567 306928 443223 632596 507306 671169 398333 250320 469903 590153 559744 609072 283489 334021 556446 628525 677178 546985 254731 429463 581079 762518 632115 443377 586528 623178 273498 503270 766160 518307 494974 687415 531680 657139 533016 731516 769635 536783 550343 555694 673239 751338
597946 721447 938681 878331 644490 456748 600592 569072 653067 715042 615587 581463 624832 653588 436910 535270 677632 678231 831597 779271 795248 602144 511605 649974 841459 443419 424570 498169 305573 484276 484205 514505 671855 361384 572383 756578 596980 467869 657708 674876 477930 332427 421592 658720 604448 538327 753099 699766 568341 787712 619849 698497 884767 715561 734290 427022 768776 456203 402852 392524 652893 736895
835116 772070 730542 414016 594383 447713 492775 644196 802176 677377 698843 691819 635648 459570 570465 351820 500140 749588 706738 784608 503514 336411 752795 884081 703579 746660 470198 628961 605133 625117 662656 436673 431161 590855 495233 584682 609312 648175 489603 733202 731134 491071 426269 377618 624344 707152 602443 604772 703091 622423 802950 690932 878492 645785 733226 680657 436166 595223 425650 571654 389107 386879
619597 478807 582349 681359 614814 687535 556325 536274 369914 663203 648767 484357 450396 532977 564884 614441 673642 892335 805062 680828 804562 958818 744231 744322 798474 613449 808104 677290 446648 546550 600771 685735 687211 814829 812776 684460 486379 871877 930452 587615 241806 348166 417888 636762 714807 692918 587602 742103 769258 663904 834257 789394 702490 784406 524480 587373 597060 538096 331909 340874 478564 815682
622578 737012 656935 620005 714518 725159 743447 552127 615019 461486 456633 512778 650605 578258 335524 538935 502614 554987 574203 625068 609824 640741 807485 631736 703864 665850 901311 857950 956362 621706 795367 493303 511680 663164 789005 866382 841901 844758 543063 463002 492871 350609 429971 369374 642172 687915 731217 444500 650423 729727 661913 747704 905663 843734 888872 623732 776032 640818 584082 668328 601219 448476
594641 377435 582001 818079 816865 737887 459119 334214 343466 731367 854052 563053 495664 629704 575531 311375 626249 775282 772123 690714 487757 680075 577547 439188 476333 570161 698969 875000 734214 584248 458490 426380 779506 1014180 952236 631404 605240 672990 858766 531159 471120 511339 613420 618067 720818 544972 458577 460950 428429 670629 910241 609648 452255 375171 635735 674087 572924 677944 861410 393817 390216 582395
506457 606391 406313 726673 804221 833868 712282 729257 673062 693145 636227 605892 424089 383262 567714 770390 660340 691400 670488 613347 697818 284875 255396 235413 275807 526275 713025 683432 926099 691529 503049 414999 564984 854673 803760 773076 821957 752047 419744 438170 812509 669536 666195 506488 491498 505161 346107 334218 346622 591640 811993 698738 544774 701919 545731 685622 922219 960224 728338 758295 804931 628127
291444 235438 625546 509232 510976 551543 705442 501095 779785 669756 739157 495108 575953 618749 767985 580875 873779 774705 792576 444657 547104 522313 247470 354641 485943 414191 570921 749936 831042 873414 469595 516637 656650 708078 518292 561781 482080 626270 889567 698240 561736 786966 563977 621553 326990 282652 195148 290856 461200 593183 763018 538862 386141 664491 699440 697898 744650 829452 940182 726333 464971 487816
517107 379150 414352 596457 657529 431019 631834 853316 542846 768721 509306 493920 591554 649140 792481 840392 560494 531388 735079 787238 608281 356744 382884 355955 469870 530757 836345 883253 965153 623746 728500 438505 463646 552389 606099 649107 881921 706209 375623 750033 946615 924337 607040 398249 451895 461233 457778 410807 632466 645314 830433 852408 834916 620410 986912 876383 829975 675920 512010 444330 749307 695404
486130 712196 383672 369465 381437 737408 526867 444931 557600 517217 662397 531788 311830 524914 521248 513818 691967 633116 488317 692961 511850 339003 372179 582963 973097 677667 484448 803454 855221 806054 622574 652855 649152 545218 541486 478068 497311 576492 713379 489709 555988 555560 531882 430480 407501 411617 482723 608035 663706 943900 894064 829815 996872 1047031 872796 675896 464548 429382 559551 771215 583826 784939
491883 607201 675405 703693 327159 582156 761135 682196 478474 649496 524970 585046 416139 445207 564186 541721 491916 756184 571840 539980 453808 489107 744230 784153 574816 617056 806343 744790 704834 720364 548922 666714 443978 448687 483215 586224 793133 692503 459010 552398 806199 658299 588893 776492 659354 642676 443532 735906 834838 738451 911595 849686 761853 822508 612841 657961 432371 627610 288063 576708 802807 675784
746408 546631 478281 429424 883456 874757 866407 710468 447138 595098 595903 537656 567580 331957 333972 732401 753831 572644 578983 628997 559060 519247 690913 726736 617064 532664 307816 574220 554563 565193 715954 494062 696018 561662 659474 609211 573997 328342 546460 446300 597169 620418 519825 549431 484766 588151 763343 688089 553850 595690 636130 877550 790559 811848 605934 642182 462157 499191 722681 696239 617583 725861
