569198 530898 553816 525579 731671 777569 843651 589496 612698 810860 667113 361374 512016 709517 490870 646312 563264 688496 698376 940081 653988 374375 477880 784984 751330 460008 495882 605164 330730 439833 262249 288916 634236 743786 647973 601105 558306 571687 740465 599890 667442 710619 799499 913291 730830 634068 697931 329815 517418 627581 507955 626738 717843 543347 732530 531715 395103 648743 631367 657716 753922 712557
523654 572372 734927 637757 676432 835811 713307 752960 738102 597405 596085 527823 563152 617191 641001 397327 556244 645935 683779 573725 459153 696886 694428 543286 612068 873097 412379 265085 258402 178055 227355 377603 518871 675177 776203 803580 862401 533719 498697 629908 761158 527641 628837 713200 880812 728566 582217 767286 465661 602961 743491 498517 472069 659107 622674 835175 593377 445561 606354 621916 609207 518285
798868 629504 390753 700940 593902 929660 800916 660989 876243 772091 432821 455605 623872 456654 451411 257904 351576 672456 662388 644582 499189 583464 484629 823578 323754 224308 413861 493569 550060 465630 311922 443140 814562 878911 617693 705570 586311 521788 680681 735852 514584 358025 561565 658026 637763 542650 535903 330005 735177 630233 624138 620136 373755 685649 636980 297344 353526 350022 619723 831599 839713 670575
610066 789296 507881 571983 724205 712188 830926 831206 575665 741057 811222 687785 394350 483145 446728 827091 689074 577239 386030 397401 203746 542790 650899 624218 685005 524151 474291 542285 702139 613273 567111 588387 572360 887265 767357 702208 778804 821384 722319 613812 708782 509952 593534 481287 568290 413644 406280 529000 681453 685025 651386 576635 655365 528901 582136 723688 669860 598501 551270 677896 720381 605100
748471 510396 379785 476939 728655 867132 596005 496340 842311 531398 704105 675109 878734 730003 587562 642424 453771 463523 401855 494803 764973 703711 765118 670210 474389 424689 385905 598924 793310 551509 462235 693254 883325 784577 648216 762632 765798 597452 821187 732057 723183 624757 639466 674941 372442 533003 499179 538897 602965 779894 513516 686257 585693 769516 675239 624080 571848 617492 677553 757197 627111 476866
564206 573143 399781 424119 546219 637518 866059 651486 821752 761806 723831 705031 679119 627737 486575 471265 682933 625424 579952 423141 451911 657913 754609 917875 767501 599588 651567 794382 643488 710689 709806 713353 742057 786933 964909 896105 851220 947560 639597 823688 821687 716223 586979 658215 778453 450884 349386 633869 651292 517974 735788 618997 694751 488453 684406 676679 654035 363613 633447 711539 600888 612207
537461 405330 544539 421280 564297 620017 511361 629528 593410 716150 802878 841795 747007 728874 894997 779297 598834 433696 560064 693759 742198 601461 719918 580855 933774 882671 606020 595242 577641 580561 527437 511173 740389 683344 652835 911499 825280 738918 873395 626501 739567 886072 629638 617688 575656 648531 655312 423181 603013 703289 356154 609476 636756 655980 476801 496979 491552 782680 590171 486523 640268 580112
676205 612943 448981 555793 466658 641669 693524 641299 623637 507760 590024 645345 857941 813633 772687 744466 830261 801550 688442 640599 633463 613135 687056 805831 785474 628650 541873 700303 739891 431648 470698 517457 467762 682526 633676 606420 925720 789692 669024 835420 592079 624859 816036 632629 732580 663263 570946 877678 588132 494495 519916 607548 571236 762977 527263 688031 615494 389331 711926 610056 532389 677841
673552 415535 824105 566695 822545 531030 365030 524394 762813 712385 525937 621350 777883 967530 798905 678489 741088 575909 625911 406820 657908 582064 762638 578556 521550 635433 823595 356172 474245 700481 567958 581603 617087 620926 779875 741117 536867 824478 769489 750038 699955 578039 502939 681235 506419 586890 676524 608530 619153 606398 699899 783965 686858 438040 606327 441133 555621 518865 728952 796780 929943 636860
719860 695519 486421 453731 507485 559723 663422 527012 473669 550985 495734 696399 802208 793017 909940 846778 623917 573994 578304 797278 738097 848933 630560 543428 507849 360759 330239 645048 758121 608780 711902 519817 469634 543086 417578 448100 709076 648969 540801 553052 716310 820435 428682 423268 687278 712593 693795 450514 758428 755729 658849 534106 739271 743589 616811 557172 522573 548631 552632 531882 396419 757257
462107 432050 470389 623472 808038 518587 528582 759478 1008250 521348 555236 522621 549717 512539 476913 752021 550853 684161 551155 439693 560173 604024 528783 597149 353630 451167 534269 375738 470526 630300 618147 591884 862724 625423 842783 679976 487687 647026 832000 669197 467560 301658 521905 432638 492347 560407 463404 567676 335919 519771 808523 732271 364425 560977 623120 491573 682731 573394 624933 650130 922194 551436
737891 550116 722790 546102 358472 629451 613122 623142 360036 517558 275938 571256 726776 825376 619828 689814 584358 585795 674286 524393 419212 721049 722492 413630 437680 381483 447241 938077 685530 577491 717526 428976 418158 696302 793842 653022 586493 589825 257556 464922 522587 495679 416910 715292 955557 729401 471554 174763 559168 713696 472353 529249 769687 512628 721699 769455 722523 697133 443917 415260 394686 664449
722732 658210 523342 937851 796245 491642 408233 667562 745744 584391 512150 497138 263568 515698 517516 466497 577674 535249 504464 482146 707471 546243 725609 637566 559050 431452 494540 420888 639455 540301 383319 502051 592578 734567 599868 793189 659839 580913 678146 536027 458644 394326 562227 721843 886874 640398 481110 602096 706525 652495 731932 482515 227730 603669 706615 768821 631135 452062 593266 343216 513166 474269
534889 853750 740050 701907 693444 733268 494047 581844 414906 293157 380380 560522 633039 495829 554635 642743 713055 875768 482310 394194 343399 644200 631963 578190 368246 469378 745981 720142 586783 587877 721963 507917 449079 530176 920060 348287 579641 692873 471801 535618 477285 822652 545733 640165 732951 832615 672530 616224 488716 656449 581106 663895 605800 454898 591002 607018 691188 637183 314096 494522 659897 625919
694710 731315 573108 680712 525318 510667 557068 609436 731618 694261 604204 614767 469872 587400 478328 368245 398452 512672 564626 417187 750536 666342 688128 549710 671238 722522 488455 536840 616859 634245 657458 467489 546906 561459 464813 564130 599161 689988 585891 564262 428597 500700 627000 579016 472436 714950 840417 932319 939578 824718 517608 394484 498090 758557 435025 634840 556482 649058 567644 392886 343881 590111
725058 655164 613117 771302 721525 468238 580014 583886 414165 590519 774209 591933 571941 606772 620000 609202 845908 712086 535818 411828 562672 743674 461636 606612 698574 744432 831496 582869 487138 856914 675257 644661 712372 690390 614774 557364 499831 462934 519670 666478 954063 648217 343307 268098 671918 771362 860800 883706 662196 555684 602575 585122 379585 395008 718231 715350 873672 734766 640089 466382 682440 849112
896409 387658 504181 390973 569262 675778 451528 467067 645560 574060 635094 819717 740862 765770 513712 607811 597607 587631 655864 583876 719204 615857 642476 431419 703794 904484 472569 616434 762271 688261 837392 644278 731130 772865 520400 625549 576765 629569 473944 581580 747545 716744 467516 354799 353267 638027 624469 740465 525233 466451 443666 507529 518171 486577 545206 730588 804133 650357 420820 612835 720421 744689
628290 738930 413558 559701 503614 433209 532664 322115 398792 723404 844968 745493 669310 888201 696830 524857 776633 806161 582267 433859 534399 486839 473452 711508 960546 578300 676761 458498 648112 612025 708120 762873 716892 837028 794302 699848 475030 523326 701949 916926 881767 677243 380364 534015 681875 669934 719142 620764 665270 406493 290495 219850 421559 488309 755131 668378 841095 429375 678978 718125 758363 867863
631870 431152 599201 496398 543932 449074 549132 613403 754034 641908 657985 877207 770274 434940 613916 717065 508201 407527 646098 600364 663897 489665 442925 439991 632327 989166 617024 805216 613726 539620 534341 728918 674243 664257 734703 788817 722351 634825 527477 678183 460242 800313 624602 520739 694471 709632 542339 484289 253226 474262 433221 298243 424658 574117 672562 464548 418762 574809 605198 623482 705423 502237
531823 599426 749647 666568 581400 588040 352658 464846 390486 791359 825676 512038 420237 531400 486319 406152 497714 587089 406728 580524 443078 538042 467750 679646 638470 606648 664395 379505 477268 537402 360845 436807 804331 768778 955609 795382 998373 918569 858937 726716 844393 435872 512159 776125 707252 828835 748436 688580 584233 319454 225597 313578 540203 418853 589449 610307 729554 295113 388044 689629 704289 723863
528037 708713 785264 494346 404935 487601 645855 618959 828948 746601 589663 466811 516622 472988 334295 527395 434112 567496 874827 736206 604194 717180 617431 678253 812506 599941 555136 659866 740121 684819 800690 631963 467219 764210 868139 703687 560028 753992 776966 622744 456669 683856 527700 521728 804129 904436 732571 534084 528724 515432 554947 241744 302102 445943 612437 488461 436163 516477 442579 627362 725206 910115
693188 665333 604974 694937 595378 359385 505769 548363 596286 666109 501739 482538 382858 487852 509246 568006 823800 634470 506462 779542 674574 546932 793033 580513 371217 441858 637602 637405 608941 485465 493622 559964 819432 621798 675089 684539 725212 945735 765928 731234 726796 433682 368325 548708 591119 381434 812654 695093 833853 659754 693146 560940 460703 230941 442793 910552 672321 627765 503905 650736 871955 560476
658210 627849 410427 338630 553212 735024 450273 797944 810619 563103 549236 431719 703557 536358 491224 562857 431834 721608 671866 592314 820318 843791 687721 726037 752120 532246 443195 669878 842599 1003325 891193 498052 465544 737435 461363 648226 637803 607114 932680 587793 501419 499874 506899 484146 608780 929217 624153 822336 687979 725432 429466 411575 377440 731953 563905 308464 715534 619468 526323 485724 587691 848859
816543 726170 772499 613222 436207 672345 743929 550637 832064 806020 628173 758494 660046 494291 410568 638530 514449 393190 743397 782511 556377 553398 697713 433427 543669 731338 749786 712876 657013 339826 479846 985817 509429 635720 629220 347751 599398 834247 552558 573749 362868 414881 543700 824472 662748 671475 759322 790078 527238 731532 584432 679103 669833 520235 572620 1001993 824342 638447 394785 581868 357097 233241
855686 686416 544618 808776 712226 580777 779970 696000 543279 540425 622358 398646 580293 579872 725254 488071 425324 376162 534264 634979 857737 327556 330931 567482 672080 655061 836010 561878 592095 860267 904966 493816 757265 337743 356368 438403 512094 529308 611694 440927 588145 709559 867050 639815 720148 795915 703039 790862 664331 493763 660022 604212 580910 858700 662637 521418 529781 595516 157177 251782 588766 575487
824255 612348 799290 627048 847744 848005 485996 509452 475084 500682 545796 655541 721301 680615 750705 660642 458338 303430 721418 513369 408230 623252 420703 432790 849113 869128 654747 468279 483554 366072 569632 822321 638414 522863 400928 434445 596781 752886 483689 505745 712378 853796 620456 834595 831165 796578 709337 684798 536530 626272 539060 911765 867519 599795 687402 730730 440996 247170 403126 230000 336957 495434
564747 836533 647542 694593 555006 609334 521221 508769 417415 463564 548483 476182 379129 622814 742657 528214 468573 419703 412296 805933 817929 426721 517900 484576 678235 596940 689908 423357 453036 573170 671377 698192 733051 652595 524949 770040 617918 499116 443400 407469 484065 588967 716477 558516 515145 818323 828876 693204 507014 557837 750984 529349 758128 732411 571021 552691 646990 486663 293672 482678 360375 686685
818183 645560 597256 679722 689473 818021 671591 535092 511867 443444 722498 703320 581437 495763 828084 716259 218054 514158 684849 641254 480622 816909 590345 343891 609032 778667 437359 454927 369188 612649 555495 647793 566195 780558 675819 785115 724979 489284 328113 336420 616822 612860 419918 521489 720023 689460 637679 614987 618750 588489 651353 772054 603775 771547 868394 600845 419803 536813 188429 440427 521012 400671
686442 565282 648049 590118 764466 648477 631747 621783 638084 760502 679781 498769 578517 625014 546811 466371 618240 672201 601694 755925 886776 555266 357297 514323 401513 462925 579844 585575 680426 360390 439375 839613 940528 696827 838318 571311 679076 540491 298169 503240 302470 416784 400702 805141 638975 740288 482407 573514 404446 572792 597751 535643 593348 580753 604341 753711 751759 699053 733617 394355 307071 357832
690157 474554 407501 641400 701557 697933 701446 941569 528934 488806 810412 611688 728690 817254 828319 617950 763635 636216 720939 646456 677444 716383 473798 351285 668690 688654 785476 599000 811621 886100 562504 298006 568827 579844 498648 623564 537593 562732 456604 733993 683540 676771 612292 665159 578564 483181 706747 723055 620309 423876 586879 760541 878159 709704 671274 639645 772578 710610 436033 512775 769520 589594
517042 399641 526788 718083 646304 576198 508771 346305 596194 611846 531102 710966 736976 851253 990271 906645 786630 768804 519127 752480 772109 741198 611601 393261 431975 567676 645940 780891 738961 538407 494448 555866 616723 653598 598800 514412 461448 525604 685214 726193 605151 338557 533265 802162 991532 732012 510373 401707 496799 603892 697998 719425 581967 684433 644359 671810 855260 629104 611675 454922 502179 480751
424097 284709 471282 455664 602795 555300 861113 569605 344159 405143 500596 579637 767498 996850 638162 701235 794422 764447 621079 461281 704200 807902 683552 621478 585498 593076 702257 841571 844610 709699 433749 296016 689435 633070 503030 448891 679581 807384 691774 618203 587407 578591 669587 619744 590803 541322 771173 550699 623224 699825 838232 708809 687139 719818 630971 730624 735551 698755 475770 760068 844272 956771
647084 543046 394813 850477 778232 707688 346721 412372 472694 464872 461629 607780 896826 545392 648346 622527 820804 473200 321189 366349 745832 783560 768768 539851 534029 487380 425533 612927 692372 680736 537826 638682 612698 606635 619021 498970 546735 538768 735159 677307 668434 455947 439657 585954 755549 573939 275031 569899 533378 603428 581165 722732 773172 797991 821423 553996 501493 703863 354415 456855 691160 840782
606716 808052 826585 668680 515262 597373 845203 456163 213789 262238 485725 317710 416550 563395 351495 669513 643552 671834 439384 360554 355628 584710 575725 552825 553470 588179 620065 814882 854434 644622 599956 434798 818715 734172 807568 874593 824650 678899 854043 801786 588942 410381 378511 310311 445117 603195 701617 419648 650567 566575 586689 594721 593218 603706 531763 763276 705535 496009 582913 781737 689768 776176
783521 619138 797289 878058 779460 623077 372970 626376 443102 234577 358610 807593 611847 442223 370404 498514 673057 394528 384507 307058 758996 612588 555063 790479 791118 629382 684606 692802 884951 640430 439674 601828 552082 780273 723681 350700 818530 913405 955415 925664 828199 465200 550730 702048 692474 533669 539910 406017 402085 581652 453071 415046 627813 674394 725164 339422 524885 473808 547283 422595 894759 561014
623435 682013 576297 670982 428764 514050 556800 368140 170495 374678 455879 369028 526427 663140 523578 391448 553864 613640 647903 573038 582607 479116 405764 614808 690743 647410 707946 962424 630529 604016 538196 521812 735996 579062 610226 696208 676022 947431 901492 801161 547738 581748 559292 773228 770607 729159 424165 757665 492666 207157 342121 245622 464481 553095 612850 576767 494647 523859 548385 728832 639328 745210
539022 362768 502437 644311 526300 633291 595984 399340 426674 223807 333167 665103 665335 530481 449168 716960 624243 474230 530470 870961 840411 688710 401956 562290 604501 986804 859439 709515 725768 489108 548147 457021 549422 511847 563047 711942 724297 659914 849251 796434 763566 658082 725198 620016 597786 547561 675644 589902 657847 606043 317815 276548 572744 754313 666076 595556 643505 556244 705281 647047 652322 478217
601240 527982 527907 662341 731573 361622 614127 694276 304263 373422 267186 400976 593534 868284 709676 449861 301405 523349 559464 688720 677963 629928 473894 719328 791057 607606 775233 842249 575787 821164 597645 791458 609077 731379 516308 604464 656748 738076 615823 638088 447449 500178 558098 697505 663795 817778 535207 673843 634733 279255 347204 270423 454048 724894 773811 664645 707712 714594 559805 536592 584301 456142
801836 776688 707049 416470 413500 728604 624364 460552 653725 514978 417193 542331 560038 680224 732397 678303 624714 389960 565881 907930 1022733 567988 721240 661702 800007 781642 646397 688858 593735 665019 766308 576274 468653 402947 563130 493902 538763 574736 666052 594868 670677 651186 485419 419796 474987 286610 616501 415114 684359 519111 313822 431911 598925 664489 488892 560129 788587 728514 603964 579477 534430 694513
703621 514047 520195 608538 752611 631398 791186 973808 743529 703376 572986 319764 573710 478874 675811 692300 367819 748412 561785 637097 739926 939122 746677 558614 418835 441005 575265 654170 784466 625927 812999 654235 622699 557907 643965 531421 377267 487123 613452 441628 754849 557872 566226 502863 727856 637632 309338 474462 342907 543762 369895 469227 564605 621578 505586 663261 745423 547912 532792 645431 551079 450093
606810 580093 718253 767720 458256 583549 752892 757220 834614 657793 645359 583837 560266 670328 480564 811036 806219 414654 761928 684587 662402 449328 628405 713602 679551 511834 616884 549197 660250 634467 782999 560034 590701 462355 519966 438087 475982 479176 899556 877578 557323 547422 719637 673270 642124 426015 561033 390598 557577 602509 661970 726573 744053 637000 624897 654953 586402 702419 592194 588245 616665 678372
430564 635570 801514 639783 779532 688846 643532 679542 860941 819855 701650 501215 466444 695273 724098 350844 725145 684362 355143 407873 408353 669762 592150 372054 379343 528920 662308 564902 613675 668144 524698 411149 592486 751473 900971 375594 382805 360527 449590 853378 916761 827765 538138 721969 728064 789072 508177 817488 697363 565218 635620 674544 704501 717512 809231 717702 445175 510807 497558 644578 367166 341048
626679 717913 930610 765994 600602 449915 497299 523598 484279 810892 553233 794527 678213 390705 706618 633269 328364 618277 718790 481850 450113 495454 629866 585169 586545 899752 806858 733578 257553 639559 772038 760526 701312 917326 632747 627251 435596 495755 710035 759471 725919 782925 658707 559544 644140 923967 877751 537073 721705 778425 757496 684540 805511 898765 664017 592772 470660 577301 748575 552810 579573 495498
785054 818974 798429 696847 538031 553164 394730 634929 733006 610961 750080 312444 712578 784339 470716 395652 464719 311145 428232 581036 628812 693780 531914 647289 635190 870049 712946 621235 731662 573874 471743 630282 800111 800593 847644 525713 364540 326534 584090 827223 869075 485195 453911 642038 696744 512402 862949 601057 702802 591249 761935 706393 623870 488818 481152 456895 628535 342856 712731 628469 553166 597119
697364 695692 667335 692231 647650 704452 538629 231260 540703 410729 451521 678790 482311 788675 693594 670778 419445 740676 909607 889562 846722 871557 474852 457381 607689 859076 1027207 695604 653046 787083 876045 813873 855631 943905 747284 537287 449207 528622 636815 568474 538024 602230 605117 570901 835221 738822 668515 921753 466676 518542 491422 791356 784155 775240 639442 476327 713355 807367 409268 505686 647992 656214
632219 888727 610242 766355 768959 417310 415803 578982 696744 709577 616045 662646 814176 751639 709970 379945 478670 634674 692482 642164 829590 728737 751444 651116 888816 784524 633722 773713 615876 734980 655279 641091 700221 444837 571176 807960 623080 342827 426528 512977 563771 722030 807980 709553 603051 810089 724590 409356 637085 549992 751973 782334 773125 498578 573888 795730 462421 220278 444992 617091 674023 730053
616159 352966 639071 564747 603359 513320 537455 611142 371349 509221 706024 751146 650236 651628 762751 672307 653883 694910 862145 704363 851980 881935 646040 492850 493375 809794 924883 699449 845568 561804 830383 785806 620701 510891 385024 299860 630276 638772 563358 445516 555809 466387 621269 753515 760940 435427 612404 542042 577040 572202 685902 655017 614561 653364 556189 599712 546617 473501 468049 535872 745880 801961
579068 591000 735855 616691 526940 600654 502301 592955 535175 575578 515300 731127 837321 661607 314911 387689 538446 693930 392859 704956 849217 623189 723584 781245 802501 570076 665755 867508 580603 529169 502130 460263 505455 338361 617139 773088 502604 500294 580749 374347 537808 638089 748089 763579 738184 686410 432487 826914 698102 765645 829572 815259 563930 638804 617632 494580 604302 234218 428476 646062 658522 386595
492414 680677 353172 342490 342365 478257 647745 642428 555336 727656 729276 669867 257092 400933 549642 558360 538077 572098 610153 700817 600661 711915 496836 622333 515873 748159 728355 514891 557512 574436 804152 826003 453298 387104 402423 493249 802920 514002 309855 582219 535089 619680 617339 781340 715630 607752 482554 242408 593009 695825 509580 491654 610031 447095 692932 606889 565461 569368 623930 476870 704294 598816
453264 499987 737108 661230 661188 713981 606190 633489 559644 587542 485973 523061 529926 430704 271527 516880 649264 591926 592296 558073 936575 454419 401845 379600 741940 540467 617185 756938 541632 437538 548915 501846 512499 552348 481656 807173 688770 624427 551227 415032 519195 410132 703226 828510 624516 304106 451118 648558 436991 721075 791601 565032 817860 788826 730609 681059 675858 641176 401409 515406 652326 790604
598787 923788 601508 571597 496128 373818 488057 695340 661502 625024 770228 810988 417752 543280 622869 475913 489402 535839 742775 717519 420569 306928 443225 632597 507308 671170 398335 250320 469904 590153 559745 609073 283490 334022 556446 628525 677178 546986 254732 429464 581080 762519 632115 443378 586529 623178 273500 503270 766162 518307 494975 687415 531682 657140 533018 731516 769636 536783 550344 555695 673240 751338
597946 721448 938681 878331 644490 456748 600592 569072 653067 715043 615587 581463 624832 653588 436910 535270 677632 678231 831597 779271 795248 602145 511605 649975 841459 443420 424570 498170 305573 484276 484205 514505 671855 361385 572383 756578 596980 467869 657708 674877 477930 332427 421592 658720 604448 538328 753099 699767 568341 787713 619849 698498 884767 715562 734290 427023 768776 456203 402852 392525 652893 736895
835116 772070 730543 414016 594385 447713 492776 644196 802178 677377 698845 691819 635649 459571 570466 351821 500141 749588 706738 784608 503515 336412 752797 884082 703579 746661 470200 628961 605133 625118 662657 436674 431163 590855 495235 584682 609313 648176 489604 733202 731135 491071 426270 377618 624344 707152 602444 604772 703093 622424 802951 690933 878494 645785 733227 680657 436168 595224 425650 571655 389108 386880
619597 478807 582349 681360 614814 687536 556325 536275 369914 663204 648767 484358 450396 532978 564884 614441 673642 892335 805062 680828 804562 958818 744231 744323 798474 613449 808104 677291 446648 546550 600771 685735 687211 814830 812776 684461 486379 871878 930452 587616 241806 348166 417888 636763 714807 692918 587602 742104 769258 663905 834257 789395 702490 784407 524480 587374 597060 538097 331909 340874 478564 815683
622578 737012 656936 620005 714519 725159 743448 552127 615019 461486 456635 512779 650606 578259 335526 538935 502615 554988 574203 625069 609825 640741 807485 631737 703865 665850 901311 857951 956364 621707 795369 493304 511681 663165 789007 866382 841903 844759 543065 463003 492871 350610 429972 369375 642174 687915 731217 444500 650423 729728 661915 747705 905663 843735 888872 623732 776033 640818 584084 668329 601220 448477
594641 377435 582001 818079 816865 737887 459119 334214 343466 731367 854052 563054 495664 629705 575531 311376 626249 775283 772123 690714 487757 680075 577547 439188 476333 570162 698969 875000 734214 584249 458490 426381 779506 1014181 952236 631405 605240 672991 858766 531160 471120 511339 613420 618068 720818 544973 458577 460950 428429 670629 910241 609649 452255 375171 635735 674087 572924 677945 861410 393818 390216 582396
506459 606392 406314 726674 804223 833868 712283 729258 673063 693145 636227 605892 424089 383263 567716 770391 660341 691400 670490 613348 697819 284876 255396 235414 275807 526276 713027 683432 926100 691529 503051 414999 564985 854673 803761 773076 821957 752048 419745 438170 812510 669536 666196 506489 491498 505161 346108 334218 346623 591641 811995 698739 544775 701920 545733 685623 922220 960225 728338 758295 804933 628128
291444 235439 625546 509233 510976 551544 705442 501096 779785 669756 739157 495108 575953 618749 767985 580876 873779 774706 792576 444658 547104 522314 247470 354641 485943 414191 570921 749937 831042 873415 469595 516638 656650 708078 518292 561782 482080 626270 889567 698241 561736 786966 563977 621554 326990 282652 195148 290856 461200 593184 763018 538863 386141 664492 699440 697899 744650 829452 940182 726333 464971 487817
517109 379151 414353 596458 657531 431019 631836 853317 542847 768722 509306 493921 591555 649141 792483 840392 560495 531388 735081 787238 608283 356745 382885 355956 469871 530758 836346 883253 965154 623746 728501 438505 463647 552390 606099 649107 881921 706210 375624 750034 946617 924337 607041 398249 451895 461233 457780 410807 632468 645315 830434 852408 834917 620410 986914 876384 829976 675920 512010 444330 749307 695405
486130 712197 383672 369466 381437 737409 526867 444932 557600 517217 662397 531788 311830 524915 521248 513819 691967 633117 488317 692962 511850 339004 372179 582964 973097 677667 484448 803455 855221 806055 622574 652855 649152 545219 541486 478068 497311 576492 713379 489709 555988 555561 531882 430480 407501 411617 482723 608036 663706 943901 894064 829816 996872 1047031 872796 675897 464548 429382 559551 771215 583826 784939
491883 607202 675405 703694 327160 582156 761136 682197 478474 649497 524970 585047 416139 445207 564187 541721 491917 756184 571840 539981 453810 489108 744230 784153 574817 617056 806344 744791 704835 720364 548923 666714 443979 448688 483216 586225 793134 692504 459011 552398 806200 658299 588894 776492 659355 642676 443533 735907 834839 738452 911596 849687 761854 822509 612842 657962 432371 627611 288063 576708 802808 675784
746408 546631 478281 429424 883456 874757 866407 710468 447138 595098 595903 537656 567580 331957 333972 732402 753831 572645 578983 628997 559060 519248 690913 726736 617064 532664 307816 574221 554563 565193 715954 494063 696018 561663 659474 609211 573997 328342 546460 446300 597169 620419 519825 549431 484766 588152 763343 688089 553850 595691 636130 877551 790559 811848 605934 642183 462157 499191 722681 696239 617583 725861
