48227 38525 34542 33502 39861 38922 43509 35351 38688 46439 44382 49415 34036 29268 23154 42828 34950 46802 42254 36535 38133 41590 53237 49622 48849 42759 34051 36845 40593 40273
21991 31295 34135 36345 42534 40984 43440 40419 38587 48597 44982 52972 38640 35375 32688 35177 43667 43774 41826 49083 30943 37643 39550 39025 46980 43809 41672 31246 35408 34037
36645 31958 35696 44748 35720 34953 42338 36778 49545 50436 40139 50246 42548 53390 42067 36582 47808 43914 42589 52083 48043 40374 40337 45060 37152 41271 43187 42567 38466 40948
36473 46886 36089 39999 42316 31772 39252 25975 49365 43640 50208 25374 41977 42988 58702 30737 43638 44855 42488 43674 43216 41005 42337 40757 32288 31709 30708 47122 35680 37728
38666 43557 37357 48978 36589 36241 39862 23586 40086 33873 45543 31535 40491 40898 54305 46964 42995 41615 41673 39482 37389 29884 34938 24485 26907 23770 33112 33609 44735 36721
27445 29529 34709 34986 36365 44846 33653 47290 43537 39925 49179 31317 48110 43544 39800 46329 38898 32757 43113 25479 30030 33309 27388 19451 20689 28884 28200 41025 37545 36045
29136 39529 30648 41572 32141 43786 48889 37364 49746 41852 43135 34474 44399 47404 51514 46886 39447 34510 37090 36034 24389 30982 41104 39305 21620 29820 31222 32324 42971 29176
40102 41785 32670 30940 36852 50998 42277 47402 29238 39037 34225 39234 28710 30252 43216 37730 43378 38251 31841 28890 28783 28553 46740 53299 50093 26347 40031 38613 39049 40843
41050 42834 35139 29515 33926 49585 43367 37971 32116 26962 26959 20704 20735 14853 26897 40605 43715 57253 45334 30719 25283 32012 51840 53081 44043 43830 27574 47157 35475 36479
51446 43647 38105 35036 23714 29669 30320 39650 26022 31235 35765 32607 25988 21306 25471 29194 44192 52532 50202 31472 29418 22098 47185 42280 41226 39280 33041 46871 32810 34386
24530 40170 39980 37820 30175 27556 25972 31456 37186 31822 29990 38604 46750 37963 33847 42024 47030 42158 59781 36847 40672 31865 42186 41157 31822 29280 28157 28453 25228 32888
22839 35539 30519 43021 39250 38346 29081 41405 29475 28563 31524 37410 43284 58580 47740 48657 44839 55179 29769 45325 27435 39287 49522 44663 38981 32010 34005 30848 22024 38818
31056 46565 48743 44470 48591 40127 48260 37064 50610 38604 40324 36324 42006 36610 53228 56575 46978 40478 48871 35118 36024 34347 40500 52937 34862 44205 36931 48653 33118 38516
46131 51497 51639 59869 48051 50890 49888 59070 50239 57591 53703 49154 51623 37707 45601 49587 48428 34794 40437 37752 33403 33284 27036 39595 40653 49976 46453 54915 37649 34701
40434 41547 46566 39773 47161 43656 50842 46612 54270 53439 53896 59727 57648 53484 46878 46836 40988 31574 27637 48049 33238 41059 30283 42687 43143 51576 53445 48092 42204 44548
37670 38762 39371 39370 41313 48626 40143 47623 33993 53016 34947 43695 37352 42970 51597 31332 39561 30238 34064 41017 45641 30843 42538 40172 38188 45500 51386 42087 45058 32159
43320 52327 35080 40920 39183 40420 38316 31989 30411 30022 37206 25168 27809 22645 36138 44442 31069 32488 29029 33799 35285 37515 36987 45503 43810 36095 37175 41255 51796 44368
44696 56930 49206 35091 42074 38528 33606 34829 24231 34620 24082 28545 22304 26885 23798 30284 38888 33534 33593 32622 41498 36956 49520 39836 53748 46425 46224 39799 55862 48154
40465 48094 51123 45529 28921 35115 26636 22496 23879 30203 39386 28944 31925 27155 46275 34978 33378 32572 30611 34043 40390 38530 35686 39124 50338 45876 57451 50107 47533 43360
40856 38895 37615 42466 36474 37504 35152 35428 38511 31343 41718 48836 39806 44443 38310 56027 45239 36501 23802 38326 36686 40243 33377 39281 32644 49396 40658 53050 31615 45473
28366 32339 29030 34233 50214 43317 44968 44986 44868 43737 32980 43189 48128 32200 42628 40098 44775 41286 34991 36398 51171 39000 42232 37388 43283 31540 37195 39795 43214 32075
35172 29376 30770 27485 39592 42788 35059 43186 43908 41945 26730 28910 42219 48704 33730 34245 32587 34849 34198 39255 43655 44648 46153 50830 41699 36786 24489 39377 46161 55103
22168 30862 31532 31827 40549 34283 42947 28371 31912 39816 25148 29060 29488 51523 33395 26664 23716 22523 25235 29741 38299 42755 53374 46375 60212 29460 28201 34467 52116 52107
19480 35570 43871 45829 44989 46391 32081 40816 39145 40238 32372 40635 26035 52127 45580 39788 27168 30760 34395 25369 43586 37895 35664 42505 38242 31388 28397 35840 58718 57002
30135 40298 49572 42397 54110 37444 52529 37217 42974 42228 28036 36254 33059 46742 44830 47198 28276 32747 27085 38390 29819 39824 44715 23682 42771 26663 34232 35207 47080 59523
40916 32148 41155 47908 36145 42765 37548 47567 46892 45245 41074 41332 34580 43694 32834 50831 38015 31415 35442 30146 46702 28717 47326 39515 42925 35089 40644 24406 39753 47492
37039 38291 36144 43996 41865 33385 40718 41922 54034 52707 49022 33799 29446 27835 18761 30065 31626 30694 29424 28482 39939 40472 43694 43398 46696 46896 49733 37784 38787 27779
44173 28355 36091 40406 33119 28630 25585 44570 56843 61254 42842 47578 24875 29634 14801 20534 22886 29064 30726 34475 30666 43155 48175 46455 43176 38729 46164 48098 41306 28569
49053 27108 23330 26287 37669 24490 31001 39284 49631 56427 47872 28075 32559 30954 21928 20419 27620 28237 33154 29808 31619 29373 47442 49304 43549 28181 44377 49085 49461 46707
40359 39592 26289 33477 18334 43389 36525 47387 50168 43299 45445 44999 30952 40774 39205 43209 19544 47474 44007 36480 29190 29611 33041 46816 52330 34946 39428 49950 50262 49539
