451 102 250 573 478 -250 243 -38 -26 105 36 372 194 31 113 85 382 -52 80 -218 -653 167 221 -189 581 -372 11 -47 392 376 39 96 -227 -507 -89 40 314 307 -99 -77 -268 -363 -436 499 -130 -112 -320 199 -413 -54 -229 99 -130 -302 -7 109 17 77 -162 -92 -172 -92 -208 -441
45 -102 -417 118 -232 13 186 33 291 -316 102 -175 -222 -148 -79 14 -298 230 119 -393 380 485 301 -46 -274 269 -103 312 53 250 91 180 2 457 32 102 482 -345 -325 248 -300 497 -105 -191 492 379 478 231 -220 488 -68 205 242 -39 157 236 96 -281 76 339 -177 -38 -111 473
172 104 -197 138 -172 8 -162 173 147 -53 101 -279 -381 112 42 162 610 241 -233 285 -336 -118 -17 438 -190 -211 -25 -169 288 -276 -293 -112 -127 493 243 22 -313 216 -256 -395 304 81 235 81 219 -166 -264 174 -205 -176 -116 4 -90 -351 -164 -569 160 -410 -282 13 -189 395 -330 68
-10 -299 133 -43 197 210 553 342 -94 -61 281 167 163 -413 -6 -188 71 -25 233 81 201 -119 -241 -104 -4 97 578 -10 -244 -88 -118 123 -394 16 40 59 -152 -60 -364 -126 -138 106 -295 199 382 -529 109 173 -163 -101 -34 -76 -79 -429 294 276 -208 -375 133 -147 36 -81 177 177
-185 -354 -405 156 -304 -129 -152 -13 -495 48 134 22 -79 24 102 -709 500 99 -167 -100 126 -29 -519 528 -28 261 -177 393 73 155 -267 310 176 333 -160 -123 589 -271 -34 291 25 149 -102 94 -334 424 -30 -174 170 -117 -341 -344 177 -40 -34 275 -288 -187 -98 24 -10 -73 -15 -27
-184 -208 70 -228 -296 -79 -40 577 -180 241 191 -304 197 -303 -680 155 -449 115 -175 424 273 -116 -176 -310 -112 -71 -93 40 148 89 -195 -368 349 -176 -166 -133 -471 -122 -122 158 178 0 238 87 -4 41 -48 -101 -68 -288 71 -254 215 -63 12 126 164 -402 -52 225 -434 99 -577 -261
9 -424 -252 -376 421 42 145 -57 -90 -413 -74 -194 219 292 375 218 -153 -285 196 91 -452 91 208 15 -47 -206 -370 204 -79 -59 443 175 94 36 389 440 237 149 -536 31 -33 24 241 -701 -145 69 -119 -362 222 70 -248 80 210 1 204 20 -101 -296 -21 49 224 -29 117 -246
-200 -28 -269 209 118 71 86 517 -120 -563 51 -12 -132 -250 -112 46 -128 617 -245 -203 -585 64 -516 -138 -70 -181 445 254 337 -225 288 126 197 263 -232 -108 220 -679 387 141 -11 56 -263 -89 281 332 690 -18 -168 -131 -260 -19 97 -8 280 -59 -88 -148 -417 -401 -301 333 229 351
-341 -503 -168 45 127 268 72 446 -56 -233 -430 -227 61 -227 239 361 -606 221 -573 102 313 16 -327 -149 -66 -46 -51 -28 54 -309 -61 388 -98 -113 276 -655 302 -161 41 24 241 -68 -173 332 -605 5 -345 -194 514 -11 49 -456 -186 50 90 157 2 134 116 -468 9 196 151 -93
-206 -286 -33 290 -499 -168 -291 200 -141 -120 -55 114 -100 -779 139 112 -56 -277 90 97 -120 -55 -238 -45 -396 106 -241 60 -359 -151 -28 -425 29 -97 -446 -333 154 229 -33 103 57 84 329 -385 173 -97 -57 -77 -96 -313 46 427 -14 0 -175 -30 119 -94 -116 103 -235 64 210 348
-23 350 264 -255 -311 -78 263 -18 -153 397 73 -594 81 133 57 115 -17 -337 -94 -242 -238 -323 115 25 -114 -166 -5 276 -513 96 -139 -482 -498 -233 56 100 -240 260 364 101 -151 287 193 222 -168 -725 541 -412 -9 609 84 243 -384 -455 -136 279 -88 -203 50 276 -369 -309 -201 280
60 545 239 -8 323 54 -180 174 -178 -74 339 -25 -205 -118 261 -141 -99 -130 47 -98 -410 -227 -238 318 208 150 -129 -208 -129 -269 639 -574 144 -328 -26 -252 -301 -291 449 -34 -196 142 2 184 -467 77 197 -425 114 434 -3 210 171 -181 10 -401 -115 68 185 6 184 -282 -26 4
473 -54 -127 5 -235 49 -93 -458 -14 -81 -417 -17 381 133 156 -343 122 38 135 108 -348 -10 -194 -12 -229 335 -219 -230 19 -275 -108 -212 361 201 -14 -100 240 103 127 -6 -432 -28 -136 165 259 -168 119 444 -170 430 -218 5 -2 2 -214 -151 -170 83 84 569 350 -130 83 255
7 -17 13 222 -217 -83 120 79 61 -94 248 546 104 -49 193 -138 -191 8 -661 -295 -89 -346 -264 -111 -420 -103 -137 6 295 44 5 25 58 -260 -29 79 -350 221 276 -161 -61 -224 179 -271 -56 -219 13 -459 339 -246 15 -54 -195 -227 239 -134 69 -205 -165 120 238 -44 -364 511
-219 -394 664 -103 -374 -174 94 48 -218 466 -133 -303 245 340 -209 -358 263 -524 -314 247 -14 -67 90 -39 -332 326 339 52 11 598 -70 -66 93 376 407 -66 78 -352 -79 -215 -257 430 -202 -136 93 332 123 706 -19 66 70 367 129 -29 -242 62 358 -105 135 63 221 -206 600 -327
-93 240 75 212 -127 -19 3 401 176 203 -168 248 57 355 515 -78 -104 -221 -36 -97 92 -37 -92 272 -240 110 -103 185 354 -77 112 45 -204 61 74 105 -50 24 -293 -91 142 228 -108 26 58 51 138 -465 -12 61 -256 428 41 400 -202 -232 57 -429 55 24 260 179 -106 -280
438 -202 -267 -277 286 -132 -192 35 -52 -173 193 272 252 196 103 -454 427 77 155 285 366 107 111 -153 8 -218 -184 -228 -39 268 811 48 -345 323 -77 -169 53 -317 56 -22 25 97 17 4 72 106 -264 -366 -15 -366 22 240 155 -268 -220 84 -102 -81 152 -252 -102 -204 -267 -219
173 13 -225 -59 -419 -187 550 -23 187 -16 89 169 -282 -7 404 -203 -145 -78 68 134 324 127 -15 322 180 -382 646 453 -43 96 339 -44 186 282 -259 -154 235 117 236 -33 -73 -511 -293 12 211 135 -32 -69 55 20 359 37 -379 -325 388 -299 195 -68 -43 -34 312 -49 -8 -391
52 135 61 357 14 76 422 -396 -116 365 239 173 213 83 417 96 61 40 49 -296 197 -33 466 -19 107 63 -160 253 487 -3 -76 -90 -484 -45 64 270 245 -106 -70 287 -44 -130 356 265 4 -152 -515 150 -229 -502 405 165 -291 -310 222 -224 331 157 137 103 49 225 -116 22
192 144 -305 -128 64 -104 454 -100 -41 196 84 -37 -193 77 266 122 -199 444 -370 -405 245 57 -140 -281 594 29 136 81 111 138 187 -96 -74 -445 -199 69 267 153 -87 -323 -711 294 -150 -114 33 -359 -89 518 129 91 -405 574 -364 492 -541 359 414 -211 108 140 -208 -370 -337 138
-21 -144 247 130 -193 -307 133 -137 25 403 128 -220 41 -243 411 -143 53 78 40 -501 -370 -115 81 -35 -245 -345 -102 -119 131 -83 154 -152 -65 -89 -200 160 -208 -133 -18 -332 -83 -182 -99 -15 -204 -56 335 -6 293 88 198 -198 26 34 -156 -210 -381 383 -248 344 -119 -220 159 -161
145 -85 122 -247 212 124 -235 676 138 586 409 -48 -105 -103 -468 -178 63 390 -197 225 -320 -150 -117 95 117 246 197 62 99 406 -130 198 -462 105 -123 0 266 42 226 377 99 299 -83 -2 -133 267 106 -129 39 266 -10 -242 33 -507 196 -107 -120 224 -349 498 -122 -133 261 181
627 -54 -30 -378 -85 -184 -114 -446 425 -362 -717 -304 -154 -294 281 -35 6 156 73 250 -284 -140 170 -648 -352 128 -122 239 207 -306 104 307 37 -250 225 162 138 183 -766 225 462 111 49 178 86 166 0 -196 -257 -255 -351 -273 450 193 -160 -99 28 -167 17 199 -9 86 226 -69
72 -79 -7 -83 -135 44 145 37 127 -188 -308 106 176 12 345 232 686 -51 -255 -189 -144 121 -552 337 -61 -63 -276 -29 3 -31 86 -150 -229 140 25 50 271 -261 -218 321 -379 -335 209 60 26 -23 8 -23 346 -101 -41 459 7 571 -26 350 -423 39 -405 216 -310 72 -72 -296
-414 -130 445 -75 234 -14 224 -467 -103 243 -41 -22 -110 294 76 11 164 150 54 396 -15 71 -164 38 406 -164 -290 255 -38 24 -11 20 217 -214 -259 21 -411 -351 477 193 -2 316 -266 -80 159 228 131 -650 -247 122 -91 650 237 142 -285 -9 61 288 225 264 -236 361 -353 -137
110 -38 -257 -210 -396 136 322 -25 -102 -376 233 566 -460 -272 -173 -144 58 413 258 135 -185 -286 -203 396 -15 -114 -47 211 -336 362 40 -55 113 55 -88 -64 -222 168 -136 -244 42 340 -12 -155 103 495 -371 97 52 297 253 -47 -431 206 -213 -242 293 -233 359 85 81 78 -419 -454
55 145 21 -210 4 -21 -245 259 -442 150 98 258 -257 25 555 169 25 138 22 560 251 -21 64 -100 309 -359 -410 373 551 119 28 168 -165 43 9 160 -398 -129 216 -172 -254 522 9 -148 -433 186 178 -76 -282 -6 -213 -241 -26 -269 63 155 -214 -350 399 -240 -168 54 153 -65
117 -102 -248 365 637 434 36 469 91 -122 119 -24 -251 -229 205 -472 154 -417 -543 -470 503 -50 22 363 239 -356 222 47 -87 6 327 -226 102 -2 -460 -205 49 332 256 152 -208 461 55 -257 -46 229 1 227 282 102 -219 34 11 475 -416 -34 -149 85 -624 285 3 -472 -92 155
-407 0 -270 -142 6 46 -120 69 209 -71 366 374 -109 -163 -426 -32 -93 199 -386 -71 247 -186 -195 -370 670 -191 -332 -205 -198 -68 211 -76 -236 -371 5 10 391 23 -25 -268 -78 -112 -94 -245 137 -36 -51 -438 126 124 -214 253 -349 -5 -69 -337 48 435 17 -118 114 27 7 -108
364 116 -135 -27 -189 -155 -164 -290 198 -74 141 -171 -15 -182 184 -63 -187 -420 70 -181 -4 -125 244 139 114 -157 119 438 -213 44 -422 358 -101 200 -441 460 -91 139 38 -65 431 -421 76 233 -7 -30 -36 -314 9 131 17 -69 -125 -71 321 -534 10 -83 372 14 380 -543 117 71
355 -420 -39 16 -126 311 -86 520 269 243 143 -272 -110 146 173 334 -119 -220 219 -207 223 307 116 -91 10 151 2 562 -253 -256 -250 -150 -557 -161 -167 20 106 -317 230 461 -53 403 50 509 286 -400 4 269 7 -9 325 -181 4 82 -85 -5 198 110 -207 -282 -202 0 -40 -212
-153 -389 106 -10 -322 7 343 -189 336 -82 50 25 358 40 -292 -335 -392 -438 11 -245 -20 -180 -197 -123 180 237 95 -253 164 176 70 -154 181 108 -797 164 -489 169 -39 305 -25 -226 -37 271 6 -29 190 53 -1 349 398 157 -73 383 302 184 -311 36 -190 -40 61 25 -121 325
-434 186 -475 97 -227 224 22 63 -260 -167 53 149 749 57 249 -398 -340 -91 -306 380 -105 353 380 10 128 -14 137 123 -31 129 441 182 83 31 -259 -262 82 -350 -196 328 490 -426 416 -54 -3 -29 276 -411 116 -241 146 394 0 95 104 -204 386 436 179 18 -118 -160 437 362
-16 -404 -724 -277 -33 358 -166 129 333 32 -36 -335 -307 106 -51 31 -12 170 -200 -85 485 -204 -72 -150 113 261 -127 -110 -71 135 -189 -96 -607 -353 -28 229 75 -281 -358 44 -423 272 16 -411 -247 -185 -197 -381 -223 -175 -182 288 26 -254 -85 -225 -76 224 64 585 96 -233 207 276
280 -280 -37 289 -431 -127 -365 -238 -259 320 -60 -221 -265 36 -2 344 128 -366 -161 273 -158 444 -281 146 -220 -130 281 -32 208 121 192 -227 -56 108 -217 417 -198 -76 -257 -548 460 -52 -114 -50 363 -247 173 -108 -152 145 252 -131 -196 -299 282 -147 -473 360 -350 199 46 73 -149 93
-426 150 398 226 -517 -251 -48 124 -27 -126 152 298 -59 186 -660 -240 -82 -125 85 259 129 -159 -389 142 -470 167 -48 -301 73 0 -9 -21 107 236 127 259 -11 414 146 -139 -280 52 -334 -249 61 -155 -238 -8 18 -52 -96 218 87 -57 630 49 289 -143 -348 -202 -68 -127 342 -30
118 -11 -110 9 438 -196 196 -262 -117 0 83 379 -12 -215 166 -93 61 -29 -497 130 149 237 460 -305 132 104 -107 101 127 -311 63 -235 -166 -454 -121 -52 140 0 -394 220 -30 125 247 364 502 -18 79 -276 271 -303 -462 212 -133 199 104 -417 -696 -280 4 -312 -167 -373 43 23
-123 357 383 144 -460 -282 104 -160 -124 230 130 336 -109 352 -141 383 27 -220 -417 -77 -65 219 -28 -110 275 -57 -147 147 -125 168 -152 -57 38 -95 -3 208 105 123 -162 218 171 257 -185 -44 162 -155 -57 493 499 317 240 -260 131 -91 -270 -130 29 -140 -141 202 36 59 28 -172
-350 79 -129 -514 -100 -279 178 133 127 -170 187 81 -104 -116 228 -121 77 264 488 425 230 -385 -176 -140 423 -179 98 25 -239 97 101 -321 313 -534 -151 248 -305 89 -331 -23 -592 -215 -394 -102 -106 -172 204 -227 162 417 35 -219 -319 -181 180 39 239 197 36 121 474 362 -77 253
149 290 171 -249 -414 146 487 -198 -48 -265 301 -590 -579 96 -21 -122 -77 137 -105 -280 -237 227 -134 -354 26 129 340 55 -168 121 186 -9 -11 66 -17 64 -261 -294 -214 164 66 266 -47 -292 293 -4 328 153 560 -56 230 228 -142 -44 -374 -396 32 203 163 87 220 -150 -69 188
110 -53 338 -330 -132 -72 209 0 -322 131 278 189 158 -479 -230 123 -14 133 -324 -15 -355 -500 75 215 62 -8 -399 257 -11 501 241 -513 193 -357 -194 -64 -24 101 -261 -294 153 -3 44 -561 -45 -228 -235 236 -280 -279 -84 115 -226 315 371 -225 -62 -199 -431 77 187 515 -229 342
343 50 154 223 505 122 -15 -221 78 262 62 -199 22 -33 67 -425 141 152 113 0 -462 -4 271 -220 -509 -394 80 95 226 -14 -384 -209 209 35 166 111 -52 -44 475 106 -32 116 57 -552 166 466 -199 372 -65 75 274 -184 318 -310 -224 -151 169 -87 -389 -55 -200 187 -87 18
-103 111 -46 83 -663 24 105 -51 171 189 333 26 -489 -585 -410 -9 -40 70 -160 -188 142 167 -65 -9 103 129 -292 -184 -315 -129 207 139 -281 131 21 -126 -360 -44 174 -553 -101 577 172 66 -188 -173 -21 410 119 -223 301 -74 434 -145 -256 44 251 265 40 -252 -129 -516 -233 -45
99 -86 -14 -101 192 -230 214 501 121 -134 -137 309 -288 -244 -298 -327 -267 202 282 -178 53 194 25 -244 -376 258 127 147 -283 60 161 80 -190 259 -391 237 276 402 -87 -255 203 -178 11 -81 -230 82 -356 151 -247 -443 -12 110 147 209 -602 -257 27 388 200 486 -134 70 -281 -103
-188 -162 -100 0 5 139 35 -88 -133 -78 -114 125 221 326 -204 120 -357 95 277 -38 274 -291 -227 -34 261 -106 -116 -253 51 319 179 178 -52 -144 173 -8 -44 229 -50 -214 232 20 -265 -284 24 598 -100 -86 390 -14 -370 -402 314 170 211 -14 -186 -55 34 -214 143 -322 -85 -52
-176 -564 114 -193 339 -87 -138 23 269 -144 259 368 253 416 330 387 410 53 -109 -579 -338 -114 -97 -39 -256 -408 -33 -48 -206 -189 -240 -101 -219 322 61 -248 -71 -302 259 354 320 -293 -23 -102 143 -258 -173 -105 39 177 -84 169 210 -54 -318 -299 151 -121 -438 156 33 -359 301 214
35 -326 -358 -78 -438 103 -361 42 -73 182 -240 70 -357 203 -29 126 -338 127 78 93 80 -49 317 -39 -189 -15 -243 -118 -45 -97 51 498 146 274 -128 -150 -96 218 -549 -264 26 -57 503 114 -169 -403 -87 -333 119 41 81 532 -232 -49 -310 -20 407 145 -29 64 -309 -100 21 25
-391 83 71 -96 1 -379 -378 34 -170 -2 214 -44 -719 -38 -123 -60 230 -404 62 401 -160 120 247 53 -175 -181 190 151 -201 -301 -327 425 -17 604 142 112 78 255 -247 552 -25 -180 77 279 -257 145 -183 -129 -125 195 -283 49 -87 -216 -310 -307 -418 229 -61 40 301 -312 -241 65
-466 -148 -236 84 -109 514 240 -218 -99 -88 846 -386 52 -533 -1 488 -104 282 -16 -108 -64 -150 -160 -340 385 -100 75 -224 285 -70 -23 -468 101 463 -222 -117 -291 33 16 180 141 -208 57 -84 -279 -32 973 592 35 445 -11 -13 -499 -245 -200 27 3 -148 -150 -42 -353 -156 -97 -319
-84 -213 316 -62 -48 109 142 -444 -96 -232 -37 -137 40 -250 -145 -151 277 94 94 -73 -98 143 199 3 292 326 -426 110 -10 99 285 -235 -414 283 -255 -175 52 -175 -407 8 -200 153 -129 -176 -53 269 232 -279 716 -83 -295 227 -92 551 216 -50 403 217 -314 227 -132 -21 33 -225
-341 94 -355 -659 -214 84 -69 324 47 -196 -112 -367 277 -353 -235 -41 0 -384 -231 67 289 89 -6 -399 -158 133 276 227 35 308 737 -152 -195 388 60 28 100 -167 -264 -198 318 -367 127 -142 -90 190 216 87 -479 402 335 23 2 461 242 -7 -74 -49 301 266 -413 118 221 -385
0 -454 33 -533 -174 -156 -181 371 137 -102 -238 -61 -263 249 511 269 84 -42 -103 446 -147 399 -289 -75 -438 40 -323 426 105 137 72 -279 31 470 2 -260 -474 -182 -451 212 199 -224 157 -147 -11 95 -113 107 -431 30 -8 -523 -463 -476 106 31 70 -339 291 251 -196 301 -64 -454
-417 187 -26 225 -22 68 543 357 -110 95 126 194 18 -126 0 -122 430 317 -52 109 -42 305 268 145 223 169 300 135 38 -147 -402 -7 -189 15 291 44 -106 -218 -366 341 -454 -239 -592 -80 -87 -103 -16 -210 -233 465 -85 232 -214 412 387 59 -281 22 12 61 -250 -389 41 -2
0 262 -377 258 -190 -101 -211 22 -487 -145 -132 323 38 178 1 -268 232 -216 -134 46 242 -51 386 -146 170 0 395 54 -480 278 -20 -141 313 -84 153 -196 -214 463 -201 -149 -437 417 101 60 249 -340 -138 -23 -396 335 -4 -82 60 -192 11 877 154 427 -90 -192 79 -343 -590 187
164 213 7 506 -22 -141 -769 -12 212 1 287 587 -44 315 -405 264 16 -56 -41 -40 -79 50 -44 -295 106 -155 268 -8 32 -524 -321 240 -187 -136 -71 349 95 335 -68 54 -308 301 27 11 86 370 -54 425 -217 108 514 -125 62 224 -35 -384 -270 148 228 200 293 18 53 -388
81 156 -149 164 -464 192 76 540 361 385 209 165 -302 -85 467 -372 -115 -363 371 -144 395 -105 -129 327 240 -695 115 153 53 -168 7 -101 54 -51 -159 41 205 73 -141 86 273 408 309 137 -258 -349 -51 -360 -200 -43 -123 -83 -339 59 255 -140 185 681 -23 166 50 248 -439 -270
36 227 33 -426 -210 -203 99 -195 -174 277 341 -105 108 -481 50 304 134 25 -99 -165 -45 -397 412 144 -26 -158 -18 204 258 -231 -249 532 290 181 -35 236 -325 392 -9 202 165 -33 -44 312 262 -453 -433 -242 -228 -286 69 -118 308 371 -7 430 6 -111 16 241 -413 -53 76 92
-94 125 74 -151 558 112 -84 -146 263 26 652 -111 -318 -7 44 -542 -79 -94 -94 -161 -343 194 -149 -262 -194 -120 27 171 -244 -122 -344 -868 39 389 133 -129 24 -300 -31 -109 -218 103 665 426 -18 226 220 -165 164 -368 -206 61 -106 449 165 -97 -120 47 -270 152 -352 159 -42 106
-259 62 617 -117 81 385 194 110 -259 -327 13 -118 -4 52 -173 126 475 -258 -120 -12 291 -303 -272 -553 -112 174 272 91 -153 180 52 -491 -314 387 82 -351 209 271 -111 168 -957 249 300 -287 72 -86 -26 -108 -341 483 -79 26 -258 -265 105 134 224 282 -53 -113 191 -163 223 95
295 171 -269 -221 187 488 -338 5 72 -390 122 -23 -536 415 -220 -328 107 142 188 -98 -2 -187 -335 276 -26 -46 -511 -45 -215 -44 -56 -114 240 114 288 -339 -166 -10 -104 -20 -302 -183 -420 -227 177 -54 385 -152 30 -310 665 -45 212 105 -149 -340 39 -142 -39 166 20 96 38 -375
357 301 -290 129 -169 -191 -1 447 270 154 -294 653 223 -601 102 -125 104 102 -235 467 51 240 345 -188 -233 287 356 -352 514 -60 177 144 -248 -221 -533 -294 -379 10 350 -6 86 199 174 -98 -374 -110 16 -223 92 -74 159 -205 -236 454 7 141 -281 -96 174 400 -185 -205 -5 -390
-7 -16 185 362 145 189 13 -92 -510 -226 55 -421 62 -102 -261 -120 186 226 -495 -38 233 -66 27 -382 -122 468 -201 -368 38 201 305 -132 56 139 166 -140 438 -175 181 -5 -150 -164 -150 -114 -260 178 -180 -157 125 -27 -364 -239 -50 -147 192 -195 -247 -258 104 123 -428 159 220 -432
-176 365 257 6 128 540 128 -312 349 -222 254 168 227 394 -375 -17 498 249 45 -261 27 -233 -375 147 16 -198 101 -128 455 -7 403 -208 157 471 69 290 -445 181 7 195 222 -577 -113 -171 38 -496 -279 256 45 -278 -64 281 -470 -54 -58 47 128 489 141 -150 322 -219 111 402
275 207 -571 -25 -150 339 215 66 203 -166 162 24 -430 88 181 305 135 257 -443 -95 -36 -84 -22 -147 188 -253 32 18 36 -242 358 -57 -368 205 0 -24 -24 101 -13 -198 -363 77 -388 286 -244 -217 -251 -348 -197 -72 -595 -625 -183 226 -332 -19 366 -338 -112 -190 228 118 158 639
417 -25 -51 -370 -438 -12 -332 160 -202 -149 -397 540 194 -181 38 338 -237 488 -264 -45 -422 -649 258 21 -443 -419 293 -38 366 162 -17 8 -142 25 -15 214 -41 210 235 46 -336 -41 -487 -308 186 126 0 -77 -189 -131 247 122 -351 50 35 422 -449 -200 249 -284 610 -301 7 143
225 183 -118 233 -193 -136 116 386 -58 -227 309 -323 470 -251 164 237 200 58 12 -423 -199 185 169 -265 88 64 448 -107 -133 -236 -255 95 -180 275 -160 392 106 66 -294 84 11 161 -130 -372 70 35 62 257 -240 -609 121 103 -122 43 -268 -539 -433 10 353 -99 208 -152 -14 203
34 -138 -221 -23 302 -402 219 72 -248 -4 -52 -242 -138 -321 -530 38 267 418 -284 549 390 364 -201 -143 -496 48 -100 41 -213 172 87 -292 -11 72 514 24 -240 -80 -7 -34 -471 -84 -177 -66 542 -213 368 297 174 0 167 -115 -139 -191 70 -53 -61 363 -180 188 -133 -407 -365 -125
161 164 -61 158 19 -66 218 304 260 -78 145 -545 49 92 38 -56 334 -23 -35 -61 264 -74 -213 -27 437 -76 157 -71 -70 -143 -311 -28 183 403 113 -209 190 116 357 534 310 -100 -40 296 -129 -35 162 274 57 -740 86 -79 -249 6 286 -289 407 250 239 -208 -64 -98 0 -15
-81 -45 -54 68 -422 124 434 274 -242 267 586 -62 184 588 263 396 -280 60 100 144 202 39 -335 272 96 -301 194 141 137 -73 418 146 -202 -394 -196 -606 -66 33 -309 -139 397 27 393 -47 -45 -563 186 281 -87 -79 208 -188 -200 81 -155 156 -235 386 168 16 -223 -270 -229 -366
343 87 274 445 334 115 -105 191 54 -66 -131 276 378 -70 -111 178 -162 154 444 -106 6 509 -95 36 -241 -179 -352 748 146 -11 -270 -467 61 -37 128 177 259 -10 159 -104 -217 -86 196 155 -3 82 411 -461 -321 -3 179 -55 231 -769 -596 -145 682 0 -573 -92 158 246 120 -60
173 295 -142 -31 -34 -436 -321 -593 21 -76 -86 -8 132 -172 300 -407 -3 -25 217 -126 273 -59 -26 -38 178 218 -154 -360 -251 42 -4 36 -185 203 -45 -418 39 140 36 33 58 -269 392 -83 375 -141 247 61 25 -240 308 107 -23 309 22 565 260 -84 347 15 513 20 -20 24
102 396 74 -27 -126 201 -141 -299 -241 -119 -31 269 -147 306 -419 674 -406 50 -55 -201 173 270 -44 309 16 -272 -20 -135 117 -102 -18 -277 273 -91 -273 673 -361 129 -553 78 48 -64 -349 -219 -206 -300 -242 367 100 340 -253 -110 -444 -304 -74 -107 455 27 -67 117 6 -277 -160 358
333 65 260 420 -113 47 56 -211 114 -292 26 -68 109 -346 -133 482 -34 17 -171 11 97 -121 -63 -42 75 289 -171 206 205 65 276 25 27 -44 -69 -53 -476 153 -82 -376 248 -249 220 -189 245 486 -408 -65 244 71 72 234 -201 -328 -182 341 -195 -392 296 -131 -114 -356 135 145
-140 -305 -484 145 664 103 155 37 89 -59 75 -205 -317 28 25 -300 -141 -89 183 40 -42 -407 69 135 562 114 236 239 -464 -31 -43 -117 219 416 -236 -39 108 -199 -541 -55 -282 -496 230 418 135 106 111 -19 114 -33 -192 327 191 680 -209 -369 343 -26 347 515 -351 -219 -430 -38
-184 -496 25 328 -248 318 178 -16 -270 -120 544 -99 145 -70 -281 176 422 272 411 36 0 135 -56 -125 -408 260 12 -410 -465 453 275 98 -375 -67 -264 -93 -55 -185 -356 189 63 140 290 282 425 237 117 -105 -330 151 -74 511 -129 71 72 -377 -195 -508 70 47 190 -185 -271 -82
105 -277 97 125 210 -91 22 314 -179 -9 513 77 241 76 257 124 -56 -61 -58 168 6 -4 20 70 400 -237 276 -109 -85 -37 -346 -162 -34 -152 332 -210 -42 -154 320 -343 106 306 360 45 442 -243 -141 -138 65 -541 242 315 -73 322 146 -250 -176 -129 84 240 172 -158 28 -156
405 -98 -17 -72 -307 -20 210 -43 -422 -53 -182 13 247 -179 -39 11 -365 90 -75 -244 -344 -10 210 125 -301 -87 117 305 385 55 275 -358 130 407 -10 352 347 160 428 -74 -58 390 99 -318 6 762 -606 338 -130 135 211 -345 -398 -222 -25 -430 168 151 76 57 -337 -80 10 198
33 426 159 13 115 413 -288 -92 -89 -171 -244 153 -116 156 -117 -323 306 460 57 133 444 130 298 182 337 79 76 155 -345 -223 348 363 110 -243 307 20 -299 158 228 224 -79 -133 -334 389 54 401 -66 438 -466 41 -208 -154 -339 -164 488 -144 277 -499 624 -4 233 317 -146 108
-69 -174 -393 -25 191 237 58 106 79 -188 -393 -143 -409 211 637 259 -71 4 295 -153 34 -555 -285 -145 162 -196 158 46 475 -275 -516 -623 -38 294 47 168 -12 60 -386 494 123 -336 -502 136 -27 -72 367 -145 -217 185 155 -330 202 501 -85 -155 -186 217 227 -284 291 326 75 -559
202 -416 189 259 245 -669 -186 190 -21 -390 -112 -1 -438 436 207 38 -188 -80 -167 -253 38 282 -48 -105 45 200 -134 -353 242 -348 136 -24 -229 355 255 147 112 121 -251 -143 -420 74 366 -98 60 -136 -120 -87 -374 291 -1 248 77 -206 -81 -406 201 35 -201 -385 -147 -283 34 -269
525 252 -95 -380 -28 -501 271 202 370 -142 206 354 -111 -187 345 37 108 -22 -319 282 -519 255 -71 -48 -136 134 104 412 -47 -46 -90 26 -114 295 350 -492 -329 -260 169 -228 141 351 197 -267 -307 -683 125 -321 10 59 -335 241 -265 -152 -302 12 -170 581 -164 47 -71 226 1 -374
50 112 -327 -266 -167 65 -91 -576 -194 290 161 167 -14 556 -17 -59 -120 -102 200 -533 -303 358 -198 -288 -42 -191 74 -306 383 -335 -21 14 63 -15 -1 -17 334 -32 246 -187 0 -33 256 -150 -177 -39 -5 -538 -219 284 -65 -61 145 138 445 161 -112 14 198 246 -231 171 452 -44
2 -236 -271 2 201 -76 283 232 -93 186 -33 23 274 624 -357 -84 297 -62 -109 426 -15 201 -79 -399 -130 175 49 -204 528 30 -254 332 234 -143 167 202 118 33 -452 -82 -13 -149 -91 179 -127 -434 -160 -137 -41 -314 -79 -224 199 -49 140 70 -328 -10 427 -412 242 25 -386 146
256 -15 78 466 -154 467 420 -339 31 17 331 299 386 -414 352 145 -470 336 -283 197 -150 -52 113 -53 -371 78 -295 139 -320 35 93 515 -496 80 -322 122 -28 196 362 -86 -3 231 -135 103 214 -275 -390 44 224 -385 125 -93 -43 264 35 -218 -3 -59 -71 301 -167 -203 64 163
-34 -315 27 620 144 -425 -243 23 138 -178 554 137 85 321 62 -503 -100 -163 -86 29 177 -198 -195 -19 147 141 153 284 -92 286 85 40 461 -81 -196 375 -11 282 102 -448 71 159 -18 159 305 376 202 -216 31 -182 -117 -121 -13 56 533 63 456 -3 196 -91 9 -183 177 -199
-76 56 111 134 -121 -347 -578 -228 -168 -177 -215 117 -70 -35 -201 417 -70 -601 -198 -340 -358 118 609 -309 -107 -201 -554 293 -243 195 337 -30 -269 -706 168 548 -115 119 -99 -155 393 43 3 32 31 -412 -43 440 203 -143 49 322 85 638 85 62 -276 -427 263 -101 -195 144 -157 180
61 -160 65 -377 112 -131 -9 315 7 -167 252 -11 308 -190 -76 -251 -338 41 -159 -189 34 -271 -20 -134 470 -214 -347 -141 39 -224 -141 -326 -216 86 227 101 246 -20 165 103 -5 -624 -42 236 -206 465 211 388 451 -537 245 63 302 250 -146 -252 -254 43 -238 -244 -156 83 -205 268
-200 350 -261 -51 26 -246 -188 63 -119 -145 -106 46 -214 425 -482 10 -38 -91 -358 158 -427 133 -26 -137 -327 -184 -601 157 35 131 -307 -152 152 59 281 108 86 35 359 -122 -165 3 -9 -62 225 99 -129 552 -145 150 -218 -138 -89 475 27 48 -368 58 -263 -173 113 -120 387 330
47 18 -46 82 120 -65 -298 65 45 -172 -13 -209 154 40 47 185 561 10 150 278 -23 229 321 3 727 -447 -197 -298 294 71 -191 204 -74 673 -129 278 -257 137 -115 -332 -524 -73 251 10 -362 361 108 200 114 649 46 -204 276 -558 73 -96 328 11 -193 35 -334 472 -58 176
-161 112 -21 493 -376 -105 -130 -315 -32 218 -186 -3 116 140 -132 -617 -114 529 -240 -269 52 1 -175 -3 -42 95 113 -277 178 -56 -163 267 -7 -92 -67 135 46 173 -467 289 -21 142 357 350 -351 259 67 264 -404 -253 65 -230 -99 360 570 -48 243 43 240 136 -317 330 -219 -333
306 -86 215 139 -246 -409 449 177 375 -46 318 438 -63 -68 23 -9 -680 -243 71 75 65 -77 -520 31 54 -232 90 65 -138 -31 214 75 -238 401 297 -209 -183 -162 149 173 150 182 -328 -143 -489 214 260 280 -102 85 98 388 -489 190 -86 -89 161 110 -217 133 103 422 63 200
-379 -116 -248 -13 437 -441 -79 -11 -129 355 286 259 -77 -26 134 36 -209 190 -540 274 443 91 224 -7 -265 345 -225 566 -90 16 1 105 -147 -84 310 -366 -174 -226 -27 17 -53 74 244 204 -43 58 -222 338 46 -624 -88 -232 252 -152 -173 -129 -449 -374 136 -204 299 -267 16 -85
-293 36 -165 1 111 -227 631 -150 201 -19 23 44 -183 -11 6 42 -97 -8 -328 -74 -152 11 95 3 451 -345 304 125 0 -484 116 -95 59 -361 -149 -27 352 -108 -488 72 382 -76 -191 82 -360 37 -39 -65 -53 -172 -132 -190 68 17 -124 134 121 451 230 -4 -268 65 -303 168
-80 311 -278 -13 52 -160 356 723 264 -207 -279 -79 -41 -117 -341 131 -125 77 627 -479 -17 14 1 -16 59 -291 -2 -133 -278 -88 -472 -665 50 -123 52 193 348 178 174 -2 344 -212 -104 -340 90 -137 100 73 522 -235 29 -35 349 -66 -329 -423 9 325 -36 203 -18 -190 313 -564
-135 43 -248 79 240 -41 -82 -103 -170 -29 -106 -53 668 -209 58 34 515 -251 -10 -181 64 258 -191 -58 215 0 14 -202 386 -109 -72 -76 248 298 -47 1 129 50 201 281 -163 -57 -13 -125 -574 -204 -207 61 112 77 70 -233 -374 205 -378 501 74 29 99 -118 184 -34 -214 113
697 -285 -58 340 -125 347 277 3 -44 240 -199 194 358 315 256 -250 173 -17 -270 -35 -366 -45 -31 137 272 -358 -339 -523 214 -175 -143 -11 -1 175 -553 -50 -315 433 136 90 556 -37 229 -374 51 582 127 -192 -249 -402 113 220 32 -207 61 -175 312 -105 -225 -139 99 -315 170 -69
20 -33 579 -43 216 628 108 472 24 203 -150 -284 -248 -6 73 -285 -352 -480 544 27 -549 -2 -40 -352 296 -117 10 -72 11 260 155 -115 403 394 -374 -285 -156 390 -46 -146 -8 -57 -39 -273 -203 -68 353 330 234 93 -668 455 286 -94 -165 47 11 -177 382 -167 63 -308 -65 277
10 -150 -498 -87 -90 187 338 -311 205 -247 294 -111 142 396 -436 37 403 199 554 -127 277 183 12 -259 57 495 319 125 -126 -360 -50 -232 -91 282 313 278 139 -135 112 -442 282 -281 341 -162 571 -67 -29 195 -343 55 -257 173 127 57 316 36 -561 -192 -245 169 -51 -164 -208 -87
107 227 9 -113 10 -310 -117 365 274 572 -187 665 -129 -167 76 125 49 -19 527 -306 -280 54 -24 13 593 427 164 -196 65 -445 -217 191 -240 -157 57 -751 54 80 145 430 -132 -52 -201 -158 -184 -184 -501 -292 203 -87 -125 -111 80 -339 233 -532 260 109 -527 22 102 -305 -16 -388
222 180 -3 -653 -15 -45 -172 -373 -215 -126 -26 168 160 51 -263 51 168 176 245 -594 -369 -100 200 215 -160 532 -476 -83 177 -118 -240 310 -33 54 307 -204 51 -106 -306 273 137 72 21 359 -660 -73 -372 62 313 -217 390 94 200 206 101 -239 -185 -8 -120 144 -580 87 -25 -61
-24 -561 177 7 627 184 54 -278 -227 -240 492 -211 -389 236 223 -25 240 70 -326 539 -567 -87 375 504 -236 -1 -253 381 71 -89 141 -394 -321 69 330 -63 87 -263 451 216 341 428 -60 -91 -520 -113 171 277 70 -29 253 105 -160 -37 69 -281 -705 193 -251 233 169 -33 467 173
-90 415 -278 -646 -91 242 111 -69 179 -199 -303 -142 -188 -262 -41 320 -81 -235 -137 -57 142 199 452 -144 129 -48 -256 0 -565 -100 -22 -70 -189 122 -134 -219 -2 -87 236 116 284 -218 -136 -40 96 415 -615 -247 180 55 -474 -335 -298 -137 -126 156 375 72 0 -117 -181 -41 -94 312
379 -278 -528 -233 -509 229 207 203 195 171 335 45 101 -56 189 -615 190 198 462 -354 48 -48 -388 318 113 191 -470 -280 -133 -122 -543 -202 -43 -99 74 -89 -345 -23 94 -100 38 753 416 -88 -260 34 -36 -66 209 18 153 38 696 -413 389 -610 234 -277 46 473 102 228 315 -5
-191 38 112 98 396 -186 249 -328 538 58 -289 -72 -189 -661 -301 248 -317 173 199 238 59 -243 -270 2 330 215 -264 -353 -14 104 185 -41 -28 -348 434 -26 277 -49 131 51 200 -152 49 -63 -75 282 113 -301 -34 -96 29 -291 248 43 -294 -142 622 519 81 266 357 -354 172 -53
10 -93 -353 8 -442 -156 298 200 -136 350 -155 -232 584 176 169 227 139 -185 -175 85 125 235 -28 473 -339 494 359 83 78 -62 -209 -115 104 573 226 -368 -255 240 7 -263 -245 -304 449 -11 -3 -87 -154 -385 81 332 -88 92 293 211 -203 -82 38 433 318 -28 -482 -16 -217 234
-225 -173 18 -24 -225 387 -272 -785 -441 54 -19 -423 -475 1 369 112 -212 114 -212 -584 78 61 238 189 -7 195 -212 -361 -460 -178 155 217 -217 112 159 223 97 -246 -26 -268 -311 376 170 6 -235 -137 -9 230 159 -1 214 -168 468 148 -593 -149 -87 440 -10 0 251 299 -526 153
-334 -26 -84 231 756 -405 127 324 -46 -163 451 -90 -99 20 -126 163 -295 -184 -103 190 171 367 -78 94 324 16 213 -285 217 61 -118 -293 -4 137 65 -23 273 277 -214 -46 -100 37 -15 175 -266 75 755 -492 -36 -303 47 245 81 372 145 335 34 -247 92 41 53 217 -184 30
-193 223 -171 86 -304 -5 92 277 112 170 -49 -11 -117 68 138 143 118 332 -59 438 63 -189 84 -14 -7 240 -153 -250 52 -167 33 202 -350 240 124 62 -366 -273 -193 -121 20 331 135 -108 -153 352 105 263 -211 65 -181 -38 -159 -35 -49 -350 -297 110 34 -207 -135 118 336 213
-51 23 -258 106 110 -51 -123 13 151 107 368 -53 35 216 -40 202 143 159 -166 411 -372 -40 241 -294 303 -236 -380 329 -129 -237 361 -334 -134 37 -163 -116 409 485 331 -173 -8 10 15 28 44 59 257 297 530 -397 148 -391 -240 396 -40 -131 -41 150 191 -276 73 -215 -114 -183
387 -92 -331 57 179 332 -55 -91 238 -300 222 89 136 149 -231 52 -289 274 -149 316 74 -257 -264 -230 -131 106 -524 -253 -86 384 -66 -39 -423 -23 -279 199 555 150 -281 165 -221 -81 35 319 26 153 17 158 -26 314 -367 -194 -284 -177 -250 126 -166 -9 -136 -193 25 -334 -278 -425
-179 -19 296 -214 405 -32 111 43 146 468 363 -250 -107 110 -272 100 -19 -255 88 249 -241 410 60 -32 100 -663 198 67 -116 86 103 -271 23 -407 464 -26 -78 -359 -93 -24 70 -399 -94 191 83 38 171 -101 -204 -141 182 228 1 -252 -45 236 182 -261 59 -39 -102 -680 -256 355
-18 35 -24 103 160 145 302 117 436 386 4 -310 -296 -254 46 -322 -2 312 158 -52 -15 -284 94 62 -372 52 60 -53 -209 -69 -139 -330 317 382 -56 130 -396 -187 -15 -234 447 156 31 -451 -208 -58 -62 -245 -92 -45 -474 123 -60 -57 -202 -2 -29 -297 142 -306 326 -138 -196 -521
-214 462 172 -106 4 160 -72 223 -132 -279 32 -35 -398 108 -41 336 -196 -36 -292 138 -15 2 -109 -222 85 -57 47 19 123 20 -48 -335 -22 387 146 -138 25 254 4 65 -182 282 191 -176 -157 -224 354 -374 -330 -291 -464 -527 -403 -46 674 -223 118 146 -147 -96 -47 50 92 -457
287 571 -66 107 93 -127 218 171 373 47 769 18 -55 7 -22 31 16 -58 -268 43 -123 -72 -319 32 114 -178 42 -86 -42 -172 -169 -329 56 -371 -8 209 -199 332 -135 -73 -22 85 76 240 -119 498 -79 -518 58 38 842 -128 239 108 -310 -93 -260 208 -676 -255 -175 -352 -29 -128
334 -299 109 -124 -240 49 -33 418 -319 116 201 270 359 -87 -196 202 -145 -431 459 -132 354 -124 244 -105 321 251 656 124 -417 -507 184 84 -99 413 -451 -76 -72 -125 27 156 114 207 -12 -264 149 216 -98 -346 161 81 2 219 461 -254 822 -42 454 -85 -58 -20 -442 113 -180 136
117 155 -285 -107 -104 234 5 -247 0 -283 307 -234 -83 -167 266 -216 -5 268 354 73 90 127 -62 -35 134 -323 123 768 -38 -185 9 -30 210 -257 -170 12 44 53 -491 250 484 109 -340 -37 -347 -93 49 354 -272 -69 706 153 335 250 -30 -113 -281 -109 -70 -27 278 -763 -295 -8
67 -103 -215 263 103 42 -127 211 -800 70 207 194 -183 -353 -129 21 -226 156 -41 68 -361 -113 -323 384 156 -118 -66 478 173 -99 -266 -620 116 -107 514 163 -80 -13 -27 -228 -69 300 -131 -385 -357 -13 -10 -60 -326 45 -50 222 106 -303 -324 406 15 -45 -149 -112 4 340 405 -82
599 -157 236 -57 228 37 62 96 519 161 91 115 -78 284 124 -77 -373 -235 174 -91 100 -97 -436 -41 -413 157 616 80 322 84 -332 141 -195 -410 72 48 -282 -6 -374 590 25 -150 -12 194 182 -288 99 -55 382 -30 -102 -127 -232 -367 -319 125 -117 -451 -328 47 427 380 -335 -102
-176 -73 143 -56 26 -348 -140 241 106 399 -118 -90 177 -344 -357 -320 305 -219 62 303 -426 82 36 227 354 -528 107 -429 733 -172 -310 -441 -2 -328 169 -29 76 -246 173 105 196 -476 -66 -167 208 -282 -6 -175 190 23 -463 374 540 130 235 -203 39 416 431 -26 -6 -142 -85 110
-80 136 123 162 304 311 -22 34 13 -331 -160 264 215 -286 233 630 334 -130 163 -536 -393 -546 -312 -13 -160 232 -453 32 51 56 -36 120 -287 60 68 31 -8 -105 61 113 37 45 -225 21 56 -66 332 -422 156 -83 28 191 117 25 368 -358 -500 -194 30 188 -170 -13 36 -307
-3 44 260 92 -56 175 258 18 -136 -66 -55 252 81 -10 387 -479 -219 189 236 -227 -139 143 209 -60 367 -139 31 -160 -64 10 127 184 -131 71 595 443 -34 240 455 528 300 16 85 -70 -231 18 438 -1 -117 228 -399 307 -347 54 154 -123 109 91 536 -71 -415 -69 256 179
44 -45 199 221 -257 161 -195 78 -84 101 224 -33 792 -362 85 294 -32 -177 29 -7 -442 596 423 -451 -497 -304 -1 108 8 389 -45 57 186 29 -362 81 224 -295 142 384 -217 -152 -305 174 -8 -7 227 256 -36 65 195 41 -63 -384 -749 169 33 151 28 -420 392 544 -276 -73
-586 -211 104 157 -132 -187 118 -109 -303 -28 -298 341 -382 -60 -325 -273 178 100 318 -91 323 25 -148 -331 209 118 308 -19 57 5 -57 204 66 3 -244 156 -84 -136 91 427 364 -144 -185 144 -111 -26 -594 -54 139 -137 -97 67 -37 99 -36 -3 -138 234 196 26 207 0 -58 328
-18 273 202 86 162 -80 93 82 -34 77 -425 46 -80 -257 -191 -439 -40 220 -254 -296 337 -415 46 175 15 -154 268 -577 -14 -29 21 -196 -321 -381 33 23 -132 -200 -257 -18 -393 -225 -231 180 306 470 339 -44 -32 -390 -463 101 447 441 -340 48 -218 36 -84 34 -153 -231 216 -153
-101 -50 -321 -112 -172 -144 11 -488 117 -127 136 70 273 -48 -274 239 283 -92 -154 187 -74 235 305 36 253 262 200 -387 -30 -67 -122 -321 -227 226 94 -88 -27 214 -207 -214 336 -93 510 405 -538 -653 -318 51 -78 -306 -403 217 83 0 -9 -125 494 -67 211 -164 -212 -51 -66 18
255 66 236 377 -481 -200 -358 -372 -294 24 74 227 28 -7 71 248 -366 -358 -49 -137 154 -362 -248 264 372 59 334 195 151 -316 -232 -195 -205 -352 -396 -42 194 -73 -87 -112 36 -76 -537 615 86 92 80 108 46 103 650 -97 -38 -213 -198 311 194 81 -42 31 -136 -15 127 -156
58 -323 -275 92 -65 200 -121 334 175 115 -626 162 -151 -36 -286 -69 85 231 -560 -99 -311 -375 -70 224 -258 -118 -47 -534 -143 -345 -93 301 51 431 -275 148 77 -152 354 83 -385 -156 50 280 251 -17 -267 -447 -152 -100 200 33 342 310 110 198 308 -125 773 154 58 134 -38 -66
-134 69 -227 -229 -50 23 -227 -478 -19 -199 122 8 -180 -118 -300 139 -333 94 -21 -185 -191 64 -543 428 -183 -136 91 -61 510 50 -374 -129 221 -334 -167 435 56 -414 -149 88 458 -221 4 -63 -251 -318 -358 -599 -202 -48 -6 -316 113 370 -160 17 175 474 404 24 -170 170 136 -269
-135 -506 -23 -141 40 95 116 290 105 19 377 -13 -85 -57 -132 -267 252 -25 445 289 400 -271 426 -378 -487 90 -190 33 237 -27 91 15 239 -338 -48 139 305 29 -4 20 80 -132 -243 -128 91 -177 181 310 -149 -26 -103 -19 -28 142 167 30 -314 72 -85 -231 97 -13 347 61
-130 359 258 -119 -48 58 84 336 90 428 -117 24 230 -156 143 449 175 -47 -105 -369 -13 574 46 193 303 72 -105 111 322 -78 180 123 -44 -270 261 237 48 -97 -379 316 -403 -225 441 -144 -16 -299 -169 197 66 563 -196 0 -30 -233 83 -36 -312 226 -168 -57 -208 -287 -272 118
-192 89 67 211 -329 81 -219 200 157 168 46 -583 -358 195 -154 270 -317 216 107 138 36 -254 -97 152 -228 321 274 350 193 -348 55 196 -146 -238 -344 -270 78 32 377 5 -39 138 -229 274 235 -267 61 -61 51 280 -195 -271 248 -697 6 7 -45 107 -222 121 -127 -156 -230 -177
65 630 329 349 -533 269 -168 179 -379 179 -188 -290 205 498 72 157 432 -450 -24 -393 -123 -72 489 45 69 -121 -14 156 -39 -78 0 -302 -472 -337 37 -167 -93 -147 -149 -74 -473 -38 -192 -183 275 159 -434 -218 -236 236 -101 181 -10 -166 -81 -479 18 74 -71 154 171 186 341 -223
-46 -70 137 -318 -166 -228 25 -13 -156 -762 -176 -564 -110 -173 42 -35 -198 103 -470 -187 -514 -222 -12 -344 15 -452 -215 -258 487 -328 -125 194 293 -350 155 -135 -156 271 -10 -70 403 67 324 303 153 169 -246 -16 101 313 -408 -234 526 46 -17 -7 124 209 229 -195 368 306 -170 125
111 635 320 -221 -295 -648 173 -210 0 -74 -438 71 -119 -261 79 -141 -135 23 14 47 275 -207 4 -270 13 228 -36 138 669 232 -171 37 -106 -78 69 1 -10 320 -149 4 -99 282 483 -166 371 51 27 105 56 -244 -18 -56 -50 -99 -38 52 -125 342 264 -100 70 -12 71 -56
104 -431 -289 -114 -416 -19 -253 -128 -4 169 133 18 -26 -31 129 447 -240 -52 -368 528 -311 267 -419 -212 9 -366 422 -24 569 78 -441 -433 71 240 -223 -293 -165 -210 292 361 71 -430 -108 169 -8 -9 -207 44 378 -56 -143 -225 -315 290 218 169 49 320 372 -380 -135 -143 117 118
-215 -615 -382 -564 -181 -175 124 248 4 7 544 97 26 318 21 6 -101 53 -124 -29 -237 283 -62 -16 -340 -67 379 149 -173 -104 -87 -135 -64 317 -157 -223 -292 -148 602 342 181 259 -163 -121 319 -10 -89 329 -339 279 98 -176 -18 121 -118 208 -190 91 -338 -137 14 -130 -363 298
190 -165 121 -264 455 -191 452 263 13 -505 -284 -83 -89 -94 -486 527 43 10 -346 135 -209 -162 -4 393 405 -385 17 96 230 4 -27 243 293 301 -214 -129 -128 19 138 172 101 49 -10 149 104 239 413 -103 -138 94 -106 313 -450 5 24 -239 -519 -162 -107 182 156 -67 107 -284
-166 -39 473 -373 116 137 -469 10 145 -97 40 -190 -588 -772 -107 94 -96 94 196 289 43 509 265 204 -392 -57 -184 317 -134 94 -73 27 -92 18 250 169 -456 -277 140 -106 412 -52 -261 88 -136 -188 -107 218 72 216 -263 249 -16 -157 -356 303 35 114 -322 9 -246 106 -44 -659
-423 -8 11 -102 -183 -20 -260 11 265 -106 -159 60 520 -336 359 187 315 349 -20 136 -22 -468 -139 159 211 -137 -317 190 288 41 55 -24 -197 -67 101 -262 380 -40 -645 214 -315 -244 -168 -52 22 -395 -4 24 -415 -167 284 45 361 170 200 -527 220 -99 -42 3 12 225 23 508
53 12 462 -135 -303 594 -94 -9 440 -5 -277 -403 -36 345 -39 -300 -182 -57 90 -29 -237 43 -165 -144 26 -21 -129 -316 -314 -61 -12 88 -202 21 -247 -229 193 126 -92 236 302 -284 157 355 -64 -193 -239 240 139 245 -242 -127 -103 151 2 -226 12 -45 71 -248 355 -155 -57 494
-228 4 333 351 140 -268 -555 337 -231 -358 523 -517 -2 -415 113 12 233 -11 7 -142 -41 202 -599 -228 -161 380 -188 4 74 463 -311 -377 -135 521 117 13 48 -208 -276 175 362 113 -19 -279 -111 428 -748 430 -37 -94 35 -56 -640 -154 185 308 -265 -62 -355 -20 250 -53 -126 -428
55 -172 -55 -230 -319 -45 -168 306 -407 -202 -159 -424 111 -658 -159 86 274 -380 -75 -79 327 371 -232 -224 -165 -656 62 146 282 -191 536 -344 -332 296 -243 0 46 48 101 -170 -34 -727 107 -710 68 58 358 398 215 231 82 -153 -262 -157 433 68 -102 -76 56 -56 176 -362 -208 -509
113 171 183 -76 284 -209 -147 306 -672 406 362 196 42 208 -416 76 341 212 -124 41 -149 -178 -293 184 -240 -319 250 -249 -235 39 -343 270 -19 436 -70 -79 -449 107 328 -135 263 39 -219 119 69 -193 437 66 69 7 167 183 -69 298 -48 167 191 399 -322 -161 161 74 -212 -53
-180 -398 445 -300 -95 -93 124 -426 -104 124 -17 -60 46 262 -101 -275 -115 -129 -125 -98 -467 -282 91 -57 -457 251 -359 210 99 -303 -308 -39 468 208 -274 214 -537 62 -8 203 284 639 -726 -271 271 245 211 -645 401 -51 519 -16 136 247 -91 -574 146 -10 213 -33 55 92 -87 -346
-331 197 -16 -317 430 291 -390 208 -306 -396 -154 -155 -274 -30 3 -255 -30 -139 -435 0 -255 92 -179 -136 -194 -338 -136 -554 104 -419 -89 297 74 -37 -392 73 3 -557 257 223 285 -23 377 129 -184 -91 -27 -117 432 -89 -89 0 409 207 41 -92 -63 -147 212 -125 -184 -15 -86 -400
-156 132 -315 163 61 390 149 -174 -136 -52 -190 106 1 -267 -309 -83 -223 450 -248 392 72 316 120 298 -327 -403 111 -282 165 114 -37 199 -174 246 -219 311 74 -665 -394 20 406 -188 186 237 181 -321 301 -491 180 -279 -72 176 320 47 109 4 -404 -100 224 -102 120 -384 94 -232
186 -199 146 -178 478 13 699 255 -351 135 -408 130 -2 -489 148 -338 -234 -149 -37 233 -31 161 -111 267 -88 274 240 -162 -457 -213 118 -351 -38 117 -192 -205 -46 -71 345 233 160 -30 133 -206 -369 -134 -120 -110 -16 69 -317 507 150 181 34 -111 213 -393 563 -330 422 111 -177 -469
-30 4 -27 -451 146 -213 78 -139 139 241 59 117 154 -134 169 -131 94 664 -473 351 -76 -440 83 -253 500 135 164 53 -80 2 -214 162 556 -335 142 -205 0 184 305 58 -1 -606 -61 -146 213 49 174 -29 25 161 -471 -63 220 163 167 141 -81 -195 151 202 193 199 -267 -169
384 -2 193 229 -249 -58 255 -85 -207 -90 601 175 78 -112 673 61 -238 -35 -223 181 -80 -23 165 -116 440 63 -152 -146 -330 90 -70 44 197 -80 -153 -19 167 -390 -222 -55 293 154 -189 -11 -354 152 -307 -120 281 124 100 132 545 455 461 138 422 -307 -291 -346 269 -93 -17 -438
-40 -431 -425 -341 -55 347 -198 -152 -387 157 -262 112 -75 353 232 446 -205 201 0 113 351 -84 432 -207 436 92 -29 165 653 -232 -45 -562 -511 110 -192 -258 -192 -66 -316 -17 56 105 139 -91 50 -179 -173 -119 260 -241 -374 259 -137 609 -198 -63 -444 -12 97 188 198 -39 319 57
157 33 24 -36 157 213 198 45 43 -83 140 -395 -386 -87 282 211 -58 -110 -17 204 365 111 -369 41 82 36 34 -108 -277 461 -349 403 -3 81 216 298 -183 100 -82 -441 -303 -68 302 -249 39 -131 148 -45 -98 119 -78 165 -508 -443 10 -321 306 -71 -282 -255 351 134 303 -220
-65 -122 -485 52 7 -490 -253 45 127 -93 -11 427 -25 267 -222 -297 46 165 51 403 367 124 25 54 -17 -57 90 198 -94 -390 -386 71 -93 31 -229 -147 -14 33 112 618 -248 -132 -132 337 26 319 -20 158 329 -208 125 -283 23 -46 -120 89 84 49 229 496 -235 185 221 -131
44 -210 27 -35 -329 149 477 -430 -251 353 -318 -412 -189 569 -106 -447 -57 -204 165 45 -420 -2 -370 -71 323 -60 -431 207 -416 195 36 -253 229 381 -192 -29 -61 468 248 -547 -291 -192 -316 -251 201 189 -230 -30 -388 261 126 -153 -218 -254 219 219 81 -62 64 -122 -380 372 340 307
-321 120 189 -96 -121 248 -235 169 -34 -400 -447 -287 204 -22 -55 94 -553 403 8 -157 189 185 -212 167 -77 -354 21 -228 -401 -161 -30 72 53 19 274 289 159 301 -367 -125 31 100 53 -383 138 -299 311 178 324 25 26 410 84 -238 -327 402 185 -702 580 -103 455 486 -82 -52
38 -373 -384 -221 54 341 417 417 -112 -349 -371 264 208 -412 187 -97 147 -266 -442 -14 313 409 107 -146 -67 146 -67 -197 -32 302 120 373 12 104 -135 332 -433 -96 89 -414 -49 18 623 248 -238 733 -458 139 627 4 -357 151 202 -53 279 233 26 237 228 137 -176 -304 -126 301
270 130 132 348 -54 114 374 -98 186 305 54 -259 -144 33 70 189 15 -119 652 281 176 172 -126 -460 -52 0 -1 271 -374 110 -159 317 43 508 28 309 -117 236 339 -244 -173 85 -193 -99 -160 -334 -9 36 -202 -25 -371 -242 -222 -78 -154 57 -265 197 -122 469 -27 116 25 -117
-219 -198 181 4 -26 -60 -64 -246 126 546 251 -463 10 132 -8 332 -51 -213 443 48 -45 -277 248 366 -62 -159 -101 -347 338 0 0 392 -197 -102 -29 258 387 234 186 141 -717 -101 -182 333 -141 530 -93 -229 369 44 72 279 -51 -174 205 -87 -120 -177 -11 -158 222 -37 83 -348
206 169 199 385 97 166 90 -123 -34 -34 257 -218 -459 251 205 -119 -362 -286 227 19 313 -170 -87 -129 83 292 191 458 -18 319 18 -473 503 -61 -40 134 -489 239 216 30 128 -50 195 232 50 351 -253 -253 -634 197 -22 -219 163 -63 59 222 172 416 192 -201 -206 -351 -103 263
-388 -123 157 210 32 147 539 228 -201 -357 83 203 -106 182 -10 -436 149 -257 185 242 129 421 131 83 132 41 490 175 683 -322 16 -156 180 -38 82 -87 88 -119 74 119 31 143 173 -103 171 126 312 26 178 -171 -330 49 49 -172 -511 615 158 96 397 -375 93 -3 306 -106
-433 210 -454 -271 186 296 72 -100 -508 -113 -240 -82 -236 -135 425 -646 -580 133 -97 -274 -332 46 68 197 337 -109 23 -25 -13 -61 -316 56 63 23 239 170 -460 -250 257 -112 67 -75 317 39 23 -382 -420 -100 240 -198 366 -152 106 -127 116 357 245 427 -185 -290 -315 -58 -329 -238
-194 824 56 -16 -161 -274 0 -260 -403 -418 436 -169 -424 -85 173 -2 -289 -23 -150 263 374 62 -475 -53 23 -139 -128 98 150 296 -191 -62 -33 68 134 28 -136 215 268 413 238 -581 -188 12 47 -334 -180 -45 128 -160 -7 -183 124 -21 454 -113 -277 -131 -114 483 342 77 -28 -566
-196 3 -142 475 234 60 219 -300 415 582 -46 143 -51 -139 147 298 431 481 -305 -88 -23 7 -571 -3 455 -453 -42 -75 102 -71 -196 150 -6 319 152 206 313 -426 190 45 -263 -78 -213 -140 -58 -100 448 -116 -51 -203 193 140 -154 -275 -59 -187 154 -488 -118 464 146 -289 -54 234
263 -239 247 -114 -336 247 -33 -36 -71 49 71 -277 -158 -232 415 -210 168 341 -189 9 -245 -27 -134 215 -158 -34 475 -255 338 -3 142 -32 124 142 -116 -155 -273 -128 -124 -23 -246 0 -19 23 314 -4 -120 56 370 110 273 -415 -303 -283 304 -343 192 54 81 320 246 545 -195 459
-89 -98 72 -279 63 -77 114 244 372 -165 -95 260 307 276 -100 -26 -607 -90 -274 142 -437 -175 15 10 111 -242 332 296 127 58 -156 -466 -11 626 238 -39 11 361 289 -226 -118 215 -34 193 254 -399 -86 66 154 45 186 268 -92 172 -122 -59 104 72 198 105 -33 277 -209 370
277 -60 -424 286 274 -98 -50 -358 -16 -29 -98 -226 -212 371 -422 -656 -288 88 250 -202 498 91 28 -71 118 154 -136 13 -452 -13 510 401 367 -151 -309 -172 -196 61 -221 -418 457 96 402 -370 215 -307 -88 -196 -162 423 -159 125 216 -251 -370 162 -142 -129 28 -130 -305 190 21 13
293 199 138 312 531 -636 -108 258 -192 20 143 -105 33 -134 -97 16 66 -266 -124 9 -107 3 -255 -209 56 -138 -395 -111 108 -61 -416 84 -604 64 -58 84 242 0 101 -97 -184 246 -246 -113 332 12 337 -3 -552 -72 273 -124 270 -130 -149 467 -321 624 -330 -321 -274 91 581 416
237 107 179 70 15 -69 -5 -276 74 -203 -141 15 53 419 244 -29 104 80 -11 -370 -371 -268 -275 -251 257 556 -43 -101 -207 -79 445 118 -100 -142 -336 -12 -84 163 28 414 408 197 33 -338 -120 -76 -112 231 196 236 431 369 -643 104 16 -85 447 95 -69 -410 179 117 606 127
-92 -445 -297 -3 -19 323 60 -271 -371 50 -95 -175 461 126 191 559 21 -172 261 -145 215 -505 178 8 443 274 -273 -55 453 -60 636 61 445 109 -176 286 579 -29 119 332 742 387 -293 -318 -150 148 544 -12 102 201 -157 -323 -60 -402 -13 -131 61 -226 74 64 346 46 -245 -46
782 388 -259 -44 104 44 90 -68 -206 11 -20 274 -282 -154 885 -124 -176 275 36 -118 45 212 -201 -226 229 -87 112 -209 197 90 605 -355 -97 170 -217 207 -22 -196 104 -66 -18 -76 37 -6 412 -225 6 -80 -385 -128 260 -4 92 204 310 -166 90 63 -71 149 589 326 265 199
282 -27 50 49 -101 296 359 543 -469 -309 -339 107 282 232 377 -212 260 -178 -379 -189 -158 137 -72 -36 -202 -157 -16 30 86 -358 149 46 -350 168 -576 -181 -76 -198 -183 703 -114 -138 129 7 202 211 -31 213 -141 -159 30 -150 91 155 -432 77 -239 176 -130 354 72 110 32 -230
60 -308 -440 151 -250 67 129 135 -215 100 -298 383 -589 310 -62 -308 -74 15 -176 161 54 -119 23 -176 662 580 420 181 -423 -410 263 -37 181 198 -140 -49 564 -95 346 -46 35 -28 258 -177 71 -526 -146 -78 -80 -227 -594 122 10 20 212 -426 -544 331 -250 36 -182 -293 -293 -205
392 555 196 399 44 -345 458 183 -49 -115 72 -322 92 89 126 -226 -329 160 135 -368 -72 -136 -137 53 250 583 310 144 9 -276 28 -55 454 251 -19 170 -258 -390 41 219 -433 312 -30 231 -58 462 3 -205 113 31 -135 -216 294 -28 260 46 18 -18 155 166 -9 165 388 -344
79 -178 -227 -466 99 -74 -18 126 134 31 585 -96 -104 66 -289 -207 -19 211 -68 -135 -153 146 36 -5 -388 -490 252 -60 340 37 -55 173 -186 -65 116 -22 -314 -294 249 -41 -691 261 -415 111 345 -330 82 -168 420 42 -3 -469 -239 -240 -236 166 26 314 -56 -61 -307 -136 44 176
60 117 -154 -206 -145 -469 -117 -113 353 -183 -338 434 -246 189 152 -512 385 -9 126 -94 -99 313 83 230 560 325 561 55 -400 -565 17 -398 -256 -350 43 -233 280 -50 -224 -134 105 37 -190 59 301 36 -367 -92 -228 -588 6 -128 -372 455 -340 -483 -57 186 193 376 -12 -140 -309 280
46 24 153 -403 -609 57 106 -529 17 -224 -57 73 -32 -135 -163 -230 176 -73 528 648 -31 94 357 -73 -132 37 19 257 368 -141 -11 -244 -445 141 371 314 8 206 40 -369 205 -118 -398 -62 216 -80 -243 -86 38 92 428 -175 418 96 -285 -33 149 693 50 514 -80 -383 -123 -140
221 -113 -88 -2 37 252 385 262 -434 -313 -13 160 -540 23 514 35 68 134 -131 -32 -508 -163 46 -344 459 -178 -113 -72 -174 -156 -10 -282 171 -98 -33 -120 368 7 111 231 -326 -206 55 283 273 -281 -53 264 5 50 -7 251 -250 -117 183 -560 -13 10 318 149 364 246 74 58
48 -170 -93 -119 -32 -135 -72 146 -253 -410 137 -16 -153 -101 -125 226 -235 -920 -283 -72 20 513 137 -178 -162 173 -442 26 -287 -215 -52 -316 -168 27 205 67 -288 -197 -68 -210 -189 87 172 275 -295 -102 -60 -653 -111 -188 176 445 -229 281 398 184 75 -134 -317 48 -131 -27 74 -45
-113 -412 -226 543 151 -40 -386 -26 126 333 -135 135 -16 -541 -425 48 18 415 -40 232 11 -37 -323 314 -569 205 -386 -77 -136 0 245 261 -454 80 -133 -180 -399 -248 -207 -76 26 125 -124 -109 -30 0 -181 -296 322 -232 117 -229 -191 290 -63 12 253 440 291 103 184 -2 -456 71
79 -106 -131 598 -230 -11 161 -312 -89 126 -215 -279 290 139 -511 -131 401 -380 299 43 -38 -439 53 -72 174 46 -82 314 -63 126 328 -55 -400 272 -114 160 -115 -178 -102 -190 -259 58 -133 454 -251 426 -323 41 146 210 -183 -188 -141 -109 -344 59 -302 -50 -175 31 -130 265 0 -242
13 240 364 180 -12 0 -21 92 294 -317 154 -478 -75 -139 -339 3 20 303 5 142 -174 -98 -4 -78 -295 75 -289 -393 283 -439 41 893 211 -162 -154 63 22 90 176 7 -17 -161 -44 -211 49 -55 270 -193 -391 90 87 340 192 -306 98 28 238 318 268 -182 102 -305 -419 160
-82 571 -256 665 185 470 273 161 -459 51 -161 -529 -82 -178 -21 -192 100 -388 -75 91 -246 -79 -773 -321 78 -3 -3 -9 -280 142 -170 99 501 -148 218 -84 -199 140 -55 127 464 -21 -53 123 52 65 -309 -251 -205 292 202 315 -401 180 72 565 270 -8 -32 91 -350 -365 -66 167
107 75 -39 240 -34 -209 -317 -121 -298 -215 -359 265 -222 -136 142 -375 -277 481 -220 130 499 159 107 570 -210 -460 -164 -192 -2 -159 234 162 -335 210 -28 -629 178 -423 372 -8 -60 206 26 267 146 -91 420 -592 -162 -258 -82 40 1 331 29 208 -178 -189 60 -3 291 -126 172 29
339 -12 19 284 -344 144 -81 -169 240 -89 133 435 305 647 -251 -448 83 304 71 -643 63 -6 220 -361 255 -373 -312 -664 451 -610 221 -45 -84 336 131 149 613 340 705 -290 -458 20 64 63 169 65 -45 139 -42 164 314 -588 -74 164 -257 430 254 121 -292 -190 -65 241 202 418
-33 -263 2 -341 301 -243 172 257 -211 -268 -488 12 62 23 44 -75 -472 -168 -351 -75 -151 -255 -267 -210 -334 115 296 -134 106 251 456 -259 146 -153 128 -15 195 -338 -111 155 -12 -96 -384 16 160 213 80 10 -501 385 -506 -149 175 156 -333 65 233 113 328 26 310 -142 -127 161
94 285 397 -594 150 -428 -353 -294 -116 -75 -280 319 37 -356 -213 -68 385 -206 -278 612 -103 -122 -40 -168 73 0 -27 38 92 -637 -384 106 209 -383 320 -236 -248 -172 -246 23 457 -81 -399 199 -18 185 -217 110 -183 -129 -183 49 -466 -394 -117 -117 53 -525 388 211 -101 319 348 -537
86 345 -29 -28 -165 120 24 -54 357 -120 -220 480 -34 -92 126 55 -341 301 42 -11 75 -218 -69 110 153 -162 29 -26 229 88 82 171 94 -331 534 -80 -25 -10 -362 -151 114 -38 -43 99 -219 -147 439 -179 -71 -262 336 70 182 -69 -14 -16 -198 -449 338 228 333 -349 9 84
157 344 -5 425 -492 131 -262 163 407 -164 363 16 476 173 -112 35 -179 187 -186 -96 -720 -220 -213 312 215 89 60 234 1 402 102 -125 216 5 272 357 -411 5 215 -404 -79 -200 211 -250 -33 -298 322 100 -46 -393 17 179 7 51 64 -464 -302 -253 156 51 -173 -347 188 -51
-688 -328 499 41 -359 360 16 280 -226 478 -27 -78 -181 -100 -181 488 -143 255 183 -99 -248 -17 290 167 314 286 -230 -4 393 -511 -8 57 242 108 -300 -52 244 406 202 -141 -171 -178 -357 -143 83 360 -20 64 125 83 378 268 -128 -661 -357 100 33 155 -163 274 250 242 -232 -268
-34 -245 -57 -356 430 -223 -110 -326 110 302 640 -296 636 332 -46 -116 14 125 489 -105 182 30 180 35 305 -44 237 -204 -164 297 -269 193 -36 -350 753 -369 -22 -121 -212 230 -50 -173 286 59 -263 -51 -568 51 12 342 121 -182 -255 154 -467 61 59 646 -362 -95 415 52 166 104
-57 -193 -23 278 -68 -145 -203 -427 -220 81 -247 11 -131 -284 43 753 -601 -339 -127 -45 -4 653 452 -25 85 546 -125 29 -62 -332 -459 -175 208 81 488 207 199 -22 -66 17 93 -96 53 -87 35 -201 132 348 -165 206 -84 69 152 126 120 -208 103 -216 -319 -199 -76 194 -666 59
15 337 -151 284 268 -74 56 -219 2 -239 498 -544 75 319 -440 208 -270 -271 157 157 194 334 396 -282 84 135 653 53 -586 -382 -60 -187 553 -301 -338 -191 -146 -648 304 -177 21 -147 246 97 -137 -253 -18 -505 4 -4 96 4 -335 444 216 -99 -86 127 -714 -101 -92 124 -43 -299
-467 -108 122 119 59 25 121 -188 317 -673 -392 -326 395 419 256 253 10 -122 289 171 -83 187 -213 -56 212 -28 -257 -201 73 -303 -687 303 -128 -195 -194 -445 -91 -84 39 -413 -200 238 -110 -377 -326 -229 284 -112 -65 -333 -269 458 136 -27 321 -32 34 -63 -102 -54 300 130 -40 177
