759 -2323 732 -521 -173 -611 363 -959 -2661 479 -2630 4165 -680 -1695 -1895 -2162 211 864 -901 1025 1076 299 -840 -599 -1182 -495 -905 -1389 675 1775 1063 -1989 1179 -1334 1516 308 -78 -985 2011 -1048 577 -409 -2470 614 367 1018 2013 74 -505 209 2255 327 347 2716 1823 1991 -205 1320 420 719 877 -1169
947 -1782 -1325 1319 -1724 -1181 -230 345 216 550 92 703 1254 -1074 106 -257 936 -2036 473 -1526 623 -479 789 -1111 424 -933 -63 -760 811 -445 -1272 516 2171 2507 -669 205 1653 454 1224 1480 2783 453 -447 1105 -3482 282 1135 1490 -1586 -1547 918 447 -353 2601 -1197 104 483 -479 1792 -470 1391 -1009
55 -1229 77 576 461 583 1746 -123 -550 4248 502 2007 33 246 -1496 921 -989 959 281 2716 2322 -267 -464 811 -2210 1524 258 -338 -849 1166 2047 -2111 -538 558 -638 104 -979 -1651 -996 -361 -1088 -765 313 -355 -2024 -1585 2446 2024 -2217 2015 2557 -100 -2063 1447 -629 225 -1264 1113 -628 1005 -1432 -893
-67 -2090 1468 904 2339 115 50 -1422 677 1586 -208 -86 1134 -52 128 -64 1447 516 88 -692 1704 -819 2062 1374 109 -723 1112 -37 -2102 116 -361 -384 1093 2858 -129 3001 961 -862 737 798 -1643 -1647 -1556 691 -2179 1469 847 -200 -736 811 -81 1140 -448 -1578 199 -1766 1856 -1391 -753 -282 597 1394
-1016 779 308 758 -384 -860 1679 -98 478 909 76 575 -1262 -575 348 -1823 109 1136 -426 -639 2357 -1896 804 946 2333 -1259 933 -2735 -2016 -261 560 2319 -1300 -737 -1712 -1905 -419 833 -461 -741 -973 992 429 337 -911 717 427 1013 -1757 1063 56 2576 -255 -92 -692 2356 -1395 -1264 575 451 634 -748
1747 1338 1482 3073 1645 2363 -1147 439 14 -306 -1807 1378 522 498 -361 621 -1403 840 185 -3 1392 1208 1232 1578 900 -1838 -2644 -218 28 1450 -81 -772 316 -1041 1653 2409 2126 -1319 -2579 -501 -1838 1392 -2178 367 -3503 -601 -1164 56 -36 563 272 427 -42 -3256 -2197 -638 205 653 -642 2101 -776 -471
2356 1411 2092 808 319 -289 -1203 -1361 -114 927 993 -603 782 -3265 3760 -3611 2671 255 616 -1348 1386 -1393 855 -957 -8 2307 -878 722 -1421 2180 -261 470 -980 -1753 3186 -1102 967 -512 -1013 -877 -308 -145 897 155 2574 -54 -498 -961 370 -1592 2449 1278 828 -275 -1403 2423 -545 -336 988 200 152 -691
-260 -1062 -621 486 1149 953 834 607 -735 920 -440 1736 1346 2618 1147 -2203 954 -728 95 301 110 -1458 -1202 474 2291 -724 1091 -667 -1122 495 -308 -661 1352 845 -353 1459 1897 -214 -2769 1379 -3357 238 -139 -890 1057 -1797 -704 1500 -55 -409 -123 -1096 1287 1146 1049 -350 441 2004 686 1477 93 -1328
451 -2297 1178 1128 -1374 395 1040 -738 -1762 1132 1921 1250 313 571 -1308 733 -545 761 201 409 229 1012 -1134 -1719 -822 994 1316 -3323 558 1115 637 785 1589 -1659 -589 1349 -164 -592 1350 -178 -250 1006 -53 -570 1667 2649 -1784 -200 159 -2157 1247 -1141 1380 -1063 -880 2528 -2682 -1047 1675 -623 2020 -648
-301 -1431 -1599 -784 1312 -1118 1756 -849 -1832 2052 -961 1989 -52 -645 224 166 -2054 -581 -770 680 1251 -95 584 -952 1273 621 2747 -646 1272 -496 -1346 -553 1443 1526 1542 1014 801 621 416 -1801 -411 244 -875 388 -558 1942 -231 -333 659 -3663 1851 -2143 -209 2308 513 1728 -1040 31 1021 1591 -1226 164
67 -517 -1016 32 -1683 885 3336 -1972 -1031 1707 -1103 840 -1279 395 -771 -254 -794 37 894 -582 -255 242 2361 1434 -2381 794 1233 791 -518 2079 857 1725 -1452 422 -1161 601 -1809 2986 -769 -1189 -202 284 -1393 -76 388 1745 48 -500 -1238 647 815 -477 456 1208 -1051 -26 433 -487 397 -704 -2099 47
-518 -22 23 -312 2396 1024 -404 -522 1415 -1276 280 1415 -183 2643 136 -988 1758 2081 2128 1015 332 331 2470 735 2953 626 288 -796 -3358 928 -2132 2676 16 -2022 1309 -694 -1901 604 -62 -1982 899 540 280 1598 3389 -2514 2500 -2339 -262 -935 499 1816 1028 2246 -2045 1003 -429 79 1819 -176 591 723
865 -1681 -1065 -493 1225 490 1063 987 1877 -1658 732 -995 -321 1653 1295 42 -1114 -266 -236 -369 -2543 -642 146 71 274 -970 -790 1162 119 -331 -678 -1477 -2118 -517 -167 -238 2167 -431 486 803 310 -409 1630 -1959 -280 -1560 -1373 -2990 75 412 406 -1031 -290 1760 -2479 58 -3719 1781 -1000 -59 -365 -466
-137 544 -286 674 258 -941 -605 757 974 -2021 681 -1657 -1021 -67 -1163 -354 -576 1386 -823 1576 1631 2187 112 775 1680 1219 -1317 696 -677 994 1497 320 -805 -795 1272 62 1693 -1618 1362 -1163 -1235 -1082 2651 644 -1237 -313 419 589 -902 107 -1725 -308 -1221 -2287 766 1183 -45 416 -1573 -108 -1602 1870
349 1053 -596 1750 -2897 449 2382 1416 1617 222 1401 -1813 -478 52 1453 1413 -292 286 1038 -67 870 -918 445 -186 1932 638 1020 3598 -525 1511 -929 -3925 -451 877 985 -505 1193 450 -719 -1336 379 458 -1562 426 -1575 258 1790 -966 265 -1646 589 -1548 -599 937 -645 752 -384 1504 -373 1433 878 3273
145 -601 68 2710 -1315 -1007 -2273 425 -986 309 1656 -943 -487 2871 -687 2178 320 -226 2338 -3861 1321 -202 -898 -1216 1182 338 -1210 -358 185 192 24 -2514 -316 1194 -62 763 93 3394 -788 -1164 -1467 1469 237 230 -739 2511 -1544 26 -1007 -360 1205 -530 69 -77 1054 -1149 2135 -631 140 -1047 -447 1699
1326 -421 -73 -921 -1643 -156 -1458 1339 1249 -1235 664 -2407 1787 672 -1042 1267 589 1156 -305 165 287 -462 -777 252 -789 1833 -1920 2510 -97 847 -187 1690 526 -114 73 676 -449 1578 -2053 -1259 -1832 82 -1111 1042 932 957 492 751 923 524 -1211 -1213 -2091 304 -831 -520 -1355 1129 -1226 -661 -742 531
767 -60 1936 335 -2582 2040 -1728 -1978 24 -495 385 -136 868 -44 746 897 -1067 -1493 1875 -2588 -410 2282 30 -422 -1760 -1319 -1933 1471 -259 -1794 2059 -887 -1178 817 -286 277 399 -468 1458 -30 715 1150 1753 1701 397 15 -262 10 -2009 1834 748 -1472 -1793 387 23 -846 -441 1392 -1939 1316 -667 -439
-1186 -2415 84 -603 447 479 -2414 1059 -966 -571 -1980 -213 -1038 3052 -2239 -2543 2868 -2211 871 1261 1220 812 -582 -297 243 -283 1861 -163 2113 -358 826 -1070 1623 -1411 1890 -1 375 1918 -1355 -1419 1396 -621 269 2244 604 -607 1133 928 -2274 -297 580 -2385 -584 -1815 33 1477 -1109 213 2237 -1261 -736 128
-847 307 2021 1519 -1742 -112 -317 -755 -1802 -1351 -2005 40 218 -591 -617 1343 -379 -613 -878 -794 -1093 1336 50 -978 -2927 -2209 -40 -1851 -1938 -185 162 3060 -976 -2221 2238 -772 -194 1480 -1318 -478 28 -936 -358 215 -469 -673 -628 1981 -830 190 954 -869 -1136 -115 -1974 41 -451 -193 719 -465 -1452 672
-1210 395 242 2442 1271 -1363 2059 1620 1003 957 2098 1652 1499 -1254 -760 -1550 217 801 270 -1324 -1260 917 -1315 1883 1598 -1646 1162 -1197 10 136 468 -394 329 77 -225 -854 1159 1289 1125 917 -932 -1805 -357 185 106 1382 642 1629 191 251 -123 -2229 126 -364 1310 315 244 874 1196 -1332 -570 -1895
-580 2513 -386 1601 -380 -741 -712 140 -1196 162 -1199 87 -829 -489 -1210 420 897 -1074 761 -1680 -2643 1823 -404 -309 234 -1115 -486 987 -578 2114 1783 642 -491 -1325 -65 1299 -381 170 194 541 962 1150 381 -1755 1179 -3048 -812 980 -2488 717 -2092 -272 715 643 1518 -72 923 -333 651 -1255 472 -1436
2000 -119 -250 671 1172 -714 -434 2861 -101 -1569 1355 -15 2038 -2854 1355 2163 563 -1289 526 -2552 1642 -282 1326 624 2099 -1118 571 -791 2486 -595 413 -580 -1115 334 932 1175 -377 -1338 -925 47 -102 40 1149 -489 -1970 -1342 1807 668 2736 -1376 18 -1068 2508 -468 958 -2302 1246 -1683 -452 -887 -266 -949
439 853 667 1978 238 -1033 -695 98 813 1385 397 402 522 1209 -1820 353 -6 -1892 -391 -840 -19 48 -1505 1326 -1300 1743 -1080 1322 1829 -970 527 -1722 569 -2841 1578 -1712 -131 -554 2883 792 603 121 1697 -1301 796 -667 -505 -1704 -1039 -1631 -566 401 -776 3235 233 -683 -55 770 531 -2717 978 -2966
555 -765 2792 -339 83 137 -1166 65 1519 687 3019 -1538 -127 574 -1166 -378 1199 -1077 1017 -125 -1040 -1912 94 804 1115 368 20 -213 281 -1276 189 -1733 -331 771 131 -1574 1555 -1391 1985 104 218 -1534 -42 -2084 589 -2296 2564 -1493 -600 2334 1520 -1574 436 8 -3513 42 22 67 -1032 -2088 1836 221
-1498 230 -789 82 -2625 -1953 -2498 -1969 -1284 385 1366 -456 562 2169 1436 -1761 2423 1951 -813 -69 -535 -1305 1173 1083 -879 110 835 444 588 -696 -156 -1724 -409 -227 122 -917 -217 -1031 -1629 -186 900 -1619 2436 -876 947 -865 56 -1018 -1411 -1286 1817 -2303 938 -111 880 -309 -809 -298 146 -1886 729 62
2193 -454 -218 2845 -2234 -403 1690 -463 -803 -3019 188 522 -503 1052 138 -933 1295 -3045 -1740 -76 -1307 1131 -749 264 378 -1675 3282 327 -1197 -235 -222 -732 -442 1083 -1192 -146 -635 -1096 -767 737 3082 620 111 -1318 -76 -1730 2223 1829 -1554 1159 -69 904 1052 200 849 144 993 699 -665 820 -1974 514
602 -1240 -1720 473 -1260 276 -537 2284 -1715 -564 624 1511 951 -1883 -508 230 2389 1074 -1273 92 -239 285 -1985 2693 -2971 44 -1493 -230 -1127 791 -1211 292 -1821 306 -506 265 589 -1787 -926 1266 -37 215 -218 -1224 173 -792 -392 3565 1604 -1468 130 368 1537 -304 -1128 -1168 30 -2103 -814 208 1330 922
1804 -998 -1130 -143 -1278 -2382 -1693 -1912 -548 448 -499 1996 661 -1972 727 954 -315 2547 -3811 -80 -1158 -555 -1287 1164 -707 -805 -563 -1379 1136 388 1309 2107 1236 -767 -455 -231 111 -437 -2695 1138 -1230 -425 -1015 -318 -2350 -190 -2148 1331 -1259 1024 -288 -642 -214 1551 -806 -1173 -603 -600 570 2432 -944 2076
1925 -847 956 334 -706 -1823 89 1692 2553 616 -2365 1568 -507 1000 -582 4290 22 1893 -56 -91 813 -644 -592 339 -1368 -1183 -1863 -279 -1444 341 -350 -1996 711 -1464 -195 -382 908 310 -267 -289 1581 382 266 -1725 724 1173 1078 -294 -912 -224 -772 -276 2024 -1725 -700 -2660 -665 -879 -1023 2309 -188 -344
-1913 -728 1780 -2513 1381 89 -268 1525 3208 231 -2351 -556 -97 -117 -1406 2505 476 323 2459 -2219 -1096 -590 -1570 372 -118 1561 -1396 761 -339 84 -628 -801 3311 -1724 1416 -1896 2416 -729 -1762 -979 -2792 2248 -831 -868 -771 766 815 1527 632 483 -433 -44 11 277 -3001 579 -1445 29 444 720 -1045 -474
1148 -67 -378 -2255 -387 -1284 962 -609 -862 -370 111 1789 2355 1887 -1017 423 -1434 1339 1520 -1490 679 2486 25 574 -768 2172 386 -854 -469 448 -438 -35 1957 -1037 -137 -998 99 737 -1117 1178 402 2319 913 1045 1163 2208 -443 529 928 -2315 1175 -275 144 864 961 418 -419 1314 -2272 -1096 -1134 498
430 -715 579 -885 1440 85 -374 2839 -609 535 -639 809 1735 -1675 -796 -363 -3437 86 249 -93 -1049 897 -694 -1033 2366 -176 -1278 68 -1388 237 89 -1200 -695 -366 -1455 -1394 -153 2128 -159 2116 -981 2314 -2159 449 -2649 -752 -173 -635 1441 -2327 -1163 2125 404 1215 -723 300 2740 -1086 944 -1083 -1313 -637
1023 -255 -1203 66 524 -26 -294 -3528 66 -3083 1591 -2260 626 18 -266 604 -634 2527 245 -1645 2494 588 460 -1708 151 1146 -1986 1802 -745 -749 1589 95 -1243 -48 -782 1386 -68 -2793 -600 952 1781 -308 1951 62 639 1209 -109 1104 -1207 239 -863 1218 -1270 2673 -1579 134 541 -2181 1131 133 -1761 397
-1448 2061 186 307 172 532 108 933 -399 585 573 -282 -26 -2006 1287 2294 848 681 2097 480 -2186 -1386 1131 -2279 2304 -1804 -545 1304 985 -505 245 -1383 -1812 1779 537 69 384 -1129 2301 598 -95 -2060 94 -2403 87 179 -54 1484 -1868 348 82 -844 -1473 2191 1495 -565 2235 -704 400 315 1473 236
-1302 1762 -2941 -2010 -1375 3329 -309 487 -661 229 -600 -995 155 -484 -85 1125 988 -1110 3773 -2369 -670 632 1280 -1103 997 -280 1438 -444 -1342 983 -690 -16 92 848 -614 -15 -1792 -419 -1095 -210 -163 -1960 2150 778 338 232 -3587 -361 -122 -1962 -354 -1281 -336 2567 932 -1531 2500 -1822 1203 615 -2147 -368
1691 -1142 -781 -962 340 1739 -534 894 -319 874 2663 269 -318 -340 443 -680 5 -537 -951 575 -452 950 -47 2597 -484 -1383 1381 -26 2373 -106 -979 -432 402 1402 1692 181 -557 -602 505 -418 663 1862 1592 282 382 -1243 527 1647 495 -1087 -631 2204 1905 270 -412 -1155 -3079 -1404 1212 1392 -529 -2046
-625 1715 1155 -507 144 -445 -1267 1286 1120 491 -61 1311 -2225 -593 -2382 291 -1025 1573 -297 2461 959 33 1148 0 -317 -1165 1091 -233 238 -454 -1087 1100 -2521 922 1790 -1525 228 -107 -440 -3519 -1885 -2402 588 292 795 767 -3991 -1045 -1300 -537 -3266 1602 -1395 3638 -2804 2436 237 46 636 -154 -1723 -1297
-141 -418 -769 43 -3599 1773 -1658 2332 271 812 -1073 -71 1559 617 -419 -2047 869 -1154 550 577 2042 99 -434 -360 -520 1726 608 -511 -785 -1537 -3470 1301 -1159 2928 -153 -1896 -1707 554 -486 -1415 -2605 1944 1804 842 -620 1137 -1983 856 1455 1444 -1222 1366 1853 -1438 -2082 -226 251 -527 612 -352 -4334 -867
-2240 26 683 -1585 -281 762 -1728 -3965 2472 1292 -714 563 -3163 -2869 -645 531 -1235 -7 616 19 281 -1618 1811 -1576 2711 359 -904 -2170 -683 881 -454 326 -1096 -865 1192 227 1241 126 -1358 -1569 -680 2285 -1101 145 -1945 -327 27 -454 552 -682 -836 -520 1562 397 -890 -1580 1121 363 370 -1330 2523 -3188
-640 988 678 1341 1981 -1300 -250 968 973 1991 -62 -249 2296 101 88 592 1278 696 355 321 -174 465 215 -313 -1602 80 575 829 2715 574 -1577 -1127 91 870 1751 -191 -444 2540 -463 -979 51 -1645 -556 11 357 1548 775 -1728 -742 2085 -1578 658 520 -236 1011 905 606 -1911 762 -795 2147 -838
-152 -1245 -766 -792 -2458 1220 -1739 -1968 -542 2421 105 -586 -567 -824 2570 1241 1749 -557 -143 -204 301 -822 707 184 -1876 -1231 -2950 -77 12 277 705 -633 -1379 -259 124 -1559 -397 -291 -993 -1342 1159 466 1224 -1379 -721 1018 -126 2620 -119 1876 233 -1062 153 -750 75 -356 -723 411 -1491 -1860 1144 -431
317 -1314 670 892 941 -1380 -40 -164 -72 -605 1030 -999 -283 -1029 846 468 1018 -2759 391 535 -268 1943 -1128 -1393 1728 -819 -87 424 -1446 537 607 -3649 1222 -1108 -427 -265 3482 2419 -1291 468 674 -394 1310 -1628 -1176 -1559 2525 -278 -941 -114 1685 222 598 765 -32 329 1056 -125 424 132 857 179
1119 -251 450 746 408 1221 -266 -51 -2331 325 -1212 -1406 759 -2871 399 -1544 -643 -828 2026 2407 526 -180 -1562 1129 270 -1027 -1288 -1339 1408 3175 488 689 494 -84 -551 1627 502 -316 -1736 594 -377 388 847 -1076 -453 365 101 1689 -1054 2654 -1162 662 1434 -791 1665 174 -706 694 -1526 572 -711 921
-1043 1024 143 2497 3020 -497 -108 1845 -1456 2690 761 -1233 1646 -837 2175 216 1017 -2010 -1278 -1090 -854 62 -786 248 830 -1712 557 -453 346 -185 1223 -654 2002 -641 -1170 -493 -728 -482 3081 1302 -1091 -841 465 -657 -345 780 1433 368 2002 -1750 1257 518 -111 -43 2121 459 -1352 -2021 -266 571 113 1260
-85 563 -1657 1824 649 655 -770 -464 2227 765 -517 -423 3399 -739 -48 -768 -1077 443 -621 -1348 1519 -1284 -311 981 -2456 1699 -984 -1252 904 1979 331 1119 -1136 280 -1817 -101 -466 -481 -1523 826 328 2164 75 -1930 -1346 1786 -45 -128 434 -464 47 -666 576 -369 736 2919 -1411 -678 -1544 185 -224 828
649 1483 755 -673 -661 -1727 -1221 -157 438 1331 349 -249 1124 1304 -1192 -583 135 237 1068 1372 -479 933 454 94 -182 -265 1517 207 868 1418 540 251 921 -1481 1631 -626 2034 -146 -502 1146 -242 1054 -543 -145 459 189 -766 -224 795 -2394 303 -870 837 -333 83 134 111 1195 -1061 1879 -242 496
2247 1266 -499 -1112 263 -302 1544 1326 5 3798 1489 -674 666 661 2440 -1409 1408 -486 1148 -601 -391 -864 -1099 1435 -872 397 1184 1014 218 829 -2283 -322 2450 -1211 523 331 1693 633 1567 -777 651 224 703 -496 -822 3761 267 337 571 1989 815 106 -430 -770 -2731 -496 -421 -1822 -729 -1326 -578 1251
482 1196 993 -1333 27 239 -932 1010 -3355 1233 -205 1820 -496 653 1951 1236 -498 921 -235 -604 956 1254 337 1377 35 455 1118 -96 -1088 -314 -1904 540 1492 -420 471 -1349 2016 125 1428 521 323 831 181 -2490 1220 160 -261 1586 -2122 -287 -2152 471 -805 -299 1967 -238 3136 -1866 1608 -180 -63 917
382 1821 -1940 -622 1474 -715 1636 -1952 -864 489 643 1786 -1508 -201 1194 -322 -2059 1225 -2296 627 -78 1280 -1920 1157 -425 -968 2110 490 -1053 2733 -1462 -3051 2149 -2518 1568 1499 1581 21 -902 499 517 643 -727 -81 -211 829 -51 188 -275 465 1652 1040 -97 3810 -2806 368 -1637 -255 -270 -933 896 -858
358 -2381 -412 -2102 -396 -2666 -695 556 -1866 1044 495 2404 225 1868 -143 -63 -1950 -788 439 -1254 1129 -1384 1225 972 -1169 -2211 2755 376 193 608 -1443 -1272 -611 1066 -394 -22 1602 -2022 836 -425 233 1918 1767 -1595 305 -110 2553 -1388 -497 -665 -3650 -596 -63 -2150 403 -678 -68 -46 -134 1251 782 3897
320 -1019 253 -2174 -28 459 3159 -624 3423 957 2285 -585 397 1171 1279 636 240 -684 2212 -1337 1222 -666 426 -1416 -573 -284 1595 1792 1519 -7 -1761 864 -1952 -295 295 493 785 -1252 -527 161 1320 -1572 -234 17 -138 5 944 1572 1861 -1454 984 -20 515 -1752 -404 -3180 -794 -1021 -386 252 1761 898
-2562 -947 -1738 -608 538 -576 1270 202 -1656 -214 -268 -1545 -273 -2308 236 1836 -831 -607 771 1548 -697 -509 508 1674 -531 1585 -1463 1650 2412 890 -580 18 -1039 26 1229 -1164 394 -3914 352 -606 1111 -662 -857 -62 -2836 -116 -808 -93 742 -2048 -1166 3095 644 -930 2194 -310 683 592 -173 -274 -609 -1855
696 0 1114 1151 1206 -869 -725 -2101 449 -1202 929 642 -464 -479 1070 4309 -843 600 1795 -1545 268 -913 -1321 1573 -1403 3453 -2174 2891 -726 -77 -418 2071 -1828 245 -6 -388 -1843 -275 -942 978 -555 -5 -846 1677 -504 973 -129 872 2082 -1309 1886 1283 -1727 147 -771 -2362 -2039 -2027 -1439 -15 -322 1062
-459 -1666 834 454 665 38 1487 1713 531 612 620 -576 -1139 1925 -671 -1731 -2044 3788 624 1737 427 1476 858 1774 1158 -1087 309 -1206 453 1075 1113 -2388 -795 -606 431 634 116 -421 1213 394 645 265 1068 -1402 -1869 2254 -204 1009 1502 15 -392 -599 -487 2470 -144 -1383 1033 1465 975 -1328 494 -1125
-1279 -898 -115 -625 -202 836 202 -215 -515 246 -1181 803 -413 1217 -109 2738 985 598 399 -1138 -581 2304 0 574 -1970 730 -582 408 568 971 1801 112 -616 -970 -1539 -444 426 -787 1383 14 -1242 -817 -841 -458 -1084 -96 -677 -373 2131 -284 1907 -543 1018 -937 127 69 -446 1456 -1185 -2355 890 826
-2591 -1473 -471 -294 796 -1051 1550 -1030 -737 1048 -2737 1410 -3464 506 -552 -1257 -980 1161 1173 -2013 2844 2619 -243 166 237 190 121 -1917 247 -2322 -707 1138 404 -1783 -346 1342 -1368 -865 1954 1647 2519 -413 1247 343 117 -67 -1025 -36 219 -9 -644 483 1852 -393 1587 -470 815 882 -884 -769 829 -1350
1377 1267 -611 732 359 61 379 -818 541 -1697 738 -889 2607 -406 -255 775 -985 -645 -2139 2325 270 1448 -605 -654 -2584 609 355 -1607 -214 1288 -552 -1415 -770 -1360 -117 1291 138 -2736 1013 -5 488 566 1012 916 976 -785 535 906 386 -1360 -2124 -1404 1871 1255 744 474 889 154 -1151 -1211 -1035 249
-227 -1401 -618 904 -585 -410 -268 -894 -705 -2715 -57 -9 -17 525 -1629 736 1177 -1322 -1333 1696 -1322 19 -526 -1230 -1360 1387 -1708 743 -614 391 -289 -294 1317 2495 -608 1077 650 -713 539 -58 1792 -498 612 807 -1079 -186 -969 1269 -424 -1428 -1221 898 1473 -968 1358 249 6 -1122 1385 -856 -1021 1330
1874 71 1587 -930 -523 819 442 2654 -113 -739 291 1297 -815 416 -90 -1619 210 -482 890 -504 -181 -2840 -2399 348 -1229 158 -12 1883 -270 1091 1284 -350 -621 -2620 -2534 -756 39 174 -931 1280 -848 -749 389 430 1457 2447 1081 471 -245 31 1013 -370 1452 212 -875 1747 -1783 1304 1523 114 -923 121
-1056 -2102 807 -2393 640 419 1486 578 1181 -1442 -1899 754 -708 -1511 -2 -772 2828 32 -1164 1466 -2287 -1844 -513 -385 -1212 -78 -3307 -34 457 1676 1133 -86 -687 256 -231 1147 160 1917 -491 -103 648 -1693 2418 303 1459 -89 -1037 189 -1359 103 -2373 1177 1616 -950 -275 -329 -1369 280 3922 -531 -155 1122
1332 257 1148 -1247 780 -1389 -1193 -719 -544 294 3292 1128 768 -2840 -580 -436 1783 -751 592 -38 60 -2659 917 264 -977 1036 -764 3865 1614 2089 162 -1517 2055 -2404 1481 1597 -40 148 196 2509 1093 -1401 -554 1726 1236 1199 291 1328 -376 2386 1602 -1533 187 -1855 -1722 502 -1234 3572 405 -156 -1770 -48
475 962 1519 536 1520 2168 220 0 1686 -964 50 878 1087 2067 1786 -283 -2803 -1070 227 -1657 1594 -324 -661 3604 2632 -101 39 157 -791 378 1515 570 186 -267 -836 -197 -320 -1516 1050 1162 1328 1180 1111 -1163 -906 1023 6 -1907 1677 -1538 964 1136 970 602 -1563 2178 145 -227 1004 -1787 1699 1169
-695 -1187 -883 -896 136 -776 -2332 -690 -941 -1305 -882 -119 -1385 897 526 -2028 -933 1115 1294 962 -1807 63 2048 -2159 -1284 -272 -459 391 240 1559 1692 -1805 1114 -1543 -1383 -288 313 232 -1600 -2649 1682 666 766 -741 -1972 2095 96 -578 2718 -85 -516 682 -829 1236 481 1929 -1984 -1749 -385 -546 -218 -998
2932 1725 493 -491 3592 -453 -117 -809 2536 -3180 -617 2839 496 -437 -2528 1366 -1063 -965 -1109 -1886 -1320 1394 3058 -1203 2278 576 -133 -3245 -321 -558 -1618 -3441 475 -326 2409 2625 -699 890 645 -1576 -436 -1446 -267 -998 945 -838 -1810 -894 -258 -1334 1769 985 -888 1553 -510 329 -303 -1634 416 -138 2403 2417
-1898 -1250 -4301 -1861 139 -487 -781 -3493 -801 247 -299 1850 -1367 726 493 -1253 355 -2883 -1000 -760 -891 -529 -426 -272 -831 2045 371 -2031 -990 327 2538 1258 -1238 -206 -434 -409 -256 -1523 -913 651 1588 -675 -415 -108 -786 -3148 -39 3764 2188 -923 -257 1589 -929 2487 2559 33 -3605 1660 2136 462 536 -2796
1238 606 -48 727 -955 1746 1746 -140 -1055 257 353 -517 -2151 -1460 -3043 594 892 -231 -370 94 657 -724 -745 -371 -131 -333 3710 1608 -1220 -1009 -423 -343 149 943 418 1730 832 -2142 1566 -1071 1481 1054 -1826 1278 447 -552 -917 483 -968 -866 871 485 -2746 -1036 -133 -1671 -772 -1544 -134 288 -1648 180
-2396 -3529 -1539 -1886 6 -1855 576 -67 227 2118 -1467 -654 869 1157 431 -2342 1109 -2551 2847 -1187 119 -1810 663 888 411 846 -704 152 -2447 809 -6 1173 -521 -251 -966 125 -1127 1653 936 -572 -102 -313 1243 395 -754 636 -972 667 -1296 -595 83 2006 3520 3820 54 -247 432 773 1152 -462 1088 913
-2297 155 -2422 -222 1068 370 2323 -352 1002 2884 9 494 -109 3632 -1574 -2614 1407 -256 1446 -1789 -76 -612 1075 -1585 461 1709 1526 -614 -3119 -1029 760 233 -900 -45 -1130 3141 325 2378 623 -771 -934 342 119 -934 -1121 391 1933 -101 -1889 -967 -2914 1529 1779 218 -1070 -1331 1386 -2508 -3135 467 879 1046
44 1693 2244 -561 -378 1536 2243 -1136 -412 -1004 -672 1494 398 1065 1404 -526 1172 -660 221 -1187 894 -490 404 -787 -546 375 -1333 847 1340 1256 1586 1954 -842 -2078 -1134 2009 1118 2327 1664 -413 1652 1216 -349 430 -613 1286 -1203 -214 87 823 -156 -1666 -1250 47 366 -1745 -744 -366 -1254 -1148 1488 1886
568 497 -1801 267 430 -1464 -403 -745 1634 -551 -2300 -908 -2660 1612 1478 -3585 -1285 39 -556 -54 2388 1899 761 -1831 152 128 1096 -81 385 -2573 -476 1986 617 1449 846 -596 618 2304 -435 -199 41 -1315 -398 -2616 -1560 911 -2506 2128 367 -911 -542 -1576 1249 -1276 1814 859 2878 2190 69 -2070 736 744
3013 -860 -2413 -893 -2812 -1021 854 -1125 922 -1216 -1423 982 -990 2451 250 1977 1151 381 -447 17 496 -39 -555 -3204 -1563 -1168 932 1659 627 2367 -2177 522 241 860 -1666 705 1800 937 837 174 -411 -1088 -1123 -3176 -1028 2581 -1147 -88 883 823 -836 -1810 -2321 -318 48 1316 -550 -994 -609 -1260 451 489
932 1346 -897 470 1910 -351 642 2407 1011 -8 1242 -1149 319 1282 -2151 586 -1619 -910 -250 -748 857 591 1792 379 635 -872 1245 -1627 -2604 -163 -411 1606 -1521 -2149 -10 -979 -2318 45 525 -1082 -242 -1146 1622 -805 -5317 1457 317 -2193 3307 -2922 501 2602 1524 -1654 1183 2858 68 -156 -210 423 -511 1268
376 -816 -1630 392 -1298 -2346 1051 -539 -2031 456 -691 -225 -1556 -391 -168 1490 -419 -1164 364 -833 -1141 -2529 -552 -1207 1568 -1050 -531 1457 1773 -465 -2265 1117 1002 410 634 1530 -213 -901 35 -854 -46 1273 -782 -386 -1821 1049 -23 627 351 -856 -529 177 1599 -814 -820 -284 951 -827 -433 195 -2679 407
612 2678 -205 -1477 -1364 1351 69 -2069 2248 -334 -841 2082 -933 -592 -1098 1134 -1863 -386 1884 1498 553 376 1604 -468 663 -709 -1149 -887 -1790 410 1322 2452 -734 -3277 -2680 -749 -1214 2046 721 -3075 -2109 938 -529 1698 -1100 -1005 649 -1337 320 -1684 -1137 80 638 1199 280 -678 -1480 -1510 1770 1615 -4055 -1795
216 -137 -1195 -1885 103 2797 603 -3010 2905 190 831 1004 -12 -1159 -61 166 -305 217 1223 305 -2923 -2784 822 -2760 320 1164 887 -618 463 -1263 -1822 1893 1184 -2002 -894 -1088 -659 321 -84 890 453 -1143 12 526 19 1695 -308 2375 844 -1358 1276 -727 1257 -917 1176 2605 -385 -988 710 964 -351 -1296
-2800 1567 1805 -457 -1203 1810 -1977 -1592 2723 886 -1961 77 566 -1631 -2281 1180 -2956 -414 -1016 25 146 1399 384 -911 1560 -638 -328 -1392 143 2003 209 1103 101 -3128 -368 1635 3250 127 -436 719 479 -3192 360 944 3325 50 -957 3030 -731 2441 304 -521 224 -759 675 2010 -2680 -1560 207 1368 -1837 -660
585 -837 171 2550 1558 -1160 675 2046 11 -478 -294 -530 -1115 -1874 -1321 2313 -103 150 -360 1806 -314 -1669 -152 126 -655 722 -523 -1369 -1460 2601 974 -21 -2025 -2458 -392 -1919 -595 1262 1068 2078 -841 -906 907 186 494 -2172 1983 3837 -1187 -1048 -701 369 -217 -994 -2289 2483 -359 758 -1827 842 314 -2212
176 -891 2162 120 -352 -1056 -4175 -396 -373 -949 -673 -478 -2559 -1098 -1130 -502 -15 316 138 1266 -654 -196 421 149 -976 -1305 802 -747 -2496 2627 1718 -2477 187 -398 1554 -962 -1570 1710 1816 -1156 -1301 999 -830 463 2726 1988 1641 1302 -966 2901 1393 633 193 1136 -1793 -85 772 -1264 -904 553 -1495 117
-1059 718 1805 1367 -538 312 -1451 1025 24 -1955 -48 -3094 -2006 1329 -1957 1138 -106 98 1520 1429 755 -287 -123 1543 -98 559 374 255 -340 1076 -3303 -783 1686 1174 774 -1848 -2236 301 1643 428 934 281 -199 -2241 -361 1164 2047 -1752 -1272 1129 3965 -2199 -791 -2779 -866 746 204 1108 -1880 95 246 245
1259 1147 -2187 -1109 271 2782 -2350 -498 1408 -1533 -1370 -2121 -1454 217 -1429 2820 1708 272 -431 -481 -840 1766 714 1940 -233 -169 -2845 191 234 -269 -321 -243 -3126 365 -352 -304 2035 525 630 499 -1757 -16 -394 628 -245 -311 770 1200 -1231 271 2177 273 -248 -2601 -135 -1815 184 -495 1151 -487 -343 -970
27 657 -846 -880 -1610 1701 2270 -442 1195 722 -1506 -616 190 1807 -751 -659 1019 -26 1701 -1127 2286 -1248 -179 2245 -799 1234 -684 -865 532 -2323 1529 2 2537 1561 -1359 -184 -1698 -1261 455 -2589 -1279 -565 389 -598 2158 356 -648 -468 16 -208 1147 1440 -851 -654 -825 1016 2350 -1272 651 131 -575 -1200
-2526 -398 -1473 1281 1188 496 -1631 -569 1773 -34 -316 -425 250 2109 -838 905 1863 235 1324 -1101 1497 2287 727 1247 -1928 234 1123 1862 -1228 637 -1145 -1756 435 -812 -1569 -1923 -1660 -611 3302 126 116 533 -1227 -1302 -1815 -2059 -115 -555 98 1846 829 1343 -1560 -2563 -197 -2075 -235 -25 3517 1110 -1031 1030
-1572 177 784 1577 2350 1381 392 981 604 785 -360 -4 -428 865 -1231 -720 160 1864 3220 705 417 -3034 1505 659 1124 2354 2465 -1727 -1095 -1111 2172 1849 2077 -653 -1136 -411 -528 -1847 -333 -937 1398 1195 -1142 85 -747 1394 -1561 -2765 -1262 216 1023 -967 -2816 -4259 -818 1047 2545 -1362 2261 445 994 120
-445 454 -419 24 -1992 606 -1019 1225 334 -872 641 1350 29 -140 -36 -615 -1134 40 669 -261 -1194 -759 765 -3186 -2115 2231 1962 1044 -2266 9 1695 122 -2043 -1461 -784 -284 1160 -1240 286 1439 3488 -693 482 954 -392 -1082 -1949 2159 -1700 -2388 -1188 -2470 1889 934 1910 -51 -1692 47 2709 144 1489 -2162
-1116 1277 122 -1075 2136 2396 -1028 1299 904 98 287 -1506 1108 -1054 1671 4209 -458 -225 1808 -901 359 -835 2751 475 663 -653 1688 -2237 874 1427 92 640 -666 -1170 -677 -106 112 770 -1122 -1245 -138 -1897 -1877 1039 793 -3090 -1627 -1237 2167 -597 674 -800 586 -2269 779 101 335 701 -2637 -623 1357 -1321
-370 971 -2794 487 3440 -997 -1618 -1738 -758 -1355 -775 -836 218 -2352 -2679 0 3492 -506 -1222 -1700 -1997 -2 1477 -451 -1569 1468 486 -1702 4 -1193 -885 826 -1063 -2355 559 1841 1394 -1677 -500 1397 1549 -1744 125 3317 -4 -300 -1989 -1222 684 -1191 -841 563 2227 416 964 -1589 -2014 3216 -1132 2283 966 -2727
991 -844 -260 -1303 25 1104 2255 -2224 -2321 -995 1799 -463 -536 2605 -2136 1951 -678 150 3488 1322 -2817 -1239 -153 -5 -1229 293 -1372 -493 1877 1395 -1112 386 1352 -709 574 -1039 466 -396 -905 -384 1248 -1575 -2417 -434 2917 -926 356 -550 154 2045 2396 -1299 -1509 708 1470 -648 2517 1384 756 -320 -1279 1610
694 602 2874 1351 2652 -1471 -1763 -1235 -1826 -195 -753 -2106 483 1336 801 864 -65 1035 2644 2581 458 -442 -1474 1677 -1483 522 -108 -64 1935 1009 -469 -128 1206 794 755 -1436 -87 1303 -421 -569 1684 1680 -946 1872 -1307 -708 1987 -573 -1553 -1516 1728 -794 910 -268 -487 -613 -745 -2909 329 -1445 -853 849
-1117 -183 -476 -1126 2489 -683 -1893 69 -742 -349 -984 1889 -193 1684 131 100 2561 493 -3113 367 -1821 -634 711 842 -960 -83 -1782 -490 918 1128 4733 -802 393 -723 1793 -436 25 -1582 -1397 -2147 -1739 631 391 -584 1263 -137 -1362 1108 138 449 1637 -1763 30 2188 538 3673 536 -598 -1690 723 -608 461
636 2171 701 -1484 188 -1834 -392 886 -376 -1438 -869 -311 -102 312 -659 -4092 1319 2121 -1127 1220 -1662 213 -1618 -675 262 -1145 2195 -2053 -135 430 1207 537 265 381 1340 -1289 677 1130 -2785 -1944 981 350 715 1364 1517 -327 339 -1609 673 145 -164 1051 346 1697 -1565 -1910 -141 -826 395 424 -775 192
-1692 3256 242 -808 711 -1676 -3396 281 -887 1456 -237 -1 319 -2275 608 1673 -420 2547 1059 2887 1050 711 561 39 437 1998 3587 1677 -718 34 2200 1345 -1049 -672 1915 247 1498 -1640 -467 -1755 -206 246 598 1324 -2056 -1153 -1192 506 1990 -910 -1493 -1399 -827 1516 2098 -593 -752 -719 -718 1227 431 1934
1998 -2280 -567 -386 887 -1987 -2681 -1807 804 955 -364 805 -683 -1577 -2446 989 2785 915 -2534 -940 993 -375 1070 -49 -698 -317 492 -1194 -2251 -1169 212 -757 -3190 -1079 1168 990 -1231 -544 708 -695 -285 1189 698 3196 759 -458 -2150 -805 -2548 3973 1560 -2654 -524 2006 1045 -925 908 -3037 -2186 -785 692 456
2283 530 3671 636 -1044 -2952 -1715 -1004 -1210 788 -2021 -124 166 -1005 -1372 -1201 -396 -2379 468 2163 -1310 -498 973 -417 -935 -489 152 506 1852 1255 2094 1223 1977 -825 -1672 -2392 1252 -34 2217 -508 -925 -207 -175 -1182 -2686 970 1169 1863 623 1333 293 -1231 307 1774 -1266 561 2301 124 1261 -1143 281 1069
-1995 -3545 919 -1429 1537 0 -435 31 840 -1359 -1964 110 2200 1128 1036 1285 1440 -2610 1348 1236 -562 -1880 2643 -251 -2901 -930 -84 -334 -1634 7 -365 -610 1844 333 3435 1712 -481 -135 -1504 -1113 -1018 1325 1632 365 -1196 3209 -412 -927 -1059 692 844 -551 1259 660 -1859 372 -737 1473 4053 -1887 -1998 -202
385 776 1608 -1426 1380 -815 1024 2565 242 683 -1777 -3590 -95 1740 1976 612 -1962 -3436 -316 1605 440 -109 2905 -2360 -566 70 414 1054 -312 2439 875 144 -1027 -4617 -773 -2228 -262 567 -666 -883 13 -84 -896 1037 1117 1221 1108 -368 1139 -30 -3057 -2613 -1954 -315 -1400 1408 434 1769 1757 1169 1361 637
867 893 -751 -937 -2168 -322 162 239 402 -1311 -362 1476 1231 -1947 -1131 307 -1731 -1730 1112 -1928 1761 -364 -3477 -1572 -1047 834 -106 211 -72 385 -1092 3294 3088 -44 1025 915 1818 -111 -2286 -1593 -502 -1412 39 1602 -1148 1795 762 189 -605 226 518 -95 2048 682 401 3421 2791 1797 -65 734 34 211
-1888 -2042 4749 2389 505 734 -419 -154 -50 239 907 -956 2146 -1720 -2194 -1773 810 1861 1664 2281 1490 -1547 -847 -190 -667 2294 457 -766 2162 611 386 2789 -1005 -2282 502 -175 1456 -2303 -554 299 -87 588 349 816 -2132 1167 1483 -152 -1239 -1219 650 1188 -1124 291 31 -531 -1540 223 -19 910 741 623
261 2415 2054 1582 -2429 246 122 -579 -800 -1246 -825 878 -1277 -2333 832 1742 -755 -3920 -569 1122 -923 748 -223 288 -3415 -542 376 1044 1715 1017 1069 651 -1546 560 927 1371 2122 -2262 1266 -451 -947 -4733 623 3780 -220 1408 -1390 370 -461 -2534 -820 -1138 -1555 1535 3025 296 943 -898 -2263 -1279 -881 -2161
-352 497 864 -1989 -1812 1174 -921 293 -1195 1901 1457 1103 4551 1696 -528 638 2400 -574 -1068 -2060 -858 -360 838 1782 -2155 -465 2165 165 295 -58 -1495 -298 730 -688 272 -1645 423 -801 34 -933 43 -1051 -147 1218 -1589 -1259 -1068 1274 1504 2185 1801 -1631 1147 1197 1644 626 -2739 -3372 -716 658 2071 2282
-1152 2906 661 1701 2411 -1253 -2568 -742 -1320 -1186 -509 59 -1891 65 248 -1434 -1175 -417 452 708 -956 1614 -709 1796 -599 -3282 1431 -254 2095 2291 -651 3162 -2086 -1547 3045 2607 696 -372 3379 1832 -309 -3299 -2200 2445 1076 2525 1954 897 106 -783 -2016 -2651 -1672 -1200 747 2023 -1273 -1825 -72 794 555 -2625
-457 554 -1300 324 -1993 -1090 -172 3297 1131 784 3133 2253 2076 2367 -2408 -552 815 -1002 1388 263 1122 1356 -1577 862 -1342 734 2919 1886 2336 791 -2558 2104 -1264 -992 418 -1976 -992 776 -1207 502 -937 -1895 -1368 2600 -262 -1607 -895 -1586 -680 -393 375 227 -1332 3504 798 533 -2276 -1520 918 846 -1347 93
-622 1325 1889 -1062 1149 381 -2198 -2273 -358 -808 -2281 857 2751 714 -2313 1504 1287 -863 -32 -560 -1872 -2326 448 -2270 -2443 -3106 279 498 482 712 -1188 665 -894 -1958 1321 -1608 -726 982 1048 1442 991 -775 -1326 590 2040 -1385 797 -273 995 1860 -1743 -113 -3016 -2216 -523 -171 -856 -1242 1665 1277 134 477
-1990 -364 121 -405 2023 1975 -1367 -2425 635 847 3062 -1010 990 -1628 -1450 357 -1472 -181 1017 138 -396 -255 206 1885 875 -763 1503 -1214 1627 1448 -2239 376 537 -3090 873 853 641 3156 88 655 -650 204 -1363 864 -232 -2406 240 -1970 -782 1018 704 953 -192 123 1206 1612 1636 -2511 -43 -2234 -753 -2382
745 2052 1485 -2165 -374 2116 -415 -555 -854 -1403 -1118 535 126 -2401 -146 -357 1153 1149 -2776 -850 -1 -747 1052 1627 445 1245 -733 -2403 1242 365 1 2196 -133 -301 1782 -2044 -2550 -1543 -1258 871 808 -194 579 -360 544 -2679 -649 -1134 -2534 778 1050 3284 -1041 -3081 -2475 1826 1230 -348 399 796 631 1668
-2488 1491 -478 335 -1091 -354 -10 -1209 165 1030 -1166 68 -1211 -2631 -1046 -440 -395 -819 -1884 401 1030 1262 2098 -526 -1454 1385 1419 1451 982 -332 2070 627 1149 -339 122 -1842 114 3232 -1995 -1006 257 -462 75 132 -963 -1275 746 1839 -854 -2034 652 2042 673 1565 1619 1181 1043 -626 1446 -704 140 676
-326 -908 1268 607 -663 -318 1693 -239 -1200 -3274 253 90 1529 -664 834 614 522 -369 -3231 787 225 -1789 -1049 93 3312 3101 -1310 -1254 -1460 -624 -684 -792 1124 -229 -1976 -737 293 300 -21 1426 403 1776 409 -1549 -998 -421 -1402 803 -806 -799 -1383 -1840 984 129 -73 -193 -1732 -525 64 -670 2245 3382
63 -342 -1664 -2094 23 -886 -613 -141 -2560 -612 -28 -49 3143 -1558 1008 2287 -1243 1554 -181 -151 2467 1706 381 -250 1417 424 -273 34 1135 358 2482 -1620 1455 -655 -562 -1159 232 -2001 1277 62 -2195 -595 1076 260 -548 -1118 269 -191 1766 2673 1478 2190 1138 -924 2507 2823 4285 -535 1118 -1961 -2794 2655
683 -2283 -374 288 1756 -1553 -958 -1345 54 1308 -2339 -386 1430 1584 182 -955 2057 1374 -704 -2482 -152 -45 -531 2878 -908 1266 -498 -857 -2239 -937 1071 3919 1465 -2425 -711 1437 1547 -1244 1135 107 -1603 50 1266 512 -590 -446 -757 609 1976 -1004 2146 1582 1527 -2133 -2668 991 120 530 1973 624 1679 45
-2694 -207 -1256 -424 456 -275 -3231 -3334 -1433 1044 -2572 509 1669 1966 142 -545 -4058 -388 -222 548 2171 243 236 968 -1277 -1246 1664 129 699 -476 -93 565 1898 119 502 722 356 -152 601 -697 559 735 953 -1636 -208 -60 65 1290 -148 -1318 -693 -2188 1702 -668 691 1625 -1182 -566 2513 -191 1013 1228
-879 857 1382 1209 810 -310 -846 -582 1527 1371 -559 -137 -3468 912 1007 -1855 3133 2194 406 -42 -735 -902 -422 283 -598 -3551 -2960 -1035 2466 1539 -2669 -965 592 -1731 -568 -838 -359 -355 20 1444 -1345 134 -754 1176 -1560 -2382 1774 2563 1904 1420 415 -1108 1777 -3126 -2901 303 -1223 887 700 88 919 -368
-2730 2055 868 -363 -563 85 174 -411 -756 -2128 115 979 -255 -542 -550 950 -1423 -887 180 -2168 -369 187 344 137 3359 544 373 -3267 2559 3166 -2291 -1163 2234 -214 90 -218 505 643 2041 -1604 -2549 535 1006 90 1335 -955 680 472 2147 -2723 -2869 -552 779 171 1078 786 1036 813 912 -1835 1772 3229
512 2940 -1145 -2450 -413 -1591 -1450 1814 1151 -2018 -2406 -282 202 889 1865 1578 692 -664 -809 -1180 1192 1646 -696 -3522 -2209 -899 -1438 -637 -401 1977 3712 -114 832 -891 -1894 -377 532 173 1321 184 -832 637 1165 1429 389 950 863 -307 1531 -1485 -394 -2655 -1419 1158 -2038 -1699 472 1109 1694 351 -350 -1697
528 -448 2080 -1026 900 1107 902 -2224 382 -807 -1135 -301 -1442 -1143 -108 3294 -859 -800 -458 -2215 -1218 432 -643 2054 1473 -2477 -1762 -2265 54 1202 412 -1212 746 2986 -30 -151 2502 -869 140 -1933 -130 -709 -65 -427 330 -1105 -766 -421 1997 26 -56 -2075 485 3043 2165 -1113 800 103 924 -1785 -1857 2536
847 -1236 1120 -2351 -204 -127 1517 -1013 -1524 -2663 921 -1316 921 735 1544 -561 341 92 731 1529 553 563 951 -1772 -377 1502 179 -1140 -451 2983 4184 -396 329 -902 -2631 -718 147 -440 1005 -1628 1775 1007 2405 47 -577 -362 289 -839 418 223 -1343 -2293 -255 466 947 -1476 -880 -1589 -860 71 -2238 652
124 -1087 1364 -3977 -698 -2487 -359 -1468 -985 2079 1717 -2349 1628 -1319 -3445 1950 732 -71 -1359 3151 843 4053 419 -221 -3060 177 834 -931 -2261 1010 -1457 971 2417 -1113 1905 850 2854 1587 -2419 -2722 268 -49 109 -538 1338 -1154 239 976 638 2419 -445 1265 1689 -1926 -38 1731 3699 -712 -576 -1385 989 -128
-664 -1606 -912 1623 1903 175 128 -694 -704 350 -150 -824 475 -143 510 823 -374 -3060 -871 1999 -743 -1084 -1821 -1186 -1891 1578 1128 665 459 2349 -546 275 522 -2458 -1116 -1140 490 -3169 -3147 -2220 101 321 418 147 572 -338 -367 -193 927 -402 -1539 712 311 -1599 1119 -1410 -733 -2229 -1258 2022 2093 -847
1386 -1094 -2994 39 -2948 -616 -1219 -691 -486 929 8 -2579 -1848 424 -2961 1051 -814 1103 1907 2104 2011 -1861 387 3728 2750 610 381 -140 -1916 -1309 969 1708 -109 603 -501 -1259 383 2191 -154 -356 -468 1052 1150 -745 -209 -1953 -2489 364 -928 -797 214 -1698 -816 1692 2817 69 1351 -246 1483 -1606 42 41
2887 -954 -3582 981 -629 -519 -13 1526 526 2956 1003 -2145 -201 1049 2246 295 -2061 510 -552 172 -1961 316 1061 834 -1358 -946 -792 -298 -816 -64 57 -732 167 -137 -2676 -495 -462 -2185 -372 -3570 -221 1467 401 910 393 1755 549 -823 674 956 -318 -797 694 356 129 -822 -626 -978 287 922 -1024 -1022
198 -1737 -1441 -521 1206 -1754 767 465 -3824 3880 212 -1134 1791 160 198 2608 78 -1605 1451 -1724 -1106 316 1889 -204 1512 45 2950 587 1440 592 -1451 -228 2092 2963 -2012 177 798 567 627 -167 2164 3001 151 -796 -2692 -1029 -3307 -355 238 2829 -800 -1564 -1037 1566 -395 139 1237 1782 547 -3062 -1085 1856
-5 1323 476 -699 3121 34 3620 -133 71 -1258 338 -2796 -1985 1747 620 -280 -528 -1338 -1263 -2186 694 700 127 -1037 -1391 -3706 -397 2137 -2504 236 442 715 1598 -464 -535 916 2107 -1201 -1105 -2449 -861 -1478 -3128 1425 5336 4776 514 -1136 443 4589 864 -808 -1702 -1946 349 -618 -595 -261 -363 -670 1384 -61
660 -1031 -4687 -362 1303 -317 1550 3298 2895 1150 218 1584 563 2454 -1073 421 2870 1209 1113 1314 1254 1767 -53 -76 -674 -1832 -186 -281 -51 1868 1376 1096 158 2399 -406 825 -1424 408 1251 406 1633 3580 -551 -3191 -1946 -2565 -401 1068 643 -61 -2810 -2214 288 1962 1452 -195 750 -309 1638 541 94 232
1331 1941 1616 -290 -1682 -2056 -1182 544 -563 -1180 133 559 -2247 421 1351 -1732 -918 -1541 831 1396 1801 1238 -69 -730 1293 -647 -656 3224 -713 1198 13 -862 288 -420 162 -876 790 154 -824 -626 -187 1594 -1908 201 346 2906 3924 1824 2163 -670 -216 -1229 -861 -670 -65 -1109 -2786 -3492 -785 755 -1367 -964
279 -849 2590 928 1293 308 2169 2568 -721 2347 -1910 323 1584 234 -1216 -1542 2511 40 667 2889 1347 1409 -1764 -483 -23 450 -1373 -3059 -2504 4109 2050 2085 1418 1907 -1010 -2676 -1 2483 877 -834 36 987 949 -1500 903 1277 681 2253 1142 -235 1657 1410 1098 -1319 536 -126 -2121 -2578 348 1479 -1788 -1066
-1637 -1162 1658 1051 -535 1680 -952 97 397 1569 -1552 -2877 -934 -458 687 -823 -380 -1548 2481 3022 1384 -798 708 -1217 578 -596 673 54 455 -621 -260 154 2467 1540 -1678 -1957 -1796 -620 371 -1042 3388 1046 293 2756 -1552 2274 246 -454 596 1815 -999 339 1075 -747 -99 2377 698 -1806 -8 -54 -314 109
-100 203 865 918 -333 1790 149 -169 -859 983 -1546 1091 -232 2677 -1754 1854 -440 -1247 1036 -394 -2816 -2038 1533 3037 -1090 524 -965 21 412 -83 428 -930 -9 -794 -830 -1318 393 2 176 264 -103 1439 1223 -1466 -922 8 -871 -277 -2924 552 415 -1496 1025 3132 -1490 1116 -1168 -633 -2232 -441 1123 2477
-1686 55 -882 -989 111 1208 -403 -1049 97 417 -112 3116 832 -507 499 -3404 13 -477 -642 -945 -1027 -1227 2169 -546 316 1528 -57 -891 259 711 403 -2 -818 -1990 -508 1846 -600 -1306 -1628 809 -45 131 299 -296 -2847 1305 -1462 -625 -90 1808 -1985 18 775 37 2223 -1923 -1399 -101 -39 -208 1324 898
-635 -519 588 -590 62 -3077 -813 -3564 1484 -1593 -18 1286 -2598 -2729 -1045 -1583 -584 760 -2000 551 2029 -1973 755 -2571 548 -1013 2079 -1916 1794 -202 -1694 594 1204 633 -144 1882 -1653 -51 127 -1588 -890 724 252 -1302 602 1215 -2845 1284 307 439 146 1299 -1496 -215 697 1086 -3010 -2452 2002 444 472 52
-972 -2778 -1638 -974 -437 -597 -1012 -699 -1610 889 -1679 -32 -1435 -1755 -556 481 -740 -1496 -1011 17 -395 400 -802 643 -813 -733 296 -2232 -161 2076 -249 -199 1427 2106 50 570 -1428 -1585 651 2366 -1041 -423 -2637 1446 -1091 -374 -1457 1242 -408 316 749 522 413 1869 1911 -374 -2986 831 1644 1053 -1119 -1213
-489 -3013 -2773 -395 1157 1903 1102 1132 -1837 -607 1052 -2377 755 715 1908 -1116 321 573 -1983 -1630 -2325 -842 1876 -72 -261 -517 2642 568 -2651 1498 2054 1748 -1072 -362 2853 -1048 125 -2503 1469 -310 1360 177 -3118 -257 -650 401 999 -590 108 -1234 -267 617 1119 1858 -1317 -463 -1429 -1530 -1534 -443 -679 -103
-2118 -806 1931 35 2388 1065 2871 3180 12 -1086 -1099 544 -1521 -543 217 -2178 2408 -864 -289 439 -1430 -3034 -1606 421 1547 327 1007 1712 -1188 221 475 1317 261 23 -1050 -577 959 721 39 1141 -1721 1001 96 386 711 190 1042 971 -2096 -1718 590 760 119 742 253 -1900 -2504 -121 -3479 -687 -259 2925
-3361 -1661 2012 -1366 1001 792 -292 -485 1051 1063 -781 -269 -1318 644 -472 -1746 -732 261 -253 514 -859 691 256 -898 206 -71 -416 -2930 -428 11 -677 915 -1440 -2229 458 1624 1814 132 764 169 49 1552 1580 302 -430 -2237 -1634 -97 -437 109 10 1127 3472 -1671 -1729 1579 -165 1554 219 -1166 1419 1170
-191 194 1521 -3245 -1841 538 -1457 -1600 603 1670 -2421 2043 932 -116 1025 287 -652 1066 -731 322 217 -234 -1315 -2715 -126 -443 -2112 -1903 1690 -17 -1592 -1964 -300 -1919 -180 358 3835 863 2550 483 179 2305 -2486 -1083 -1266 -38 -683 -325 -977 -990 1591 -3211 234 1175 -756 235 -1278 687 -562 44 41 -721
2678 2927 -812 -1197 -2888 564 1051 -1995 1495 2788 -2528 -2665 1796 3445 413 -1264 -2249 -937 -1151 -1707 -199 634 -472 -119 -1947 1200 890 -789 735 -1394 -1356 -199 -713 1367 -194 -1401 388 5134 -927 1317 899 -1293 -1257 -1349 -3022 358 -2158 1252 1852 1449 720 -4264 -1511 -1043 1469 336 -426 523 -104 -134 326 573
814 -803 -1106 1308 617 -1702 -365 -194 -2029 -1988 1194 1067 -2525 -192 -1315 -1627 186 -812 -969 -2307 495 900 405 -1811 24 703 93 815 -1246 2305 -2262 1619 1175 190 1060 1707 -1061 1554 -1403 -2424 1073 -1107 -2570 -3594 1662 -282 857 704 1764 -51 -1207 -308 -1614 -1034 -614 3229 1265 749 -98 -1216 792 2839
1188 -536 -1015 -1174 464 -1073 -621 846 964 -2387 557 -230 1613 -1714 -2143 1645 1845 -2165 -395 537 -837 765 -996 467 -1342 -1841 -845 140 -1173 467 1702 840 -2172 288 -1322 -1383 402 883 22 -1334 -2230 -2189 216 -1150 -2083 -429 3027 -1069 1304 -1005 -574 332 374 1256 -1020 2696 -2850 1583 -169 1345 432 -609
-951 176 113 -284 -623 -297 1494 674 271 456 2315 -921 1933 1970 -581 -1445 -729 -788 -699 1125 -3527 -2005 -677 99 -396 -367 -121 414 567 -2945 -1741 2236 -237 -702 -5 -2016 -2242 -1904 877 -2079 981 -1660 1581 -502 -1098 -270 335 -1043 536 -43 380 2178 2832 -90 -1368 141 599 809 -1826 -120 127 -968
-2908 1587 1548 -2059 -2893 1613 666 -365 1485 1451 792 -1008 1972 1210 -1448 -1457 -2935 -1168 -177 916 -1157 225 124 -1848 1022 458 -916 2197 -500 2608 -1881 265 1859 -263 -646 1315 -331 -3146 -503 -2835 3464 3557 -2137 -792 1134 -167 485 -1565 2066 -1112 2188 1168 -27 206 -2202 1520 -2269 -171 -322 160 -3094 2020
1733 -472 -1878 -205 -362 1653 -67 1960 806 1007 2874 576 -1759 -941 -601 494 -50 -63 1255 -468 2557 338 139 607 -384 61 -679 -284 749 2143 2573 -254 405 -1665 -4287 826 521 -198 -652 2609 -598 30 1508 847 -1448 940 -1618 -35 1649 -2448 888 -1955 -32 -817 2884 -280 -33 -2190 1597 342 16 -470
-586 -1715 -1285 853 589 3089 -2549 101 725 282 21 175 2288 -2615 -2252 -273 110 2925 -597 1491 2108 -328 192 1479 -948 267 375 -863 -699 3521 1069 -110 -1369 -1308 -1475 2200 1896 949 -702 666 -1613 -2624 -214 2925 2023 414 120 1081 687 -605 -342 104 -218 765 1179 305 -700 77 1017 565 76 -841
-1073 376 2620 2092 -1785 1099 1238 -91 765 -227 -1158 -281 297 -2108 588 1696 -1961 240 1800 1022 1253 -495 -338 1306 344 418 1931 2769 -1919 799 157 -905 -1620 1131 638 -828 -142 1051 1724 -446 -1457 2 974 389 804 -29 2275 515 -628 1809 244 -116 -1746 1128 -1846 -4 929 -313 -1874 186 1475 -1411
448 707 3621 -1736 2593 508 -3530 470 -339 1099 -656 -1439 -1956 542 1148 -1586 3103 -584 -17 583 -852 949 -183 112 2668 -881 11 761 899 -670 217 -2888 -112 -1701 1757 -1535 -577 974 554 -61 751 -812 408 530 -353 564 2888 1930 -2055 3306 -311 -1310 -422 -1945 -397 783 1595 -1953 1365 -1531 -1292 -224
-182 -165 1711 -1532 -2783 -823 -667 960 -1508 79 -1045 -2912 -888 264 -508 1562 -398 -176 -1880 -1063 267 -329 801 635 1137 15 48 -1493 447 299 -1505 -258 152 -1864 1023 -872 1593 -553 -3034 -1994 1869 -522 -248 -342 722 2127 141 1459 362 1448 809 -1145 689 -581 -809 2277 736 640 -1454 -61 -1752 538
95 -407 -2000 -2142 -412 92 1201 790 1487 -1223 -2714 -1796 -723 -1840 868 2388 -839 696 111 -1994 270 1758 843 2 -495 -1665 134 -40 1806 -496 283 -3272 -2059 2301 1758 -2950 -375 -676 -833 1470 -1642 -116 -415 -139 -1577 1392 503 658 121 798 881 -769 -537 -952 -699 -3617 -1403 571 938 -621 348 -518
-423 590 -3308 624 1089 1403 2046 2143 -606 1319 -1420 -461 -1680 192 -1874 942 2725 641 1433 222 1444 -771 -1967 1520 -888 510 2370 -2102 -100 -1357 -826 1076 259 991 -401 -177 -1658 933 2661 835 -2725 211 936 -2406 1698 -835 583 -1051 -2695 2118 -812 2641 -4214 -3264 -2503 -121 1126 -118 90 -180 1190 -301
1244 -1308 -202 2301 444 214 -477 651 671 -3265 -448 -34 2151 397 1094 764 1510 356 2758 -722 248 610 -571 -366 218 -1117 3198 2103 -2010 -538 -723 3176 1430 242 -1938 -491 -901 -1831 -361 1318 772 -324 -258 799 448 -1895 -437 -1623 -944 -287 -1263 -1704 2380 -3071 1490 -268 1312 -513 2765 765 -221 634
-888 890 1469 241 -528 1158 1531 -1318 -311 1918 -1812 135 406 2222 1779 2565 -203 1175 2219 -920 782 -1026 -710 3301 -196 1340 205 514 -369 1697 2116 -2028 1377 -1739 -777 -2750 -1140 1357 -316 -483 1436 1644 -1618 -1438 692 -1587 -2300 -2102 1107 -566 2115 261 -2280 -77 1555 1957 1058 413 2162 -871 1146 -2967
-832 -24 1581 -1651 1780 1091 -485 1237 411 674 1025 -716 -280 -1913 112 -251 1046 -144 107 -126 -888 -573 796 387 -216 2468 327 423 -880 -675 2062 137 -2456 -2775 416 -689 117 -1247 1548 -36 2677 951 348 -1439 1112 -2569 -606 -2387 -70 -708 -209 1308 1799 -558 -2570 2091 -297 1272 1036 -1227 2993 -3147
785 -1065 -2009 -1926 -133 2417 260 1955 -993 -402 2206 -123 -518 -855 -527 453 692 17 166 -764 -1212 -752 1591 -784 -2209 1567 1461 -661 868 607 275 -1415 1075 -1076 -725 -398 -340 756 217 154 532 -3052 1740 -2181 3048 -1523 -1791 -1582 2537 302 -832 -2691 627 308 -1616 -1531 3 -658 818 730 834 -2820
544 -1131 568 3898 124 556 261 -3322 152 1869 -179 -3422 54 1734 1267 849 1157 -3139 3090 2451 -713 2129 1150 -1160 226 -1672 1676 1032 652 78 -772 -919 -716 693 -2308 1031 -5 229 1583 -1621 1429 -1178 -740 1369 -1193 -1183 2116 -1001 -1789 1316 -1143 97 -1004 -1706 657 -2158 -1892 907 -1734 661 -2841 509
-77 -1258 605 2411 555 2076 -2104 -649 -2161 356 0 -2738 -74 38 -824 1396 1299 -2170 491 -109 -1564 -2187 1094 3800 -2565 1224 -1708 -1049 -1020 1751 -1406 877 -2256 -852 -1695 2705 2075 -1420 955 1486 -1267 -902 -717 -602 1822 -1079 -943 312 -181 87 1329 576 957 46 123 982 2771 -470 -1710 -1016 -426 -1031
2576 -1018 299 -489 -1124 482 -82 519 -2612 -2219 1328 98 -540 -406 1041 -1702 1288 1440 -2169 212 99 -400 -2127 135 -1023 -266 -23 -1812 1152 1295 -1190 683 158 533 2066 1005 -455 663 -2302 1999 -2402 15 -986 1851 -253 1014 -283 493 -1255 2254 107 407 -237 -261 -1037 730 1522 652 1432 -514 -538 876
147 -666 660 436 -1730 -1502 -655 333 617 -1497 -1411 3540 -1208 2112 267 24 -1211 281 -483 487 723 532 423 495 -1609 980 282 2973 621 -536 2254 -340 1546 -189 -221 -127 -1300 20 -204 -1223 660 1742 2433 80 -465 -793 299 1703 -29 1179 -995 -1198 1871 -806 749 706 -2293 -1345 -433 693 -542 202
-2394 1255 -17 -2961 1787 -704 -923 20 1923 416 -527 827 -546 -164 385 -2168 -1616 1286 12 -111 -834 -486 -44 1316 703 242 525 311 108 580 1267 296 -1607 -3199 1256 -2008 95 -1694 63 -63 -769 1667 1140 2806 2458 -1709 -1356 -385 -323 1969 775 54 489 2349 -201 79 427 -2151 -488 -627 -685 2064
-2068 3155 -300 -739 236 -1261 -561 -776 -604 -411 467 317 -637 -2486 -2491 298 -2274 2242 -309 109 2973 -56 -1949 592 -117 2336 -536 -110 87 3030 -830 822 609 -2756 506 -1029 743 -2374 -266 1085 -557 -604 -168 705 483 977 -417 -273 1386 -1108 3382 -773 116 1320 2340 -784 -1843 125 -1927 2425 -74 1969
-1723 -4370 -1045 -299 213 -2229 -2510 -1280 626 695 -1421 1591 1072 -2410 -1300 2377 2356 1573 -879 1802 1393 1418 -1381 1158 1262 704 733 378 -1415 343 -125 -1332 -727 965 839 1423 -740 -1571 -1805 354 -1660 3097 -1859 530 -2856 -452 287 -1339 444 -1192 1982 -462 -262 515 -1880 -292 1935 -221 1143 928 -486 -57
-302 -1098 -97 -2099 -1705 -2744 -40 -67 913 -424 803 -2633 -219 382 1799 -117 -2019 1317 -1831 963 -804 -621 1224 -85 -1276 -497 -743 304 -236 414 328 -1755 -1368 41 -581 -419 152 -742 482 -1568 -772 1052 -647 -75 -26 -2042 -1889 -473 1302 956 133 -1183 -2348 1054 -2325 98 2302 -565 1834 -313 290 1669
668 1319 634 505 -1145 -1123 -1388 6 -638 -2361 -622 -1664 1884 -1639 1576 259 -4314 -1618 -1264 901 -740 -200 997 -2678 -1215 -4841 869 2082 824 1943 1551 -1614 554 1100 136 240 -703 1071 -1159 -114 157 -806 749 -463 1467 -126 1572 642 -459 1451 -9 -498 239 1159 356 645 738 694 1966 -2480 928 2651
-1375 1410 -386 3271 359 805 -233 -1103 -701 1264 -690 -2174 1447 1363 -2843 -397 -2742 -1253 2185 421 2819 612 -554 -4504 1353 -1293 1220 420 -2178 184 -202 1580 511 624 -490 1586 -561 662 -668 -1549 750 192 1846 -978 2905 1609 1420 -709 -1482 8 -2087 408 909 1117 -1592 609 1641 -954 1140 99 -1908 2952
2156 1233 -2080 1549 402 -420 751 1934 -443 379 938 1181 -1581 -1147 1307 -360 -225 -1896 1729 246 1711 1286 -3125 -111 730 -231 -1 -1262 1840 -425 37 442 -1251 -1749 -1607 2079 279 -1426 78 -774 -1407 -1701 1852 1028 2653 -648 1710 2210 -2376 -1590 -943 -1706 671 -564 622 830 -125 1064 -58 -226 -1169 -1708
-994 572 2506 -3614 -628 629 -471 1119 620 889 439 205 738 473 -1627 1328 1228 2230 -93 863 -1728 -3403 -540 -513 303 136 1462 -652 1286 372 505 2271 -1106 222 678 -600 191 -1672 -2215 -557 402 -330 305 -841 144 -1236 -453 2572 712 451 1969 2170 -3230 3355 -2890 3292 -624 191 1199 252 1508 -514
917 773 128 320 -1535 1979 -1445 491 -1596 225 -1472 26 -818 73 1287 -97 90 97 472 1294 -1185 -2161 237 997 -329 843 1118 1625 2051 1254 580 904 124 1835 -708 1248 -362 -395 -1431 -980 -965 -1844 -315 -348 -235 2419 -89 248 1271 1803 -2136 1444 -1664 -473 -55 1442 72 -2139 687 1041 919 -310
2613 1910 617 -1320 -336 1039 -1232 -1399 -1108 -298 491 1488 -1523 1361 1323 -765 -668 -2047 -1137 -3010 2062 1235 2033 -2967 -111 303 2413 67 2395 370 1161 -823 119 892 -1042 -245 307 -955 27 -1085 -2949 4 -2327 1796 1071 -1044 686 1876 -1553 -1328 -278 -1165 1190 401 220 -810 -1289 -2051 -1384 -1722 113 -637
-982 1611 968 330 1442 -2052 -1961 1152 1256 -233 -1220 1828 1396 -289 -1056 -973 1881 -1196 -1819 -176 -1935 881 647 -1956 -795 -3292 955 618 1237 -1073 -98 477 -1837 -72 -908 -336 -415 -54 -558 1719 508 -1292 -1222 -854 1301 -345 1304 983 -846 -416 -1286 301 -474 -831 981 -929 -1939 -3653 -686 431 1595 -1483
1606 -915 870 3068 -1425 748 -405 1365 1397 2643 -518 -1096 -785 -918 -1687 -1726 700 396 1200 867 -22 -1733 -1313 -1848 -1764 283 322 2568 880 -1436 -2120 423 -792 71 -647 -375 508 1723 519 1141 1509 -881 71 -383 1018 2549 -2096 109 182 754 -1602 431 -1811 -244 1940 -100 -2546 -77 -229 14 -718 -1792
1536 646 402 -1590 -907 961 1708 736 11 1492 603 560 -947 -2350 140 -157 553 1125 1149 -627 -204 -1703 -1005 -1798 1078 113 -42 940 160 675 1070 -1904 1297 -1643 1430 -1500 140 -200 658 -842 925 -1111 273 -782 642 -818 -30 -1564 -338 1441 -932 -754 -512 -2684 106 1125 784 709 -248 -1359 -1251 -136
-117 -323 -1149 -1131 1624 -946 -1057 -502 -1178 -892 1043 -82 1925 -1888 -694 -785 676 -871 1434 -3175 -822 977 -450 2183 -3427 -2193 887 -1480 1735 2698 -182 349 -304 -1820 -190 1515 1632 351 -818 2407 -1637 -1134 -2208 1125 -191 -1711 -368 980 -1958 1014 772 -965 1911 -2600 -1850 661 1870 365 -80 752 -1033 -1972
-1342 -790 1912 -237 877 -202 -1921 -805 -530 -888 -898 1769 211 -517 792 -1751 1054 -2782 -588 -213 -904 -495 -1506 634 1598 -981 1645 -183 797 -559 271 125 431 -1190 28 -426 420 -656 -465 677 -375 -250 -111 -1669 1568 -2258 -786 -538 824 -2221 1576 978 -386 1560 1263 -157 -1106 -976 -682 2135 -638 -104
-2191 1334 -29 103 -2033 128 825 -1057 -306 707 -3006 315 715 -2029 2273 -263 96 -1975 491 -802 960 1023 1254 -307 -1461 1402 -29 242 679 -664 689 446 642 1784 -790 -2077 -3374 -8 310 934 -29 749 429 -1232 -2505 -798 -2336 -1484 -559 1248 2475 1947 -23 -464 842 701 -394 92 -90 1493 -946 3288
1099 -1711 -724 -983 -2156 -1245 1443 252 -1584 -1418 -846 -1956 -882 -269 1487 -108 888 222 -1079 474 -105 957 388 -1029 2626 1782 -456 -2111 -414 -415 576 3638 3621 -679 -1511 -1414 1186 -576 1393 1309 -1572 1254 108 -804 -1160 -1436 -795 462 1440 -1758 3147 47 -512 -851 889 527 -959 2307 -1095 608 984 2900
1093 -501 -1934 653 691 -2700 -1973 -1135 -2728 931 -495 92 1755 -835 1696 1885 -64 -2248 -603 -1823 677 13 195 807 322 1265 -13 855 -753 -423 92 533 1223 -1171 268 591 1900 -250 1133 -93 -539 350 819 -441 -6 4063 80 387 1565 -791 -1052 -216 -748 516 -67 752 1176 -908 -438 265 -17 1261
136 -3417 -463 129 589 1080 -3886 -2204 -342 3866 -2190 2279 1830 -516 -677 -1755 1444 676 103 575 1265 -1354 481 3070 -1900 1162 -1435 434 323 1164 -95 1426 -1571 -1484 338 -502 202 -1288 -654 -968 167 480 -313 -361 1726 1135 817 3409 2289 3928 55 713 1477 -1339 -1123 983 1064 -694 1402 -206 -226 1325
-2644 -238 -1671 -41 -730 134 815 -2944 -411 -249 -2656 -506 239 721 -1071 -621 -1246 2694 150 2065 -536 1340 -1870 2041 156 636 60 -433 533 3712 443 246 1339 -1789 -586 371 -381 -1240 753 -445 -591 -1113 -1638 422 1339 106 -1151 2867 2098 417 -72 1919 -174 2703 -1894 1863 -687 441 2601 -1278 1376 1929
-1542 544 -1754 -728 602 -2315 -36 1215 -2371 -975 -1897 -1514 -1595 2403 640 -719 1274 -22 -423 -63 1031 -390 -284 -1443 -2556 385 947 -224 2762 494 -2054 3414 1084 -259 93 -757 113 -1661 1522 1838 -2033 -699 -486 -389 -1406 80 4151 -2100 -3073 999 -3661 76 -873 -559 -897 -490 -729 2674 2180 2011 -390 50
-915 234 881 -39 508 -92 2828 -2158 1770 -841 440 -1312 -1500 1564 1871 1300 291 -1246 -561 -1671 1444 -345 -307 -441 -1709 -1722 1483 -1780 1396 1006 -4475 421 1159 2298 800 -1935 -448 -808 -421 -1877 203 -972 584 -3 2113 -1072 -616 -864 659 -1687 -1665 -2239 -3122 -1494 460 244 498 -289 1268 12 1389 1413
-1329 1600 -206 533 -811 436 216 1235 -222 -1213 453 1616 1317 328 457 -1424 0 725 -2293 537 466 563 1735 921 1098 952 -2593 -876 -715 24 3582 -920 -1813 1799 -1279 -774 1455 -1938 3415 -3764 -693 -375 1597 2635 -1527 975 -678 936 1297 -1736 -2174 -1503 -57 3020 2788 -599 288 -110 -981 1096 -782 -1660
656 -86 572 -1178 -2045 -1293 -408 -1483 559 -1741 -347 995 1377 440 65 2499 -2004 1942 1327 -2163 1128 1442 205 542 -765 1176 -4058 -381 -1144 156 1158 2157 -1585 623 -777 -693 2483 1707 1499 -1716 -1891 2086 500 1626 302 -1120 687 652 681 534 982 697 1165 605 -1251 -11 3624 2520 -582 -2035 -1640 -1641
-159 298 -956 -378 575 -1759 854 -146 -737 486 1110 -687 -1494 522 2730 1823 -1525 -41 -377 965 522 -376 1680 -2746 -1404 -566 1510 -1547 -981 625 2275 528 1288 -927 978 1709 1546 -1778 -1455 938 2365 425 -215 -1412 -263 2169 -2171 1125 -843 835 327 -858 327 3065 -3022 -1011 588 249 858 -257 348 780
42 587 -279 -3496 1072 220 -532 -929 981 1861 170 -175 -1442 1588 -3423 201 44 -545 -1286 3827 1778 1235 -437 2229 -1765 497 981 1464 -576 132 991 1085 1490 248 968 -1476 964 -225 -2698 541 1640 1820 951 34 -1862 796 -2836 812 90 -2248 792 -1273 -1952 161 604 1579 430 -1359 105 -1834 986 1819
-37 -966 -539 -1752 -822 -598 -574 -627 1589 2178 -2302 1326 -2917 -855 -263 -1330 -863 1916 -203 27 2566 515 -1336 -804 843 1019 552 -1146 1166 -2143 -624 1097 1098 -2847 229 -1091 -1720 508 -586 -3489 -656 808 2102 1292 -1533 -423 -1060 54 -1114 -857 -87 593 1622 -1731 3456 1012 271 -2375 -1817 2109 1171 -3235
349 -339 -1305 1812 -110 260 -586 -128 215 355 141 -4192 254 930 -875 1781 -1985 1126 611 -335 -1251 -2548 -2873 1828 1142 1541 428 -1575 -1324 549 -1614 -2748 1303 -1891 -657 267 -2518 -428 -12 -3375 -1423 1861 2082 -988 549 -2897 196 237 1110 -2003 623 -1353 1616 2711 1301 -2028 765 -610 -382 43 -530 -1763
-835 -489 -757 802 27 777 1981 -1050 -316 -620 345 -2030 396 -663 -1197 3021 -29 -972 -1271 2402 -3882 510 1214 445 146 1573 -3340 1016 -258 -1560 -461 -1286 1555 2286 -3332 -570 1054 -1063 1171 -3351 1305 -257 -664 -1173 2092 756 -1532 -1659 265 1488 898 2258 1019 -3121 572 -629 1538 323 -1358 -1113 -504 1687
3057 -2968 -2351 -163 1415 479 -1139 1826 -1424 1590 2079 -754 817 2587 768 724 -1676 -678 1439 -879 1515 1143 283 273 -648 -256 -847 180 530 -177 -494 1737 -51 325 502 -975 1726 -1414 -1965 2279 130 924 441 -1921 -1144 969 -914 261 -192 2846 932 -2581 662 368 -1385 661 -1159 2280 -1242 -1328 423 194
1096 -395 2304 -1040 787 -410 1244 -312 2101 -2144 1052 1105 -1916 -572 2580 580 172 -1964 370 192 -1083 1401 60 -1864 -1002 860 -303 3439 -1002 2165 712 711 1439 -3192 1107 1730 -181 1446 -99 687 907 -1614 1117 -1631 -82 -261 319 1456 1257 2255 -2587 -2232 -1783 1629 2237 -213 -2209 240 1942 -1154 996 226
-448 1027 568 1271 2996 1006 2544 1726 -1175 -713 313 -2359 1240 -461 -2404 1794 2479 -1655 -60 818 -1377 -220 80 -2369 -2474 -672 -859 1870 -789 2483 1754 261 4807 -110 -47 718 -1116 1086 1303 -1593 -1191 -1039 -313 -752 892 499 -168 428 -268 -666 -1315 -64 -907 216 738 -929 -1460 1572 -882 240 -1040 2074
-675 -5 197 -731 2405 563 -480 2341 1706 -1100 623 -1538 781 1559 1470 -554 2528 502 1597 1489 2458 -2896 972 -380 70 -1011 -2014 3166 1534 617 874 459 499 850 2148 -3112 29 199 150 560 -315 613 -911 -2322 -2079 -1203 1246 1383 -695 -3130 -2633 1602 21 -3240 -377 -175 -1460 393 -2660 847 502 -843
