217 164 225 27 114 11 192 246 131 253 66 224 155 52 200 164 167 130 220 1 174 38 227 158 93 164 30 74 36 2 11 83 75 146 233 164 27 106 131 140 100 236 104 195 228 170 6 113 159 213 74 128 164 172 219 228 4 140 82 223 138 76
169 30 121 145 228 119 11 109 82 12 26 145 36 227 173 45 90 89 156 39 169 79 150 254 142 2 64 254 142 203 126 227 246 129 223 130 117 76 138 152 39 92 44 205 236 92 116 47 104 155 138 252 28 233 20 3 124 36 102 39 164 55
165 200 165 170 96 27 38 127 87 48 247 228 227 68 230 89 195 199 211 69 201 218 0 36 133 246 121 104 196 54 17 129 226 7 117 179 167 79 3 166 159 204 211 154 35 25 23 219 83 233 119 106 192 221 41 109 236 237 195 54 162 15
169 42 249 163 48 25 77 63 194 40 174 118 130 4 250 142 149 108 32 211 215 30 144 114 141 227 180 65 121 9 6 235 75 66 247 240 148 41 253 127 64 46 150 213 119 195 58 84 136 97 177 114 27 38 239 199 209 124 107 40 89 193
246 37 131 242 213 1 76 31 154 80 65 34 43 249 182 146 62 187 91 9 23 117 75 113 104 196 180 39 89 76 131 82 47 110 229 73 159 48 134 240 192 179 134 106 60 108 67 80 25 204 29 115 56 107 67 248 172 150 63 11 30 250
125 21 44 144 55 126 244 65 14 251 240 200 14 173 59 211 62 135 129 49 1 164 136 224 108 226 198 66 197 210 164 147 159 245 243 7 48 135 201 217 55 71 236 236 0 24 236 69 50 247 89 70 136 250 155 58 181 45 149 194 94 14
168 159 57 62 107 104 31 186 175 107 181 137 208 4 28 93 154 38 154 183 205 26 49 184 170 116 62 41 1 188 23 51 7 189 222 19 234 103 3 220 77 42 123 110 118 7 50 1 177 9 181 16 238 173 106 120 34 17 48 243 99 112
150 164 243 109 1 102 187 126 153 234 126 136 239 156 199 49 19 150 50 149 202 35 94 21 152 178 114 204 165 192 42 156 204 217 1 219 221 189 98 228 76 30 0 157 78 211 188 43 43 177 17 17 76 50 32 228 225 225 151 143 23 156
11 98 242 244 137 183 8 5 249 247 218 194 221 231 241 236 214 165 150 239 227 101 191 228 148 59 143 134 183 239 60 232 64 60 177 96 199 131 153 212 95 195 191 28 107 23 226 146 234 171 39 175 79 253 25 26 115 254 223 18 59 25
246 107 215 31 238 120 242 29 120 32 139 121 245 192 248 41 30 164 2 61 169 81 122 67 160 240 2 240 29 145 62 178 215 97 178 252 203 66 248 58 46 143 170 153 18 90 251 86 228 186 126 155 71 234 84 194 2 187 182 251 198 136
207 149 53 221 66 237 102 12 248 206 188 110 22 232 23 10 234 69 228 239 6 60 205 22 15 114 219 105 79 227 24 53 238 190 130 39 189 147 169 170 25 5 143 237 135 221 156 101 29 51 244 177 140 119 212 99 162 123 101 119 96 167
80 232 127 188 181 83 42 188 200 31 211 140 198 108 213 101 218 84 216 32 90 51 126 230 109 14 69 23 154 197 13 5 111 220 168 127 192 225 205 16 191 156 167 18 93 78 98 200 7 122 180 236 9 226 171 139 235 94 116 226 138 131
85 25 248 52 53 241 58 23 72 219 136 75 90 103 84 165 170 228 208 169 103 131 39 187 218 23 36 241 227 214 127 19 159 194 88 52 225 111 73 9 6 230 57 179 141 47 156 129 96 117 13 17 61 137 25 247 22 168 190 208 56 179
234 127 67 63 253 252 135 216 95 186 97 41 1 110 251 227 186 61 22 113 189 162 176 67 216 126 29 5 200 127 81 115 67 245 12 234 248 111 149 228 31 217 235 252 198 118 197 209 191 17 123 228 89 132 236 114 170 53 105 40 152 7
197 13 154 51 62 3 63 159 250 153 218 153 30 44 89 240 127 172 141 168 218 246 151 51 134 3 32 244 221 118 204 168 56 58 130 24 183 58 235 180 2 187 212 91 179 216 247 1 182 239 41 128 157 66 20 30 52 8 116 96 54 220
171 130 164 70 241 34 13 67 142 79 199 40 248 247 237 240 134 234 201 173 81 250 44 123 97 127 228 133 96 15 24 210 222 197 195 177 94 44 205 2 109 183 169 122 239 192 80 244 165 168 27 196 67 158 228 34 170 43 91 184 238 87
250 147 49 209 2 251 132 204 234 158 18 87 156 177 176 155 134 112 80 109 82 122 197 212 224 152 102 229 146 119 166 106 104 254 28 47 66 177 86 8 135 150 9 4 15 184 118 83 76 239 93 193 58 72 208 40 11 22 218 190 216 169
107 223 60 234 182 129 1 0 116 47 75 40 26 2 144 62 118 249 204 138 115 161 191 134 86 104 250 107 110 60 154 184 109 34 81 224 83 157 192 245 110 160 248 206 52 45 191 203 22 85 125 13 57 143 99 84 120 250 228 110 152 246
250 231 137 74 9 4 46 124 36 114 110 204 225 8 125 198 173 109 184 249 95 57 169 74 219 250 104 112 47 67 99 238 52 115 33 31 213 37 192 15 96 49 198 163 26 233 206 24 197 45 237 19 154 111 187 243 11 168 37 223 136 172
5 170 136 134 106 79 114 249 224 188 64 182 188 61 220 114 87 72 73 42 139 13 36 28 52 49 20 87 119 93 8 243 150 124 185 221 125 58 68 194 170 243 37 222 248 143 189 48 174 75 198 121 198 70 62 189 63 25 125 70 146 54
230 203 17 170 182 207 235 32 196 181 102 186 173 29 222 125 137 92 128 42 64 10 90 24 1 246 233 46 52 4 84 9 92 137 27 58 85 239 214 208 143 57 32 151 109 237 123 176 5 167 155 105 126 124 93 63 212 97 134 119 134 226
67 170 153 180 182 197 65 192 94 114 55 221 72 194 232 229 29 239 163 85 124 53 127 53 22 118 62 136 219 212 12 70 7 119 209 10 85 63 176 21 201 163 142 63 40 186 157 182 177 250 13 251 81 214 68 4 244 105 87 52 178 12
204 226 91 12 242 192 183 118 34 84 76 168 50 166 192 166 126 19 166 221 108 88 125 204 158 210 121 45 219 137 25 187 41 75 190 150 101 147 198 240 106 77 80 35 215 28 119 211 158 113 30 227 136 216 177 180 69 149 188 225 99 217
138 125 196 242 28 19 211 148 163 237 230 132 109 8 0 106 102 155 103 215 63 229 254 195 239 9 24 124 116 73 158 209 219 152 28 172 87 175 246 10 74 204 108 159 201 253 150 236 115 186 149 69 177 27 167 98 183 168 79 195 87 185
193 182 179 212 188 50 97 102 83 151 211 20 220 135 237 175 37 125 58 56 119 110 89 119 101 63 32 75 200 218 30 56 56 64 242 9 130 116 136 203 124 41 97 253 2 52 142 140 196 162 75 239 175 154 234 139 212 217 184 172 112 50
142 35 170 242 160 234 243 135 101 2 81 77 247 132 65 210 174 225 28 250 25 233 99 111 211 242 125 43 105 82 30 17 37 15 18 231 172 52 19 52 114 15 232 163 109 126 113 143 218 14 237 103 86 78 167 225 53 8 139 108 242 215
238 142 218 97 71 131 221 42 14 167 33 81 173 193 21 60 102 249 141 62 169 135 42 107 89 169 110 79 22 197 204 102 28 164 143 78 44 116 28 142 56 99 132 139 71 157 235 153 212 226 10 234 169 225 212 205 172 49 173 131 209 214
199 102 209 90 150 79 156 183 235 100 45 223 56 21 199 76 225 194 133 162 17 73 105 247 23 55 147 244 167 149 174 124 217 92 110 185 189 41 253 85 25 210 40 146 3 204 125 198 233 48 65 240 85 82 199 150 109 91 118 49 230 165
115 71 26 167 191 243 252 249 237 101 120 191 49 155 30 13 53 185 91 209 178 161 25 90 139 137 126 76 120 73 28 32 45 108 52 105 198 228 140 12 80 52 30 113 34 223 60 8 246 183 53 171 2 125 52 148 13 155 17 169 200 38
112 150 97 35 196 237 1 133 130 165 8 228 236 218 146 212 37 11 50 143 192 117 147 82 51 59 236 61 188 54 253 172 31 241 234 24 169 12 156 42 79 100 230 122 52 15 90 234 61 238 92 140 76 98 254 4 108 82 25 181 173 25
227 152 222 191 190 26 24 35 192 172 154 11 249 252 243 31 67 191 175 12 252 197 144 206 63 76 193 128 88 113 144 101 160 21 236 145 196 129 231 34 8 220 9 236 139 7 150 88 183 147 104 120 246 168 110 193 36 222 117 67 168 185
88 94 54 25 131 19 197 45 245 61 171 90 243 197 231 102 18 158 10 149 80 20 254 164 153 39 140 35 0 102 224 197 215 95 154 161 5 103 184 244 159 84 95 234 226 85 174 73 17 54 10 141 219 237 72 117 101 162 246 187 83 31
226 91 27 41 183 247 49 19 237 131 91 28 27 182 44 217 125 203 228 6 56 222 79 44 181 59 96 215 6 196 23 197 132 0 166 137 105 239 96 183 176 217 159 2 221 32 249 120 190 27 238 88 233 97 149 223 14 228 81 42 133 191
64 8 9 57 116 118 100 73 126 128 144 99 39 68 91 250 203 72 59 194 20 113 178 203 50 203 153 241 127 131 238 138 65 51 94 225 193 229 34 164 150 197 210 220 103 0 145 66 231 33 233 198 108 217 58 82 38 156 142 236 124 90
62 1 35 159 227 216 151 241 240 121 177 154 93 64 195 104 149 36 158 139 182 223 128 149 225 91 185 63 138 190 200 242 37 108 145 174 45 157 144 242 173 43 151 41 132 188 175 187 104 100 140 141 92 98 82 29 254 58 138 15 106 149
126 45 129 187 146 251 236 106 22 121 170 197 83 222 10 237 86 176 197 48 122 57 32 6 60 3 20 125 62 8 44 93 253 133 76 237 16 217 48 253 155 133 246 191 141 9 178 239 233 210 131 170 131 145 249 120 119 42 200 133 216 97
231 220 191 36 59 56 74 109 12 208 219 93 164 175 84 67 252 34 152 53 84 230 13 234 37 60 72 140 164 40 37 39 27 2 184 252 0 48 245 51 69 88 41 80 169 156 132 57 217 39 152 116 136 15 95 175 59 33 27 224 11 60
251 84 37 59 131 26 95 190 67 249 153 193 27 28 155 29 160 238 189 70 13 120 56 20 55 239 54 183 169 188 223 145 104 250 159 254 66 74 145 0 8 231 75 243 225 163 7 90 163 152 3 228 103 204 93 65 213 185 114 1 50 165
163 216 245 71 58 174 44 161 251 207 183 218 52 127 170 79 254 60 11 139 75 216 203 182 67 9 167 226 47 203 206 91 135 184 6 148 137 110 249 135 233 106 50 210 237 75 83 199 61 9 133 117 77 254 47 218 141 94 115 137 235 57
232 215 43 196 46 174 179 181 30 210 87 33 23 250 246 91 182 12 98 82 122 13 203 121 224 30 232 56 84 233 172 187 74 169 142 229 27 85 216 107 78 250 181 46 79 214 71 141 34 244 86 188 107 213 195 105 196 39 221 134 68 215
232 185 44 222 22 246 133 250 194 232 37 197 135 168 195 91 91 38 20 253 238 6 197 156 74 31 72 14 63 89 217 120 108 165 79 30 159 104 254 102 234 180 76 127 21 48 93 94 194 253 73 233 194 24 53 159 130 34 132 141 64 22
7 180 252 186 241 226 102 141 26 42 93 222 104 48 194 145 156 173 9 210 44 108 48 249 79 191 72 215 31 71 245 157 140 233 141 65 171 3 141 219 14 175 71 26 163 247 59 164 29 4 121 82 242 132 28 135 242 64 185 170 22 35
15 6 76 19 179 89 128 82 237 220 240 146 140 151 233 71 125 125 103 30 123 96 140 132 32 1 87 254 198 167 24 11 11 97 170 31 188 6 42 79 62 223 180 35 173 111 225 54 52 194 156 220 20 102 63 46 64 93 227 52 248 177
138 233 106 182 0 215 113 64 175 102 67 152 118 38 230 212 168 181 146 129 203 37 48 147 168 49 118 60 191 242 247 93 246 44 187 195 211 130 122 48 6 228 56 68 62 227 238 209 46 11 20 62 211 81 164 107 154 154 5 135 85 157
172 113 76 214 165 59 173 6 172 119 202 201 193 213 176 154 238 182 25 30 225 191 239 103 21 198 238 172 142 70 244 186 82 190 166 156 100 73 175 53 128 236 127 128 43 73 56 75 38 249 254 188 91 218 110 3 11 179 109 211 169 203
195 170 188 80 127 183 92 199 187 125 199 118 187 117 223 236 104 115 253 111 177 99 197 87 191 32 194 214 62 175 90 218 230 51 99 143 223 200 241 124 181 33 208 207 42 151 0 121 146 11 187 86 204 128 94 89 252 181 167 135 5 40
150 5 182 51 199 84 235 147 78 64 89 199 250 249 141 69 142 87 253 103 149 157 188 94 162 130 105 91 0 64 69 43 33 78 149 193 43 73 82 203 166 143 57 241 120 246 222 68 4 237 187 121 215 238 20 133 217 98 147 24 161 130
66 148 121 195 198 238 199 23 192 114 101 18 184 154 200 211 88 21 38 31 14 173 190 36 91 118 122 17 131 32 127 207 0 199 156 43 141 117 78 143 254 58 153 213 235 169 91 176 170 59 5 81 29 197 168 36 134 164 170 82 149 210
87 79 94 99 80 223 207 101 96 165 110 122 62 51 91 253 182 222 202 149 212 59 147 94 47 196 185 104 150 238 179 163 221 148 3 175 243 50 201 143 181 167 133 128 105 243 113 211 212 176 191 29 78 64 227 241 54 117 233 176 116 248
156 84 169 195 61 135 107 221 208 70 124 250 107 227 218 57 221 67 169 136 187 82 149 169 79 150 27 10 23 145 23 248 232 69 132 109 125 156 181 42 154 170 204 68 48 251 219 149 2 157 27 93 186 226 236 2 136 196 50 240 28 191
253 110 85 78 170 232 222 101 20 224 32 112 154 80 75 45 147 207 179 127 18 234 141 103 36 125 156 110 27 72 188 176 23 240 248 124 223 94 165 186 180 102 128 52 157 212 66 89 86 244 248 181 248 47 145 70 96 119 122 104 233 236
54 33 35 138 121 175 195 154 26 3 121 148 68 46 168 1 7 104 175 12 47 240 124 171 90 112 8 162 64 117 40 85 234 141 46 180 214 216 48 109 26 55 86 153 193 19 114 176 98 174 206 158 93 114 171 197 160 0 143 239 226 43
139 87 103 212 47 127 23 231 196 173 249 127 26 56 205 176 165 160 145 161 46 17 216 197 46 155 53 114 214 235 93 11 129 49 221 227 64 100 32 97 5 197 230 194 188 32 73 69 120 71 213 112 146 40 236 115 145 60 137 132 81 198
15 151 200 28 215 122 36 203 35 230 212 98 180 28 135 35 168 162 173 209 89 48 89 1 41 37 184 220 203 25 179 215 81 100 16 190 91 39 242 43 217 94 214 96 122 11 245 84 86 48 109 162 15 49 143 43 215 103 86 99 49 96
104 118 82 214 46 3 136 103 1 224 17 239 126 246 63 131 42 76 142 249 195 20 212 251 218 218 57 53 116 131 252 82 199 10 22 148 140 179 131 68 103 72 168 34 156 247 197 222 107 67 57 121 113 57 84 15 133 160 37 196 132 232
168 51 25 47 9 95 130 208 197 142 49 160 27 233 46 220 120 143 241 230 226 27 229 23 11 45 184 228 114 218 116 172 109 7 22 249 134 135 157 130 216 22 17 105 119 60 5 217 254 203 46 38 69 62 148 133 17 137 112 242 57 242
193 63 217 27 113 97 243 83 167 164 117 244 119 223 48 43 245 167 62 187 64 243 9 186 113 201 148 171 227 225 114 125 46 239 175 3 10 216 48 128 65 52 5 33 218 221 102 166 3 142 165 29 187 2 0 242 239 125 179 150 61 146
88 245 239 56 20 215 227 197 229 42 201 223 181 103 88 10 191 3 215 202 90 53 199 188 70 252 126 148 191 33 226 55 37 10 204 58 127 21 50 188 106 7 86 217 207 222 217 34 28 185 12 236 218 140 249 166 193 147 215 186 23 11
113 108 91 94 113 209 123 62 74 33 160 161 78 159 153 91 158 78 42 52 236 142 78 192 38 2 130 232 127 227 225 215 7 122 217 201 166 248 135 37 169 127 126 118 104 230 8 215 158 107 143 38 204 193 179 75 173 132 206 2 152 174
249 233 143 26 146 67 28 137 233 147 169 222 189 242 84 19 174 198 52 104 150 199 61 136 128 5 6 113 108 46 43 21 102 66 102 230 180 206 13 135 218 70 216 63 9 158 143 53 128 213 244 67 28 79 78 67 58 122 98 33 240 41
63 78 194 249 207 18 155 144 64 107 246 204 237 189 186 148 46 149 137 86 132 29 225 53 245 187 17 32 63 212 236 48 242 142 108 234 99 72 18 39 133 34 190 51 71 145 98 66 100 161 47 45 16 47 133 130 4 67 251 105 25 200
98 7 156 115 103 111 104 14 7 34 225 126 73 164 97 239 89 200 6 13 156 44 104 217 150 22 238 201 198 175 172 51 115 130 82 56 11 7 153 15 177 226 154 106 167 195 31 178 212 252 165 253 159 217 32 88 160 114 97 224 140 66
