-0.012325 -0.527581 -0.287591 1.123400 -1.422224 0.894026 -1.526799 0.240408 -0.642093 1.592202 0.103727 0.431781 -0.037674 0.188862 0.290219 -1.138600 -1.510776 -0.846498 -0.025062 -0.364830 -1.048453 -0.202759 -1.441802 0.750696 -0.796620 0.601588 -0.984432 -1.027357 -2.392704 0.369574 0.682701 -0.597610 0.781327 0.463998 -1.421161 -1.177251 0.929472 0.217811 0.591363 1.081559 0.254290 -1.882203 -0.529478 -0.516253 0.255210 1.579917 -0.137028 0.152304 0.110969 -1.803207 -0.567968 0.023837 -0.917185 0.922583 -1.292997 -1.295523 1.125735 0.608324 0.362448 -0.082984 0.767713 0.447477
0.018545 0.825341 -0.585660 0.391223 0.524627 -0.217790 -0.078953 1.303143 0.545283 -1.004535 0.921883 1.184501 0.238677 -0.975734 -0.098763 0.317345 2.543831 -0.357160 0.405736 -0.320913 0.414115 -1.357048 -0.184665 -0.241272 1.800516 -0.949409 -1.840705 -0.718651 -1.509534 0.793526 0.655437 -0.600763 -0.245754 0.003922 0.132459 1.511234 -0.949241 -0.457133 0.432580 -0.230175 1.650169 0.486205 -1.252476 0.146490 -1.021409 0.577036 1.607542 0.247894 -1.250967 -0.554227 -1.086568 -0.111667 0.918265 0.222052 0.991112 -2.047228 0.890525 -0.587930 0.459233 -1.039484 0.629024 -1.194200
0.089913 0.187849 -0.316696 0.203176 -1.181982 1.376346 1.445038 -0.999573 -0.427990 0.711954 -1.174256 -0.995018 -0.643562 -0.035927 -0.010418 0.917674 0.118600 0.152940 0.794353 -0.845722 0.099873 -1.682913 1.059728 -1.570710 -0.411030 -0.758096 1.835632 0.119092 0.806612 -1.339245 1.161905 0.659869 -1.167138 -0.086172 1.648037 -1.038140 0.045954 1.991110 0.630418 0.976857 2.356046 -0.651166 0.425449 0.298148 -0.756062 -1.771491 0.532428 0.003794 1.205024 1.524839 1.844136 0.269359 1.747357 1.375465 -1.910299 0.111188 0.047799 2.550607 0.091544 -0.418160 1.162214 0.237572
-1.742545 0.045363 1.635177 -0.290944 -0.942234 -0.714804 -0.547902 0.940405 0.939416 0.093853 0.681861 0.916408 0.282714 -1.385711 -1.153098 0.506965 -0.096362 2.001851 -0.656836 -0.370967 1.497732 0.043341 -0.714154 0.871142 0.524453 -0.197305 -1.693015 -0.839171 1.554271 -0.433511 -0.235315 -0.237937 0.083000 1.231618 -0.289186 1.544314 1.431893 -0.690066 -0.744510 -1.611466 0.456526 0.931583 0.838603 -0.272503 0.312676 -0.056801 0.238261 -0.996303 0.649449 -0.465602 0.719955 0.253216 -0.957966 1.025125 0.351795 -1.271110 0.490392 -0.257539 0.174396 -0.689156 0.856777 -1.403362
0.055456 -1.637837 0.292591 0.890801 0.119553 -1.965790 0.925563 -1.254148 -1.550794 -0.371614 0.185846 -1.131034 -0.021767 0.883112 0.301344 -0.137518 -0.576079 -0.425040 0.290633 -1.408036 -0.072481 1.020474 1.541248 -2.014243 -1.015555 -1.194003 2.827473 -0.609198 -2.379021 0.791010 0.907651 1.241614 -0.518339 0.481036 0.012875 -0.329912 0.010997 -0.697968 1.014127 -0.551958 -0.004307 0.163074 -0.510735 -0.130217 0.119000 -0.210220 0.200831 -1.159719 0.912371 -0.198916 0.808456 0.012440 -0.918905 -0.182575 0.293268 -0.875341 -1.314913 -0.406914 0.706818 1.182582 1.551694 1.237873
-0.156112 -0.059594 0.040779 1.044882 -1.278595 1.208846 0.019361 -0.951281 -1.049229 -1.255412 -0.003943 1.672579 1.635596 -0.696669 -1.587083 0.658105 -0.160838 0.286090 1.227628 -0.906680 0.282354 -0.862299 -0.646004 0.314823 1.954352 1.893434 0.080621 0.262625 1.182415 1.027832 -0.712623 -0.473685 0.067953 -0.139266 -0.724470 0.508433 -0.414233 -0.713201 0.320087 0.347048 1.505273 1.300868 0.569382 -0.249168 0.232118 0.394402 -0.794103 0.630080 0.760179 -2.300723 -1.183596 -0.212339 -0.263047 1.279644 0.994081 -0.073974 0.241453 -0.399571 0.176670 1.481901 -0.197668 -0.443799
-0.204106 0.222061 -1.543285 -0.667287 -0.513912 0.149770 -0.377687 0.487465 0.512669 -0.839071 -0.572741 0.783746 1.818260 0.574992 -0.558737 -0.835866 1.268046 -0.510160 -0.065227 1.332839 -0.922044 -1.036490 -0.544888 -0.067387 1.565248 0.754322 -1.190649 0.472053 -1.181476 1.565480 -0.077700 1.340077 -0.802976 -0.044934 0.760352 -1.348246 -0.717072 0.354893 1.048503 -0.096001 0.925041 1.100689 0.489999 1.404702 -1.213376 -0.474722 0.327997 -0.399819 -1.240004 0.196328 0.549011 -0.340021 -0.484924 -0.415871 0.165832 1.134627 -0.048612 0.129914 1.174592 0.302041 0.178608 2.274545
-0.394191 1.267808 0.578981 0.133258 0.409225 -1.236768 1.492378 0.332292 1.000755 0.452021 0.615585 0.285063 -2.354819 0.041499 0.450119 -0.028756 -0.785971 0.713927 0.317543 1.096806 -0.355837 -1.389850 -1.110023 -1.253862 0.335114 -0.530901 -1.892594 0.224021 0.632887 0.936822 0.006196 0.623795 -0.648873 0.776907 0.970040 1.478398 0.336984 -0.915929 -2.110161 0.026314 -0.652472 0.388481 -0.173793 -0.550588 1.430463 0.631342 -0.425937 0.418335 0.465661 0.935661 -0.701367 0.596532 -0.616810 1.124107 0.833016 0.042056 -0.576032 -0.575644 0.647495 0.726740 -0.319799 0.313767
-1.011859 1.237172 -0.121211 -0.830826 -0.271857 -0.055817 0.159585 1.889306 0.923596 0.777834 0.500869 -1.772813 0.282612 -0.970313 -0.146864 0.748483 -1.370590 -0.174455 -0.691833 -1.143142 0.064445 -0.394770 -1.689587 0.450870 -1.871312 1.520389 0.263080 -0.015504 0.491509 -0.757836 -1.111145 0.739358 -1.825252 0.329673 -0.617430 0.456659 -0.465765 -0.028544 -0.956253 0.162841 0.834901 -0.046077 -0.799228 1.183638 -1.140674 1.909548 -0.743833 -0.111364 -0.313671 0.929851 0.005558 -0.414141 1.420616 0.035080 -1.025875 -1.128811 0.409174 -0.190998 0.148862 -0.100057 0.490040 -0.035795
-1.237314 0.173520 0.064118 0.979284 -0.728115 0.902251 -0.523211 0.290193 1.446471 -1.201375 1.081420 -0.610715 -0.604164 -1.337624 -3.580462 0.087109 -1.779716 1.711884 0.459504 -0.495831 -0.148428 -0.688971 1.768319 0.323499 0.206370 0.548658 0.818471 0.843022 -0.165799 -0.432831 0.994864 1.790443 2.012462 -0.800485 -1.787004 -0.755748 -0.524249 0.905895 0.267431 -0.860663 -1.861978 0.931572 -1.684537 1.081779 -0.530394 1.735087 -0.097179 0.917797 0.680241 -2.490062 -1.464341 -1.181006 1.020813 -1.684774 0.667633 1.315671 -0.271586 0.776473 -0.829063 0.262986 -1.437938 1.123129
-0.925146 0.771689 -1.111898 1.086890 -0.467996 0.962714 0.526108 -0.040319 -0.414948 1.064937 -2.068481 1.882522 0.708414 1.898858 1.556641 -0.226073 -0.977898 0.767626 -0.862227 -0.458829 -0.420975 0.162228 0.267893 -0.223997 1.032225 1.490866 -1.007089 1.318365 0.469005 -0.501116 -0.040478 1.116157 0.503902 -0.345500 -0.185847 -0.433526 -0.873042 1.341302 -0.016788 -0.036844 0.103928 -0.212276 -0.406524 -0.353375 0.540311 1.729203 -0.623495 -0.336253 0.107822 0.830729 0.580333 -0.125562 -1.247656 0.671456 0.471110 -0.185908 0.959175 0.639301 0.703262 0.972231 -1.996573 1.058094
-0.418479 -0.082759 -1.460010 0.651664 -0.662271 0.651762 -0.873490 -0.523475 0.366959 -1.630865 -0.835256 0.450478 1.110706 1.188205 0.001061 1.753594 2.064479 0.854479 0.372815 -1.882898 1.255360 1.259046 -0.330630 -0.521139 1.312603 -0.658342 1.189248 1.457756 -1.342361 0.135174 0.253803 0.586522 0.754852 0.967726 -0.187034 -1.225885 -1.083659 0.928249 -0.079214 0.119766 -0.106441 -0.452249 0.036944 0.416325 -0.490680 0.602070 0.297438 -0.838768 0.266710 1.593196 -0.613660 0.263253 0.326241 -0.123729 -0.369413 -0.889795 -1.111411 -0.668271 -0.029279 -0.844746 0.192800 0.103394
-2.227366 -0.544196 -1.305892 -1.004439 -1.721191 0.490266 -0.330590 -0.279062 0.208772 -1.332263 -0.761003 0.181194 -0.575715 0.599287 0.842795 0.704724 0.450363 -0.010964 1.056993 1.012992 -0.862870 -0.062036 -0.679293 -0.471221 0.385285 1.297493 -0.224834 -0.286886 1.211304 1.087997 -1.224644 -0.018647 -2.115023 1.638251 -0.043276 1.483546 -2.489520 -1.653216 -1.730720 -1.344353 0.469882 2.216492 -1.115745 -0.284237 0.032828 -0.723155 -0.150626 3.233506 1.029112 -2.129264 -1.366751 -3.019121 1.401562 1.166323 -0.040311 -2.818786 1.786191 0.514156 -0.006339 -0.260352 1.819726 0.320117
1.451420 -0.962725 0.128620 0.330396 0.171508 0.953670 1.108485 -0.617107 -1.713579 -1.558994 1.311546 -0.501173 0.957379 -0.401379 1.023282 2.126544 -1.483257 0.228649 0.739712 -0.378576 1.301452 1.337463 1.057373 -0.799219 -0.261246 -0.434184 0.317399 -1.363608 -1.018643 1.861814 -0.536756 2.065596 -0.556382 -0.265051 -0.668776 0.535034 2.506259 1.542382 0.515503 -1.760108 0.470756 1.557571 0.117769 0.202043 0.354547 1.844467 -0.158218 -1.008668 1.440392 0.962544 0.209444 0.169292 -1.819920 0.617205 0.590699 -1.285731 0.327035 1.371516 -1.200590 0.522985 -0.643815 0.870802
0.228006 1.551937 0.598318 0.444661 0.040430 0.100729 0.761304 -1.655747 1.274544 0.140071 -0.121317 -1.135027 -3.010146 0.330788 -0.215330 -1.683730 0.552590 0.662773 -0.205989 0.287772 2.107729 -0.667309 -0.364336 -0.129115 0.238078 -1.210703 2.007209 -1.126828 -0.113091 0.829790 1.335924 1.616349 0.477014 -0.640313 -0.208847 -1.214582 -1.861380 0.444663 1.319351 1.404125 0.448432 -1.044320 -1.354867 -0.678990 0.003649 -0.184497 1.747890 0.635409 0.432551 -1.944398 -1.647579 0.407947 -0.384550 1.528843 0.574806 -0.177019 0.392018 -0.098256 -0.409694 -1.081006 -0.177201 -0.345306
-0.279632 0.048501 1.221171 2.024533 -0.230891 -0.291712 -0.126685 1.392541 -0.848561 -0.396373 -0.526302 -0.428903 1.378525 -0.623933 -0.490119 -2.267700 -0.153417 -0.166040 1.037847 -0.562282 1.386198 -0.349582 -0.529307 0.450112 -0.478694 0.140286 -0.770773 -2.260008 -0.826754 -0.734509 -0.579858 -0.291997 -0.959688 0.769149 1.366154 -0.889802 0.838839 -0.112479 -0.498127 -0.665920 -0.427048 1.043995 0.281611 0.408739 -0.605388 0.851613 0.749067 -2.092155 0.148121 1.073303 -0.053471 -2.080683 0.849867 1.110368 0.592338 1.345864 0.203197 1.353210 -1.987530 -1.227435 1.315949 1.252920
0.212262 -1.184192 1.297215 0.027329 1.304808 -0.805973 -0.975648 -1.058545 -0.331823 -0.638719 0.594712 0.437604 0.304734 0.262854 -1.235456 -0.734482 1.083850 0.699709 -1.765290 -0.200029 -1.011665 0.763406 -0.832696 -0.415956 -1.157809 0.283025 0.490028 -1.158551 0.375730 0.408527 -1.409599 1.307899 0.924828 1.247337 -0.439234 -0.599591 0.312715 -0.135095 -0.352729 -2.311259 1.013805 0.087239 1.861253 -1.140399 1.113297 0.544390 -0.664502 1.354472 0.388244 0.036379 0.160997 -0.419246 0.158419 1.066147 -0.027777 -2.122781 -1.404610 -1.271895 1.710810 0.387953 -1.311221 -0.752004
0.454833 0.485294 -0.415413 -0.181426 0.120689 -0.355776 -0.034732 1.764631 0.228286 0.341643 -0.392826 0.335622 -0.589469 -0.075448 0.531547 -1.985653 1.116059 -0.512868 -0.025447 0.232271 0.989814 0.628629 0.225815 0.377746 -0.124477 -0.039393 1.188263 0.602989 0.059052 0.807825 1.308691 -0.527822 -0.190489 -0.371014 0.890723 -0.010254 -1.208219 -1.976084 -0.138998 1.906540 -1.276123 0.310277 -1.340378 1.240609 -1.002389 -0.083265 1.214299 0.848678 -0.118649 -0.090664 -0.572873 -1.415796 1.062290 0.765795 1.303325 0.869765 -1.936583 -0.332093 -0.950589 -0.289762 0.987188 0.485749
-0.462918 0.553818 0.307974 -2.263409 2.106892 -0.545363 1.598314 -1.050994 0.319915 -1.404423 0.769150 -0.516495 0.664225 1.070172 -0.740547 -1.817247 -1.384985 2.954814 1.098099 -0.831038 -0.066420 -0.594298 1.680616 0.930586 0.605991 0.174316 0.249830 -1.452111 1.188550 -1.598488 -0.172629 1.407485 -0.864259 0.975763 0.358281 0.894804 -1.149694 -0.000476 -0.403098 -0.168122 -0.574269 -1.741562 -0.661163 -2.317662 -1.357494 -1.170488 -1.933820 1.551629 -0.602673 1.652968 -0.369325 -0.130492 -0.038761 -1.987581 -0.358764 0.455866 -2.270854 0.972963 0.117233 1.520352 0.427724 -1.177277
0.138726 0.341359 -1.367459 -1.161004 -1.263269 0.212496 0.817667 -1.674547 0.311086 -1.267366 2.031935 -0.869692 0.640856 -0.245788 1.619818 -0.022959 1.398624 0.481140 -1.153103 -0.737406 0.635731 0.333652 0.828808 0.896705 1.215524 -0.688542 1.483725 -1.423196 -0.321339 0.066912 -3.848289 -0.768244 0.176803 -0.213836 0.899336 1.564361 -0.430449 1.084907 -2.305201 2.375941 0.929180 0.985291 -1.540855 0.961311 2.116453 -0.729925 0.258046 -1.049230 1.692212 -0.905647 -0.116607 0.325463 -0.402109 -1.293665 -1.239936 0.048640 -0.233082 -0.021131 -0.322902 -0.043861 -0.669287 -1.129411
0.419615 -0.882274 0.898411 -0.164128 0.970752 0.168488 -0.073738 -1.260312 1.454946 0.708104 1.867519 -0.607996 -0.950037 -1.191342 0.508973 1.283970 -0.569966 -0.033243 -0.720051 -0.407012 0.541830 0.919616 0.104895 -1.670169 0.004542 -1.338816 -0.307206 -0.489145 0.613307 0.683586 -0.312233 1.367292 1.133729 0.103182 1.402822 -1.521967 1.049527 -1.750485 1.256087 -1.171212 -0.362210 0.826596 0.050441 -1.190701 1.028820 -0.126177 -0.445170 -0.925254 0.860709 0.028967 0.973803 0.807278 -0.357259 -0.728927 1.050033 2.845940 -0.951184 -1.072353 -0.240534 1.188091 -0.115644 0.185976
0.301937 -1.409287 0.769518 -1.400518 -1.690400 -0.369296 0.438614 0.560867 -0.524473 -0.289057 -0.603137 0.489473 0.430303 -0.070424 0.696078 1.601783 0.197472 -0.287536 0.034790 0.245566 0.799988 1.410672 2.158295 -0.200281 -0.806615 0.661372 0.482533 -1.636048 2.169449 1.015000 0.526143 0.167286 1.502870 -1.729328 1.319841 -2.512219 0.274552 -0.063557 0.982118 -0.128056 1.349312 0.170216 -0.634660 -0.658284 -0.696311 1.185198 -1.338399 -1.267606 1.920854 -0.202975 -0.428601 0.667909 1.216346 0.097596 0.502383 0.274514 1.435484 -1.215940 -0.045723 -0.098345 -0.242105 0.680545
-0.996640 0.686228 0.567727 -0.633313 -0.587909 -1.380439 1.866805 0.378976 1.142008 -0.210172 0.149455 1.214182 1.426664 0.202202 0.627420 -0.947372 1.481249 -0.460808 -0.646179 0.430362 1.511454 -0.031578 -0.083582 0.057483 1.030372 -0.807195 -1.443056 1.206017 -0.218588 -0.292084 -0.431045 0.828921 -0.262243 0.151215 0.453883 0.194849 1.697288 -0.830972 -0.501775 -0.133775 -0.718737 0.021049 -0.087829 -0.120888 0.901254 0.654441 0.258963 0.638503 0.855597 0.102149 0.256329 0.800358 -0.141175 2.069498 -0.566671 0.784408 -1.787214 0.496932 1.687245 -0.311260 -0.245528 -0.740616
0.061636 -0.031946 1.080120 -2.147839 -1.497036 0.518665 0.188255 -0.705620 0.274905 -0.008182 0.734590 0.066894 0.594477 -0.218914 1.393814 0.724198 0.347605 -0.400571 0.186168 1.068437 -0.182054 -0.099432 -2.808534 -0.300757 -0.782040 1.100393 0.778690 0.084176 -0.786501 0.989720 -0.421126 -0.023286 0.688791 0.436173 -0.619609 -0.518815 -1.165734 0.099309 -0.204312 -1.423890 0.719544 -1.212768 -0.443672 0.964074 -0.097458 -0.274608 0.923067 0.165575 -1.785177 -0.345897 2.101530 -1.362986 0.716097 0.223007 -1.359285 -0.595479 -0.301643 1.807000 -0.031925 -0.655207 0.585158 0.418688
0.195037 -0.325105 -0.342538 -1.289916 1.267091 -0.669204 -0.148541 -0.472679 -0.989406 -1.271667 0.222831 -2.126168 -1.232957 -0.494910 0.736717 1.351458 0.501993 -0.748240 0.450586 -0.924961 -0.265406 -1.107269 -0.971931 0.131028 0.401553 0.537825 -0.638285 0.339240 -1.179660 -0.291487 1.306360 -0.378250 -0.551495 -1.104592 1.779744 -0.101207 -0.620470 -1.594081 0.842669 -0.411005 -1.667931 0.108530 0.466495 0.400259 -2.147338 2.185871 2.683537 -0.524454 0.594247 -0.573629 1.724821 0.163105 -0.015349 -0.398962 0.852236 -0.364715 -0.817686 0.822564 0.386235 -2.442401 1.207054 0.710716
1.298831 -0.934633 1.888398 -0.988083 0.352121 1.105953 -1.162102 0.830000 0.424927 1.146880 -0.317667 1.925893 -0.529525 -1.242362 -1.437797 -0.028837 0.255450 2.624557 -1.103524 -1.180639 -0.138292 -0.207139 0.044097 2.200647 -0.573712 1.616811 -0.539657 -0.089150 -1.226422 0.305341 0.571760 1.652565 1.615652 0.064157 -1.040066 0.185534 0.523535 0.556517 -0.588418 -0.913355 -0.100658 -1.933855 -0.154020 1.145999 -0.003130 0.824206 0.718909 1.042498 0.931609 0.810290 0.544953 -0.433218 -0.464068 -0.053457 -0.176936 1.624371 -0.569603 -0.902639 2.223461 0.258701 -0.141949 1.870242
-0.409881 0.168453 -0.285156 -1.016420 -0.483025 2.315161 0.187801 0.009235 -0.104832 -0.344572 -1.201781 -0.809641 -0.930217 1.682405 -0.638974 0.449876 1.132823 -0.971603 -0.414194 -0.610165 -1.213503 -0.506571 -0.493167 2.373434 -0.526596 0.616232 1.799622 0.037723 -0.376517 0.871044 -0.139992 0.135750 -1.906549 -0.555310 -0.380754 0.118105 -0.174377 -1.037553 -1.189371 -0.018786 1.211533 0.984012 -0.698330 -1.627981 1.380083 0.822533 -0.408704 -0.171257 0.093867 1.030911 -2.340062 -1.508360 1.090183 0.949413 0.438033 -1.027641 0.821699 0.413451 -0.647687 -0.914109 -2.043023 0.588647
-0.541118 0.756522 -0.018023 1.629572 0.113467 -0.350805 1.213962 -0.936604 -1.833646 0.761930 1.853628 0.156215 -0.200787 1.041451 -1.662379 0.236968 -0.722180 -2.268873 -1.058541 0.089866 0.240640 0.766135 0.589545 0.576013 -0.808281 -0.789000 0.452407 2.013306 -0.103456 1.160284 -0.424736 -0.026222 -0.155685 0.059601 -1.411331 -0.236034 0.574849 0.254475 -0.435730 1.534158 -0.603912 -0.575544 -0.767302 -1.197067 1.055960 -0.217152 1.006870 0.202161 0.720352 0.437860 -1.368000 1.434778 1.411381 0.294243 0.607312 0.299141 0.116367 -2.152588 0.378229 0.411528 -0.271760 -0.619086
-0.483480 1.019206 1.056070 -0.607679 0.545948 -0.562535 1.196499 -0.326485 -1.279250 0.227141 -0.169327 -1.436338 -0.415109 1.473958 -0.358630 -1.451562 2.229480 -0.811373 0.836134 0.831850 0.911716 -1.790267 1.629789 1.308540 0.067789 2.369750 -0.470535 1.270953 -1.381398 -1.208045 0.134252 1.055399 -0.416029 0.091246 -0.854698 -0.663190 -0.792713 0.969130 -0.506042 -0.192358 -0.749463 1.771975 -0.334712 -2.214726 -1.545949 1.291805 0.811920 0.294794 -1.866042 0.231104 -1.049421 -0.477800 0.954838 0.144080 0.678163 -0.074445 -0.236100 -0.439353 -0.966923 -2.011851 -0.219881 2.324409
0.020886 -0.131062 1.270621 -0.020946 0.535725 -0.305349 -0.827966 -1.702041 -1.234165 0.487657 0.628091 1.862354 0.299442 0.300793 -0.184738 2.672985 0.998668 -0.302424 0.623550 1.478424 -1.050349 0.497028 -1.039155 -1.058050 -1.361312 -0.080123 1.956576 -0.016786 0.143247 0.089841 -0.529795 0.405171 -1.779670 0.527117 1.661657 -0.286125 0.834498 1.704470 -0.265184 -0.915095 -1.612404 0.772667 0.178125 -1.580027 0.765149 -2.644624 0.767608 0.123922 1.020625 -0.380547 -0.302339 -0.481820 -0.480343 -0.103584 -0.279771 0.836567 -1.025650 0.339382 2.576286 1.239913 0.760867 0.107444
1.267339 -2.783472 1.436447 0.054440 0.090855 0.257064 1.652055 -0.930264 -0.305332 -0.107926 0.121620 1.007388 0.246162 -0.245947 1.443154 -0.463918 -1.206310 2.329135 -1.219947 0.727858 -0.163077 1.083703 -2.663463 0.528390 1.222598 1.385517 -1.048303 1.265956 0.391343 -0.587301 0.223071 1.097682 0.525076 -2.988278 -1.152095 -1.151987 0.164022 1.810632 -0.608262 1.295799 -1.076967 0.930972 -1.404694 -0.104230 -0.274189 1.398821 -0.995589 -0.706589 0.493955 -0.089816 0.629540 0.328374 -3.055153 0.662570 -0.005499 0.071997 -1.827573 -0.759554 0.451907 0.796622 0.383833 0.925671
-1.016741 0.774863 0.463665 1.309619 -0.451487 0.642690 -0.336527 0.470365 -0.201175 0.113051 -1.222452 -0.130090 -0.027551 0.062891 -0.467399 -0.224568 -1.120149 -0.197530 0.714490 -0.645418 -0.084260 0.869880 -0.030345 -0.699745 0.237700 -0.588011 -1.004392 1.533866 1.705004 0.279935 1.624380 -0.600430 -1.547291 0.580033 -1.165465 1.139594 -0.702284 0.091155 -0.647962 0.043260 -0.454466 -0.399806 0.554693 0.174091 2.017249 -0.124560 1.267918 -1.312187 0.344286 -1.310566 0.275183 0.819532 -0.104074 -1.036920 -0.794974 0.528684 -0.980231 -1.563907 -1.516413 -1.465495 -0.204768 -1.560730
1.015035 0.229303 -1.862699 1.865460 -1.220329 0.468844 0.137732 1.752917 -0.566669 -1.410583 1.242145 -0.516787 0.698010 1.135644 -1.460550 -0.060269 -1.220001 -0.790689 0.388956 -1.520077 0.104755 1.195948 0.562721 0.293204 -0.216069 -0.479063 -1.152064 0.902237 -0.742010 0.037701 0.565932 1.262865 -0.459339 -0.643983 0.039623 -0.752881 -0.238461 -1.534864 0.353855 0.575855 -0.398625 -0.730102 0.360231 -0.921688 -0.175054 0.034903 0.374029 0.042881 0.947782 1.019499 1.222070 1.787982 -0.208235 -1.790390 -0.322214 -0.808874 -0.037376 -0.258478 -1.302839 -0.539680 -0.399275 -0.472981
0.493418 -0.752923 -2.826969 -1.637134 -0.008455 -0.653761 -0.536007 -0.720990 1.335429 0.438031 -0.469772 0.287607 0.658006 1.671961 -1.714765 -0.612849 0.029082 -1.684335 -1.246214 -0.645668 1.649238 0.955540 -0.696408 0.685262 -0.142967 0.650807 0.600358 1.545625 0.505861 0.765046 1.239131 1.579789 -1.453314 -0.516227 1.153774 -1.507638 -0.080407 -0.602316 0.551058 -0.726001 -2.497673 0.663091 1.717877 -1.798915 0.170948 0.880679 -1.138543 0.580195 0.539759 -0.064492 -0.087401 -1.051810 -0.829530 -0.753749 0.205509 -0.045678 1.152949 0.729809 0.349930 0.190985 -0.902358 1.242053
0.960829 0.948953 -0.842870 -0.973063 -0.946302 -1.869952 0.271476 -0.105932 1.121013 -0.555083 0.120366 -0.302788 1.011670 -1.504031 0.199753 -0.329296 -1.235285 -1.194907 0.054638 -0.300820 -0.343185 -0.134151 -0.881654 0.360985 -1.334781 1.459707 -0.329429 0.863951 -1.018895 2.476038 -0.455092 0.668879 0.615004 -1.109217 -0.325012 -0.309218 1.302684 0.304565 -0.031026 -0.276211 -0.510559 2.277560 2.409017 -1.549126 0.070326 0.804781 0.825012 -1.736645 -0.870379 -0.344340 1.755383 0.019782 -1.188444 -1.885772 -0.804855 0.636005 -0.591306 -0.567833 -0.784181 -1.207865 0.007143 0.720431
1.757617 -2.519346 -0.429315 -1.136328 0.654342 0.567895 0.486938 -1.557947 0.562069 -0.683660 -0.297183 -0.383290 -1.050248 -1.303408 -0.278771 -1.639546 0.510973 -0.904441 0.333127 -0.146535 1.025387 -1.507145 0.221276 -0.554862 -0.662879 -0.226650 1.494925 -0.001073 -0.217218 0.352316 -0.074380 1.737779 1.049485 0.527259 -1.013279 0.660162 -0.155535 -0.917057 -1.031870 1.810603 2.681575 0.654278 1.193697 0.692326 0.312002 -0.669810 1.597199 -1.360834 -0.934129 0.451055 -0.139383 0.910776 -0.565335 0.401069 0.449792 -0.225936 1.498146 1.153016 0.399012 0.947948 -0.146246 -0.938745
-0.141118 1.193685 0.287778 -0.536595 -1.006145 0.277542 0.207178 0.818068 -1.192658 -1.185357 1.069323 -2.290757 -0.498995 -1.009876 -0.676857 -0.539502 0.501843 -0.569438 -0.338920 0.214016 -0.798990 -0.049313 -0.945231 0.593539 0.152142 1.229498 1.467254 1.530002 1.878160 1.135494 -0.187795 1.623763 -0.321018 0.473703 -2.933611 -0.798993 -0.473262 -0.819208 0.107102 -1.813758 -0.890798 -0.795836 -0.613944 -0.281048 -0.073747 0.849757 0.517053 -0.402122 -0.987884 0.192406 0.437701 1.195982 0.643998 1.817684 0.529031 -0.571173 -1.438513 0.964244 0.756086 0.335562 -1.089027 0.328096
-0.284120 1.249279 0.235799 -1.385191 -0.479314 0.854007 -0.885885 -0.453790 1.257601 1.238332 -0.495384 -0.786891 0.588390 -0.414121 0.708471 1.014551 0.509634 -0.633702 -0.374951 -0.172678 -0.253245 -0.368068 0.204266 0.179407 -0.493799 0.960154 -0.710883 -0.369314 1.203226 0.010688 -0.643855 -0.085909 -0.498844 -0.131547 -1.370447 -0.891438 0.907280 1.097613 0.692889 0.610562 -1.070339 -0.253532 -0.214916 0.514273 0.950144 0.921532 -3.203020 -1.744514 -0.527141 0.562806 -0.200151 -0.583886 0.330638 1.709260 -1.572116 1.071568 -0.240904 -0.217175 -0.337851 -0.976962 -0.340947 0.535496
0.810132 -0.699392 0.662236 0.046245 0.992864 -0.763914 0.158686 0.982478 0.433527 0.294786 -1.089066 1.017045 -0.805962 0.421666 0.911776 -1.116365 -0.056102 1.560947 -1.476946 -0.656780 2.720039 0.341497 -1.435424 -0.140445 -0.740066 -1.268962 -1.768249 0.959472 0.110612 1.089629 -0.170325 -0.960280 -1.309493 0.147425 -0.963507 0.413276 -1.048686 -0.631055 -0.654231 -0.614621 0.222947 0.533185 -1.037438 -0.949023 -1.003820 1.009077 -0.678298 0.512359 1.189756 -2.174753 -1.317621 1.263316 1.313322 -1.522338 2.841946 -1.188367 0.674043 -0.821668 -0.968302 0.891183 0.317606 1.535669
-0.367088 1.868046 0.412116 1.007246 0.316113 -0.519784 -0.415519 -0.638835 -3.786925 -0.562715 1.271673 0.111428 -0.541285 -2.270105 1.241374 0.905646 -1.025964 -0.136837 -0.400947 0.421980 0.690279 -0.731412 1.069927 0.724484 -0.921031 -1.498754 0.523283 0.559359 -0.532452 -0.235347 -1.230252 -0.251049 0.601465 -0.983779 1.756972 1.457324 -1.504672 1.443498 -1.755327 -0.521808 -0.645956 -0.032482 -0.673806 0.569591 -0.091554 -0.145824 0.985878 0.065401 0.830781 -0.658522 -1.323754 -0.522351 1.878852 1.688511 0.347505 0.421854 -0.502989 -0.017198 -1.472749 0.608127 0.161401 1.803577
-1.532332 0.420589 0.234343 0.650309 0.047029 -0.853835 1.543758 1.060034 0.441040 1.859157 -0.881797 -0.045842 0.962155 0.877578 -2.516465 1.178856 -0.134312 0.140784 -0.779946 0.245341 -0.501570 -0.862028 0.846797 -0.798471 0.260297 -0.316080 0.692038 -0.735375 -0.444408 0.297286 -1.554527 -0.700474 0.356096 -0.248463 0.495893 0.107607 1.190625 1.475268 -0.518309 -1.534993 0.180330 -0.389463 1.083152 -1.443224 -2.035636 1.314451 1.098194 0.594458 -0.182083 -0.303933 0.377654 -0.171284 -0.465756 -1.034401 0.497816 0.259609 -0.758982 2.317206 0.085223 0.573156 2.185997 0.528670
0.892844 -0.669817 -0.559289 0.596996 -1.424202 0.497450 -0.855591 0.695884 0.639394 1.101809 -1.039304 0.053104 -1.903590 -0.943860 0.132152 0.621438 -0.646679 -2.206546 -2.273559 1.673717 0.388632 -0.281311 0.059747 0.589620 0.912292 1.213150 1.435289 -0.670537 0.289476 1.489556 -1.138239 1.331279 0.152161 -1.402990 0.002060 0.663859 1.034504 1.182168 -1.041597 1.892138 0.794396 2.003855 -0.796969 -0.972017 2.061482 -0.940871 3.111916 -1.012265 1.321970 0.242093 -0.228470 -0.156580 0.200212 1.169557 0.464092 -1.027506 1.699833 0.054143 -0.237131 1.598227 2.350279 -0.230197
1.484792 0.452679 2.073569 -1.008539 -0.189351 -0.997778 0.715910 -1.054668 -1.808812 -1.137142 0.244216 0.169223 1.000367 0.923931 0.074136 -0.737299 -0.379548 -1.568931 1.192317 0.333206 -1.757513 -0.414875 1.909028 -1.719140 0.141044 -0.365444 0.574741 -0.902287 -0.636804 0.005449 0.331124 -0.148828 -0.091893 -0.116728 0.779594 -0.552396 -0.519888 1.438903 1.273286 0.545400 -0.912341 -1.330180 -0.289455 -0.442099 1.785901 -1.927129 -1.050794 0.475671 -0.998232 -1.834565 -1.438034 -0.340650 0.931392 -0.306118 -1.044414 -0.522672 -0.176149 0.080886 -0.195472 0.442489 0.986548 1.521064
0.360409 -1.274371 -0.937006 -0.616780 1.347769 -0.978093 -1.546561 0.242274 -1.997999 -0.339262 -0.358798 -1.120948 -1.490071 1.214113 -0.581925 0.245176 0.095106 0.908601 -2.028972 0.861868 1.376582 -0.376051 0.420190 1.993547 2.467640 0.537029 -0.135552 0.086898 0.226309 0.546841 -0.403889 -0.705652 -0.662061 -0.282924 0.668749 1.125043 -0.159550 0.046909 -1.413051 -0.116353 1.528068 -0.851888 1.731260 -0.628479 1.562279 0.150987 -2.071915 0.280157 -0.445165 0.501567 -0.759763 -1.089775 -0.439211 -0.029613 -0.138678 -0.475171 0.158005 -2.108968 -0.925617 -0.666643 -0.437470 -0.233357
0.480712 0.032112 1.048098 1.193742 0.339184 0.695162 -0.389650 0.063861 -0.811580 0.766345 -1.492425 -1.083432 0.276097 0.649641 0.123887 -2.649868 -0.345696 -0.641686 2.758196 0.070118 1.190357 2.050293 -0.491193 0.959951 0.217754 1.921313 -1.784781 -0.510432 -0.083217 0.527116 0.369105 0.263401 0.034978 0.187322 -0.961408 0.752616 0.129312 1.057474 -0.627806 0.691503 -0.683776 -0.495724 -2.206741 -0.103203 0.663740 -1.729710 0.553205 1.285412 -1.205571 -1.047864 -0.376310 0.586565 -1.140536 0.848074 1.847432 0.512412 1.235529 0.849184 0.955417 0.797269 1.206539 -1.380162
1.143708 -0.544798 -0.140771 0.986948 0.357473 -0.569729 -0.192035 1.440880 0.143970 2.670725 1.523048 0.098099 0.462321 0.072862 -1.697437 0.127796 0.088441 0.668154 0.427353 0.188458 -2.394529 -0.772571 -0.669469 -0.647392 -0.252139 0.713673 1.328987 1.739105 -1.037779 1.240987 -1.372167 1.828836 0.111163 -0.222135 0.989225 -1.094982 -1.466143 0.517718 -0.186560 0.377733 0.208793 -1.069035 1.474316 0.417583 -0.627759 1.504089 -1.380750 0.999222 -1.125330 -1.141979 1.064074 0.019823 1.335378 -0.030113 2.086795 -0.007009 0.007579 -0.667160 -0.235631 0.634907 -0.397819 0.066020
0.454411 -1.057912 1.490924 0.676940 -1.167878 -0.018224 0.331322 -0.777055 1.849674 0.225933 -2.244385 1.789817 -1.189494 1.016448 0.852116 -0.599518 -0.150218 -2.368321 0.514619 -0.478202 -1.236962 -1.575401 0.344210 0.305590 -1.222747 -0.281813 1.299394 1.110526 -0.621411 0.214414 0.674454 1.083353 1.709759 0.395216 1.436635 0.512709 0.301978 -0.414782 -1.550741 1.947136 -1.639643 -0.431463 0.048598 -1.116398 -1.115733 0.033776 -1.017197 0.713560 0.215139 0.879909 -0.863888 0.320931 0.245487 1.943791 0.855646 0.583005 -1.312241 0.516544 -1.295311 0.751810 -0.691523 0.124685
1.251643 -0.481133 -1.742570 -0.397144 -2.368832 -0.278418 -0.714217 0.805936 2.068316 1.786594 -1.303928 -0.465380 0.941893 0.634204 1.058831 -2.155213 -0.016159 -0.638541 -0.329326 -0.071648 0.066424 0.743128 0.896986 0.332191 -1.393052 -0.979130 -0.582763 1.489682 0.826304 0.336042 -0.484475 -0.494094 -0.252502 -0.175476 -2.127889 -0.453000 -0.561990 0.818564 -0.259070 -0.257116 -1.571099 -1.046138 1.105681 0.432228 1.783218 -1.039418 -0.544832 -0.815324 1.667453 0.198671 1.235247 1.550047 0.362023 0.044208 1.020450 0.445441 1.231768 -0.839843 0.663442 0.543057 0.030847 0.026220
-0.724863 0.951101 0.806934 -0.832311 0.673746 -0.309151 1.007446 -0.660097 0.384145 0.293261 -0.049130 0.222225 -1.649295 0.334294 -1.259831 -0.463774 -0.548272 -0.128866 -0.212481 -0.358382 2.100511 -0.868536 0.354042 0.484936 -1.854934 0.189904 1.478615 1.144506 -0.001941 -0.701236 0.009991 -0.997454 0.692104 -0.875629 -0.170059 -0.562745 0.682653 -0.299998 -0.744365 -1.437032 0.156711 -1.658203 -0.552522 1.393563 -1.484789 -0.212478 0.186498 0.711314 -1.790726 1.363183 0.309503 -0.986304 -0.034832 -1.504527 0.325190 -0.192455 0.625896 0.201745 -2.063950 -0.871666 -0.432355 0.970456
0.910986 0.058692 -1.707948 -0.226280 0.542369 0.722078 1.191060 -0.637301 1.263114 0.533201 2.347352 0.275204 -0.120099 -1.988127 -0.643524 -0.627149 2.456928 -0.276954 0.902463 -0.973806 -2.703100 -0.643007 -0.345401 -1.123979 1.943976 1.660135 -0.478552 -0.199263 0.116071 0.556089 -1.264215 0.000365 -1.593739 -0.891384 -0.084237 0.568920 0.891636 1.006462 0.308163 0.483934 -1.837352 0.640360 -0.578281 -1.131591 -0.747471 -0.226010 1.133592 -0.209567 0.557964 -0.156735 -1.114831 -0.987429 1.459344 -0.421371 1.461627 0.104601 -0.384958 1.205376 -0.317289 -1.334955 -1.348065 -0.854511
-0.467576 -0.594344 -0.014615 0.439684 -0.596166 -1.000633 1.195939 1.098921 -1.318165 -0.494883 0.746271 2.050296 -0.281835 -0.057043 -0.536311 0.359461 0.319854 0.769515 0.377214 -1.711847 0.258056 -0.270769 1.232618 -1.626913 0.369413 -1.065773 0.907599 1.217478 -0.470072 -0.010039 -0.351558 -1.365527 -0.685985 2.338950 -0.704807 0.967175 0.254270 0.540526 -0.784621 -1.216684 -0.041002 -0.092085 -1.045722 -0.277908 -1.879707 0.459233 0.813586 0.642696 0.202729 0.039028 0.187534 -1.343831 1.401072 -0.116707 0.181043 -1.726123 0.869145 0.403195 0.364923 0.777566 0.630818 -0.167409
0.435887 -0.192440 -0.493709 -0.052414 0.576835 -0.087686 0.137156 0.610799 -0.470856 -1.151985 -0.496817 0.258414 0.462545 1.116078 -0.446392 0.413495 1.409113 -0.387751 0.278842 1.445822 0.228247 2.081242 -1.505941 0.552260 -0.871434 -1.122324 1.209080 2.318186 -0.988632 0.412449 0.144628 -0.450774 -0.561241 0.756882 0.511994 1.804462 -0.090652 1.239014 -0.136042 1.011632 1.475062 1.286966 1.428686 1.223514 -0.740108 -0.778817 -0.266757 0.455718 -0.739148 0.908762 1.275963 0.099943 -0.939462 -1.264439 -0.423780 -1.649312 -1.251048 -1.552722 -1.011926 -0.030288 0.777765 -0.132540
-0.116057 0.231980 0.176654 -1.365069 -2.137488 -0.240197 0.031146 -1.706176 -1.341061 0.597584 0.110289 1.148197 -1.685974 0.173005 0.174509 0.252567 -0.423136 1.135637 -1.388766 -0.072899 -0.354903 1.142366 1.862528 1.149077 -1.032240 -0.509061 0.297082 -0.996040 0.077251 0.047012 0.165539 0.061333 -0.502189 0.990839 -2.564443 -0.757022 -1.245336 -0.706616 0.509662 -0.290064 0.701947 0.196584 0.893235 0.245530 1.195367 -1.301585 -0.924008 -0.302091 0.560792 -0.887116 -0.091513 0.993602 -1.140318 1.449610 -1.081457 -0.299731 -1.308245 -0.452980 1.262520 0.002337 -0.710640 -0.314422
0.440909 -0.391786 -1.002371 1.915394 0.736614 1.815901 -1.212219 1.297928 0.031013 -0.698572 -0.809351 2.076567 -0.184684 -0.133569 -0.469896 -0.808517 2.006878 -0.880447 -0.051511 -0.287404 1.003844 0.584652 0.400095 -0.287742 -0.535142 -0.471903 -0.879299 1.359063 2.092960 0.015062 -0.786597 -0.665802 -1.494169 -1.104024 0.216699 -0.907196 0.251033 3.279901 1.266645 -0.395751 -1.291025 -0.634366 -1.110108 -0.826539 -2.777860 1.045016 -0.904279 -0.051008 -0.393027 -1.069995 0.149998 0.372417 -0.550614 1.625609 -1.188060 0.619347 -1.085280 0.881166 -0.112200 -0.747838 -1.807709 -1.351687
0.071110 -0.710995 0.501550 0.717213 -0.776613 0.838186 -0.389974 1.335691 -0.603299 0.242653 0.565712 0.442011 -1.727942 0.878201 -1.162193 -1.784866 1.615605 -0.707088 1.300264 -1.006129 -0.152325 1.736351 -0.116677 -0.396964 -0.074076 0.118633 0.323750 0.904934 -2.272477 0.671003 0.145050 0.740935 -1.356563 0.417457 0.801999 0.401516 1.565427 -1.278237 0.092449 -1.216219 1.295250 0.366453 0.018066 0.530798 1.384268 -0.656280 -1.389824 0.346001 -0.657911 -0.906369 0.643301 -1.484719 1.704992 -0.746169 -1.965307 0.235027 -0.576747 0.532601 1.059692 -0.142718 0.437112 0.659455
0.471156 -0.085621 -0.366593 0.579219 1.154021 -0.286370 -0.098033 1.209359 0.141961 -0.937019 2.551081 1.589850 1.914319 0.069112 0.463767 -0.025633 0.662865 -0.575205 -0.040930 0.093626 -0.679084 -0.220854 1.469015 -0.052323 -0.991043 0.895985 0.116457 -0.204559 -0.172018 0.688099 -0.228082 1.300750 -0.743176 1.556075 -1.152498 -0.687795 -0.141315 -0.043276 -0.130923 -0.995464 -0.536596 1.105717 -1.552146 -0.458270 1.531749 0.230876 -1.989717 -0.583435 -0.049316 -0.943885 -1.604727 -1.612109 0.403808 -0.415597 0.684639 0.033604 -0.274772 1.124295 1.028186 -0.109622 0.752547 0.387813
1.362528 -0.828091 0.067861 -0.154661 -0.562985 0.441196 0.420585 0.119087 0.353460 0.108382 -1.465735 -0.634855 1.400843 2.724279 1.075934 0.548056 -0.130755 0.240035 1.373676 -0.569406 -0.674735 1.058515 -1.059243 0.372106 -2.255040 0.370529 0.961660 -1.310814 0.960957 0.367587 -1.139937 -0.455944 -0.580902 0.649732 0.231372 -0.154077 1.244072 -1.177608 1.637451 0.030590 0.946561 -0.998533 0.606838 -0.128837 -1.637763 0.124848 -0.629653 -0.009518 -0.071278 0.394110 -0.956977 -0.254972 0.501669 0.641557 -0.466395 1.885590 0.731005 -1.057211 -0.660754 1.605720 1.868626 0.086383
-0.151330 -0.814799 -0.820140 0.559151 1.178995 0.183293 -0.549131 0.779665 0.955338 -0.745480 -0.664666 0.580262 0.078871 -1.103569 0.512094 -0.008599 0.329336 -0.594787 -1.208531 1.619340 0.296940 0.170096 -0.525578 0.001463 -1.776577 0.145717 -0.659760 -1.066910 1.449747 0.026028 1.169384 -1.788709 -0.459102 -0.335724 -1.204458 1.044246 -1.704322 -0.514034 1.029772 -0.094594 1.298983 0.297587 1.473002 -0.499483 -1.595502 0.973475 -1.282629 -0.860477 -0.321801 -0.929471 -1.151607 0.436627 -0.030826 -2.593041 -0.089880 -0.168849 0.449188 0.496248 0.189499 1.062031 1.120257 -1.695422
0.068112 -0.380041 -1.756256 -0.189490 -1.314908 -1.176149 -0.743770 0.394888 -1.071725 -0.858064 0.880205 0.219923 1.012356 0.952507 0.224197 0.106981 1.686415 -1.053216 -0.585914 -0.168813 -0.130388 -0.284618 0.101561 0.157686 0.510225 -1.516366 2.152918 -0.630812 -0.885090 -1.398022 0.191836 -0.297032 -0.235492 0.811825 -0.343011 1.063919 0.852500 0.806584 -1.014616 0.187215 -1.616468 -0.636460 -0.056345 -0.615368 -0.029068 0.370981 -0.458237 -1.046787 1.130039 -0.516375 1.723477 -0.181880 0.720183 0.591305 0.320795 -0.600559 0.092158 -1.982121 -0.493819 -1.265049 0.040372 -1.862229
0.110402 -0.669140 1.295627 0.101101 -0.709956 -2.541045 -0.120022 0.762204 -0.096074 0.181783 -1.173045 3.042905 -0.134206 -0.439232 -0.410988 0.043435 -0.487107 0.291672 0.654499 0.424269 -1.472354 -2.020626 -0.552211 0.691589 -0.442807 -0.874737 0.383604 0.669921 -0.205530 0.777095 0.658611 0.648258 -1.005217 0.046015 0.329615 0.956514 -0.007484 0.635984 -1.502191 -0.089340 -2.215657 0.512838 -0.224295 0.401857 0.507883 0.388414 -1.067367 -1.831955 -0.529481 1.084973 0.064625 -2.819392 -1.081671 -0.777179 -1.559003 -0.011240 -0.419578 0.232024 1.600803 -0.389763 -0.794345 0.165679
-0.374662 -0.084771 0.460713 -0.057736 0.954515 -0.613485 1.184104 0.634586 0.768027 1.920071 -1.086079 -0.537182 -1.508451 -0.612753 -0.182223 -0.024970 0.681064 0.062224 -1.734552 0.330030 0.607668 1.118151 0.030907 0.125018 -0.409899 0.165114 -1.183191 0.593738 0.573937 0.414382 1.238806 0.441763 0.377458 -0.120058 0.337214 2.319011 -0.145330 0.434232 -0.279531 1.588970 -0.542651 0.921828 1.963794 1.569996 -0.527062 -0.753904 1.514217 0.212170 -0.201408 0.253589 -1.165121 0.587935 0.341907 -0.768736 -0.648801 0.308531 -0.986183 -1.496909 0.071046 -0.031781 -0.227613 -1.235955
1.019433 0.024359 -0.293313 -1.703951 0.797794 1.867738 -0.437446 -0.696609 1.031172 -2.843200 -1.781564 0.399472 -1.079772 -1.412124 0.083857 -0.691687 -0.268912 -0.545753 1.497648 0.357174 -0.262556 0.703099 -0.377485 -1.235704 -0.497366 0.437953 0.023900 -0.697353 -0.070586 -1.494480 -0.651250 2.435951 1.354643 2.025320 0.122603 1.180732 -1.975327 -0.300599 0.435878 -1.405210 -1.686429 1.374808 0.311921 -0.971770 -0.008232 -0.767791 -0.038056 -1.279197 -0.444146 0.800325 -1.107211 -1.232147 1.173298 -0.840464 -1.982642 0.456212 1.104115 -0.916998 0.815362 -0.350854 0.433114 -0.560603
