-214 -515 -202 -380 -133 -85 -331 -334 -347 -162 -781 -133 -699 -213 -391 -351 -408 -517 -229 -437 -152 -428 -263 -209 -110 -316 -512 92 -321 49 -172 -210 -279 -337 -179 -308 -193 -315 -209 -277 -537 -263 -516 -443 69 -238 12 -582 -267 -269 -583 55 -702 -351 -195 -454 -368 -536 -344 -301
-421 -79 -501 -333 -81 -13 -373 -61 -168 -249 -256 -250 -163 -310 -183 -330 -193 -412 109 -420 -593 42 -389 -292 -402 -267 -374 -331 -176 -155 -157 -724 -51 -351 -491 -410 -383 32 -584 -119 -173 -201 -382 -431 -239 -225 -425 74 -560 -143 -263 -239 -383 133 -390 -414 -314 -223 1 -437
-265 -488 -336 -260 -323 -109 -144 -295 -56 -433 -170 -412 123 -809 -186 -462 -242 -173 -335 -310 122 -334 -94 -309 -407 -328 -255 -310 -114 0 -616 -95 -45 -348 -520 -149 -39 -451 -263 -500 -375 -466 -358 -11 -248 -74 -180 -397 -3 -519 -132 -281 -46 -502 -123 -601 -329 -335 -56 -198
21 -231 -196 -365 49 -336 -287 -494 -89 -555 -362 -287 -241 -408 -153 -271 -333 -214 -259 -233 -206 -349 -312 -460 -417 -459 -270 -275 -254 -484 -398 -285 -363 -661 -276 -288 -41 -393 -409 -268 -213 -260 -403 -366 -302 15 -471 -116 -417 -235 -360 -122 -368 -329 -638 -58 -437 -145 -208 -206
-170 -323 -446 -54 -77 -463 17 -136 -550 -141 -417 90 -696 103 -391 50 -458 -185 -263 -95 -541 -33 -305 -137 -453 -267 166 -276 18 -281 28 -97 -191 -460 -267 -87 -369 -384 -230 -272 -146 -255 -390 72 -127 -314 -31 178 -721 181 -387 -34 -533 -321 -83 -473 91 -202 -121 -421
-374 -188 -403 -300 -245 -123 -485 -339 -282 -622 -232 -457 -328 -270 -410 -336 119 -435 -117 -323 -281 -66 -454 -189 -373 -427 -335 -352 -637 -299 -337 -272 -546 -706 321 -707 -383 -282 -548 -248 -86 -400 -65 -411 -132 -521 -142 -522 148 -581 233 -356 -193 -187 -262 -453 -425 -373 -551 -160
-110 -370 -367 -339 -215 -405 -162 -108 -641 -386 -402 -560 -234 -555 -384 -351 -597 -281 -452 -581 -220 -412 -266 -517 -377 25 -363 -206 -417 -241 -105 -358 -447 194 -571 -252 -371 -96 -545 -315 -238 -205 -611 150 -386 -102 -327 -243 -597 -278 -97 -634 -159 -286 -282 -71 -238 -279 -545 145
-557 -308 -489 138 -705 -93 -333 -317 -312 -68 -321 -322 -497 -256 -301 -109 36 -179 -205 -188 -91 -154 -309 -260 -111 -657 7 -498 -249 -8 -539 -234 -398 -438 -284 -620 -413 -81 -590 51 -160 -354 -73 -491 -49 -415 -290 -290 -434 -76 -375 -116 -394 -278 -174 -507 -275 -545 -150 -528
-133 -724 137 -809 96 -562 -63 -417 -461 -578 -246 -557 23 -666 -153 -24 -821 -129 -430 -658 -74 -255 -298 -157 -391 172 -829 -110 -355 -270 -320 -221 -241 -333 -401 -223 -133 -679 -168 -249 -289 -195 -325 -316 -242 -720 -22 -442 -212 -44 -580 -152 -647 82 -655 48 -618 -204 -190 -198
-206 -277 -556 -95 -592 -250 118 -484 -343 -139 -480 -131 -882 -90 -268 -485 -173 -162 -550 135 -201 -489 -78 -389 -292 -182 -174 19 -504 -126 -91 -385 -237 -487 -285 -526 -328 -375 -515 12 -338 -339 -467 171 -351 -272 -164 -452 -63 -544 -195 -514 -48 -597 -248 -284 -479 -339 -379 -414
-513 139 -510 -302 -96 -236 -257 -400 49 -628 -99 -273 -39 -352 15 -623 -124 -782 -198 -385 -103 -343 -259 -171 -311 -390 -43 -579 -600 -134 -282 -253 -431 -277 -168 -181 -422 -328 154 -298 104 -655 -57 -453 -396 -109 -505 33 -232 -277 -324 244 -360 -376 105 -699 15 -295 -437 -351
-254 -623 -168 -126 -705 -374 -283 -420 -363 -338 -154 -247 -246 -259 -579 -345 -345 -190 -105 -142 -489 -130 -581 -284 -118 -44 -341 -55 -375 -202 66 -483 -261 -527 -24 -729 -480 -369 -212 -419 -547 -208 -543 -455 -272 -442 -413 -241 -543 -183 -300 -442 -538 -47 -900 73 -467 -116 -450 144
-347 -64 -111 -240 -241 131 -330 -109 -723 -272 -329 -196 -116 -335 -195 -567 -288 -377 -411 -457 -326 -462 -173 -300 -173 -146 -139 -753 -480 -199 -386 -171 -560 321 -505 -185 -256 -80 -474 -68 -306 -262 -478 -227 -242 -358 -499 -231 -19 -403 -275 -26 -192 -291 52 -173 -104 -267 -121 -532
-85 -419 -345 -305 -418 -174 -176 -268 -206 -174 -428 -38 -552 -538 -700 -364 -293 -327 -323 -458 -210 -461 15 -534 -164 -61 -546 -266 14 -240 -177 -347 -466 -547 -236 -631 -40 -273 -510 185 -493 -539 -305 -350 -376 -706 103 -598 -383 -190 -196 -501 -256 -310 -536 -180 -223 -304 -271 -137
-287 -476 206 -773 178 -515 -425 -599 -282 -625 186 -351 -242 -305 -470 -125 -374 -245 -269 -120 -651 -57 -505 -344 -262 -517 -255 -534 -317 -217 -489 -261 -72 -398 -91 -206 1 -679 -16 -138 -337 -330 93 -322 -200 -131 -378 -258 -301 -207 -462 -171 -194 -241 -2 -283 -12 -117 -441 -506
-159 -308 -518 -81 -506 47 -92 -67 -275 26 -182 -234 -262 -124 -368 -291 -377 -485 -472 -295 -332 -307 -289 -293 -279 -101 -620 -83 -129 -267 -314 -258 -606 -50 -225 -385 -403 -382 -151 -618 -494 -300 -482 -363 -460 -157 -350 -303 -370 125 -479 10 -120 -571 -101 -321 -163 -622 -418 -394
-657 -82 -421 -75 -196 -71 -134 -546 -57 -339 -310 -395 -415 -398 -201 -313 -481 -250 -233 -342 -304 -236 -463 -278 -285 -696 -106 -303 -56 -343 -216 -478 -84 -104 -384 157 -518 57 -428 118 -225 -124 -265 -263 -100 -454 -557 143 -584 -207 -415 -59 -480 -313 -167 -343 -99 -512 -20 -466
-129 -293 -400 -298 -240 -219 -399 -337 -431 -296 -175 -385 -121 -211 -443 -273 -161 -216 -379 38 -234 -295 95 -173 -232 -64 -199 -135 -202 -307 -375 -194 -466 -295 -278 -696 -13 -594 -68 -611 -173 -794 -289 -59 -684 -378 -130 -338 -97 -497 -75 -358 -251 -235 -313 -28 -594 108 -529 -71
-601 -397 -102 -292 -291 -206 -591 -50 -390 -214 -419 -405 -130 -342 -403 -282 -323 -306 -248 -268 -75 -138 -191 -393 -251 -331 -451 -106 -195 180 -540 20 -58 -204 -161 -236 -172 -413 -465 -198 -433 80 -238 -418 -140 -637 77 -632 101 -506 -130 -413 -162 -230 -547 -21 -351 -372 -250 -511
-306 -95 -474 -325 -232 -627 86 -595 -210 -172 -227 -585 42 -710 -213 -544 -17 -484 -232 -248 -141 -211 -160 44 -226 -310 -51 -402 -217 -555 -12 -295 -305 -131 -501 39 -342 -15 -490 -169 -390 -191 -499 -154 -359 -236 -498 -178 -416 -620 -2 -582 -128 -348 -176 -202 -237 -241 -216 -2
-481 -263 -382 -133 -649 -191 -482 -208 -234 -95 -455 -160 -240 -383 -499 77 -550 -126 -153 -445 -95 -376 -177 -372 -554 -293 -295 -121 -402 -117 -152 -251 -251 -368 -85 -485 -280 -674 -150 -614 -120 -170 -279 26 -664 -133 -260 -257 -524 61 -464 -213 -526 -348 -89 -754 -101 -410 -223 -808
-460 -302 -119 -701 -145 -124 -459 -266 -442 -352 -638 -20 -355 -218 -100 -304 -97 -490 -266 -372 -175 -400 -540 -113 -482 -62 37 -536 -313 30 -577 -184 -338 -511 -4 -279 -253 -215 -521 -99 -183 -487 -82 -681 -199 -595 -421 -518 -326 -86 -660 61 -507 34 -426 -138 -353 -332 -233 -201
-361 -343 -517 -243 -297 -398 -82 -130 -241 -227 -397 -146 -491 -308 -536 -308 -141 -159 -437 145 -329 -282 -106 -464 -27 -124 -288 -320 -184 -388 -108 -102 -277 98 -695 72 -330 -600 -79 -304 -419 -40 -99 -427 -144 20 -534 -130 -388 -412 -111 -711 -238 -542 -370 -382 -493 -312 -573 -131
-336 -210 -388 -516 -199 -563 -504 -212 -349 -319 36 -392 -150 -392 -225 -279 -436 -535 -50 -645 -206 -505 -414 -378 -327 -333 -260 -200 -312 -47 -250 -155 8 -510 171 -538 -328 -124 -153 -79 -295 -57 -799 -169 -372 -442 -308 -299 -576 155 -603 -145 -103 -403 -102 -441 -214 -27 -418 -295
-364 -373 -546 -87 -219 -235 -254 -255 23 -475 -23 -531 -229 -262 -265 -103 -375 -15 -684 212 -569 -139 -54 -301 -210 -187 -93 -449 -223 -309 -317 -329 -178 -208 -431 -241 -31 -320 -154 -449 112 -519 -234 -182 -270 -293 -473 -626 45 -836 -61 -542 -358 -546 -611 -291 -364 -365 -275 -405
-230 -396 -415 -184 -417 -508 -245 -160 -577 -143 -90 -505 -369 107 -576 -200 -626 -326 -96 -425 -201 -151 -266 -459 -325 -182 -299 -275 -454 -265 -289 0 -474 -266 -334 -259 -570 135 -568 -159 -49 -530 -137 -255 -77 -539 -204 -342 -546 75 -362 -248 -272 -198 -375 -263 12 -326 -256 -289
-62 -465 17 -498 -346 -603 -392 -490 -366 -61 -490 -371 39 -462 161 -324 -184 -342 -368 -299 -357 -214 -413 -28 -309 -242 -342 -53 -224 -262 69 -268 -21 -226 -216 -377 -37 -624 -188 141 -461 33 -316 -61 -401 -282 -336 -345 -260 -285 -440 -285 -35 -516 -114 -334 16 -507 17 -561
-267 -174 -406 -132 -235 -456 -83 -404 -12 -382 -344 -207 -618 -423 -255 -401 -356 36 -298 -155 -446 -102 -354 -167 -217 -179 -512 -243 -515 -202 -477 -492 -294 -305 -529 -87 -437 -105 -139 -246 -330 -142 -539 30 -518 -111 -19 -825 -84 -252 -495 -43 -497 -66 -720 163 -450 -20 -244 -494
-508 -305 -336 -469 -623 107 -425 -160 -522 27 -609 -76 -484 -142 -541 -42 -226 -307 -566 -233 -344 -449 -206 -398 -129 -456 -52 -486 112 -378 -265 181 -564 -177 -193 -648 -266 -410 -196 -226 152 -645 7 -344 -345 21 -587 6 -621 -97 -418 -138 -318 -683 148 -556 -134 -198 -496 -327
-28 -187 -112 -232 -253 -53 -415 -253 -466 -219 -212 -541 -510 -492 -203 -188 -66 -454 232 -531 -268 15 -581 -94 -287 -270 -200 -130 -165 -427 -390 -499 -260 -542 -38 -433 77 -527 -177 -250 -708 3 -532 -324 -228 -384 -206 -309 -93 -141 -76 -470 -331 -395 -317 18 -513 -246 -349 -410
-480 -284 -175 -432 22 -629 74 -456 -200 -387 51 -440 -38 -569 -17 -300 -641 -75 -605 -267 38 -690 -174 -139 -191 -477 -108 -409 -24 -564 -13 -362 -152 -187 -478 -225 -282 -524 -246 -326 -295 -210 -583 -40 -270 -262 -465 -196 -603 35 -638 -268 -581 -115 -300 -437 -77 -453 -205 -197
-22 15 2 -208 -388 -105 -75 -513 -185 -304 -256 -227 -466 -58 -420 -193 -366 -372 142 -284 -381 -264 -198 -682 15 -390 -474 -50 -692 -55 -680 -339 48 -443 -216 -264 -510 -322 -287 -307 -358 -495 -148 -741 75 -335 -120 -209 -145 -405 -175 -750 -41 -353 -329 116 -517 -363 -211 -415
-121 -81 -225 -491 -490 -440 -299 -545 -494 -289 -267 -233 -350 -40 -614 -237 -329 -98 -563 -128 -457 -429 -434 -43 -617 -32 -565 -54 -239 -559 -294 -399 -106 -254 -364 -322 -371 -111 -503 -376 -438 -37 -374 -189 -143 -690 -136 -677 98 -493 -303 -160 -405 -76 -444 79 -683 40 -413 -82
-185 -97 -320 -465 -327 -240 -390 -301 23 -361 -268 -378 37 -727 -14 -659 -24 -424 -341 -31 -315 -44 -83 -173 24 -342 22 -253 -202 -100 -395 96 -455 -387 -290 -404 -190 -366 -288 -517 -265 -588 -344 -294 -345 -96 -446 -436 -381 -540 -348 -338 -428 -296 -214 -527 -110 -370 -350 -321
-247 -348 -474 -36 -265 -251 -157 -262 -222 -398 -544 8 -570 22 -629 145 -518 -219 -142 -441 -158 -590 -51 -613 -113 -191 -358 -271 -328 -235 -63 -241 -93 3 -564 -54 -521 208 -759 -44 28 -298 -89 -289 -163 -424 -390 -27 -435 -12 -371 -102 -177 -254 -19 -425 70 -388 194 -553
-347 -291 -94 -235 -410 -263 -285 -190 -356 -625 -76 -413 -262 33 -282 -523 -95 -640 -185 -123 -305 234 -428 37 -65 -431 -224 -455 -223 -388 -488 -525 -115 -660 -511 -188 -168 -433 -170 -245 -164 -586 -270 -515 -302 -444 -37 -619 -52 -569 -29 -635 -109 -491 -471 -103 -418 -209 -625 34
-336 -336 -367 -356 70 -373 -363 -46 -780 -328 -440 -350 -157 -439 -254 -228 -434 -220 33 -281 -436 -406 -359 -156 -501 150 -420 -442 -76 -350 -280 -5 -331 -272 -332 -46 -344 -465 -388 -88 -673 35 -331 -348 -500 -61 -187 -423 -284 195 -572 -116 -216 -478 -23 -469 -229 -246 -254 -159
-301 -529 96 -328 -328 -174 -329 -507 -83 -296 -314 47 -167 -506 -239 -482 -317 -9 -376 90 -446 26 -427 -138 -414 -132 -633 6 -399 -587 -156 -430 -453 -197 -413 -386 -21 -335 -63 -463 -166 -250 -543 -392 22 -295 -332 -361 39 -618 -262 -267 -607 -10 -633 -183 -456 -95 -224 -542
-540 -216 -300 -271 -199 -484 -469 -338 -646 -504 -164 -243 -530 -381 -174 -455 90 -341 -126 -519 -393 -397 -174 -449 198 -451 -49 -14 -476 -147 -480 -137 -328 -121 -490 84 -419 -459 -517 -146 -541 -372 -81 -242 -320 47 -464 14 -569 -310 -367 -200 -489 -190 -51 -471 -34 -375 -245 -146
-227 -73 -875 -13 -728 -255 -285 -103 -316 134 -302 -265 -396 -292 -311 -393 -174 -243 -199 -500 287 -598 -136 -534 -109 -609 -27 -487 -235 -428 -386 -320 -438 -416 -258 -219 -210 -417 79 -621 -139 -182 -341 -112 -337 -552 -17 -298 -361 252 -547 -267 -292 -331 -331 -279 -349 -344 -344 -295
-212 -85 -127 -66 -467 -80 -583 -223 -553 -342 -685 -269 -250 -441 -344 -128 -321 92 -678 66 -377 -71 -538 92 -267 116 -431 -249 -237 -546 36 4 -264 -67 -218 -296 -126 -212 -345 -39 -442 -277 -265 -86 -547 110 -617 -235 -156 -600 -142 -650 29 -27 -194 -329 66 -272 -604 14
-319 -725 -100 -771 17 -468 -127 -203 -193 -326 -106 -223 -260 -386 -275 -527 -354 -387 -275 -289 -292 -223 -315 -238 -346 -91 -522 -112 -508 -428 -631 -174 -646 -366 -149 -673 -191 -325 -328 -92 -200 -418 122 -508 -125 -665 -227 -205 -207 45 -408 36 -561 -168 -409 -329 -161 -649 273 -456
-402 -70 -391 -57 -646 -25 -303 -326 -457 -283 -542 -492 -224 -624 -364 -239 -368 -251 -74 -323 -339 -312 -438 -338 58 -532 -391 -427 -367 -197 -34 -634 78 -498 -229 -333 -113 -139 -338 -54 -659 -290 -247 -166 -262 -186 -130 -186 -258 -547 -409 -615 33 -419 -61 -148 -221 -242 -443 -444
-434 -162 -519 -217 -103 -647 42 -593 -254 -277 -401 -150 -422 -339 -334 -560 -406 -115 -416 -423 -214 -267 -395 39 -523 -186 -231 -543 -30 -648 -275 -194 -520 -185 -370 -347 -392 -530 -255 -150 -618 11 -355 -357 -231 -426 -198 68 -444 26 -401 -25 -545 -261 -261 -171 -686 -135 -353 -151
-301 -108 -368 -130 -561 -33 -453 -311 -97 -419 -194 -622 -345 -511 -457 -96 -286 -313 -266 -442 -267 -513 -164 -425 -124 -463 -318 13 -236 -47 -260 -254 -31 -307 -213 -392 -21 -353 -24 -600 -77 -560 -223 -236 -511 -153 -426 -429 36 -765 -268 -493 -314 -445 40 -381 -389 -178 -497 -85
29 -660 -50 -680 -184 -557 -464 -91 -393 -188 -350 -141 -453 -368 -287 -461 -30 -392 86 -245 -124 -387 -223 -243 -179 -253 -422 52 -427 -263 -289 -519 -71 -345 -527 -68 -402 -273 -427 -188 -519 -78 -633 -125 -481 -372 -158 -73 -486 -164 102 -355 -286 -18 -439 -395 -207 -479 -141 -345
-261 -106 -225 -260 -255 -528 -94 -441 -91 -413 -104 -522 -151 -235 -272 -462 -376 -566 -502 -171 -611 -292 -92 -379 -205 -433 -180 -438 -129 -440 -567 75 -541 -434 8 -334 -496 -78 -444 -564 -75 -371 -327 -411 -271 -400 -288 -440 -470 -245 -547 -22 -476 -233 -199 -577 -236 -311 -242 -462
-382 -298 -396 -359 -358 -407 -152 -345 -515 -178 -259 -575 -325 -348 -710 73 -394 -112 -181 -370 -261 -384 -220 -233 -269 -258 72 -76 -88 -365 -86 -440 -563 60 -354 -464 13 -412 -350 -248 -321 -303 -455 -223 -413 -239 -433 -353 120 -378 32 -356 -340 -449 -572 73 -267 -616 -14 -394
-283 -250 -341 -89 -554 -321 -431 -385 111 -387 -333 81 -333 -260 -32 -526 -163 -560 -242 -515 75 -469 -281 -108 -389 -218 -304 -258 -492 11 -540 -575 47 -456 -548 -260 -440 -422 -188 -480 -350 -322 -219 -83 -524 -392 -275 -141 -582 -321 -479 -272 -463 -364 -41 -249 -430 -40 -707 -6
10 -208 -89 -321 -318 -418 -330 -72 -456 98 -341 -388 -254 -135 -200 -181 -156 -171 -388 43 -368 -422 -274 -224 -204 -276 11 -214 -83 -345 -405 76 -521 -398 40 -574 -177 -459 -51 -287 -61 -319 -66 -280 -639 -51 -249 -207 -363 -280 -203 -570 -77 -494 -219 -349 -421 -164 -243 -413
-309 -208 -298 -427 -193 -456 -168 -363 -436 -395 -497 -249 -75 -393 -263 -399 -461 -593 -88 -171 -569 26 -401 -291 -243 -161 -442 -135 -492 -375 -210 -220 -445 -95 -472 -464 -235 -87 -284 -283 -173 -404 -459 -521 -204 -134 -287 -45 -464 -277 -490 -181 -346 -152 -452 -282 -122 -244 -340 -538
-21 -116 -696 100 -573 -140 -255 -335 9 -522 -395 -31 -304 -199 -199 -51 -349 -330 -326 -294 -134 -290 -281 184 -369 -14 -401 -346 -507 -51 -187 -667 63 -411 -213 -225 -467 60 -681 167 -571 -185 -373 -254 -163 -134 -442 -284 -126 -436 -56 -419 98 -424 -273 -194 -217 -360 -294 -132
-287 -508 135 -554 -132 143 -580 -72 -227 -619 136 -648 17 -738 7 -433 -155 -250 -407 -228 -396 -380 -388 -571 -259 -438 -201 -339 -106 -283 -575 48 -451 -24 -395 -247 -61 -599 90 -369 -122 -395 -295 -337 -3 -798 -159 -438 -159 -267 -331 -83 -230 -349 -25 -351 -88 -392 -191 -395
-381 -9 -304 -110 24 -435 -407 -141 -812 -27 -371 -201 -238 -272 -269 -393 -385 -383 -626 -364 -182 -117 -298 50 -232 -135 -424 -585 -99 -734 -14 -502 -32 -130 -251 -380 -357 -329 -322 -323 -290 -391 99 -204 -260 -195 -192 -325 -365 -330 -229 -99 -146 -307 -108 -463 -203 -126 -344 -347
-376 -108 -573 15 -360 -148 -502 -184 -371 -234 -510 -290 -575 -39 -471 40 -306 -491 -145 -586 278 -957 -12 -535 -249 -441 -427 -163 -585 -325 -306 -406 -30 -188 -606 -73 -33 -447 24 -437 47 -115 -237 -296 -495 -342 -348 -372 -95 -63 -408 -83 -219 -240 -151 -258 -625 -117 -590 -52
50 -596 -96 -296 -6 -693 -312 -418 -509 2 -571 -144 -591 -17 -206 -239 -491 -28 -664 -111 -601 148 -471 -218 -236 -450 -321 -261 -545 50 -488 150 -331 -68 -356 -15 -596 26 -306 -293 -228 -90 -147 -577 -412 -130 -657 -69 -184 -515 168 -691 -334 -172 -679 -313 -265 -405 -404 -183
-348 -349 -62 -119 -410 -400 -156 -314 12 -300 -354 -398 -190 -312 -179 -598 39 -381 -306 -83 -337 -451 -219 -88 -470 -18 -309 -740 -67 -780 -192 -494 -129 -606 -146 -626 -261 -312 -522 -97 -158 -195 -347 -338 -165 -634 63 -273 -658 150 -555 -165 -116 -440 -349 -282 -302 -278 -516 11
-563 -404 -279 6 -463 -251 -223 -393 -347 -551 -483 -382 -372 -370 -121 -272 -210 -460 -112 -473 -195 -327 -425 -152 -227 -177 -285 -12 -244 -90 -225 265 -254 -349 -186 -323 -313 -360 -16 -349 -362 -138 -438 -186 -466 64 -475 -155 -254 -435 -284 -390 -113 -314 -46 -362 -89 -510 -52 -121
-218 -232 -212 -586 -466 -17 -261 -373 -104 -246 -547 -274 -627 -281 -159 -473 -218 -53 -329 -207 -511 134 -613 -193 -243 -343 -288 -296 -290 -479 -517 -210 -423 -380 -383 -360 -396 119 -156 -273 -84 -313 -262 -77 -356 -291 -160 -233 -190 -407 38 -155 -268 -213 -225 -269 -310 -196 -143 -687
-291 -95 -298 -335 102 -303 -287 -51 -169 -296 -348 -421 -138 -357 -188 -398 -250 -338 -76 -225 -147 -517 74 -535 -382 64 -544 -318 -427 -356 35 -381 -114 -134 -430 -88 -219 56 -409 -392 -147 -706 -171 -218 -416 -425 -104 -454 -639 -512 -363 -476 -218 -494 -231 -39 -264 -568 -133 -270
