-208 -512 -188 -372 -130 -70 -322 -332 -335 -156 -776 -122 -692 -209 -381 -342 -405 -502 -217 -425 -130 -419 -255 -193 -104 -314 -497 98 -318 60 -166 -209 -271 -325 -169 -283 -185 -312 -197 -271 -532 -249 -508 -437 81 -230 15 -567 -262 -270 -573 56 -704 -344 -183 -447 -346 -528 -341 -290
-412 -72 -485 -331 -82 -8 -368 -61 -162 -244 -251 -243 -164 -315 -188 -323 -190 -402 111 -415 -584 39 -391 -293 -389 -254 -349 -326 -172 -145 -155 -723 -43 -350 -493 -408 -381 32 -580 -114 -167 -187 -381 -429 -232 -222 -423 78 -552 -138 -248 -233 -376 144 -386 -410 -305 -217 7 -422
-253 -480 -307 -242 -312 -85 -129 -292 -38 -421 -163 -392 136 -802 -176 -445 -233 -138 -320 -294 154 -315 -85 -284 -396 -320 -217 -298 -109 27 -604 -91 -21 -335 -509 -121 -27 -445 -242 -487 -365 -438 -339 0 -220 -63 -171 -372 7 -515 -104 -273 -43 -481 -106 -590 -296 -319 -47 -169
30 -221 -177 -352 59 -313 -276 -484 -71 -552 -366 -284 -236 -406 -147 -262 -328 -196 -249 -222 -182 -344 -309 -447 -411 -457 -257 -270 -254 -474 -390 -281 -345 -657 -276 -279 -35 -389 -397 -255 -205 -238 -398 -366 -293 16 -476 -115 -413 -237 -357 -116 -365 -318 -630 -54 -423 -138 -207 -192
-165 -318 -437 -55 -82 -467 17 -137 -547 -133 -410 102 -696 98 -394 51 -457 -179 -259 -92 -532 -28 -299 -127 -451 -265 170 -270 19 -273 31 -96 -184 -454 -265 -77 -358 -378 -218 -271 -149 -253 -382 78 -110 -305 -28 189 -716 182 -380 -31 -530 -311 -82 -474 94 -196 -118 -410
-357 -173 -366 -288 -234 -101 -468 -330 -253 -616 -231 -448 -310 -267 -397 -321 122 -409 -101 -312 -248 -58 -441 -165 -358 -422 -312 -347 -638 -290 -323 -268 -523 -691 320 -686 -365 -273 -517 -226 -78 -369 -52 -404 -102 -511 -145 -509 157 -580 245 -350 -186 -165 -244 -445 -398 -365 -545 -136
-98 -361 -344 -332 -212 -390 -152 -98 -619 -380 -400 -551 -224 -551 -371 -346 -596 -273 -449 -581 -214 -409 -266 -509 -365 32 -340 -202 -416 -233 -98 -356 -439 202 -567 -235 -361 -88 -528 -306 -236 -192 -600 156 -366 -93 -323 -227 -588 -274 -84 -630 -157 -275 -267 -62 -213 -275 -544 150
-556 -309 -487 144 -696 -81 -327 -313 -303 -60 -315 -311 -494 -253 -295 -106 38 -174 -202 -187 -82 -147 -306 -251 -106 -658 13 -493 -245 0 -536 -231 -391 -431 -280 -610 -409 -78 -582 56 -161 -348 -69 -490 -43 -411 -290 -285 -428 -76 -366 -114 -391 -272 -174 -509 -272 -542 -150 -523
-119 -713 168 -798 103 -536 -48 -402 -432 -567 -240 -537 37 -653 -124 -16 -817 -117 -421 -653 -53 -246 -297 -138 -369 177 -798 -96 -345 -242 -309 -218 -221 -324 -397 -198 -121 -662 -137 -237 -287 -181 -306 -307 -214 -705 -16 -415 -188 -37 -550 -147 -640 98 -630 57 -583 -190 -191 -182
-201 -278 -548 -90 -590 -242 119 -486 -338 -132 -477 -121 -873 -86 -253 -479 -170 -150 -539 140 -181 -484 -77 -382 -286 -182 -166 24 -503 -118 -82 -374 -216 -481 -283 -514 -324 -376 -508 15 -337 -330 -454 179 -329 -265 -162 -439 -55 -539 -180 -503 -40 -575 -240 -282 -464 -330 -372 -396
-505 142 -499 -299 -92 -227 -249 -394 58 -623 -99 -266 -36 -352 19 -622 -124 -780 -196 -387 -100 -342 -261 -172 -309 -390 -41 -576 -599 -131 -281 -251 -431 -268 -163 -168 -413 -322 166 -290 107 -642 -55 -449 -386 -104 -500 43 -228 -274 -316 244 -360 -368 110 -695 22 -290 -435 -344
-248 -620 -150 -120 -701 -359 -275 -423 -351 -319 -145 -221 -227 -252 -555 -334 -339 -173 -87 -133 -462 -122 -572 -275 -102 -41 -328 -40 -372 -182 84 -470 -235 -510 -19 -698 -467 -366 -183 -418 -548 -194 -528 -442 -239 -430 -404 -212 -529 -178 -274 -429 -528 -11 -888 76 -444 -104 -440 171
-339 -57 -96 -226 -232 152 -322 -108 -711 -267 -330 -189 -102 -323 -171 -558 -283 -359 -403 -453 -312 -456 -170 -290 -160 -137 -120 -744 -475 -183 -377 -167 -547 330 -501 -171 -244 -73 -453 -57 -295 -242 -469 -217 -220 -351 -496 -218 -13 -402 -265 -24 -193 -286 61 -167 -86 -262 -119 -523
-83 -417 -339 -305 -421 -172 -169 -265 -194 -165 -422 -24 -550 -535 -694 -360 -294 -321 -317 -454 -200 -457 17 -527 -166 -66 -551 -266 11 -236 -169 -340 -453 -542 -234 -622 -35 -272 -503 190 -487 -526 -306 -352 -376 -703 101 -593 -374 -181 -180 -492 -248 -294 -534 -178 -217 -299 -271 -134
-277 -467 227 -747 186 -481 -413 -590 -252 -612 189 -326 -218 -288 -437 -107 -364 -214 -249 -110 -623 -44 -499 -325 -251 -504 -234 -518 -316 -196 -475 -251 -40 -385 -89 -178 12 -671 10 -122 -322 -295 105 -309 -174 -119 -374 -237 -287 -202 -434 -164 -192 -221 13 -267 21 -108 -440 -493
-150 -302 -500 -77 -508 53 -84 -63 -260 32 -180 -224 -252 -118 -351 -283 -371 -468 -461 -288 -310 -301 -287 -284 -273 -97 -607 -76 -125 -253 -307 -254 -592 -44 -222 -370 -396 -376 -133 -609 -488 -284 -479 -366 -457 -154 -351 -298 -363 128 -465 17 -117 -559 -91 -313 -144 -614 -418 -384
-652 -80 -411 -69 -190 -62 -135 -548 -59 -333 -303 -387 -412 -396 -197 -311 -479 -244 -228 -338 -290 -231 -458 -264 -281 -693 -99 -299 -55 -337 -206 -471 -69 -95 -377 167 -516 52 -429 116 -227 -128 -254 -255 -81 -449 -556 144 -580 -202 -402 -55 -477 -307 -161 -341 -91 -505 -19 -455
-115 -283 -363 -291 -241 -205 -383 -331 -409 -286 -169 -370 -103 -199 -419 -260 -150 -186 -361 47 -196 -280 100 -143 -224 -56 -177 -121 -195 -283 -361 -187 -436 -284 -269 -671 -1 -588 -49 -594 -166 -777 -275 -59 -662 -373 -131 -331 -86 -484 -48 -351 -247 -215 -295 -18 -562 127 -526 -47
-592 -394 -88 -285 -285 -190 -579 -42 -371 -206 -414 -392 -121 -336 -389 -273 -321 -292 -240 -263 -63 -131 -189 -381 -249 -334 -446 -94 -188 197 -529 27 -38 -193 -154 -222 -168 -411 -453 -191 -430 90 -230 -414 -126 -628 79 -618 104 -505 -122 -406 -158 -217 -539 -19 -338 -365 -247 -499
-303 -94 -470 -320 -227 -614 83 -600 -217 -166 -223 -574 41 -708 -211 -536 -14 -472 -229 -246 -138 -206 -157 52 -217 -302 -40 -400 -216 -547 -13 -297 -304 -133 -502 37 -332 -9 -472 -169 -391 -188 -497 -154 -354 -229 -494 -169 -410 -618 2 -577 -124 -337 -173 -201 -233 -234 -213 7
-460 -256 -355 -121 -637 -160 -465 -197 -215 -79 -445 -133 -228 -374 -481 94 -543 -99 -138 -438 -78 -363 -170 -346 -552 -293 -284 -102 -389 -86 -131 -236 -222 -352 -77 -466 -271 -667 -118 -601 -114 -144 -257 32 -638 -119 -252 -233 -511 61 -442 -197 -515 -324 -77 -743 -80 -392 -216 -780
-451 -298 -106 -688 -136 -104 -452 -264 -430 -348 -636 -10 -342 -209 -79 -299 -94 -480 -259 -368 -162 -393 -538 -100 -471 -56 50 -524 -305 48 -571 -184 -329 -502 0 -260 -252 -216 -515 -93 -181 -478 -69 -673 -178 -588 -420 -506 -320 -87 -647 67 -500 48 -417 -135 -339 -323 -229 -187
-361 -347 -519 -244 -301 -397 -78 -129 -240 -224 -394 -140 -487 -308 -529 -299 -136 -144 -434 144 -323 -278 -105 -456 -29 -129 -293 -322 -186 -386 -103 -99 -265 95 -696 71 -324 -594 -69 -299 -417 -37 -94 -422 -133 22 -531 -121 -380 -406 -101 -708 -237 -535 -365 -382 -485 -312 -571 -124
-323 -203 -374 -489 -188 -530 -492 -207 -331 -307 37 -374 -125 -380 -195 -267 -426 -507 -39 -635 -183 -492 -413 -358 -306 -323 -238 -182 -303 -20 -236 -148 32 -497 176 -514 -323 -124 -144 -71 -291 -42 -777 -156 -332 -425 -301 -268 -567 157 -580 -131 -97 -375 -86 -433 -187 -12 -408 -267
-357 -370 -533 -77 -211 -217 -243 -246 39 -462 -16 -507 -225 -261 -259 -94 -368 2 -675 217 -552 -127 -46 -282 -204 -189 -87 -438 -215 -287 -308 -323 -162 -199 -427 -223 -22 -315 -139 -436 116 -500 -222 -174 -245 -288 -471 -616 51 -832 -48 -537 -355 -538 -607 -294 -359 -358 -273 -393
-222 -386 -399 -181 -414 -500 -247 -166 -581 -136 -87 -492 -360 111 -562 -200 -624 -323 -93 -423 -192 -144 -261 -444 -324 -182 -296 -273 -457 -264 -286 1 -467 -258 -327 -243 -566 135 -562 -155 -49 -526 -134 -253 -69 -531 -196 -325 -538 82 -348 -244 -268 -192 -373 -264 13 -320 -249 -275
-50 -456 44 -483 -332 -570 -380 -483 -350 -43 -478 -337 44 -459 178 -313 -172 -316 -351 -285 -325 -198 -401 5 -303 -239 -333 -33 -215 -233 84 -257 7 -207 -207 -340 -26 -616 -167 155 -454 53 -295 -49 -363 -272 -325 -315 -238 -275 -405 -275 -31 -503 -104 -334 27 -492 23 -532
-262 -173 -396 -128 -237 -445 -78 -399 -2 -371 -336 -186 -609 -417 -240 -392 -351 49 -293 -153 -434 -97 -351 -155 -212 -178 -504 -236 -511 -190 -468 -483 -279 -298 -527 -77 -428 -98 -122 -237 -324 -124 -530 32 -502 -104 -17 -811 -78 -251 -489 -28 -486 -41 -709 168 -435 -11 -241 -480
-499 -302 -323 -462 -618 119 -425 -162 -522 25 -612 -76 -481 -140 -533 -39 -222 -298 -564 -234 -343 -443 -204 -389 -127 -456 -50 -482 112 -373 -261 180 -561 -167 -184 -631 -267 -414 -194 -224 150 -639 15 -338 -324 30 -578 21 -613 -94 -407 -134 -313 -673 149 -557 -136 -194 -491 -319
-17 -183 -88 -223 -251 -25 -406 -246 -451 -197 -203 -511 -493 -486 -175 -167 -56 -425 242 -526 -255 23 -581 -73 -278 -265 -181 -114 -155 -399 -374 -493 -238 -527 -29 -404 88 -517 -152 -235 -699 32 -517 -317 -190 -376 -194 -275 -82 -137 -52 -449 -313 -351 -301 25 -495 -231 -343 -384
-473 -281 -164 -428 21 -619 79 -450 -184 -376 52 -425 -32 -562 -3 -292 -635 -60 -592 -256 57 -678 -165 -117 -178 -468 -86 -402 -23 -554 -9 -360 -144 -182 -475 -213 -277 -520 -236 -321 -293 -201 -572 -31 -249 -257 -467 -188 -594 40 -620 -261 -578 -102 -291 -436 -66 -440 -199 -177
-19 16 9 -203 -383 -95 -72 -509 -177 -298 -254 -215 -464 -60 -418 -187 -361 -361 139 -288 -384 -265 -200 -677 16 -390 -469 -43 -684 -43 -676 -337 52 -442 -216 -260 -504 -319 -280 -302 -358 -490 -150 -741 77 -332 -120 -203 -138 -397 -164 -746 -41 -348 -322 116 -505 -362 -215 -414
-106 -75 -202 -490 -486 -426 -284 -533 -460 -271 -260 -204 -332 -35 -591 -216 -316 -60 -538 -114 -426 -407 -424 -6 -597 -22 -529 -39 -234 -536 -283 -393 -88 -243 -354 -298 -356 -111 -482 -365 -437 -23 -356 -176 -114 -678 -134 -659 111 -478 -278 -145 -401 -57 -422 81 -658 61 -401 -49
-172 -85 -293 -458 -323 -226 -383 -300 31 -354 -267 -366 45 -721 0 -647 -15 -399 -333 -29 -302 -35 -76 -155 33 -337 35 -244 -196 -82 -388 98 -440 -381 -289 -395 -180 -362 -269 -507 -260 -572 -339 -294 -333 -90 -443 -424 -376 -539 -342 -327 -420 -276 -204 -524 -97 -363 -345 -308
-240 -343 -460 -33 -266 -248 -158 -265 -222 -393 -542 17 -566 23 -623 147 -518 -212 -138 -438 -153 -587 -51 -609 -111 -194 -356 -268 -326 -225 -61 -244 -95 4 -564 -49 -518 207 -752 -41 26 -297 -82 -283 -151 -420 -389 -20 -433 -11 -371 -98 -177 -249 -14 -422 79 -383 194 -547
-331 -271 -52 -220 -404 -241 -268 -190 -340 -609 -74 -388 -244 36 -257 -510 -88 -613 -172 -116 -288 247 -421 60 -48 -425 -202 -436 -213 -349 -484 -522 -103 -650 -506 -167 -153 -427 -140 -231 -158 -564 -261 -511 -280 -429 -27 -591 -41 -566 -17 -616 -101 -460 -453 -100 -391 -201 -619 50
-332 -335 -357 -350 68 -365 -355 -45 -765 -322 -437 -336 -147 -432 -236 -223 -434 -212 38 -276 -425 -401 -359 -149 -490 157 -401 -430 -67 -326 -270 -1 -316 -262 -320 -22 -339 -462 -377 -85 -673 39 -329 -348 -492 -56 -186 -416 -273 199 -555 -108 -214 -462 -17 -466 -214 -236 -243 -137
-293 -523 108 -324 -328 -167 -324 -504 -76 -293 -309 54 -162 -499 -228 -474 -309 5 -369 96 -434 31 -422 -130 -414 -135 -632 8 -399 -579 -151 -430 -447 -200 -415 -387 -20 -333 -62 -460 -163 -244 -540 -391 28 -287 -326 -349 43 -616 -252 -264 -605 -2 -626 -176 -437 -90 -220 -529
-531 -211 -274 -262 -200 -473 -454 -329 -616 -491 -156 -214 -517 -369 -141 -439 94 -314 -115 -506 -361 -389 -172 -436 211 -438 -25 2 -464 -113 -467 -132 -306 -107 -475 114 -409 -450 -494 -137 -542 -361 -70 -238 -298 52 -457 31 -557 -302 -340 -190 -481 -160 -37 -463 2 -362 -231 -110
-221 -71 -858 -9 -729 -248 -277 -102 -304 141 -298 -249 -387 -286 -293 -388 -173 -231 -195 -497 296 -589 -129 -514 -102 -606 -17 -472 -222 -399 -378 -316 -421 -406 -251 -201 -200 -410 96 -615 -134 -170 -332 -107 -323 -543 -10 -279 -351 256 -527 -264 -294 -323 -330 -280 -343 -341 -343 -289
-206 -82 -116 -59 -461 -67 -579 -222 -545 -337 -682 -263 -251 -443 -344 -122 -316 100 -680 61 -378 -70 -538 93 -260 118 -422 -245 -234 -534 39 3 -261 -60 -216 -287 -128 -215 -349 -42 -446 -279 -262 -91 -549 113 -611 -224 -154 -602 -142 -642 32 -14 -192 -330 67 -270 -602 15
-314 -720 -70 -764 16 -448 -113 -196 -166 -314 -102 -199 -250 -381 -259 -519 -347 -370 -262 -284 -276 -210 -302 -211 -330 -82 -498 -87 -493 -381 -617 -170 -623 -348 -144 -649 -173 -319 -309 -78 -189 -399 136 -499 -104 -651 -215 -173 -195 53 -385 47 -554 -142 -402 -329 -148 -639 274 -446
-391 -63 -372 -48 -639 -6 -293 -319 -440 -278 -539 -479 -220 -621 -353 -236 -370 -244 -65 -317 -325 -308 -439 -328 61 -533 -387 -416 -362 -181 -24 -626 94 -492 -231 -327 -103 -132 -322 -50 -657 -282 -239 -164 -249 -178 -126 -169 -255 -548 -401 -605 39 -402 -48 -139 -200 -231 -436 -423
-432 -166 -518 -214 -98 -640 41 -593 -253 -272 -396 -143 -416 -332 -322 -555 -402 -106 -414 -425 -213 -260 -388 50 -515 -182 -222 -541 -33 -647 -272 -191 -512 -184 -371 -345 -388 -526 -247 -147 -616 13 -350 -353 -222 -427 -200 66 -436 30 -390 -23 -543 -257 -257 -170 -677 -131 -348 -144
-282 -104 -343 -117 -552 -7 -440 -302 -73 -407 -189 -597 -334 -505 -433 -86 -285 -293 -253 -434 -248 -504 -163 -402 -114 -457 -303 31 -236 -28 -244 -244 -1 -297 -214 -384 -9 -337 6 -586 -75 -539 -210 -234 -489 -140 -417 -409 41 -762 -252 -477 -300 -415 60 -367 -353 -163 -483 -51
35 -654 -36 -674 -183 -546 -456 -87 -379 -178 -346 -125 -447 -368 -281 -451 -26 -379 98 -234 -100 -378 -220 -228 -172 -247 -410 58 -422 -251 -280 -511 -51 -339 -527 -62 -397 -270 -416 -181 -517 -63 -628 -125 -473 -364 -155 -64 -475 -155 117 -345 -280 -2 -427 -385 -185 -468 -135 -325
-259 -103 -221 -254 -253 -517 -93 -443 -94 -408 -104 -513 -149 -238 -270 -455 -371 -552 -497 -169 -603 -286 -86 -365 -200 -430 -173 -433 -125 -434 -560 79 -531 -432 5 -334 -488 -74 -433 -561 -75 -368 -323 -407 -264 -401 -293 -446 -471 -246 -546 -24 -480 -235 -198 -577 -231 -305 -241 -454
-370 -291 -375 -348 -356 -390 -138 -342 -500 -159 -256 -548 -311 -344 -695 91 -383 -82 -161 -354 -221 -369 -211 -203 -260 -249 92 -65 -79 -343 -68 -425 -531 77 -349 -449 26 -407 -330 -236 -318 -283 -446 -216 -398 -226 -426 -343 141 -367 53 -336 -334 -426 -546 84 -227 -599 -9 -367
-277 -248 -329 -81 -552 -309 -419 -377 127 -375 -324 97 -325 -258 -23 -519 -162 -550 -232 -510 88 -463 -280 -99 -382 -214 -292 -248 -483 29 -530 -568 62 -452 -549 -256 -430 -415 -171 -471 -347 -305 -207 -72 -500 -384 -272 -132 -579 -319 -470 -264 -461 -351 -27 -241 -406 -30 -700 11
11 -204 -83 -314 -311 -405 -331 -78 -459 97 -342 -385 -258 -141 -205 -176 -153 -162 -385 41 -368 -420 -275 -221 -201 -275 16 -211 -82 -337 -407 70 -523 -393 42 -568 -177 -460 -50 -281 -60 -311 -60 -273 -625 -52 -252 -209 -359 -277 -196 -563 -72 -478 -210 -341 -407 -163 -243 -414
-298 -202 -276 -411 -182 -428 -143 -354 -412 -374 -483 -218 -62 -389 -250 -385 -452 -567 -65 -162 -546 38 -401 -281 -229 -153 -422 -114 -481 -343 -190 -211 -421 -82 -469 -450 -217 -77 -258 -265 -172 -377 -447 -501 -167 -122 -279 -24 -457 -271 -472 -161 -339 -114 -437 -271 -86 -228 -330 -515
-18 -118 -688 99 -579 -140 -247 -330 25 -515 -392 -19 -295 -193 -182 -44 -346 -319 -318 -291 -123 -282 -275 197 -355 -5 -373 -338 -503 -38 -182 -665 72 -404 -211 -217 -457 65 -661 173 -569 -176 -368 -254 -155 -129 -440 -271 -117 -430 -39 -405 104 -404 -266 -190 -201 -353 -293 -125
-279 -504 147 -546 -130 149 -579 -72 -222 -616 132 -644 20 -733 17 -428 -152 -243 -405 -226 -389 -383 -387 -566 -256 -439 -195 -338 -108 -281 -569 49 -443 -28 -399 -253 -54 -593 101 -362 -116 -383 -294 -339 -5 -792 -155 -425 -158 -268 -328 -79 -228 -344 -23 -354 -89 -390 -189 -390
-375 -10 -282 -101 17 -424 -385 -133 -783 -9 -367 -182 -222 -263 -240 -379 -374 -355 -616 -357 -157 -103 -288 73 -211 -120 -383 -566 -94 -709 0 -497 -8 -117 -246 -369 -344 -316 -292 -308 -285 -366 114 -201 -248 -187 -189 -303 -350 -325 -203 -79 -131 -274 -99 -459 -191 -110 -335 -325
-367 -103 -555 20 -355 -136 -488 -177 -350 -226 -507 -277 -568 -37 -456 44 -308 -484 -134 -576 301 -947 -4 -516 -240 -436 -408 -161 -586 -320 -293 -397 -7 -179 -601 -58 -29 -446 33 -430 49 -104 -228 -291 -481 -336 -343 -358 -91 -64 -402 -78 -219 -229 -150 -260 -622 -111 -585 -39
56 -593 -85 -295 -5 -692 -310 -417 -501 3 -571 -142 -585 -12 -193 -229 -482 -11 -665 -114 -600 144 -475 -223 -230 -444 -308 -256 -541 57 -487 145 -328 -64 -347 -1 -592 26 -301 -290 -231 -87 -148 -580 -414 -122 -647 -49 -180 -518 169 -684 -327 -158 -671 -307 -251 -402 -401 -175
-338 -341 -31 -111 -404 -387 -135 -301 47 -288 -349 -373 -176 -305 -151 -586 44 -352 -286 -73 -304 -437 -209 -68 -458 -14 -279 -731 -68 -764 -168 -481 -87 -586 -135 -590 -250 -314 -508 -81 -152 -172 -337 -333 -146 -620 68 -239 -650 151 -538 -152 -114 -417 -346 -279 -285 -266 -512 31
-560 -407 -274 11 -464 -247 -215 -388 -332 -543 -477 -364 -367 -369 -112 -268 -213 -453 -101 -465 -173 -315 -415 -128 -212 -166 -256 -5 -245 -81 -215 267 -241 -340 -179 -302 -306 -359 -7 -344 -362 -134 -428 -180 -452 71 -471 -142 -249 -435 -272 -379 -107 -296 -37 -356 -73 -495 -38 -94
-210 -227 -198 -581 -464 -10 -253 -368 -90 -243 -544 -267 -621 -278 -150 -466 -217 -46 -324 -202 -499 136 -611 -189 -236 -339 -276 -290 -288 -471 -512 -210 -419 -380 -380 -354 -396 118 -155 -271 -83 -313 -256 -77 -348 -287 -157 -228 -184 -398 52 -152 -265 -203 -221 -268 -302 -193 -143 -680
-281 -98 -285 -317 102 -279 -273 -42 -136 -280 -335 -391 -124 -353 -169 -386 -250 -322 -55 -213 -110 -495 84 -501 -358 73 -503 -307 -428 -342 48 -370 -95 -120 -416 -57 -203 58 -394 -377 -145 -695 -150 -211 -391 -414 -101 -436 -627 -503 -336 -455 -205 -461 -215 -35 -238 -545 -116 -228
