1765
1804
1836
1876
1909
1948
1980
2020
2053
2092
2124
2164
2197
2236
2268
2308
2341
2380
2412
2452
2485
2524
2556
2596
2629
2668
2700
2740
2768
2819
2917
2956
2988
3028
3061
3100
3132
3172
3205
3244
3276
3316
3349
3388
3420
3460
3493
3532
3564
3604
3637
3676
3708
3748
3781
3820
3852
3892
3927
3969
4063
4102
4134
4174
4207
4246
4278
4318
4351
4390
4422
4462
4495
4534
4566
4606
4639
4678
4710
4750
4783
4822
4854
4894
4927
4966
4998
5038
5061
5125
5209
5248
5280
5320
5353
5392
5424
5464
5497
5536
5568
5608
5641
5680
5712
5752
5785
5824
5856
5896
5929
5968
6000
6040
6073
6112
6144
6184
6218
6280
6373
6412
6444
6484
6517
6556
6588
6628
6661
6700
6732
6772
6805
6844
6876
6916
6949
6988
7020
7060
7093
7132
7164
7204
7237
7276
7308
7348
7376
7430
7525
7564
7596
7636
7669
7708
7740
7780
7813
7852
7884
7924
7957
7996
8028
8068
8101
8140
8172
8212
8245
8284
8316
8356
8389
8428
8460
8500
8535
8580
8671
8710
8742
8782
8815
8854
8886
8926
8959
8998
9030
9070
9103
9142
9174
9214
9247
9286
9318
9358
9391
9430
9462
9502
9535
9574
9606
9646
9669
9736
9817
9856
9888
9928
9961
10000
10032
10072
10105
10144
10176
10216
10249
10288
10320
10360
10393
10432
10464
10504
10537
10576
10608
10648
10681
10720
10752
10792
10826
10891
10981
11020
11052
11092
11125
11164
11196
11236
11269
11308
11340
11380
11413
11452
11484
11524
11557
11596
11628
11668
11701
11740
11772
11812
11845
11884
11916
11956
11984
12041
12133
12172
12204
12244
12277
12316
12348
12388
12421
12460
12492
12532
12565
12604
12636
12676
12709
12748
12780
12820
12853
12892
12924
12964
12997
13036
13068
13108
13143
13191
13279
13318
13350
13390
13423
13462
13494
13534
13567
13606
13638
13678
13711
13750
13782
13822
13855
13894
13926
13966
13999
14038
14070
14110
14143
14182
14214
14254
14277
14347
14425
14464
14496
14536
14569
14608
14640
14680
14713
14752
14784
14824
14857
14896
14928
14968
15001
15040
15072
15112
15145
15184
15216
15256
15289
15328
15360
15400
15434
15502
15589
15628
15660
15700
15733
15772
15804
15844
15877
15916
15948
15988
16021
16060
16092
16132
16165
16204
16236
16276
16309
16348
16380
16420
16453
16492
16524
16564
16592
16652
16741
16780
16812
16852
16885
16924
16956
16996
17029
17068
17100
17140
17173
17212
17244
17284
17317
17356
17388
17428
17461
17500
17532
17572
17605
17644
17676
17716
17751
17802
17887
17926
17958
17998
18031
18070
18102
18142
18175
18214
18246
18286
18319
18358
18390
18430
18463
18502
18534
18574
18607
18646
18678
18718
18751
18790
18822
18862
18885
18958
19033
19072
19104
19144
19177
19216
19248
19288
19321
19360
19392
19432
19465
19504
19536
19576
19609
19648
19680
19720
19753
19792
19824
19864
19897
19936
19968
20008
20042
20113
20197
20236
20268
20308
20341
20380
20412
20452
20485
20524
20556
20596
20629
20668
20700
20740
20773
20812
20844
20884
20917
20956
20988
21028
21061
21100
21132
21172
21200
21263
21349
21388
21420
21460
21493
21532
21564
21604
21637
21676
21708
21748
21781
21820
21852
21892
21925
21964
21996
22036
22069
22108
22140
22180
22213
22252
22284
22324
22359
22413
22495
22534
22566
22606
22639
22678
22710
22750
22783
22822
22854
22894
22927
22966
22998
23038
23071
23110
23142
23182
23215
23254
23286
23326
23359
23398
23430
23470
23493
23569
23641
23680
23712
23752
23785
23824
23856
23896
23929
23968
24000
24040
24073
24112
24144
24184
24217
24256
24288
24328
24361
24400
24432
24472
24505
24544
24576
24616
24650
24724
24805
24844
24876
24916
24949
24988
25020
25060
25093
25132
25164
25204
25237
25276
25308
25348
25381
25420
25452
25492
25525
25564
25596
25636
25669
25708
25740
25780
25808
25874
25957
25996
26028
26068
26101
26140
26172
26212
26245
26284
26316
26356
26389
26428
26460
26500
26533
26572
26604
26644
26677
26716
26748
26788
26821
26860
26892
26932
26967
27024
27103
27142
27174
27214
27247
27286
27318
27358
27391
27430
27462
27502
27535
27574
27606
27646
27679
27718
27750
27790
27823
27862
27894
27934
27967
28006
28038
28078
28101
28180
28249
28288
28320
28360
28393
28432
28464
28504
28537
28576
28608
28648
28681
28720
28752
28792
28825
28864
28896
28936
28969
29008
29040
29080
29113
29152
29184
29224
29258
29335
29413
29452
29484
29524
29557
29596
29628
29668
29701
29740
29772
29812
29845
29884
29916
29956
29989
30028
30060
30100
30133
30172
30204
30244
30277
30316
30348
30388
30416
30485
30565
30604
30636
30676
30709
30748
30780
30820
30853
30892
30924
30964
30997
31036
31068
31108
31141
31180
31212
31252
31285
31324
31356
31396
31429
31468
31500
31540
31575
31635
31711
31750
31782
31822
31855
31894
31926
31966
31999
32038
32070
32110
32143
32182
32214
32254
32287
32326
32358
32398
32431
32470
32502
32542
32575
32614
32646
32686
32709
32791
32857
32896
32928
32968
33001
33040
33072
33112
33145
33184
33216
33256
33289
33328
33360
33400
33433
33472
33504
33544
33577
33616
33648
33688
33721
33760
33792
33832
33866
33946
34013
34062
34076
34139
34158
34207
34221
34284
34301
34350
34364
34427
34446
34495
34509
34572
34589
34638
34652
34715
34734
34783
34797
34860
34877
34926
34940
35003
35017
35094
35200
35239
35275
35315
35344
35383
35419
35459
35488
35527
35563
35603
35632
35671
35707
35747
35776
35815
35851
35891
35920
35959
35995
36035
36064
36103
36139
36179
36210
36269
