-1709
-563
-3649
940
-1098
-751
-293
-563
-996
567
-1059
-640
-2093
1923
-2375
1759
-1525
565
125
-687
2301
1286
-1756
415
-1520
-238
-428
363
-2093
840
1362
3285
-1107
752
644
-1863
-235
-976
111
178
134
-1229
1138
-1331
-77
728
-268
-686
626
1249
161
-1734
236
-1498
180
125
-837
2211
1193
-1167
1674
1427
1847
-866
-1522
1663
-1429
1404
-701
2732
3688
567
1120
3419
421
1280
826
-668
-664
2027
539
-1212
1690
728
-1906
661
907
-1999
911
1207
-1112
-811
-2181
2105
-243
2279
2181
-1339
-289
-2573
55
614
-451
-2426
-1606
58
-256
-196
798
-2163
-1758
-211
-363
-450
-365
751
-1947
-560
-1011
1525
281
-1130
492
-263
32
1328
-146
-327
967
28
316
1836
-183
2704
-2282
-255
-1437
-813
-1295
522
794
-116
676
-2460
951
-1107
309
2361
-1173
1298
-1063
-1829
1197
2472
2567
114
922
382
-3998
1091
-925
-1858
2032
-2915
1779
1938
-2447
3118
506
1302
-1543
3155
1025
2005
3246
191
211
-1250
222
-2165
1919
-975
-1917
-610
-2843
-604
-280
1148
-1126
1855
659
-1834
2200
1419
1057
-2654
2143
-496
-5164
-372
-837
1631
-3595
449
-240
-549
-1185
796
2276
921
-1453
-1037
-2885
415
1359
-177
-483
-2027
905
-1053
-181
1328
-692
-2228
4398
-1302
3085
-2003
3523
-1926
697
-1443
-1153
2879
-2353
2698
-104
461
-1173
-1850
576
1967
3425
-814
-146
1865
147
2430
1328
1508
-1948
1675
-2357
2331
-2439
1474
-1293
1226
-1894
-986
-1056
1684
1806
47
-686
904
-1122
1387
-31
1844
-807
-2456
1220
51
-673
3462
-3234
1202
-1633
-1932
702
-2097
-1201
1780
-1418
2242
327
4084
876
-912
827
-2023
-439
-2040
1910
-738
718
1427
-1856
1369
191
408
-2372
-1929
1163
-3878
2110
-3668
1773
-160
-2010
-211
-47
-2502
1164
-1756
1707
-1566
2618
-712
461
-1439
1677
-1026
816
1962
-2878
499
148
-1931
1567
-1506
2522
3044
561
1984
-922
-1968
921
595
1115
-298
1880
229
-629
-2207
-286
-48
-3592
1774
-1103
1023
815
-570
691
-703
1505
-654
2860
1860
2034
2404
-552
541
-2778
2149
-1407
2707
1966
-3341
-223
-31
-3113
-171
1043
-539
308
1617
1703
-1501
-1477
3352
-4194
-2050
959
-1415
399
53
-1561
-2457
-2867
1445
-143
-380
2001
-3584
-184
1613
379
1631
1343
209
1360
-471
1201
-344
558
397
-1653
3580
-1718
2120
-2216
741
-848
1844
156
-954
-1066
354
-547
-1199
2365
-3216
2209
-844
-856
1059
-303
489
661
1843
916
41
-1207
1510
-1256
113
-1557
698
2538
-1350
2130
771
-1010
-1014
-4426
2150
-984
1522
104
-1773
65
1679
-666
-505
2411
-1572
-2542
600
-150
-266
-1179
-497
-3763
391
-1690
797
2197
1357
801
49
1095
-2536
2145
391
2053
-1337
-1159
1815
1978
1524
-82
1501
266
66
-1280
-1495
587
2598
-394
1672
-322
-2020
2476
22
2823
-530
1096
-683
-1369
381
-201
3142
-656
-2392
84
1267
-1470
893
167
1077
-1613
265
-4205
1987
375
-739
1249
-686
224
-1215
2907
4588
-2474
-11
-721
-1568
2534
2156
258
-964
-1660
-384
2077
403
-497
-13
-272
-1956
-1229
-489
701
-947
-1417
1631
167
499
-2597
1282
4236
-1725
-1777
442
-896
-601
341
1948
118
1992
-100
-226
3470
-802
1895
-879
773
-447
2484
2984
-324
-137
1391
-4
-444
-1433
-1033
857
-2040
252
-920
2795
2282
-2513
1261
-731
-333
360
-1224
-4099
2625
-1338
-1838
616
279
1968
-4
-195
140
-3370
-394
403
-725
3274
3214
274
1618
380
-873
-1190
1370
666
-268
-2318
1034
-173
-295
244
1388
-306
1601
1730
-2288
1481
413
-1868
1466
2720
970
-111
1258
1225
27
-1863
-1701
711
-1889
-1879
2116
-1297
57
-197
1215
2867
923
-1344
452
-1071
-1447
-327
-649
3125
-363
-1216
-2468
1935
-1657
105
2774
-2030
-854
-2483
-1657
-473
201
-1075
1141
669
-862
1393
-741
845
-655
1561
-2595
2734
-1620
793
-1735
1317
845
-345
1503
-852
-1586
901
-847
-1223
938
2362
679
-246
142
-28
957
301
715
-2708
1212
-1095
-1379
-1589
2427
-300
1050
680
-82
228
-2804
-1356
2077
389
979
-748
401
-1772
822
-139
-1047
-1979
1025
-1496
254
-1118
831
-757
-113
1169
790
1083
3085
-1588
-44
-606
968
565
674
-505
-1359
355
-389
-425
-897
2863
-709
153
417
745
-896
2644
-2629
2266
-2500
2492
-916
381
1187
-884
2845
-964
-698
-762
-474
-2182
-2936
-2202
807
-980
2854
-1294
819
-1397
-355
-1304
2948
-884
-1268
-515
1817
12
831
-1478
-1432
1600
-1468
371
-2879
560
295
650
-2540
-1664
-1780
1654
996
-408
-227
124
838
1252
1487
1183
3649
1044
-240
634
1622
-1071
-405
-1302
2825
-1645
2599
-917
1460
50
-3070
3750
-2730
1633
3163
1408
-18
-1029
-1285
413
436
-12
238
286
-1436
2445
-3225
1270
1045
2135
-2133
3526
-2689
-901
-1365
213
13
-1119
2974
-2236
450
931
-888
-138
-1404
545
3
1651
423
201
-1000
-536
-298
-322
378
699
-11
-857
529
-1307
3219
-1322
1246
-2765
-1131
448
-2912
3584
-1673
3463
2163
-132
1310
-1122
1948
2971
-503
-606
1418
-714
201
1192
-1170
-113
122
1778
-956
574
-2163
-143
-137
-1171
735
695
1848
680
70
398
-3308
208
-344
-1057
206
2003
3037
3235
-295
1195
-3981
509
-3534
868
1146
-2071
3981
1977
-471
2201
-2024
2207
371
1261
839
3094
-180
-1272
-2402
-50
17
-122
2682
2376
-1020
2128
1206
-1330
1337
1121
1423
1115
-1151
1648
1854
1167
-48
-312
704
4071
1608
-1023
-2011
124
252
2102
-3762
-4054
-1108
796
1481
1736
600
2098
-2206
-760
-1886
-2270
-1303
-1551
-2873
-93
1093
48
-206
2237
-3924
-1082
-1858
1321
2032
-1559
-1807
-1060
790
-438
-2643
217
1305
959
-3552
371
-593
-4757
2728
-1223
-2035
-458
-202
-1860
-1322
-983
-2540
-1063
1105
1125
12
-761
-1193
-249
1008
1939
1981
-932
-139
3372
-2409
-2349
1015
-950
-1503
-3026
-1076
1476
241
-2586
-1866
-568
1076
1627
1369
-129
-1912
-136
948
-252
1899
957
-19
-2806
730
1154
2154
1852
-1173
535
1317
-113
531
-3170
-2536
-2734
-470
2003
-760
1322
118
632
1678
-1939
379
-951
2135
862
-1952
-2273
-301
-1216
-3512
109
886
-2190
1510
938
1164
-1957
1237
1521
-1399
-1590
-490
1730
590
-1605
-1980
1376
-684
210
-910
-3941
-1215
-1791
1687
1634
2040
135
-1433
-1398
-2026
1325
312
-804
-2632
680
384
47
3077
3080
890
1454
2989
512
-2070
-32
352
-2790
-838
12
-4430
907
1905
-2526
598
1136
1440
-1466
1079
4850
2088
2609
-2441
-1059
-1495
884
-50
2569
-3195
-1760
2268
508
515
-891
-2093
-355
-1343
1172
1692
545
-710
1484
-3934
1972
-1846
-1005
1407
1972
3239
1097
-1481
-2499
444
-304
316
-881
-1796
181
342
-392
-166
532
-2492
-1430
-1356
-265
1298
2354
4888
335
2282
318
-2634
-291
-3769
-2173
241
-269
1895
-405
-2163
-2875
1032
-1994
-1426
-1684
-1848
1200
2488
3182
8
-1548
776
-320
82
-1103
3648
-344
-470
927
90
-254
4530
-99
-1221
-4323
-153
661
-5
243
709
-433
576
-1544
-1088
2420
-974
-1396
1888
86
1030
75
976
1392
-214
2624
1998
-121
1537
-1343
-1783
790
2918
1657
2510
1627
-689
2733
-1728
-1337
-771
-380
-1704
-348
396
-2312
796
-1806
-3122
-2483
-2453
240
-1346
235
-179
1841
-334
-1034
3116
1396
-534
1169
-885
307
1960
5710
1778
-1857
-1581
443
-533
2336
162
-1527
947
-243
1026
-601
-2139
2281
-1143
-1475
1408
-3052
-750
-2522
-1988
-783
-3097
-2411
-52
-544
-1314
2343
1468
-1594
-2392
-1045
-111
1622
1896
1737
1328
331
651
778
901
1006
75
-1021
-1225
-1785
2578
-94
24
292
-1712
207
-4499
-2421
796
-1384
-1010
1727
-420
-358
-1544
-145
3531
-3134
-2012
-91
2298
2859
-17
510
-1449
284
1801
1007
645
-2286
-3404
1712
514
-1747
2658
1143
865
2285
-106
2967
79
2852
1318
1298
1130
-2556
-3152
-2517
-1049
1117
2438
233
2211
-1999
757
1495
727
-1305
-1261
-1166
-1659
-30
-872
-556
780
741
-457
1846
-2360
-769
2399
-3384
-789
-4226
1440
-626
-949
330
874
1766
-1892
-1929
2255
963
2690
248
-1109
482
-1896
1474
-389
-390
-2174
813
-425
-1338
714
-3385
142
-1075
-2049
-735
-1205
-630
148
-677
2735
2084
-1428
-776
-2060
-881
305
3098
1719
-468
-267
3034
4980
2134
153
-514
-18
-495
-71
-36
-40
-797
2138
827
-627
1143
1433
776
-2106
-2543
-193
260
-2488
-3346
-402
-155
839
1684
-551
-2510
-954
-465
1775
957
586
1318
2944
292
-2270
-821
-53
3013
-860
-3077
2709
-1392
1163
743
147
1742
139
-2381
-921
2169
-1797
-2804
-1314
1776
1317
-26
1202
380
-2386
-3523
307
-641
-2521
492
3066
1155
-1331
-2482
-1693
-1486
2612
687
-1946
-472
-1342
1469
-363
-787
-519
2725
-885
-911
-1135
-2289
-1556
68
1080
-614
-2230
-3531
-387
-328
-602
1344
2916
-269
1179
-520
-2446
1848
276
-440
2674
1344
-822
1067
590
1531
1289
-412
286
-647
-1335
-1584
-768
-1803
2920
-686
42
791
-465
970
2552
-838
-1332
1213
-2015
-2730
-668
-1678
-1050
-432
-104
750
-692
863
2200
-507
-2517
-1598
2326
2203
547
-1538
0
155
-233
-698
1162
1780
1360
107
127
-1
-809
583
261
-1624
183
-1892
-296
-2951
-1195
1811
603
1748
-1704
-2984
-1870
2260
1520
1932
1520
-36
1159
-5
-688
-566
560
233
1489
56
-1978
383
-684
-1790
-1176
1063
901
-1331
-2299
-368
485
1825
1075
1054
-1259
-363
845
1639
-703
-1270
-2046
1365
2811
1605
-493
441
-641
2385
-486
-1610
-1612
866
648
-2043
-367
1941
2860
335
2657
1106
-438
-2620
-984
598
1355
1561
939
-296
84
-973
-685
-48
-1088
-2247
-103
-885
1813
2077
-1780
-384
982
2056
-1506
3019
2847
1579
1662
2825
2195
902
1726
-2880
-3760
-544
-1225
-1311
-669
-2446
-2554
-17
135
-650
-2178
495
1018
-1974
550
-2267
1218
1034
2134
850
-3649
283
-563
-683
-1266
-167
533
1836
-125
470
-242
1438
176
234
-2888
175
-1501
-2519
1193
798
-2246
1151
-4021
-1001
-1681
-882
1012
-2069
-125
573
-151
-521
-599
1919
-47
-61
-1163
218
573
622
640
-456
210
397
-1591
-244
380
-1315
-1537
-2183
2372
161
-63
-1021
-1249
207
-2470
-2246
-3592
-1081
1966
1652
-1320
-2691
-2225
-1467
659
-1094
-1005
1885
1459
-872
-633
707
1567
2746
-440
407
-999
-2691
440
1204
-310
2545
1761
771
-2192
-213
-237
663
-673
520
-550
-919
-1330
1661
-83
1228
-950
-1208
-794
-810
-893
-1950
-1506
1582
-2208
-781
1157
-147
-2472
-1737
2403
1168
-26
-467
-991
815
289
211
753
-1258
238
-10
-623
-835
919
141
143
-180
-72
-544
-1692
791
-525
251
-119
-381
-385
135
1313
887
287
998
692
-105
-51
1571
97
-1313
-1115
-600
-76
1398
47
445
-921
-941
-647
216
-552
-46
-1984
-463
-451
-1469
903
-1253
-1797
-521
71
-61
-636
-1171
-359
476
365
-146
2852
285
-1026
147
1623
780
974
-899
681
1080
-619
-719
819
-264
1469
1265
-361
1655
-458
1396
-798
-979
558
599
654
-1153
-1527
-162
-227
874
-858
227
-752
-747
-1143
310
-1808
574
-468
-704
395
567
-843
76
-1100
1665
-931
-73
1291
-1108
-484
-410
-779
666
1480
-734
-1712
-330
869
-200
2234
-855
-642
-105
-437
-757
418
306
1886
674
746
-42
-30
-984
3192
216
-954
474
-87
195
293
712
1042
-1064
-116
-474
1096
288
373
724
-286
-729
406
1203
-1305
-279
-366
820
-40
976
-370
1246
298
866
-1232
914
-924
912
-287
-349
-479
-586
-860
-388
949
-30
560
144
-2225
1277
1421
584
1389
-56
1624
-384
-864
-45
623
-1139
-238
1431
1421
-1364
-49
-936
-682
-1792
995
-304
304
603
576
1180
188
945
-1325
-99
1898
-1182
-8
-1834
-437
-758
-1476
1107
-222
1229
-129
-103
989
703
2281
40
-448
-50
1640
174
280
1995
-259
130
-85
-99
602
457
1113
622
642
1307
-229
1
-472
-347
673
-1897
362
651
-189
-668
349
1510
-178
1360
-1692
304
1236
347
2061
-281
1557
-76
814
924
-574
1111
-97
1082
1040
-105
-1081
-1265
1118
-399
-1735
691
-1250
-359
69
-1148
839
370
778
-662
194
720
1012
-1399
127
181
-1149
938
-422
-1776
985
870
-1050
-1091
230
-944
-1608
-1152
343
2
-266
182
59
-624
62
152
-1102
-789
-1405
1441
341
1090
-272
-54
-263
419
791
-843
-674
-208
-608
-145
945
731
948
165
-1249
719
2901
1001
705
2910
55
657
-1387
-81
-334
-1664
-220
-194
3013
190
782
1122
1368
-970
-1880
-587
-939
-99
-201
450
-932
-194
160
287
937
753
-676
574
584
525
180
-917
-357
749
1442
84
1082
-419
7
-183
615
1044
471
-211
449
-1280
-1013
-218
-689
564
606
742
456
-601
-1779
-935
926
1184
1362
-231
-1408
-155
-2643
-689
68
-744
1526
217
1677
1147
905
1056
-17
315
-321
1418
-893
-888
10
277
1023
1690
-1906
539
1037
-1778
526
284
312
-32
354
1989
-1037
-1751
-18
-863
409
932
989
-1090
-164
-1116
1050
-501
1805
-16
593
553
1682
885
417
-229
-939
-39
1105
1345
-704
-602
1048
1091
1614
1146
422
-1861
-372
-169
429
1162
1566
-856
-810
661
1318
409
1961
-1164
-753
256
980
1353
549
524
13
913
-615
-1405
-130
-1095
939
1270
504
1248
-346
767
599
153
1017
-1923
-62
178
406
1318
-879
72
-96
298
941
587
-334
671
-317
350
499
-759
277
-749
-564
-315
-173
-370
-130
1640
470
-375
-615
-505
-153
1855
354
1134
-458
944
1959
-1308
28
-540
2311
17
492
-629
1625
369
552
-1579
-601
-128
-1398
-922
832
591
-311
1119
903
-763
247
-740
172
539
1604
859
1243
570
-690
454
-364
-196
1766
1630
81
-1868
-1102
673
360
-178
362
-1157
-533
-656
-572
1003
99
1057
-1141
1216
68
-304
-2372
411
914
-418
-968
1102
-853
94
856
391
11
748
680
508
-220
785
559
-135
413
-448
293
-1279
435
149
1200
478
-730
-159
1653
-925
-745
-1545
1340
1426
1192
525
1110
-989
-329
1287
387
238
742
-78
-842
-1405
-459
-1125
-965
632
-881
1163
989
471
612
718
-146
2185
1321
481
-887
95
578
1622
-656
333
-216
-923
-551
1123
81
400
-1152
634
-504
-81
-894
-288
254
196
1112
-242
492
674
-466
-448
-770
-1272
-102
-1170
910
-245
505
893
645
-486
1793
-619
-681
-1499
-550
1194
867
-61
947
-528
596
352
-648
219
-182
465
-1223
-1964
-475
199
73
228
143
108
800
1466
-296
1693
631
452
535
690
932
59
-174
-558
1544
-243
-645
65
-191
176
-1268
555
209
-32
298
-596
-1202
707
19
189
-449
858
2556
97
-44
1425
1147
1266
-456
589
161
609
-261
645
306
831
-1063
1103
739
50
-774
351
-181
136
-830
490
-1218
-385
-177
867
-73
1962
756
239
656
775
-227
-28
982
-1661
915
51
707
-667
270
-2044
262
897
216
-541
87
156
967
-654
230
-162
-230
-928
1018
420
-940
794
-800
-1576
-165
1766
460
307
-332
748
-1356
647
-1096
-82
-967
-4
-64
-577
717
316
-548
-456
-1178
-580
-1344
1726
485
-1587
-793
529
-449
1139
-347
-873
318
-400
-1434
-953
998
17
-979
-1828
7
1104
2051
-1781
357
399
-813
978
994
-1372
61
-2345
-317
-244
198
-26
-144
-104
-1550
-523
-19
-2296
-707
-313
1035
297
-146
963
517
-677
219
7
60
199
1565
1313
-674
1370
-862
-684
-1791
1510
-888
-1545
-1511
1181
-2773
2166
-451
-588
-424
-869
-188
-549
-1361
327
-2510
1058
-542
-503
60
134
1741
-920
2040
1255
-1255
664
-410
912
-1672
591
1275
1412
696
1247
101
1233
-39
113
-25
1235
-430
2203
-729
828
-1707
153
423
1281
-667
1100
2263
-672
900
-671
-377
2186
-660
550
160
-1185
-817
656
1058
1239
-627
2139
1015
705
-317
-167
-2600
3189
-627
-672
-977
-683
-1093
-1501
-1441
466
1494
-301
539
520
121
437
1317
-1385
1307
1576
10
677
634
-118
2632
209
-1383
1886
-520
-1494
-235
926
-630
412
-1623
-1060
-1182
739
-1156
-1013
-281
-1649
1641
470
1176
1398
-734
2034
0
-121
663
-413
-1106
-47
-1219
-736
529
-733
517
1376
-1242
-223
-1741
1618
-241
333
-87
-1168
-967
-510
1627
-13
47
-901
-322
1629
301
-1205
1505
750
174
-925
-830
532
2834
-1408
1182
-160
-398
-2610
1357
-419
475
-149
784
-79
-333
-372
327
146
-1987
-1409
-793
-1293
-180
627
-1017
-1465
983
-652
-84
1377
-460
-248
-382
720
1194
-1718
400
100
-563
63
-139
767
-908
1639
989
1554
-1033
98
-688
-286
1804
-738
-1599
977
-935
773
2436
-416
-594
616
-198
1181
-563
282
-681
-883
419
-1382
-1538
-344
1588
-513
-842
-1068
1448
-333
-936
1982
-886
265
-681
694
-1291
634
1810
-1909
-130
-2252
-1814
-483
-2220
636
-2006
1219
864
-536
2096
-470
540
-86
-774
-836
1882
213
475
1379
-376
-195
836
-784
-1926
-631
914
-126
1018
-551
1474
-65
-23
-1631
344
-1529
-2391
-1033
714
-45
1303
627
-816
598
186
205
1269
-1407
1873
-1763
-16
-691
-3012
-156
-1050
1023
-140
-202
606
-553
-522
-1571
487
767
696
557
-149
-2341
-992
-1255
-275
175
732
1862
-578
-381
357
-1803
857
-661
-976
35
1857
990
794
1497
-456
-1504
-424
-72
-500
-1903
-1429
155
-184
-537
-953
-615
-789
-467
-801
1160
-759
2146
-770
-440
-1354
-737
1487
-1578
563
600
-2169
1847
1371
915
986
-166
1038
1254
-362
199
2169
343
-1148
1541
-1949
1258
-1666
-1721
-1003
-675
1199
-324
-382
-279
-128
-390
1732
-540
-1691
1030
-546
-128
708
67
197
-107
2211
-648
-737
1557
-277
753
1503
877
-1649
1430
414
-1573
981
-315
1538
-2196
1144
-1180
-48
-1819
-377
-1342
1442
638
-1264
204
-216
1297
199
1561
371
258
-2573
-1125
693
911
779
223
-3123
-618
-2542
-1291
1715
-547
1702
-1554
1354
-12
-1084
-1939
435
-940
-682
1510
-417
199
15
1457
-688
2689
321
-2556
1121
-152
-1034
-982
-601
1318
-680
1288
-108
-2562
1890
-1481
546
-581
827
-363
1721
-2241
413
-2876
1546
-683
-157
505
-849
-586
-1141
926
168
749
-457
414
-324
-1623
388
1221
1243
-1707
322
-1431
819
-303
442
-940
156
-201
-246
-743
1743
-3259
1760
-2254
-1928
-495
-271
-1636
131
849
-111
381
-48
-1084
1270
-557
-278
-1085
-779
273
130
765
1565
-2272
1137
-1537
135
1934
66
826
-946
-2622
1489
-416
-756
-1017
-561
58
125
-355
-843
-1471
1594
-192
-750
-277
1226
-467
-677
-1385
-756
-733
-585
-2296
-643
1537
-535
572
-1040
1218
1058
-1162
629
-1800
309
-314
288
-910
2511
809
75
-1218
822
-897
187
-326
1375
-485
1153
111
1233
-786
-648
373
89
446
-150
400
-931
1651
-557
-22
720
-792
1600
-284
1522
41
-84
-625
235
-1658
1588
86
-476
-1820
1502
2515
-1919
471
-630
695
-1859
-813
-3336
336
1722
152
-3376
1224
850
-918
-921
1758
595
-1157
-599
-454
889
1244
-708
-1631
1865
-1127
67
-565
1497
172
-928
1301
1096
-641
-1445
187
494
-1129
869
24
774
-1206
1072
486
-63
1219
1327
-907
-253
-1454
-989
-1624
-332
-833
-1649
691
-15
-1075
2531
66
806
1925
970
449
433
177
-318
-599
-693
1154
-190
-1558
-260
-1338
-1099
13
478
-370
472
81
-592
-624
-1476
73
160
20
1522
373
-59
-112
156
313
1685
-666
-334
-907
621
-714
-570
1086
750
-840
1972
-336
-624
483
171
-433
229
-61
1012
611
-1101
592
-660
1309
-379
-477
-151
284
-646
-153
-270
-532
956
424
-2773
-13
-1625
338
-1007
1138
1406
386
867
7
1046
1144
528
-947
-49
-239
-1655
1513
-1576
1300
-630
-1215
-892
-1446
-1490
619
-1763
-321
61
66
419
1525
-1253
1442
-148
226
234
2778
-1291
363
-176
504
-240
-265
825
-209
-1353
661
-1674
-86
-900
1431
-688
-578
-686
-1049
-1711
1433
-1257
336
-561
1063
-915
432
28
892
1564
320
401
63
2518
869
1663
-1436
311
42
-256
-512
-101
-1170
956
504
138
780
1760
-326
-703
505
-559
507
-83
698
-1442
1256
1583
-89
1525
1766
-84
366
-1182
1650
1158
-368
1048
-304
1368
691
-792
-750
84
2599
1502
1248
502
-73
-67
561
-703
347
-543
-14
316
340
-392
-265
963
-375
1378
549
1537
-359
2683
-1170
732
702
874
169
-1
-789
511
-55
1736
1351
-853
-423
-1599
325
-463
-431
1126
-1289
-633
-1207
-17
223
653
1169
1640
-252
1032
2468
1098
1281
1503
-2666
-1756
651
-1669
-1098
1872
-180
429
1110
2378
-1655
1847
-3204
-1158
1271
-660
62
-842
-1719
-993
-2602
884
97
-1193
-2031
2915
1756
1070
-1198
-1435
-350
-496
-889
-109
396
1400
179
-1722
1036
-38
-3196
1229
-1955
-2079
1771
1111
-17
-517
-1660
-760
-1232
3130
-1665
-265
-1181
3257
-338
-1128
342
-359
114
4288
-1421
823
20
380
2125
1390
2228
1634
-1202
1423
-1531
1553
1251
1377
991
1943
-1104
-870
-540
786
1713
503
81
2554
-2291
1305
539
2449
1839
2491
130
-1976
418
706
1971
1572
1323
413
2894
2278
-1617
1905
-1436
-1245
1377
3049
-734
-409
-1255
-1421
970
388
-1052
1468
-450
-122
1268
2705
1514
352
-660
-773
2261
45
1599
8
-1148
2672
1908
-2395
22
1378
-661
-2150
879
1785
-229
113
-133
-899
-136
2395
-1415
-1019
-1049
-163
2336
1351
875
1197
78
-239
444
1488
973
-1686
1751
-125
63
-1302
133
-1047
1338
-1362
352
-1066
-220
919
3200
-240
102
567
561
-787
-2335
-145
-262
373
821
2635
-2268
1079
1296
752
311
-1368
1201
425
1773
752
-1003
-1127
-460
-1814
-790
-848
272
2609
1582
862
356
-1099
-755
-1354
-2466
-582
-27
-2022
-295
1885
-4085
-257
748
-266
-201
-813
-396
-1742
3337
1558
10
-750
-771
-3590
-885
1721
-1132
1686
-366
468
1376
-329
-1323
1240
-1346
-760
953
-1030
87
285
-2041
195
-1406
-1664
-1719
648
-1019
757
493
2852
143
-773
-1239
-3315
684
3986
-578
-822
-73
1329
1883
-88
29
-2404
-345
411
427
1019
-1119
2533
-1917
-735
-237
-2017
-141
-1145
-2331
465
-1403
3370
578
1158
381
-1733
-105
-95
-487
-614
1663
813
687
1330
-1053
-1316
-927
-1295
-355
675
41
717
425
1295
3183
-761
-911
-1101
-2437
-4129
-2589
-428
3370
-850
847
-1467
-225
-55
39
-602
15
1293
-831
1010
-951
-1703
1446
-1186
528
417
-295
-871
744
1549
732
-2442
1817
-431
706
-852
-2446
-2841
-781
-285
-731
1092
1916
-780
-2320
-924
-1224
424
1337
-2255
261
1676
-364
1988
505
1993
-2578
-642
686
1755
979
-4183
1356
668
464
60
-2116
-59
-1587
-143
989
1714
648
-1984
-2324
-2543
-118
-1598
-169
-1030
1176
244
-581
3917
1258
-1791
552
976
2100
514
553
1387
1756
-1344
655
-841
-1050
2046
-1244
232
-1689
2362
117
-1147
-55
-2260
56
-516
833
-2003
967
-938
-551
1387
2706
-1693
806
1474
-1466
-1664
-177
405
1132
-1382
2013
-1343
-526
3272
-3582
510
19
638
2713
-143
-701
-974
-1966
-1306
-271
523
505
-3440
1380
900
2656
90
-493
2137
-934
-3442
-1394
102
931
1910
1223
297
-2928
1841
-2202
1798
4661
2231
610
-1410
433
221
-2075
-2461
336
-2164
1494
-1057
1303
-361
1282
-1595
1306
2466
-1254
-887
45
981
-650
1710
2297
-713
1018
-197
-111
799
2571
142
-732
-640
504
3944
146
-1782
-1648
-735
1772
549
-1487
-1465
-3106
-2225
883
2843
-1188
-1617
1412
800
949
-2477
1996
160
-2254
-1533
1174
2268
1976
-1735
-823
1997
1639
2320
-1575
1193
-2288
1451
2424
-185
-1929
-2207
-2164
-1217
361
-19
-1614
-1129
2476
-1084
-385
-1435
-42
-770
-1188
-1917
2842
2448
232
-253
-265
-801
1741
1122
-773
999
-2194
2231
2074
1032
91
253
125
-636
60
-816
-2003
177
723
135
2021
232
2586
-632
-205
-819
1566
106
-664
-808
1444
-792
-666
1434
-621
2631
-457
1924
-127
461
571
1107
-39
-887
2185
1017
-3643
-1257
697
1933
1051
-1886
3149
-465
174
1506
-205
-1389
-1700
946
-251
617
-1431
-768
-214
1996
816
1370
409
1410
231
-989
1799
125
-615
673
-340
-309
2007
1129
-1436
-236
3025
-959
432
-327
-295
-3175
-3550
-452
134
2332
977
-1969
-970
750
-309
-1967
2782
506
215
-3001
-1167
983
3053
-591
536
1877
337
1791
-1500
1004
1255
-1689
1846
1739
-1863
-3099
-2860
2474
2622
272
-815
605
-3272
-1036
2107
-1357
76
-665
-1101
-3105
-3002
835
1732
-744
983
760
-415
897
-416
930
-37
-773
1700
1467
-436
-1602
-30
2396
878
-3094
-1823
2819
-1170
-1694
-400
-3359
-626
-1486
-659
-1679
-228
119
1029
-1089
-1676
710
438
1486
-1617
-1552
262
-1636
-2247
3004
-478
-678
-472
3
-859
-843
-1245
3228
660
172
311
-1630
328
224
-454
-244
-467
1475
1406
-2854
-1620
-596
161
-73
-2093
-2564
724
-2520
-1097
709
308
1424
213
-2508
-449
1007
409
1087
554
3202
2158
1567
-384
398
1546
-288
-921
837
-252
-3556
564
1380
-441
-443
-17
-386
-370
-2778
571
-2571
-684
588
-1631
-1030
3255
-421
-113
1187
-376
808
4536
-41
-3914
-424
2254
-780
488
1226
-2
-632
200
3516
-696
-496
1003
1019
-1724
312
1085
-3075
-855
729
-2463
-195
1592
1056
-1981
1383
1287
1549
1976
567
-3265
2077
408
-536
-24
-275
1738
1506
66
2276
-2106
1162
2406
2367
-416
2384
116
-2636
-1264
1650
-618
1234
260
-960
-886
1569
1739
1217
2152
-1795
730
-401
-346
228
-124
399
262
2270
1430
255
-1758
3220
3579
3236
1838
-794
1079
-868
-2195
1539
-243
-543
-1053
921
111
826
321
265
1339
398
497
180
597
1269
1087
-1400
-155
1813
-1633
340
707
-769
2230
1333
-547
-1193
-839
-845
705
1163
-1596
-1499
-676
402
2658
1901
-1047
-1171
-1196
-464
-212
-3920
-1753
-1663
-1202
-457
1702
2112
1257
1430
-2702
-1444
-213
-741
-314
-872
1013
-839
-1646
2252
963
-114
-2001
331
2676
617
2344
-502
-1091
968
2085
-2100
-643
-1249
-666
-1989
-148
-950
1785
-1860
-3654
-1300
-219
-1485
-3044
-2126
-1717
-2895
1994
-140
-2519
-1046
-819
-1967
-650
1877
946
-1196
-615
-166
1323
-2164
1924
-2096
-994
-1077
-2524
-560
691
705
-683
-2349
-1459
657
2444
1454
-1232
-1269
79
-1091
3326
1756
561
-1013
877
785
1168
2752
553
38
298
-175
1007
-2173
-134
-2945
-4278
598
-528
-776
-462
-80
-2004
-2603
-293
-567
81
690
1718
-274
-2457
-933
23
-725
286
-607
-338
-1072
890
77
307
2887
1558
-1714
-1848
-545
-29
-931
967
538
309
685
-411
447
-215
-1463
5
1449
267
-535
90
-389
325
-3389
-1719
812
-2281
-719
821
1601
1110
857
2054
1230
810
989
-701
-27
97
-1952
-293
411
-1171
-665
-2517
-81
-119
-2447
2283
3469
362
3435
-59
183
-1153
-1118
-1211
227
-2669
-47
-974
485
1993
1587
-38
-322
1588
-392
822
866
1193
-267
65
546
-3650
1336
-1246
-2986
997
839
1017
626
1151
-775
1100
-958
-579
-799
-496
918
728
-1048
-1909
627
-23
44
-62
-2372
-1422
-2286
1064
1858
2288
-373
1765
1785
-2269
-1963
914
1048
1498
1713
-985
-3053
-797
307
-262
-938
-1677
-1511
-223
1667
1917
-1759
228
1038
-76
-696
1444
974
1778
2074
703
-1487
2429
99
-597
-1910
-902
-246
-470
316
-606
1434
-326
-1468
1424
-1682
563
129
-1152
485
1767
2183
378
-474
770
194
76
800
2034
970
455
1449
553
1379
1337
1126
-1388
-1280
582
66
-418
1098
-1762
-540
886
-1208
403
-19
-708
507
-1572
-2026
-2780
-1550
551
-1169
-709
-83
-549
377
106
-73
-145
1795
3002
2805
2504
970
-1299
-198
-1763
73
-190
355
651
-487
602
-561
-1644
-489
-221
-1869
-501
-757
-855
-1535
-1524
1940
-431
-91
876
1061
-1214
708
666
-645
-873
1045
1515
271
314
2810
2221
1682
191
-555
1088
445
-408
-693
-944
-2004
-893
3176
2607
-4037
-2166
-52
-2565
-1859
-2188
-377
-226
-324
1615
1172
-199
-3423
-715
-2366
-1294
978
2422
2761
627
447
1026
1451
288
1355
-212
-876
-2365
88
-915
-203
1058
102
-275
691
-1318
-131
-956
-554
-661
858
2587
127
-1557
-22
-428
-1784
-168
487
2023
1291
1760
-31
-718
2349
1497
-893
1591
-417
-1468
-1476
586
1253
708
900
-1849
339
2582
1762
1574
-1207
709
-2161
-1935
-1729
-749
113
508
-1631
679
963
2170
-416
711
-309
-2021
965
-1220
-782
-733
1991
1020
890
-1761
-2515
801
-572
221
651
-2233
-2001
-1236
-2474
1736
3160
-280
-2224
-463
369
-357
1439
3152
185
-369
841
2062
1378
1650
962
-1253
-1165
57
-93
-1396
488
-1165
-1899
266
-620
72
1794
-116
-2338
-2423
18
1363
-615
-2185
-2571
13
303
697
-43
601
-103
626
1598
2572
1504
-373
-893
2259
1213
-4642
-1206
3647
121
-860
-10
136
900
-22
-560
-487
-270
-585
-983
-1233
-1569
415
-1915
619
-177
-1037
1529
-254
-3054
146
1779
-1242
902
2134
-640
-843
-621
-2545
-1085
1925
-215
163
-293
-1990
2414
1991
1228
795
39
935
-633
-3129
-1995
145
1216
2078
63
-85
-2277
-3406
-1063
-1144
-2088
1569
1821
1756
-2690
-2914
314
-1404
986
1330
987
-738
-638
-241
-59
-137
-605
751
1398
-1052
-3292
-2342
-1262
439
-1918
235
2283
880
-664
1166
1566
-7
-994
1023
155
226
-2687
-2170
-820
-919
879
259
317
1987
-1349
-170
164
3440
657
671
-1185
-215
708
-1577
-668
1071
79
862
1864
-944
4
975
-480
-115
-795
922
-2321
-680
170
-195
307
1607
937
-889
-371
-2170
-920
248
2153
1379
1507
647
-1814
-239
-308
-13
-97
744
-1498
-2038
1776
254
-1392
1601
3081
975
-2899
-1020
-484
-3233
-384
-274
1262
1253
-1536
-307
479
1210
-781
-404
-126
-567
1458
597
518
304
1128
893
460
173
-637
-1183
-706
-1922
-2184
1536
2004
823
-297
743
-944
-827
2643
1410
921
701
-953
-783
2252
819
-1281
-1166
-309
469
968
171
-1061
-680
665
-215
971
-884
1577
1328
-290
1655
2645
2113
3697
1522
-2179
-867
-1449
-24
285
1018
756
-1748
-2236
306
128
-2168
-79
-1100
1084
-583
-1247
1754
405
1101
883
-268
-1211
-1128
2510
1925
-547
-951
1585
2108
1891
789
-753
-1876
-769
-2970
-1488
-1168
-2620
-1368
-1698
-978
-183
2450
-678
-2806
-3224
133
-1519
601
1207
2078
-540
-1872
-1872
-815
-484
-568
-350
-2023
517
1474
-248
-184
137
157
621
-237
-1841
-1807
-877
-25
-79
484
-708
-3303
-33
-740
-2947
-1787
-1079
-999
551
1463
-1011
-1994
-1499
-659
-1419
625
2300
2685
-707
-631
-926
374
1470
-974
-480
-555
-2043
-2815
442
1643
406
1224
-848
-251
-2098
-428
-2322
-1681
-32
1436
-4236
-1152
-808
-3273
-475
94
-2006
624
500
-794
-1099
-798
-1530
1912
1533
2359
323
-2516
-2200
1465
1432
64
-2080
-1335
-635
209
631
-261
2531
942
1474
182
572
1031
-335
2
-643
-815
283
1466
2630
425
505
548
-757
2124
1910
1763
2168
2243
-119
-526
500
236
-299
-149
259
187
-2827
1205
899
-204
-230
826
-10
305
-1758
1283
489
-782
-1173
-993
-189
1257
663
-2173
247
1475
-1335
616
-1205
-1586
-1304
882
1177
1289
477
-613
757
251
-931
-1146
-684
-612
180
813
-156
-925
225
856
-1011
841
-691
821
469
-353
-1589
399
2257
466
-2175
-846
2434
2089
-1800
1026
-1264
-2631
690
345
375
1071
-788
-1463
-2213
-1468
-2084
894
990
-94
-1773
-1015
1273
-2172
2908
584
6
1042
93
2174
-1829
-1248
662
-556
-455
-1840
486
1312
-625
-1830
-152
-859
3105
-263
923
731
-1475
-1192
834
1427
1831
-152
-270
-624
1123
1308
1276
-97
505
720
281
-435
85
-400
-1670
-188
-1350
-1848
-857
786
-1628
-773
242
-609
519
268
1812
224
-2304
-841
540
782
-1676
1467
1232
-2401
243
72
-1554
-746
641
203
-1741
74
-188
1416
1410
-590
-325
1250
360
1243
-520
-3017
595
-1260
2160
-1284
432
-1569
-1116
412
-2658
381
-144
-389
-1269
2204
-386
-404
-243
753
1273
19
1791
-1104
-1518
-263
-1041
-638
-1148
1586
-2187
2091
601
-318
684
1183
879
-1623
86
2445
973
-1166
-2315
-762
-1572
-528
-1014
624
-208
-391
1361
432
-1028
868
-1486
1498
227
922
2968
-1813
-439
-629
-2411
1645
88
481
-547
110
1067
935
-535
219
1954
369
1235
827
100
961
-1066
8
-184
1340
1448
-2083
201
136
1302
1712
876
1724
1957
210
-534
-208
1171
-495
219
-1179
516
-814
-1848
-1535
274
-928
-1442
-165
-1229
1773
2188
1190
-1002
-2486
-1124
-769
-1101
-162
776
-2202
-694
-1648
-1409
792
1044
-366
-945
225
463
2921
-1146
-902
-1412
-1005
466
-704
46
1675
-469
-319
1237
100
2006
487
66
637
-1715
2335
2948
-912
852
197
-2408
-164
1110
-1103
482
-406
-450
318
-68
234
-266
-829
390
-217
-389
817
1267
-1402
-1343
-1187
-1955
-2243
397
1748
-120
961
-812
142
1442
-713
770
2035
1033
1861
1146
2775
-1733
-1479
-1115
95
-1867
1217
-327
-813
157
-1827
217
448
-738
1395
1097
-779
-468
-3754
-458
-742
-481
-216
-1068
-157
-325
-773
-641
2269
1876
87
1953
515
2588
903
719
311
-158
-347
-933
1503
-546
-488
-1020
1111
-711
507
1418
770
-434
-946
-1805
848
-1348
-1191
-211
-2053
-1897
1833
-52
189
-845
-103
-1234
-1061
-53
945
2384
-307
1075
-377
732
1686
140
-1452
716
-3684
-1416
590
274
-1040
2225
2032
-1750
1305
462
834
696
-1038
482
59
2221
327
-300
222
-1900
1182
2050
-396
648
-376
949
-101
1735
-613
-1801
1280
-1434
1305
-697
-1079
432
1190
724
10
-437
557
-631
-1512
360
-335
1029
-670
-2292
217
803
89
-3287
-275
939
463
1783
427
182
94
348
-1305
-669
687
19
789
-147
-697
361
-712
1724
-683
-333
-582
-124
1607
-141
818
810
-319
-997
957
957
-1498
940
934
797
372
436
1462
2668
-61
-1077
-823
-1271
-853
-857
2069
1339
-1842
70
-211
-285
714
1182
271
-97
-1240
1510
1245
-2209
-1127
-371
-500
-626
2756
-357
-934
-1308
515
827
564
-1103
940
1166
-1711
-728
672
832
1199
-756
-2590
2764
287
-1018
404
-1680
2685
102
-1619
-1277
1006
746
-1278
-1832
1042
79
-494
27
-539
569
587
204
484
958
1541
590
-771
823
-1216
-1763
-1021
75
-2127
-1538
-1552
-2108
358
1395
383
803
500
-1859
377
1495
-1214
-156
-143
1404
-3014
-4140
-1604
2814
-194
-984
2339
916
794
-272
386
-399
159
1949
1974
384
829
-1439
884
2881
-909
-1681
-403
189
-1369
487
273
-1650
-1354
636
624
-666
-228
-1292
1138
1864
-1359
-276
1210
564
-1426
641
-2343
-517
-1546
-42
11
-1349
532
897
269
-2167
339
1737
-589
-2505
-1283
982
-414
-1461
-576
1432
782
2244
203
-1597
1354
-525
-457
-1293
-1872
1388
-337
-1857
-364
-242
1176
-1948
948
-137
-299
-1853
347
1654
2886
482
-168
450
-257
-1330
-796
-2078
538
-55
-764
-1060
39
551
-113
-775
293
527
76
-200
-1006
-76
1290
456
-1584
-1505
166
1360
615
-1988
-779
-609
-294
908
-385
1492
851
-33
1783
-870
-796
-402
1740
-49
-2666
-390
669
568
-1566
946
16
812
-4
22
1794
1389
58
-24
71
1198
-1365
611
1103
-888
-1392
540
-3463
873
255
-400
-678
-160
3052
561
1354
1878
-139
1282
3056
2480
-1026
6
-524
-1982
-38
-377
1670
-28
-1043
-1580
731
-637
1139
-2512
-1570
30
-561
-115
-1201
1688
-468
1038
424
-2178
2715
2045
383
-2299
-1083
-277
2422
254
346
940
-101
347
-1036
-1380
10
1076
-2582
832
-1640
-746
-705
-3567
-1155
-1415
829
-780
-1031
657
35
-600
-654
516
1253
-98
-2307
-1911
-1667
-1563
-2044
386
-789
-169
582
-1604
241
-553
930
-476
-695
544
-326
529
-937
-549
-793
-616
-884
-1340
840
-748
358
306
-1237
-405
256
742
26
1113
2432
432
1088
-315
845
849
-1342
359
-315
-1413
-659
711
-381
-3
-790
-1464
281
-591
1294
-556
897
-1145
2912
-884
1014
1838
2136
-2364
2350
-162
1653
1385
-364
-282
745
-1419
352
1104
1874
-764
-749
1413
2532
-1084
-3243
-1341
1043
1352
-501
-331
-457
-531
-1893
1985
491
-995
-2996
-230
-560
510
-1748
-800
-390
-1863
-1133
-1033
-417
196
474
-1760
13
-244
-2356
-540
-1499
39
-1515
900
969
-2213
1571
87
2339
693
-1425
-43
-350
-2448
-776
-1756
-1044
-832
590
1333
1481
-835
-1317
874
1298
2084
-275
-964
1710
-993
-1187
-739
1887
559
-547
711
-3398
313
690
-1774
-1592
-1264
-1002
1696
-3409
-81
1951
-377
-756
1741
-437
405
2908
-1418
2279
723
814
324
-877
-937
-2129
1785
477
-948
-973
-4377
780
663
-694
-1734
-138
238
4386
-2428
1721
1424
-2818
-712
1767
2
1061
2051
860
-893
-552
-76
1300
533
166
833
1614
2558
-444
-906
-730
-1674
-4
742
25
129
-1483
808
-456
1270
-1248
-1293
1911
811
123
-552
64
2142
-1355
910
365
-1671
-883
-26
-808
1137
1584
512
-1840
1082
1436
1648
1980
1204
-1207
-1367
955
2098
258
-2148
778
-509
-1763
-2011
1577
720
154
-532
-1609
-1262
-153
343
-853
1020
-312
-737
-250
26
1352
-188
1076
-2548
-957
-64
-1948
-504
705
662
-794
2730
-707
636
-646
1518
1882
-1002
337
799
2188
-415
778
-12
-1652
-1539
67
-1074
497
1015
1235
619
-169
2175
-1237
952
-254
-1058
2962
-2689
2637
-887
1814
1610
-1219
-1367
-2654
706
1179
853
-227
1600
223
-969
1447
-399
-13
933
-47
1005
1265
1308
1153
-2691
-395
-1179
-1046
814
-1411
3505
1397
-591
2550
902
-229
-1865
-897
687
569
-581
-29
-757
-291
1073
-2432
1052
1041
-1389
2117
1217
721
-1862
-3403
1905
-315
-507
-154
-466
929
-653
-2709
619
730
1360
-739
-735
-291
2735
-1519
-2617
71
2617
155
823
370
-184
1921
2404
-348
-374
55
-2561
571
3379
1801
5
1962
862
1580
639
-1337
-899
801
-210
435
999
2225
-2593
-1400
-780
1871
274
1145
1003
-2082
1760
846
-1413
-552
-1702
-2182
-1256
23
989
-1035
-1900
-1561
2729
-363
-1266
2968
2460
302
-903
199
2523
-840
-761
782
696
96
1180
-1603
-117
-332
-2178
-84
-302
286
786
446
-641
567
-2541
-1089
-100
3575
-777
-2477
-67
-1597
-2259
-1278
432
1366
1182
2839
-219
1169
-1105
-505
306
1215
1173
-203
2438
-1247
2322
1230
1166
-1916
359
-2835
85
1551
-606
237
1097
1041
-189
-917
-407
694
1230
1952
972
-2135
-671
-2655
1243
577
-1182
1843
625
2151
-1990
917
1709
1029
-2203
1083
-2476
1676
-488
-1647
521
1253
1429
-456
1048
-1215
-741
3083
-953
1164
1838
490
-1714
296
1504
-1373
1738
24
-150
-1046
967
-482
246
-395
313
-747
4051
-335
-863
-1097
639
3067
-1991
221
-7
223
3173
-1027
1774
-29
-323
-1279
-576
804
1744
628
-893
-2070
966
784
2577
-361
-352
1330
-488
2200
-250
-658
-1084
1431
1409
-1756
242
753
1387
213
-3153
2599
1124
135
-115
-2290
1252
119
907
-323
305
2756
-1266
419
-15
-2287
-858
-1040
1194
1690
-630
1080
-862
-1569
139
464
666
883
579
-1009
-259
123
982
2591
405
508
-724
1171
1483
-1547
-1535
298
2124
-263
1405
61
1047
149
9
-1806
1231
-1459
-723
1085
-613
-135
-919
81
1410
-744
-2222
1396
488
-3519
-167
-1060
3760
133
-1523
-855
2002
1131
-1655
-688
660
-607
-346
-207
1017
545
-1992
-330
306
-1451
1590
1145
-1783
-147
1705
-1673
187
1024
-3616
520
1982
2718
683
1587
847
-663
-1488
103
1173
1962
-557
895
-3162
618
-280
-708
-701
2221
-1363
-964
2496
-2456
1056
1479
-8
555
-195
319
418
-1372
866
1407
-184
605
-1319
-1078
-1050
572
898
-619
-513
-695
122
-624
2034
1982
1669
-1599
1921
2340
-1104
1904
-76
-973
-2758
-777
-403
677
-4748
-1104
1490
81
1068
-1885
2399
152
-568
312
1186
-809
335
2705
-1364
-440
1138
1461
-1351
767
525
-1451
2183
-677
221
-1667
-969
535
291
-2009
370
-534
-350
286
906
-362
286
1649
-705
-735
961
-593
-94
-396
-231
-1653
135
-2529
1003
-88
-802
1413
896
-635
-2545
-2130
1126
555
-2007
563
70
620
2300
1326
530
1497
1377
1088
266
592
-2098
-933
-1485
845
-2536
2347
415
1289
872
-1569
465
312
69
363
-1343
695
1265
-653
189
2384
891
1667
-1053
-885
3105
233
-1613
704
1147
316
-872
-660
-657
-917
370
51
-2109
1739
-958
775
497
1280
-259
-1575
-385
2481
-943
1737
1531
-210
1171
1145
-271
1067
459
-1479
883
894
-287
-586
-1166
-2914
-1467
-1141
-168
-2188
1484
-1710
279
2602
148
1038
-993
-521
3487
-1558
-1394
-763
-1039
-3024
2314
-75
-1715
791
-1223
948
-1472
395
-921
-1826
-2396
1316
-2296
-935
-2828
-534
-408
-1507
3011
-1564
-298
-749
-1878
889
-277
-624
-2771
-751
-4593
-217
644
-1186
-296
1013
-841
-336
1328
-302
411
-1140
1162
-1760
163
-1650
-1755
822
-624
590
-103
1359
-555
-2103
106
948
1140
-1913
-1715
-638
1114
2603
1276
941
467
42
1692
4
-1320
1201
-1396
932
-600
-919
-1560
-201
-141
-721
-839
654
-956
945
-651
-844
-867
-2814
-216
374
247
1060
170
279
-1199
-102
-206
774
207
251
339
2287
-2101
592
-436
184
-1486
9
752
2613
-685
-658
-242
281
-121
900
1423
-2287
1181
-1162
662
246
368
734
345
-266
714
-782
352
386
-382
-228
-1267
-221
-1277
-639
124
1337
696
1529
1231
-392
-1560
265
-885
1702
637
2021
1317
1226
12
1462
2308
-1206
-1483
2004
-1760
926
888
-470
-658
1378
699
-1613
111
643
-976
699
-311
-1758
-2108
-287
-1345
847
1667
1152
-1196
-2899
-1423
-1135
-2992
-643
-1851
-183
584
-576
-112
1828
-3760
227
-1183
-362
1194
-1386
-438
-1678
459
-660
2675
-317
-1351
-139
-781
344
968
-2773
-717
1179
245
-800
2146
-797
2207
575
-115
-287
-1051
-1358
564
215
-633
-1391
244
-1629
-1943
1407
286
1412
-1621
-2337
-445
1187
1569
546
342
315
-998
-423
701
1203
786
-2566
188
111
994
-1255
3295
1100
308
356
-2946
2383
-1316
1023
2225
-755
-64
-1281
-81
2205
-1043
453
-3885
-388
308
239
614
641
-591
657
-894
1012
562
-1793
-406
777
-189
-3698
1410
-798
-1344
75
-2318
-657
-955
-3
1544
1951
-432
-1040
-1012
-181
1041
1282
1078
-1909
-2254
16
-900
1076
-3036
-114
-836
169
1153
2012
1142
1748
837
404
-1792
2629
3314
2442
52
2740
-633
-67
1855
-162
1572
-128
2999
289
891
1653
1186
1868
830
-551
178
437
-1735
-753
-1195
1125
-597
-617
-17
-1193
2913
-792
-233
-2615
423
-1993
1371
-677
-614
-628
-1624
909
-2006
-1131
81
-2560
-1420
-2101
481
-883
614
530
-144
-1295
-340
194
568
1812
191
-190
1008
-2736
-265
-610
-614
917
-1286
-896
2958
506
-370
-335
-824
-1661
-2189
-1448
580
635
41
281
-270
258
-304
-1197
1370
-1632
-206
682
-1819
2324
270
-556
573
-552
-504
101
-698
-582
-3554
547
647
168
3921
863
-443
1526
1588
1511
2757
824
909
2233
277
-269
-577
-69
-849
416
753
849
867
702
427
-1462
-912
637
-174
-825
1232
1881
-639
419
419
-201
-3001
265
1445
-581
-2697
-853
-787
-1785
633
1326
1339
1704
398
1057
565
-418
1058
-235
398
-1486
-508
-208
130
-1337
-1194
-942
-900
329
2806
-896
-316
1116
-335
-342
100
1090
-1700
-1129
-2533
69
-1974
1026
-810
-1618
749
-489
927
-72
1091
-97
1437
772
-1187
1276
610
234
-1004
-273
-868
-898
1010
78
1837
880
-1086
-578
1038
1807
883
-329
1074
-1302
706
-2222
2119
-427
465
338
967
-1491
-665
-1462
-371
870
-1075
-1413
-71
1496
-1313
1075
381
2091
-723
-1203
-919
25
-885
170
-1186
-1726
264
-1500
-276
252
1069
10
-2240
523
-204
1148
2580
-326
-158
-2040
-197
324
1868
-1102
-1015
-481
-97
-1592
141
-525
1437
787
-1910
334
-502
452
3536
-2008
-434
-1134
264
-601
211
1448
1014
-581
-1131
-588
-77
1144
682
1290
258
1489
-2835
-632
-1486
203
168
-457
947
-1815
3465
-19
1147
-1927
-1814
-1210
-1108
2516
494
435
-1149
-1228
-1094
825
883
1
-124
-344
694
-364
540
-1511
2713
46
2132
151
-1426
-1893
2539
299
-767
1423
821
-1685
-720
-590
2156
2212
1276
-1329
363
1880
210
-2227
-805
1391
920
3510
1291
929
877
763
-1010
-563
1319
-825
186
260
-966
-2269
523
806
-1030
-739
-1669
-930
-1200
-2679
-1706
292
-626
589
-712
-364
-12
-713
-1392
698
-1593
-910
-42
1363
779
1162
504
-410
-1166
-26
2060
1487
-1141
-1600
1776
1064
2341
1454
-566
3017
306
-86
-744
2108
1116
-689
-669
49
1585
-856
2231
162
816
-2524
-2045
-3123
445
-1992
-1645
1954
426
992
-1252
2565
393
1071
1029
968
366
-947
-103
-1506
790
1204
-791
-1119
195
-1471
451
-1017
937
-812
-1770
-606
-261
-1885
987
14
-101
232
520
854
-1954
-1265
-517
-2101
1849
336
-1610
-291
1641
-506
6
528
547
-157
1953
1539
-1097
1427
1455
1732
-1224
149
-197
747
-451
-1097
-1761
-355
-617
-1014
2420
1060
-1088
374
870
-998
826
41
-1205
3463
-2361
352
-131
1660
-1926
2041
-401
-182
1054
1967
-1183
-52
-447
1234
-160
1407
-315
530
-12
991
-1289
515
-861
1492
-2007
715
185
95
3142
762
-482
-691
2046
-315
1169
984
375
449
-79
-2560
128
1534
324
1722
354
-101
542
302
842
1466
-537
1461
689
-2618
1701
-359
-599
-438
-1664
-89
-501
-1333
-1278
-436
-154
-1511
1034
258
1871
-2418
1726
-1570
1152
-394
-750
23
-694
-518
290
-3028
-635
-73
1467
-236
1865
-441
935
146
-394
1221
837
1615
268
-1708
-398
2415
-1366
428
-1591
-368
1078
-185
-419
-2534
-52
455
-887
656
-1044
2072
162
739
-1987
600
-1375
1044
-1200
-900
-481
760
42
-891
-670
-594
340
-365
2925
-517
2059
1015
-71
601
-1410
723
-1657
-1802
653
-532
-2144
-495
816
576
948
2966
-2286
1514
138
-812
531
284
-866
-853
1012
704
-72
432
1653
-629
-411
-1134
-1034
698
-924
255
399
577
-63
-314
-798
1562
674
-1491
3417
-110
768
798
502
156
322
1965
747
-12
119
146
-1122
86
-2148
1320
-3047
-4294
-2454
-2182
-139
1915
-497
-902
-1843
261
-329
-52
-712
58
-2940
-678
-712
1046
1182
2556
2458
816
-1544
848
211
1525
19
-1221
226
2177
1164
-1168
-612
219
-2036
-470
2052
1325
1766
140
-216
667
2595
-507
-1079
973
1681
826
2402
365
-471
1339
-299
-613
1480
1696
-1470
84
1245
2036
-1910
-1840
2252
-295
-222
-64
-1582
399
592
1970
-790
-179
1149
1039
979
1733
-591
-1210
-630
-355
-1059
-1089
129
295
-512
-124
126
-1704
-2309
-882
-1037
-1731
-1981
-817
-653
-1862
-268
681
161
-1606
-2318
-2426
-4159
-4197
-1921
-3046
-2007
-183
759
-1823
-2612
-1439
-3053
833
-867
1616
1114
-873
-1
-855
-246
776
1012
-1654
-886
334
-2964
-1373
1429
328
-520
-439
-333
2345
-1237
-2303
-201
-502
-1464
1281
1946
-917
-1383
-184
535
1086
-1028
756
177
1535
-991
-1066
1402
-588
454
-999
351
375
-1362
-1107
-65
-24
-859
-257
313
-146
754
999
1989
-827
-124
3334
1060
483
519
1185
705
-517
-431
-1309
1205
2848
-92
-2884
-3582
-1941
-2543
531
1466
-579
-577
410
259
395
-1695
-16
-1210
-211
-1633
31
-1942
958
1852
-2223
-2333
-1827
-1459
523
1529
1605
942
-921
733
1383
1847
1820
-132
-383
204
-2648
-882
-117
693
-719
-311
366
-117
-1620
2484
2527
2824
647
351
407
297
610
604
-693
-851
-74
1107
2614
1388
1147
1297
1154
2282
285
2716
900
94
860
-1629
989
-421
-32
-1518
-1551
1045
14
1285
437
-865
-22
129
-924
-444
-1534
-59
-975
-2235
-1506
-618
-836
-1378
884
-652
-1049
147
-325
1263
389
544
-132
38
1007
-1945
1383
381
1529
648
-197
-1701
-2826
-27
-1253
-141
-1866
-1663
-639
1081
2346
210
388
-1180
-1906
-1706
-1997
-769
-433
299
2347
1604
1498
2880
-437
-111
-2597
-655
-1813
2210
1433
-39
1412
-299
437
477
-1622
641
825
-506
667
2823
2805
1352
-667
2833
-182
-936
-320
-332
1048
1431
436
1362
3270
1519
912
-830
927
-1450
-720
-748
1278
200
434
1748
-1131
2559
2333
732
2119
-639
-1371
-3368
2157
1533
-610
-1323
1546
432
-2290
-3069
-655
-1103
2496
3142
962
2376
-947
-1165
-1754
278
676
1735
1752
858
-529
-1462
-673
-2696
-2079
-1819
-1394
-1
-322
224
-2188
-2368
428
932
1129
1219
398
-1684
-121
-487
-169
173
-9
-994
508
-236
248
981
705
1395
1356
2024
503
1420
1187
-813
-2484
125
1002
-1336
-1264
1290
122
-1582
97
1399
1726
-280
-1727
-885
-1279
1475
823
640
-2686
954
1422
793
-245
-2039
-1156
-856
1821
1415
-1388
-1742
884
-2077
573
195
699
481
381
-307
-1641
-1776
-2110
252
3087
-654
445
145
-1466
-671
-1522
118
-1040
2045
2073
2713
484
913
-2483
1888
3171
-1403
-2092
1343
-487
-2633
-1498
1245
2636
2730
-1074
-2975
-905
411
708
2342
862
-416
-4707
-2358
776
2650
1036
-1477
-2053
445
467
2603
-493
-2401
-150
1322
2798
-622
-1347
-1585
-45
2059
-686
-2996
-485
2527
863
-201
-573
-2244
417
1097
-355
2578
30
-1868
-1767
-1524
566
392
1102
1024
-1913
1561
96
616
1940
2930
787
25
931
1205
-1372
522
2275
61
351
-753
-41
714
-345
-1673
-267
838
1300
1290
-1621
-270
312
1122
-52
996
-821
1445
2294
1674
-1031
908
1600
-898
-497
1671
-647
-2601
-594
1942
166
-860
1938
1841
-847
-2105
-3811
-355
-417
443
-495
-1799
2494
-152
-2817
-902
-1533
113
-1570
-1256
1243
1426
-1275
763
1133
1302
208
-342
-931
-1701
-1276
-1952
438
664
1179
1299
1884
802
1366
774
1277
123
-1931
-493
-21
747
1941
1093
933
-873
-3263
-1238
45
-3811
-2003
2616
-1002
-1236
-851
2648
982
412
1508
-503
-1392
2732
1666
461
174
-1272
-396
1999
328
-1436
-412
125
-501
-3315
-2203
531
-43
-794
-1295
1049
1271
-2102
-1220
810
709
-1534
-1502
-2564
312
-405
1194
358
2834
691
-1334
-1172
-456
-149
1514
1174
-1038
-95
2565
255
145
2829
3930
1077
-383
-1691
-1818
997
-1093
-1317
-693
309
1642
536
-1119
-1028
-2154
986
-1076
-573
-1182
2008
1108
414
1097
2357
359
-287
-25
255
435
773
-728
958
491
653
1748
50
2018
1874
-203
-942
-426
594
934
-1096
-1032
748
1018
-502
-209
851
1824
-1546
-1643
1677
1843
983
1612
-2767
959
111
251
294
-925
675
2380
607
-514
-1514
1351
1302
-1030
-1686
474
-283
-1927
-505
-67
2176
1715
-1713
-796
-29
-1074
-3264
-1262
-2827
91
-1245
507
-1637
-831
518
-85
7
-208
11
-114
-1562
365
98
546
2646
2284
-597
1563
525
523
974
557
1089
950
1213
-224
-526
-2922
-587
-1619
2118
230
300
-1143
-1398
634
42
921
-1307
-1226
1562
2595
-25
684
-788
-855
1225
729
1479
1477
-1308
-1284
-1824
1586
-876
720
-1400
-1039
-455
2963
-947
-153
-807
-905
1582
-761
-431
-747
-1047
-626
-512
-2447
250
1544
-1060
68
903
1491
-153
778
-453
589
971
-539
-1183
-2623
869
-1028
-862
-509
831
-1462
-1362
693
416
-999
1421
404
722
144
1436
-1837
-3223
-2476
-1424
-365
1200
1723
509
-1196
784
-625
783
3
-1737
-156
-908
-133
-1741
-1379
-125
411
1111
-232
2716
-2190
-1422
-247
-1060
1284
224
951
462
-1273
-1181
-169
872
-1088
-1718
3139
538
-562
-888
-2127
590
-1334
-434
91
1118
-630
1118
520
866
-371
-2559
-199
2265
-2219
2729
1985
223
1078
180
1075
-1001
122
-192
104
994
301
1714
1109
1159
408
-688
-493
973
-844
-995
799
-2338
200
-230
-897
2209
-327
2633
-275
-585
-1273
-1479
-664
1794
21
685
2134
-924
-420
3246
-975
1158
-1525
1677
-206
-916
731
-899
984
-1333
235
2683
-351
1319
-1600
352
1868
-2092
2031
-555
-949
433
1810
-811
1667
-135
1211
1473
1361
-873
-960
-721
682
484
-989
644
-1401
39
-884
836
-1
-1538
2039
1017
643
1229
1318
20
-295
855
-98
820
458
1661
-756
872
449
-2353
1053
783
433
-884
-749
2353
-3313
2531
389
-465
400
-854
-63
389
-199
187
-1093
-609
-1442
3018
1829
826
114
2612
-154
-215
862
-1046
-1193
-160
-32
-1394
-1776
-1121
995
-1843
-969
789
902
1018
1681
-758
2424
-475
-1775
-2157
285
143
1870
-1646
-1307
-336
828
-102
-1252
219
-1760
-96
2143
1014
-1520
798
256
-2425
171
-1235
2403
3221
-974
1098
849
-1348
380
-503
129
-811
1769
-572
-1542
334
-357
-1212
4
-234
-742
-560
-196
-10
91
26
-1176
662
-2363
291
1926
24
469
-699
678
-690
916
258
723
-673
396
-2
-1892
-122
992
-2222
-409
32
-1677
-1231
-1714
-303
-1452
2628
-625
18
-96
1066
-1246
-194
572
-1656
969
-2657
-91
667
-193
-780
-810
-1734
-1045
1173
-2258
-978
-384
-242
734
28
872
434
318
-1435
-2298
-1108
-563
-2242
1125
-325
1213
712
-575
-1963
-242
-107
739
-271
-1098
270
-316
496
-881
-1711
1638
192
2202
-52
1544
938
2192
1162
462
-639
1146
-2532
-1367
-1712
687
-1003
-829
-60
-521
587
1940
-1425
527
-87
168
-154
1086
132
702
898
-1357
630
286
2440
-1190
1487
-2325
-1513
-311
-929
1175
481
445
590
-1286
1372
14
-1664
770
-448
-2436
-944
483
-1617
850
-1141
-1821
440
-1499
2061
407
617
1193
-1829
-416
-603
1541
-373
-1533
919
-142
-1160
-2145
1299
566
-1396
-922
946
-222
-1162
-1509
-1207
1695
31
-496
1444
195
-316
796
1036
-308
-1688
1228
78
900
1470
-2280
184
1955
333
318
-786
822
-2459
-342
-1208
-941
103
694
-1992
17
-953
-963
195
1306
727
-146
-1674
758
-1346
774
1920
-80
662
-1580
-1340
-1614
-1790
1101
85
926
938
726
-469
-2902
-696
2009
-1187
446
228
-921
389
-1119
-769
-2256
171
1222
-1652
282
908
-497
2169
281
-225
408
-2565
620
-328
796
1310
-1354
2770
1971
-929
1192
-930
-405
884
640
-836
795
40
-2438
-1594
-161
272
-426
-399
-198
-196
-516
-387
205
-907
-531
987
788
-1932
-504
-234
3038
-1760
265
-1755
108
1352
-799
-270
1568
-636
293
203
981
-249
-838
35
-801
-1618
-2848
-746
-447
-2095
1083
1263
-83
-844
464
-2148
1169
-1403
-2394
870
-2891
-798
833
427
3285
-866
-374
-56
1753
-314
-949
695
256
361
789
496
-456
-814
-2193
-139
1487
-1541
537
22
158
-130
-1661
1471
-1046
-810
-409
456
463
-2511
-1079
-642
-182
-2088
-985
1312
1615
-161
-1462
-1223
-1277
-65
296
708
80
1144
1428
-1384
556
441
-1655
1927
1019
17
63
431
972
1257
2246
-1042
-154
-1445
-465
393
-686
98
158
-312
2789
-553
-37
366
273
-1619
267
-2198
-290
-134
-702
-161
-66
600
-1071
1216
461
1943
-979
0
1894
-458
-1060
-472
-544
-32
-951
-222
-1308
-428
522
936
-642
1383
-284
-358
-187
1891
-656
-2370
3675
49
-94
-230
-2193
2300
-1486
1206
-316
-823
-18
-1276
-2042
-767
191
793
468
290
-365
-75
-2475
692
461
465
-596
386
-525
599
1706
208
-325
-125
-228
-1300
-857
918
-1006
1166
8
581
-18
-2584
456
405
1259
-183
-326
-758
-319
-853
-243
1686
-2911
132
-594
-1008
-820
1051
-231
-579
501
572
933
-497
-81
1327
-889
1165
1089
-62
893
-1175
1617
-1133
-1755
-593
734
70
977
-239
-957
-1829
-169
-1880
1246
-1276
1047
593
-153
177
-54
-1830
1700
1702
-1185
-299
-2142
-1978
245
594
733
-1437
-65
-1679
-1025
-699
132
-976
339
-267
1044
1488
528
282
616
-998
1175
-252
-918
-1856
-593
-1047
-84
-786
865
-503
-914
-48
582
-2262
-994
-18
-361
-325
-1010
-446
1881
439
-531
1845
176
-509
1384
1086
1714
-292
-333
-148
-976
-90
-1413
1837
-1100
1530
-77
1465
-2212
-162
-2906
-1552
-1928
-596
-1085
-1413
488
-824
-1459
1651
795
71
1354
695
-1136
2676
-941
413
-170
1909
-403
-377
622
-1029
187
-415
-996
578
1691
1063
-365
-42
-1709
1205
-1373
685
-1012
846
-153
-1357
1788
3366
414
-358
1822
1713
165
-637
860
1081
100
2272
1953
-1137
702
1604
521
2195
1367
769
1624
-451
479
1369
-224
1354
1001
-1275
97
457
96
1666
883
-523
-1283
-460
-378
322
123
-153
-2294
1756
1781
767
848
1290
158
1592
408
-588
-252
-140
-1407
413
-471
-828
-990
1128
292
566
-54
-286
658
1938
-1336
-1275
1155
-2791
-1396
-676
-214
108
-261
279
-595
-2533
-1498
-277
763
-2295
323
-466
-1463
1975
1843
-822
-2485
-997
-677
-958
1547
-1107
-2005
-3453
-937
1890
439
-7
-1984
-2220
1444
-1674
3040
365
703
1613
18
-176
1041
-453
1596
-637
60
-468
685
1742
589
-419
-861
-1299
2611
693
1636
272
1002
2296
1957
-1337
28
-698
1458
-1788
-522
-1327
-1443
303
1448
38
1159
-579
-372
-971
992
-1408
-269
-3240
675
-2069
-121
-697
-271
867
-1510
-1076
-144
56
-448
-2192
1153
302
1284
2490
-1718
-520
1595
1919
-1341
-14
91
827
249
-662
149
-1229
-1341
1095
290
176
509
-1540
609
-2343
2852
-157
109
-886
-948
1116
2854
1046
1555
-1449
-927
557
419
1381
1177
-1201
-503
-2295
-1669
-587
-449
307
87
-1496
1171
-1371
2533
831
-239
-251
-530
319
1616
-18
-913
-1359
1753
-1276
1474
1684
-96
-747
485
-15
-2710
937
2093
719
-383
-413
949
-297
-681
3067
266
1978
-689
2208
1507
7
-80
1401
683
-858
-619
-153
203
730
-1174
-2780
-872
-107
-1235
-2311
-730
1683
-519
2559
997
-315
-881
-1563
1075
829
1816
604
1763
-758
465
-299
-162
-791
-459
-566
-815
1807
-1521
-940
2669
819
475
1558
2288
-788
-76
1600
-790
1474
-1062
276
-517
-213
-902
-167
-1755
-1575
177
746
-751
955
-812
378
-1139
503
681
-1357
1371
-288
1176
-466
-164
-275
-2451
-1459
1082
-2785
2927
1151
723
678
2295
-67
-1782
-1396
1092
-386
-2090
-528
787
-1617
730
-2027
40
328
46
-176
-745
985
1634
-892
537
44
836
-426
-524
-876
-143
-1355
72
2582
846
1752
-958
-1286
1413
1197
227
2593
1718
550
975
119
897
-2652
-270
2476
2407
1851
-654
432
-615
58
-634
1132
308
1760
1343
-785
654
3098
678
-1740
-2124
788
-199
441
-813
1505
722
-238
-87
335
739
3145
816
-1690
645
-2204
129
-1053
-825
-438
-3361
-2339
-541
-370
-2369
553
-350
-61
1702
1668
576
-832
-219
-1183
-2466
1697
490
956
442
-232
1433
43
2543
1909
687
-470
-1096
-1896
713
3060
-532
1784
731
-2138
-225
-1533
-12
-3201
-2958
-1716
2583
400
468
-148
-1135
2304
334
986
236
-251
-148
-470
-1471
-1153
-2576
1214
1671
911
1204
85
-163
2695
1228
1744
34
1880
-357
481
553
-113
-123
-272
-2078
-870
-371
36
-836
-632
-1374
577
54
772
1169
1343
92
-1556
-963
-2279
916
-533
393
2887
-12
1282
684
-2598
2003
-2201
1565
2359
1293
1438
1448
2088
71
-1568
-716
-1256
-874
-1263
-110
-64
-398
2314
1063
1867
8
-682
-2754
-524
1811
167
-1364
-1544
-1889
-1457
1668
847
-700
1190
524
521
-721
1623
-135
884
-1020
1274
1739
-401
-529
1436
1552
-782
-836
-1666
648
-220
-333
715
1610
-68
-1747
3956
397
-1255
-1497
620
1189
1001
2181
450
-285
-579
1119
1182
470
540
-1009
499
230
666
-991
1773
-259
116
1227
775
-848
211
-1103
2645
1344
-544
1288
-698
-426
1585
549
2355
-904
-655
-1399
1199
194
-277
772
-194
-544
169
295
882
-965
-2769
1285
770
981
-635
60
645
-1137
815
434
2768
1472
-2074
-916
1011
761
771
-1194
-421
733
803
1728
-89
1608
-226
562
1397
-977
761
1143
287
373
-154
-2254
-628
248
-1046
283
529
-2093
2565
-400
280
2091
1391
-76
134
-650
2780
2436
-834
-285
707
1042
-1150
1071
2282
376
-903
-1315
2269
221
-1243
-1203
-553
-1860
-92
100
342
1037
970
627
-1003
181
81
-222
590
611
15
1126
-252
373
-1385
429
-363
1420
1395
-1310
-395
244
866
2428
1549
509
511
-825
-21
-1692
-1396
1082
1359
-1681
-823
606
-2263
-3031
-2201
463
2078
746
296
761
-428
1152
468
1300
1427
2508
-1341
-1854
-1880
122
333
-1109
485
793
-323
534
174
522
449
1325
543
2856
-79
-827
-549
973
1252
1366
-464
95
-2930
-1072
1280
936
-831
-1296
420
-429
-41
341
-142
-370
-428
490
984
1350
1788
916
-830
44
-238
1309
-1357
-1503
-571
-2122
2291
-45
685
1389
681
-2951
-271
-2078
604
1307
-433
-1068
472
-61
1561
528
1004
-6
974
1446
-1214
-2087
-40
-590
-270
-423
-690
-903
129
748
89
1266
-2484
1033
785
1276
858
-1375
-179
451
-880
-185
-215
-1145
167
-1587
-1205
29
2059
698
-544
-2964
29
-338
-832
-696
-930
724
306
-1633
745
952
1334
763
100
1192
-1484
-1266
-530
798
1948
-155
-2557
1505
627
527
-2115
1445
-1539
-2200
-2074
904
-2665
-1494
-1032
-604
-320
4828
1710
819
1177
482
-152
2509
966
380
1016
62
4
-990
1318
-1389
679
431
-883
13
-1041
2943
1233
-1059
1135
-45
766
2155
1393
-1445
150
1394
-1682
1045
841
2505
601
-649
1028
1362
-398
1161
-776
-1885
-407
-964
-298
403
1941
738
100
1256
-1184
1357
1541
2070
-2192
-1769
1577
-606
1934
2177
-1351
471
-453
382
-208
1450
315
-1650
-348
-1331
-2024
-1046
-2636
-1130
648
-409
-39
2997
781
536
-988
-966
766
1993
-1111
-1852
-2640
-1378
-2862
-197
-2685
-482
-470
-797
-1457
-1564
709
827
599
-1014
475
-1221
