-1674
-560
-3568
959
-1061
-756
-226
-577
-956
565
-981
-639
-2052
1920
-2289
1759
-1488
575
204
-639
2340
1291
-1675
432
-1482
-240
-353
366
-2056
841
1362
3291
-1115
766
642
-1872
-239
-1005
113
165
144
-1268
1140
-1324
-68
755
-267
-692
626
1227
157
-1732
226
-1497
185
122
-827
2201
1190
-1163
1752
1433
2021
-830
-1455
1653
-1305
1376
-627
2727
3836
556
1207
3426
604
1320
900
-653
-512
2090
621
-1209
1858
749
-1826
651
1059
-2018
991
1209
-1096
-790
-2171
2161
-240
2251
2182
-1422
-274
-2606
100
514
-431
-2406
-1556
139
-249
-215
802
-2240
-1766
-193
-391
-418
-338
734
-1874
-602
-1009
1533
322
-1131
569
-261
69
1327
-71
-322
1006
24
394
1833
-147
2698
-2206
-270
-1395
-813
-1210
531
826
-119
741
-2452
993
-1105
393
2372
-1135
1298
-1058
-1823
1214
2498
2562
106
912
350
-3996
1076
-930
-1897
2023
-2915
1757
1941
-2444
3113
507
1294
-1543
3155
1014
2014
3237
198
199
-1210
213
-2154
2004
-973
-1759
-596
-2776
-604
-138
1172
-1048
1846
812
-1849
2268
1418
1197
-2651
2229
-490
-4996
-323
-765
1626
-3450
475
-154
-549
-1020
811
2357
922
-1430
-1027
-2809
479
1365
-204
-473
-2136
914
-1102
-182
1200
-705
-2215
4337
-1249
3097
-2011
3536
-1938
707
-1440
-1174
2923
-2372
2725
-122
611
-1193
-1814
618
1967
3509
-810
-110
1858
220
2421
1369
1512
-1873
1692
-2327
2325
-2366
1471
-1264
1229
-1836
-963
-1023
1687
1873
59
-648
905
-1045
1404
5
1850
-813
-2449
1228
83
-675
3461
-3238
1204
-1637
-1941
699
-2124
-1197
1782
-1410
2242
326
4073
865
-945
829
-2013
-429
-2013
1910
-734
713
1436
-1850
1359
278
411
-2207
-1912
1229
-3893
2250
-3693
1857
-157
-1859
-195
20
-2505
1317
-1728
1767
-1560
2744
-671
529
-1442
1817
-1028
890
1961
-2731
523
221
-1926
1555
-1494
2574
3096
560
1980
-922
-1964
910
560
1107
-437
1891
226
-600
-2232
-275
-88
-3608
1650
-1084
1052
864
-495
706
-687
1522
-613
2887
1839
2070
2398
-482
530
-2737
2146
-1326
2705
2002
-3349
-154
-47
-3074
-172
1123
-531
347
1626
1794
-1463
-1442
3357
-4119
-2032
1001
-1412
476
71
-1520
-2457
-2859
1424
-125
-441
1996
-3566
-185
1675
368
1632
1322
221
1355
-475
1195
-349
554
401
-1661
3587
-1719
2124
-2201
767
-847
1838
146
-961
-1075
354
-473
-1220
2507
-3263
2291
-834
-698
1104
-225
474
822
1813
1002
40
-1032
1522
-1176
128
-1374
774
2606
-1344
2274
787
-924
-1020
-4266
2131
-905
1521
139
-1844
150
1468
-669
-446
2424
-1359
-2569
599
-202
-252
-1192
-526
-3783
325
-1691
801
2186
1349
798
67
1145
-2430
2154
379
2030
-1334
-1183
1817
2014
1513
-7
1471
302
70
-1210
-1469
625
2592
-314
1659
-287
-2026
2545
17
2866
-527
1181
-664
-1329
383
-118
3156
-621
-2396
152
1260
-1436
897
166
1073
-1619
257
-4203
1978
374
-776
1257
-686
248
-1224
2908
4591
-2484
2
-721
-1569
2536
2159
259
-954
-1656
-350
2072
407
-519
7
-274
-1953
-1152
-511
856
-1003
-1343
1635
307
535
-2523
1268
4404
-1762
-1704
438
-762
-609
435
1952
299
2020
-16
-240
3652
-826
1959
-890
896
-485
2555
2991
-325
-140
1388
2
-433
-1462
-1036
730
-2000
241
-816
2730
2295
-2505
1237
-699
-317
352
-1183
-4107
2630
-1308
-1820
723
268
1972
-58
-160
140
-3372
-355
406
-651
3294
3253
273
1697
382
-832
-1194
1450
661
-231
-2322
1099
-176
-262
243
1459
-287
1639
1729
-2209
1481
454
-1868
1549
2736
1008
-113
1262
1217
30
-1875
-1708
717
-1902
-1849
2119
-1290
64
-184
1218
2863
933
-1352
462
-1065
-1429
-309
-642
3113
-341
-1247
-2462
1923
-1641
73
2771
-2037
-768
-2484
-1492
-441
284
-1073
1311
686
-778
1399
-579
881
-586
1546
-2467
2716
-1556
793
-1606
1356
933
-354
1674
-869
-1508
891
-696
-1218
1010
2349
697
-256
175
-9
942
338
694
-2542
1232
-1071
-1339
-1530
2434
-301
1084
697
-39
245
-2730
-1308
2099
353
1051
-850
424
-1803
882
-226
-1045
-1997
1062
-1503
323
-1137
865
-754
-39
1190
827
1073
3156
-1611
-3
-610
1046
557
704
-502
-1296
372
-354
-425
-822
2871
-675
145
486
733
-858
2646
-2630
2261
-2505
2488
-911
377
1191
-904
2839
-954
-706
-731
-478
-2180
-2931
-2209
808
-975
2869
-1272
813
-1397
-358
-1303
2946
-876
-1276
-486
1814
14
902
-1482
-1301
1596
-1399
388
-2738
635
363
625
-2402
-1722
-1700
1643
1148
-445
-162
127
976
1266
1555
1188
3797
1065
-180
630
1741
-1066
-322
-1293
2833
-1659
2603
-941
1491
27
-3037
3671
-2741
1643
3146
1442
-27
-1028
-1264
373
447
-5
294
323
-1449
2448
-3221
1302
1045
2150
-2146
3584
-2688
-893
-1326
214
90
-1104
3012
-2237
518
931
-845
-135
-1313
564
40
1657
488
228
-964
-538
-220
-314
414
700
59
-842
565
-1309
3292
-1317
1279
-2771
-1133
445
-2909
3571
-1669
3464
2167
-127
1305
-1119
1936
2980
-505
-612
1423
-730
203
1188
-1170
-128
115
1778
-968
576
-2169
-142
-153
-1164
739
697
1880
678
135
391
-3272
206
-281
-1060
239
2012
3105
3266
-252
1195
-3893
516
-3498
866
1215
-2074
4014
1979
-404
2208
-1983
2203
463
1262
878
3098
-179
-1278
-2399
-72
16
-119
2675
2391
-1018
2121
1216
-1343
1335
1121
1425
1109
-1152
1637
1853
1137
-47
-314
698
4062
1612
-1023
-2009
133
258
2110
-3699
-4056
-989
780
1561
1722
739
2059
-2144
-743
-1769
-2212
-1222
-1544
-2711
-54
1169
51
-75
2249
-3854
-1086
-1718
1310
2107
-1569
-1631
-1068
870
-439
-2624
204
1341
904
-3545
382
-605
-4730
2743
-1229
-1985
-450
-193
-1858
-1282
-988
-2525
-1084
1121
1068
27
-762
-1197
-268
1026
1944
1984
-876
-114
3401
-2369
-2350
1095
-944
-1458
-3032
-988
1464
282
-2585
-1787
-555
1106
1626
1432
-129
-1871
-142
1028
-271
1937
960
58
-2786
769
1154
2228
1852
-1134
540
1319
-107
537
-3151
-2539
-2725
-470
2046
-757
1324
119
649
1676
-1945
373
-981
2134
849
-1970
-2312
-297
-1220
-3500
100
882
-2199
1500
903
1157
-1961
1321
1530
-1230
-1544
-398
1724
766
-1589
-1895
1374
-519
231
-853
-3945
-1096
-1803
1776
1617
2220
74
-1348
-1390
-1858
1381
389
-796
-2494
709
462
49
3098
3098
933
1509
2992
538
-2059
86
375
-2781
-819
79
-4424
896
1919
-2601
596
1089
1390
-1620
1098
4837
2158
2573
-2445
-1084
-1516
790
-67
2555
-3152
-1760
2347
528
553
-898
-2012
-367
-1299
1179
1781
563
-681
1480
-3869
1961
-1814
-999
1472
1999
3270
1099
-1415
-2486
484
-302
395
-865
-1765
189
336
-395
-181
521
-2494
-1438
-1352
-298
1297
2356
4889
348
2285
320
-2623
-284
-3776
-2165
240
-229
1894
-383
-2174
-2812
1030
-1991
-1432
-1669
-1841
1189
2574
3181
162
-1501
850
-334
230
-1124
3735
-350
-297
905
148
-269
4677
-150
-1152
-4316
-4
703
62
252
854
-392
662
-1550
-922
2414
-912
-1383
1883
68
1001
15
983
1379
-191
2559
2005
-109
1567
-1287
-1775
791
2965
1669
2506
1650
-647
2857
-1734
-1260
-804
-168
-1701
-334
384
-2248
828
-1833
-3083
-2480
-2365
260
-1310
238
-111
1866
-298
-1040
3194
1395
-495
1170
-809
319
1997
5715
1845
-1832
-1548
448
-463
2362
201
-1526
1021
-232
1064
-602
-2136
2266
-1137
-1519
1400
-3044
-761
-2496
-1984
-781
-3096
-2401
-57
-544
-1317
2344
1458
-1596
-2415
-1048
-106
1609
1902
1705
1327
327
653
770
898
995
159
-1023
-1031
-1779
2637
-90
126
333
-1647
202
-4362
-2409
877
-1375
-856
1776
-353
-339
-1430
-66
3603
-3126
-1865
-41
2371
2862
121
537
-1372
283
1811
970
672
-2405
-3415
1746
500
-1634
2682
1154
889
2338
-117
2961
96
2846
1293
1276
1070
-2630
-3128
-2557
-1013
1029
2455
220
2250
-2025
758
1450
761
-1310
-1188
-1166
-1620
-33
-793
-558
817
733
-387
1827
-2323
-773
2476
-3378
-750
-4222
1520
-603
-911
330
952
1768
-1854
-1936
2328
958
2725
256
-1110
466
-1888
1424
-394
-395
-2184
801
-425
-1338
714
-3376
141
-1073
-2064
-717
-1210
-630
137
-678
2747
2074
-1400
-818
-2061
-883
300
3098
1718
-462
-201
3028
5120
2152
226
-518
139
-483
4
-54
102
-846
2205
824
-489
1169
1503
776
-1958
-2519
-112
262
-2333
-3339
-333
-163
978
1686
-481
-2501
-945
-525
1814
758
573
1302
2906
255
-2260
-828
-44
3023
-849
-3063
2687
-1298
1153
751
132
1753
191
-2403
-795
2062
-1795
-2819
-1335
1742
1321
-4
1237
379
-2322
-3519
351
-646
-2426
484
3103
1154
-1265
-2477
-1654
-1484
2698
698
-1910
-480
-1272
1451
-324
-796
-436
2695
-853
-915
-1075
-2293
-1513
71
1081
-612
-2243
-3526
-384
-325
-601
1355
2923
-257
1183
-484
-2442
1833
284
-486
2677
1351
-806
1085
600
1519
1312
-442
286
-650
-1333
-1585
-768
-1810
3002
-687
192
786
-370
965
2750
-828
-1259
1215
-1898
-2705
-593
-1674
-882
-423
-28
731
-541
816
2285
-528
-2352
-1677
2388
2195
646
-1545
90
162
-223
-700
1107
1771
1371
111
128
14
-772
620
300
-1511
195
-1940
-266
-3101
-1181
1848
659
1852
-1661
-3005
-1783
2217
1530
1923
1552
-33
1177
-19
-651
-569
636
238
1524
53
-1906
384
-645
-1794
-1105
1061
942
-1333
-2213
-374
520
1825
1154
1068
-1221
-365
926
1647
-665
-1281
-1970
1352
2847
1607
-492
448
-645
2410
-492
-1609
-1622
866
640
-2041
-378
1945
2859
347
2667
1141
-443
-2625
-996
571
1354
1559
947
-307
89
-971
-675
-49
-1092
-2245
-33
-884
1960
2113
-1709
-391
1129
2041
-1438
3012
2957
1579
1749
2814
2387
855
1799
-2877
-3593
-501
-1158
-1310
-520
-2413
-2472
-31
299
-650
-2105
506
1026
-1943
537
-2171
1201
1031
2112
832
-3669
289
-591
-664
-1262
-122
571
1976
-132
457
-261
1367
181
229
-2842
142
-1485
-2529
1226
746
-2247
1161
-3981
-1008
-1602
-890
1043
-2071
-65
571
-116
-523
-531
1927
-12
-66
-1086
213
607
614
715
-465
250
399
-1509
-229
419
-1311
-1461
-2157
2404
161
-61
-1016
-1232
223
-2475
-2238
-3602
-1048
1974
1661
-1318
-2671
-2226
-1475
652
-1114
-999
1881
1479
-889
-636
702
1562
2726
-436
398
-987
-2723
443
1206
-274
2545
1836
777
-2159
-210
-169
692
-636
519
-474
-922
-1289
1665
5
1252
-911
-1206
-719
-801
-857
-1950
-1423
1586
-2168
-780
1227
-136
-2434
-1734
2409
1170
-22
-461
-991
815
285
207
751
-1271
228
-47
-630
-832
916
148
138
-194
-80
-574
-1697
782
-526
224
-120
-371
-390
166
1312
891
357
982
841
-166
16
1578
232
-1245
-1046
-604
66
1390
126
456
-735
-895
-562
217
-396
-46
-1915
-454
-313
-1437
982
-1241
-1660
-473
147
-45
-602
-1157
-321
527
385
-136
2878
300
-1021
116
1614
711
968
-894
705
1089
-622
-759
820
-346
1467
1236
-342
1564
-462
1424
-818
-908
553
611
693
-1155
-1446
-163
-187
875
-780
240
-712
-750
-1057
311
-1775
570
-398
-703
429
573
-770
101
-1069
1669
-866
-50
1331
-1105
-400
-387
-741
660
1477
-731
-1726
-325
861
-201
2221
-852
-633
-115
-428
-787
414
317
1884
698
759
-49
-5
-1009
3189
205
-956
449
-91
196
284
713
1042
-1057
-40
-485
1242
238
451
725
-143
-697
489
1196
-1134
-279
-299
815
100
995
-311
1253
431
907
-1165
926
-801
971
-213
-354
-323
-581
-781
-391
943
-22
517
161
-2235
1281
1398
619
1422
-82
1649
-463
-866
-14
627
-1082
-194
1403
1512
-1482
-53
-961
-687
-1832
994
-292
301
620
579
1197
226
951
-1248
-71
1927
-1184
52
-1835
-397
-755
-1398
1120
-191
1234
-55
-74
1019
698
2344
20
-412
-44
1706
207
319
1996
-188
142
-51
-88
599
460
1107
637
640
1299
-228
-15
-471
-354
670
-1915
369
648
-192
-683
345
1499
-188
1332
-1686
318
1251
388
2061
-283
1556
-96
820
921
-499
1136
53
1175
1099
-99
-965
-1225
1193
-400
-1590
690
-1180
-344
229
-1069
899
359
903
-716
266
733
1155
-1340
206
181
-1009
957
-355
-1759
987
885
-1046
-1020
234
-964
-1592
-1190
365
-6
-236
153
82
-637
56
105
-1108
-813
-1422
1386
364
1122
-212
32
-248
408
810
-932
-637
-215
-571
-146
1017
731
988
163
-1167
719
2941
988
788
2878
97
663
-1304
-54
-292
-1654
-131
-154
3043
198
841
1160
1406
-972
-1798
-583
-901
-102
-203
444
-943
-204
153
289
940
750
-681
580
576
540
184
-910
-348
778
1445
89
1087
-406
11
-173
622
1087
471
-220
461
-1307
-1018
-211
-615
570
764
778
531
-601
-1616
-908
1002
1155
1526
-302
-1322
-133
-2489
-616
155
-736
1710
255
1748
1157
1051
1119
58
303
-163
1397
-817
-902
9
269
995
1685
-1911
546
1071
-1778
516
305
300
17
375
2012
-996
-1643
5
-843
462
994
1005
-1057
-127
-980
1057
-532
1863
-102
582
571
1719
876
494
-255
-900
-41
1183
1352
-667
-611
1124
1073
1647
1138
489
-1878
-334
-171
506
1163
1604
-858
-728
660
1356
408
2043
-1160
-715
255
981
1353
564
534
13
913
-618
-1394
-134
-1099
937
1256
504
1252
-351
793
595
146
1004
-1948
-60
185
410
1337
-877
68
-96
290
942
584
-261
656
-154
311
568
-772
427
-773
-489
-328
-26
-400
-57
1621
626
-419
-538
-499
2
1899
427
1135
-287
964
2034
-1310
200
-521
2391
20
503
-619
1692
435
560
-1572
-599
-69
-1402
-949
837
517
-311
1128
898
-704
236
-756
128
495
1625
875
1273
607
-667
449
-342
-190
1780
1623
116
-1872
-1024
666
395
-180
432
-1154
-491
-660
-492
997
139
1053
-1058
1209
103
-312
-2301
398
950
-424
-892
1090
-805
95
956
397
57
756
685
507
-218
791
561
-132
413
-441
293
-1279
441
138
1205
480
-728
-145
1658
-923
-752
-1544
1342
1416
1188
505
1112
-993
-320
1281
385
229
817
-77
-675
-1393
-388
-1131
-825
641
-798
1165
1147
486
702
707
31
2151
1400
465
-732
43
660
1604
-489
289
-127
-929
-370
1117
169
423
-1127
633
-483
-54
-886
-282
273
201
1116
-248
522
618
-435
-443
-733
-1227
-85
-1172
890
-274
522
869
637
-530
1808
-631
-638
-1511
-538
1180
901
-58
1019
-504
634
343
-576
202
-142
457
-1144
-1982
-437
200
145
247
181
105
882
1476
-259
1689
701
451
573
680
1016
49
-138
-552
1543
-252
-648
30
-190
178
-1259
570
211
-28
314
-589
-1204
699
5
155
-451
862
2548
115
-39
1434
1163
1296
-455
596
164
622
-256
648
376
837
-911
1155
819
36
-618
332
-98
122
-665
475
-1144
-386
-33
890
3
1963
923
267
732
760
-72
-52
1062
-1669
1085
70
787
-653
280
-2068
292
789
229
-535
137
199
982
-630
310
-93
-230
-946
968
336
-936
803
-803
-1530
-138
1803
538
441
-323
767
-1339
685
-1075
-77
-931
-9
12
-586
756
311
-474
-468
-1139
-581
-1265
1734
522
-1583
-717
544
-414
1131
-278
-877
351
-404
-1361
-956
1033
20
-908
-1811
40
1096
2054
-1794
370
360
-815
968
986
-1406
56
-2339
-330
-228
192
-30
-159
-104
-1550
-533
-21
-2327
-714
-325
1023
261
-147
965
517
-669
224
13
