25 56 121 78 16 29 6 91 93 113 88 68 24 55 58 32 99 36 104 112 21 64 59 51 26 115 80 53 22 43 86 95 68 19 111 109 73 43 109 14 48 102 91 102 30 98 10 109 42 30 16 34 23 83 71 125 69 51 23 98 113 56 46 62 42 125 21 79 31 93 73 91 71 65 7 66 117 25 73 85 120 32 91 99 100 17 114 124 52 101 9 24 74 81 9 64 98 12 126 17 25 4 28 38 46 78 101 102 125 53 102 85 72 74 83 26 15 101 126 87 11 11 24 17 13 68 89 77
47 100 34 63 74 12 31 27 7 119 61 104 55 2 16 103 3 29 13 47 118 125 38 64 10 21 44 72 32 106 16 34 43 13 105 82 122 59 37 51 58 90 21 92 0 35 26 75 52 116 94 125 54 124 92 42 39 11 21 19 108 65 56 50 59 19 126 125 63 9 45 114 39 21 21 115 27 71 69 103 121 71 98 74 25 98 83 78 25 107 66 85 7 95 58 60 13 86 112 77 15 71 121 104 22 62 43 16 94 48 73 39 22 78 14 85 52 61 7 119 42 61 14 38 47 55 31 18
92 44 77 28 32 56 119 6 66 33 75 32 37 50 61 84 126 101 2 8 2 83 120 15 25 102 17 37 7 29 32 61 58 22 67 107 77 21 59 94 64 81 54 104 15 52 39 76 1 51 109 94 99 57 45 108 51 97 101 93 72 124 100 88 40 69 114 87 81 35 19 2 2 63 28 51 24 104 69 125 43 1 122 76 7 62 6 123 20 116 1 108 2 119 65 6 70 126 113 14 78 89 46 116 65 20 26 89 70 77 89 107 106 55 98 33 63 94 7 19 89 91 61 111 44 121 2 105
98 126 49 59 80 111 69 40 23 53 122 42 21 57 31 28 50 57 38 41 75 124 115 110 53 49 23 3 40 93 79 118 114 32 22 60 110 20 40 52 0 12 113 85 29 71 111 23 80 99 119 73 4 95 110 16 60 40 73 101 103 89 112 26 25 15 82 37 26 111 23 12 78 92 125 40 10 85 110 34 33 87 39 122 3 17 5 98 89 48 121 61 109 57 34 98 69 117 87 60 21 22 33 81 69 12 50 120 120 98 36 72 10 46 4 4 114 22 117 22 65 27 58 37 28 86 124 64
110 40 20 107 51 96 126 80 9 51 12 0 46 26 19 101 81 28 126 96 50 19 48 118 108 16 37 57 80 98 33 93 77 27 9 47 62 19 123 120 64 10 32 1 103 25 46 65 109 35 87 77 87 112 73 23 123 23 112 19 91 60 39 82 126 108 22 73 117 98 13 41 37 60 92 109 102 71 103 106 120 12 37 72 39 115 48 113 32 113 62 48 65 24 7 78 8 1 52 64 42 27 121 27 83 14 20 57 5 117 49 94 18 22 98 0 84 103 18 14 102 112 51 102 81 101 27 83
13 55 46 10 31 48 96 82 44 84 122 37 47 22 122 85 60 4 70 107 94 30 93 47 96 22 43 26 44 123 77 86 92 105 39 124 126 34 29 47 105 112 102 85 76 76 94 82 6 100 17 68 2 56 70 114 70 89 115 124 118 45 46 104 72 9 61 41 1 10 81 89 14 75 40 3 20 44 82 5 58 25 114 71 103 37 109 39 28 125 116 108 90 69 121 82 108 118 120 38 22 83 17 15 42 55 88 33 15 31 74 34 77 45 99 113 37 82 28 51 51 97 106 104 72 118 61 9
16 75 18 38 15 34 110 104 98 98 75 112 24 89 99 52 115 45 83 102 17 35 32 62 98 8 57 112 115 82 14 9 51 15 123 96 86 78 15 48 13 44 55 15 54 63 113 124 6 85 65 6 42 8 50 60 96 32 35 78 97 93 45 92 65 65 73 71 50 58 24 33 0 11 57 51 42 6 20 22 59 71 120 55 35 17 94 64 80 45 98 49 43 119 64 11 99 20 31 57 64 117 50 90 55 72 86 12 120 22 80 10 53 16 31 114 108 126 20 59 27 36 71 118 23 74 120 54
29 112 27 78 65 120 22 88 34 30 2 58 109 2 24 0 109 94 113 81 40 72 74 54 106 39 115 34 37 111 59 114 78 54 51 106 14 108 46 33 107 19 74 40 86 58 107 83 121 64 106 64 95 18 97 54 75 19 11 52 51 108 99 74 18 52 50 74 80 114 117 77 61 5 110 94 69 40 90 10 49 104 97 87 22 47 115 89 33 77 69 57 9 112 119 99 54 17 63 105 20 12 39 89 31 61 68 90 117 95 10 124 29 63 69 34 59 100 50 45 114 28 74 49 8 25 72 108
77 39 74 29 108 34 14 39 87 68 100 64 77 28 69 33 106 42 126 35 100 61 104 44 74 11 61 46 41 125 77 107 24 49 67 89 26 30 77 70 20 76 8 16 57 49 11 26 84 3 87 87 61 30 78 58 50 63 65 18 21 47 34 17 104 57 105 92 25 106 96 54 32 55 66 54 43 70 91 96 47 124 41 60 24 46 83 43 0 25 86 68 56 62 64 19 61 122 94 30 39 40 58 34 82 45 83 123 55 21 86 62 54 103 21 24 111 38 92 62 31 75 75 32 39 95 11 7
93 0 23 26 36 81 29 56 122 74 125 85 75 29 52 59 81 50 124 89 63 3 94 46 112 64 3 17 42 112 47 60 75 16 48 12 0 48 83 81 41 18 122 15 27 111 18 8 47 11 13 53 71 63 5 23 115 17 64 84 103 97 18 56 9 65 102 34 55 38 100 24 52 51 13 104 102 5 17 29 23 120 61 89 17 25 99 4 122 9 58 83 89 31 108 90 62 110 109 69 88 78 75 107 9 96 38 28 6 47 56 118 59 104 116 20 111 38 3 60 18 58 78 23 65 77 33 121
35 115 12 89 46 103 121 81 99 125 124 34 30 71 20 108 24 75 25 23 40 26 64 115 88 58 82 35 122 25 79 125 99 22 15 76 88 30 94 57 44 80 0 92 100 110 64 38 108 68 72 25 36 85 119 2 45 54 85 87 19 43 111 34 50 41 105 95 17 123 38 18 13 18 2 14 113 120 12 117 5 98 89 26 73 22 117 85 96 94 99 4 79 91 28 60 110 92 71 102 121 55 65 68 46 70 1 97 101 54 22 103 50 97 25 101 106 19 87 108 29 41 62 88 108 125 84 118
103 79 26 99 26 42 84 6 12 34 62 26 87 67 99 114 50 0 91 76 108 47 114 72 3 59 3 97 62 40 41 49 39 3 15 121 82 17 12 12 78 110 14 89 3 23 94 73 108 71 125 95 2 71 93 69 93 70 99 15 70 27 45 44 91 109 84 113 66 28 79 17 78 38 77 70 57 88 121 17 5 11 49 4 5 122 113 50 35 92 9 62 21 124 71 107 93 47 68 125 73 55 39 7 103 7 8 119 89 1 79 16 88 113 109 32 70 88 44 7 53 6 104 36 32 76 2 125
110 83 9 121 106 4 85 10 118 50 89 0 39 14 37 98 97 5 116 20 124 86 66 122 7 33 99 31 8 24 77 103 106 25 36 74 40 71 29 36 28 25 32 88 63 120 45 61 18 104 19 51 25 65 67 105 85 103 35 52 94 43 10 101 64 101 95 72 59 95 108 10 60 123 40 102 7 77 121 77 0 115 117 111 115 11 15 13 53 80 123 73 34 72 36 37 5 35 40 0 88 35 95 50 85 17 77 69 57 124 73 86 106 91 67 32 123 105 52 57 6 4 49 36 43 125 67 79
38 121 5 56 53 91 3 101 92 77 96 38 19 56 47 61 117 70 30 35 44 35 29 109 31 114 6 29 88 116 108 25 1 49 80 15 47 45 59 35 116 10 96 77 38 5 24 76 107 44 75 105 66 89 40 92 68 118 41 15 112 104 28 14 34 95 118 51 1 2 36 22 76 3 92 72 76 117 125 95 1 22 110 71 69 93 67 22 55 79 15 119 126 89 79 78 94 25 79 0 87 105 117 113 57 90 30 65 117 48 121 100 115 58 81 19 124 53 116 14 36 29 19 102 74 41 117 112
81 64 96 18 124 60 28 30 27 34 102 111 70 68 17 27 104 114 57 84 120 6 31 90 22 21 11 108 81 38 23 125 102 109 35 88 113 11 47 117 99 93 58 52 113 91 24 13 79 112 123 80 115 100 39 65 88 94 106 21 105 48 23 56 18 115 121 16 65 34 123 112 124 75 118 50 65 11 45 74 106 34 47 105 113 11 18 45 97 64 13 78 90 121 41 78 89 72 35 11 96 57 81 49 36 4 75 112 90 37 101 44 81 39 116 103 25 81 5 83 13 21 81 6 95 64 98 17
71 78 96 4 23 79 45 50 100 40 60 125 93 85 78 75 22 29 4 36 74 67 53 110 27 8 126 124 102 109 123 120 74 93 95 31 48 4 88 38 20 59 39 12 31 125 29 38 119 58 48 123 106 124 92 10 99 58 35 42 19 25 55 12 108 1 15 72 47 41 93 98 120 68 46 32 33 59 78 38 12 5 21 65 94 126 115 102 17 0 29 66 95 92 4 0 72 77 4 6 109 63 75 89 27 121 28 44 91 110 26 91 48 103 15 63 82 32 62 95 72 4 34 23 98 111 125 90
21 115 108 126 18 21 63 85 121 63 96 16 40 76 80 122 63 52 36 13 73 97 26 36 103 121 56 5 75 69 116 106 21 126 8 87 95 88 70 85 113 58 29 107 39 95 114 16 40 20 49 102 114 3 106 122 70 72 77 85 118 81 78 92 73 69 20 95 19 19 24 23 15 45 103 113 2 79 80 76 55 8 33 92 77 91 90 2 88 100 69 20 117 118 29 21 83 62 48 111 41 55 107 80 71 77 92 8 62 48 50 41 79 56 73 121 77 91 101 79 116 41 29 8 26 104 55 33
33 55 57 94 101 7 79 73 94 118 43 66 22 8 120 20 34 60 44 7 110 98 23 8 11 20 22 52 77 57 40 31 34 54 77 118 124 19 8 89 122 62 50 32 46 0 44 26 104 40 50 28 59 46 17 81 25 66 86 37 29 24 63 60 54 32 94 6 113 110 32 60 45 38 45 66 51 39 16 124 71 54 47 12 125 84 88 42 115 119 54 15 103 97 22 86 59 95 23 13 34 24 48 73 93 7 30 8 9 107 14 27 7 110 74 109 46 71 36 17 79 103 40 19 99 74 8 65
58 43 56 102 46 108 50 120 74 76 92 106 7 53 21 79 101 83 104 112 12 71 82 38 85 69 124 0 14 126 81 31 44 35 24 7 41 71 0 117 106 89 57 122 52 50 48 120 55 34 121 11 107 91 63 99 50 113 61 118 125 17 76 21 0 24 6 6 57 11 28 87 55 84 110 40 84 28 120 102 67 5 108 99 56 85 115 76 112 42 10 49 25 96 110 8 30 27 90 3 93 85 66 37 47 121 73 10 70 33 116 85 0 48 48 66 72 55 66 49 29 79 96 84 27 102 56 56
15 64 41 55 36 83 37 45 92 17 38 91 52 112 115 77 79 91 12 40 13 54 6 59 83 76 93 104 77 53 25 72 29 94 2 113 123 36 26 14 95 15 36 113 50 96 71 81 29 92 126 54 9 105 18 59 81 117 38 57 40 115 20 77 42 60 122 84 41 103 35 8 114 41 126 107 9 105 123 112 67 85 81 124 26 75 114 109 4 5 87 5 25 24 52 83 96 4 36 33 70 25 84 10 94 101 32 62 21 72 55 20 6 78 119 98 101 67 12 6 99 84 59 45 109 39 45 8
102 29 50 83 48 120 65 61 56 61 82 86 2 33 126 82 55 51 17 38 83 20 52 62 94 33 11 60 24 71 25 112 111 50 92 126 69 92 53 8 3 12 63 69 105 75 73 82 2 7 53 123 97 71 19 110 39 108 30 95 34 74 10 122 67 74 58 1 23 111 7 28 75 74 115 16 62 25 107 2 83 30 83 77 44 97 122 78 118 103 117 13 73 40 64 22 37 106 7 79 126 27 106 102 87 83 97 67 58 53 37 125 99 17 6 67 65 55 85 6 76 58 14 104 103 102 99 29
56 16 41 85 75 69 83 120 27 56 88 50 24 91 67 26 110 105 3 101 32 57 87 41 31 112 123 36 22 19 21 19 121 30 109 24 44 125 94 46 107 122 32 45 83 47 110 126 67 21 4 6 10 17 5 32 80 85 23 115 78 55 44 63 91 110 7 71 20 70 15 44 40 46 4 35 46 49 99 81 83 76 38 97 89 18 93 112 22 54 124 50 46 61 38 103 115 21 78 38 33 100 36 27 83 116 95 30 57 63 7 113 43 122 5 93 0 33 71 69 99 111 6 77 9 97 63 31
76 31 115 11 110 63 5 75 72 7 87 4 107 66 117 117 40 13 63 98 37 27 66 44 80 43 59 26 4 77 95 59 110 84 102 61 15 44 99 69 71 90 1 11 106 78 73 22 58 60 31 120 70 117 42 32 7 126 30 80 48 66 58 53 117 91 29 85 100 38 72 84 21 4 74 17 24 15 38 36 6 23 24 2 45 24 62 58 87 27 57 29 118 71 48 39 21 50 69 94 93 25 3 91 102 35 94 52 58 51 94 49 19 123 121 53 64 95 102 2 22 58 63 37 76 98 53 86
33 11 44 112 25 31 117 69 107 15 99 52 39 90 104 4 17 9 98 51 27 8 38 85 88 74 31 100 114 119 21 41 43 62 13 121 92 9 66 119 17 109 44 46 19 12 34 1 68 98 46 68 97 90 9 2 88 39 36 67 112 30 24 62 81 92 44 83 19 113 28 123 102 114 113 107 37 125 91 48 37 62 71 41 107 8 118 39 47 89 45 27 125 115 32 27 86 3 98 72 49 86 40 49 68 47 35 96 74 114 112 106 16 110 75 81 25 40 100 101 35 60 46 33 105 33 95 96
6 68 123 78 124 2 8 70 50 16 81 71 86 122 6 45 108 48 81 15 125 38 3 96 34 28 118 121 56 59 0 104 108 104 122 46 31 44 9 58 95 113 2 26 68 52 49 93 77 54 79 32 95 64 51 11 120 82 108 39 75 32 25 110 66 41 53 107 104 37 46 10 111 72 59 50 59 36 16 116 17 33 66 113 123 46 5 108 10 0 44 55 8 50 73 55 110 5 119 20 124 67 79 58 40 41 8 106 60 15 125 102 1 117 22 82 42 83 31 11 107 92 86 49 42 49 126 4
70 60 64 37 21 71 114 68 109 38 71 121 102 10 45 76 80 43 41 19 12 66 86 118 110 112 1 123 42 83 65 95 108 99 76 88 83 78 111 105 122 30 108 121 85 106 120 98 104 104 11 95 111 111 54 40 102 66 51 49 105 48 54 13 105 110 26 8 94 19 90 31 85 81 58 32 56 44 111 65 21 71 5 33 125 98 14 16 24 108 124 18 103 48 39 37 0 59 31 85 93 121 13 113 46 56 115 123 26 42 92 120 123 26 111 10 9 43 1 100 35 3 56 87 64 81 126 109
9 71 37 113 107 42 13 2 34 42 84 57 111 100 113 59 46 2 17 52 33 113 9 51 52 4 89 77 65 39 116 59 119 108 88 70 98 15 9 82 60 91 65 8 27 111 75 35 99 34 118 99 43 101 71 30 45 5 86 62 76 92 85 82 90 103 22 47 15 88 123 75 120 116 79 89 123 53 63 24 30 27 83 66 2 40 48 3 40 104 23 77 88 116 86 73 43 29 41 31 4 108 125 112 65 106 56 87 110 4 52 9 54 99 117 89 52 86 74 108 52 75 51 5 59 30 2 50
23 13 1 43 15 19 55 102 39 17 19 49 78 77 50 114 66 95 98 106 48 38 13 83 108 68 49 75 59 11 89 111 0 13 59 110 76 52 50 0 107 1 99 70 13 79 96 21 16 14 21 56 98 95 43 72 53 78 19 36 84 83 65 52 7 15 52 82 106 97 69 9 90 44 101 25 6 40 83 53 79 32 5 50 76 23 113 17 85 35 99 125 37 28 28 38 8 98 103 110 56 103 39 58 126 18 2 30 7 69 59 39 62 86 45 38 62 39 36 53 19 5 108 99 62 28 70 20
82 89 51 84 21 34 101 69 39 124 112 114 95 88 19 7 40 104 1 18 83 116 19 8 63 84 75 35 15 47 67 70 67 7 95 110 106 119 52 54 49 98 117 46 63 45 19 75 41 4 88 118 112 109 107 121 79 67 73 97 118 77 59 104 18 105 14 52 94 73 50 70 57 37 119 91 38 91 95 87 33 103 51 39 49 3 26 26 126 88 25 101 50 42 58 82 51 55 114 92 102 50 34 88 107 21 5 111 58 104 86 31 86 51 105 126 118 42 105 29 41 39 62 10 94 57 44 64
15 32 49 31 54 67 13 71 104 71 108 89 98 17 71 36 78 27 91 42 10 49 9 94 119 80 16 5 43 98 20 8 123 108 18 104 92 70 61 41 79 12 113 65 28 66 83 71 124 104 56 68 96 24 20 81 104 105 97 59 85 4 100 63 5 20 96 96 72 106 30 28 21 10 76 69 32 55 29 7 116 73 31 121 5 15 46 2 25 49 120 88 63 106 114 123 10 41 72 61 63 5 113 85 7 99 38 56 3 78 112 76 61 15 69 93 47 99 102 26 106 113 15 95 27 89 91 10
19 46 1 56 123 87 17 19 96 16 87 34 46 75 113 63 66 71 100 118 8 119 9 108 56 95 53 86 31 17 106 90 30 24 69 102 41 14 61 29 1 74 118 7 47 92 63 33 114 70 6 74 49 30 68 117 101 98 41 58 49 10 43 69 31 32 49 80 1 125 6 22 98 28 90 3 52 23 91 82 110 111 46 23 84 83 41 53 49 0 79 125 47 96 2 122 67 106 98 61 33 104 102 89 88 102 56 81 94 39 84 49 64 10 99 95 67 121 34 30 78 106 51 77 86 91 1 15
74 39 56 88 2 13 12 7 14 52 61 91 86 91 20 86 54 82 18 50 0 18 105 9 101 116 59 43 100 10 92 123 85 73 19 109 65 110 103 14 57 78 94 21 82 48 5 62 120 125 88 68 3 82 61 119 73 82 99 55 107 45 77 1 18 92 23 20 17 124 13 7 113 87 7 53 33 52 67 54 125 94 40 110 6 39 92 23 75 22 24 108 96 45 91 120 123 93 43 108 30 2 22 103 118 75 120 97 66 64 11 14 42 109 26 16 62 18 60 47 65 5 79 41 16 0 23 11
94 116 87 69 0 47 81 54 52 102 117 108 19 55 82 64 64 115 100 39 64 17 57 68 88 84 105 77 102 123 41 15 31 44 96 114 2 80 88 106 101 43 112 65 13 61 114 109 116 117 102 103 91 60 53 66 3 35 5 58 12 38 87 97 86 63 115 60 52 42 68 60 121 93 45 18 37 107 45 69 36 63 98 3 65 84 10 108 35 44 24 4 117 114 47 15 74 123 58 31 21 98 107 31 108 88 25 100 104 79 71 64 32 10 119 117 85 92 27 105 32 16 19 123 110 21 2 26
96 119 99 49 48 124 10 126 36 8 66 91 73 82 81 99 56 51 90 12 52 19 102 86 103 106 123 2 47 49 53 126 39 5 13 111 117 118 47 80 123 26 58 51 99 91 46 6 77 45 122 102 80 104 108 25 17 25 72 96 103 59 80 115 33 44 33 95 99 97 20 34 75 85 59 123 42 89 88 87 66 119 20 121 31 108 76 75 87 14 15 115 12 59 122 65 40 52 42 98 17 40 79 0 84 109 14 58 71 1 69 64 92 100 112 100 100 16 20 5 52 63 45 82 29 6 83 111
64 103 112 52 108 120 36 6 61 66 91 85 105 42 105 46 18 47 99 31 43 51 31 49 79 65 63 114 105 22 108 31 63 99 56 6 72 33 60 82 18 112 117 101 105 97 3 119 57 23 19 89 87 41 74 43 80 11 78 5 44 47 12 103 5 38 1 14 14 52 7 14 94 41 101 82 99 41 35 98 96 14 21 81 11 68 78 23 62 11 21 1 82 121 38 54 6 123 32 47 105 17 124 4 33 36 71 123 83 69 110 40 22 14 13 123 47 72 108 47 116 26 105 61 111 81 44 96
122 63 77 10 68 115 87 113 55 112 25 94 24 103 42 42 44 79 61 89 104 73 0 18 7 36 72 28 125 81 90 49 109 3 46 69 74 59 59 61 89 92 60 120 98 7 111 46 67 29 73 68 46 5 91 109 39 11 34 122 99 43 18 126 106 41 124 64 60 15 16 82 28 54 116 50 42 83 0 85 94 40 77 8 4 35 96 9 58 2 10 73 75 31 74 42 12 70 68 115 100 74 14 50 4 59 64 108 33 84 69 82 122 97 100 44 12 32 23 102 111 7 123 124 41 126 84 64
44 94 11 43 12 48 62 38 81 68 77 96 92 98 90 43 66 42 34 32 83 114 9 13 7 76 8 70 86 13 1 116 56 27 103 67 25 0 87 117 99 7 40 66 75 82 35 100 3 3 72 12 102 89 90 47 90 88 106 92 99 43 96 22 110 114 59 87 10 95 51 92 79 104 62 125 114 82 103 61 42 82 25 106 85 38 67 110 118 123 88 94 49 94 37 1 43 124 60 56 23 51 95 23 82 17 35 58 27 53 10 54 54 37 92 1 114 30 48 11 1 119 110 99 55 63 13 113
19 103 88 53 7 30 122 12 63 14 84 125 13 41 42 55 77 19 103 12 116 79 6 17 6 47 62 124 54 66 32 105 52 87 96 27 39 55 54 70 80 88 115 117 73 72 83 119 61 6 5 59 75 12 48 37 10 10 82 62 39 32 32 122 100 52 90 32 36 57 108 56 54 0 119 33 42 107 48 72 66 122 100 58 19 103 41 29 91 88 13 62 26 39 92 125 91 114 107 13 30 15 27 57 58 44 108 96 104 62 111 11 94 121 119 17 89 28 104 58 102 44 41 5 112 76 29 81
67 92 22 122 57 100 22 123 15 67 19 27 63 74 15 109 52 111 50 3 104 39 57 32 95 17 96 113 49 77 116 99 34 105 81 3 96 119 115 37 119 85 102 104 90 109 63 19 87 66 99 92 54 80 22 54 47 69 65 118 37 18 92 15 4 102 58 123 30 49 51 30 81 52 59 29 72 30 95 3 95 109 83 39 57 113 95 119 97 63 41 15 111 119 48 29 68 33 58 3 120 88 65 76 75 90 51 47 23 38 0 91 105 118 91 32 103 41 37 53 105 43 17 122 6 42 100 51
89 47 67 100 21 33 70 73 59 3 4 24 101 108 24 58 23 34 115 124 19 57 126 81 104 25 114 125 67 82 42 91 25 38 41 68 69 108 60 65 118 44 79 90 44 42 125 51 63 36 112 108 77 9 91 51 116 52 60 72 70 34 88 19 92 27 92 114 17 96 18 105 22 104 18 27 83 28 125 49 113 6 75 92 83 34 96 100 104 49 88 13 27 119 75 69 8 112 99 23 73 14 82 22 90 119 59 17 52 30 21 3 55 85 88 60 70 36 29 125 54 70 82 27 54 59 12 9
53 101 105 37 58 74 22 0 10 97 113 124 64 16 37 40 43 55 36 111 26 101 5 8 2 87 76 25 111 69 92 40 41 42 98 69 99 84 47 28 46 0 43 113 18 101 38 113 126 49 33 14 117 92 121 83 72 96 70 15 122 69 86 70 8 79 99 1 113 65 4 76 54 112 114 68 72 0 11 8 88 92 59 16 28 94 76 110 87 4 96 3 72 120 43 39 117 119 27 113 60 100 84 111 31 45 80 85 1 68 115 70 53 47 96 54 21 77 100 50 68 124 43 0 10 124 51 117
120 95 9 123 50 62 26 82 46 72 90 86 73 50 110 119 87 51 125 50 67 3 3 61 58 17 80 38 90 102 55 48 104 62 45 58 45 23 3 90 95 42 113 101 38 61 91 6 31 24 126 1 105 27 38 86 53 38 116 120 106 42 102 122 81 119 93 61 21 15 54 53 85 94 10 35 115 110 95 34 105 8 70 103 67 11 32 39 108 56 28 73 97 8 73 32 109 29 88 13 42 60 125 73 49 91 14 123 38 29 51 47 27 102 84 59 116 73 96 75 26 83 84 36 2 56 82 85
76 94 33 50 101 39 43 92 20 21 124 19 24 29 7 28 42 67 95 46 105 20 115 16 28 116 96 118 107 58 123 0 88 105 125 9 51 35 94 118 78 35 90 110 39 101 104 5 94 122 8 27 97 75 94 116 38 125 12 96 19 78 29 115 81 91 43 29 21 29 107 20 93 24 42 13 58 52 43 90 78 91 87 33 35 26 15 84 97 44 48 37 7 102 64 94 94 118 35 105 10 14 58 22 44 118 31 65 107 27 93 96 79 64 48 76 65 91 40 115 75 56 96 90 102 59 1 44
91 106 20 79 52 66 104 113 16 105 110 43 99 70 115 88 114 24 6 68 14 99 125 65 41 20 5 47 81 86 103 124 79 123 102 26 64 87 49 101 56 105 102 121 110 20 111 36 116 110 105 99 126 104 37 71 81 108 45 112 29 22 68 120 31 123 89 30 104 42 19 99 19 67 55 97 41 124 44 33 33 19 114 16 110 79 38 4 87 110 74 40 14 83 52 31 81 55 101 21 106 84 37 56 108 88 71 29 64 68 85 0 37 96 47 60 83 41 56 56 11 95 1 7 12 24 102 113
22 106 53 107 15 85 118 122 51 44 43 103 36 113 51 72 123 84 6 109 60 30 44 63 75 72 108 125 100 47 77 76 115 67 120 55 93 112 9 52 14 108 75 19 71 79 54 55 41 19 69 56 81 88 80 96 51 102 5 69 96 105 16 56 66 37 7 79 60 24 20 121 122 11 88 27 40 96 38 66 52 98 13 64 121 9 18 85 61 98 20 113 18 29 122 88 65 52 71 20 48 123 81 4 97 84 111 57 62 99 53 58 0 54 20 97 16 36 11 20 103 58 102 52 24 116 65 118
9 99 100 93 53 31 0 0 112 84 117 16 76 5 1 101 90 84 68 32 22 53 3 66 7 111 55 83 6 50 71 34 59 47 42 110 35 82 60 25 126 99 32 122 52 6 107 111 69 74 6 106 55 88 113 34 75 12 108 13 36 90 49 88 16 6 87 35 58 55 86 62 36 99 96 32 97 28 59 33 75 112 103 85 16 114 69 38 98 50 58 54 123 120 35 92 96 101 77 17 106 103 68 65 59 42 45 4 98 11 121 7 111 56 26 109 73 75 16 124 0 1 80 51 72 42 52 18
4 104 80 116 95 17 102 6 35 68 97 14 89 70 117 53 71 14 116 37 93 91 80 44 15 125 56 118 111 83 92 56 101 58 86 82 58 11 91 5 49 22 44 11 10 69 118 6 20 107 3 30 125 46 14 61 44 120 112 96 9 40 100 41 82 65 27 94 23 52 78 67 53 105 89 6 103 27 14 104 78 5 23 50 119 88 29 77 39 53 69 26 24 122 75 10 118 70 105 113 82 84 78 59 109 78 58 70 37 49 106 81 48 62 73 8 93 50 110 47 126 39 69 66 31 70 105 125
7 87 9 50 88 39 48 100 115 61 12 90 72 65 5 53 111 79 57 31 12 57 70 120 76 90 51 105 20 123 122 33 106 97 59 50 106 84 27 7 99 89 85 7 31 54 105 118 70 110 0 46 84 83 61 114 22 28 17 108 118 14 33 103 19 110 63 0 114 16 21 3 85 81 22 74 11 32 33 86 59 114 41 71 26 16 25 2 93 74 13 109 74 97 120 16 46 43 96 111 106 99 78 17 105 10 58 14 31 4 23 104 123 17 67 82 6 80 74 66 118 25 64 30 29 28 39 93
98 105 13 47 55 77 56 16 63 15 37 97 119 106 61 110 9 96 88 126 69 51 30 62 10 36 74 50 39 70 116 7 38 126 94 23 107 48 115 36 97 66 126 74 109 31 39 2 39 60 112 80 72 46 24 120 92 110 80 86 91 22 101 45 119 16 85 52 68 2 30 106 77 94 117 116 84 95 89 55 125 68 5 74 46 23 25 30 121 119 18 104 34 47 5 102 87 36 33 109 87 13 73 119 58 121 33 48 90 123 16 19 35 12 21 67 22 108 37 78 4 45 53 12 63 70 84 118
90 106 113 123 71 104 124 91 45 48 92 98 58 123 70 68 85 50 44 13 85 58 61 104 118 24 29 102 2 34 50 42 124 38 58 39 54 69 106 67 119 0 118 8 43 0 103 80 35 19 58 37 71 123 8 104 10 113 37 48 29 107 92 34 96 72 77 105 73 115 102 98 52 31 13 38 94 56 48 102 7 60 55 39 94 18 11 69 118 92 31 126 72 78 71 97 51 72 98 107 105 23 117 75 122 32 17 21 86 16 39 51 22 4 92 110 70 2 3 123 93 34 99 67 7 33 43 25
105 42 25 75 18 119 65 102 16 110 120 80 106 89 54 57 37 89 94 2 87 112 74 4 25 19 85 50 87 28 9 21 26 126 89 110 56 110 15 7 79 7 93 100 3 21 60 52 99 95 70 70 40 123 16 46 30 96 73 92 36 91 4 112 105 124 5 40 17 53 53 82 30 54 6 55 63 81 118 58 90 47 113 48 100 102 43 77 17 114 96 11 117 100 75 116 24 26 117 114 83 72 82 5 95 47 50 121 71 116 7 16 7 35 113 42 8 20 52 8 75 79 70 7 113 101 9 116
89 11 46 80 7 73 34 28 80 105 124 119 34 38 49 97 61 24 110 24 115 0 40 123 110 96 66 67 2 102 90 65 125 22 27 80 116 118 98 55 31 66 46 29 16 104 25 2 98 56 50 18 5 41 1 66 40 75 121 51 67 33 40 115 49 43 124 122 88 120 13 121 71 6 48 82 4 105 86 46 51 30 43 122 24 24 105 98 110 76 84 5 0 112 33 16 100 21 100 112 57 54 23 28 37 119 25 68 17 78 84 80 36 47 102 60 43 126 16 109 30 85 27 124 95 61 109 5
23 97 79 64 10 40 96 24 81 32 28 99 95 51 31 72 52 88 73 82 11 52 4 58 24 24 83 16 88 26 74 53 17 65 65 6 71 12 85 102 14 42 91 105 62 99 41 92 74 26 12 69 88 19 1 3 108 16 115 86 8 49 85 86 86 86 96 11 17 55 27 59 108 43 35 52 119 112 11 62 41 21 85 48 57 89 49 71 43 78 110 41 23 83 18 65 40 31 0 100 81 32 91 6 18 6 93 93 2 124 14 71 29 5 14 76 119 18 40 91 96 125 76 112 80 39 30 125
51 121 1 49 21 83 4 114 115 124 53 85 23 28 53 124 101 111 92 4 52 8 71 64 68 53 89 118 39 105 81 89 6 80 52 2 13 4 116 83 24 99 118 65 101 117 86 5 88 108 29 80 17 104 50 12 112 125 44 45 10 82 82 69 82 83 78 90 10 45 110 97 16 48 120 48 21 90 103 76 90 108 80 24 46 89 107 21 14 29 39 65 82 23 69 71 12 20 19 81 63 103 11 113 79 13 92 117 57 107 59 91 75 89 72 71 43 100 125 13 102 29 110 59 26 27 110 25
114 106 42 123 36 63 39 80 90 18 32 67 6 87 59 33 1 84 66 57 18 13 75 71 23 46 19 42 63 126 19 120 53 4 68 40 18 49 29 114 76 31 91 122 62 123 74 51 21 86 44 78 117 71 52 81 41 41 76 0 90 87 81 22 73 14 39 121 0 69 117 109 114 92 53 56 47 115 91 81 79 0 114 108 14 2 98 73 66 81 55 40 62 58 120 72 107 30 120 86 5 124 107 53 65 102 96 68 24 103 98 42 91 40 70 23 46 83 58 105 94 17 4 59 70 55 15 77
14 86 13 52 57 78 68 60 77 106 59 52 75 68 55 70 98 51 121 23 8 106 96 85 0 124 110 99 35 56 54 122 64 55 23 11 45 117 45 40 7 20 59 62 60 96 42 15 41 47 29 33 66 58 6 121 71 60 105 32 68 87 121 111 18 26 109 42 62 103 38 57 64 41 23 122 50 3 103 23 106 2 19 119 75 17 110 31 85 75 115 0 25 36 82 1 3 64 119 118 84 19 63 84 29 111 104 47 125 94 69 6 27 54 43 77 84 73 58 17 118 108 68 47 76 118 69 32
124 50 97 101 19 96 70 16 63 118 2 21 54 84 69 96 9 64 33 117 33 67 71 23 118 119 66 19 26 66 82 51 36 44 43 45 23 25 63 64 49 15 59 102 125 54 84 120 34 37 12 14 97 104 71 13 25 21 55 75 66 66 5 39 38 18 2 68 81 69 66 24 99 28 50 10 113 104 125 10 39 85 12 88 64 88 31 41 13 113 110 40 71 79 124 126 35 36 49 40 85 14 100 30 43 73 83 56 8 76 36 27 97 89 6 99 104 25 56 69 125 33 9 4 83 81 106 118
90 88 76 74 85 34 81 57 52 39 62 1 2 118 49 28 4 104 12 86 21 56 57 75 16 124 55 93 99 83 31 103 105 126 62 9 108 43 8 90 76 45 46 23 85 19 86 56 126 125 122 2 107 26 99 31 87 90 67 31 7 28 21 41 108 67 94 83 101 47 115 31 16 25 24 49 45 55 122 114 54 124 29 117 106 115 13 18 21 118 30 125 119 73 87 0 47 21 114 103 37 95 66 51 5 27 34 7 36 26 15 23 125 113 24 46 4 117 5 44 89 65 103 102 113 34 45 15
121 17 35 52 75 88 13 1 52 53 66 90 52 48 26 86 97 15 73 37 99 43 31 8 28 107 11 93 110 45 33 29 63 26 115 21 80 107 64 35 77 17 55 29 126 45 62 64 40 116 36 97 56 41 25 120 113 36 43 48 25 54 5 36 124 125 115 11 117 72 97 48 51 15 73 87 41 88 74 8 60 40 47 91 110 50 68 29 22 107 71 62 84 40 21 78 45 70 22 23 70 18 40 36 95 12 81 44 98 63 103 116 122 62 32 122 12 106 98 52 81 111 60 125 90 90 6 75
14 57 70 99 62 111 27 109 69 55 47 79 68 116 9 43 50 103 80 88 89 122 100 27 124 11 22 48 114 88 72 47 81 102 105 41 28 104 57 91 123 29 31 45 112 51 4 74 5 24 8 15 9 108 85 84 88 81 77 108 75 49 6 58 11 6 18 122 59 59 3 93 59 22 69 94 100 24 78 56 118 11 64 87 64 4 94 7 10 22 96 33 113 84 78 94 108 111 40 54 125 125 122 84 37 120 17 49 122 49 124 43 34 68 78 67 72 41 26 75 14 30 93 29 107 11 73 120
101 98 24 22 61 122 56 73 117 113 41 53 74 19 118 89 47 41 43 19 116 52 9 86 30 97 79 108 33 76 118 20 62 5 28 93 51 27 117 63 50 94 126 95 10 99 88 34 20 76 24 123 87 100 100 5 1 108 102 110 77 6 86 47 93 26 105 12 80 119 49 42 0 56 44 78 1 48 53 120 52 123 43 115 101 105 77 4 90 50 13 114 85 20 41 22 114 69 23 10 125 42 91 86 42 67 112 20 5 91 16 106 68 123 60 37 126 37 36 101 22 36 121 21 91 114 73 69
40 84 65 24 84 65 55 72 4 46 102 75 5 33 114 116 38 91 43 85 110 46 4 97 62 35 60 28 13 95 111 59 104 76 50 39 28 25 74 72 53 52 115 23 90 106 58 79 5 6 101 8 0 55 84 34 3 32 83 77 81 47 106 64 73 76 64 97 16 72 26 54 29 80 0 8 123 75 57 71 111 58 60 117 104 75 64 123 45 16 30 74 95 61 102 106 49 32 58 42 24 113 7 0 22 107 48 85 68 94 62 19 44 108 21 82 119 89 12 46 34 112 45 73 91 47 100 104
52 11 73 47 120 67 4 116 109 96 21 113 15 19 110 41 126 110 20 60 12 17 73 122 17 106 103 29 42 60 41 51 78 106 112 93 110 88 6 118 109 17 45 96 95 95 9 100 77 118 53 16 21 106 14 84 113 30 1 79 6 15 79 79 14 108 96 2 33 77 9 96 64 94 72 46 35 46 45 10 54 51 75 122 58 17 96 26 110 16 33 108 54 60 86 102 51 113 70 55 11 122 36 43 9 58 3 68 76 115 89 82 120 21 112 119 125 26 43 39 93 24 36 17 24 39 10 48
111 46 18 13 39 56 82 40 95 107 57 99 62 39 104 21 27 67 98 36 102 7 105 15 12 80 99 107 77 114 66 86 124 43 83 124 26 74 66 31 80 112 80 93 39 40 46 85 32 2 81 46 99 65 25 21 29 30 30 32 74 108 109 112 98 46 93 69 71 89 64 89 112 24 102 3 9 31 110 5 43 98 3 48 104 44 95 98 23 36 75 57 62 28 81 50 112 40 3 19 37 54 93 61 120 65 77 104 121 122 95 64 22 74 5 18 98 107 16 40 86 83 42 63 16 124 87 72
49 2 113 24 25 9 65 39 49 87 33 35 6 14 7 125 64 123 31 11 125 40 97 115 79 75 108 32 103 96 99 33 125 42 126 79 112 7 101 3 9 35 70 82 49 113 40 69 46 21 98 33 9 18 67 23 103 47 79 95 115 85 2 96 74 95 112 109 102 77 41 84 97 31 90 87 120 96 1 126 24 105 63 28 84 32 113 52 38 92 120 9 85 89 77 17 56 8 40 120 81 27 105 44 123 69 61 48 120 117 59 96 1 41 29 0 90 119 83 12 67 100 107 94 34 22 5 115
88 11 21 92 37 0 84 106 2 44 18 23 104 30 60 17 113 31 92 105 51 34 8 27 66 126 79 70 105 104 56 120 82 66 105 100 19 21 28 120 48 45 62 26 19 99 104 45 90 90 32 93 79 75 105 98 45 20 21 88 52 37 124 73 108 122 100 67 21 41 57 16 87 112 62 111 24 53 11 50 101 101 87 20 79 114 77 50 2 106 71 100 16 11 42 115 14 95 84 31 91 15 72 119 7 57 11 77 31 22 126 115 69 14 56 57 83 14 33 71 88 113 51 63 107 48 79 10
90 23 11 75 116 123 64 56 124 101 66 105 78 79 48 85 36 53 2 104 111 36 67 101 44 114 102 10 43 32 77 29 87 107 46 38 61 102 40 110 33 112 70 81 13 19 31 35 35 77 21 99 15 33 117 39 30 98 90 69 49 103 110 28 99 2 79 14 122 52 0 18 33 124 12 41 29 96 92 16 50 52 67 12 31 26 119 88 46 1 54 76 89 29 118 73 109 20 82 49 88 76 15 109 111 13 65 29 4 80 92 91 49 37 3 115 26 1 59 126 3 90 59 79 2 30 65 56
0 16 63 38 24 114 42 75 123 97 76 116 12 120 101 28 115 98 6 107 116 96 75 27 1 26 12 39 120 42 76 47 64 41 104 40 26 5 22 110 62 66 72 12 66 73 25 53 23 45 104 61 81 60 38 49 13 113 3 117 107 21 123 27 29 101 55 110 64 117 16 19 97 116 71 25 4 86 69 73 113 72 2 18 57 103 85 75 9 37 20 124 94 3 36 101 54 120 13 63 4 19 64 86 56 81 44 4 73 57 25 54 116 46 120 126 114 88 94 57 61 108 47 14 41 69 26 115
72 96 54 12 107 76 111 104 86 75 1 22 100 98 102 94 25 126 84 57 121 71 95 124 37 113 106 61 81 63 105 70 50 34 36 32 16 97 19 63 110 33 12 36 40 73 83 34 108 87 6 8 86 23 110 1 76 63 85 61 115 60 10 57 12 56 105 112 47 18 68 27 111 103 52 62 125 8 116 32 18 39 15 27 116 59 7 49 70 1 97 23 80 41 121 12 44 93 79 92 109 97 100 36 81 105 32 4 12 109 81 118 35 58 5 106 10 39 26 79 120 90 34 70 4 75 71 94
2 30 14 77 26 94 40 17 120 116 40 102 120 27 40 69 117 34 89 91 36 123 34 120 80 54 84 90 104 122 33 97 94 16 34 26 94 61 114 29 116 32 43 107 34 55 26 122 15 85 42 121 8 100 125 118 52 70 1 97 14 9 37 24 4 38 27 23 92 88 54 101 1 71 12 59 3 75 102 120 26 1 84 98 89 120 54 29 35 32 98 30 111 50 123 25 69 108 118 39 25 44 106 17 108 90 22 98 84 47 51 40 78 104 38 81 92 62 94 81 16 112 102 117 43 23 37 6
117 93 49 57 9 48 72 77 125 118 28 26 51 82 62 23 7 48 6 34 59 108 32 98 17 55 28 29 10 60 41 67 85 75 64 14 18 72 66 10 14 11 81 125 120 108 49 1 93 118 116 50 46 113 50 105 87 122 84 0 113 40 1 74 75 77 38 61 24 73 43 6 101 82 109 108 69 113 45 76 118 86 124 102 18 69 80 32 58 41 103 2 84 44 19 113 74 54 40 97 111 27 54 1 94 106 98 37 15 110 2 123 21 105 80 7 30 14 99 77 37 42 11 105 41 114 5 43
118 3 49 65 77 96 81 4 52 101 77 63 50 1 33 125 92 55 110 23 29 63 19 97 75 8 85 113 43 102 53 92 68 107 26 82 12 29 36 33 60 90 90 47 115 91 60 18 101 21 24 21 84 0 112 62 12 53 33 57 28 26 120 68 60 24 124 57 15 9 51 109 97 19 125 87 118 112 94 77 32 28 1 46 84 115 93 117 36 31 86 66 38 74 48 90 41 75 71 44 77 66 63 120 64 24 123 69 92 117 8 35 101 12 1 101 111 31 47 90 67 48 37 0 42 110 83 46
29 4 126 90 45 58 99 44 96 23 10 31 66 68 46 72 19 62 109 94 17 55 75 24 70 17 48 85 48 0 108 66 84 86 38 110 3 43 81 2 97 81 122 2 78 70 48 96 0 12 15 32 64 110 100 30 20 99 16 65 58 11 17 126 84 2 31 62 14 75 2 56 120 63 41 4 47 100 40 44 88 31 16 7 55 49 62 125 101 14 120 81 88 120 61 48 14 79 86 60 39 44 23 52 82 62 42 60 75 92 88 44 68 53 56 125 111 80 126 57 4 114 33 91 109 101 121 101
43 125 20 68 121 3 118 63 78 58 62 118 47 124 122 56 78 39 19 90 51 29 78 121 13 10 111 31 51 41 115 114 8 97 72 21 115 63 91 15 92 121 43 103 69 126 47 25 116 114 40 48 111 20 43 87 19 66 84 105 99 52 90 92 6 119 107 32 26 12 95 38 79 8 64 0 1 25 52 0 0 10 115 38 41 80 68 69 103 32 97 90 112 49 91 120 92 68 115 28 121 83 8 15 124 114 3 27 114 108 40 46 99 26 104 47 83 27 52 25 7 9 85 50 16 27 89 120
63 56 115 18 104 0 110 5 105 25 58 84 63 95 92 39 13 68 82 120 45 7 23 29 23 54 45 8 40 35 2 57 33 97 122 98 5 114 83 72 113 6 88 92 109 92 59 50 50 64 68 61 49 107 54 1 74 36 60 107 42 86 85 8 69 63 83 31 4 77 16 45 86 123 99 51 120 98 83 97 39 108 8 49 83 110 102 31 70 3 112 8 70 86 75 19 48 86 79 5 109 29 67 75 93 90 97 39 18 100 64 116 80 122 30 95 45 37 59 58 85 16 78 30 63 6 116 99
62 67 102 101 82 21 39 55 102 50 85 58 14 62 34 30 12 14 67 62 24 22 66 119 6 114 72 7 1 69 109 53 101 74 1 60 91 35 57 101 32 31 76 79 84 25 37 45 77 60 120 104 90 104 15 55 28 113 103 126 106 90 84 112 44 64 78 9 88 102 11 42 111 63 0 22 69 47 105 66 36 38 43 123 19 8 68 23 106 37 7 22 15 93 37 27 47 53 90 50 93 19 66 73 61 114 9 84 65 32 23 84 125 119 107 114 14 39 49 122 37 101 43 38 41 122 54 31
13 47 120 32 107 77 36 5 24 120 70 14 78 45 36 118 86 14 87 17 101 25 6 56 122 50 42 66 11 55 116 39 4 28 50 103 51 116 31 64 60 23 120 28 63 66 46 121 67 5 10 24 119 22 121 2 98 34 35 77 84 25 57 120 55 107 2 32 38 32 112 123 64 103 78 46 22 100 56 89 82 100 20 10 92 121 118 110 91 107 75 42 120 97 17 0 62 78 122 99 97 108 68 94 36 19 37 126 60 14 2 98 22 73 17 114 11 110 60 101 45 3 114 46 70 120 114 94
102 32 117 7 61 87 53 41 75 86 41 27 42 72 122 70 15 68 42 16 93 109 54 86 56 39 79 82 107 76 109 1 20 110 107 43 113 23 116 56 78 56 92 83 123 86 26 33 102 59 19 73 21 87 17 48 21 34 106 5 23 111 66 89 101 110 89 26 96 23 35 113 64 72 103 88 50 55 63 66 122 4 59 121 12 71 93 11 21 21 52 23 117 22 25 23 117 65 120 65 51 116 5 3 66 5 124 81 60 92 107 54 81 84 84 91 126 39 93 64 71 37 28 61 98 105 4 94
40 89 6 54 39 8 58 75 115 22 77 24 71 85 4 121 6 111 16 12 88 46 29 4 36 114 94 54 63 73 99 106 97 125 60 99 18 60 25 61 104 95 37 94 54 14 120 77 0 115 69 17 70 68 35 69 54 65 42 58 55 57 85 67 23 88 15 116 16 14 86 42 58 36 111 92 5 46 14 122 71 62 10 108 54 4 111 70 67 8 78 121 74 29 11 55 51 11 79 70 118 60 35 43 109 95 26 44 91 27 49 126 9 28 95 50 120 85 64 71 22 121 39 126 74 107 55 78
56 3 5 121 91 125 67 77 55 73 120 50 121 56 118 73 68 8 92 46 0 113 28 21 60 50 30 24 0 116 2 124 27 35 93 70 97 52 23 9 107 8 53 119 88 11 89 57 71 60 52 36 22 41 94 0 49 112 20 8 74 66 16 78 118 125 34 1 95 89 34 111 71 30 11 64 31 0 122 25 84 41 108 2 43 116 66 110 7 97 98 105 57 45 2 5 109 16 123 84 11 64 28 37 21 87 72 109 27 30 19 69 121 68 60 66 33 17 15 120 32 86 17 11 72 124 110 59
51 51 107 107 113 117 105 68 125 30 58 30 79 126 55 50 99 120 122 73 52 126 71 101 56 45 50 48 116 97 87 107 103 113 86 81 34 29 7 3 19 43 96 106 87 82 102 42 103 82 64 55 16 92 63 49 0 104 109 76 2 45 114 122 32 45 31 31 23 7 11 52 33 82 74 107 64 102 17 105 103 52 17 10 56 111 79 75 120 13 58 56 73 115 17 0 100 56 64 13 71 40 101 73 79 93 107 59 111 0 38 54 120 11 35 36 110 64 74 13 47 126 42 98 103 100 17 72
75 32 40 89 72 61 111 21 67 81 104 53 9 60 13 90 66 107 19 108 16 1 116 4 34 30 50 4 86 81 3 88 40 110 104 44 0 84 117 21 88 47 28 55 104 76 125 42 82 60 11 17 106 0 122 124 64 99 90 52 46 27 4 93 56 94 13 20 70 16 30 45 78 64 125 89 35 69 96 19 107 42 107 13 66 13 17 15 22 84 2 66 94 4 122 76 110 87 77 1 104 0 119 25 49 15 116 66 17 15 54 85 98 107 43 98 28 122 123 113 39 89 84 75 20 83 17 90
76 21 55 83 6 19 42 69 122 106 92 73 7 46 73 92 10 79 47 116 86 6 8 102 124 76 121 14 74 97 43 116 57 93 76 70 87 9 55 20 71 61 51 13 113 4 66 89 105 100 44 91 31 2 119 96 93 3 11 90 101 88 118 59 40 114 85 46 31 59 77 68 29 96 121 50 59 61 8 42 88 105 119 93 25 74 24 22 50 95 84 115 55 92 102 125 68 19 45 0 56 25 100 103 0 122 106 38 108 97 15 60 60 29 1 18 60 105 17 97 7 60 52 5 10 65 2 112
40 48 36 12 99 93 100 110 50 118 38 65 52 80 59 119 52 24 56 47 63 66 77 17 70 56 66 29 108 126 110 73 34 57 64 88 13 102 11 31 5 0 93 87 48 99 7 23 105 22 113 106 43 106 100 23 26 1 124 82 94 97 23 109 40 112 14 101 32 67 78 86 60 6 43 23 9 2 64 123 117 17 6 112 2 35 47 97 35 13 113 34 70 3 21 84 94 66 1 98 93 35 51 49 10 62 94 39 24 21 98 5 114 113 17 124 5 6 17 27 121 78 112 67 29 69 14 105
118 118 59 67 4 37 106 89 65 94 99 51 99 64 7 14 63 95 75 2 85 19 59 36 84 89 84 120 72 123 80 6 48 108 70 18 118 34 91 110 36 27 92 118 14 13 88 82 88 57 96 97 117 10 85 56 95 62 62 99 115 9 101 69 122 73 17 0 71 99 51 18 4 71 32 15 59 17 6 98 103 46 111 60 14 110 107 44 21 85 82 112 71 84 50 75 1 7 14 52 75 91 111 42 19 49 116 65 97 79 81 114 111 22 57 31 81 30 49 46 61 31 83 75 15 15 95 39
4 37 20 110 57 12 65 121 122 84 1 88 68 108 59 61 88 43 22 95 75 77 60 17 68 123 13 62 8 102 73 98 36 78 33 8 79 76 37 32 22 0 45 118 21 14 96 81 101 32 5 102 42 71 97 64 91 108 87 86 91 27 27 102 8 7 42 93 51 51 79 62 65 58 5 85 84 26 50 39 10 62 25 96 85 66 33 77 37 19 34 56 47 4 123 70 119 12 43 65 78 50 71 20 69 9 113 24 92 64 77 65 124 25 98 22 66 100 98 88 81 54 64 9 48 84 77 98
62 98 117 85 27 124 52 67 47 82 34 86 86 55 17 106 17 88 62 45 23 29 40 41 57 9 33 66 114 95 67 119 54 34 120 78 23 13 35 37 110 20 78 41 23 95 118 120 28 76 96 60 48 1 4 8 94 98 94 125 106 126 28 8 45 43 62 32 46 11 84 106 72 117 120 43 81 22 27 108 30 66 23 107 29 80 35 11 5 46 91 88 28 117 95 39 23 117 59 97 104 112 111 20 64 43 115 72 40 44 50 102 85 110 87 58 112 56 46 50 125 111 103 108 109 54 105 56
113 124 51 93 121 64 46 80 9 28 84 125 113 48 105 4 107 99 84 35 53 112 120 117 39 94 88 12 70 44 36 112 95 96 98 117 17 15 64 6 16 6 39 101 115 34 10 8 76 106 89 84 52 50 91 91 44 84 22 126 11 5 19 90 73 65 18 115 125 12 76 103 100 41 50 37 72 65 61 45 66 25 72 20 52 73 100 42 62 120 58 104 99 74 101 13 120 42 47 122 95 65 12 120 52 58 41 65 110 4 1 99 86 83 107 32 99 45 51 113 59 18 84 41 126 7 119 36
125 113 80 58 13 34 57 39 124 124 52 44 14 85 32 120 48 20 65 51 112 78 13 22 122 51 18 88 65 46 84 124 17 26 5 2 3 58 115 80 58 7 15 88 99 119 126 19 10 49 47 7 31 89 112 105 32 35 106 69 16 61 60 101 78 10 5 69 125 124 63 126 112 17 33 11 92 25 32 27 81 26 65 119 42 125 58 90 25 5 126 103 112 4 119 37 64 26 96 109 42 96 60 28 38 3 51 60 117 58 25 1 20 125 69 6 57 14 110 7 26 45 14 29 57 82 119 86
115 96 48 85 54 17 68 25 24 83 86 84 55 107 70 40 93 97 88 113 79 96 99 3 92 21 67 102 28 42 62 96 16 68 117 108 81 41 126 105 126 49 118 60 85 93 96 95 120 13 0 117 104 87 13 40 111 107 94 101 125 59 11 125 109 88 114 113 47 118 101 67 19 20 40 42 117 95 41 105 75 94 40 58 107 36 82 43 110 120 34 79 17 89 53 125 125 85 74 66 23 103 28 123 83 43 89 76 88 92 19 22 66 30 103 66 34 60 98 92 122 61 99 12 70 61 96 94
0 99 65 37 86 102 60 40 110 38 117 95 24 87 10 24 103 96 71 117 63 70 63 42 89 44 43 123 40 110 11 50 104 96 50 112 125 41 20 69 81 68 96 11 104 19 90 57 89 106 89 82 95 49 76 111 18 50 20 32 113 73 22 5 122 24 10 109 60 110 82 102 55 120 61 6 18 7 65 89 43 49 89 109 48 101 117 89 70 36 12 94 117 73 90 105 1 52 102 9 50 65 121 33 8 119 3 80 35 49 94 88 24 13 53 100 115 27 8 49 50 104 112 40 121 83 69 57
106 25 115 91 113 43 28 18 48 88 54 60 96 93 52 1 88 72 20 23 81 41 52 22 6 78 6 4 30 35 52 97 3 80 111 109 66 85 75 39 63 70 25 55 75 18 65 72 24 96 3 112 63 23 28 115 67 85 47 46 10 100 101 0 41 3 80 47 46 107 88 26 121 27 8 8 96 101 113 24 101 35 71 92 11 84 82 69 45 21 98 15 94 57 122 22 22 108 71 81 19 59 54 125 88 38 30 63 30 16 38 84 85 107 52 69 38 14 60 98 48 4 39 115 67 64 63 69
89 49 31 79 28 93 29 56 4 17 21 36 17 36 41 104 114 71 63 121 88 37 70 100 46 58 34 65 115 91 63 111 89 121 77 62 121 59 100 100 50 79 92 105 53 53 52 98 63 113 37 69 110 79 40 118 106 125 54 34 120 4 101 49 5 75 22 115 77 18 40 83 43 81 103 81 47 94 19 89 0 39 63 65 3 76 76 25 45 38 75 120 32 71 108 68 4 8 44 24 95 28 62 87 96 81 85 57 58 27 106 21 19 69 116 34 40 82 32 99 12 41 97 77 122 2 105 71
123 89 9 84 103 113 99 19 15 49 38 29 15 116 35 95 64 68 11 84 122 53 16 49 68 7 52 62 29 54 44 33 73 75 70 70 33 119 49 87 124 60 115 116 67 29 78 101 109 58 67 73 46 71 44 14 69 6 100 78 51 75 107 30 121 10 54 106 20 71 64 6 73 34 39 76 0 1 15 73 31 67 18 100 7 115 44 62 75 70 39 101 113 41 105 13 68 69 64 125 70 71 117 31 80 13 14 51 119 58 126 90 118 82 11 55 12 75 28 40 67 88 32 84 89 64 7 2
13 44 120 90 108 43 115 14 85 89 54 35 32 74 98 104 74 123 112 1 18 9 54 58 103 6 43 114 96 47 109 52 78 7 6 107 33 55 69 52 100 19 94 2 62 39 115 27 30 33 26 18 114 35 94 71 60 40 84 0 94 45 80 123 82 24 42 74 64 109 31 28 94 70 54 52 27 101 33 73 54 62 118 47 39 92 26 93 116 69 16 116 50 41 79 121 82 20 96 64 85 98 123 65 88 2 37 59 29 39 77 98 1 35 116 124 85 78 27 31 76 12 87 21 122 121 75 72
49 43 108 61 2 41 22 13 37 124 52 16 88 72 67 7 51 109 78 45 24 36 56 91 52 46 9 38 101 91 0 115 6 108 66 22 2 30 22 91 85 31 39 70 1 53 112 121 61 65 3 41 70 86 63 110 16 62 110 44 33 122 36 20 42 108 19 31 53 60 98 13 123 87 46 94 90 69 9 42 124 121 98 83 103 100 57 109 94 82 69 17 99 116 67 70 122 54 89 3 58 124 17 102 106 49 119 105 23 16 98 115 101 61 63 122 86 88 74 31 0 31 58 21 28 120 107 112
33 42 49 18 115 79 18 110 23 67 112 75 111 99 121 18 40 85 21 50 63 95 99 25 23 58 19 45 114 48 87 7 71 88 106 109 106 93 101 53 45 58 112 64 11 36 118 91 69 32 5 21 22 14 19 68 96 80 42 29 17 3 111 121 67 50 5 108 104 41 124 2 90 102 14 44 4 75 41 93 60 38 102 40 54 14 31 89 35 125 52 10 42 101 103 122 94 99 65 80 86 39 18 34 1 88 25 30 56 105 116 39 77 22 117 8 125 73 60 10 3 39 26 55 83 25 53 31
89 63 46 119 48 29 123 82 110 42 84 118 82 111 54 64 22 9 121 95 4 99 86 55 9 46 125 4 87 11 54 58 106 101 86 105 82 109 89 0 119 54 73 22 103 35 100 19 121 57 24 119 55 60 102 36 101 98 93 28 119 22 89 67 109 36 8 10 96 83 80 111 20 116 1 4 40 28 124 14 30 16 36 22 5 55 108 40 106 126 11 63 84 100 30 71 51 2 51 74 115 61 92 42 13 68 121 83 17 58 75 111 13 74 41 27 37 79 37 121 24 30 108 34 23 89 36 95
89 49 4 84 56 12 126 124 109 63 0 73 45 116 105 114 96 86 69 40 118 73 92 4 33 109 73 47 35 5 56 64 110 75 98 35 85 103 114 72 91 47 8 91 32 78 117 86 44 84 21 6 100 0 13 36 125 81 40 102 65 70 56 1 110 16 104 63 19 71 96 2 78 23 104 15 85 126 69 18 9 56 91 104 90 75 95 20 86 11 70 21 58 80 64 116 35 30 113 39 65 119 51 125 23 64 25 15 99 47 47 115 121 11 119 28 111 123 36 37 9 113 95 89 63 118 23 63
47 28 94 70 75 120 110 86 79 68 14 9 45 82 86 123 28 16 125 82 67 111 106 86 4 19 92 93 96 95 97 104 59 107 118 36 86 55 69 70 19 22 69 69 42 87 50 17 66 98 24 81 12 18 4 89 99 68 11 71 0 12 9 42 52 123 73 96 111 66 95 68 68 22 9 91 0 58 121 55 11 34 9 91 49 56 25 80 105 31 83 87 90 13 13 20 121 77 45 45 52 32 58 120 123 1 73 43 91 45 104 33 37 110 27 125 121 82 47 55 66 75 124 120 13 24 67 10
84 55 62 29 103 37 106 105 7 34 50 60 104 64 18 77 95 106 51 10 119 98 118 48 109 12 80 80 56 98 90 35 103 72 7 102 116 79 39 28 7 116 37 85 97 8 31 39 73 33 112 98 25 123 38 40 92 118 43 81 72 25 81 121 74 126 110 78 98 24 59 91 75 13 65 38 83 21 13 35 45 53 53 48 68 78 120 110 16 48 7 51 24 70 117 102 63 7 41 39 93 119 20 79 68 55 100 41 59 108 108 49 113 6 112 123 99 83 80 118 80 57 49 109 45 84 97 52
59 19 24 50 17 50 44 56 97 92 52 72 66 78 92 61 74 19 108 25 41 109 18 20 116 97 64 121 58 114 10 67 12 102 26 122 109 99 67 37 108 101 94 22 66 59 67 0 80 101 85 46 61 109 112 103 68 14 119 58 1 31 46 52 120 6 110 100 124 25 3 12 80 112 44 112 97 25 25 7 27 5 97 115 5 13 26 123 17 110 15 116 88 19 126 109 45 9 17 67 77 52 86 74 80 61 47 69 103 70 51 94 6 34 29 46 116 50 59 18 68 34 74 94 17 50 108 75
100 51 53 120 45 57 7 34 81 2 78 9 52 107 60 59 93 27 18 39 38 13 0 43 3 121 123 32 53 61 126 17 79 53 96 31 89 70 63 18 54 89 108 45 39 32 3 81 15 12 13 38 93 66 106 2 109 69 99 68 116 13 81 23 115 107 88 100 108 2 62 120 27 84 46 111 122 53 103 48 71 108 60 95 38 100 47 67 32 121 63 56 64 101 95 64 4 77 117 3 8 108 48 19 34 80 114 7 125 68 100 16 41 41 41 80 47 79 65 83 124 112 5 73 106 56 22 86
114 34 83 25 20 101 66 87 38 19 16 117 85 103 16 46 96 4 101 83 73 108 5 56 1 19 45 74 66 60 76 122 8 81 119 29 88 63 90 25 53 53 33 77 64 18 19 95 101 49 75 94 51 76 3 46 37 72 91 120 19 106 88 35 125 61 19 91 97 2 123 121 29 99 78 79 21 17 87 53 48 35 120 111 116 22 37 29 63 18 75 0 54 19 91 4 62 112 85 58 119 89 101 126 86 102 124 48 12 108 33 57 78 30 55 99 96 86 29 69 12 6 111 83 65 120 35 34
124 87 108 101 75 23 17 111 2 68 23 102 7 25 40 19 67 48 49 19 117 13 120 8 41 79 83 66 22 7 43 30 68 90 1 25 102 21 53 93 89 14 71 20 14 36 39 77 50 40 124 21 90 18 8 52 46 77 71 126 105 114 101 10 3 23 29 42 14 24 60 29 42 31 1 47 1 22 45 113 90 125 59 111 70 90 89 39 52 55 63 85 120 73 72 31 12 70 71 67 57 103 37 112 22 16 8 5 121 124 99 26 124 50 0 113 99 77 77 91 65 2 101 76 27 103 22 121
15 84 90 57 113 10 72 42 23 35 70 100 93 58 57 105 57 17 85 95 100 52 89 122 104 66 13 1 50 31 21 63 83 8 0 63 34 37 94 96 4 58 72 116 42 77 4 63 122 118 121 6 125 3 64 95 116 30 87 11 75 84 125 15 50 56 65 99 90 99 87 104 26 12 36 29 6 5 35 72 31 53 27 33 18 118 0 5 113 0 56 75 50 70 126 125 85 10 16 76 1 87 1 76 18 50 43 57 33 71 82 24 92 72 58 62 7 3 15 84 97 90 110 75 94 0 90 64
118 31 10 50 97 52 111 38 119 91 96 96 57 25 13 25 108 67 79 110 2 80 57 92 59 45 42 29 9 97 100 72 89 14 98 69 13 122 45 98 101 64 45 54 14 5 53 18 41 43 41 50 18 85 103 10 119 39 112 118 49 27 83 25 124 103 61 48 73 18 17 100 24 125 41 99 57 21 13 91 52 86 30 40 38 58 34 0 89 35 99 101 91 79 55 67 32 60 72 104 25 68 120 27 51 64 3 55 21 1 46 69 37 99 95 62 81 106 111 119 84 38 108 88 100 72 78 60
77 4 17 81 84 125 11 17 7 27 63 72 126 42 91 51 41 68 82 25 52 68 106 11 59 69 58 117 87 112 70 59 114 85 45 105 84 63 111 26 42 57 113 121 37 105 58 94 50 78 88 19 50 32 57 56 109 76 96 114 78 20 89 68 15 114 120 21 66 94 66 58 68 109 56 23 91 32 30 32 81 115 30 12 18 41 85 115 7 19 113 33 67 70 56 7 45 3 37 48 10 13 57 13 65 66 95 9 62 101 6 117 79 13 121 32 110 39 45 25 54 11 92 10 107 32 99 21
82 35 90 72 94 79 40 39 114 76 45 21 51 13 118 64 120 40 103 82 110 115 87 66 116 116 109 84 124 32 117 84 104 13 0 63 23 31 91 72 24 85 107 21 71 90 78 114 22 70 54 88 117 43 72 83 114 20 96 91 65 79 67 44 119 106 46 25 14 113 125 63 88 111 84 86 104 98 64 57 55 35 71 118 53 87 72 109 47 22 4 19 12 91 108 62 90 47 82 50 39 93 83 51 89 114 63 119 103 74 25 118 11 42 64 107 100 9 119 113 17 119 22 20 50 103 115 94
14 48 88 90 58 93 46 32 46 58 22 62 56 120 56 111 63 4 9 71 79 34 34 118 67 70 93 29 120 11 84 83 14 2 40 91 93 97 89 58 36 1 42 2 69 6 8 54 96 30 69 26 113 93 76 60 97 32 9 65 73 90 61 65 120 53 21 51 125 67 72 43 59 74 52 76 18 94 123 37 11 87 64 22 49 80 28 81 88 47 78 78 0 5 8 22 23 3 64 126 109 36 51 122 12 7 69 122 28 75 38 112 68 94 51 22 97 52 126 45 73 88 47 31 63 31 96 29
95 53 23 78 43 4 51 87 62 119 18 96 22 99 11 85 126 101 2 78 41 72 100 21 64 46 48 113 106 16 80 65 80 67 72 68 125 52 56 10 38 114 126 78 88 80 74 63 62 68 118 114 98 114 75 90 35 59 109 85 122 118 16 52 110 70 85 114 117 31 40 12 103 98 9 6 72 95 105 126 113 32 10 59 45 66 4 95 15 64 25 13 20 74 15 62 19 85 30 108 71 94 35 92 107 21 42 39 81 49 122 50 82 103 50 14 43 34 125 79 106 0 86 54 85 29 106 21
72 21 0 76 13 93 52 5 35 96 8 109 110 104 116 86 60 61 15 50 72 79 122 22 91 121 31 39 61 113 28 96 61 3 79 25 6 102 122 62 85 44 118 56 63 101 111 81 120 95 121 49 62 37 20 61 88 78 82 23 68 16 74 75 83 2 99 62 88 111 88 31 21 43 98 34 68 81 106 55 123 15 42 3 32 35 55 8 123 57 100 66 26 95 46 67 111 79 48 2 55 44 76 42 36 111 38 75 73 125 62 49 112 4 79 17 17 78 53 53 103 95 49 107 27 49 42 46
45 110 0 30 12 66 23 85 84 32 60 44 15 14 28 119 40 111 105 76 84 125 97 40 89 58 84 123 120 35 118 94 21 85 43 54 114 13 72 42 60 118 73 124 56 76 94 59 102 60 74 70 90 123 72 61 105 88 102 0 124 103 51 121 98 90 75 15 126 60 31 113 84 118 7 93 94 55 101 27 65 8 102 115 23 70 80 124 30 19 1 96 23 17 71 105 29 57 77 80 113 32 119 113 72 35 21 4 63 86 35 110 19 87 111 41 13 91 118 78 113 82 7 115 96 49 99 86
77 32 76 40 96 15 106 7 110 3 113 37 69 47 73 107 53 99 3 29 9 49 96 67 14 99 103 51 106 3 104 107 20 101 20 13 69 102 107 67 44 113 113 109 28 111 59 113 14 61 55 65 10 30 119 20 99 35 113 39 86 83 23 34 33 3 41 27 34 103 124 4 9 111 41 98 26 120 23 103 28 60 25 3 9 110 16 105 118 50 72 113 102 125 19 120 122 34 36 93 84 93 49 63 125 107 108 92 87 68 8 46 17 121 113 26 46 33 64 116 28 59 58 9 115 9 0 48
114 6 93 62 40 118 80 92 124 72 110 62 104 56 61 114 69 81 44 31 52 86 6 36 107 122 0 54 77 63 28 16 27 112 60 125 93 120 2 18 13 105 86 66 64 15 25 71 106 14 115 15 90 120 112 65 6 94 8 33 124 57 86 122 106 77 47 36 80 31 3 35 38 29 80 6 74 30 74 59 48 99 57 108 87 78 26 51 66 8 121 121 37 16 109 72 83 102 1 96 51 98 99 59 75 49 73 99 51 35 109 50 85 114 43 120 115 57 114 120 15 15 109 26 114 27 88 100
8 77 51 25 45 111 36 37 52 14 108 112 111 70 98 17 20 54 110 18 68 69 94 9 14 42 20 82 22 111 124 8 21 25 40 83 55 89 103 58 25 1 56 90 26 114 108 54 82 97 85 13 121 22 60 11 88 97 63 91 8 70 119 67 41 114 63 88 67 56 64 112 11 82 93 24 11 12 69 109 73 40 7 45 122 17 124 63 99 116 65 93 37 115 36 67 53 37 55 103 83 99 14 45 95 101 13 86 68 41 89 1 96 95 25 86 86 8 60 107 105 51 50 13 57 35 108 113
40 82 82 61 115 117 38 85 84 41 104 81 109 4 4 92 51 4 63 64 15 99 50 30 77 110 64 123 81 23 29 79 112 28 78 37 15 70 36 125 11 8 42 10 89 12 13 109 97 16 50 6 20 118 31 126 36 117 77 74 2 39 21 0 93 27 69 113 85 125 34 10 108 60 100 27 71 95 16 81 71 71 10 93 11 101 60 21 104 38 35 104 19 65 23 42 94 121 63 2 118 80 46 47 79 2 32 107 68 3 59 17 22 97 90 22 40 102 120 113 97 95 10 34 1 99 81 12
52 26 1 121 22 68 33 96 24 119 94 37 61 35 111 98 13 54 64 52 69 10 3 87 108 70 56 37 85 88 33 17 5 59 102 94 79 30 25 77 83 60 22 84 20 36 68 51 69 58 47 62 53 7 85 52 47 14 38 101 106 68 93 63 125 47 76 7 68 17 73 18 21 52 29 12 54 80 36 61 102 11 82 84 126 97 110 99 49 43 28 85 100 107 7 93 9 117 91 89 49 32 73 44 119 31 114 57 61 83 22 67 52 72 74 15 88 125 24 40 117 59 1 117 54 69 100 112
88 37 18 18 50 70 101 43 43 47 43 67 25 23 75 92 100 91 83 69 5 82 114 104 25 3 32 38 66 32 57 70 65 39 113 46 37 6 119 88 102 99 91 123 66 29 20 111 24 53 17 72 57 55 57 84 108 85 26 73 12 72 27 113 32 121 100 91 120 67 33 77 95 58 109 112 2 102 71 90 62 86 78 125 70 89 60 47 86 16 120 32 2 73 11 85 21 77 67 87 82 89 110 44 96 53 0 0 110 38 2 68 49 2 104 115 73 46 25 67 70 20 34 86 4 5 81 8
24 111 94 126 4 105 110 41 65 38 26 58 55 117 28 103 53 111 93 39 126 46 12 120 51 80 51 86 64 100 123 82 119 76 117 23 25 71 103 7 108 99 36 45 119 88 36 36 50 90 18 12 107 79 123 12 110 48 124 97 72 15 79 59 18 96 116 50 65 97 54 39 112 84 80 68 76 20 102 79 3 46 71 38 89 2 95 75 59 120 80 84 38 54 63 117 19 35 86 46 107 79 113 31 24 96 108 11 95 6 96 51 21 98 19 106 56 88 41 114 117 4 22 106 72 123 28 56
66 35 115 4 108 111 42 46 71 94 98 122 126 111 39 123 49 5 55 11 108 74 67 44 22 16 2 47 99 64 52 42 43 97 21 86 39 114 105 20 28 72 69 5 56 104 14 72 122 0 87 20 25 20 11 2 120 79 111 79 51 75 34 94 31 106 66 120 31 73 3 12 30 33 110 112 92 16 84 115 126 122 101 39 24 91 77 94 44 56 45 59 96 14 66 83 4 120 83 1 83 104 23 109 110 50 19 75 104 10 80 89 7 93 11 24 25 95 17 4 41 123 115 77 11 43 10 76
98 74 9 62 115 121 95 102 104 18 125 24 28 76 83 24 116 118 61 31 118 117 85 109 108 40 43 47 81 118 37 39 42 52 66 86 5 125 1 73 13 1 77 41 81 116 120 37 81 82 4 12 52 56 44 38 31 33 50 19 11 107 25 3 28 47 30 102 89 88 61 32 102 4 43 8 81 67 97 118 118 40 33 85 40 17 74 98 109 108 54 68 37 88 35 45 52 77 65 125 40 21 2 51 2 77 57 100 46 11 75 69 39 75 33 117 22 126 33 41 8 91 42 28 16 0 23 2
44 85 126 50 31 76 32 21 51 19 30 113 85 77 103 39 83 104 16 126 96 110 50 111 63 84 24 45 5 82 98 26 76 75 50 3 20 80 98 0 92 27 10 124 1 7 67 70 109 113 62 68 16 108 24 42 2 46 124 62 82 41 122 1 110 65 10 5 50 43 74 50 0 67 83 6 108 46 78 13 95 92 69 75 88 125 24 126 79 33 75 112 34 57 106 79 1 68 87 16 92 72 74 106 123 35 72 122 64 21 80 90 99 85 70 42 40 34 80 114 52 25 28 67 41 86 35 124
14 8 122 92 15 64 99 51 66 54 56 47 37 98 59 77 48 84 28 15 103 65 90 31 10 0 76 113 95 109 84 53 86 97 118 1 6 7 49 122 68 108 4 10 14 22 97 36 85 125 54 107 99 3 62 10 8 4 65 32 112 43 126 86 55 63 36 117 2 3 105 29 70 44 118 21 60 64 39 125 25 84 107 124 46 55 20 118 3 17 81 84 46 55 92 92 15 108 53 80 77 45 32 21 124 114 31 90 65 93 8 80 6 116 67 33 126 14 43 90 98 36 1 81 38 110 45 41
104 22 14 104 115 122 13 90 24 26 114 78 119 96 47 0 68 101 88 24 4 26 118 17 99 93 26 95 110 104 1 18 86 42 10 14 54 33 45 71 98 68 6 29 126 6 37 85 22 70 15 17 48 15 82 12 97 70 110 85 17 107 47 49 40 85 31 77 37 91 27 28 99 118 26 17 88 65 100 15 2 73 45 92 52 6 94 118 34 56 15 39 87 77 67 91 76 100 1 52 5 71 38 125 102 5 63 12 37 47 84 60 71 122 54 94 82 69 9 12 118 95 55 105 4 32 109 91
47 34 111 82 14 38 121 6 87 119 54 50 102 115 34 20 66 109 96 53 116 3 27 73 90 89 103 44 61 10 25 47 104 98 62 48 32 5 69 26 30 81 96 122 68 121 88 32 26 40 36 35 14 10 51 116 58 45 98 95 120 10 38 22 44 19 87 99 28 22 123 113 32 38 26 29 66 115 13 2 67 86 98 63 98 124 45 109 71 97 123 100 93 107 87 46 1 120 4 72 38 92 60 122 69 118 10 119 2 38 47 7 113 39 54 48 69 41 28 35 95 7 96 79 61 104 108 86
19 106 98 119 29 115 118 20 103 61 23 80 64 123 106 4 26 63 8 96 25 8 44 76 80 61 4 48 39 88 117 119 87 54 27 30 107 71 75 118 43 52 0 99 96 102 121 56 22 86 116 21 79 103 4 60 77 91 4 7 102 120 89 70 110 20 94 92 97 80 25 12 16 103 113 93 58 83 13 59 91 122 43 38 82 84 93 58 116 82 83 8 125 77 30 66 103 102 82 23 39 50 4 46 68 67 114 58 28 15 44 6 58 117 104 39 103 36 6 87 92 47 117 23 108 64 117 124
45 0 72 38 11 91 81 17 60 59 118 54 95 47 54 57 74 95 60 19 23 102 25 3 83 51 45 36 103 9 115 23 85 66 56 83 59 79 45 42 123 22 73 33 19 7 82 113 99 35 45 21 64 46 13 67 11 111 91 2 21 124 28 1 75 25 33 12 7 32 94 92 52 12 18 76 27 58 52 106 90 120 81 91 120 2 12 35 105 39 32 57 17 58 78 35 99 103 90 28 40 99 99 47 71 116 111 21 77 51 89 18 37 82 74 25 2 96 57 75 60 53 124 12 83 45 21 55
