211 95 140 1 135 0 165 183 7 136 217 77 191 108 79 245 209 229 10 196 210 220 166 128 67 84 139 127 236 160 136 44 213 142 194 247 195 122 89 160 22 53 26 51 26 80 101 59 182 116 167 212 186 146 77 103 112 243 158 2 163 139 67 16 136 1 44 21 118 136 16 226 172 221 196 94 150 163 197 211 236 210 77 11 173 225 133 203 183 4 93 28 169 42 222 202 57 86 211 210 171 116 42 81 1 232 37 133 238 95 157 187 244 207 182 228 229 115 95 70 198 186 167 233 198 86 158 86
50 218 254 20 0 143 139 69 169 51 141 8 86 159 161 124 172 73 45 109 210 98 92 164 15 109 136 55 210 165 227 104 27 197 51 106 93 115 235 231 20 219 131 180 138 73 181 119 170 251 95 124 240 220 141 112 92 73 165 213 245 56 202 255 134 56 134 13 241 172 228 141 249 203 116 73 23 121 88 87 241 17 211 163 93 34 137 101 186 152 92 9 24 113 149 32 137 12 9 0 84 166 56 236 149 39 91 109 143 49 30 226 68 38 111 89 31 129 43 238 8 86 231 203 109 63 153 115
42 118 70 244 105 151 196 247 241 200 8 93 226 195 132 237 73 171 189 187 181 23 79 184 90 145 129 29 135 23 9 56 181 147 119 245 214 105 83 137 43 5 151 89 139 240 236 228 174 209 109 10 254 40 47 109 29 149 202 216 87 178 98 133 101 80 22 222 107 226 132 193 144 55 95 73 79 77 145 127 67 200 48 83 221 219 217 184 81 159 204 8 44 181 41 184 237 31 107 72 204 59 87 166 253 166 203 75 162 199 16 64 122 89 183 225 90 173 22 101 5 39 157 240 14 128 216 37
216 230 80 79 210 39 225 24 86 175 70 75 144 85 163 87 221 55 104 200 174 101 104 200 25 244 30 166 111 216 56 126 130 227 171 66 35 154 216 10 197 245 215 113 62 248 29 181 169 130 168 118 249 191 178 245 70 24 229 183 115 29 221 251 13 69 244 102 241 182 13 116 26 145 219 75 123 206 251 166 23 89 51 255 23 184 121 210 78 107 43 179 42 238 173 135 58 1 32 173 252 241 44 79 74 89 119 136 218 254 234 173 144 12 215 22 211 193 108 233 85 157 141 130 222 4 141 152
24 69 193 240 18 175 149 126 194 192 5 36 233 109 158 202 88 244 106 135 224 166 33 195 41 252 157 158 205 165 35 114 87 147 45 188 123 83 179 65 252 140 254 164 11 140 241 200 0 137 172 87 90 24 74 221 233 86 66 2 82 140 235 189 238 30 244 73 224 20 88 1 92 106 85 151 21 90 23 22 203 167 13 100 2 216 172 97 12 97 13 41 55 21 60 166 205 51 201 103 233 122 126 104 17 24 15 120 137 155 92 22 196 230 40 123 119 48 14 76 97 153 217 65 42 94 255 49
224 187 103 211 222 142 75 241 152 175 65 210 101 229 228 192 183 169 179 162 4 97 162 93 185 152 188 134 185 82 240 192 33 54 192 40 12 218 200 119 242 20 28 8 47 230 64 31 215 158 45 2 221 111 8 103 184 220 144 235 113 198 198 126 224 68 171 140 61 42 172 221 174 183 228 130 72 203 76 46 115 125 118 152 140 194 122 100 36 236 135 198 130 11 44 122 162 121 111 91 196 146 70 151 12 67 84 250 129 132 102 68 103 136 125 127 124 223 162 38 212 26 237 33 138 97 255 79
167 247 216 135 66 254 224 145 187 121 251 50 67 217 224 85 137 70 15 58 190 52 238 64 62 187 228 19 235 235 227 251 14 113 85 212 72 102 83 136 5 222 185 164 163 99 236 2 246 18 217 71 146 243 127 50 127 216 70 156 104 62 185 96 142 219 175 81 140 89 138 144 59 36 2 15 55 75 145 145 118 12 214 39 74 169 39 142 86 31 77 124 195 126 219 100 9 244 4 176 231 129 136 154 15 9 31 4 85 229 60 22 6 152 164 185 153 213 39 184 215 49 240 195 212 74 168 219
47 155 48 58 64 65 214 215 44 234 11 199 181 174 31 68 159 112 223 98 221 88 236 87 36 36 205 197 52 88 55 149 101 162 196 175 164 214 155 178 176 196 185 113 83 46 14 207 165 50 143 30 167 164 241 154 85 234 169 117 81 236 90 52 4 17 59 149 137 6 78 102 235 17 215 233 30 182 43 21 11 91 20 156 240 175 244 22 44 104 184 171 142 157 214 144 239 22 51 159 14 48 136 220 54 222 112 129 207 54 79 117 187 217 95 110 153 151 224 239 173 131 0 202 174 254 196 147
221 145 135 141 9 203 50 199 18 196 230 157 63 237 8 117 196 142 82 96 66 171 216 70 32 110 54 164 103 60 71 42 124 83 172 152 160 138 224 118 228 21 141 124 66 95 38 123 138 76 5 112 176 158 136 97 110 105 208 224 110 203 230 21 31 130 248 121 121 41 41 67 129 156 84 160 13 171 88 190 202 198 170 4 26 131 225 136 152 69 142 54 224 86 39 119 63 235 76 150 96 111 23 164 100 185 38 247 126 177 157 241 162 137 19 8 48 144 172 52 57 135 169 255 59 248 118 181
233 90 152 141 147 178 73 111 151 68 177 209 113 4 219 120 234 87 111 68 18 95 228 95 203 185 199 153 49 61 103 0 13 130 173 195 204 227 218 235 232 24 159 10 255 19 66 76 38 182 217 198 90 62 88 237 118 0 230 109 178 241 95 143 133 125 66 235 109 174 120 15 4 31 96 90 231 116 231 77 23 227 166 173 235 208 46 84 125 229 100 212 111 4 204 102 122 149 134 215 33 114 205 45 96 192 52 167 246 127 18 125 83 27 44 108 217 203 37 148 16 145 186 86 168 47 35 212
235 154 206 30 111 161 157 144 167 147 171 92 175 99 192 207 145 235 38 207 27 235 188 152 93 54 66 70 39 228 201 55 113 125 162 123 221 221 134 155 159 53 24 85 43 134 46 53 59 108 56 187 33 4 252 153 15 249 24 194 163 39 115 248 237 14 30 174 79 3 86 79 46 226 131 23 21 31 37 64 145 210 98 239 123 173 143 30 114 166 149 31 2 107 136 210 169 235 139 148 139 99 186 197 76 220 94 137 99 90 245 180 6 210 151 177 156 19 190 10 118 198 75 61 102 112 214 193
11 234 78 109 70 110 38 253 122 173 183 105 82 64 169 230 220 30 144 127 219 196 128 226 103 160 239 147 66 35 213 184 144 175 207 164 38 98 182 63 111 229 212 62 124 199 162 174 18 7 72 62 140 251 9 162 171 239 162 116 154 160 161 213 137 171 106 148 227 35 29 202 199 237 245 213 107 106 61 70 159 134 73 15 12 242 55 82 233 30 23 225 76 107 221 125 161 54 103 66 159 65 188 23 60 208 13 210 70 227 179 69 254 106 182 191 148 220 198 105 149 96 160 129 71 67 218 126
226 119 45 93 203 226 169 151 100 217 234 117 186 40 126 176 198 187 193 1 142 10 204 128 116 57 29 0 133 112 12 54 198 193 30 243 131 156 174 203 10 135 213 89 142 249 98 45 126 180 128 218 170 173 178 232 131 94 171 88 44 190 31 250 88 141 208 80 23 37 166 101 97 127 28 2 87 58 175 27 148 113 221 249 49 183 72 218 12 209 75 21 146 178 195 93 27 235 147 217 14 166 199 162 81 223 164 91 72 111 104 84 154 69 220 208 204 48 47 206 118 71 104 22 140 43 42 58
65 190 86 122 116 120 48 212 75 217 122 117 197 83 126 132 223 17 220 47 134 254 144 254 147 164 61 252 189 188 43 146 123 22 176 252 135 178 125 163 183 73 58 244 63 70 117 234 217 84 205 160 24 121 175 251 101 112 58 242 27 51 209 162 245 25 91 224 21 132 202 227 79 130 123 18 135 216 142 28 221 9 229 33 196 134 233 106 65 5 75 88 140 74 5 129 77 83 244 130 178 1 232 18 178 105 105 245 186 36 64 248 3 111 74 123 118 156 181 234 168 210 144 197 108 14 175 196
1 58 38 17 227 118 16 246 127 1 180 9 218 165 125 96 62 132 72 116 32 212 163 129 243 66 84 241 165 160 48 44 191 12 227 161 24 94 133 250 229 84 232 212 78 169 90 108 206 249 182 209 90 143 37 46 94 174 245 106 27 86 214 239 16 50 7 38 109 104 102 35 250 48 104 191 254 205 218 180 222 188 207 239 94 190 95 150 210 55 183 203 234 231 197 22 66 100 177 121 81 29 96 132 175 205 32 89 197 230 216 189 222 167 184 51 45 22 19 62 155 151 191 123 174 168 115 95
217 149 34 17 38 24 32 146 247 169 98 195 215 156 203 105 155 61 178 44 233 202 31 18 167 64 246 97 246 96 101 101 71 158 55 153 19 100 38 88 35 244 78 164 104 185 134 20 135 176 214 173 0 25 223 53 96 125 49 177 140 124 103 14 197 203 132 6 193 48 229 21 180 114 74 169 79 139 50 37 168 238 213 227 6 200 13 206 207 218 49 20 148 87 46 228 241 239 132 209 137 122 51 155 8 13 252 173 43 231 247 131 218 211 224 132 18 24 124 222 88 82 46 235 150 3 153 86
128 203 172 63 225 107 214 243 245 113 112 157 53 65 19 163 218 109 236 225 128 199 70 225 244 25 36 106 91 182 65 146 99 248 189 222 123 128 226 161 167 44 193 185 64 124 16 82 93 230 246 20 114 244 188 41 128 27 147 55 250 210 50 111 96 82 175 3 6 222 36 219 39 58 114 232 184 221 127 9 243 45 230 152 174 88 192 56 67 213 2 18 8 47 212 139 90 143 253 237 132 59 0 112 39 140 164 30 88 80 162 191 24 142 21 120 78 46 244 251 200 28 66 253 218 114 20 218
85 46 43 92 243 236 181 179 188 98 86 65 67 216 11 41 136 79 121 116 204 192 45 210 82 238 20 246 71 246 243 234 7 96 197 13 49 62 237 66 134 234 87 235 27 99 117 143 58 40 52 212 4 187 107 185 91 121 253 147 31 148 102 139 248 216 237 85 92 4 192 209 165 52 159 166 15 45 92 146 69 198 203 33 117 153 255 108 5 241 31 75 226 11 110 75 17 83 47 128 112 227 251 251 95 184 45 69 29 85 193 124 234 75 143 251 148 216 5 165 204 224 1 36 150 4 219 35
236 35 89 11 156 247 182 241 125 74 235 211 226 8 74 246 75 229 182 46 105 13 9 77 247 94 172 27 68 126 104 203 92 255 124 142 126 43 10 56 228 95 217 234 13 103 48 2 254 162 152 154 2 120 15 240 219 135 85 100 134 65 99 105 97 76 168 56 78 6 74 96 66 249 7 225 180 97 22 61 175 76 121 66 146 72 177 97 132 14 87 63 15 158 110 62 237 248 142 208 30 182 238 210 228 66 92 251 75 28 61 121 2 39 169 105 254 115 249 227 57 205 109 242 182 233 41 208
120 193 224 49 162 119 129 229 172 69 137 74 127 138 221 198 0 224 20 154 116 228 239 150 204 240 7 37 207 198 20 109 208 244 178 247 31 219 238 224 151 13 91 176 240 218 183 12 4 58 62 187 75 124 223 220 235 156 23 116 25 159 43 145 183 19 162 181 187 238 15 227 105 1 192 106 213 133 155 235 203 90 31 238 239 61 185 20 71 41 67 224 202 235 237 156 248 40 59 7 110 10 195 78 215 241 141 251 136 7 193 86 22 194 160 34 56 15 122 139 9 33 253 8 210 142 51 47
168 146 54 240 228 114 71 71 191 11 53 192 15 40 159 140 150 58 139 35 88 37 248 147 68 50 241 10 171 58 21 201 152 222 12 46 255 127 222 51 8 32 154 162 83 245 34 160 177 182 26 178 189 144 115 205 104 241 16 239 15 207 68 53 219 172 94 3 48 104 157 185 3 187 141 94 122 243 148 246 191 28 134 180 71 81 17 166 209 222 197 9 112 210 200 188 37 37 109 0 236 14 55 100 236 149 72 11 132 239 188 215 0 154 58 65 122 105 157 116 35 232 136 25 125 100 105 245
209 136 215 129 30 116 64 97 24 222 44 91 118 68 11 192 199 85 19 27 130 56 145 172 12 203 158 169 135 36 167 182 175 150 103 231 74 96 161 179 211 24 51 73 245 183 192 116 69 200 150 92 69 18 111 157 182 190 132 50 56 101 130 98 189 132 116 192 47 169 102 132 251 100 82 252 80 184 187 111 107 40 241 223 191 148 173 144 196 129 230 238 105 62 91 39 68 16 62 52 160 21 172 138 48 69 5 7 36 202 130 90 181 16 1 182 184 22 20 158 27 142 129 160 110 54 61 117
113 214 212 55 59 68 11 226 152 252 110 65 239 101 127 53 152 23 148 213 215 165 86 255 250 251 149 20 126 3 116 37 69 43 190 91 236 15 252 127 152 61 107 215 208 59 216 124 82 111 241 144 75 247 127 164 105 235 240 11 121 12 32 64 122 145 155 142 255 67 71 255 39 246 63 176 136 35 191 31 13 159 31 101 40 28 140 192 69 228 74 74 70 198 197 200 73 49 230 213 160 77 27 236 133 92 65 209 178 245 20 19 47 124 26 238 123 190 54 12 188 163 186 116 95 109 69 49
119 200 82 195 43 111 133 125 201 11 42 128 44 109 122 225 33 226 249 116 16 105 149 27 36 138 46 157 61 230 204 229 95 238 150 162 253 102 130 192 35 179 248 168 35 240 141 197 80 127 51 59 89 159 195 228 92 129 0 152 195 119 201 3 59 145 95 12 122 134 0 247 247 253 238 241 16 13 188 42 211 178 66 29 71 250 3 23 129 114 212 200 27 34 128 84 157 217 25 125 51 84 173 92 211 204 214 143 102 119 32 63 47 51 43 122 199 60 248 105 191 87 59 210 17 228 128 172
198 210 120 32 9 92 125 91 189 202 143 110 150 166 80 248 245 234 21 113 180 181 221 106 211 14 9 240 242 189 74 156 248 183 108 134 205 179 174 24 192 38 170 101 182 151 42 107 171 135 224 246 234 97 45 166 106 89 46 107 28 234 132 116 175 207 176 43 61 47 49 113 5 139 250 31 38 13 221 122 20 9 136 35 181 179 118 241 133 31 1 248 71 130 210 158 114 198 174 238 50 50 225 233 109 60 98 69 7 12 107 188 94 227 192 183 10 8 123 207 72 111 27 15 166 18 210 50
229 207 33 236 1 173 165 179 18 228 191 30 81 155 92 57 68 49 21 185 149 111 51 46 116 64 59 14 132 110 42 232 254 138 56 79 96 19 41 49 128 218 9 193 128 48 50 150 107 179 214 215 181 176 235 134 38 24 100 224 154 53 200 32 63 186 95 196 183 116 93 203 162 115 68 52 31 166 245 87 27 121 191 198 141 230 244 73 241 17 31 196 159 207 153 50 39 213 49 149 54 47 150 160 61 31 105 191 82 214 58 103 200 32 203 63 8 53 194 178 177 2 173 253 133 59 38 190
218 150 241 94 240 223 246 236 9 110 0 23 127 83 151 49 34 99 66 35 212 28 163 145 223 171 87 234 121 160 87 175 16 42 233 0 83 150 145 144 236 247 161 23 68 8 176 223 4 26 27 231 151 216 26 207 214 88 26 196 75 28 53 231 4 136 194 217 140 61 47 66 163 158 180 72 27 122 236 100 98 131 241 107 150 96 41 199 126 34 92 164 143 232 206 248 59 94 230 221 90 7 192 110 177 251 3 70 181 190 157 222 138 1 233 246 8 35 1 29 71 103 129 138 238 246 170 118
45 206 83 232 74 50 209 21 28 190 45 103 140 247 62 240 232 42 155 134 192 200 52 213 8 114 251 8 8 230 53 185 189 1 153 28 244 205 43 151 229 30 203 119 1 21 174 231 200 248 103 208 158 229 195 223 45 31 46 29 38 139 184 105 246 78 169 159 12 64 117 231 46 137 231 78 230 20 150 134 49 251 50 237 33 132 184 23 104 123 132 48 7 123 249 184 115 11 0 93 208 21 118 185 83 15 28 24 82 138 234 101 248 252 44 53 123 127 229 232 63 30 87 110 11 139 99 199
146 177 254 70 204 89 10 166 121 26 76 197 172 36 8 214 240 206 58 0 229 45 210 239 89 92 154 201 131 162 130 155 230 192 24 72 158 85 222 171 230 158 46 54 250 7 106 199 45 218 85 15 196 83 109 119 186 26 30 240 85 151 27 18 162 114 24 208 82 229 106 238 76 85 130 98 7 115 216 55 35 222 126 237 242 235 102 18 140 98 75 195 31 39 206 245 207 205 143 239 45 40 28 157 130 122 123 172 43 230 96 106 115 25 171 6 181 150 207 185 135 6 30 72 181 74 208 156
181 138 27 232 177 231 61 158 70 69 212 131 28 144 158 197 238 48 215 27 173 216 171 193 23 93 187 116 136 233 153 135 212 147 68 152 255 185 139 191 67 13 151 211 65 168 5 246 238 222 87 68 135 213 229 54 25 219 86 58 105 247 132 79 56 40 82 28 237 234 135 65 73 123 252 123 241 32 229 136 232 131 166 226 208 36 118 184 103 204 70 4 1 61 189 84 46 49 14 100 113 119 117 208 88 50 242 253 145 142 190 37 130 175 63 165 193 34 39 11 2 100 210 214 229 147 206 126
2 83 18 178 41 193 106 232 170 207 72 137 87 144 122 158 154 178 235 48 9 145 229 9 158 191 240 166 218 67 44 140 60 51 142 102 81 28 234 80 28 248 174 21 114 121 234 246 82 88 69 157 234 141 200 118 76 108 251 184 12 139 71 58 228 125 132 166 76 94 200 27 216 102 122 75 231 175 47 101 128 173 210 117 205 124 215 243 128 143 121 244 31 124 95 1 87 86 188 247 182 169 166 34 91 187 88 10 48 95 163 79 124 218 145 32 230 120 79 7 213 93 182 239 147 31 250 38
152 200 145 113 211 234 159 94 76 77 167 121 50 161 49 41 86 16 219 169 155 182 169 241 13 143 81 110 97 71 234 45 109 190 83 38 193 119 49 205 74 224 5 21 231 68 244 45 242 110 99 7 181 175 149 66 165 221 76 8 14 198 240 193 41 35 45 84 229 34 1 252 108 108 44 46 191 222 128 245 94 115 70 26 4 135 244 22 1 234 232 78 217 38 152 109 49 202 158 169 158 212 33 1 182 105 234 27 128 17 88 209 168 35 104 99 182 37 37 58 228 89 77 133 201 33 118 214
220 244 250 77 177 251 250 18 179 8 15 89 52 190 188 104 34 146 192 243 113 44 33 250 69 241 22 111 163 217 230 37 10 182 139 80 159 60 237 217 29 155 78 188 115 131 5 215 67 98 162 228 35 38 235 58 20 225 175 173 110 67 65 101 30 243 85 165 227 132 150 166 170 250 82 180 225 190 174 111 199 252 125 130 142 162 157 154 235 232 74 152 125 141 235 171 208 244 109 48 213 15 82 8 193 14 161 38 149 156 157 113 166 208 89 64 223 99 188 212 7 246 7 84 81 172 118 176
32 58 9 39 155 182 188 109 232 254 179 207 196 238 36 39 76 35 46 89 158 232 115 116 100 10 20 100 51 34 61 122 175 241 121 40 49 239 104 177 57 17 230 114 183 42 79 22 203 255 173 157 156 105 15 251 62 72 149 36 85 123 230 205 54 75 20 221 135 134 40 54 148 152 141 27 144 205 38 131 235 133 139 163 226 240 117 78 225 51 184 37 126 198 230 237 29 229 204 186 71 41 95 240 46 46 215 154 251 188 115 60 150 131 87 209 132 172 187 58 109 171 90 24 94 12 40 106
138 227 109 23 98 125 215 123 125 195 129 255 110 199 236 160 105 88 65 206 67 42 62 250 207 209 156 78 200 224 246 28 139 170 183 150 135 78 238 50 128 102 90 74 29 176 93 97 205 9 78 233 140 210 126 156 93 5 58 22 46 220 234 160 36 254 229 24 87 83 197 19 8 185 141 49 15 150 19 156 156 217 155 32 0 26 224 227 189 123 5 238 29 201 252 134 17 65 65 1 68 203 187 117 179 183 97 94 231 151 59 202 88 235 159 136 82 247 216 94 2 249 67 116 1 44 237 150
31 181 118 170 219 75 84 44 38 17 90 147 240 93 145 217 6 74 187 112 253 237 229 237 160 23 231 210 69 81 133 99 131 21 163 49 57 2 50 209 173 226 160 85 141 96 143 79 143 228 225 25 69 24 77 53 44 198 137 7 78 13 89 246 237 133 102 60 83 145 253 113 19 97 47 95 89 57 57 112 57 198 216 165 183 14 226 54 117 167 254 128 89 250 233 166 8 59 41 24 240 41 65 78 249 184 66 108 158 83 94 116 175 192 207 54 3 44 191 43 242 153 83 38 0 87 178 37
131 236 96 140 88 126 133 213 194 71 225 34 195 140 6 198 150 171 150 153 8 97 43 105 148 115 32 95 12 97 6 16 99 208 81 222 99 161 15 241 159 107 153 214 25 193 14 25 183 13 95 208 126 89 179 163 241 240 117 181 242 6 197 163 197 209 167 39 33 77 214 195 108 242 119 112 36 102 34 153 138 218 16 111 164 4 183 48 86 36 59 221 59 191 168 100 119 168 96 5 46 203 19 125 182 60 226 120 26 73 126 33 159 115 198 87 102 120 50 57 25 132 23 208 89 88 195 110
25 112 154 121 241 14 151 9 27 245 226 150 40 29 227 77 37 36 253 171 42 170 74 184 181 226 189 200 175 72 38 189 113 92 91 224 183 152 2 210 21 117 185 28 134 42 206 51 202 188 139 18 162 48 238 235 222 158 197 14 49 100 3 193 13 208 184 115 184 252 244 255 226 60 68 196 88 40 229 237 162 53 239 77 207 179 113 11 72 190 160 185 229 181 234 162 89 134 70 197 10 59 120 117 74 59 73 140 143 36 88 248 40 189 145 132 152 74 204 40 28 4 73 211 1 101 129 71
93 181 196 167 47 124 124 34 242 26 113 132 90 12 38 59 51 7 87 13 136 73 125 113 254 171 20 126 3 1 1 14 167 232 92 7 14 111 108 61 209 19 240 241 252 141 248 112 7 63 86 215 3 255 90 55 38 96 250 91 58 201 147 89 54 2 36 159 37 85 253 5 246 149 248 213 102 87 102 146 199 10 71 37 205 245 36 0 43 254 94 120 64 184 142 154 128 155 51 150 116 11 224 184 48 4 7 214 76 98 6 254 39 179 16 185 47 83 213 17 13 80 249 57 162 113 181 210
85 98 41 164 28 50 69 252 210 221 177 128 183 115 170 224 110 235 170 142 9 251 21 79 56 136 45 67 96 190 43 131 55 182 8 142 145 255 123 137 109 8 36 145 9 98 233 73 234 194 147 203 1 99 113 30 250 40 14 29 154 135 158 173 211 107 249 54 198 99 130 36 196 112 119 10 233 77 105 145 94 132 17 36 77 198 51 39 142 12 136 78 175 178 5 153 234 124 171 92 214 36 159 58 215 154 192 31 91 90 214 202 116 190 188 28 62 170 54 143 35 148 48 193 72 81 48 154
164 32 41 133 147 253 179 211 225 118 211 100 126 45 208 246 123 231 100 21 174 227 213 156 23 60 35 105 124 139 14 126 39 116 2 233 65 191 79 66 53 240 22 60 20 13 28 129 110 216 15 188 15 47 64 67 19 110 27 115 196 182 242 177 121 78 220 72 208 196 32 189 78 144 246 19 251 127 188 73 81 244 227 52 49 34 46 68 1 179 93 27 98 230 72 240 175 198 27 11 250 53 148 205 63 61 25 122 207 173 144 212 236 108 231 115 188 195 127 26 134 155 132 242 31 26 183 121
86 116 161 112 18 98 97 90 130 4 167 114 12 186 139 202 212 241 149 76 62 220 0 95 182 43 77 114 162 17 58 42 26 252 82 113 20 137 179 104 101 213 147 88 155 172 93 211 46 186 19 107 81 184 35 122 125 34 217 252 35 68 221 119 188 66 50 242 202 115 156 79 128 222 249 151 232 78 252 121 173 18 10 102 144 148 122 133 6 168 78 83 228 116 81 67 43 120 24 180 146 60 145 88 115 124 165 185 224 170 125 58 110 34 132 44 48 91 190 47 18 72 7 101 218 78 220 6
174 215 119 216 30 162 208 215 26 109 39 22 113 84 49 155 87 253 234 99 194 103 29 192 23 166 3 95 223 147 80 144 178 120 55 195 243 210 28 59 116 113 65 162 166 19 68 95 8 33 85 84 228 221 210 123 167 208 7 138 254 66 43 112 156 19 18 60 89 104 127 157 81 155 184 10 18 19 243 209 121 106 111 40 123 129 34 82 158 182 242 166 128 87 170 85 187 77 41 11 1 17 123 162 244 198 12 131 178 177 54 48 137 139 226 19 103 113 169 5 243 39 140 162 34 53 238 39
127 205 200 210 141 33 254 7 148 157 36 53 4 228 232 148 91 125 165 239 38 63 120 72 131 67 227 29 102 39 216 201 74 11 75 6 32 84 224 64 5 20 57 80 208 224 251 40 109 131 214 56 155 83 249 53 245 16 122 186 198 67 76 254 171 133 54 174 64 235 97 89 37 50 30 105 114 95 140 65 9 14 186 155 231 26 177 70 237 62 227 253 243 55 173 186 122 189 6 188 102 218 87 86 74 53 29 218 171 68 36 161 73 25 210 60 69 113 183 145 89 1 62 18 94 218 129 202
182 213 4 191 9 23 97 207 69 70 93 35 21 235 99 121 93 59 216 35 182 169 112 227 146 3 109 108 80 166 88 6 80 227 166 249 238 130 98 139 229 132 115 128 146 243 103 57 165 201 61 200 80 239 28 151 145 126 255 220 107 253 33 112 106 158 144 11 126 124 69 179 213 30 224 74 135 120 203 222 250 31 22 47 207 81 182 125 239 64 138 221 62 246 194 98 176 14 24 107 3 23 73 1 93 197 92 57 39 167 62 230 231 7 152 49 84 236 125 187 59 41 172 153 214 24 245 138
19 123 208 100 190 209 193 154 178 48 79 127 240 136 100 16 225 242 206 246 81 73 216 18 89 195 68 8 82 189 197 239 216 20 176 71 216 82 240 228 5 22 224 85 62 100 1 29 166 190 183 0 232 42 249 183 173 26 105 221 220 204 38 157 49 247 52 98 14 222 240 212 13 237 62 54 225 68 49 160 76 113 87 60 16 82 154 195 50 124 207 12 222 130 140 237 145 10 169 95 245 158 46 38 68 202 228 197 196 175 195 178 215 225 231 167 193 149 62 40 65 188 152 75 147 249 187 2
139 177 97 48 18 59 240 38 109 101 237 194 220 141 21 210 26 86 163 89 192 44 42 117 237 234 59 154 213 216 211 167 204 14 158 47 183 119 44 180 106 101 18 107 4 112 159 190 108 114 18 186 3 219 252 194 69 136 46 245 234 209 240 153 209 18 30 185 149 6 21 221 97 84 76 198 204 165 239 69 2 24 153 150 218 209 133 137 93 176 8 220 87 43 102 107 15 34 246 31 184 250 199 175 248 180 193 6 116 97 239 198 216 38 157 50 212 109 164 76 31 169 64 14 209 192 189 34
132 30 170 27 52 33 29 106 235 159 76 254 64 8 112 58 144 58 56 84 29 121 154 94 92 231 47 58 235 59 89 29 218 61 80 181 37 248 85 199 31 94 162 248 121 169 84 88 62 27 192 252 113 11 26 35 40 219 3 54 243 245 238 246 74 218 32 189 44 49 197 49 130 9 61 139 219 107 41 22 61 108 118 151 242 98 68 191 237 26 203 29 42 148 179 214 211 52 107 166 227 231 37 165 92 134 72 39 120 53 204 77 224 135 131 203 165 54 157 181 239 2 8 253 3 205 139 111
189 233 139 254 75 189 229 156 214 235 186 42 72 91 66 188 118 69 125 233 127 2 217 179 71 30 9 153 45 233 104 14 5 9 215 165 253 185 101 33 120 14 32 67 192 24 68 191 40 55 165 79 163 152 29 131 121 84 42 54 38 120 179 224 55 160 174 100 188 216 65 181 211 156 22 59 202 62 158 2 85 36 116 59 181 236 223 62 132 23 39 13 247 5 136 6 60 156 90 45 107 104 129 204 107 109 225 146 132 243 191 215 216 164 136 63 180 249 149 202 10 173 242 92 47 217 112 108
74 120 85 82 237 221 233 152 4 13 150 56 240 158 238 174 81 190 178 242 196 181 192 161 146 11 134 174 246 215 154 2 13 70 107 98 203 164 97 18 184 123 50 222 30 12 17 29 176 244 157 128 111 219 213 204 238 121 21 127 182 59 230 246 223 76 125 159 6 111 215 141 118 93 135 198 164 86 110 37 118 118 241 49 160 58 18 235 172 101 160 140 30 141 23 42 86 49 181 202 22 249 175 244 183 173 191 218 17 161 227 115 13 126 16 248 152 61 168 35 181 250 65 191 224 11 162 119
77 180 83 149 2 201 112 172 163 253 6 77 219 219 147 209 147 189 58 92 221 36 186 141 81 254 86 212 41 236 182 251 68 144 150 0 199 194 234 191 115 0 39 206 167 253 215 225 83 249 53 138 194 227 215 135 13 214 118 207 37 153 126 28 4 58 220 132 103 33 253 74 249 146 235 141 255 61 242 86 69 149 236 180 171 41 64 184 76 171 10 249 88 38 3 157 57 10 140 139 2 24 0 26 251 185 90 131 130 250 232 160 74 183 73 32 36 51 191 157 28 114 63 196 174 237 93 157
173 251 130 111 170 4 110 195 30 248 0 40 132 208 109 186 211 242 227 37 133 213 82 37 70 73 67 245 68 45 203 173 125 144 130 119 119 147 141 238 135 149 138 162 198 120 73 209 8 55 96 38 0 232 137 203 65 30 30 187 77 238 194 183 168 67 199 202 149 189 133 68 132 225 93 49 109 146 245 32 87 229 137 156 147 80 1 98 14 163 46 54 134 149 142 204 98 239 173 226 186 212 180 120 9 55 16 186 49 74 212 151 191 111 132 209 123 122 244 244 129 216 58 85 185 253 255 174
254 54 68 44 142 248 238 60 73 135 45 80 145 209 84 206 216 33 106 210 182 134 32 233 142 110 92 105 60 151 198 52 94 83 0 232 150 76 39 55 172 234 48 11 85 130 86 217 242 79 253 29 136 84 245 68 176 57 246 113 60 28 154 140 201 121 32 115 153 193 20 184 19 45 0 61 68 199 18 222 202 71 28 197 133 203 185 10 225 132 108 162 69 79 101 47 2 117 210 32 122 244 198 128 223 110 18 105 213 29 170 56 169 31 202 162 170 235 66 24 166 1 236 150 3 12 233 126
185 68 94 254 246 99 29 186 118 6 239 167 66 241 31 34 124 41 85 151 152 117 102 69 95 162 31 249 237 3 178 114 42 119 32 42 209 66 124 113 240 252 83 203 75 23 72 226 196 114 114 204 197 245 44 3 25 71 253 81 237 104 165 144 76 5 30 51 89 181 192 111 199 172 44 5 29 113 217 63 99 58 121 168 115 112 17 125 28 89 77 192 235 63 80 35 129 47 137 218 191 199 105 215 101 31 225 251 162 199 114 6 230 100 171 186 196 255 183 224 49 167 183 228 245 17 69 182
98 159 251 250 78 163 108 125 173 221 248 136 24 254 71 138 97 252 243 148 153 104 38 123 175 239 42 173 106 110 97 4 205 208 251 107 3 132 179 146 223 250 155 135 104 72 142 222 83 251 157 54 37 114 115 34 151 17 207 43 36 130 72 110 56 189 164 252 241 192 155 119 81 3 43 153 122 112 117 25 171 62 19 60 43 34 149 141 70 157 90 59 133 153 9 47 240 102 63 232 194 6 128 252 103 30 194 119 126 197 62 218 165 18 119 39 144 37 89 101 16 235 0 30 27 182 112 250
32 86 153 175 143 86 23 76 190 136 253 239 64 221 22 137 80 177 92 212 167 88 83 80 147 245 77 190 35 193 148 158 54 15 86 225 10 89 88 16 113 92 163 131 139 23 66 63 44 233 214 82 16 47 215 107 86 240 120 75 86 255 12 249 172 234 187 99 55 130 113 7 86 121 200 93 143 253 87 45 22 96 208 3 98 123 103 205 40 246 113 240 158 67 106 96 238 77 124 171 246 132 24 159 168 40 51 184 250 102 248 210 2 226 244 17 186 190 38 188 215 50 151 234 69 125 171 127
69 30 170 228 179 29 25 33 184 202 65 222 46 76 202 70 107 76 242 16 253 48 233 126 134 72 97 6 42 212 30 251 35 188 141 7 200 129 204 177 14 255 156 218 187 199 61 23 176 63 67 205 148 160 125 180 15 141 133 204 253 154 54 219 172 219 48 194 209 136 222 250 57 158 252 48 55 218 130 126 172 44 198 154 215 126 218 248 141 193 84 51 56 142 223 74 151 118 242 58 94 101 32 47 1 56 232 55 192 212 153 218 170 204 97 154 106 23 78 2 217 221 137 90 132 2 124 130
27 138 48 5 137 205 133 80 154 175 17 6 146 96 249 203 53 108 114 3 144 85 4 123 7 31 250 254 138 138 5 69 4 97 55 223 38 21 55 123 185 181 230 102 255 7 17 205 177 110 30 218 121 64 80 181 44 165 79 210 70 136 215 161 146 74 98 113 75 30 119 12 153 107 193 197 179 203 112 212 141 206 255 50 138 9 75 31 77 51 147 175 199 169 96 41 212 192 248 153 64 103 99 42 14 27 57 130 191 4 37 214 7 150 136 209 88 50 104 211 207 221 32 193 129 218 5 242
178 209 118 52 169 212 73 72 36 111 55 0 158 185 78 147 157 103 0 165 176 95 151 154 76 44 199 98 69 82 33 74 201 226 189 183 152 199 105 205 8 22 207 209 144 76 100 120 230 98 247 184 161 26 142 248 250 226 202 148 218 17 200 229 215 251 8 138 97 1 18 207 132 101 246 188 9 212 231 129 145 59 64 191 81 184 138 165 86 53 250 121 53 80 233 168 189 187 104 91 236 190 253 171 67 129 106 86 53 200 207 88 82 102 236 175 160 211 86 46 149 161 225 218 226 31 248 142
185 143 48 36 163 121 250 58 147 229 34 118 17 144 47 135 11 217 146 28 174 230 107 111 8 24 25 64 24 177 79 168 224 89 244 123 247 50 96 77 217 187 76 165 19 54 223 16 23 69 94 106 165 221 252 245 158 164 74 38 192 188 253 72 242 99 28 238 183 182 162 167 254 253 138 175 244 120 196 207 130 235 193 254 184 47 246 54 74 4 212 98 174 190 46 64 134 185 13 96 194 160 252 176 153 115 64 219 251 62 225 42 33 225 11 136 250 174 159 5 1 184 223 195 147 209 123 50
180 180 167 154 255 6 189 213 64 27 44 57 24 233 14 216 123 99 179 21 226 221 116 107 180 221 10 70 247 174 243 198 227 111 243 128 48 52 106 152 142 136 98 50 163 25 44 15 246 92 193 224 151 9 142 91 54 180 72 141 161 60 193 82 202 88 162 62 1 11 26 30 210 24 221 138 81 133 218 234 228 121 8 16 132 33 220 7 127 154 233 64 116 228 58 141 208 94 113 244 52 252 5 155 118 233 176 158 201 243 235 242 37 131 48 188 177 118 46 172 24 112 44 226 57 224 202 34
3 177 184 21 154 16 83 182 181 91 143 139 249 190 81 227 79 96 149 114 49 179 160 216 223 151 149 1 33 196 18 72 135 144 207 162 83 210 78 139 62 109 253 37 90 164 239 23 101 27 96 210 113 160 251 37 167 226 45 112 27 88 47 227 198 222 159 117 88 116 246 198 13 105 86 70 51 155 94 174 205 194 130 213 248 225 173 85 36 157 35 100 18 45 98 83 120 58 13 73 67 193 90 198 137 133 198 63 85 119 136 81 247 157 93 123 67 128 163 146 161 224 167 229 37 113 7 247
49 121 206 21 143 73 127 210 148 17 214 147 235 59 101 205 214 215 232 11 18 10 6 20 141 88 117 190 210 60 130 176 149 151 201 48 147 152 71 174 8 244 99 211 53 255 191 164 60 93 159 88 65 37 139 119 237 18 109 128 180 247 11 60 148 108 127 94 55 18 86 122 194 160 40 11 25 60 86 209 178 233 172 147 32 196 209 152 165 45 86 35 34 179 23 115 240 236 152 223 240 170 49 86 22 181 3 81 115 11 101 66 74 185 148 6 236 252 56 93 217 93 172 110 230 177 245 201
68 109 189 157 36 73 119 158 67 83 221 89 39 1 16 127 192 104 117 77 253 128 192 97 238 90 39 87 132 227 209 232 152 253 168 174 171 175 94 45 109 250 95 26 72 85 169 214 80 110 5 253 19 112 89 111 196 24 137 244 204 116 17 205 233 79 21 52 130 138 246 177 116 247 125 60 181 234 1 1 20 221 8 85 237 75 173 131 37 31 58 180 20 243 142 228 23 25 230 73 151 223 246 44 168 153 115 127 140 35 59 125 33 58 117 47 110 4 195 87 159 81 93 141 254 208 180 220
36 64 79 86 157 6 34 32 79 105 24 42 24 225 218 252 240 153 243 101 141 67 122 106 77 222 49 96 231 206 19 207 10 18 160 8 209 195 1 152 106 78 230 194 44 223 35 223 207 239 219 2 31 197 81 114 240 52 249 48 232 18 78 189 230 54 136 196 93 73 42 74 170 148 203 236 43 17 46 53 114 223 191 47 182 206 15 109 22 245 247 160 219 115 167 217 119 136 171 139 157 73 12 230 222 236 228 226 201 173 10 184 157 32 109 11 188 45 159 33 228 134 140 23 24 233 179 223
235 214 2 169 152 3 59 37 20 157 230 252 204 11 40 106 79 35 97 20 173 63 94 185 68 184 34 20 73 118 26 186 166 8 52 205 23 152 135 35 48 106 185 221 31 128 24 235 170 217 209 67 44 187 105 241 17 198 203 139 19 222 177 144 60 230 158 119 73 138 11 135 214 213 148 18 170 18 128 33 195 85 113 142 36 222 180 89 118 228 128 125 19 133 87 113 189 92 155 97 83 117 195 211 247 194 81 123 204 57 250 4 49 3 110 61 249 185 140 187 185 225 36 213 209 204 229 199
40 67 169 228 109 241 121 165 164 105 165 113 112 185 75 202 253 83 125 199 210 195 137 120 235 93 162 1 207 71 14 200 204 11 177 29 180 120 35 151 14 60 164 198 180 45 45 89 152 182 225 1 205 229 145 14 181 106 5 149 40 22 85 7 59 203 119 192 46 228 219 133 208 153 10 53 61 77 96 246 26 110 189 215 72 30 100 62 77 107 185 70 28 62 19 113 195 117 25 13 14 39 173 190 35 193 19 42 169 181 117 2 98 4 67 222 213 244 150 212 136 238 129 254 109 184 220 46
210 203 1 129 208 238 26 97 166 67 183 123 170 77 169 86 16 239 214 33 52 53 80 13 211 246 9 9 190 239 49 156 71 69 3 155 27 146 6 209 236 33 241 161 103 77 253 33 143 225 164 253 176 199 225 30 237 46 53 242 242 195 64 158 177 126 229 140 57 63 239 15 158 242 111 254 251 180 11 108 99 20 216 26 57 119 106 32 215 242 15 105 39 207 241 74 31 25 38 221 181 59 140 156 76 181 5 22 15 224 196 134 90 98 216 136 20 116 216 175 105 42 241 107 21 59 227 200
82 211 30 246 139 245 82 51 52 126 28 84 166 65 248 138 196 99 136 81 47 168 96 101 143 179 104 228 46 100 249 18 40 168 118 72 94 184 100 186 80 130 73 143 154 212 34 12 164 107 39 58 119 64 22 133 135 87 94 71 67 126 120 179 102 138 120 84 117 169 117 142 240 49 103 89 158 125 217 205 165 58 140 144 47 251 1 117 180 109 3 110 162 174 26 242 238 2 18 36 212 103 0 64 221 4 77 247 153 239 244 30 7 74 150 99 243 227 200 107 213 14 88 234 115 50 46 20
186 223 0 102 86 8 80 45 66 184 223 162 117 196 153 63 59 121 174 49 88 149 91 252 11 155 133 211 16 13 156 19 102 233 234 203 189 233 92 41 251 183 81 209 47 215 44 65 137 253 66 172 30 107 233 197 237 63 167 9 54 242 80 129 134 197 105 212 0 152 102 116 34 39 23 113 158 224 32 74 0 2 211 95 105 23 106 139 168 2 2 96 15 60 103 160 206 134 100 80 74 227 235 159 62 219 91 91 82 7 19 110 81 57 212 17 203 32 76 27 247 80 23 240 64 53 137 185
217 71 255 75 89 245 196 238 42 216 141 78 180 162 26 246 252 244 204 141 102 87 22 96 232 147 100 92 19 92 79 4 155 38 223 94 74 242 237 181 241 14 18 6 255 157 16 48 12 251 59 242 216 64 3 9 186 184 204 225 253 142 126 54 236 122 131 36 67 75 169 230 164 61 64 191 179 120 115 104 220 12 102 204 178 222 37 113 46 36 159 52 233 194 60 134 204 126 62 37 190 89 191 242 59 221 216 199 44 100 60 56 39 190 80 5 32 53 79 147 222 203 9 196 164 20 134 94
40 254 42 234 84 205 45 36 89 86 238 39 153 154 76 226 204 80 209 89 116 118 69 46 171 70 255 5 155 144 200 74 103 203 215 189 10 157 193 191 169 192 82 43 18 42 201 67 56 231 240 142 188 107 155 29 61 106 180 39 54 51 177 106 3 114 4 52 102 9 194 248 120 24 179 220 115 64 216 9 48 123 245 38 142 88 126 15 161 145 132 172 153 122 170 68 253 69 106 138 78 4 125 115 7 84 206 27 47 206 153 225 240 150 228 34 179 60 201 81 137 205 188 49 14 56 248 232
60 42 125 75 100 76 181 120 0 149 71 247 27 95 142 41 69 131 244 254 85 214 147 220 83 180 141 233 34 220 158 98 60 36 243 55 141 152 231 208 182 110 57 226 91 194 105 238 19 67 109 145 128 26 189 202 105 63 208 188 21 96 31 32 132 89 119 113 89 200 86 200 83 144 12 61 174 222 69 25 107 224 13 116 118 217 172 183 82 77 75 162 10 249 45 18 205 76 56 137 0 33 116 161 193 183 108 200 26 163 241 222 164 52 29 110 38 186 171 157 36 185 246 26 39 194 68 102
2 100 46 217 67 176 60 195 92 219 45 225 174 186 32 53 221 32 60 215 76 46 64 12 255 57 21 150 221 144 86 212 72 20 182 91 114 36 86 203 59 133 215 145 207 129 90 183 209 20 74 116 183 104 128 152 44 253 178 96 194 188 215 158 47 182 129 236 91 0 220 142 47 73 247 99 138 225 21 114 14 193 237 99 45 140 111 161 145 203 181 144 134 101 64 41 222 195 82 158 116 223 25 53 100 20 111 141 63 107 64 127 82 221 187 78 201 66 111 132 170 228 10 108 210 232 2 95
56 83 208 109 170 138 30 194 181 32 86 162 191 58 58 44 1 216 68 210 54 252 227 205 182 124 237 185 5 139 17 215 254 25 183 217 92 194 130 88 20 120 69 81 237 52 12 109 236 92 246 85 173 214 94 235 179 92 180 101 176 176 250 225 106 130 73 151 177 214 254 122 83 170 243 179 118 24 227 61 242 153 99 175 75 221 57 188 24 183 249 130 78 71 194 46 155 0 186 215 85 164 82 213 26 130 163 116 132 214 182 24 57 119 135 84 151 47 118 126 101 102 94 255 168 70 68 143
129 142 248 16 200 115 75 70 201 148 69 126 107 136 129 222 67 183 248 202 232 233 103 237 17 193 86 156 220 61 0 151 2 201 44 251 221 46 236 106 128 31 42 74 92 30 217 102 108 75 185 152 100 110 59 124 130 107 45 197 15 224 51 218 183 203 13 44 154 213 214 244 132 203 193 151 216 142 55 126 121 124 95 118 209 112 31 73 188 189 6 193 60 96 17 201 98 61 102 88 36 128 174 90 173 98 245 72 121 150 72 247 252 45 19 160 238 27 138 99 69 197 115 59 32 37 80 67
42 145 63 30 225 204 47 254 53 127 137 97 76 251 92 45 25 30 63 83 68 195 135 79 156 130 151 20 14 128 124 226 120 216 230 226 99 89 232 12 121 127 119 14 203 179 252 26 134 239 185 64 23 245 111 125 201 66 155 34 76 195 3 81 42 123 107 27 228 157 119 87 249 148 23 220 191 192 24 38 123 147 51 115 19 196 144 172 2 191 243 89 146 22 28 254 196 28 175 191 2 71 240 194 138 64 195 51 110 229 152 88 10 240 231 137 18 154 138 129 98 176 127 136 188 213 222 204
216 219 197 117 49 201 85 36 229 252 245 31 118 214 234 53 57 204 113 239 42 229 153 221 224 38 52 240 133 8 38 54 242 214 96 233 172 61 27 184 39 37 100 10 54 114 8 69 186 44 208 135 185 85 8 2 153 125 95 246 94 38 44 91 95 88 247 1 220 201 42 204 57 65 137 55 50 116 184 56 255 72 191 137 244 203 134 226 232 131 169 5 166 212 236 206 137 1 158 122 234 3 235 205 75 111 90 37 59 191 179 41 243 88 31 24 37 206 80 237 218 132 19 150 150 19 71 189
114 230 71 125 115 152 133 30 138 222 174 64 191 59 59 104 34 79 198 165 175 32 88 173 20 49 195 19 194 211 245 20 88 122 72 231 61 9 77 127 3 228 80 18 75 141 140 34 196 45 247 217 157 227 158 146 234 142 5 221 211 51 206 167 154 104 11 66 156 9 52 196 84 206 206 87 239 0 12 83 199 46 162 204 118 229 182 7 62 32 195 132 182 27 197 149 178 56 82 208 255 65 153 157 135 168 101 156 14 192 160 183 111 187 210 152 215 78 131 37 18 124 180 245 135 87 143 49
189 218 91 3 89 52 204 136 101 228 205 141 244 151 53 63 2 58 233 236 64 162 42 111 196 57 222 77 5 184 83 239 159 201 236 7 248 220 73 247 29 121 136 4 64 21 238 75 223 30 116 133 211 196 245 183 11 221 250 189 50 34 105 64 35 25 162 237 118 11 132 84 43 107 247 208 212 140 179 98 176 20 71 255 118 129 139 118 120 121 44 41 181 165 167 67 82 112 108 66 29 216 189 78 35 16 5 244 142 99 106 37 138 166 30 104 171 255 197 46 89 203 7 214 237 5 193 216
133 155 10 200 48 186 116 22 253 118 235 208 152 97 137 80 86 125 84 80 96 164 247 194 200 84 203 109 253 247 131 190 27 76 72 109 206 54 89 160 176 123 221 44 152 146 150 139 1 148 163 29 24 21 231 230 7 84 49 11 0 4 240 210 217 102 64 29 171 153 147 44 46 221 225 17 140 249 226 111 103 53 161 71 74 228 26 237 211 68 6 52 249 21 218 240 177 93 1 38 58 39 154 79 211 68 139 63 61 38 49 185 161 116 214 55 114 102 166 162 143 108 95 45 112 6 42 187
75 71 58 124 167 200 114 213 15 117 159 63 253 181 207 238 195 217 184 230 194 196 247 38 174 238 59 114 85 92 74 134 149 132 83 177 42 217 150 248 1 207 41 90 157 202 64 234 56 206 1 228 63 76 107 127 124 95 206 187 155 70 57 68 177 119 23 43 192 89 224 40 124 214 81 113 165 240 157 10 15 173 72 40 60 211 202 40 74 181 212 161 177 101 13 217 61 19 177 193 195 118 65 134 133 16 215 195 150 193 38 91 189 204 177 117 255 78 28 161 66 76 223 9 122 207 200 96
63 188 152 104 130 75 197 16 177 12 21 102 62 78 146 115 120 252 219 25 52 181 104 187 146 160 163 72 112 23 224 207 21 36 153 241 190 66 22 92 33 155 246 55 162 54 152 55 162 45 141 45 245 179 234 38 167 24 66 29 16 72 168 174 143 16 11 168 153 0 244 92 63 174 232 222 39 13 80 110 182 83 132 234 193 253 61 212 52 145 58 60 177 147 224 34 217 182 221 214 10 35 193 95 22 112 219 186 202 10 109 43 37 69 144 181 197 165 21 29 151 253 164 216 176 53 223 49
81 244 101 33 234 6 59 252 204 214 245 108 164 131 249 70 30 53 206 6 80 9 182 219 2 109 108 148 132 234 161 74 201 30 138 36 117 115 248 178 62 59 222 214 59 48 101 43 138 43 11 37 182 31 25 252 44 209 37 179 70 237 83 58 233 30 56 171 79 177 163 233 247 195 203 129 134 156 61 21 192 63 249 221 180 205 60 148 34 77 235 49 179 155 220 170 25 223 243 31 142 41 96 158 53 150 57 126 66 120 224 191 112 166 14 212 131 73 60 33 98 141 158 71 30 223 168 7
32 116 96 224 152 231 91 47 135 115 44 122 1 239 141 123 38 205 53 86 243 148 154 200 71 219 252 218 175 87 12 216 59 146 158 149 109 24 50 139 231 131 223 111 88 223 255 126 3 145 148 129 13 51 125 206 2 207 0 181 84 98 211 179 189 218 178 100 49 208 43 219 55 121 32 14 217 90 89 208 175 198 222 224 44 75 82 157 25 150 100 39 197 47 163 133 118 83 190 137 8 184 10 110 73 54 252 98 247 89 114 49 173 185 62 42 11 243 112 106 200 231 120 108 216 247 163 155
240 244 169 56 41 162 155 74 106 144 178 222 158 73 0 92 34 219 170 220 124 124 20 240 250 189 28 87 150 110 215 59 159 181 27 107 220 41 196 246 194 118 156 17 79 150 239 245 6 9 25 154 123 6 150 105 239 179 110 155 206 125 56 14 151 226 28 226 123 255 56 192 124 40 147 165 90 201 228 217 138 166 200 21 227 100 129 5 54 90 86 204 164 124 134 205 155 108 110 174 202 96 49 223 223 130 72 184 158 28 117 208 230 7 84 90 179 2 37 93 52 94 199 214 164 231 231 139
172 80 85 154 86 132 77 148 110 129 154 252 126 187 64 107 67 46 230 229 248 210 222 238 104 55 15 94 65 179 197 47 25 225 150 254 92 213 166 215 90 248 160 141 197 158 43 33 143 222 184 28 238 118 171 188 206 209 224 213 125 80 214 247 161 36 132 14 45 50 32 134 121 213 102 85 133 189 190 254 187 254 39 56 129 8 232 50 196 38 152 129 157 252 14 9 19 247 193 39 36 75 38 42 245 106 8 32 252 135 1 25 79 129 159 175 245 45 102 237 80 216 205 98 96 166 59 105
255 47 47 181 99 151 181 83 59 213 200 97 30 41 123 33 118 66 124 217 12 183 204 89 93 145 76 194 238 34 250 101 209 218 183 101 174 224 240 173 88 30 168 121 109 169 50 54 225 219 208 68 58 214 64 127 28 183 77 91 167 174 129 225 143 153 95 189 62 72 134 107 170 208 234 61 43 61 241 31 79 127 233 86 208 9 131 140 243 48 140 196 28 31 225 182 42 43 61 231 139 213 205 35 61 45 244 241 20 97 227 95 58 192 156 124 228 109 172 47 109 144 95 169 241 98 127 205
123 151 100 4 127 103 24 188 220 157 40 208 119 208 165 175 234 247 85 212 97 134 236 161 125 62 54 163 43 212 154 139 146 2 58 60 19 42 69 229 219 40 31 74 227 230 154 82 123 86 87 109 162 198 249 237 186 141 150 128 227 132 225 6 128 59 232 111 157 56 116 196 84 68 53 146 0 60 25 239 169 108 190 196 148 149 44 129 124 87 72 220 167 90 200 93 203 221 64 23 70 89 195 130 148 93 212 184 16 207 186 9 210 151 135 50 214 73 18 195 101 167 2 21 2 94 136 245
48 12 134 129 141 131 56 177 242 20 248 58 244 76 115 55 86 155 45 1 208 37 105 187 127 101 124 35 140 223 40 98 118 111 111 194 196 91 228 64 11 69 70 106 101 243 209 253 117 94 54 90 129 43 112 211 150 196 86 104 126 98 197 222 146 50 72 230 197 172 219 82 13 146 212 222 171 21 10 32 205 110 70 220 234 65 246 86 96 52 61 26 183 228 17 195 37 74 116 161 46 71 145 254 24 208 60 132 253 114 13 241 174 31 229 152 106 129 227 224 69 160 86 73 173 254 137 248
205 126 21 122 101 198 241 21 100 172 62 143 118 9 193 69 45 228 125 35 185 223 246 130 22 98 196 60 52 65 172 251 116 66 196 64 74 76 67 178 8 167 199 237 110 15 106 195 236 243 126 252 61 197 117 245 31 110 196 4 179 3 217 42 167 245 214 52 149 34 66 91 13 179 123 93 9 73 240 75 201 217 197 134 48 74 52 201 62 246 155 31 215 97 187 101 213 62 180 194 66 251 150 249 217 1 159 230 55 3 164 220 108 8 51 119 110 120 33 139 87 104 166 127 41 160 174 173
37 76 24 41 189 187 75 23 207 186 125 134 162 187 104 223 231 77 8 241 37 91 213 34 152 53 165 153 163 65 155 139 183 58 87 242 199 173 85 11 214 8 213 247 45 240 40 80 237 61 74 184 246 61 125 9 111 59 161 144 226 69 48 174 125 40 166 11 106 20 27 68 103 215 112 2 208 192 9 95 151 116 133 89 230 221 194 163 45 220 27 83 71 220 23 24 192 66 120 162 66 14 52 185 81 14 18 102 100 236 103 38 16 56 162 58 119 172 49 243 186 85 201 50 151 148 134 121
83 22 138 220 152 252 168 224 180 165 106 193 82 110 138 24 151 106 51 126 112 85 93 28 162 71 229 162 238 243 173 148 230 188 225 113 71 93 193 139 249 239 161 31 159 120 28 138 251 132 250 96 232 143 172 37 162 218 226 169 135 77 218 171 204 220 153 145 159 30 51 197 137 87 166 255 163 87 161 62 36 71 22 240 80 145 93 185 91 237 130 254 79 215 18 57 112 62 46 176 35 179 153 6 144 253 19 53 64 34 82 67 142 243 250 96 94 67 23 151 12 46 217 165 174 230 162 35
73 15 253 249 236 37 107 172 114 132 235 32 139 231 146 115 175 39 110 17 0 52 60 95 219 232 1 184 131 137 226 88 95 105 236 106 30 31 200 244 187 59 48 118 197 239 225 223 91 23 42 220 54 243 174 17 29 192 255 245 206 242 150 91 60 232 30 95 146 194 127 221 187 1 187 200 86 212 184 240 40 20 33 55 21 129 130 68 249 220 9 107 104 203 178 72 15 195 66 102 22 204 161 65 244 85 46 90 65 75 37 21 122 180 192 61 106 127 37 135 177 51 243 132 209 221 106 52
193 75 90 239 202 26 195 155 186 228 37 189 97 183 222 170 91 205 180 10 135 50 241 9 36 217 118 95 39 246 175 105 144 206 81 202 92 112 74 177 150 3 24 128 203 194 51 201 97 117 195 183 63 46 159 212 97 179 169 163 8 76 202 248 85 50 81 78 105 31 38 2 0 249 103 148 10 143 3 237 27 77 16 18 212 11 115 249 107 231 241 26 7 135 145 225 58 230 246 114 170 217 56 17 249 145 65 151 62 4 220 249 186 169 33 135 21 195 66 52 193 249 86 108 100 195 255 214
209 231 47 139 52 201 176 125 235 99 54 234 213 7 84 212 67 243 76 141 237 178 183 153 146 39 222 228 121 83 43 203 54 201 197 214 172 235 107 75 85 192 21 95 177 169 194 95 75 109 236 188 148 49 181 55 141 105 126 94 216 131 99 194 200 31 77 208 207 53 22 18 64 213 181 191 166 81 111 235 198 91 193 156 13 87 149 34 255 231 147 7 150 239 123 174 111 254 106 24 132 13 204 92 5 231 160 72 1 230 54 209 117 88 2 194 220 196 211 146 34 41 52 180 199 79 23 144
48 49 247 195 38 76 196 27 45 214 140 97 130 53 78 199 19 56 237 40 189 170 78 64 68 24 64 72 250 235 25 199 207 61 224 117 226 79 31 196 223 141 41 25 149 122 213 87 0 172 8 202 186 238 28 208 201 80 152 52 17 155 211 5 219 155 253 44 158 74 66 167 186 4 75 44 38 214 79 223 239 0 141 161 79 235 195 251 5 17 40 234 76 12 253 4 248 91 243 108 168 158 222 167 194 33 94 178 121 216 25 190 126 42 82 188 112 37 138 100 226 195 206 182 25 69 148 103
24 73 192 115 101 17 183 252 72 207 182 93 31 27 217 244 59 81 216 19 61 58 250 85 138 159 216 73 37 112 112 164 118 166 169 25 8 80 144 253 170 211 101 103 184 218 143 114 55 84 191 226 166 195 152 97 162 122 239 70 222 180 203 215 178 79 164 53 90 201 35 141 65 181 46 213 81 20 15 122 226 57 220 131 78 87 197 82 10 140 15 246 137 236 190 8 85 186 3 1 90 215 152 92 192 78 83 84 108 225 39 58 102 42 70 116 89 152 86 225 74 81 62 21 249 220 64 136
155 191 235 70 243 234 20 202 7 61 113 62 220 179 241 59 249 129 57 181 116 47 166 124 175 16 251 241 93 217 250 226 86 16 53 156 191 190 100 165 153 104 42 188 211 158 28 36 64 153 121 165 212 61 228 252 198 123 237 116 169 46 123 16 173 127 79 43 136 89 149 52 225 218 43 196 102 239 196 233 189 59 172 71 127 54 213 170 93 214 228 237 215 149 96 218 147 120 240 93 222 92 246 219 225 102 168 162 62 73 67 44 27 200 2 252 175 126 215 212 102 182 95 228 228 146 43 15
27 222 34 106 143 28 163 109 250 144 40 182 107 47 30 33 86 113 44 56 185 132 35 144 44 77 238 124 165 111 168 136 90 193 127 54 138 201 71 139 10 219 120 86 137 178 47 155 74 238 165 185 142 194 102 151 237 124 218 62 93 142 44 72 238 54 3 26 223 93 36 165 58 94 217 158 227 170 122 25 56 118 151 182 202 124 101 143 223 205 9 38 8 114 139 176 117 66 162 164 37 35 1 244 66 207 147 27 58 252 12 6 41 49 13 181 138 0 74 150 43 80 132 46 95 193 25 238
243 6 211 168 42 14 106 107 199 7 205 139 190 184 85 119 20 163 83 66 128 22 155 199 14 75 43 232 60 127 224 191 208 95 40 167 0 25 252 23 39 81 112 24 182 255 180 21 123 143 132 11 226 162 163 134 22 126 159 29 29 162 45 113 229 130 16 38 44 186 82 156 43 175 249 151 31 69 221 95 54 168 15 47 253 125 233 143 140 81 165 143 201 94 211 231 47 242 243 153 82 61 153 55 85 49 243 102 110 81 192 205 33 40 248 71 91 0 181 16 223 76 107 249 213 246 235 113
217 204 137 116 111 71 223 178 111 153 205 59 75 88 125 61 192 32 148 146 226 14 30 156 186 46 53 121 228 80 239 212 132 37 159 77 235 164 92 107 84 200 32 228 10 95 141 145 50 39 148 91 189 113 33 143 240 116 215 137 81 87 117 212 201 99 92 43 217 1 78 102 158 49 17 64 145 87 217 87 188 233 66 248 197 126 188 238 50 204 215 153 202 211 56 215 193 100 152 76 216 196 4 55 55 13 236 94 90 150 164 126 198 80 107 157 25 204 171 134 25 173 41 143 152 50 205 115
233 19 61 228 127 28 31 125 129 177 206 171 94 35 226 132 94 42 141 238 8 157 252 43 133 241 228 214 134 67 209 253 70 214 143 135 151 87 249 127 18 78 122 71 13 131 53 253 117 98 255 115 132 100 16 77 44 28 222 239 39 74 71 118 46 3 26 141 195 135 179 234 103 133 171 227 156 81 64 76 24 152 231 237 47 74 146 122 225 9 184 90 135 70 15 42 120 133 96 220 22 143 171 58 148 134 61 164 134 61 153 116 81 11 248 107 18 236 225 39 22 214 129 146 168 128 230 254
29 156 189 151 172 186 101 103 34 45 59 221 22 246 203 208 172 35 66 234 157 146 3 17 176 38 188 202 30 100 238 209 240 107 254 34 156 241 152 5 138 25 184 202 5 235 76 3 35 7 152 148 16 146 101 142 43 208 60 222 109 232 2 55 49 237 92 135 78 181 120 165 19 167 198 160 15 192 178 220 218 61 240 255 229 59 148 212 96 152 158 71 242 18 56 100 224 34 21 205 70 9 8 84 246 130 11 201 202 76 17 214 9 56 10 246 104 49 240 132 187 138 90 125 121 94 32 171
227 219 28 204 227 107 206 62 127 178 42 195 143 93 150 18 97 178 17 232 29 170 228 135 221 211 138 200 142 86 55 47 181 67 222 208 235 94 86 235 145 205 211 21 127 242 204 99 81 157 8 222 102 68 186 108 122 200 225 36 3 239 111 236 10 228 29 216 37 26 57 63 205 198 65 127 214 222 219 157 167 6 6 135 71 115 166 135 163 230 246 41 38 204 16 13 232 38 182 52 174 61 178 103 127 164 28 120 255 237 165 76 149 49 182 83 20 100 118 29 12 225 163 229 31 33 157 156
235 144 176 154 74 250 52 75 136 206 28 183 105 234 110 12 243 120 102 66 121 165 249 5 60 179 42 223 48 38 212 19 99 174 132 64 178 17 138 20 141 180 188 16 138 188 213 54 112 231 200 123 175 63 240 231 195 206 160 40 216 3 218 179 155 161 166 96 30 197 210 250 101 15 49 48 168 104 179 61 234 40 45 89 188 241 116 60 236 177 159 249 98 20 31 40 231 190 253 247 237 154 62 124 237 77 64 231 82 159 119 255 255 179 12 247 213 100 253 116 177 253 6 123 68 221 20 4
78 92 65 185 239 143 92 179 155 123 8 174 30 236 124 121 113 146 158 207 83 35 165 95 41 241 107 3 41 165 28 24 27 60 131 240 236 121 109 237 252 255 50 130 196 162 207 121 68 194 49 236 155 196 213 51 196 161 254 231 81 24 18 158 206 26 133 90 169 102 3 251 164 196 176 133 106 205 153 90 164 195 247 63 157 154 9 150 90 48 191 13 162 34 123 139 217 180 222 57 115 219 210 231 46 230 165 74 65 37 4 86 78 134 128 36 147 110 43 206 186 244 41 222 113 89 27 4
104 4 213 145 55 175 28 79 232 106 43 228 170 239 47 176 36 27 160 224 1 7 24 153 233 206 85 224 38 184 64 85 153 111 72 168 240 178 227 237 106 67 195 221 219 18 65 169 54 19 233 36 72 34 224 59 114 137 204 177 245 123 111 37 216 151 178 3 143 85 39 44 163 37 127 135 248 103 91 6 232 3 63 112 72 178 162 229 26 18 13 230 168 20 95 2 146 102 5 214 64 103 119 180 108 184 51 27 112 193 86 128 64 127 38 18 8 207 218 93 226 117 242 57 92 201 51 189
80 107 215 121 175 28 106 155 163 50 20 119 63 99 31 97 42 199 138 158 5 179 72 140 150 224 159 64 240 174 222 147 119 33 28 37 104 6 211 16 90 191 93 128 240 191 17 108 152 150 138 183 47 151 92 214 221 184 32 63 64 35 48 187 69 208 162 243 63 160 124 172 49 249 72 129 57 240 103 114 35 162 159 12 153 205 245 30 140 58 241 150 55 88 225 42 93 204 53 135 101 131 67 110 207 139 243 92 58 92 76 1 172 83 136 99 57 145 107 147 29 108 149 124 151 67 20 253
97 94 54 20 238 236 25 227 142 79 6 57 254 173 230 178 3 71 217 178 130 50 243 200 236 219 122 8 129 15 90 167 27 140 224 52 25 13 31 12 50 63 100 252 146 125 203 52 250 113 74 70 234 190 249 9 236 91 13 72 235 78 199 37 69 3 221 124 5 25 53 200 18 104 224 170 32 130 185 216 72 223 155 159 208 18 53 208 123 100 88 145 132 10 10 228 227 178 163 148 212 148 212 3 213 169 218 169 155 17 192 175 140 8 110 26 55 103 32 79 193 198 32 195 96 155 35 92
113 40 154 26 144 161 102 19 63 228 29 208 249 20 92 150 86 174 127 185 154 230 241 247 111 203 155 121 188 58 204 110 99 158 111 41 213 58 99 140 120 4 91 139 61 197 87 153 193 170 190 57 159 168 135 206 217 187 151 86 59 82 8 102 70 99 218 117 147 3 191 75 157 176 47 254 189 52 74 64 224 188 183 133 88 151 209 174 111 83 19 56 51 77 182 247 61 103 38 240 27 93 166 104 124 14 124 10 29 57 48 194 155 216 9 43 254 145 127 157 240 163 45 216 32 136 173 146
151 189 63 95 15 118 240 104 250 95 45 31 152 180 64 14 58 203 225 223 222 251 35 120 119 121 212 35 11 164 241 217 126 205 141 187 16 13 55 59 78 46 251 240 140 203 113 100 54 196 175 27 13 37 145 187 147 91 20 120 138 168 102 66 248 45 166 67 234 88 139 153 76 28 38 73 35 11 217 51 140 211 249 122 49 112 180 58 109 129 154 91 100 21 114 193 75 231 2 198 123 92 42 231 141 234 33 219 23 5 36 6 112 87 200 197 20 94 5 70 57 26 123 54 10 105 245 145
3 214 251 124 147 12 61 34 142 121 108 121 163 154 240 249 224 44 244 104 175 249 105 21 142 134 115 97 156 255 83 49 8 249 131 3 195 216 179 47 140 61 214 100 86 188 13 148 91 93 207 165 170 133 18 226 52 210 66 112 87 163 243 66 159 141 235 240 16 89 59 6 32 4 255 204 183 141 50 72 202 50 125 116 82 169 121 242 246 51 143 216 175 7 89 90 112 104 37 1 255 53 232 87 24 131 24 150 228 46 75 229 212 166 215 134 253 187 126 167 234 79 98 46 253 1 129 231
183 168 164 171 175 102 12 173 211 119 34 92 129 22 175 179 218 46 83 229 45 16 102 100 118 21 137 131 189 189 94 220 159 64 241 146 41 200 8 237 213 244 248 145 12 179 127 9 19 116 115 230 59 242 182 156 21 233 22 129 25 52 232 3 48 122 164 2 208 58 244 187 196 88 134 90 196 47 57 22 224 130 179 61 140 25 229 74 81 47 45 151 83 186 204 181 236 197 165 120 238 67 76 94 215 67 189 32 221 242 205 178 25 23 181 91 188 150 195 30 184 202 35 191 85 122 210 180
0 130 224 253 72 179 84 254 40 100 162 151 165 14 66 156 52 192 11 109 153 162 160 43 244 7 203 8 34 27 3 107 96 146 2 219 196 111 108 112 1 145 171 252 145 211 231 89 228 178 126 177 176 204 12 226 140 183 161 224 216 169 60 153 43 30 122 169 138 45 14 254 176 199 191 103 86 26 251 249 54 94 213 36 35 28 29 91 75 249 187 71 204 99 75 93 120 158 73 252 1 177 43 166 141 47 121 130 101 206 171 61 251 197 106 228 42 241 216 249 163 127 195 42 115 221 32 89
238 5 44 169 118 30 167 242 57 99 138 182 34 28 17 78 166 122 52 185 108 170 72 133 194 104 43 73 158 165 114 114 136 128 164 203 212 102 162 165 206 165 184 40 57 251 194 128 228 137 80 11 197 150 114 90 122 117 65 140 39 18 94 163 92 74 232 177 67 167 196 171 114 209 179 229 214 72 124 24 142 18 160 6 100 53 243 117 79 17 174 234 68 118 160 46 232 28 63 199 36 143 71 78 231 131 206 115 138 57 194 210 219 70 48 94 124 179 111 30 18 53 138 94 164 15 247 228
143 182 6 38 74 114 45 156 35 15 202 117 165 88 202 118 74 76 88 139 219 10 103 98 20 78 214 56 55 59 158 187 101 31 52 236 158 243 231 246 173 230 68 197 176 145 128 57 120 16 106 244 197 144 235 60 98 186 108 177 122 231 150 76 55 22 35 71 32 142 135 75 144 213 24 208 110 28 35 45 107 234 191 135 207 176 174 161 159 178 104 204 41 3 58 43 115 20 123 199 26 254 147 211 136 164 254 42 216 191 92 116 218 71 149 58 118 243 232 78 166 198 67 103 238 236 15 126
81 52 25 23 74 187 169 137 23 192 114 132 205 46 39 1 67 115 112 19 102 82 172 105 147 38 248 0 117 153 165 25 144 99 110 31 246 125 238 108 229 243 166 216 71 54 177 234 227 137 85 126 112 180 171 96 160 114 121 156 130 186 110 199 70 136 93 130 253 32 131 201 61 114 47 239 144 86 85 84 174 255 168 151 71 55 171 147 115 207 221 25 187 154 138 156 124 153 195 67 205 247 60 161 212 2 163 50 144 229 142 43 185 176 88 200 243 64 139 210 165 191 173 17 157 141 177 77
100 27 52 21 131 7 154 5 200 17 24 139 161 20 73 62 238 52 170 117 93 90 21 74 89 32 109 74 58 226 20 132 34 66 154 163 47 165 129 139 162 179 182 220 98 115 226 190 99 161 128 2 248 161 68 60 243 44 97 179 73 140 196 205 21 246 22 38 87 247 82 161 3 146 146 11 186 212 26 118 209 123 246 33 136 214 57 64 254 203 69 28 0 178 20 85 26 32 1 245 192 221 40 109 112 127 192 19 37 102 190 143 209 40 162 229 64 179 237 148 55 10 111 106 212 178 38 51
195 29 175 102 148 112 23 89 252 30 180 139 146 213 141 162 212 107 199 10 145 145 182 45 41 22 48 14 9 178 100 187 131 91 59 247 118 219 14 64 123 209 8 222 183 113 122 191 229 234 15 246 253 164 27 97 8 190 6 147 217 88 100 91 73 217 134 242 24 44 141 159 115 17 226 247 215 74 123 56 152 18 174 1 76 164 238 220 35 26 76 35 1 250 17 100 98 223 188 58 73 138 250 158 93 247 178 62 145 64 8 141 218 45 140 123 168 32 165 20 3 105 227 43 42 21 250 123
79 135 250 175 57 14 89 122 244 236 191 33 168 187 112 207 236 170 70 85 103 67 130 245 234 140 248 174 1 29 196 115 35 63 62 156 2 112 196 160 196 137 194 180 216 122 151 231 173 211 38 82 61 223 157 57 147 252 241 175 199 153 88 245 39 225 82 120 186 130 254 174 68 220 11 189 57 65 4 54 233 58 49 52 38 207 235 241 224 47 235 34 43 210 66 0 76 6 1 3 227 193 18 93 156 171 207 54 9 52 132 23 215 124 233 204 165 220 140 80 120 163 217 40 229 78 172 28
51 122 172 60 83 122 59 6 29 100 199 172 53 67 142 134 227 44 92 62 5 194 90 43 59 150 133 219 38 223 20 176 12 127 46 162 208 250 65 121 235 62 176 219 225 67 168 251 208 40 25 76 120 137 106 225 199 141 161 216 153 161 136 228 7 221 127 187 62 126 143 163 94 197 113 200 217 183 57 64 30 13 117 91 206 109 31 16 166 48 223 181 240 63 240 152 40 5 133 109 32 243 250 119 102 121 222 27 94 35 48 95 172 241 53 69 64 8 244 48 178 139 245 82 76 109 48 75
151 120 235 0 95 215 53 226 80 192 250 165 60 121 34 74 95 98 69 119 38 35 173 177 59 55 128 195 210 85 75 172 170 193 255 183 196 192 200 249 81 49 30 201 190 63 87 214 178 119 77 3 87 108 99 177 133 137 123 41 68 199 108 187 10 54 240 21 204 46 163 251 142 177 160 244 108 190 180 142 54 81 20 77 255 215 126 97 170 64 151 75 206 50 6 96 212 110 120 224 158 107 249 138 0 170 132 60 210 174 18 52 107 14 196 154 84 63 39 123 129 208 221 38 110 51 90 147
246 254 47 46 19 60 14 94 55 108 226 158 229 202 153 36 62 107 10 80 178 180 141 178 139 103 192 82 238 188 61 161 156 206 73 128 176 108 26 231 186 145 102 157 75 220 154 159 135 130 59 36 39 61 16 203 246 36 146 6 64 121 254 180 8 75 82 121 244 118 212 11 217 36 68 196 243 106 172 205 167 246 80 196 185 139 197 237 78 125 141 16 245 42 44 209 205 19 83 140 110 159 201 222 112 124 32 47 138 93 37 241 57 132 151 17 210 123 183 61 70 17 142 3 87 70 199 243
234 236 232 183 79 53 161 249 113 251 53 222 201 5 114 10 107 174 208 227 170 207 23 16 199 236 41 130 240 73 152 104 131 74 160 180 138 140 125 161 221 34 206 162 225 179 115 16 227 72 100 199 178 186 194 166 228 37 128 119 32 22 83 222 100 153 165 69 98 205 54 110 164 176 94 104 119 122 113 169 189 111 179 224 110 118 198 168 209 79 231 245 160 37 83 167 129 204 74 69 219 250 147 91 60 7 216 112 49 145 151 154 1 33 188 233 31 115 4 255 252 86 88 78 85 93 107 202
61 151 8 132 220 241 189 206 159 165 236 150 22 66 116 12 29 142 199 112 179 126 105 22 72 142 104 154 224 5 7 177 50 69 135 20 169 117 84 60 76 69 207 59 44 48 164 119 16 76 72 182 173 255 124 235 155 99 204 26 77 231 195 52 60 194 0 245 217 182 144 157 40 160 103 162 188 15 121 96 145 229 188 35 139 128 114 193 236 92 106 216 221 103 76 13 169 115 48 89 219 59 149 54 129 102 145 177 152 101 118 58 71 39 203 110 53 105 183 233 223 228 72 141 237 146 153 89
175 226 171 208 215 96 130 50 166 49 169 35 226 5 33 188 58 28 90 17 204 101 186 170 75 180 246 148 168 88 217 231 128 104 246 205 139 234 164 247 76 68 137 161 15 136 151 82 163 75 63 219 17 157 58 233 6 59 9 141 130 104 22 182 44 59 12 210 119 74 218 146 124 76 101 78 97 160 132 188 140 134 136 92 18 45 68 196 30 250 63 22 8 34 110 40 166 50 176 136 133 152 206 118 247 144 182 239 234 255 192 125 243 254 65 24 39 164 57 97 61 162 10 53 185 19 33 118
246 39 62 158 171 108 137 85 167 57 235 131 123 75 120 1 212 239 219 100 255 217 136 202 193 216 19 199 41 251 38 166 107 7 42 88 134 200 165 148 3 232 55 139 24 17 99 193 89 214 191 53 242 92 20 62 155 244 118 94 183 48 23 217 224 203 166 86 239 104 189 52 241 80 68 42 254 22 186 222 234 160 210 164 157 230 177 35 86 132 7 229 186 108 61 166 196 95 227 33 143 28 204 126 197 230 213 203 235 130 112 194 233 154 113 126 36 162 173 224 81 145 198 116 202 212 116 143
