37760 42623 50328 42222 34474 50245 50123 56534 67589 55928 48396 51289 43049 53855 65816 59262 52846 43072 32436 39558 37578 47542 46656 40615 37755 45989 51517 59385 38697 45199 39710 43801 42279 31390 40862 57169 62375 67496 63157 65159 68822 58677 45639 32463 33240 34914 23501 38403 54699 72657 43849 60953 50499 51581 43464 37637 36664 32522 30114 28967 25580 36923
39113 52267 47527 48856 30744 46007 39566 51676 63540 65756 55491 54104 52134 55952 63389 58346 34988 29346 30587 39039 33769 40834 37808 45701 44253 48797 45454 57769 34616 46138 40846 38631 43579 46767 60053 67302 66053 66867 62342 52707 58210 59560 46318 35239 29943 34165 35518 38969 52162 61090 37548 46748 45529 53476 50318 49748 35601 40024 39182 36548 40625 35733
53805 55460 44342 47078 36181 44533 46415 37816 47922 54287 53657 51831 55548 55145 50383 54876 32765 31310 32105 54679 50908 57876 50670 49427 39148 49656 41604 58120 39161 48344 51825 57109 60382 64190 63001 71252 59294 44868 47134 47559 65683 63278 52933 44445 33224 20892 29344 43953 46869 42390 32482 28613 36745 42569 40548 48517 37306 28334 25066 29489 43182 51012
47251 47113 37062 40789 45841 55803 47689 51490 47902 52440 50387 41860 48320 62926 55634 48387 33014 38251 36753 47909 41434 46077 50934 53932 48858 41940 39160 35706 27693 31133 36930 59564 59185 60934 57651 56611 61737 44990 48809 44382 57869 62697 61832 58182 44109 41758 49403 42084 40537 29235 31137 25888 32735 34367 38771 37423 39342 28935 28037 31194 41141 40483
45913 48130 39403 37689 40863 39199 39591 33631 43998 29648 39890 42543 46085 54554 49068 57287 32584 40548 36711 43600 47990 43445 49913 35548 33854 27302 21919 35446 35393 53113 47354 58705 51339 43554 50049 53123 59148 39745 55314 51240 62072 62644 62234 63200 48152 38101 42507 44568 44801 37401 34942 36768 41472 32418 42800 30915 40688 37513 39386 42307 38368 46439
45284 51130 48416 46850 42463 45261 43811 45277 51397 45229 38626 43563 45613 50439 53805 53725 44819 38103 31511 40404 46947 53202 53508 47379 38784 25259 22104 26518 30472 44844 40260 44781 34048 44538 59922 56708 60275 45522 61707 54899 56783 60465 58801 63460 46435 49964 49854 61135 52096 49455 48809 57899 50560 46752 48640 45863 44112 42474 46646 52771 47345 51710
43054 42592 34044 33861 35058 37282 51266 54947 40613 47285 37059 53124 35964 42412 49800 55652 55088 45586 33296 39389 43413 44865 54837 57652 43309 35727 28619 38343 40725 54999 55408 49142 48261 46348 53444 43046 50164 37835 55945 45842 42712 36122 39440 59470 42007 42443 40186 41783 52156 43564 41677 45554 34467 52008 53185 56201 60861 53057 45265 49028 42684 43880
38609 38057 32329 38558 41513 42682 37298 52683 36635 54308 29469 52870 41204 35912 45961 51396 60069 56806 30531 36743 54194 69094 63425 64331 44059 42835 38107 42804 40945 47072 48969 49356 54320 58636 59356 57404 54151 41361 43796 39841 48515 49480 39166 48896 47444 50545 55468 52632 53186 49943 38189 42872 31202 44175 54950 52585 59042 58825 37224 42107 45021 54469
33519 35413 28633 48135 48557 54345 46102 54031 43619 58644 38345 54805 43641 44227 42916 48350 52673 50876 46527 56645 57185 63876 57454 57994 58290 57680 42502 41931 40971 53375 62477 61285 54629 56783 55763 59902 57194 52101 46580 44420 35029 42652 37805 39022 63133 49944 53635 36229 54994 36903 39653 31388 30861 34232 55038 50768 50778 49187 36980 37493 40738 66507
25037 41428 29734 55520 40641 35189 21439 34640 40595 56536 45737 61736 53067 44093 43940 51031 44022 45956 45852 60175 54148 60787 54144 53125 47134 39533 41655 41256 49709 54021 55820 51513 41967 51940 67475 68507 60412 56499 48421 53707 54912 43233 61193 50431 61220 52242 57264 56370 51687 44640 41348 37567 42942 37560 63036 59732 58812 53031 50169 45345 44489 49578
42850 40189 40227 54809 43673 39814 33285 46677 47494 46296 46538 51932 62155 63710 50210 50437 35253 51544 46895 64018 44751 49922 47432 45880 50608 34868 45863 31554 49717 57257 49928 42257 50413 49213 63589 64685 51034 59486 54894 46135 54817 45211 59339 56701 47951 39189 42209 37488 54391 48929 43805 32202 35762 38766 57531 51628 56603 45732 46660 51449 52359 61397
42692 45769 42668 47919 39405 47566 28836 36538 32508 41478 59590 59777 60656 61359 41587 44087 36154 45540 35190 41225 31249 44355 50023 48012 54112 46972 58498 41446 41486 42711 45600 27791 52666 44541 46657 58186 43923 51735 45505 40084 45829 58566 62470 55596 41383 39579 42895 45376 35146 51800 46877 36984 40707 51675 54688 64438 48205 49302 40158 54787 40067 59671
42548 37179 41998 51258 44469 45529 48975 49002 39672 32080 44039 48148 55820 57744 49268 46420 38402 38813 34243 37277 42718 49518 43939 40470 44825 51695 64856 41715 33834 29101 54731 37621 60111 52899 41515 44714 31940 41370 31956 45278 47610 50151 58198 38514 42728 31358 42398 49619 38965 42819 33023 43264 24776 43687 38393 54770 47209 48829 41864 70262 57690 63859
53940 46272 47128 37916 47107 46389 44005 51459 36087 41573 32144 45306 41985 43891 46909 48282 32172 35440 33119 42813 42326 57469 56604 52945 48905 42252 50240 50444 52445 41274 48469 45988 49444 37618 40567 45031 41416 43127 39912 35527 39876 36656 55057 54401 63943 56893 55483 57224 48586 42994 40100 53356 41785 53146 45814 61847 39741 52701 46131 49494 51591 62013
44476 41748 56939 45624 56142 53468 53848 58175 44419 49481 39567 37176 47155 50305 64946 65058 51564 50133 34240 40600 45989 54363 43973 40484 40369 29349 33719 34897 55772 45926 48723 41036 49184 48953 54637 42009 46794 46401 53794 40868 34378 39588 61752 50749 62283 53572 49060 57405 48726 56530 42644 53270 38132 57695 48179 56402 51746 42492 57084 40456 47490 56347
52958 42598 52944 38371 47594 48082 40206 48750 47111 53554 46898 34694 46493 57018 51539 59101 38740 58758 48693 54655 45637 54046 55331 43896 47930 37197 47619 54829 62963 57870 46534 38164 34307 45183 51533 45423 42051 45345 39996 43769 39591 46390 58093 68393 57570 65946 51479 54894 56513 50766 44478 36454 42231 48950 44436 35967 45863 34748 32667 26107 31560 51063
50200 46648 49168 46281 41970 49241 44694 49053 52863 59658 61522 39847 50271 48299 56740 61471 53993 52596 41619 47966 39574 38499 51164 48525 47160 40054 46942 37151 57825 42921 39733 43629 43544 46158 49217 42363 49042 34655 33197 41277 41185 57904 51751 57450 39665 46762 41265 45691 49879 54005 48198 34382 54685 48977 45325 36476 47599 53477 43880 35283 23394 43690
45480 51214 53340 40829 43753 47809 44299 54881 66455 43932 47700 39453 46485 49442 46549 46143 49897 56618 42326 42605 50789 55645 49691 35310 51373 51304 63606 58691 56305 60572 52057 42940 42830 31915 47467 39127 48060 42681 36074 52589 47593 61879 50705 48448 41233 44661 50187 46009 57140 47051 54227 32571 43968 34460 32576 35755 36196 45791 39557 38084 31993 35759
49383 46203 53270 48535 42630 43591 50392 48911 55575 43515 51327 54183 49191 45757 55388 53062 51869 34433 37930 29422 35679 41130 51857 29295 48137 39153 53106 48171 44164 45922 48846 42672 47900 41765 60152 44765 60356 42895 38827 42427 39683 52659 37258 35375 42625 45771 48053 54869 58983 60412 70729 54521 52156 44246 36836 42084 45122 52477 54450 37125 31628 35453
57179 63687 62468 56215 46291 38313 44749 48317 45038 32444 39165 55122 52231 47408 51496 46672 48486 31968 19216 33186 42716 39612 43618 21350 44562 54708 65127 61976 49676 42803 44089 50331 52676 49943 53211 57900 59558 54661 37286 48937 49444 60568 44967 36819 39294 44038 47581 50351 65192 58743 67972 51851 38175 37252 25097 35533 37702 27806 50892 40637 45956 36138
46689 45890 41866 37039 42756 50422 46043 45218 36556 37752 49992 58116 57089 49502 48665 48944 44610 36649 35528 49523 51760 37064 45874 36150 57520 57108 67923 50699 49368 30236 29867 46236 57337 63892 60827 58200 40674 33164 26434 41952 39505 42029 35817 37914 44832 55005 49047 46745 50873 49025 40875 51524 47618 41513 38087 42728 53062 48417 54520 49705 51743 37391
54218 51565 43565 45121 45612 54701 54000 49856 43069 36650 35785 50171 62266 58096 53255 36796 38142 34873 49585 61884 64337 46412 36746 31318 53989 46214 73243 51234 56305 33116 48820 44911 49841 61505 59865 56346 45613 30452 29569 42920 53958 63539 57964 47211 39940 45862 43034 43252 40793 32514 28425 44920 49048 37268 39522 45007 51410 42243 51093 40417 50295 41172
46974 40727 40398 45964 63243 51223 56493 51989 45202 35697 35468 49161 49400 52827 53747 44240 48750 39255 44575 64523 56367 49566 54339 50434 68752 51391 65597 50000 50062 30152 33875 48145 59016 67581 59479 39582 37757 35005 40806 46526 48415 43481 50025 44707 52408 55604 54484 40070 22599 29880 30201 39053 43946 37940 36887 40231 43128 41938 43027 31715 29838 36575
56003 57746 56863 45867 57909 45356 43894 32218 34869 32527 33217 43697 49124 48833 53587 42950 43069 37833 41732 56813 52290 43297 48919 45925 50184 51376 51919 54766 52020 35552 39983 50403 61088 53749 58506 47114 51239 44703 39096 29984 57827 49089 50734 31750 47223 49328 53312 36787 22141 44646 49091 53483 47055 49835 34728 25681 27446 27415 34531 34790 38125 24764
56560 55538 67696 61330 60818 51403 40099 30692 29802 28275 39277 40787 44646 46248 45501 47206 49040 36311 33444 36458 42269 63544 56865 58133 42824 47203 40454 46834 38421 37316 34983 51037 53943 45211 42884 51861 50878 48044 41920 31533 42879 30355 30247 18520 44215 52144 45201 38651 27768 42551 35014 34685 37190 52120 45133 30736 24012 31775 36439 31663 33620 41298
48310 49943 50419 61177 57641 57763 37993 30040 37427 33655 43130 40851 37744 43483 47123 42044 45119 43494 34064 37526 30917 54290 49471 47347 34424 38838 45273 46305 47600 57303 61165 55550 56138 55229 48438 50901 49405 51886 33640 27355 38192 41085 41668 30805 42869 54486 58000 40022 44802 42102 50094 48704 46526 51521 34176 30311 30854 47014 47082 41191 33961 35288
38617 43276 51743 56477 59915 65148 50683 39838 36043 51702 52308 62424 56866 46320 51445 55198 54942 30895 16656 26304 35911 57852 63049 50210 44004 43281 45337 48024 40004 50530 54572 59031 52547 57022 43141 51052 32023 50466 37455 41108 42639 49699 36968 32625 35936 53416 54444 50529 53651 45222 37578 44374 39408 50628 41336 45602 44687 54121 44002 46710 43077 49602
38941 49349 40586 39327 46798 60566 44912 40583 32960 53756 53941 55684 54953 54136 56810 64092 43464 35896 19742 26064 42413 54447 61898 61970 62977 49779 50865 56839 62758 53460 60932 67192 61600 54795 48961 57452 46946 47942 33081 44546 52814 62128 53018 44437 45238 48786 62784 48553 56741 45820 46412 47987 39717 42288 22303 36092 43188 56457 49339 45215 39170 43208
35604 47406 52259 51215 54213 54367 44313 43533 46054 58671 59105 58155 53293 56901 52494 51977 44788 29840 29692 35233 43768 60629 72265 69772 64731 51850 38996 50111 53343 52022 48445 56526 56932 57188 49999 62841 50968 49158 35439 52504 63804 50480 46952 57840 54980 47561 44201 52145 61541 49788 35774 37381 44760 51717 48741 55878 51931 60162 50228 62274 46463 51462
31765 46225 41551 48079 35938 43877 34099 41617 51059 56370 41612 41872 36752 46204 49625 48865 39919 47837 44343 57160 53425 58968 62024 66994 50177 51294 37830 52139 45900 50011 54202 56156 59470 63059 56936 70815 54090 61515 49608 48898 53880 60924 66061 57566 58053 43347 42778 51074 54823 49163 37805 50239 48204 47312 40949 52618 62842 70062 50115 49065 29937 34203
33454 46055 55516 62667 45358 51962 43895 52146 57109 58836 45896 36915 39990 38775 43299 40573 52269 61308 56877 60084 53209 60201 58058 55503 31052 37936 36695 58835 55129 37709 44887 50292 64669 58195 57761 51279 47710 50859 55834 53561 48783 59235 66709 63346 47285 41996 39378 52645 48086 40348 45091 51591 46419 53910 62239 76293 67730 75165 47130 44393 34928 36150
40336 62102 51197 57114 33966 52659 52998 61545 51136 46411 26805 35123 43368 50949 53272 54966 52434 62282 58604 72126 68137 57819 55834 42649 34995 39566 43618 49930 43955 35583 53041 49595 60692 41885 46367 40179 54749 45667 47565 53079 65713 67996 60821 56133 45432 37307 35877 39534 36546 34116 50082 50773 47233 48082 54199 63514 64025 67348 42621 30513 36342 46561
42111 57424 55399 59339 53662 50351 46205 67819 53518 42222 30960 42464 63184 57617 51572 53495 49817 61262 53659 62409 66052 61214 57583 38661 38165 34668 40015 43821 50151 45627 60557 44274 61006 32559 38660 20419 34854 46162 54122 64321 67385 59589 51984 35669 39735 44710 54040 41258 49660 41216 46684 49453 40995 40741 43569 52334 41615 44255 33067 43255 44906 64315
40272 52862 44035 57157 54255 54854 33399 51089 37635 33171 29203 40991 62390 56697 55178 45657 38196 57450 61478 67664 67149 60960 47833 40106 46192 44640 45108 34994 43472 32769 53947 39013 53935 31677 40914 39544 39659 48845 63375 60871 59246 42736 43450 40217 45756 44377 47086 33801 34960 32398 47789 49417 56149 49700 39605 54570 51081 52078 31121 43560 39207 59577
34197 39623 29526 47759 41203 49863 36882 53437 36465 30837 43553 44656 60079 50609 54214 42479 41902 55899 64178 58488 56859 56836 62134 52861 51937 38239 42609 37469 48403 44408 50767 43637 40902 39183 22462 46724 39001 50866 52785 44686 46665 35289 41354 47221 59986 53319 54392 53289 49076 47105 58858 57227 52356 47075 39520 38970 38560 47668 30386 32203 28924 51372
41060 49998 40001 54837 38663 34863 24192 42407 50468 34556 46740 45658 61250 47194 47228 52502 51323 62073 53726 60491 47572 47329 49988 64445 59387 48796 36088 38382 40177 41328 44140 36742 34813 47730 33828 54674 44938 55262 44796 45898 36006 34860 40378 49952 67550 58995 44964 29854 28577 26296 42932 53520 48371 49926 53496 72293 62071 61662 43907 33153 31530 42126
58761 51013 38464 43590 30323 38967 37041 44121 51308 41661 45504 41741 57632 59964 45946 55104 40825 55815 37733 38817 42271 43112 54970 59561 50514 52239 23952 22792 37597 40277 34579 31518 22130 39312 30468 45668 37006 31639 31796 32273 38992 46787 66831 66684 60329 47601 51488 45714 57476 45382 48765 47146 45135 52088 42450 51482 58764 47015 51935 32066 34983 43584
67593 77777 54973 54719 34771 42744 37386 47152 59295 56439 52441 59498 52181 56500 51636 57426 50493 56581 38187 36002 46354 47879 55281 62576 49037 48302 44133 32400 35620 40170 24556 37122 23433 40530 34448 42427 45676 45329 45817 53952 53034 48552 54456 48534 53716 51634 51683 49000 53853 53786 48467 41961 35334 37808 49090 51424 54665 66770 61720 61942 35472 44746
46214 63990 40854 54020 31684 49734 39279 56833 56148 56534 43794 46285 54302 56241 44667 46417 47977 44283 55396 28737 42791 49357 50736 56975 54304 43823 39731 32136 33485 38861 28474 32501 35168 36752 49637 49207 47649 44973 39598 44671 62553 52551 60203 45458 36088 53316 55092 56053 53144 50287 62772 53430 49938 33569 47156 42079 51390 45853 53875 58699 48657 45907
44244 55156 49201 62411 54641 54583 40316 49844 50098 52038 34361 47786 41421 42927 44725 40308 51676 43756 60587 50649 41843 57813 67623 60549 55643 41864 47718 48985 35968 45759 41358 39112 37474 46392 47203 50988 47820 41822 59203 55921 66993 43901 37677 51070 38477 55860 50307 66305 67538 58082 58335 46736 56659 44619 44915 45252 47977 40344 46875 45975 31498 34568
29498 40338 49357 60045 47288 42377 30528 48169 52254 50276 40095 47024 53554 49271 39852 22997 42142 42381 50094 51300 39201 49628 52134 48953 61153 40676 47549 44309 51043 45728 53770 41034 34810 35198 54353 54256 48155 33018 47945 46076 50522 36822 37049 41263 39985 52938 48697 56868 51865 48720 50068 53358 68730 58010 48377 27099 37435 22879 35081 45650 49336 46787
45835 47622 57736 49758 43720 49717 38432 48548 40786 45274 39867 52432 56972 48078 40199 35772 46914 54775 49063 51499 45814 50175 65788 36817 40638 32975 44406 40091 58784 50907 40696 27650 24895 24632 41525 41336 52845 34106 44514 31101 34251 28011 42374 36451 32533 39597 45801 59892 49416 33157 40256 46774 61531 59649 47449 37521 37594 31723 37163 47518 44017 43104
48645 44723 50158 45145 27917 45610 39744 58793 55516 53043 55965 49852 63030 53638 55566 48238 57849 64069 47764 53917 45909 42279 41526 38600 38276 43036 59738 49573 55364 43743 47294 40346 40820 29321 38411 27204 36491 41114 38493 30096 42807 34785 47256 44747 38059 44288 40241 47059 47540 49242 47681 45219 40618 41271 42559 33935 26007 42795 43278 62899 66109 49262
51189 42342 33285 38623 30764 42310 48066 68721 59050 51801 52234 48513 48883 49572 56444 65072 60289 60002 43528 43291 44429 53461 47616 35562 38083 32703 49184 39253 47779 39242 45649 40543 37240 36321 38159 39454 32145 34327 32204 25433 55092 55107 52422 42735 38116 42216 29239 36723 39462 41945 37348 34663 29780 38239 55294 58538 41389 51606 50454 57771 56512 61119
32387 41903 40586 43295 47983 56736 56430 65253 57198 45880 40533 44243 43941 53227 45645 55884 51275 58687 46559 45448 48494 41026 45815 35229 47971 55616 57206 43807 51961 46813 56748 46843 46129 35114 31344 34478 25259 26152 42604 46850 57914 60742 43226 48001 38898 48315 39436 43745 36140 56317 36084 32680 23802 32209 48171 50598 43040 51161 47671 57633 55778 56575
26814 33763 52930 43808 44913 48699 74270 63207 56303 49937 38349 39515 41658 56727 53587 50790 50272 47718 36049 41078 59634 45347 44520 35742 49118 41842 48030 39316 58048 56933 41513 44683 36314 48408 46292 50202 44966 34352 43507 52681 55661 56747 49119 43561 28311 44773 44228 43625 29209 33214 41976 28890 41943 36969 59615 51636 39096 45190 48238 58888 63079 75676
33832 28432 31997 44659 57192 60855 74598 54193 51792 45986 39414 40349 48904 41592 43960 48964 47845 48384 40961 33070 56254 46740 44579 42608 50976 41511 50916 54029 54591 53984 38950 42443 40790 45349 54704 52455 55821 55129 48255 53406 51329 58980 44305 31213 25566 42613 44986 40741 33025 48008 51100 43803 42604 29976 46821 57036 52381 49450 52349 65825 52718 62946
40772 45398 35239 43493 53513 54439 61455 57426 46328 31067 42251 46977 67078 49913 45507 44196 42882 38541 51209 39908 47709 48486 46205 31283 43363 29270 48909 50770 44535 49981 46376 45362 42790 47457 50994 61663 66765 68817 43076 29897 33937 51639 45813 38288 40318 45855 53252 38986 53493 50251 64710 53011 53114 48714 43811 54819 48522 55328 54024 67297 63516 58536
37942 38815 27155 48019 53901 69312 52338 52149 49381 30324 42509 37470 50361 44598 42727 45340 51406 36837 34108 27162 34767 47160 54370 45845 43113 29891 40458 37314 46122 40671 51430 44138 26529 30240 36898 55733 55911 51325 40702 41440 41609 50172 49414 38067 43530 42223 46197 43066 56476 66475 60506 54034 44761 52266 48268 57148 54749 63109 46011 41205 53555 48825
56316 47394 39898 51313 48115 63238 46282 29898 29756 36458 35544 46461 57444 58088 56242 43932 58943 42051 36043 28622 26075 41317 47861 56781 56631 44178 45845 37032 51604 53233 48146 45076 40881 28208 30650 35362 45781 43962 31713 26498 31695 47253 48201 55292 48416 45512 49325 43977 52739 62483 61220 56219 46457 59949 48711 50241 52977 55094 51223 40240 49120 40382
58946 41608 37777 51559 52278 57039 40311 46826 44146 53645 37764 29570 44036 61235 60511 65167 56462 46187 32071 40482 50602 50314 46202 46259 49399 42664 37600 45013 47196 65754 56037 43122 38183 35509 39384 29054 40532 32933 41710 37486 44478 56832 49124 56039 46912 54968 48560 53079 49936 51625 40075 36265 42943 52812 51445 52747 50833 59150 47094 30461 40097 42815
49558 45545 34999 49403 46244 40233 39268 36658 35972 42383 37867 41599 41791 54820 53285 56691 51999 46470 36229 43878 56382 58129 56745 54272 61516 56770 49321 51064 45905 60018 50245 41067 46723 28526 23703 24101 46769 37969 49970 39959 41768 44778 55318 55687 51682 46028 51640 45049 46257 45422 46149 28257 37478 36733 55268 54862 60507 59053 62137 42007 48652 36696
36556 50597 45820 51233 53018 39274 46255 42156 38856 44817 33148 44067 36475 48958 45941 54955 35579 48611 39571 53070 57927 57515 43387 35036 42718 48386 57276 62676 46615 59806 48054 51723 45393 42023 33687 38906 48632 45667 53990 52929 40542 45193 41556 44938 53938 50707 57483 50618 36248 18428 36202 27178 37460 28955 44455 59336 58546 56747 45093 38112 46997 52683
32371 37887 43311 46652 47116 48106 51366 43312 30531 35267 28948 42032 42074 46190 48478 69469 55736 59748 39667 45350 41999 59352 59207 47698 55246 54114 46580 51085 40250 54905 54156 59761 37151 39637 29190 37881 40718 44942 44813 58854 39406 45584 40872 43352 47533 38492 39490 34407 38284 31613 42862 34841 39785 35905 47355 64276 57982 47289 51600 45580 47943 35460
56488 41979 48622 55505 50913 50382 46786 35056 33352 39577 39833 49691 43522 41475 37678 50532 51961 57159 40549 54068 44847 46913 39560 48146 55848 63577 49498 52109 42422 58982 54553 65165 48130 56754 61386 51959 44566 45272 34714 45362 43326 45646 36056 41643 43303 43020 47714 33189 31239 37996 40918 37875 34989 52122 37285 56195 44709 51914 42004 33263 38124 37862
61916 53722 50168 57244 41079 52379 56798 46527 41610 36209 50334 56729 43771 45262 54020 59728 62027 52555 41234 38200 49225 66714 49146 51513 51878 56970 48141 52158 50383 51917 51327 63360 50782 49021 59187 51278 43650 44975 42743 47790 47185 55067 42220 44122 47083 37878 42038 47067 44061 46639 47244 45292 35543 48548 38401 47123 41630 49150 45791 43154 42953 32566
47919 43501 45146 56400 41802 35926 38575 34738 40910 44356 44372 41377 33760 30227 50686 48312 47774 47617 46990 44776 51068 60574 55588 55136 53590 51552 46306 51871 51455 62890 42261 52538 52264 56613 62093 50878 44423 33606 38772 45986 43183 51605 48633 37441 49757 47255 53227 57859 56745 60234 47764 56407 36513 47411 42699 46328 41567 36326 36661 41846 50349 39833
43332 47901 41296 51115 42125 46390 43617 39714 42257 38867 48064 43630 47113 39923 33285 35879 46171 47344 41939 41866 42556 71001 49505 50291 34388 48002 43545 39016 41178 50778 41391 46625 46431 43030 56272 56954 48595 47169 49147 51672 39985 32325 39638 43679 29819 44068 41742 58073 43941 59134 40574 61123 36883 36148 41914 43285 40481 42705 46112 69123 71805 59976
30801 48746 33339 44236 37587 39375 27738 42526 39527 37529 41562 32345 44240 43392 40744 35715 53042 54875 48715 42490 28739 49128 38131 41979 30846 32169 23598 38625 32925 44643 32444 44267 55310 63395 52938 42150 26815 31908 44284 49180 36241 44269 48567 52536 43642 42976 39320 40507 33246 52216 36667 52287 42414 37287 55574 50236 42314 32941 45421 55644 63939 39631
49682 56224 54160 41413 43828 58441 50829 48591 44383 33084 45519 44551 39050 38151 39453 47715 53693 55440 37336 53798 33557 46943 35176 52141 48615 44070 38884 24785 26510 19101 27790 35316 58037 60313 62104 43000 40236 31961 36743 35572 32469 53304 52484 50833 34453 40972 33151 37905 20654 52249 38389 46175 33705 37319 58826 50654 53602 50807 60925 59246 57727 47957
53764 61807 55566 40090 27754 47024 45074 48060 51338 33784 33897 45639 49485 60904 62760 60546 56888 55297 51448 49730 34260 37343 41587 37246 45685 47151 57021 42509 38792 31076 38901 48783 60793 49414 48703 31065 29344 47036 35641 36838 42934 64862 64985 58665 62290 50313 43324 39777 35656 40679 47144 31475 42596 42035 56011 48338 47886 41915 55152 43156 52752 39980
52891 50213 41510 41683 41905 49582 54176 54315 54349 51199 35567 52101 52397 51679 52017 53859 54543 53237 47423 45007 47320 54281 66215 53831 60903 53403 61057 55990 53953 46108 50394 58487 60123 44937 38237 34405 34650 36963 38693 36317 51598 63547 53399 55378 54997 52792 54857 39014 51099 44918 54118 33393 31098 37597 42968 42715 59680 56687 53006 50178 56837 53807
