0.000000
0.000000
0.000000
0.000000
0.000000
0.000000
0.000000
0.000000
0.000000
-1.824080
-0.578709
-0.924893
0.329522
-0.425816
2.008149
0.937891
-0.853238
-0.387313
-0.347585
3.306574
-1.510200
0.203540
-2.084432
-0.006937
1.909891
-0.408455
1.104554
-0.066115
-0.422499
-0.251656
-0.586903
-0.626058
-1.330194
1.506801
-0.393076
0.293774
-0.876532
1.116991
-0.273556
-0.091033
-1.828977
0.395976
1.811506
-0.869078
-0.458229
-1.138324
0.129162
0.064024
0.705081
0.551474
-0.812516
0.224948
-0.328301
-1.091033
-0.126856
3.801660
2.315171
0.139827
1.738857
-0.045383
-0.053138
-1.949572
-0.960106
-0.783499
0.107519
0.013985
-0.578942
-0.588813
-0.166153
-1.381412
-0.612639
-0.381290
-1.248949
-0.330238
-0.834807
1.235382
-0.243804
-0.189546
0.428028
0.556968
-1.736242
-0.376784
-0.909032
-0.145170
-0.536333
0.157069
-0.980459
-0.567767
-0.591160
1.082591
