-1686 -576 -3583 946 -1074 -768 -241 -588 -970 552 -993 -651 -2061 1909 -2300 1746 -1500 561 190 -654 2327 1277 -1687 424 -1496 -257 -366 358 -2068 828
1352 3279 -1125 753 630 -1886 -254 -1018 97 152 133 -1279 1128 -1337 -81 741 -282 -705 612 1211 141 -1746 212 -1511 170 108 -840 2190 1175 -1177
1738 1421 2009 -843 -1469 1640 -1317 1365 -639 2714 3826 543 1196 3411 593 1307 888 -667 -528 2073 605 -1222 1846 738 -1839 637 1047 -2028 980 1198
-1109 -803 -2182 2147 -253 2239 2169 -1433 -285 -2620 85 502 -447 -2422 -1570 129 -261 -228 789 -2252 -1777 -205 -403 -431 -351 723 -1886 -615 -1022 1520
309 -1143 558 -274 57 1316 -85 -336 995 12 380 1822 -163 2684 -2218 -285 -1407 -827 -1225 519 813 -131 728 -2466 980 -1119 381 2357 -1148 1283
-1073 -1837 1200 2484 2548 94 899 338 -4007 1065 -943 -1910 2008 -2928 1745 1929 -2454 3102 495 1283 -1554 3142 999 1998 3223 184 184 -1224 202 -2165
1990 -985 -1773 -606 -2787 -614 -153 1161 -1061 1834 800 -1859 2254 1405 1185 -2667 2216 -501 -5006 -335 -775 1613 -3463 460 -166 -561 -1032 800 2346 910
-1441 -1039 -2822 465 1353 -213 -487 -2148 901 -1115 -194 1187 -720 -2227 4325 -1261 3084 -2023 3524 -1949 694 -1453 -1185 2908 -2385 2711 -136 600 -1207 -1829
606 1953 3495 -820 -117 1848 206 2408 1355 1499 -1883 1680 -2340 2314 -2378 1459 -1277 1216 -1847 -972 -1035 1673 1862 44 -661 893 -1056 1392 -7 1836
-825 -2457 1217 69 -689 3447 -3251 1193 -1648 -1953 687 -2136 -1208 1771 -1423 2229 312 4060 852 -956 818 -2024 -440 -2026 1897 -745 701 1422 -1862 1347
265 402 -2217 -1924 1214 -3907 2238 -3705 1846 -171 -1869 -205 8 -2517 1304 -1740 1752 -1571 2732 -682 519 -1457 1804 -1041 877 1951 -2743 510 210 -1939
1541 -1506 2559 3084 546 1967 -935 -1977 896 545 1095 -450 1881 214 -613 -2244 -287 -98 -3622 1638 -1093 1040 849 -509 689 -701 1507 -627 2876 1828
2058 2386 -493 517 -2746 2133 -1340 2690 1988 -3362 -164 -59 -3087 -186 1111 -545 333 1613 1781 -1474 -1454 3344 -4135 -2047 987 -1423 460 58 -1532 -2470
-2874 1411 -138 -453 1984 -3580 -199 1660 356 1620 1311 211 1343 -489 1182 -365 541 389 -1672 3576 -1729 2110 -2216 754 -860 1827 134 -977 -1090 340
-488 -1234 2493 -3275 2280 -848 -711 1088 -238 464 810 1800 990 28 -1045 1510 -1189 116 -1386 761 2593 -1356 2259 772 -936 -1033 -4279 2118 -918 1507
129 -1858 139 1454 -685 -459 2411 -1371 -2584 586 -214 -262 -1203 -536 -3794 312 -1706 790 2172 1339 787 53 1134 -2442 2139 366 2016 -1344 -1194 1804
2000 1499 -21 1459 285 59 -1224 -1483 608 2579 -328 1647 -298 -2036 2534 5 2852 -539 1167 -677 -1342 368 -132 3143 -635 -2409 141 1249 -1450 884
155 1060 -1631 244 -4218 1964 362 -788 1242 -700 234 -1238 2898 4581 -2494 -10 -733 -1581 2523 2147 247 -968 -1673 -365 2057 395 -531 -5 -287 -1965
-1166 -522 844 -1017 -1355 1621 292 519 -2539 1256 4396 -1773 -1715 426 -773 -622 423 1939 287 2007 -28 -252 3641 -839 1946 -903 882 -498 2542 2978
-340 -153 1375 -11 -446 -1473 -1050 714 -2012 231 -825 2720 2282 -2520 1225 -709 -331 340 -1194 -4120 2619 -1320 -1832 711 257 1959 -70 -169 128 -3383
-370 391 -666 3282 3243 261 1685 367 -848 -1205 1442 650 -244 -2332 1086 -190 -274 229 1447 -299 1626 1717 -2219 1469 441 -1880 1537 2724 994 -128
1248 1206 18 -1887 -1720 705 -1916 -1862 2104 -1307 52 -198 1206 2849 922 -1366 450 -1078 -1443 -324 -656 3101 -354 -1260 -2476 1912 -1651 59 2757 -2050
-782 -2495 -1506 -455 271 -1085 1297 671 -792 1385 -592 868 -599 1534 -2481 2701 -1570 777 -1620 1341 918 -366 1661 -881 -1519 878 -708 -1229 996 2337
685 -269 163 -23 930 325 681 -2556 1219 -1088 -1354 -1547 2422 -315 1070 681 -52 232 -2742 -1322 2086 340 1040 -863 412 -1814 869 -238 -1058 -2011
1049 -1515 308 -1151 852 -765 -51 1179 814 1061 3144 -1622 -14 -622 1032 544 692 -511 -1310 360 -365 -437 -833 2861 -689 132 471 718 -869 2632
-2644 2249 -2520 2474 -923 364 1177 -917 2825 -967 -718 -743 -492 -2193 -2943 -2219 798 -986 2855 -1285 799 -1407 -366 -1311 2931 -888 -1290 -499 1801 -1
890 -1492 -1314 1583 -1413 375 -2749 623 352 610 -2415 -1734 -1711 1633 1136 -458 -176 114 964 1251 1542 1176 3785 1056 -192 619 1729 -1078 -333 -1307
2822 -1673 2593 -956 1476 14 -3051 3658 -2756 1634 3135 1434 -40 -1040 -1277 361 435 -18 282 310 -1463 2436 -3233 1290 1033 2137 -2158 3571 -2699 -903
-1341 199 76 -1116 3000 -2248 504 918 -858 -148 -1326 552 25 1642 474 218 -977 -551 -236 -328 399 688 46 -856 554 -1322 3280 -1329 1265 -2787
-1144 430 -2922 3556 -1683 3452 2153 -140 1291 -1129 1925 2970 -520 -625 1410 -742 189 1174 -1184 -142 101 1767 -981 563 -2182 -155 -166 -1179 724 683
1867 664 122 379 -3284 194 -294 -1073 225 2000 3091 3250 -263 1181 -3908 502 -3512 855 1205 -2088 4002 1966 -418 2196 -1994 2191 449 1250 865 3085
-192 -1293 -2411 -86 3 -133 2661 2378 -1031 2109 1203 -1355 1324 1110 1412 1096 -1167 1623 1842 1122 -61 -328 685 4051 1599 -1035 -2022 122 246 2098
-3714 -4072 -1001 768 1549 1709 726 2046 -2157 -757 -1781 -2225 -1237 -1557 -2723 -68 1156 39 -86 2237 -3866 -1101 -1730 1297 2094 -1580 -1644 -1078 859 -451
-2637 191 1329 892 -3559 370 -618 -4743 2730 -1244 -1998 -464 -203 -1870 -1292 -998 -2536 -1096 1105 1058 15 -774 -1212 -281 1016 1932 1974 -887 -126 3391
-2382 -2362 1083 -956 -1471 -3043 -1001 1451 269 -2599 -1798 -567 1093 1612 1422 -141 -1883 -155 1012 -283 1925 948 43 -2798 757 1141 2215 1840 -1149 529
1307 -118 527 -3163 -2552 -2735 -482 2035 -770 1312 109 637 1667 -1955 363 -993 2123 837 -1986 -2324 -310 -1233 -3512 89 871 -2212 1488 892 1143 -1973
1310 1520 -1242 -1557 -409 1710 752 -1602 -1907 1365 -530 218 -865 -3959 -1107 -1818 1762 1606 2206 62 -1361 -1405 -1872 1368 379 -808 -2505 697 449 37
3088 3085 922 1497 2981 526 -2072 72 364 -2794 -830 66 -4437 881 1907 -2614 584 1079 1377 -1631 1086 4826 2145 2561 -2457 -1098 -1526 774 -81 2543
-3165 -1774 2335 515 542 -912 -2026 -381 -1311 1169 1770 552 -695 1469 -3881 1947 -1828 -1012 1460 1986 3258 1089 -1428 -2499 473 -315 384 -877 -1777 178
323 -407 -194 510 -2507 -1450 -1366 -313 1283 2344 4876 334 2270 305 -2636 -297 -3792 -2180 227 -240 1879 -397 -2188 -2825 1016 -2003 -1444 -1680 -1853 1176
2560 3167 147 -1512 837 -345 213 -1139 3720 -365 -310 893 133 -286 4664 -164 -1164 -4329 -18 691 51 241 841 -405 650 -1562 -934 2402 -924 -1395
1871 56 989 4 970 1370 -207 2547 1993 -122 1554 -1299 -1785 777 2952 1656 2494 1639 -657 2844 -1746 -1274 -815 -180 -1712 -345 372 -2261 815 -1845
-3098 -2496 -2380 247 -1321 228 -123 1852 -311 -1054 3181 1382 -507 1155 -820 308 1984 5704 1831 -1845 -1560 436 -475 2349 187 -1541 1004 -245 1050 -615
-2149 2253 -1150 -1531 1389 -3055 -774 -2510 -1996 -792 -3106 -2412 -69 -557 -1329 2332 1446 -1608 -2427 -1060 -115 1597 1889 1693 1315 313 641 755 883 982
145 -1035 -1043 -1791 2629 -102 112 319 -1660 187 -4374 -2420 865 -1388 -867 1764 -364 -351 -1443 -78 3590 -3138 -1877 -54 2359 2849 110 522 -1388 270
1799 957 660 -2418 -3427 1733 487 -1647 2667 1142 875 2325 -129 2948 81 2833 1281 1263 1056 -2643 -3142 -2570 -1024 1018 2445 208 2239 -2041 742 1432
747 -1324 -1200 -1180 -1633 -47 -806 -572 802 722 -401 1814 -2334 -786 2466 -3390 -762 -4233 1509 -615 -923 316 940 1758 -1865 -1949 2315 943 2710 240
-1122 453 -1901 1412 -407 -407 -2195 789 -439 -1350 701 -3389 128 -1085 -2078 -730 -1223 -642 126 -691 2734 2062 -1411 -828 -2071 -896 289 3084 1705 -476
-213 3014 5107 2140 213 -530 126 -494 -8 -65 90 -861 2194 809 -501 1157 1489 763 -1970 -2534 -123 249 -2347 -3351 -346 -175 963 1670 -497 -2517
-958 -539 1802 746 562 1290 2894 243 -2272 -840 -54 3009 -860 -3076 2676 -1310 1139 739 120 1740 179 -2415 -806 2049 -1809 -2832 -1347 1729 1310 -15
1225 366 -2335 -3531 339 -658 -2437 473 3090 1143 -1279 -2489 -1664 -1495 2686 685 -1924 -492 -1285 1438 -337 -807 -448 2683 -866 -927 -1090 -2307 -1524 58
1068 -623 -2253 -3538 -397 -337 -614 1340 2912 -271 1169 -496 -2452 1821 274 -499 2664 1338 -821 1071 586 1506 1296 -457 274 -662 -1346 -1600 -781 -1822
2989 -699 183 776 -382 953 2738 -842 -1271 1202 -1911 -2719 -605 -1687 -896 -437 -42 720 -557 800 2271 -541 -2366 -1691 2378 2182 635 -1559 77 148
-235 -710 1095 1758 1358 98 114 0 -784 606 289 -1523 186 -1952 -277 -3113 -1194 1835 645 1839 -1675 -3016 -1796 2204 1519 1912 1542 -44 1164 -32
-666 -583 625 227 1513 42 -1917 373 -655 -1808 -1116 1049 930 -1343 -2227 -383 510 1814 1140 1054 -1233 -377 915 1634 -676 -1291 -1982 1342 2836 1595
-506 434 -655 2396 -507 -1621 -1634 854 626 -2055 -394 1933 2846 334 2655 1130 -454 -2637 -1008 558 1345 1547 934 -318 77 -981 -687 -61 -1107 -2259
-48 -898 1950 2103 -1722 -401 1116 2029 -1450 3001 2944 1565 1739 2802 2375 844 1788 -2888 -3606 -515 -1168 -1320 -531 -2424 -2484 -43 288 -661 -2117 495
1014 -1957 525 -2183 1190 1019 2098 820 -3685 275 -605 -676 -1275 -135 559 1964 -144 445 -274 1352 167 214 -2854 132 -1500 -2542 1212 734 -2260 1150
-3993 -1022 -1614 -902 1030 -2083 -78 558 -129 -534 -545 1915 -24 -80 -1100 200 593 601 701 -479 238 385 -1523 -240 407 -1325 -1473 -2167 2393 151
-71 -1029 -1243 212 -2489 -2252 -3616 -1061 1962 1650 -1330 -2683 -2238 -1486 641 -1128 -1010 1868 1466 -903 -648 689 1550 2713 -447 384 -999 -2733 434 1196
-286 2531 1823 763 -2173 -227 -182 679 -648 508 -485 -934 -1300 1654 -9 1237 -927 -1220 -733 -814 -868 -1962 -1436 1572 -2181 -792 1215 -148 -2448 -1746
2396 1157 -35 -477 -1005 801 272 195 740 -1282 217 -60 -640 -841 904 136 126 -205 -93 -588 -1706 772 -538 214 -131 -382 -401 152 1298 879
344 969 827 -179 4 1563 218 -1257 -1059 -615 55 1377 115 446 -748 -906 -576 204 -410 -60 -1927 -465 -327 -1451 969 -1254 -1671 -490 133 -59
-617 -1171 -333 512 370 -150 2866 288 -1034 102 1601 698 957 -906 693 1078 -637 -770 805 -359 1454 1222 -356 1549 -474 1410 -832 -922 540 598
679 -1169 -1460 -177 -200 863 -793 225 -725 -763 -1068 296 -1788 555 -411 -718 417 559 -784 90 -1082 1657 -881 -65 1318 -1118 -415 -398 -751 650
1463 -743 -1739 -338 846 -213 2208 -863 -641 -128 -440 -798 403 304 1874 687 746 -61 -18 -1021 3177 191 -970 436 -105 183 268 699 1030 -1067
-50 -495 1231 225 437 712 -159 -710 477 1184 -1145 -290 -310 802 86 980 -327 1239 419 896 -1175 913 -815 958 -227 -367 -337 -595 -793 -405
931 -32 507 150 -2249 1268 1383 602 1406 -96 1636 -476 -880 -27 614 -1097 -209 1389 1499 -1495 -64 -974 -699 -1845 979 -304 289 605 567 1184
214 939 -1261 -83 1915 -1199 40 -1846 -411 -768 -1411 1109 -201 1223 -67 -90 1004 684 2332 9 -423 -56 1694 194 305 1984 -198 129 -63 -98
588 446 1095 622 630 1288 -238 -26 -482 -366 657 -1927 355 632 -205 -695 333 1487 -200 1318 -1697 306 1236 373 2046 -296 1542 -108 807 906
-511 1122 42 1162 1085 -112 -977 -1238 1182 -413 -1603 676 -1194 -356 216 -1081 889 348 891 -729 255 723 1140 -1354 192 166 -1022 946 -369 -1773
973 870 -1058 -1034 221 -977 -1602 -1202 354 -18 -250 142 69 -650 44 91 -1122 -826 -1436 1372 352 1112 -222 21 -261 396 796 -942 -650 -229
-585 -160 1003 717 974 149 -1181 706 2926 977 775 2864 88 651 -1317 -69 -306 -1670 -143 -166 3029 186 828 1146 1393 -985 -1813 -597 -913 -117
-219 429 -958 -218 139 275 929 737 -692 570 565 526 171 -923 -361 766 1430 74 1072 -419 -1 -184 609 1071 454 -234 447 -1320 -1032 -226
-629 557 751 767 519 -615 -1626 -920 991 1144 1514 -317 -1331 -144 -2500 -631 141 -750 1697 240 1734 1143 1037 1104 44 291 -178 1384 -831 -916
-4 256 979 1670 -1924 532 1058 -1791 502 291 285 4 361 1997 -1011 -1657 -10 -857 451 982 994 -1070 -141 -993 1044 -543 1850 -116 570 557
1707 864 480 -268 -914 -56 1170 1339 -678 -625 1109 1060 1634 1125 475 -1891 -347 -184 495 1152 1592 -870 -740 647 1344 395 2032 -1172 -726 243
969 1341 550 524 0 901 -632 -1405 -146 -1113 922 1244 492 1238 -364 779 580 131 993 -1958 -70 172 398 1327 -890 55 -110 279 929 571
-275 642 -170 299 557 -784 414 -785 -502 -342 -39 -412 -72 1605 612 -435 -552 -513 -9 1888 416 1123 -301 949 2020 -1325 186 -533 2378 9
488 -632 1680 422 548 -1585 -613 -84 -1416 -962 824 505 -324 1114 885 -720 221 -771 115 482 1614 862 1259 592 -681 437 -353 -202 1768 1609
103 -1884 -1036 654 383 -192 418 -1165 -503 -674 -506 985 124 1039 -1072 1196 89 -325 -2315 383 937 -435 -905 1076 -816 84 943 383 45 744
671 494 -233 778 549 -145 402 -456 280 -1291 428 124 1196 470 -740 -157 1647 -935 -767 -1557 1329 1405 1175 492 1102 -1005 -331 1268 373 214
804 -88 -690 -1405 -401 -1144 -834 627 -811 1153 1134 473 691 694 20 2141 1388 455 -745 31 649 1592 -503 277 -139 -940 -383 1104 155 409
-1140 621 -496 -68 -898 -296 262 187 1104 -259 510 604 -448 -456 -743 -1238 -98 -1184 877 -285 509 859 625 -542 1795 -643 -651 -1523 -551 1168
888 -70 1006 -517 620 328 -589 189 -155 444 -1156 -1993 -448 189 133 232 166 91 869 1461 -272 1679 691 440 561 668 1002 37 -150 -566
1530 -264 -660 16 -203 166 -1272 557 200 -40 302 -597 -1217 688 -9 144 -465 849 2535 100 -51 1422 1153 1284 -469 581 151 611 -269 637
364 823 -922 1140 806 22 -630 317 -110 111 -677 465 -1155 -396 -44 875 -11 1949 911 253 719 747 -83 -63 1048 -1681 1073 58 776 -664
267 -2078 282 778 215 -550 126 186 969 -644 295 -108 -242 -957 955 323 -949 791 -816 -1542 -153 1788 526 429 -336 755 -1353 674 -1087 -87
-942 -22 0 -595 744 300 -486 -483 -1148 -594 -1282 1717 508 -1598 -732 531 -427 1121 -290 -891 340 -415 -1372 -968 1019 7 -923 -1823 28 1085
2043 -1804 359 348 -830 954 975 -1420 45 -2350 -343 -243 177 -42 -171 -117 -1564 -545 -32 -2340 -727 -338 1013 249 -159 953 507 -683 214 -1
