985 108 640 -751 132 315 1593 199 320 -358 -267 794 219 99 -679 210 21 136 -47 -392 433 1189 -3 -814 -295 -236 -595 859 1009 858
1911 -735 -11 -466 141 897 244 387 -861 -206 505 -658 -1285 -1697 142 179 -309 301 -172 -1233 -145 733 -284 -22 457 158 -4 -1236 -482 643
527 39 -1075 1000 699 -330 -442 838 -608 -1368 -265 731 771 -179 737 -1152 191 674 -808 531 -202 613 -733 -420 180 -866 536 -127 -20 649
186 -503 -867 -825 -159 -1116 42 156 234 43 500 1157 -257 216 1000 -286 -623 553 -571 -1339 53 -44 -69 -307 -694 249 -544 -926 721 -81
606 -1272 262 272 -832 429 715 -350 -732 -426 -150 353 956 29 320 581 -126 119 -676 -377 -94 174 616 111 -340 -883 81 23 895 13
-1036 162 586 -521 379 522 265 -1308 -305 750 -570 -1471 22 217 5 290 -372 505 -367 -579 1037 554 94 -175 -250 1042 323 -389 806 -458
714 -393 -735 -780 129 1849 170 -1196 51 -475 -316 35 971 -1047 -356 -563 74 -264 356 -386 280 305 478 -316 -144 1586 -711 1085 495 -172
495 919 882 -469 136 709 -181 -433 222 -16 1157 581 236 601 324 636 -246 -63 -608 419 -499 -1176 631 350 464 -568 222 314 -588 -1139
-508 455 -429 -309 -100 -384 -457 -271 -568 151 959 595 -429 -752 771 1394 -492 -221 708 1068 -48 -773 1051 -603 -84 679 -932 -1690 -1026 -706
-206 923 295 -538 -886 242 734 2146 -424 539 1776 -938 -782 -1399 603 151 -1555 -433 305 137 -587 673 780 -977 176 1115 -483 216 -406 610
627 1116 518 354 -600 615 1822 96 -743 984 751 -964 -400 396 -150 577 -141 259 271 522 -567 139 700 -968 1545 691 -1439 -316 17 924
607 372 -993 -1398 1415 1199 -235 -628 -2460 275 746 -888 475 282 616 -175 -602 506 169 1260 797 469 -843 -1826 1058 11 -1767 -202 -417 98
-172 -1294 -497 643 420 -340 -838 -782 -283 130 -856 77 560 -1161 -1005 -355 -1116 -142 667 1161 421 -839 -1948 -579 441 -25 -755 -1078 834 232
-239 -1077 -333 559 338 -1115 -1433 -592 -311 661 99 789 -610 390 -481 -1021 986 1330 253 247 278 -1012 -1749 5 1200 -105 -144 -309 293 753
902 684 503 -35 -804 -1060 -515 259 473 407 690 1838 217 -1023 -894 103 -100 695 -837 -108 165 -905 -1554 1489 198 711 689 375 -31 386
-194 291 -1442 1122 850 219 -273 422 790 224 646 780 -211 -941 131 615 -323 -967 -958 259 1223 59 -964 996 882 -425 -687 1233 691 335
685 474 -937 1068 858 -111 130 1106 45 246 -218 -797 -2224 -1079 703 843 501 -141 -570 47 -764 -146 -170 524 1010 -80 -250 -544 -526 -397
87 586 -418 1399 -618 -1334 -878 620 -216 -26 -597 -292 -783 -630 333 257 147 -454 1144 180 -46 -201 -268 273 969 34 -345 809 -260 113
-583 168 156 -236 45 -1415 -1060 858 -1263 -73 -664 -1395 176 620 -500 320 436 53 -696 657 -236 353 291 352 868 -1553 -924 888 -1087 517
-702 845 -210 476 -619 -299 128 301 341 -734 665 -111 -708 797 790 -91 392 83 -204 -644 -655 -1003 360 525 -242 -692 -613 338 200 -1070
159 323 851 -1088 345 -66 -269 822 322 380 -779 -988 86 393 -513 692 1467 -833 -943 -294 -518 -319 -530 945 1179 -279 1044 51 -363 63
-362 -250 -160 945 -126 -1293 403 1156 554 -811 -1166 -97 795 -13 -790 26 34 -752 56 1078 110 1118 147 678 -209 -179 88 203 241 -451
40 -33 410 -945 370 -813 518 1292 330 -35 -949 -193 1713 332 -924 696 -250 -100 -490 -236 1482 57 -1037 -66 -168 -152 -1237 -802 718 529
-127 334 139 -262 322 -164 781 227 474 -1856 -30 374 311 -1229 -168 585 547 -1181 -358 266 -188 -112 -1019 692 -594 780 -854 235 -469 -244
-380 803 380 -10 291 220 196 198 -736 -320 -146 889 910 -931 -339 73 -400 -625 -569 611 605 583 -314 1568 599 -28 -154 -421 2125 -34
-355 54 1076 -762 -258 201 1120 -291 -51 366 1010 687 607 -1184 1090 -314 299 -322 1155 1380 209 -73 -590 -838 -432 314 -878 214 -76 1087
-562 1000 861 -1128 112 838 709 -109 629 -1288 -602 -100 -436 -238 -70 -775 685 191 41 590 416 -777 543 -95 -1239 -421 -298 513 984 -452
984 754 637 -472 -809 1133 785 -705 -1441 -202 -335 47 156 -49 -403 175 575 168 -327 1 101 -426 264 -185 413 271 -521 185 -338 43
369 80 -267 -1217 -159 -210 -298 -460 -427 366 -186 397 806 26 -220 101 377 -164 -75 433 -143 -493 -135 -976 -1116 1089 241 -922 902 -74
-117 -437 -406 -1420 -1078 -529 753 514 -509 587 -232 2 -921 173 -180 171 172 -453 678 -1072 -951 122 -385 -173 133 973 567 -931 -211 -277
