991 115 643 -749 133 319 1599 206 327 -356 -261 799 224 104 -677 215 26 141 -44 -388 439 1195 0 -809 -288 -229 -589 861 1014 863
1917 -731 -5 -462 145 903 249 391 -856 -201 508 -653 -1283 -1693 147 184 -305 307 -167 -1230 -138 739 -280 -19 461 163 2 -1231 -476 649
532 42 -1071 1005 703 -326 -438 844 -605 -1364 -260 735 773 -174 744 -1147 195 679 -805 532 -198 619 -730 -416 184 -861 542 -125 -15 655
192 -500 -865 -819 -153 -1114 45 161 237 45 507 1163 -254 220 1005 -282 -618 558 -566 -1335 57 -39 -65 -303 -691 253 -542 -923 726 -76
609 -1269 265 275 -827 433 719 -344 -727 -423 -146 358 960 32 326 584 -121 124 -672 -371 -87 177 622 114 -337 -879 85 27 901 17
-1033 167 590 -519 383 529 269 -1305 -299 756 -567 -1468 29 221 10 293 -370 509 -363 -574 1042 560 99 -172 -247 1046 326 -386 812 -456
717 -388 -732 -776 132 1855 173 -1193 55 -470 -314 38 976 -1043 -352 -557 76 -260 360 -382 287 309 481 -313 -138 1593 -707 1090 501 -170
499 923 885 -465 141 716 -176 -430 225 -12 1162 584 240 606 327 641 -241 -58 -604 422 -494 -1170 636 356 470 -562 227 319 -584 -1136
-502 460 -427 -306 -95 -378 -453 -269 -565 154 965 599 -426 -748 776 1400 -489 -216 715 1075 -46 -768 1058 -599 -79 683 -928 -1685 -1021 -699
-202 928 298 -534 -883 246 740 2154 -420 544 1782 -935 -779 -1395 611 155 -1553 -428 311 144 -584 677 785 -974 182 1120 -478 219 -401 615
632 1123 524 355 -598 621 1830 99 -740 990 755 -962 -395 400 -143 583 -138 262 278 529 -563 145 703 -965 1553 694 -1436 -313 21 928
612 376 -990 -1394 1422 1205 -230 -626 -2458 282 750 -886 481 287 621 -169 -597 509 174 1267 801 475 -839 -1823 1067 13 -1765 -197 -413 103
-168 -1290 -494 648 427 -337 -835 -778 -279 135 -851 83 564 -1158 -1000 -351 -1113 -136 672 1167 425 -836 -1947 -575 448 -18 -753 -1072 839 238
-236 -1074 -326 566 342 -1114 -1431 -588 -306 665 104 795 -605 393 -477 -1018 991 1336 258 253 282 -1010 -1747 11 1206 -99 -141 -305 299 758
905 687 507 -32 -802 -1059 -511 263 478 411 695 1843 222 -1020 -890 106 -94 700 -835 -101 171 -902 -1552 1496 203 716 693 378 -25 391
-188 292 -1439 1128 854 221 -271 427 795 228 651 786 -208 -939 135 618 -318 -963 -953 265 1231 60 -961 1003 887 -421 -680 1237 694 337
693 477 -934 1074 864 -109 134 1111 49 249 -212 -794 -2221 -1075 709 847 502 -138 -565 53 -759 -142 -167 529 1015 -76 -245 -538 -521 -394
94 590 -414 1405 -614 -1332 -874 626 -208 -22 -594 -290 -781 -624 338 262 150 -452 1148 184 -42 -195 -264 279 977 37 -341 814 -255 117
-580 173 161 -231 49 -1415 -1056 863 -1261 -68 -661 -1390 180 624 -494 328 441 56 -691 662 -234 357 294 357 875 -1551 -919 892 -1084 522
-698 851 -205 478 -615 -295 131 305 343 -728 669 -107 -705 802 793 -85 399 88 -200 -639 -653 -999 365 530 -237 -689 -607 343 203 -1067
163 328 854 -1085 351 -63 -265 828 326 382 -777 -987 90 400 -508 698 1473 -829 -940 -287 -514 -317 -524 950 1184 -275 1049 55 -360 64
-360 -245 -155 948 -123 -1290 408 1161 558 -808 -1163 -92 802 -7 -785 32 39 -750 60 1082 113 1123 151 685 -204 -174 90 206 246 -446
44 -27 414 -941 372 -810 524 1298 333 -31 -946 -187 1721 334 -920 703 -244 -94 -484 -229 1488 59 -1034 -60 -161 -147 -1233 -796 724 534
-122 339 142 -257 327 -160 787 235 478 -1855 -27 378 319 -1225 -163 592 552 -1177 -353 270 -182 -110 -1015 697 -588 786 -850 241 -461 -239
-376 809 383 -7 293 224 200 202 -734 -315 -141 895 916 -927 -335 78 -398 -623 -563 616 612 589 -309 1576 603 -22 -150 -415 2133 -29
-351 60 1082 -759 -256 206 1125 -288 -46 373 1013 693 609 -1182 1095 -309 301 -318 1163 1386 213 -66 -586 -832 -427 317 -874 218 -70 1092
-559 1007 866 -1126 114 844 714 -106 632 -1285 -597 -94 -434 -235 -67 -771 690 195 46 596 419 -772 546 -92 -1233 -414 -294 518 989 -446
988 760 643 -469 -804 1142 789 -702 -1438 -199 -330 52 160 -45 -399 179 581 172 -323 6 104 -423 268 -183 416 275 -516 191 -334 49
375 86 -263 -1215 -154 -203 -291 -456 -423 371 -180 405 811 29 -216 105 382 -160 -71 437 -137 -488 -130 -973 -1112 1095 242 -917 907 -70
-113 -431 -402 -1416 -1074 -522 760 518 -503 591 -229 6 -918 178 -175 176 177 -448 683 -1068 -945 125 -382 -170 138 979 570 -929 -206 -272
