3796 3868 3940 4012 4084 4156 4228 4300 4372 4444 4516 4588 4660 4732 4804 4876 4948 5020 5092 5164 5236 5308 5380 5452 5524 5596 5668 5740 5812 5884
6100 6172 6244 6316 6388 6460 6532 6604 6676 6748 6820 6892 6964 7036 7108 7180 7252 7324 7396 7468 7540 7612 7684 7756 7828 7900 7972 8044 8116 8188
8404 8476 8548 8620 8692 8764 8836 8908 8980 9052 9124 9196 9268 9340 9412 9484 9556 9628 9700 9772 9844 9916 9988 10060 10132 10204 10276 10348 10420 10492
10708 10780 10852 10924 10996 11068 11140 11212 11284 11356 11428 11500 11572 11644 11716 11788 11860 11932 12004 12076 12148 12220 12292 12364 12436 12508 12580 12652 12724 12796
13012 13084 13156 13228 13300 13372 13444 13516 13588 13660 13732 13804 13876 13948 14020 14092 14164 14236 14308 14380 14452 14524 14596 14668 14740 14812 14884 14956 15028 15100
15316 15388 15460 15532 15604 15676 15748 15820 15892 15964 16036 16108 16180 16252 16324 16396 16468 16540 16612 16684 16756 16828 16900 16972 17044 17116 17188 17260 17332 17404
17620 17692 17764 17836 17908 17980 18052 18124 18196 18268 18340 18412 18484 18556 18628 18700 18772 18844 18916 18988 19060 19132 19204 19276 19348 19420 19492 19564 19636 19708
19924 19996 20068 20140 20212 20284 20356 20428 20500 20572 20644 20716 20788 20860 20932 21004 21076 21148 21220 21292 21364 21436 21508 21580 21652 21724 21796 21868 21940 22012
22228 22300 22372 22444 22516 22588 22660 22732 22804 22876 22948 23020 23092 23164 23236 23308 23380 23452 23524 23596 23668 23740 23812 23884 23956 24028 24100 24172 24244 24316
24532 24604 24676 24748 24820 24892 24964 25036 25108 25180 25252 25324 25396 25468 25540 25612 25684 25756 25828 25900 25972 26044 26116 26188 26260 26332 26404 26476 26548 26620
26836 26908 26980 27052 27124 27196 27268 27340 27412 27484 27556 27628 27700 27772 27844 27916 27988 28060 28132 28204 28276 28348 28420 28492 28564 28636 28708 28780 28852 28924
29140 29212 29284 29356 29428 29500 29572 29644 29716 29788 29860 29932 30004 30076 30148 30220 30292 30364 30436 30508 30580 30652 30724 30796 30868 30940 31012 31084 31156 31228
31444 31516 31588 31660 31732 31804 31876 31948 32020 32092 32164 32236 32308 32380 32452 32524 32596 32668 32740 32812 32884 32956 33028 33100 33172 33244 33316 33388 33460 33532
33748 33820 33892 33964 34036 34108 34180 34252 34324 34396 34468 34540 34612 34684 34756 34828 34900 34972 35044 35116 35188 35260 35332 35404 35476 35548 35620 35692 35764 35836
36052 36124 36196 36268 36340 36412 36484 36556 36628 36700 36772 36844 36916 36988 37060 37132 37204 37276 37348 37420 37492 37564 37636 37708 37780 37852 37924 37996 38068 38140
38356 38428 38500 38572 38644 38716 38788 38860 38932 39004 39076 39148 39220 39292 39364 39436 39508 39580 39652 39724 39796 39868 39940 40012 40084 40156 40228 40300 40372 40444
40660 40732 40804 40876 40948 41020 41092 41164 41236 41308 41380 41452 41524 41596 41668 41740 41812 41884 41956 42028 42100 42172 42244 42316 42388 42460 42532 42604 42676 42748
42964 43036 43108 43180 43252 43324 43396 43468 43540 43612 43684 43756 43828 43900 43972 44044 44116 44188 44260 44332 44404 44476 44548 44620 44692 44764 44836 44908 44980 45052
45268 45340 45412 45484 45556 45628 45700 45772 45844 45916 45988 46060 46132 46204 46276 46348 46420 46492 46564 46636 46708 46780 46852 46924 46996 47068 47140 47212 47284 47356
47572 47644 47716 47788 47860 47932 48004 48076 48148 48220 48292 48364 48436 48508 48580 48652 48724 48796 48868 48940 49012 49084 49156 49228 49300 49372 49444 49516 49588 49660
49876 49948 50020 50092 50164 50236 50308 50380 50452 50524 50596 50668 50740 50812 50884 50956 51028 51100 51172 51244 51316 51388 51460 51532 51604 51676 51748 51820 51892 51964
52180 52252 52324 52396 52468 52540 52612 52684 52756 52828 52900 52972 53044 53116 53188 53260 53332 53404 53476 53548 53620 53692 53764 53836 53908 53980 54052 54124 54196 54268
54484 54556 54628 54700 54772 54844 54916 54988 55060 55132 55204 55276 55348 55420 55492 55564 55636 55708 55780 55852 55924 55996 56068 56140 56212 56284 56356 56428 56500 56572
56788 56860 56932 57004 57076 57148 57220 57292 57364 57436 57508 57580 57652 57724 57796 57868 57940 58012 58084 58156 58228 58300 58372 58444 58516 58588 58660 58732 58804 58876
59092 59164 59236 59308 59380 59452 59524 59596 59668 59740 59812 59884 59956 60028 60100 60172 60244 60316 60388 60460 60532 60604 60676 60748 60820 60892 60964 61036 61108 61180
61396 61468 61540 61612 61684 61756 61828 61900 61972 62044 62116 62188 62260 62332 62404 62476 62548 62620 62692 62764 62836 62908 62980 63052 63124 63196 63268 63340 63412 63484
63700 63772 63844 63916 63988 64060 64132 64204 64276 64348 64420 64492 64564 64636 64708 64780 64852 64924 64996 65068 65140 65212 65284 65356 65428 65500 65572 65644 65716 65788
66004 66076 66148 66220 66292 66364 66436 66508 66580 66652 66724 66796 66868 66940 67012 67084 67156 67228 67300 67372 67444 67516 67588 67660 67732 67804 67876 67948 68020 68092
68308 68380 68452 68524 68596 68668 68740 68812 68884 68956 69028 69100 69172 69244 69316 69388 69460 69532 69604 69676 69748 69820 69892 69964 70036 70108 70180 70252 70324 70396
70612 70684 70756 70828 70900 70972 71044 71116 71188 71260 71332 71404 71476 71548 71620 71692 71764 71836 71908 71980 72052 72124 72196 72268 72340 72412 72484 72556 72628 72700
