3541.000000 3613.000000 3685.000000 3757.000000 3829.000000 3901.000000 3973.000000 4045.000000 4117.000000 4189.000000 4261.000000 4333.000000 4405.000000 4477.000000 4549.000000 4621.000000 4693.000000 4765.000000 4837.000000 4909.000000 4981.000000 5053.000000 5125.000000 5197.000000 5269.000000 5341.000000 5413.000000 5485.000000 5557.000000 5629.000000
5845.000000 5917.000000 5989.000000 6061.000000 6133.000000 6205.000000 6277.000000 6349.000000 6421.000000 6493.000000 6565.000000 6637.000000 6709.000000 6781.000000 6853.000000 6925.000000 6997.000000 7069.000000 7141.000000 7213.000000 7285.000000 7357.000000 7429.000000 7501.000000 7573.000000 7645.000000 7717.000000 7789.000000 7861.000000 7933.000000
8149.000000 8221.000000 8293.000000 8365.000000 8437.000000 8509.000000 8581.000000 8653.000000 8725.000000 8797.000000 8869.000000 8941.000000 9013.000000 9085.000000 9157.000000 9229.000000 9301.000000 9373.000000 9445.000000 9517.000000 9589.000000 9661.000000 9733.000000 9805.000000 9877.000000 9949.000000 10021.000000 10093.000000 10165.000000 10237.000000
10453.000000 10525.000000 10597.000000 10669.000000 10741.000000 10813.000000 10885.000000 10957.000000 11029.000000 11101.000000 11173.000000 11245.000000 11317.000000 11389.000000 11461.000000 11533.000000 11605.000000 11677.000000 11749.000000 11821.000000 11893.000000 11965.000000 12037.000000 12109.000000 12181.000000 12253.000000 12325.000000 12397.000000 12469.000000 12541.000000
12757.000000 12829.000000 12901.000000 12973.000000 13045.000000 13117.000000 13189.000000 13261.000000 13333.000000 13405.000000 13477.000000 13549.000000 13621.000000 13693.000000 13765.000000 13837.000000 13909.000000 13981.000000 14053.000000 14125.000000 14197.000000 14269.000000 14341.000000 14413.000000 14485.000000 14557.000000 14629.000000 14701.000000 14773.000000 14845.000000
15061.000000 15133.000000 15205.000000 15277.000000 15349.000000 15421.000000 15493.000000 15565.000000 15637.000000 15709.000000 15781.000000 15853.000000 15925.000000 15997.000000 16069.000000 16141.000000 16213.000000 16285.000000 16357.000000 16429.000000 16501.000000 16573.000000 16645.000000 16717.000000 16789.000000 16861.000000 16933.000000 17005.000000 17077.000000 17149.000000
17365.000000 17437.000000 17509.000000 17581.000000 17653.000000 17725.000000 17797.000000 17869.000000 17941.000000 18013.000000 18085.000000 18157.000000 18229.000000 18301.000000 18373.000000 18445.000000 18517.000000 18589.000000 18661.000000 18733.000000 18805.000000 18877.000000 18949.000000 19021.000000 19093.000000 19165.000000 19237.000000 19309.000000 19381.000000 19453.000000
19669.000000 19741.000000 19813.000000 19885.000000 19957.000000 20029.000000 20101.000000 20173.000000 20245.000000 20317.000000 20389.000000 20461.000000 20533.000000 20605.000000 20677.000000 20749.000000 20821.000000 20893.000000 20965.000000 21037.000000 21109.000000 21181.000000 21253.000000 21325.000000 21397.000000 21469.000000 21541.000000 21613.000000 21685.000000 21757.000000
21973.000000 22045.000000 22117.000000 22189.000000 22261.000000 22333.000000 22405.000000 22477.000000 22549.000000 22621.000000 22693.000000 22765.000000 22837.000000 22909.000000 22981.000000 23053.000000 23125.000000 23197.000000 23269.000000 23341.000000 23413.000000 23485.000000 23557.000000 23629.000000 23701.000000 23773.000000 23845.000000 23917.000000 23989.000000 24061.000000
24277.000000 24349.000000 24421.000000 24493.000000 24565.000000 24637.000000 24709.000000 24781.000000 24853.000000 24925.000000 24997.000000 25069.000000 25141.000000 25213.000000 25285.000000 25357.000000 25429.000000 25501.000000 25573.000000 25645.000000 25717.000000 25789.000000 25861.000000 25933.000000 26005.000000 26077.000000 26149.000000 26221.000000 26293.000000 26365.000000
26581.000000 26653.000000 26725.000000 26797.000000 26869.000000 26941.000000 27013.000000 27085.000000 27157.000000 27229.000000 27301.000000 27373.000000 27445.000000 27517.000000 27589.000000 27661.000000 27733.000000 27805.000000 27877.000000 27949.000000 28021.000000 28093.000000 28165.000000 28237.000000 28309.000000 28381.000000 28453.000000 28525.000000 28597.000000 28669.000000
28885.000000 28957.000000 29029.000000 29101.000000 29173.000000 29245.000000 29317.000000 29389.000000 29461.000000 29533.000000 29605.000000 29677.000000 29749.000000 29821.000000 29893.000000 29965.000000 30037.000000 30109.000000 30181.000000 30253.000000 30325.000000 30397.000000 30469.000000 30541.000000 30613.000000 30685.000000 30757.000000 30829.000000 30901.000000 30973.000000
31189.000000 31261.000000 31333.000000 31405.000000 31477.000000 31549.000000 31621.000000 31693.000000 31765.000000 31837.000000 31909.000000 31981.000000 32053.000000 32125.000000 32197.000000 32269.000000 32341.000000 32413.000000 32485.000000 32557.000000 32629.000000 32701.000000 32773.000000 32845.000000 32917.000000 32989.000000 33061.000000 33133.000000 33205.000000 33277.000000
33493.000000 33565.000000 33637.000000 33709.000000 33781.000000 33853.000000 33925.000000 33997.000000 34069.000000 34141.000000 34213.000000 34285.000000 34357.000000 34429.000000 34501.000000 34573.000000 34645.000000 34717.000000 34789.000000 34861.000000 34933.000000 35005.000000 35077.000000 35149.000000 35221.000000 35293.000000 35365.000000 35437.000000 35509.000000 35581.000000
35797.000000 35869.000000 35941.000000 36013.000000 36085.000000 36157.000000 36229.000000 36301.000000 36373.000000 36445.000000 36517.000000 36589.000000 36661.000000 36733.000000 36805.000000 36877.000000 36949.000000 37021.000000 37093.000000 37165.000000 37237.000000 37309.000000 37381.000000 37453.000000 37525.000000 37597.000000 37669.000000 37741.000000 37813.000000 37885.000000
38101.000000 38173.000000 38245.000000 38317.000000 38389.000000 38461.000000 38533.000000 38605.000000 38677.000000 38749.000000 38821.000000 38893.000000 38965.000000 39037.000000 39109.000000 39181.000000 39253.000000 39325.000000 39397.000000 39469.000000 39541.000000 39613.000000 39685.000000 39757.000000 39829.000000 39901.000000 39973.000000 40045.000000 40117.000000 40189.000000
40405.000000 40477.000000 40549.000000 40621.000000 40693.000000 40765.000000 40837.000000 40909.000000 40981.000000 41053.000000 41125.000000 41197.000000 41269.000000 41341.000000 41413.000000 41485.000000 41557.000000 41629.000000 41701.000000 41773.000000 41845.000000 41917.000000 41989.000000 42061.000000 42133.000000 42205.000000 42277.000000 42349.000000 42421.000000 42493.000000
42709.000000 42781.000000 42853.000000 42925.000000 42997.000000 43069.000000 43141.000000 43213.000000 43285.000000 43357.000000 43429.000000 43501.000000 43573.000000 43645.000000 43717.000000 43789.000000 43861.000000 43933.000000 44005.000000 44077.000000 44149.000000 44221.000000 44293.000000 44365.000000 44437.000000 44509.000000 44581.000000 44653.000000 44725.000000 44797.000000
45013.000000 45085.000000 45157.000000 45229.000000 45301.000000 45373.000000 45445.000000 45517.000000 45589.000000 45661.000000 45733.000000 45805.000000 45877.000000 45949.000000 46021.000000 46093.000000 46165.000000 46237.000000 46309.000000 46381.000000 46453.000000 46525.000000 46597.000000 46669.000000 46741.000000 46813.000000 46885.000000 46957.000000 47029.000000 47101.000000
47317.000000 47389.000000 47461.000000 47533.000000 47605.000000 47677.000000 47749.000000 47821.000000 47893.000000 47965.000000 48037.000000 48109.000000 48181.000000 48253.000000 48325.000000 48397.000000 48469.000000 48541.000000 48613.000000 48685.000000 48757.000000 48829.000000 48901.000000 48973.000000 49045.000000 49117.000000 49189.000000 49261.000000 49333.000000 49405.000000
49621.000000 49693.000000 49765.000000 49837.000000 49909.000000 49981.000000 50053.000000 50125.000000 50197.000000 50269.000000 50341.000000 50413.000000 50485.000000 50557.000000 50629.000000 50701.000000 50773.000000 50845.000000 50917.000000 50989.000000 51061.000000 51133.000000 51205.000000 51277.000000 51349.000000 51421.000000 51493.000000 51565.000000 51637.000000 51709.000000
51925.000000 51997.000000 52069.000000 52141.000000 52213.000000 52285.000000 52357.000000 52429.000000 52501.000000 52573.000000 52645.000000 52717.000000 52789.000000 52861.000000 52933.000000 53005.000000 53077.000000 53149.000000 53221.000000 53293.000000 53365.000000 53437.000000 53509.000000 53581.000000 53653.000000 53725.000000 53797.000000 53869.000000 53941.000000 54013.000000
54229.000000 54301.000000 54373.000000 54445.000000 54517.000000 54589.000000 54661.000000 54733.000000 54805.000000 54877.000000 54949.000000 55021.000000 55093.000000 55165.000000 55237.000000 55309.000000 55381.000000 55453.000000 55525.000000 55597.000000 55669.000000 55741.000000 55813.000000 55885.000000 55957.000000 56029.000000 56101.000000 56173.000000 56245.000000 56317.000000
56533.000000 56605.000000 56677.000000 56749.000000 56821.000000 56893.000000 56965.000000 57037.000000 57109.000000 57181.000000 57253.000000 57325.000000 57397.000000 57469.000000 57541.000000 57613.000000 57685.000000 57757.000000 57829.000000 57901.000000 57973.000000 58045.000000 58117.000000 58189.000000 58261.000000 58333.000000 58405.000000 58477.000000 58549.000000 58621.000000
58837.000000 58909.000000 58981.000000 59053.000000 59125.000000 59197.000000 59269.000000 59341.000000 59413.000000 59485.000000 59557.000000 59629.000000 59701.000000 59773.000000 59845.000000 59917.000000 59989.000000 60061.000000 60133.000000 60205.000000 60277.000000 60349.000000 60421.000000 60493.000000 60565.000000 60637.000000 60709.000000 60781.000000 60853.000000 60925.000000
61141.000000 61213.000000 61285.000000 61357.000000 61429.000000 61501.000000 61573.000000 61645.000000 61717.000000 61789.000000 61861.000000 61933.000000 62005.000000 62077.000000 62149.000000 62221.000000 62293.000000 62365.000000 62437.000000 62509.000000 62581.000000 62653.000000 62725.000000 62797.000000 62869.000000 62941.000000 63013.000000 63085.000000 63157.000000 63229.000000
63445.000000 63517.000000 63589.000000 63661.000000 63733.000000 63805.000000 63877.000000 63949.000000 64021.000000 64093.000000 64165.000000 64237.000000 64309.000000 64381.000000 64453.000000 64525.000000 64597.000000 64669.000000 64741.000000 64813.000000 64885.000000 64957.000000 65029.000000 65101.000000 65173.000000 65245.000000 65317.000000 65389.000000 65461.000000 65533.000000
65749.000000 65821.000000 65893.000000 65965.000000 66037.000000 66109.000000 66181.000000 66253.000000 66325.000000 66397.000000 66469.000000 66541.000000 66613.000000 66685.000000 66757.000000 66829.000000 66901.000000 66973.000000 67045.000000 67117.000000 67189.000000 67261.000000 67333.000000 67405.000000 67477.000000 67549.000000 67621.000000 67693.000000 67765.000000 67837.000000
68053.000000 68125.000000 68197.000000 68269.000000 68341.000000 68413.000000 68485.000000 68557.000000 68629.000000 68701.000000 68773.000000 68845.000000 68917.000000 68989.000000 69061.000000 69133.000000 69205.000000 69277.000000 69349.000000 69421.000000 69493.000000 69565.000000 69637.000000 69709.000000 69781.000000 69853.000000 69925.000000 69997.000000 70069.000000 70141.000000
70357.000000 70429.000000 70501.000000 70573.000000 70645.000000 70717.000000 70789.000000 70861.000000 70933.000000 71005.000000 71077.000000 71149.000000 71221.000000 71293.000000 71365.000000 71437.000000 71509.000000 71581.000000 71653.000000 71725.000000 71797.000000 71869.000000 71941.000000 72013.000000 72085.000000 72157.000000 72229.000000 72301.000000 72373.000000 72445.000000
