57723 50347 46679 51138 46973 48607 40949 43717 46774 51775 46312 38709 42215 31939 33182 29890 37806 36168 37908 47310 49411 48500 52166 50783 39803 34674 33497 50054 45007 53948 58626 59294 45232 33704 35500 39852 33141 43341 46335 54436 51906 37527 46812 59665 50529 49301 41404 54721 50726 44888 43425 24171 49990 53346 60149 52727 50970 66783 57558 60908 53647 51214
58190 50061 46032 62361 68703 57951 44092 28376 36581 46355 52281 49350 43845 32921 28981 29837 26903 32363 40583 48574 43519 50428 54353 45193 47915 45940 45691 45964 39709 43943 48551 53373 51506 30248 29827 44656 30861 49318 52940 49946 48614 49538 62487 58174 44290 41700 33540 37483 56821 47656 45679 23718 46540 59787 56288 43927 41140 56121 58942 64015 56183 56235
54631 51233 36452 46111 51027 49319 40233 34219 35223 47603 50263 42519 34261 34777 33486 42769 45335 43764 54306 49410 57770 56331 50657 41939 41753 46605 48477 41668 42684 47929 51390 48256 50995 47473 44214 44105 49581 52317 41707 49529 45949 64715 55430 53609 30530 44406 43642 50314 58521 53100 41571 24749 48988 52108 49479 35578 44742 51925 66941 71541 65325 61278
51373 55847 50085 50126 48539 34815 42078 35932 31844 46128 50447 47370 49511 60746 46338 34843 44450 47377 53842 39175 50912 53060 53742 42525 45713 41549 52825 49392 50057 46990 47774 51799 56721 48363 45893 35307 48201 48529 46332 34922 45904 50344 49780 50315 30857 46085 48298 57247 53513 45444 35052 37111 47825 49655 45556 27473 41126 47650 54003 53005 43429 44316
42495 43844 38115 33325 40482 35184 49865 41816 46539 33060 40170 38058 48395 57112 46754 53407 50026 47000 43861 50802 50061 52970 46475 47247 42668 38024 49700 44330 57226 52796 53599 56787 65428 45740 41205 28124 42738 41000 59519 49715 51087 42284 37513 50195 45859 44068 47614 57203 47609 52409 42506 45027 46170 41707 54086 25392 43342 46274 55306 54186 62290 58432
53382 45942 47877 41404 59551 39232 61772 49670 51585 36302 34119 48116 56221 62668 42516 43264 45518 48842 43298 52209 53853 43442 47127 52192 64647 49766 46364 35452 45926 51275 62449 71789 65673 57155 44472 43328 45646 34498 50886 40072 44222 49199 48382 53490 56396 54017 48718 51486 38909 55240 42552 47937 48263 34413 52742 38049 48534 49906 46415 49830 46490 52598
50088 34307 31737 34889 47481 50431 61395 56142 48389 31770 33197 46487 55145 44821 43445 45756 38707 53686 48843 51056 57341 51987 51666 45397 65315 52476 46927 29463 42393 34105 56653 54303 52220 43194 37268 43139 56043 41052 54422 50953 50492 51876 57175 44544 54602 56306 63620 52915 49445 50468 51518 42842 45944 41861 51895 56294 54127 57265 59458 59312 56605 56260
55916 39983 40800 31489 37652 43344 60539 67806 51522 39094 32161 43667 42436 36679 27433 33874 52833 53664 54061 42683 45811 42460 61760 51702 61493 44244 39779 32730 34493 43671 44567 48788 35348 44212 46059 42967 53613 32723 36059 53311 62034 62313 51340 41211 44313 45556 57938 52538 57540 36748 50609 40272 46064 39192 55428 69711 54730 61791 55161 52615 51121 40243
42247 34096 16847 25271 24322 32145 45974 56899 52128 44306 37095 41566 35835 30183 41595 52273 62986 51091 41677 41278 50126 45201 54787 52232 54357 45420 33323 38454 39585 45531 37892 36291 26678 29786 47572 39019 52201 36492 44458 52613 62405 49448 39128 33739 40265 48622 62316 53034 53004 42870 48998 37456 46194 46685 51496 67575 58771 51055 55034 43712 52144 49411
58974 47227 38550 32323 41232 42600 48736 43321 43606 50984 38247 42649 31471 32352 43219 50400 52032 42048 37489 33399 41723 34654 52811 52088 48917 45032 39748 43103 47231 58868 49991 50341 37286 37383 54174 47565 53859 40199 43919 43000 49136 46420 40019 41725 47271 31182 48891 43205 41010 34329 47406 41812 51809 59141 70629 56962 52589 44239 42582 51724 54526 56573
46390 47932 45809 40200 38573 43393 52618 60387 38269 49309 47367 51484 46658 45865 49910 65650 52033 42921 43648 41286 36165 34514 45071 61826 60072 49249 33233 37999 43242 54119 45977 47188 43444 41930 50461 48837 49730 37405 47036 40813 40544 46687 56749 48364 64475 46032 53831 45275 36871 29382 36567 37637 42349 37735 47780 47872 39706 40445 29645 42832 54609 53277
60977 42804 52316 51586 44667 48570 47313 61709 39124 49332 51482 54430 54796 40629 42182 45391 55350 55613 39798 39563 27553 35786 39052 53328 43076 53630 52361 58521 53079 54114 40456 51179 48889 60863 58010 47464 40451 30432 35866 28076 26471 40294 50113 42407 55590 49564 43686 39990 32853 32980 47987 45307 59374 51586 44412 37424 30583 36022 34165 41855 53591 54884
60154 57769 47476 41063 42219 45505 62377 61099 41531 37858 48084 51699 53816 50008 48508 55414 56237 56904 37388 33055 35273 43223 48187 49073 39352 43520 38503 52042 45050 40643 38776 42399 47718 47374 49464 36328 41016 41936 47298 48844 42478 47644 50984 55802 62673 54515 51808 39673 45974 30580 52740 46268 47867 42399 34182 40543 29450 31189 22167 28185 46891 43779
56706 55728 58772 36071 50427 47522 56095 45086 43482 34978 44947 43544 41058 41424 45549 45748 54843 53614 48478 46905 46053 64376 56537 42403 24530 46884 39018 51446 44263 42544 28830 41735 52884 63948 56160 56256 52488 45742 47749 43199 37998 33256 40761 63848 62049 52378 36284 33581 50699 50571 54884 56534 71722 58458 40379 36594 35643 30249 21234 22240 41405 47043
53899 51569 59300 52617 65842 53379 57065 40440 31296 19622 34884 43085 40434 29561 48256 48831 56015 51390 45446 52437 56889 50151 55368 53941 37844 43835 33975 35652 45116 38051 48664 45882 52619 43244 48492 55634 59795 55104 66792 60547 51980 49020 42143 59484 62996 42605 38482 32048 53330 58541 63910 58950 61662 53407 33478 41540 37302 39210 43145 34546 44306 36178
50016 50484 49682 57386 58690 50732 45381 27873 35421 29311 39963 45831 48145 38509 52648 45775 55187 49985 36767 46050 53213 48421 31606 45831 39091 44701 39038 50526 40732 43841 37194 45189 49987 58306 49506 59042 51827 60786 50674 41889 34448 35198 37740 36974 59664 41073 42745 42386 57584 61742 67245 76084 60815 57361 31983 39500 41744 44463 45607 38005 50188 52412
42818 44029 45335 46057 48567 57158 57946 43662 32223 42252 47967 46946 45159 30627 54164 50946 50211 55093 38392 53084 46747 45994 30745 46663 42983 53605 46997 57877 39068 44339 43734 46046 47816 53288 38890 35035 42293 50469 56968 55063 46578 40549 40349 32518 43840 41975 53566 42556 53339 56269 61652 55408 35116 43785 35859 47664 50739 47894 56983 46672 51996 47431
45390 46637 43646 38620 49548 49496 56241 53361 34560 50013 47043 57487 45509 44437 52471 54300 39506 43069 40699 54089 42548 37550 33360 43835 46410 66579 55609 64872 37020 39087 37274 59198 58197 56474 58626 45595 46670 49923 48426 45446 48933 35420 45414 35746 49442 47068 60058 53888 55817 49806 62096 60707 50566 41662 44562 46937 51674 36662 27521 41454 50367 45350
55558 46584 41810 45014 51631 67052 66508 64471 45120 44401 38699 42756 37262 47223 40490 59049 46166 59512 48983 58740 54923 53389 42867 45503 49406 47793 45903 50707 43439 49624 31166 50361 52933 39420 55677 35579 35182 33546 57197 46473 56213 40967 38215 39786 45241 49449 54853 45756 55068 52335 51982 47219 47714 41273 45574 45831 41792 50029 33065 46353 50993 56069
45631 46827 46729 43552 41028 39627 51957 52981 54190 41580 38965 41654 40785 45548 47964 55658 61470 62603 56292 58543 44336 40872 40271 47093 55797 61136 53211 55959 43882 44638 47901 50086 58992 42135 45753 39300 35502 27052 48120 45439 56177 35486 33399 36718 47850 55080 61830 47357 54858 52089 65940 45564 44467 42699 42392 39140 24405 36816 33215 50779 50321 44548
66662 53676 47952 38714 47048 35018 52038 41748 48574 24757 34537 32080 37703 32749 47289 39509 48684 47941 41365 48247 42448 37253 40100 35350 29722 32629 53255 49135 59264 43445 45696 34338 45982 48693 41282 30864 32246 33520 47664 37898 50718 41146 35707 43717 42646 43601 48400 41702 41747 46047 39653 43692 35478 55275 56569 57366 29483 36303 34269 59187 53689 52082
57117 51149 48990 35870 48422 45122 52538 46020 42644 37528 33577 34838 34675 31718 43367 46887 55402 58891 45936 41145 24994 20507 28927 42120 42951 43551 53735 48836 51100 31239 48148 39688 51797 43417 47516 47920 36410 34952 48008 52711 58155 53665 40894 42398 41073 45038 36195 39095 43721 36166 39187 32303 35796 51074 46279 52726 30556 24127 34188 52856 49599 41408
62972 54586 52126 39217 44778 43728 45971 38172 42809 46312 33532 29199 38435 39964 51656 47938 45224 48750 30465 35037 33782 36268 25785 33810 35447 43407 52301 41434 55218 43830 53683 45721 62862 56248 46298 47315 40524 36885 31211 47651 52172 55324 42140 44682 33056 33838 26872 40002 36570 49901 49888 54176 51430 58088 51796 49368 42248 31644 25639 30245 33314 46131
56365 55807 50500 42867 47679 46001 42804 46326 33244 42173 46079 42011 44205 39247 42517 58131 48084 56567 50100 52597 35757 43150 36229 39865 46323 40544 46339 36849 37786 33376 45068 49103 61237 57326 47254 44247 33040 40560 23422 35374 41765 47597 44664 41081 28981 47328 45994 49427 51112 49337 67384 59020 53653 45285 50543 44731 49746 30229 42237 39465 49528 47227
69263 62809 61903 47575 39054 29890 43893 40241 46035 30326 44066 39266 47430 56872 40629 56669 42985 54113 50207 73776 55366 65277 49587 50914 52352 53512 41375 44551 45054 44794 43520 54527 65233 54265 38605 52792 38981 48070 39543 37131 45628 45343 52570 44267 40767 52194 34509 48637 50206 61043 62167 53552 49199 46630 59271 57037 57218 40260 38328 43582 52325 58668
59731 58864 60550 59703 43087 39723 43175 33803 32683 34421 38340 46143 38648 44936 35968 38935 42655 52226 43389 52567 55080 55407 53788 36853 37560 41705 44593 36774 35127 40678 39417 45593 52454 47404 30715 47185 44068 44057 26233 27410 39369 40238 41357 46910 35999 58600 40872 49043 53322 57618 44874 47207 46472 54053 70735 60452 58025 46623 53844 59275 65737 58036
45200 54203 51010 62888 53054 34345 39457 37864 38989 43647 30930 38188 39010 47991 39198 41109 46974 48262 46087 43498 56416 56744 52685 50417 43290 45941 44974 45803 45284 37453 44694 41136 38294 53969 43003 50043 52255 53116 47968 46978 42596 32365 43942 57821 51707 40852 40377 44449 48624 53688 56141 39949 47368 46814 69695 70491 62033 57492 50877 58529 54909 50613
34602 60308 42096 47078 49744 35595 35921 37818 42388 49571 39066 33639 32360 47267 49281 44578 48887 52839 47198 43956 38750 52049 50312 54653 50520 45574 52789 48202 59230 49592 41808 37301 23701 29937 34685 38468 45547 46406 39940 37771 34012 43212 35612 46645 41696 46704 38505 53333 45691 47340 54782 48390 47376 49395 57172 75654 59551 60719 63822 36191 44518 35873
29614 40951 41919 28447 38769 34257 37656 40624 45060 55702 36114 51500 39482 58157 43562 46442 45292 45273 52411 47852 36613 39540 48091 68174 61838 55647 51396 50606 50233 43321 35996 40623 39080 33374 41895 33095 53944 54909 52337 50570 35204 49087 48604 37438 32766 40160 31113 37332 45179 50364 52033 34568 26085 33055 41176 57830 61938 44570 54023 38960 34241 34761
54978 39914 49189 33109 51501 46621 43689 37925 35202 52999 38979 54921 60411 63039 57342 46644 61268 50640 48310 50573 43673 57359 50291 72644 68021 59874 47225 56409 57106 51225 39746 33769 22588 30244 40947 52566 62678 60771 47129 44710 35491 36505 35694 41286 42821 56145 51329 57234 47835 36545 39589 42550 35712 38751 41927 55220 65786 54949 46005 44731 44611 31943
47994 27324 43480 27688 45947 45322 41507 31836 34566 37121 44931 53846 53079 54773 43615 38242 38172 35688 39132 43510 38243 41347 43223 51966 47776 52361 33086 53270 45894 56013 37854 44211 26391 40896 40134 47811 49591 42600 38595 40664 33995 34897 31967 47058 36019 45868 51147 55977 59212 39114 35993 39521 40846 27382 35425 43109 49354 43054 42358 43393 52612 39170
54336 31746 43081 32799 40400 42328 44012 39996 40792 40209 57589 56606 59712 43489 54363 53990 36193 30612 34701 50639 63908 59284 55157 61514 33959 34333 19727 48991 49536 62821 44910 47795 33051 52284 54250 59567 57345 44309 28146 20032 21000 34772 42704 57496 53634 60382 68410 64659 45085 30722 32633 33579 42579 45416 49754 54323 58517 51036 51097 44544 52123 42911
50784 40430 42010 34466 34190 35649 46334 41169 51797 50717 43213 52610 48371 49545 40732 52131 40470 31977 34441 47834 61812 56874 47939 52048 47668 40579 30606 45806 59992 58957 48180 51694 35841 47480 45867 43740 38373 44075 40054 42085 40896 48113 38840 35438 44066 47412 58217 66677 49479 44195 41037 46848 48765 56752 47053 46992 43802 48174 48260 42918 39234 33521
55334 44596 46880 46867 47430 38993 47376 47397 52868 65390 60179 59274 51784 58429 54338 67147 55503 44724 40947 56823 63205 60512 51049 49530 32311 25276 36721 45411 63405 57214 54915 44303 45278 41129 40919 47116 49313 59715 50071 47339 54620 49628 50850 32492 44411 51187 60037 56815 48150 34634 33204 36800 54267 74163 60877 70639 45410 46995 42970 43734 35645 39137
57978 65359 46680 47249 51184 45916 55234 62771 50448 52938 40197 49937 46584 48688 49503 61436 53533 58471 40889 49942 49555 45531 46169 39435 45361 37453 51101 51543 55962 53235 57411 34450 34910 22984 31813 36456 52946 56095 51304 49182 57614 49767 59632 49025 54052 57810 67756 66820 65715 59572 50599 57140 55031 77426 61751 74307 45743 57237 51090 57485 42231 30490
41669 53165 52195 46612 37341 44953 41168 48427 47130 36982 43825 43642 52991 55435 50163 64217 57229 58793 54863 43581 45952 38102 42501 24355 16869 33299 52640 59762 52325 31738 47769 28444 25073 16140 32708 33411 49010 40485 47195 45358 53073 61604 53273 57570 48606 49581 53818 58216 65023 42498 38384 44316 60350 64574 48834 62722 52430 53931 44558 43918 40992 29988
40408 42014 31578 37940 36806 48303 55100 47751 36932 25487 29549 36147 57298 54874 43313 41032 45428 59144 51462 45138 52783 52183 43190 32154 25913 44052 58686 59926 57234 42880 46862 46148 41172 18968 42231 33052 34626 28508 31193 45328 42758 64918 62338 68735 67102 62278 61660 52433 61804 50499 48936 37116 48362 49134 35323 46117 54832 56467 48614 34046 40372 24758
29162 33377 44707 35960 45249 55561 43112 44717 36279 31432 37165 40538 52257 60203 46732 39221 43259 52477 50469 41367 55064 49226 39065 30357 33727 51819 66232 57431 49665 35054 44455 45286 47196 41544 43507 48236 46088 41049 48786 54640 56952 53353 47041 45027 49660 46204 48119 55345 49198 41630 47016 51918 47008 36867 26032 30200 53097 41772 31587 32672 33067 38453
31602 32809 47122 47247 56235 50664 47125 34314 44976 32018 39108 45911 52761 51138 50468 46821 41920 40775 40950 37314 47330 44278 30733 34621 36306 45268 56799 45458 48936 47119 66539 68994 60585 52201 40001 51394 60220 51045 58656 53509 63356 57937 56672 58768 55192 54972 32788 37730 46076 44735 43661 43253 45303 38467 41536 32025 40537 40400 27145 40890 44753 54769
30730 38197 55465 57386 54051 46103 53666 44625 54809 38856 41719 35329 54215 42876 47243 41967 34746 29859 42222 40700 45599 32967 28280 36627 52278 53477 57976 49350 47078 41435 52315 55190 46337 50480 44930 68995 61600 50974 50624 50146 50329 35382 40042 44560 46147 45915 40975 41007 51117 53055 54416 67888 64503 49424 54785 42310 41705 34107 36568 55367 42670 66902
33740 43506 53494 51049 44546 44638 47243 41623 47904 47752 49613 42140 53551 44773 45359 49905 43814 27738 43213 41006 45556 28138 33340 46498 54531 47293 48233 55286 64693 49500 47723 43888 35920 29642 34957 60683 63768 50792 45775 34728 38077 38134 42125 63409 45761 49143 41525 44181 39830 33324 40357 49202 67806 62595 63843 52419 49675 33764 29560 46800 41601 54833
42875 37533 49132 54456 49103 52338 43588 44586 44736 42583 54466 44466 47515 48700 33140 36352 44288 33553 47076 42057 46013 45453 47396 57304 67472 54716 47673 60138 57507 39354 45066 33047 40025 32861 32316 52420 46894 40218 32691 27561 29502 39382 46242 61100 65826 50579 57892 45974 55141 43466 57645 52725 58743 52551 69745 45593 51452 42488 38547 37563 31206 42441
49513 32810 40463 52481 45618 53438 31900 48351 50900 50775 51771 54890 52643 50673 54678 58675 60811 49334 40453 38510 31274 38888 56024 49461 57515 50399 63680 63809 63738 37092 36030 27468 29032 25552 28815 42006 52186 39224 35182 33597 40465 62071 49833 59904 53279 57892 59029 47565 44149 33068 42637 39940 42406 39250 57887 56377 57055 43189 38260 30310 28269 42485
42126 43681 43178 62963 58882 59093 44745 46362 61638 56582 55291 51083 52419 49488 48401 50481 57327 54292 31913 35705 26959 30131 48141 37856 41627 46104 51973 53210 50877 53579 60326 50355 35631 28406 23917 38295 50274 50170 45729 50540 54361 61630 53635 50043 58802 60186 61247 53478 58262 55213 53770 44005 33528 30679 49300 54844 53458 51716 41894 51931 48815 51851
40365 54978 56258 57329 59150 68294 56923 59925 58721 78810 68493 60786 48869 54273 62658 59381 46870 51645 40549 42768 47033 41587 47265 38013 49004 52424 63242 59131 63982 55982 56010 46098 34506 29257 21152 26471 38439 41246 41086 44136 46021 43577 33010 46566 56423 67615 63036 57640 54136 54354 40791 43006 42768 43640 45933 53093 44255 52596 44655 54280 62170 60852
41781 51458 48241 66015 63669 67457 53492 47768 43566 54304 44980 47380 47308 40799 47492 47756 32765 41453 44451 52268 49867 36936 30655 36251 45767 51619 42808 46146 54411 69513 66820 59196 39261 39285 29521 37602 47935 52741 51769 38170 39780 39581 30209 46865 45424 50490 57486 75021 68578 64547 46782 43501 47079 46270 44975 52489 36162 39423 59820 68901 75819 76035
48234 49377 53644 57622 67550 58827 54491 56118 53554 57637 41585 37585 41305 48880 35488 38108 29028 38736 42752 58559 56315 44536 46293 55220 55757 49678 37298 39531 47428 63959 65838 64900 52022 37698 22626 34549 39690 43287 42094 28558 20726 36226 35326 45972 50603 43962 46823 61216 56142 55001 57793 60933 67279 63606 53305 38508 32814 29058 45853 52949 62000 62588
53210 39638 39821 39238 45364 44610 37707 42700 42843 42659 35150 35924 36778 43974 33960 34618 24699 34346 40578 42809 50296 39117 49344 53020 50499 37469 22797 34365 37900 60823 49496 47435 47582 46877 34655 32227 43106 45348 39967 51709 32256 55832 49003 45919 30771 36607 54091 66454 55846 44343 54961 56788 55986 49151 52756 43295 45225 45416 47443 49562 53943 47771
55003 45724 60707 58205 50176 49220 46507 56575 67924 57093 58810 57904 44208 33074 19142 30187 29095 35142 29603 28965 40448 53676 62837 50129 39522 28271 33754 32514 44679 50612 52525 50121 46444 42294 32497 43511 54479 57350 31779 45306 44166 58336 51938 49528 34631 37137 41211 56731 53239 43047 58757 58086 60099 45682 44690 38616 49718 44966 39859 37990 43463 36540
53775 52068 40285 51444 41129 45224 36845 38128 57372 54005 65330 58762 57705 44436 46923 38121 37892 33834 47870 44385 47778 44889 43687 40560 37209 39672 36467 45475 42694 42851 48497 35041 51683 41275 43838 39963 46842 46162 45236 61071 66878 63464 55810 53412 45747 45487 45880 58152 49960 46775 51980 59359 43196 36175 43090 50637 53683 52041 51247 44871 50101 52898
53403 64539 61436 65983 41815 47442 47841 45958 56421 54238 59870 62785 47819 30764 43039 40612 55272 50185 55409 54111 45357 54491 44778 43994 37349 38281 32339 29798 36659 31137 42666 39365 32244 35082 46094 49721 61490 51477 41171 52512 65617 56053 51750 46562 30399 48210 48078 57161 41230 43371 49624 54254 32828 29548 48351 47637 47234 31390 34506 47246 60311 57350
55907 52551 36020 51465 41490 29239 33211 46264 57706 52415 44977 39942 44893 42563 51146 47892 65084 74706 70584 57418 41343 35615 47074 49987 38120 42384 32376 30413 36021 51478 43005 36385 43603 43367 60224 50945 50337 63313 60361 52254 55175 49127 47503 50980 49268 49514 50853 54947 43012 57023 45129 50753 42722 39905 51342 41256 30129 23079 34983 40539 52575 45412
53492 60361 49471 43720 40525 25583 44515 53479 60283 54584 56614 47775 37331 28690 42086 47520 51947 56320 51612 55223 57672 54089 51321 50801 56821 45484 44416 48930 41746 52822 43736 31878 27095 30351 35228 51952 53223 66716 41787 43683 35841 52388 47304 49705 54231 55190 47389 57694 48739 63539 49755 36265 41744 33770 46807 40415 29139 26132 32129 42418 43627 34685
42553 43557 44291 39376 33576 28961 45615 54186 60808 46137 49425 43425 48324 44569 56125 62594 60596 63474 41362 42753 41538 44824 47388 52595 58941 60219 45219 55775 49750 47851 43248 30103 43366 39598 47023 53743 55005 64649 49893 44848 27643 32979 41945 51877 52377 55422 39614 57287 50852 57281 51669 32140 50876 36078 37469 31251 26524 28093 25940 38336 36590 32592
50372 54121 52696 52147 54271 46318 54910 50131 53300 59134 63362 49622 45535 51727 61817 61501 49651 55419 45412 50589 53512 44575 56467 56740 60470 63063 65402 58795 54234 55118 41377 29037 30975 32844 31626 45163 40519 61942 51951 52217 34515 31457 46404 46500 48153 49665 53547 63155 59843 50693 38095 35718 52723 36751 40966 40556 50828 31346 32101 45807 46628 34828
50229 46628 48738 49230 53840 50878 51180 40071 45407 53313 47318 45959 49514 54550 51122 61346 52110 62584 53465 43246 41946 49136 47896 53944 44959 43726 45959 49667 52742 43475 39578 38327 51529 47624 54681 46656 43515 53870 52506 55053 38770 38909 42891 39015 25962 47826 45857 59084 37137 33816 33787 50659 61465 43074 57260 47587 65044 38179 38662 33974 34949 32010
59898 50139 54799 45751 58924 57944 63775 56005 52263 58476 55058 51013 45606 42465 34742 43010 39017 51633 64487 67558 54070 58193 50295 37636 49754 47456 60382 62295 56152 57686 42688 38268 46146 45854 42060 37719 38194 55649 55787 52011 59605 50219 42128 39701 41592 49871 50162 53589 39932 46506 46326 55955 66762 42863 62925 47016 63921 37735 47321 44277 30582 40754
54575 50229 48963 38127 39973 47677 61020 61459 65327 55344 58120 49451 45456 33605 20464 35451 27890 45009 47374 58685 54753 57291 56924 39742 37938 38195 58834 55601 49114 37689 52346 52670 62920 61046 56430 43045 33222 38951 37738 52261 58773 51706 43583 38856 51142 60220 47620 38751 25266 44198 51867 58456 57173 44474 58627 53981 73076 51994 40740 22645 28277 34148
69278 51648 45506 31826 42082 54372 57557 38778 48294 52491 59612 45837 44348 37409 40010 34278 27389 29497 47387 57463 66447 62387 57746 41292 34691 46478 65410 60812 49323 30951 33620 43606 55703 52748 40274 41469 42283 39277 34774 51975 61915 46383 42636 39532 60356 60549 56844 50826 46925 58376 43706 46383 42496 36540 44290 46777 52262 50527 49383 43634 51261 54430
61893 60070 50240 35608 50530 45525 53436 39942 37982 42170 54693 44184 47116 52460 57329 43050 35804 24877 42463 48408 59439 51209 53209 37908 29605 33446 48376 50708 50914 39859 57670 61663 66939 64445 55057 50916 28627 45039 33789 44797 43893 46045 43477 36356 57561 61269 52634 42483 33288 46754 45390 40924 35184 37249 45394 56324 67583 57157 51189 45880 62666 59131
51463 40637 40614 41175 48521 48142 43742 35454 39474 43184 43803 54287 57171 49504 51438 34989 31847 33159 43816 45096 51502 47989 47348 42138 35791 52792 55221 55795 43630 25295 42977 55892 64693 57070 58056 61025 47888 53105 43604 57184 45592 59947 61659 57133 59237 61735 58980 57003 56702 43795 48343 50058 40939 35912 39917 50277 64222 57756 64025 60874 61460 61474
54370 50195 55785 57671 64584 56543 49661 38964 43652 44059 32557 36872 38086 41798 35434 36812 37553 35967 51315 48204 45500 37728 41389 51496 46525 48727 46822 48648 49168 46917 56804 51936 68328 72642 67251 52839 42583 55220 46965 58654 39109 56768 51333 61772 59690 60352 56047 49664 55508 50654 42384 48943 51873 34419 43246 48196 55053 47011 50969 55948 60235 59616
