-1676
-566
-3582
954
-1079
-752
-248
-583
-971
566
-991
-640
-2069
1918
-2303
1758
-1503
572
187
-645
2329
1282
-1691
428
-1501
-245
-362
359
-2075
838
1368
3299
-1122
767
639
-1877
-244
-1008
114
171
148
-1272
1144
-1326
-69
755
-270
-692
622
1221
155
-1731
223
-1495
184
120
-831
2203
1187
-1166
1740
1429
2011
-840
-1466
1654
-1317
1372
-641
2718
3829
557
1194
3423
589
1317
891
-654
-529
2081
606
-1206
1845
744
-1841
648
1043
-2024
978
1205
-1099
-791
-2177
2155
-237
2257
2182
-1422
-277
-2621
96
523
-440
-2412
-1561
133
-252
-217
797
-2249
-1770
-194
-397
-425
-345
741
-1878
-609
-1013
1540
306
-1135
563
-270
50
1331
-85
-327
994
23
383
1821
-157
2700
-2219
-273
-1406
-819
-1225
527
814
-118
731
-2451
980
-1115
381
2366
-1148
1293
-1066
-1830
1216
2493
2558
100
903
352
-4005
1076
-935
-1903
2027
-2918
1760
1938
-2453
3112
507
1287
-1547
3157
1015
2027
3233
198
193
-1209
216
-2162
1990
-971
-1771
-605
-2792
-609
-147
1174
-1060
1839
799
-1857
2255
1417
1182
-2650
2221
-494
-5014
-326
-780
1622
-3467
465
-162
-551
-1034
803
2341
922
-1431
-1022
-2816
479
1365
-206
-471
-2130
912
-1107
-192
1193
-710
-2202
4338
-1256
3099
-2016
3537
-1946
699
-1439
-1178
2916
-2375
2726
-127
610
-1201
-1811
602
1968
3497
-818
-119
1854
210
2413
1352
1504
-1889
1687
-2339
2325
-2380
1469
-1265
1227
-1845
-973
-1034
1678
1865
64
-659
905
-1054
1401
-5
1844
-819
-2457
1226
79
-675
3469
-3244
1202
-1644
-1947
704
-2128
-1196
1775
-1416
2244
331
4075
858
-945
828
-2016
-425
-2015
1908
-738
712
1434
-1857
1359
263
406
-2221
-1910
1218
-3896
2231
-3699
1847
-162
-1873
-194
3
-2509
1302
-1735
1752
-1566
2737
-682
521
-1442
1801
-1029
884
1963
-2743
514
204
-1926
1560
-1496
2576
3103
554
1984
-928
-1967
910
558
1105
-443
1885
228
-607
-2235
-281
-90
-3614
1653
-1087
1053
853
-495
707
-684
1527
-620
2885
1834
2061
2398
-491
522
-2752
2144
-1331
2695
1988
-3349
-158
-47
-3090
-177
1111
-530
337
1611
1785
-1462
-1451
3346
-4131
-2037
986
-1417
462
62
-1533
-2460
-2867
1431
-127
-446
1997
-3578
-188
1674
360
1632
1327
229
1353
-476
1191
-344
551
393
-1664
3595
-1723
2124
-2204
768
-855
1840
138
-967
-1078
353
-487
-1221
2497
-3270
2281
-837
-709
1094
-237
469
809
1808
986
37
-1050
1516
-1185
126
-1386
764
2597
-1349
2261
785
-935
-1025
-4279
2125
-916
1515
142
-1846
148
1464
-678
-442
2427
-1362
-2575
598
-210
-249
-1199
-532
-3787
327
-1692
806
2188
1342
796
69
1144
-2433
2159
377
2031
-1339
-1188
1811
2006
1516
-15
1461
291
68
-1221
-1473
608
2588
-322
1658
-297
-2027
2534
12
2855
-525
1177
-671
-1350
375
-125
3154
-632
-2394
142
1250
-1443
882
160
1070
-1630
266
-4208
1983
369
-776
1259
-690
248
-1232
2915
4592
-2496
9
-724
-1577
2539
2162
249
-954
-1654
-349
2068
407
-525
15
-269
-1962
-1167
-517
849
-1006
-1363
1629
296
533
-2537
1252
4395
-1758
-1718
433
-777
-616
421
1945
283
2017
-27
-240
3641
-829
1951
-892
886
-489
2543
2979
-325
-147
1390
8
-437
-1466
-1040
729
-2007
233
-820
2736
2301
-2506
1236
-703
-320
359
-1188
-4114
2631
-1314
-1830
722
268
1976
-59
-159
133
-3374
-367
397
-664
3292
3242
269
1690
381
-847
-1205
1442
656
-244
-2326
1087
-180
-279
234
1440
-285
1631
1726
-2225
1473
437
-1875
1539
2736
993
-112
1256
1217
30
-1880
-1716
715
-1906
-1852
2113
-1298
66
-195
1215
2871
931
-1348
453
-1075
-1433
-309
-641
3118
-345
-1256
-2469
1924
-1638
63
2770
-2035
-775
-2492
-1505
-442
273
-1085
1299
689
-789
1396
-588
883
-594
1535
-2476
2711
-1571
788
-1619
1349
932
-364
1656
-864
-1519
881
-709
-1226
999
2348
697
-255
171
-5
939
338
691
-2543
1233
-1069
-1342
-1534
2430
-307
1084
703
-46
238
-2741
-1310
2103
352
1046
-841
420
-1805
879
-227
-1049
-1998
1043
-1502
313
-1145
854
-759
-54
1189
813
1075
3141
-1619
-18
-618
1029
554
697
-505
-1311
374
-373
-428
-828
2869
-693
142
471
725
-865
2641
-2638
2262
-2516
2493
-912
371
1188
-905
2837
-958
-718
-736
-484
-2188
-2940
-2215
811
-981
2869
-1267
816
-1400
-357
-1298
2942
-874
-1282
-497
1811
19
886
-1480
-1313
1591
-1416
383
-2751
627
356
621
-2415
-1721
-1712
1635
1141
-450
-175
127
959
1260
1546
1179
3786
1068
-191
626
1729
-1077
-335
-1296
2835
-1659
2609
-941
1489
22
-3043
3670
-2746
1645
3145
1442
-30
-1025
-1268
378
447
-6
290
323
-1458
2448
-3224
1308
1044
2151
-2155
3578
-2694
-887
-1342
208
81
-1110
3006
-2233
504
933
-864
-139
-1321
557
22
1655
470
227
-979
-537
-234
-320
403
698
45
-850
552
-1317
3281
-1322
1267
-2774
-1141
441
-2917
3574
-1670
3468
2165
-127
1299
-1126
1940
2980
-511
-614
1417
-741
195
1195
-1173
-134
112
1777
-978
575
-2170
-145
-155
-1168
729
698
1865
679
122
390
-3287
202
-293
-1067
229
2005
3089
3260
-260
1189
-3903
519
-3512
862
1198
-2084
3999
1971
-417
2209
-2001
2195
449
1259
865
3090
-181
-1274
-2398
-75
9
-120
2669
2385
-1018
2122
1211
-1344
1329
1121
1423
1108
-1156
1632
1848
1134
-49
-316
695
4059
1603
-1021
-2010
132
251
2107
-3708
-4058
-1001
776
1548
1721
723
2051
-2157
-743
-1779
-2215
-1237
-1546
-2724
-62
1150
54
-90
2246
-3863
-1087
-1733
1305
2094
-1573
-1642
-1073
859
-439
-2628
205
1336
900
-3545
385
-610
-4722
2734
-1234
-1988
-452
-199
-1859
-1288
-989
-2529
-1081
1111
1069
20
-760
-1203
-274
1027
1939
1976
-878
-120
3397
-2376
-2350
1082
-953
-1471
-3037
-1001
1457
265
-2590
-1799
-566
1101
1621
1418
-133
-1885
-146
1019
-276
1923
959
47
-2789
752
1144
2212
1846
-1149
536
1315
-112
529
-3149
-2543
-2723
-471
2042
-758
1317
114
650
1672
-1944
371
-979
2133
839
-1974
-2308
-298
-1218
-3505
103
874
-2199
1495
898
1150
-1958
1306
1528
-1245
-1543
-410
1722
756
-1589
-1908
1371
-530
228
-868
-3944
-1102
-1813
1764
1616
2209
67
-1359
-1391
-1880
1380
372
-793
-2509
702
446
45
3092
3095
928
1508
2988
538
-2061
85
372
-2778
-823
82
-4425
896
1910
-2598
593
1086
1387
-1620
1095
4832
2152
2572
-2448
-1084
-1519
788
-72
2549
-3161
-1766
2341
518
539
-902
-2030
-369
-1312
1177
1769
557
-689
1481
-3881
1961
-1830
-998
1453
1994
3257
1092
-1419
-2483
475
-309
386
-874
-1776
189
331
-397
-184
522
-2493
-1439
-1356
-302
1287
2349
4882
347
2277
320
-2625
-285
-3776
-2161
240
-233
1889
-384
-2178
-2812
1027
-1993
-1435
-1667
-1843
1189
2563
3177
145
-1510
834
-339
222
-1128
3726
-354
-308
898
129
-278
4659
-157
-1162
-4318
-14
705
46
254
842
-397
653
-1553
-937
2413
-924
-1391
1878
69
1001
14
981
1375
-198
2555
2004
-109
1562
-1286
-1779
793
2960
1664
2504
1646
-652
2854
-1736
-1260
-806
-170
-1699
-336
379
-2242
823
-1829
-3097
-2480
-2382
254
-1319
236
-129
1865
-308
-1043
3178
1392
-505
1164
-820
315
1976
5711
1833
-1834
-1554
447
-475
2358
189
-1536
1006
-240
1051
-607
-2138
2263
-1140
-1518
1394
-3047
-764
-2494
-1984
-783
-3096
-2397
-63
-544
-1319
2345
1451
-1594
-2415
-1050
-109
1606
1898
1701
1325
325
648
769
890
996
149
-1026
-1044
-1782
2624
-89
112
324
-1663
203
-4368
-2413
862
-1384
-874
1774
-364
-342
-1445
-75
3588
-3128
-1872
-47
2357
2855
109
533
-1381
283
1803
967
669
-2405
-3415
1741
493
-1627
2673
1151
884
2333
-118
2955
89
2843
1284
1275
1066
-2632
-3131
-2557
-1016
1029
2453
219
2248
-2027
753
1446
753
-1311
-1198
-1162
-1630
-32
-808
-560
807
723
-403
1828
-2329
-779
2462
-3386
-757
-4228
1505
-604
-919
320
938
1768
-1868
-1935
2314
956
2709
250
-1107
462
-1890
1422
-399
-397
-2187
796
-428
-1336
712
-3379
143
-1068
-2066
-724
-1216
-634
134
-675
2741
2073
-1402
-821
-2062
-884
297
3094
1710
-462
-216
3021
5110
2143
215
-526
127
-488
-14
-58
95
-855
2186
817
-505
1163
1492
768
-1965
-2518
-119
254
-2345
-3340
-343
-170
963
1683
-496
-2503
-949
-526
1811
757
570
1300
2900
252
-2265
-829
-41
3020
-854
-3061
2684
-1298
1148
752
127
1749
188
-2401
-797
2059
-1797
-2816
-1339
1740
1316
-6
1221
371
-2336
-3525
336
-646
-2436
484
3088
1146
-1276
-2476
-1662
-1488
2687
693
-1923
-482
-1284
1446
-337
-797
-454
2689
-869
-916
-1085
-2300
-1523
64
1078
-614
-2247
-3526
-389
-333
-608
1352
2914
-256
1180
-484
-2440
1831
280
-486
2669
1349
-809
1083
595
1515
1307
-441
282
-648
-1335
-1585
-770
-1811
2990
-685
181
786
-382
957
2741
-834
-1271
1214
-1910
-2707
-608
-1675
-892
-428
-36
727
-557
812
2271
-530
-2361
-1676
2376
2190
629
-1550
82
166
-227
-696
1104
1770
1368
110
124
13
-778
620
295
-1511
195
-1940
-271
-3097
-1185
1842
652
1847
-1660
-2997
-1784
2217
1528
1921
1547
-31
1170
-21
-669
-571
622
237
1511
49
-1919
381
-656
-1795
-1120
1059
929
-1337
-2224
-371
507
1825
1142
1060
-1230
-371
914
1644
-676
-1289
-1982
1344
2831
1598
-491
442
-646
2408
-498
-1606
-1625
867
635
-2040
-383
1943
2852
348
2659
1136
-447
-2623
-997
573
1348
1559
943
-308
83
-971
-677
-49
-1095
-2245
-40
-894
1950
2104
-1720
-397
1113
2038
-1452
3011
2946
1568
1733
2808
2378
848
1791
-2877
-3603
-505
-1173
-1313
-534
-2414
-2489
-38
284
-652
-2121
504
1023
-1943
535
-2166
1197
1025
2105
830
-3672
288
-595
-663
-1265
-119
567
1970
-135
458
-267
1364
179
224
-2843
143
-1486
-2529
1221
742
-2248
1160
-3996
-1008
-1617
-890
1028
-2069
-78
562
-129
-526
-548
1922
-24
-73
-1101
211
590
607
706
-470
235
396
-1525
-234
406
-1310
-1473
-2167
2393
157
-65
-1016
-1235
225
-2477
-2237
-3603
-1050
1963
1658
-1325
-2664
-2227
-1481
648
-1113
-1003
1881
1470
-887
-642
701
1553
2720
-435
396
-993
-2722
440
1205
-282
2543
1827
773
-2176
-212
-187
685
-648
514
-481
-923
-1301
1656
-6
1244
-926
-1213
-745
-800
-868
-1954
-1432
1576
-2184
-782
1214
-147
-2442
-1740
2406
1166
-29
-459
-995
820
280
207
744
-1271
226
-50
-628
-833
914
147
136
-188
-86
-582
-1697
788
-528
222
-124
-371
-393
165
1309
893
346
974
831
-175
6
1575
219
-1242
-1062
-612
55
1385
114
453
-753
-897
-572
211
-403
-53
-1930
-456
-321
-1446
969
-1242
-1681
-478
134
-51
-605
-1163
-331
536
384
-137
2879
294
-1020
117
1604
713
963
-900
701
1085
-625
-767
820
-346
1460
1237
-344
1564
-466
1428
-817
-911
547
606
677
-1160
-1461
-163
-205
875
-787
234
-728
-753
-1069
304
-1784
564
-409
-701
415
564
-785
100
-1076
1664
-882
-51
1313
-1106
-410
-390
-756
657
1468
-737
-1729
-328
859
-201
2206
-856
-641
-111
-435
-790
416
319
1885
693
752
-42
-8
-1013
3178
209
-967
456
-95
194
283
712
1041
-1064
-51
-483
1228
230
432
725
-152
-698
476
1188
-1143
-282
-317
813
81
997
-318
1245
416
907
-1177
917
-816
965
-221
-355
-333
-587
-790
-394
941
-14
511
158
-2234
1277
1396
622
1419
-94
1636
-466
-869
-8
625
-1092
-193
1409
1513
-1487
-58
-966
-688
-1840
984
-285
302
619
576
1203
209
949
-1257
-74
1916
-1186
42
-1846
-416
-765
-1412
1118
-197
1226
-66
-82
1009
695
2332
13
-422
-49
1695
207
308
1991
-202
140
-58
-98
598
455
1098
636
641
1295
-228
-13
-474
-355
673
-1915
362
648
-206
-682
342
1497
-194
1335
-1688
315
1251
386
2057
-283
1548
-101
814
922
-509
1135
32
1182
1088
-103
-979
-1228
1179
-399
-1606
690
-1195
-345
219
-1071
879
356
896
-727
251
729
1142
-1341
196
177
-1026
949
-374
-1757
987
882
-1045
-1019
227
-963
-1594
-1191
366
-8
-238
158
79
-644
53
108
-1117
-816
-1431
1387
362
1128
-214
28
-247
403
811
-940
-636
-215
-583
-151
1004
727
974
157
-1174
715
2925
991
776
2876
84
660
-1317
-63
-297
-1662
-135
-152
3037
187
826
1155
1386
-975
-1811
-588
-919
-105
-215
449
-944
-207
161
279
930
746
-688
578
572
539
180
-914
-355
780
1448
90
1076
-401
7
-170
621
1087
463
-219
456
-1305
-1020
-215
-633
567
747
776
520
-605
-1623
-913
990
1147
1512
-308
-1335
-135
-2497
-624
143
-744
1695
248
1740
1155
1038
1112
48
302
-176
1391
-827
-906
9
264
984
1682
-1915
550
1073
-1785
515
307
296
15
371
2016
-1000
-1646
1
-836
459
993
1001
-1066
-126
-987
1058
-526
1856
-105
572
570
1709
875
486
-261
-915
-45
1171
1345
-680
-611
1116
1062
1630
1138
473
-1876
-350
-176
495
1156
1590
-867
-736
653
1342
406
2034
-1168
-727
253
974
1355
560
533
4
916
-624
-1395
-136
-1105
939
1251
496
1247
-360
800
591
145
998
-1956
-63
183
409
1336
-881
65
-97
294
938
581
-276
648
-160
311
552
-778
418
-782
-503
-332
-36
-404
-71
1619
613
-428
-551
-504
-11
1890
415
1132
-302
958
2026
-1308
193
-528
2375
15
501
-623
1687
442
561
-1577
-601
-67
-1409
-954
825
527
-304
1122
894
-706
229
-758
130
492
1622
868
1264
609
-673
448
-343
-193
1780
1623
102
-1875
-1042
666
385
-186
419
-1168
-506
-661
-504
990
124
1050
-1072
1209
91
-315
-2311
396
938
-423
-906
1084
-819
91
946
391
39
754
677
511
-217
782
552
-129
410
-441
292
-1284
443
137
1194
484
-727
-139
1658
-925
-750
-1543
1331
1422
1187
500
1099
-994
-319
1283
376
225
805
-78
-686
-1399
-400
-1137
-838
640
-809
1160
1128
479
691
705
16
2150
1390
459
-742
36
650
1603
-505
285
-138
-932
-388
1116
153
419
-1125
629
-482
-50
-897
-283
277
201
1111
-254
525
615
-447
-447
-741
-1230
-87
-1175
886
-277
520
860
635
-530
1806
-630
-639
-1519
-539
1185
889
-64
1009
-508
621
341
-591
198
-161
454
-1154
-1991
-458
200
131
239
173
101
869
1475
-273
1685
691
445
559
681
1003
44
-146
-555
1542
-248
-657
32
-193
174
-1257
570
209
-34
303
-588
-1205
698
1
156
-452
858
2544
113
-39
1433
1160
1296
-454
591
157
621
-260
644
356
838
-914
1150
807
31
-630
322
-107
112
-680
477
-1152
-389
-45
888
-10
1963
904
263
718
754
-80
-58
1048
-1671
1073
61
782
-660
279
-2066
290
787
220
-531
132
202
973
-625
306
-93
-236
-948
958
343
-938
799
-806
-1528
-151
1800
535
445
-330
767
-1348
682
-1078
-71
-950
-13
0
-592
742
311
-484
-472
-1149
-586
-1281
1729
510
-1589
-726
542
-426
1132
-295
-878
343
-407
-1373
-962
1019
10
-923
-1809
27
1094
2045
-1794
365
360
-821
976
984
-1410
51
-2346
-335
-232
187
-24
-161
-111
-1556
-532
-25
-2327
-714
-328
1015
267
-150
963
515
-669
216
18
