85 20 19 22 78 52 41 32 11 34 120 24 113 66 35 86 92 19 108 56 0 67 105 89 7 70 111 25 95 38 82 116 118 16 56 121 115 8 14 106 117 92 63 49 118 82 57 69 45 58 104 102 60 33 4 69 90 70 59 110 14 19 8 70 114 7 27 73 45 62 52 65 92 27 122 20 92 88 83 41 44 3 68 27 52 120 25 121 47 82 91 24 89 108 34 87 73 68 114 15 123 31 54 10 20 94 70 49 86 120 77 37 0 74 98 6 107 92 58 54 69 31 101 126 90 28 100 88
9 60 109 19 85 57 124 69 2 35 8 72 13 124 84 60 112 78 75 107 45 28 126 80 110 115 6 125 106 31 22 18 14 77 67 87 31 67 112 42 0 103 108 120 11 78 70 120 93 51 3 20 77 94 116 78 32 98 39 7 42 40 53 31 96 53 126 2 117 43 39 69 21 48 58 32 124 114 3 54 68 69 122 99 9 72 28 65 81 122 55 74 116 8 67 21 121 121 49 37 52 119 2 17 33 75 10 113 122 105 123 5 68 113 118 39 78 30 64 32 44 46 40 36 88 125 7 58
81 105 25 28 3 21 35 23 99 84 76 121 20 56 94 42 36 24 27 48 51 94 28 53 46 15 106 69 39 73 86 85 31 107 110 61 4 81 114 38 126 12 68 68 41 52 92 91 89 38 87 8 111 75 98 14 60 93 114 82 55 62 60 62 49 117 67 18 71 41 5 53 32 1 124 54 11 112 38 96 80 47 123 17 124 25 25 17 0 67 104 122 22 126 17 79 22 36 49 61 83 46 15 80 7 49 108 59 15 97 88 12 7 107 88 48 106 41 19 4 53 70 22 22 77 68 23 126
43 77 8 6 118 75 35 103 28 79 77 80 123 15 71 113 5 24 40 99 126 56 66 101 118 114 13 6 102 52 47 123 99 117 117 32 122 82 38 109 19 16 111 52 50 101 49 6 34 16 70 59 85 59 1 9 0 28 46 14 116 54 15 81 38 77 25 8 10 0 107 29 109 29 85 109 110 91 116 106 16 60 25 5 51 85 101 51 73 78 15 77 43 56 107 68 122 113 26 113 118 109 6 48 4 53 74 67 102 19 88 88 93 39 48 38 40 62 14 91 83 47 47 46 122 74 125 28
104 76 19 25 3 23 13 19 51 27 68 83 98 123 48 95 0 97 18 22 38 4 4 120 109 86 108 12 48 23 42 122 86 123 79 107 63 120 112 34 117 112 70 109 111 6 118 49 75 5 3 110 87 113 81 67 58 33 18 84 102 6 119 10 116 101 9 117 37 32 38 111 51 67 7 42 37 74 38 5 73 28 0 26 64 45 96 98 1 111 117 56 65 61 30 1 39 67 52 71 24 6 39 42 91 96 30 65 36 61 46 3 18 27 123 22 126 94 67 57 16 122 124 81 49 69 31 97
36 34 114 8 87 59 98 83 54 6 35 81 19 31 10 60 86 4 79 24 119 43 120 49 38 52 94 109 62 62 40 114 70 66 106 2 6 55 58 27 6 115 67 67 27 78 95 78 103 12 32 55 82 41 95 69 64 76 103 95 6 80 83 29 66 77 82 105 115 0 45 15 17 14 111 75 88 96 105 117 40 113 113 62 48 41 61 73 63 89 36 68 90 73 116 76 120 9 6 111 0 22 119 78 22 92 118 2 112 15 109 28 43 105 31 67 93 81 42 34 112 15 43 76 86 123 74 27
74 32 50 17 89 28 122 115 5 48 40 109 27 30 100 58 126 104 52 85 71 42 112 17 47 78 92 102 126 2 93 30 5 62 51 86 1 110 114 111 5 86 65 59 59 15 17 98 52 29 118 119 61 25 60 87 73 60 77 19 93 55 97 117 29 19 85 18 0 33 100 40 72 103 92 89 89 45 19 82 116 65 12 111 21 72 52 57 26 111 81 61 100 57 73 108 87 35 44 29 33 2 14 75 96 103 95 45 73 12 93 67 84 72 18 111 0 85 30 0 75 81 67 64 9 100 54 97
109 22 65 43 19 110 119 78 32 4 106 68 75 91 35 94 58 5 42 95 34 70 75 100 126 81 60 93 125 96 79 104 91 24 68 24 125 70 52 27 22 73 115 6 41 40 115 74 83 64 5 68 69 116 76 28 66 16 99 82 102 89 117 119 113 6 93 88 35 13 72 100 45 97 57 18 111 36 35 20 24 114 18 22 54 73 35 41 69 8 5 79 72 12 31 61 35 33 98 3 86 12 114 34 35 108 80 77 49 68 74 40 95 55 9 29 126 87 22 91 7 73 22 10 46 84 89 38
91 44 43 122 30 72 106 21 40 45 60 36 51 101 58 107 89 88 44 109 4 28 73 50 7 110 17 84 104 66 40 22 73 11 102 107 19 56 56 14 74 2 14 70 78 32 29 59 109 77 96 76 94 91 65 57 26 89 52 97 19 83 85 124 30 61 37 94 24 88 82 35 60 120 66 32 47 101 119 85 93 30 92 126 68 106 93 99 111 73 98 50 37 90 56 30 54 72 126 106 85 28 82 94 8 25 78 111 18 15 90 50 76 95 84 9 32 2 37 104 58 97 94 87 36 18 12 98
32 75 111 96 86 51 4 15 51 72 102 16 46 8 7 84 22 28 9 122 113 61 8 46 55 80 26 61 24 36 122 115 32 27 101 6 66 11 19 19 64 67 38 33 74 22 41 104 18 39 115 48 99 84 4 49 95 71 71 8 113 54 120 5 22 58 38 95 16 47 118 70 56 53 59 98 115 119 107 14 18 23 32 121 126 21 108 53 63 91 2 115 99 9 96 5 117 59 49 116 64 116 23 43 25 80 91 115 42 17 105 79 108 40 89 32 84 60 126 82 101 103 100 49 78 14 41 109
68 91 79 77 29 24 30 95 100 123 68 77 2 117 106 111 119 63 5 115 35 99 23 72 20 37 16 121 53 109 52 14 116 97 61 32 103 10 39 117 108 5 106 110 26 97 75 21 74 7 55 46 101 60 6 82 82 84 124 23 84 53 20 72 122 73 49 0 14 35 49 96 76 35 5 118 15 101 44 88 74 125 76 58 1 88 119 46 66 36 53 108 1 56 64 5 97 124 67 6 101 39 12 29 73 71 76 49 24 126 62 4 52 95 100 4 79 39 111 33 80 90 8 27 94 44 49 3
107 10 37 87 44 28 67 84 54 6 101 32 53 2 93 22 92 91 97 67 68 109 109 20 32 111 35 55 57 10 74 44 87 24 10 17 111 125 13 49 39 52 18 102 27 107 29 25 114 100 47 107 64 105 14 15 40 73 68 46 39 18 3 97 60 88 99 81 8 42 48 44 7 126 18 12 53 106 113 0 64 8 24 125 42 94 5 120 41 70 12 45 114 24 51 42 100 34 75 108 111 117 19 113 28 47 1 4 126 41 99 36 15 49 23 45 61 34 64 12 43 107 70 78 63 102 85 66
125 66 91 91 63 4 5 111 26 122 57 126 55 114 87 106 72 101 24 97 121 32 68 125 37 1 29 67 56 16 44 43 115 5 123 79 16 32 27 9 19 110 50 98 36 13 102 102 115 40 72 103 55 95 85 4 54 76 31 25 29 42 45 99 26 13 31 41 109 110 42 52 26 58 121 37 112 96 69 46 89 66 33 125 11 26 57 40 7 49 112 101 68 78 42 97 11 36 97 34 22 38 24 73 98 68 47 26 20 25 88 18 33 15 75 82 71 4 102 72 74 3 88 89 35 63 67 74
99 103 74 64 68 121 45 109 11 126 35 106 42 19 14 120 97 65 101 19 81 64 106 49 1 114 55 99 32 91 12 13 115 31 126 67 57 19 47 47 74 118 43 90 111 119 123 124 124 48 17 20 46 120 28 83 20 29 52 64 59 106 117 88 93 38 118 75 121 91 101 125 39 83 71 21 97 52 109 57 17 118 62 77 56 59 23 113 119 63 118 22 77 126 89 7 74 111 58 41 124 54 26 24 28 76 15 29 74 66 77 6 103 66 61 5 112 35 4 37 125 42 18 30 72 23 105 96
28 36 18 118 57 3 33 35 40 116 79 2 73 113 115 10 24 41 112 89 73 17 23 111 53 7 114 90 46 29 76 47 14 73 93 49 9 55 15 114 24 49 44 67 105 61 24 109 103 109 8 28 41 117 36 35 92 119 72 11 93 77 90 4 52 110 55 83 27 40 60 114 88 78 31 107 65 117 107 84 70 27 20 94 46 26 62 37 10 118 13 101 89 4 58 26 46 104 72 41 80 94 41 98 38 73 75 45 61 73 122 118 3 76 116 1 78 123 111 114 6 69 56 113 45 102 91 31
46 1 84 125 86 114 15 21 25 124 19 16 11 18 41 66 63 21 8 49 53 49 98 81 73 22 71 112 13 107 124 41 44 87 66 79 77 4 44 50 59 114 109 54 100 90 46 72 5 93 14 8 69 100 63 71 55 34 24 59 2 120 76 120 55 4 60 40 107 40 88 37 69 102 49 87 27 41 20 82 85 106 121 86 14 35 16 110 107 111 115 44 41 73 88 118 55 77 7 104 41 37 111 110 15 54 12 0 0 59 6 11 25 92 93 29 39 47 72 41 31 9 88 38 69 112 119 92
88 57 18 75 59 58 97 60 6 100 6 115 92 76 100 83 117 58 7 42 30 95 51 106 86 19 90 73 63 108 120 116 75 19 76 103 12 32 65 42 108 88 115 65 87 15 57 47 18 18 61 56 119 45 99 10 123 33 31 47 109 108 56 21 30 99 102 121 63 122 98 10 125 80 72 83 102 2 59 71 34 19 10 99 71 12 124 24 61 102 10 58 21 41 117 110 126 44 53 66 17 118 97 49 113 39 103 114 36 87 23 87 95 95 123 101 59 54 79 14 26 52 37 86 60 6 0 74
6 74 109 84 103 97 45 66 95 71 53 106 18 65 9 93 28 111 115 121 103 86 86 38 54 36 76 60 62 63 74 12 60 41 77 31 101 54 3 81 10 102 100 73 85 62 12 110 120 77 69 68 35 100 79 103 41 23 102 56 103 17 70 122 47 85 19 115 79 52 75 92 86 86 68 85 86 44 37 84 72 48 10 29 52 82 1 124 106 53 48 28 9 8 126 10 10 96 3 112 88 105 4 75 78 45 60 76 87 17 87 58 79 91 38 105 102 124 68 14 86 68 69 23 123 90 72 78
113 108 84 112 76 89 26 74 95 29 115 75 114 89 44 122 28 105 34 95 108 120 11 41 52 56 81 105 84 50 125 83 126 14 68 71 23 90 18 108 57 110 101 119 69 39 46 121 109 56 15 73 38 74 2 10 124 30 38 74 105 20 126 19 38 63 28 124 19 118 86 74 107 100 32 36 32 31 18 41 114 99 4 46 34 27 104 100 29 88 44 71 40 65 70 72 62 106 50 83 38 97 86 29 84 26 34 62 34 31 1 73 72 9 82 47 88 124 38 34 7 121 18 24 112 109 28 106
46 80 96 121 44 29 36 41 93 31 16 6 70 48 86 91 103 55 93 123 46 53 94 83 97 122 115 48 44 100 9 106 1 97 36 4 49 71 98 14 79 26 1 126 82 113 107 20 6 114 32 46 69 23 6 63 86 108 70 55 84 15 79 55 91 102 5 107 10 98 5 56 43 69 31 11 28 21 93 121 49 59 120 62 38 2 58 113 0 59 68 18 56 62 61 120 108 80 74 44 123 66 41 64 48 4 72 88 3 107 4 27 21 6 85 2 2 86 7 51 104 122 123 13 45 93 60 31
104 22 115 49 114 28 103 64 73 111 84 116 28 2 47 89 79 54 7 87 77 73 0 110 70 33 104 10 92 102 108 61 117 70 76 5 42 24 29 38 46 60 54 55 112 92 73 109 74 48 100 107 94 120 23 45 39 6 95 82 12 104 4 10 85 125 116 81 14 125 17 65 26 31 49 32 40 57 54 116 105 97 91 102 84 51 49 9 78 48 46 81 125 83 90 84 92 33 73 5 59 27 38 0 98 89 34 102 44 75 8 21 57 9 23 118 69 72 39 8 25 114 98 109 29 115 62 54
32 0 5 94 16 22 14 16 56 85 93 41 38 92 27 32 119 82 85 63 100 24 103 74 48 36 57 80 15 61 51 52 92 67 60 29 29 126 24 118 81 66 31 110 34 96 116 124 114 116 109 103 1 46 113 26 57 122 46 122 22 105 88 125 81 92 19 15 0 102 46 42 82 10 30 109 20 13 22 36 77 121 83 86 19 36 40 72 17 85 40 103 47 17 62 50 45 50 109 88 37 88 112 96 79 23 73 78 50 84 96 38 125 50 103 29 7 76 81 6 82 114 73 56 32 47 1 7
96 107 123 63 35 67 89 14 92 38 45 25 43 90 107 56 108 86 121 44 92 118 41 8 99 62 77 109 52 43 110 87 82 101 23 45 126 112 9 30 74 84 110 105 70 112 2 93 31 4 37 99 77 114 114 25 120 18 118 5 94 117 8 19 108 81 61 37 103 54 87 122 29 104 101 107 107 31 87 88 89 36 24 78 21 70 23 39 26 103 27 91 108 13 84 103 30 91 119 15 105 79 24 27 104 1 76 30 113 9 114 75 68 62 101 63 101 96 106 79 31 83 42 56 118 4 36 47
99 79 83 113 102 71 65 28 68 78 104 62 122 107 117 91 6 53 68 104 53 99 62 69 66 0 26 123 109 8 96 86 32 7 105 76 30 49 123 91 38 65 20 30 63 74 124 92 53 93 12 17 86 4 37 32 70 65 113 23 62 69 39 15 45 66 35 29 38 9 103 30 123 1 23 97 117 52 65 2 81 3 34 55 86 122 12 37 79 91 20 91 67 8 125 7 92 116 7 56 69 16 44 68 77 65 29 29 56 95 105 57 121 59 45 87 66 27 53 32 86 31 5 88 96 33 106 67
49 107 10 44 2 100 26 59 61 108 86 18 70 126 11 112 98 126 105 117 18 14 97 53 34 98 22 26 110 47 111 52 110 111 76 92 61 20 10 121 96 83 87 21 111 80 71 2 46 81 90 54 53 92 64 52 125 17 40 22 79 58 37 78 64 40 62 5 10 19 60 113 80 64 46 52 8 1 121 57 122 69 61 23 6 107 57 19 110 124 9 28 111 62 13 4 43 42 103 54 20 116 92 91 70 54 76 111 92 125 19 98 54 73 119 67 2 35 88 69 81 108 55 51 98 2 76 33
67 82 101 36 31 77 96 65 111 27 25 10 41 5 87 105 59 63 7 119 111 44 99 13 40 62 90 90 95 91 24 55 95 102 75 33 31 1 42 16 51 37 53 84 28 124 41 124 86 103 6 118 71 39 20 123 41 34 37 112 79 71 54 56 76 113 111 9 112 49 67 55 54 34 44 104 10 109 13 19 40 99 107 68 91 10 36 115 79 126 22 17 84 45 62 6 19 24 50 50 8 12 93 23 67 1 107 107 18 84 72 110 10 80 17 4 122 58 39 32 3 24 2 39 115 95 29 59
77 57 13 107 72 125 85 69 34 86 75 88 98 99 50 29 94 83 90 46 52 64 26 2 30 76 60 8 62 54 66 121 56 87 64 48 77 67 33 81 47 78 75 88 92 86 61 116 3 44 34 115 65 48 73 69 108 18 117 109 108 54 99 93 70 41 22 70 52 52 64 23 1 38 83 109 38 81 9 49 116 91 113 32 30 68 39 102 108 90 31 63 52 90 3 36 89 89 65 35 93 103 79 90 2 53 90 72 70 104 43 30 54 12 101 38 77 49 88 90 110 31 45 15 91 112 44 21
83 94 11 64 56 119 14 33 18 46 25 78 9 32 55 83 60 12 24 110 43 44 35 45 40 48 91 43 67 111 93 15 99 71 44 75 69 89 87 114 80 51 89 61 90 64 15 25 55 51 64 82 79 98 95 57 28 26 13 115 92 72 65 43 7 75 107 120 67 110 62 84 115 3 95 101 111 119 11 71 54 58 111 22 77 27 100 79 90 50 86 79 96 100 106 37 68 17 86 67 21 13 126 83 102 65 119 113 31 54 114 51 92 92 76 68 38 81 7 99 112 33 0 95 67 105 25 21
12 27 67 91 97 27 38 23 88 97 96 96 44 126 36 98 11 53 90 107 96 4 49 69 5 48 114 98 73 109 16 45 4 35 107 60 80 51 63 57 122 73 64 32 106 5 1 116 72 1 1 111 97 11 58 76 83 40 96 11 76 36 123 118 54 27 41 3 115 60 16 126 69 69 112 35 2 55 15 36 108 112 7 106 62 24 25 83 46 64 15 34 118 84 44 113 2 121 32 85 56 34 56 8 15 92 15 3 123 18 116 9 39 90 23 21 108 5 40 53 118 3 37 63 121 43 52 21
2 104 7 9 17 124 124 64 68 55 92 42 72 106 102 28 8 124 97 16 41 85 92 109 67 0 27 87 28 103 49 91 72 107 21 90 118 3 47 44 87 115 48 38 1 20 126 88 102 95 73 53 62 37 92 126 64 110 6 38 10 59 20 24 107 62 106 85 111 82 94 32 122 85 58 59 64 17 96 6 117 113 103 78 116 2 41 68 33 47 32 36 123 49 98 93 84 37 57 85 91 16 35 21 1 68 85 79 29 121 114 77 15 48 5 40 4 48 108 88 67 109 123 15 118 66 80 84
17 9 104 110 49 43 76 6 108 40 4 85 16 37 69 83 33 43 67 64 58 56 79 78 54 59 17 115 39 96 58 110 102 55 16 107 53 17 36 106 75 121 69 86 58 64 26 86 75 55 80 107 53 50 55 107 25 101 109 81 68 24 52 65 110 70 2 62 30 11 100 109 17 45 1 118 57 32 109 78 2 26 59 117 106 44 15 37 21 93 22 11 73 49 58 90 64 82 49 61 125 14 57 59 11 27 31 74 110 113 112 121 23 68 29 71 110 111 54 55 17 71 41 64 56 79 38 124
77 116 63 126 51 110 102 92 113 17 4 92 95 120 115 85 123 64 57 1 84 94 84 85 44 62 62 121 28 51 21 36 12 5 77 18 31 72 123 85 107 36 79 62 55 87 83 11 96 0 62 83 35 65 91 75 2 1 0 99 0 111 20 113 59 28 45 119 64 84 114 0 105 39 47 102 40 36 15 42 124 23 17 26 17 114 57 37 2 119 79 5 4 78 90 16 108 115 110 82 113 110 63 35 12 40 73 120 3 121 96 111 7 67 124 121 115 55 11 65 22 10 92 69 113 125 67 37
126 47 54 23 11 59 6 34 97 77 78 12 34 66 46 47 28 57 26 112 61 103 7 103 99 7 73 120 44 27 119 92 64 25 16 16 26 13 103 13 117 65 71 6 30 102 68 96 33 27 103 9 35 81 66 26 0 5 33 15 41 12 16 84 40 115 14 79 91 120 37 44 20 116 64 55 47 44 100 2 114 115 14 73 47 58 23 75 18 41 120 6 113 53 55 12 28 84 93 107 121 49 34 93 16 111 6 75 96 28 39 60 121 105 28 3 57 122 52 29 35 31 10 115 102 60 45 98
44 88 114 113 89 86 58 96 60 119 123 118 27 19 48 32 70 69 7 5 86 97 109 49 58 67 83 44 108 26 82 41 121 1 10 126 112 11 53 99 56 107 87 7 48 35 90 59 10 35 78 48 34 50 48 2 28 28 126 61 34 74 70 18 97 64 42 89 65 58 97 103 11 120 36 122 43 126 105 40 33 59 64 114 42 33 4 96 52 27 39 17 28 103 108 101 90 67 123 126 91 20 81 61 17 18 74 53 6 86 107 87 19 28 46 25 25 46 99 24 14 24 45 63 48 113 31 32
28 94 88 119 14 82 35 68 30 4 63 77 13 58 85 92 48 75 115 88 93 76 126 87 72 75 62 117 82 91 121 93 50 47 24 49 11 87 65 39 5 19 114 10 37 102 112 97 4 124 58 8 122 111 77 60 40 46 43 28 11 49 21 26 47 35 18 81 35 74 120 57 77 55 98 31 112 43 71 17 107 62 124 4 1 28 70 109 18 65 56 117 117 100 25 5 39 63 102 24 123 25 91 41 3 116 2 41 35 25 86 27 55 120 62 9 98 122 7 99 17 15 28 41 105 107 105 119
82 115 84 66 100 20 108 23 101 75 95 125 3 75 36 50 70 14 20 102 76 86 57 110 3 32 78 119 60 55 125 99 47 82 14 16 25 32 4 81 39 124 64 89 115 27 16 31 82 4 105 119 109 31 0 20 50 116 50 50 82 76 51 102 103 13 119 79 33 34 35 34 101 97 112 54 42 125 115 15 76 15 71 112 79 94 13 89 27 26 57 5 30 77 30 95 90 102 70 104 58 9 18 70 42 62 18 117 7 120 82 13 54 126 72 13 70 60 23 102 26 61 118 9 83 78 69 30
43 74 103 48 33 43 17 105 61 17 3 61 104 41 1 108 44 8 2 30 72 83 37 94 10 46 60 18 66 114 90 46 78 57 67 103 88 11 69 73 102 106 13 107 44 51 113 12 30 104 14 74 1 39 70 29 71 109 96 14 111 125 8 97 3 36 32 30 61 12 97 81 119 121 73 106 108 45 106 3 43 113 45 15 67 76 53 74 98 40 73 57 54 105 82 34 56 80 3 63 22 95 18 53 37 18 29 112 30 18 73 26 89 29 9 15 97 98 84 34 32 12 118 74 55 12 103 40
81 61 9 86 61 24 60 11 53 57 94 49 124 89 42 18 54 36 14 80 73 66 2 14 22 54 112 83 81 78 48 94 125 58 43 50 77 12 124 35 28 16 103 91 33 125 11 82 117 78 21 110 64 9 111 118 68 86 6 124 112 73 6 67 70 22 61 76 122 46 5 4 72 20 95 51 126 0 22 29 8 102 18 18 99 102 10 111 43 5 11 41 49 78 105 122 51 101 33 52 123 92 98 14 101 69 97 40 101 58 120 16 45 67 13 14 77 66 98 66 15 82 72 107 36 9 94 65
42 65 47 92 36 75 52 102 100 83 8 121 22 65 34 40 8 49 53 44 71 73 117 120 91 41 16 5 84 43 51 59 30 16 67 16 123 43 110 122 10 53 86 43 58 42 87 101 80 78 34 20 44 98 102 66 83 85 124 58 15 95 11 22 34 60 73 53 104 83 1 126 37 104 56 71 10 0 81 114 106 104 125 4 82 62 32 91 78 54 5 17 88 95 73 79 35 51 15 75 1 81 69 3 59 3 29 77 5 60 57 36 88 29 91 32 72 38 14 96 20 122 72 30 103 53 70 85
16 1 66 56 115 44 16 7 25 27 22 73 66 107 124 111 108 105 91 58 63 4 18 55 112 25 100 74 124 69 8 90 39 0 90 72 64 29 85 115 102 53 70 85 104 80 95 60 46 64 71 49 84 31 60 11 76 27 35 48 5 3 27 118 103 117 7 77 88 5 19 19 22 1 16 13 19 44 96 91 68 87 46 69 9 96 21 122 117 49 32 29 33 57 89 27 43 38 76 75 43 9 43 8 35 73 118 24 22 21 37 79 116 89 54 72 39 107 41 66 8 58 30 48 37 87 93 18
8 52 49 123 109 64 39 90 3 65 103 119 37 80 32 9 74 80 39 30 22 38 30 46 49 121 1 66 64 33 121 33 120 89 108 87 111 86 43 95 61 84 38 26 52 69 21 46 119 82 46 0 10 59 60 110 53 73 62 32 80 111 74 109 33 44 100 97 110 78 108 115 25 63 15 28 116 22 20 97 79 65 48 116 20 84 1 28 10 112 23 123 21 25 91 79 104 49 28 54 67 26 21 37 125 86 57 94 119 83 67 51 7 19 3 35 57 56 48 4 14 26 42 69 43 126 20 32
122 94 112 32 16 67 118 80 69 5 82 44 118 104 61 97 34 118 125 114 115 125 2 11 32 87 48 17 50 124 17 113 66 92 78 25 10 106 101 105 35 36 95 113 5 19 77 54 4 119 109 3 115 105 47 115 20 78 76 48 27 93 24 39 67 1 78 82 62 104 88 102 20 4 52 2 0 44 7 113 61 109 6 52 28 19 55 54 86 21 85 50 97 113 38 20 82 53 46 26 63 38 12 47 49 68 82 13 64 115 79 124 119 40 54 9 119 11 93 13 3 103 62 44 22 24 57 22
107 13 43 92 107 57 13 22 21 77 101 114 43 87 31 49 90 64 66 7 39 48 12 90 23 118 40 8 50 53 63 79 32 58 113 63 55 104 74 16 111 112 31 47 87 35 82 104 89 33 96 28 34 50 85 112 48 45 31 76 89 59 68 74 124 31 33 40 113 51 57 34 122 92 114 52 27 65 34 3 75 78 5 46 112 17 82 22 25 55 117 126 64 102 70 62 98 49 56 23 99 87 75 87 73 65 34 20 88 125 93 16 6 28 10 85 118 37 50 111 65 18 9 24 74 35 87 15
96 51 119 50 45 97 68 78 27 109 43 71 47 10 94 2 7 16 108 22 107 7 103 68 51 59 27 25 46 109 101 39 124 8 111 104 13 21 11 46 110 102 51 9 99 33 123 40 21 30 48 24 97 62 72 58 60 103 11 6 64 53 57 111 73 98 12 17 117 33 16 79 109 63 48 84 35 53 118 48 88 93 26 91 118 68 51 114 70 105 49 56 32 83 61 58 38 61 18 19 57 71 70 65 51 51 97 109 94 59 7 68 124 42 43 69 5 54 29 98 68 45 79 1 98 78 10 26
90 0 124 119 118 4 18 77 16 5 111 91 20 105 47 5 123 114 43 80 11 48 104 113 3 108 69 12 13 112 70 99 107 16 50 80 93 110 23 58 118 103 8 1 43 125 35 62 119 50 27 76 35 77 110 18 99 16 7 26 98 58 84 7 124 121 65 70 123 8 58 95 56 70 79 67 39 14 98 101 23 66 92 125 39 30 62 118 77 118 71 23 32 95 35 10 75 46 31 54 23 110 109 96 89 98 123 111 62 65 86 12 35 97 82 108 118 24 40 123 42 18 28 81 24 91 111 79
10 109 77 84 38 112 118 9 47 55 117 6 48 90 111 57 27 0 54 38 5 46 17 110 73 23 5 62 59 48 68 97 94 24 67 22 102 72 101 74 3 106 85 112 5 35 108 37 25 11 73 97 81 96 119 54 61 17 113 53 111 32 100 41 27 12 102 97 93 98 54 66 53 59 80 84 71 22 84 47 10 119 115 61 109 37 67 40 46 125 50 47 121 89 120 61 112 107 120 64 32 71 19 46 63 77 89 4 40 34 35 57 29 115 105 27 53 37 72 90 113 19 43 69 71 64 37 80
14 22 87 48 0 50 12 39 50 15 118 124 119 26 28 76 61 32 31 83 3 40 114 87 10 36 65 17 118 33 75 86 79 118 50 48 79 24 7 7 41 100 11 45 2 31 43 57 1 68 73 49 111 20 44 36 29 78 41 116 46 64 54 53 113 41 111 123 96 85 105 15 0 5 72 78 126 119 110 63 23 95 37 58 37 82 72 53 84 41 34 26 110 60 114 125 94 69 105 94 32 90 24 50 45 43 70 124 89 70 13 104 8 44 89 121 27 5 105 42 123 121 109 52 51 13 35 106
51 89 74 124 75 11 79 38 52 6 95 89 117 99 43 24 84 12 53 55 93 85 41 77 121 21 59 104 122 9 79 120 20 79 70 54 14 95 13 63 87 121 88 10 66 70 21 100 35 16 118 24 80 96 124 104 103 88 55 18 98 15 68 34 106 49 22 112 10 1 56 4 6 64 123 96 115 116 90 77 120 118 114 29 55 79 41 40 44 81 87 38 75 42 23 113 111 79 91 67 95 76 43 68 85 87 43 38 0 53 87 37 112 43 6 38 23 37 91 34 72 56 2 81 71 101 123 50
108 111 10 21 15 114 103 24 80 83 27 72 87 60 64 86 119 25 99 41 14 97 102 112 73 19 70 98 22 26 92 2 35 42 87 29 52 43 116 95 75 81 2 2 0 73 59 47 60 11 118 92 25 42 126 11 40 49 48 67 87 94 70 102 22 63 48 77 46 112 125 62 71 32 62 30 49 24 16 25 0 121 76 92 70 84 58 4 27 31 94 40 48 40 39 9 95 55 99 103 121 54 35 104 17 55 115 61 112 105 16 108 71 80 84 3 17 43 98 15 97 34 49 10 74 10 120 48
39 17 79 24 65 69 73 21 22 63 50 26 47 54 34 88 61 118 24 119 22 77 55 74 110 62 17 123 25 79 11 123 65 106 117 18 81 7 87 96 112 42 27 70 84 113 27 26 70 121 69 65 9 36 87 64 99 84 117 40 67 126 20 60 6 20 2 45 32 70 121 3 100 48 107 27 46 58 28 0 111 13 2 78 120 111 45 55 11 118 31 87 110 94 42 21 70 59 11 75 121 67 34 89 109 111 70 51 60 64 44 121 31 56 46 71 107 28 53 88 91 83 54 76 84 107 116 113
108 42 119 82 11 95 22 60 79 44 26 43 79 39 97 119 5 44 32 124 72 66 79 86 54 80 53 53 74 110 39 68 43 41 113 54 22 126 67 53 106 80 124 108 47 113 67 45 97 28 24 4 62 106 8 122 75 94 38 110 11 103 49 7 40 44 35 53 33 91 55 40 47 25 71 48 58 16 108 105 33 34 84 53 88 47 51 83 61 66 41 59 96 102 51 107 84 42 107 11 104 99 81 4 49 23 39 124 12 38 6 113 5 67 86 71 92 22 79 92 119 107 41 57 91 69 36 6
76 30 20 99 79 48 75 59 13 99 88 27 44 113 75 64 66 16 119 105 85 92 76 23 58 73 95 58 4 107 23 60 83 62 33 119 106 108 114 80 32 37 116 84 120 16 35 71 21 36 80 56 111 4 79 53 77 91 57 2 55 30 74 31 48 109 24 76 73 59 4 37 6 121 41 56 68 33 42 111 103 103 34 117 38 42 57 106 14 50 26 73 28 115 12 85 122 92 16 94 52 108 16 0 39 2 109 48 105 28 17 41 106 13 32 49 109 61 84 124 124 70 61 116 103 97 126 102
7 62 11 77 75 116 84 98 1 84 94 45 50 116 80 120 84 89 99 28 94 71 67 70 27 56 117 101 88 38 63 64 79 11 80 122 14 93 22 108 23 16 84 0 23 13 106 86 93 105 30 21 8 25 66 34 89 121 47 8 37 112 123 65 85 98 12 7 88 35 8 119 108 126 48 33 0 52 99 64 78 113 60 81 35 115 1 92 125 23 10 12 29 105 13 5 32 75 26 52 23 117 45 37 75 11 3 119 68 116 61 0 104 57 86 34 35 42 93 109 14 92 91 30 77 49 40 67
104 14 69 72 75 15 32 99 13 1 63 80 83 19 3 92 58 9 77 25 104 42 21 98 33 19 111 17 125 61 50 87 10 79 120 5 107 42 37 117 44 80 88 109 91 55 77 104 111 80 109 42 123 22 40 11 90 38 11 93 17 23 40 115 2 84 42 34 118 81 28 6 62 77 63 39 108 117 71 107 10 89 39 50 108 2 59 31 53 13 46 112 117 46 24 41 56 37 78 118 4 42 72 117 45 17 85 61 124 62 117 50 64 109 107 96 100 56 114 6 68 72 8 48 95 4 94 126
111 67 41 38 53 44 96 85 28 100 66 14 126 122 5 33 47 64 70 121 55 61 24 11 97 122 111 77 114 16 114 79 32 17 100 48 104 60 19 68 103 42 53 88 29 123 90 119 65 27 3 43 35 72 7 119 13 48 124 39 4 63 52 63 36 34 38 122 93 10 7 105 73 16 96 59 64 107 29 121 20 71 17 2 46 18 98 125 30 60 124 122 41 12 47 121 22 35 22 123 103 27 12 14 32 16 74 81 58 58 63 126 40 112 65 32 6 77 46 95 89 3 6 108 4 51 66 120
26 16 92 78 120 14 61 68 119 56 83 106 109 76 119 7 7 90 17 98 122 33 52 52 8 2 114 64 41 17 23 93 117 58 51 5 104 121 21 103 73 111 114 82 3 21 19 108 9 98 80 105 28 39 95 110 42 59 50 100 42 112 98 31 73 19 2 107 17 124 104 25 75 7 67 23 37 110 89 27 93 8 62 96 83 74 50 1 12 119 74 112 99 57 52 79 98 70 122 47 26 34 102 63 11 3 61 108 45 119 18 16 72 69 41 100 118 5 96 33 108 13 26 75 92 19 18 35
15 125 7 123 43 120 77 79 40 12 122 104 28 52 63 57 24 61 45 66 32 84 11 10 42 57 72 40 94 51 19 18 58 4 105 117 54 43 24 60 126 28 86 54 68 5 5 7 38 76 26 111 79 29 53 1 82 101 95 15 108 114 46 95 26 106 19 117 68 70 38 91 106 0 77 112 25 122 91 63 94 25 111 88 111 80 105 122 118 69 99 55 95 71 70 16 7 117 0 80 119 55 119 90 94 82 59 18 11 59 62 102 29 37 34 64 107 117 32 102 20 48 2 17 33 54 73 79
40 107 115 46 58 56 29 26 110 105 16 17 76 25 17 113 49 43 48 116 119 94 49 102 95 77 94 72 39 58 27 0 25 122 120 83 122 16 55 1 116 48 77 48 93 52 33 86 19 29 18 25 96 122 60 35 85 4 106 124 90 48 31 13 11 73 112 76 119 73 69 114 119 114 68 87 99 101 28 108 9 13 90 99 30 12 64 83 83 24 70 10 13 99 94 109 89 97 109 46 2 92 32 52 36 73 96 30 38 33 68 33 13 67 81 95 70 2 73 9 34 87 8 78 58 93 38 55
61 66 118 114 94 9 28 48 116 99 19 91 62 93 11 45 87 85 122 102 35 100 94 79 125 21 0 31 49 118 1 64 38 12 69 27 117 53 101 106 72 33 125 24 51 52 117 43 115 33 89 47 52 77 30 81 79 126 33 83 61 1 43 109 17 122 41 115 100 20 25 58 88 118 65 84 32 111 15 24 124 79 19 99 80 76 8 112 112 115 87 35 28 42 79 60 85 35 30 59 12 117 110 40 36 74 71 51 112 62 9 96 78 25 51 105 102 44 54 22 108 82 92 88 8 9 32 20
71 38 49 61 98 107 65 81 67 63 27 100 19 38 114 36 108 94 85 106 46 4 65 57 2 124 92 99 66 122 26 20 39 62 9 72 82 70 71 39 61 103 36 103 84 114 96 96 18 79 25 83 97 19 118 52 45 4 40 33 14 57 50 96 41 14 17 15 42 16 76 19 86 21 63 108 17 90 60 116 75 78 35 41 57 69 71 91 95 64 26 7 11 40 80 107 37 91 15 121 93 96 83 84 26 22 36 113 23 56 59 42 98 99 52 64 43 65 48 10 126 83 27 44 99 97 77 18
70 26 98 74 5 4 108 113 111 36 2 86 49 22 30 119 91 102 48 38 53 70 111 79 99 34 45 54 110 64 89 6 75 97 30 95 24 111 33 11 90 93 63 92 121 18 61 36 106 79 113 78 71 91 92 73 61 21 10 17 15 76 118 86 84 11 118 61 99 66 38 97 27 91 90 18 124 113 77 126 42 72 73 92 110 100 56 113 126 72 20 76 42 46 3 62 18 64 80 122 73 56 117 4 59 106 65 50 34 93 32 70 104 58 98 30 5 105 17 106 49 15 113 3 114 48 38 24
49 88 36 9 74 96 57 57 40 96 47 36 111 82 111 116 91 51 8 19 101 118 61 96 16 87 13 116 57 28 110 47 71 53 24 121 51 90 18 8 115 62 30 61 114 22 76 0 118 36 65 120 33 79 94 29 124 87 37 57 109 82 9 47 33 23 5 82 21 83 76 126 104 120 6 85 75 101 19 9 6 79 79 117 117 45 80 110 26 98 56 1 26 29 30 51 63 56 121 34 124 51 52 17 46 39 34 17 121 34 60 45 41 82 35 1 32 15 118 80 30 28 16 100 81 31 96 82
113 0 72 78 95 99 124 115 25 119 61 111 42 47 0 24 11 38 87 39 14 47 54 48 83 58 106 92 37 50 57 6 26 124 54 124 50 39 60 5 56 57 114 1 34 72 8 118 96 44 114 45 48 68 42 75 126 67 69 47 75 46 56 82 39 59 78 12 125 88 89 43 74 76 30 50 99 91 24 43 96 95 126 26 120 8 30 12 71 18 77 17 20 89 1 93 0 27 101 79 104 21 35 112 77 67 50 78 69 91 70 43 91 66 48 42 72 88 89 90 49 69 24 84 23 64 28 43
96 8 52 29 65 89 62 54 116 58 117 122 4 18 41 117 1 19 88 3 36 42 86 37 1 71 83 106 119 83 77 35 44 17 87 120 0 97 32 71 18 64 50 96 14 50 30 70 112 12 16 36 84 88 7 77 19 81 85 22 122 63 7 5 11 20 108 124 106 63 31 24 98 122 117 3 3 53 80 47 25 63 2 77 24 118 84 107 112 81 38 0 112 115 100 70 30 1 17 90 19 35 84 103 103 33 106 1 94 65 18 122 75 125 66 60 77 21 45 93 91 18 118 89 36 66 122 71
27 125 101 107 85 10 27 104 125 96 43 105 52 35 54 17 91 23 109 27 76 46 76 26 93 115 109 30 45 116 85 53 11 63 58 37 9 108 15 117 113 92 18 50 78 9 55 71 98 68 12 17 0 37 22 33 24 39 16 3 10 48 17 8 41 42 51 101 34 10 11 121 3 57 37 67 44 34 58 24 117 63 95 123 17 101 19 31 5 5 75 124 65 36 74 61 73 37 76 50 16 110 79 125 96 121 79 66 99 7 116 124 20 83 99 98 63 4 125 113 123 109 48 62 18 67 100 49
50 94 99 51 79 64 40 92 12 116 86 58 21 5 56 78 63 81 126 54 81 125 51 38 107 40 90 57 79 74 74 78 29 3 27 114 19 113 41 100 77 54 70 110 38 42 11 53 4 89 10 57 63 98 78 1 83 86 17 81 62 95 39 126 113 41 16 39 7 69 46 55 30 115 9 112 51 98 81 84 101 99 111 73 0 5 31 23 7 100 92 48 103 11 117 98 38 61 40 73 95 116 73 16 61 100 34 68 116 2 26 85 71 93 36 18 1 106 27 65 93 20 33 113 16 20 89 6
90 63 39 91 102 58 17 92 89 41 20 10 54 17 7 100 26 9 83 69 90 101 49 20 64 63 25 114 58 101 2 22 43 96 48 84 116 32 104 55 91 64 2 98 58 34 35 106 88 8 27 32 61 74 4 80 121 106 77 112 42 71 51 8 28 25 118 37 38 49 2 101 97 8 100 24 49 79 84 55 42 113 87 35 41 89 125 7 81 106 104 7 76 9 62 88 85 90 66 32 120 66 38 72 88 76 13 89 124 66 73 8 14 80 84 125 8 97 112 33 48 27 32 38 99 92 15 60
36 80 28 100 89 25 50 2 123 72 44 84 122 76 36 117 69 27 30 4 119 116 19 32 76 72 78 96 95 84 124 121 92 100 9 37 54 42 7 29 5 110 80 91 37 5 44 104 80 0 82 121 72 74 118 92 22 55 27 95 34 123 99 17 104 7 76 85 41 126 69 103 72 64 69 123 41 8 62 72 65 76 41 115 13 100 51 113 27 31 13 49 43 68 122 64 37 81 1 126 93 121 85 59 87 42 88 88 125 44 65 94 18 101 69 59 18 121 66 103 83 22 90 64 65 92 10 109
18 36 126 12 102 2 72 104 15 25 17 36 123 23 7 12 76 40 10 43 38 98 17 106 33 1 79 8 44 3 16 5 71 31 10 74 87 32 3 69 98 74 88 126 100 31 111 61 35 6 11 121 25 7 82 116 98 105 35 104 114 63 2 12 16 92 115 54 114 105 44 106 30 84 21 3 17 43 68 11 64 93 99 95 82 97 74 91 111 27 95 15 98 70 109 61 80 82 81 54 123 18 97 65 60 54 124 34 92 65 98 36 13 8 115 100 125 58 18 13 101 91 89 122 104 3 39 107
93 46 44 50 63 91 68 122 8 28 0 42 120 46 124 34 108 25 93 14 101 28 69 92 39 9 120 56 57 125 103 82 67 39 1 8 116 82 102 1 79 93 114 52 14 59 67 86 1 1 19 2 62 100 101 41 115 42 29 96 88 77 2 40 52 98 36 106 66 65 78 92 78 61 114 108 124 107 65 69 36 117 19 112 77 48 26 91 56 19 32 89 19 80 41 48 8 107 90 6 5 49 120 37 2 108 16 107 17 95 50 64 12 64 7 46 95 65 48 33 83 73 12 55 83 119 31 51
26 2 8 16 51 118 92 105 121 12 20 35 106 63 72 58 41 26 84 68 29 60 24 62 56 125 80 15 73 53 99 89 39 72 94 42 118 35 68 108 11 94 40 103 22 125 17 120 38 2 103 81 5 43 8 1 66 38 126 46 79 104 76 16 83 92 94 41 59 102 54 117 67 111 55 81 58 113 114 56 3 30 38 48 59 80 59 76 11 95 44 10 66 4 9 41 39 54 122 19 93 45 79 103 9 55 13 113 12 79 118 20 62 55 28 116 105 93 7 79 75 62 122 58 12 93 14 38
119 48 119 97 9 63 11 107 20 118 10 71 100 22 20 103 16 90 79 84 61 0 16 96 78 1 116 102 50 51 63 7 104 120 57 115 100 107 106 78 76 111 110 48 102 42 82 109 119 102 43 52 20 14 108 77 8 65 96 27 31 62 94 11 48 44 48 33 101 63 88 56 46 51 12 52 73 62 41 12 26 102 57 41 116 70 124 102 94 110 55 57 7 126 43 55 118 74 70 79 69 122 76 44 111 32 105 61 104 116 71 46 77 39 4 107 88 16 86 95 104 77 97 97 17 80 37 33
19 19 84 62 98 96 95 80 1 8 58 1 35 111 25 75 64 116 2 117 21 80 105 62 121 115 26 42 14 107 123 111 50 68 83 63 57 34 31 0 12 54 104 32 40 89 17 124 110 125 110 92 121 76 28 121 54 109 77 75 57 71 44 69 108 84 53 0 12 11 3 45 20 125 86 122 62 2 28 115 33 110 22 66 54 44 64 38 19 95 91 113 2 35 22 93 70 106 53 21 94 16 51 19 46 111 32 114 49 28 117 23 11 45 96 46 54 80 100 30 55 79 84 84 76 93 33 21
60 42 124 54 101 98 78 2 21 8 61 12 105 83 122 66 13 113 121 59 68 87 25 51 73 23 15 106 10 60 120 113 70 15 35 31 95 117 80 110 49 72 109 31 33 65 61 60 12 80 75 104 86 78 24 27 20 48 48 45 76 116 38 124 13 104 49 112 95 46 106 21 38 117 4 60 91 125 104 37 14 114 122 51 72 115 58 71 62 74 90 114 119 84 72 50 54 25 100 11 104 51 34 75 104 85 71 50 24 71 72 74 51 108 91 18 62 83 72 53 63 115 16 72 122 102 97 30
74 5 45 39 13 68 106 118 101 65 56 41 36 11 0 93 62 91 28 29 13 95 120 91 68 126 105 100 36 96 111 106 100 97 22 29 10 87 87 76 88 84 55 115 80 72 94 87 112 97 92 120 93 20 96 74 59 65 121 8 90 97 18 99 23 25 11 104 68 96 113 4 0 66 52 15 123 126 90 87 4 14 69 79 95 123 19 68 35 96 23 51 101 14 97 103 25 21 17 104 81 43 47 28 64 3 92 21 87 103 73 9 18 69 86 21 62 74 9 101 88 85 12 100 1 23 59 74
69 63 28 78 83 86 109 64 35 105 15 76 31 11 88 126 80 43 83 79 23 43 2 36 43 63 35 10 54 53 82 68 12 25 42 54 83 116 53 87 69 60 41 5 22 18 97 72 109 35 84 110 74 96 40 80 55 81 41 115 22 90 119 88 46 25 66 80 3 50 100 115 93 2 73 84 67 23 112 77 45 63 0 126 63 99 29 39 83 40 15 108 74 3 62 38 61 10 36 31 98 117 34 84 29 29 110 69 123 73 4 59 64 12 33 114 120 48 31 62 113 60 55 20 87 85 93 42
57 17 65 113 84 19 62 112 68 52 107 123 7 71 109 80 33 26 7 75 71 53 59 44 112 14 11 5 55 36 16 85 75 103 66 80 18 111 1 59 104 16 78 119 59 97 45 62 51 123 38 108 60 16 40 73 109 44 103 39 47 95 103 111 57 86 22 27 72 110 96 113 18 85 67 98 90 123 69 98 47 59 72 97 81 123 27 12 92 59 71 25 86 54 74 19 91 30 46 1 69 9 92 104 124 65 125 96 57 70 58 115 84 1 82 31 79 45 90 82 39 28 50 83 73 78 124 90
23 117 94 112 107 4 81 49 60 16 73 59 39 88 59 45 6 12 56 62 35 114 38 89 73 65 37 63 31 24 16 34 66 5 0 111 0 91 72 56 26 45 78 103 4 79 94 51 41 126 89 112 88 48 104 105 69 120 70 100 112 28 126 13 94 45 83 54 82 19 115 5 91 120 12 125 10 70 125 16 40 72 16 104 2 45 113 100 52 47 55 10 112 46 15 64 56 21 36 59 76 109 33 61 96 76 47 51 14 7 40 22 42 81 73 56 9 40 78 61 12 22 76 63 99 114 97 32
9 101 107 118 97 28 63 119 34 56 64 48 86 66 5 124 48 119 33 12 103 80 38 76 29 8 58 63 51 23 125 106 119 54 126 110 60 72 3 56 4 33 52 37 4 119 111 17 100 44 98 27 9 26 15 81 85 104 109 108 124 92 2 89 102 122 52 66 23 55 119 79 48 33 57 94 95 58 34 56 47 9 113 11 98 32 99 1 59 112 71 18 53 46 79 59 68 52 102 56 73 49 47 92 63 105 19 39 119 50 96 122 117 102 32 42 49 105 23 66 109 52 20 109 51 85 82 112
94 47 34 0 114 9 73 75 63 19 39 99 93 48 21 63 1 60 115 84 60 21 14 34 3 121 80 91 67 7 105 38 96 79 72 77 42 73 32 96 36 18 1 112 88 116 48 48 86 34 92 1 14 66 52 104 45 15 42 45 35 62 95 72 111 38 47 70 65 91 8 56 66 120 19 4 1 96 45 64 88 39 103 89 98 87 63 58 53 81 21 41 60 87 50 121 82 35 90 107 70 111 72 53 45 115 89 56 84 20 60 89 11 108 41 121 65 17 43 8 47 88 124 33 118 40 7 52
35 76 6 58 98 48 56 8 67 39 43 38 35 38 83 89 109 74 28 16 37 9 107 95 14 118 64 4 51 62 84 10 39 40 73 8 74 74 125 30 27 102 4 88 109 13 81 94 4 23 75 33 98 16 103 23 27 29 119 97 64 59 14 63 9 84 82 43 89 47 26 88 82 89 91 85 19 101 74 88 7 104 76 89 69 101 69 51 30 100 117 75 28 92 43 39 88 61 96 69 59 104 5 87 47 36 114 109 21 20 46 126 11 115 103 20 115 79 71 29 68 88 43 98 121 118 121 76
29 114 73 43 92 1 82 101 93 84 121 115 29 121 32 14 104 84 0 117 77 11 112 28 108 72 49 19 96 123 62 60 124 73 63 84 103 6 33 61 83 72 106 22 39 42 67 106 60 101 72 123 94 78 24 25 9 47 31 40 66 68 65 44 78 5 103 30 75 113 93 120 94 5 48 59 73 87 41 104 29 113 95 34 43 91 95 121 47 113 37 38 34 51 26 102 39 12 21 34 97 79 4 59 64 96 33 76 62 114 10 38 86 95 67 53 53 66 22 52 121 83 19 87 87 33 23 7
69 78 53 109 117 47 39 83 46 50 119 92 5 60 32 121 39 44 108 16 85 65 34 111 7 63 80 72 112 7 122 92 123 22 67 87 115 107 3 89 119 52 101 121 44 98 21 3 110 101 122 8 33 47 62 124 108 46 69 98 28 68 23 24 91 33 57 10 44 92 105 83 95 66 87 36 33 18 7 6 125 0 45 14 32 83 21 61 106 37 42 104 34 7 112 110 118 11 50 65 123 20 125 69 58 116 85 69 76 88 49 114 46 19 64 0 36 7 69 72 57 125 53 74 15 107 111 15
20 118 30 68 94 18 30 11 113 71 2 28 102 4 77 21 89 84 115 81 5 5 92 72 67 73 24 52 5 92 60 16 15 70 71 74 29 25 87 84 28 120 9 62 20 80 58 72 35 70 59 126 115 91 111 48 11 50 65 22 61 3 55 36 58 96 25 42 76 33 50 69 126 93 63 11 82 7 123 109 115 37 42 60 5 90 106 124 38 113 34 23 18 18 6 29 59 80 12 88 71 54 77 14 114 10 12 94 87 100 34 27 76 35 50 15 41 114 114 2 21 50 120 30 77 10 111 5
79 75 121 101 79 111 1 31 103 35 123 60 32 124 73 6 20 54 120 37 21 123 118 78 20 26 110 42 6 126 45 112 119 82 26 37 34 34 28 79 96 26 104 1 46 113 34 31 34 123 66 118 33 37 80 45 31 105 52 58 40 78 110 121 8 18 60 35 85 123 76 15 110 106 65 120 115 121 106 57 74 32 47 72 111 16 108 1 110 45 10 16 82 105 18 4 80 48 102 29 44 31 72 77 74 92 113 77 41 62 65 38 71 38 41 11 79 76 5 8 124 89 41 94 72 99 23 27
126 115 108 77 119 79 125 27 69 21 15 91 47 60 35 46 116 100 93 41 63 38 78 69 29 30 102 23 120 52 46 77 48 102 36 80 58 16 15 59 18 41 93 7 56 62 103 58 89 47 101 68 13 40 18 51 28 65 75 14 79 52 119 113 102 23 59 42 52 62 117 43 80 101 15 98 28 120 68 35 104 122 104 4 58 87 62 17 59 58 64 91 81 97 104 61 42 78 100 98 66 118 98 21 114 0 82 58 40 26 120 46 120 28 73 21 70 91 105 71 23 82 103 113 41 79 83 78
9 80 41 55 87 20 114 103 90 56 125 49 44 39 8 1 65 14 90 40 65 25 10 71 48 30 114 76 9 15 103 34 3 114 12 5 54 47 1 38 86 125 63 7 50 12 123 35 27 57 119 14 106 88 96 12 69 27 82 80 119 68 105 26 64 122 50 61 104 11 74 75 67 4 94 115 14 72 67 20 118 60 103 85 95 122 111 122 126 23 116 119 82 110 17 108 60 25 112 99 23 89 111 76 0 43 57 121 17 42 40 105 51 86 28 75 126 119 121 125 61 19 87 84 84 100 10 78
52 54 76 23 58 117 78 66 50 11 75 80 19 35 40 34 69 124 38 65 46 70 118 78 66 112 92 74 88 49 86 62 16 87 70 109 64 23 91 11 27 59 110 22 119 72 90 19 125 90 45 90 101 96 46 13 61 46 66 125 99 92 37 42 18 69 65 109 69 79 78 78 60 49 100 26 10 125 31 51 68 36 60 120 81 9 58 7 77 89 0 83 48 47 42 50 79 110 123 94 44 108 72 48 87 28 35 57 89 69 44 104 107 24 15 120 48 18 30 2 120 73 120 83 61 5 52 99
63 99 123 25 111 41 16 75 65 71 63 23 52 105 90 85 16 0 117 7 10 74 20 94 37 13 112 110 38 91 62 40 8 122 123 51 119 58 27 60 125 33 100 94 75 6 44 108 48 60 70 60 99 115 3 95 100 79 109 118 26 17 38 115 3 17 126 113 4 112 24 119 62 123 120 2 102 74 0 122 39 1 73 124 89 47 101 6 97 36 112 108 63 21 123 100 17 92 84 94 114 8 11 83 100 53 49 46 107 23 111 84 58 73 122 18 1 73 116 74 15 50 98 69 108 47 67 123
6 27 126 62 124 80 123 89 36 27 102 29 7 88 57 5 44 117 13 77 37 52 107 121 38 108 30 1 12 83 101 89 46 58 36 81 91 25 108 82 70 67 17 69 76 13 115 65 102 47 14 47 24 67 77 106 60 10 40 6 94 59 75 31 14 48 16 57 88 13 9 4 79 5 49 12 59 57 105 36 90 98 93 43 86 116 56 126 19 108 109 64 28 73 75 53 67 32 104 90 97 125 114 92 53 124 79 58 33 55 122 16 114 124 21 66 74 32 93 69 103 58 11 34 116 119 103 118
49 42 35 56 68 78 13 19 14 37 85 118 67 20 68 1 87 67 12 99 26 82 113 122 109 50 99 65 112 98 78 113 0 118 37 16 16 109 30 38 71 56 0 33 57 67 102 82 125 58 113 63 37 62 72 18 91 49 6 116 10 103 34 58 55 84 45 117 28 12 46 88 88 115 32 61 24 19 122 32 66 116 7 90 122 121 3 78 6 21 15 51 90 122 81 44 125 0 119 105 80 80 97 29 107 86 102 115 54 36 110 53 46 15 87 20 5 39 98 60 47 29 17 31 11 82 121 37
64 26 12 11 71 14 93 124 59 34 89 37 54 102 45 6 47 99 103 68 46 87 4 45 114 49 67 111 44 126 15 78 1 123 36 22 44 103 44 95 47 48 116 122 70 43 36 91 8 25 117 112 2 3 14 24 0 79 100 113 82 111 38 72 96 86 114 81 3 124 15 45 42 90 0 60 30 32 85 115 62 58 21 7 21 1 25 73 66 16 124 93 101 50 122 17 26 61 115 117 66 8 117 97 105 7 108 23 28 75 33 28 105 118 72 43 107 115 78 73 71 5 1 29 83 6 47 86
9 73 81 71 106 58 3 38 58 100 53 50 88 86 54 117 36 81 121 22 14 30 36 6 100 13 42 27 41 68 67 5 57 31 81 116 102 93 78 126 70 83 67 15 112 66 110 58 84 92 24 83 12 3 22 30 111 37 124 58 109 122 30 124 73 46 8 119 16 18 96 117 69 62 113 0 102 36 31 80 126 97 62 43 104 53 80 33 39 113 98 90 13 124 81 115 76 42 34 55 117 117 42 17 51 56 57 33 52 39 62 94 21 0 125 100 72 101 41 41 73 12 119 0 106 57 41 20
98 21 118 5 100 113 66 62 33 60 25 28 111 22 22 107 44 90 122 81 26 38 84 110 95 49 22 101 29 3 104 94 111 8 68 112 37 98 47 24 23 45 37 122 68 59 66 67 125 21 21 58 33 117 50 67 87 122 45 20 15 58 16 90 58 5 94 73 120 124 116 42 81 94 75 6 10 71 49 49 93 104 72 76 20 89 38 8 88 100 112 11 62 43 113 118 85 115 62 15 29 59 120 51 9 44 21 93 28 88 112 53 51 21 92 58 110 12 46 95 71 5 11 73 91 120 27 56
4 33 7 9 125 20 119 84 95 12 52 84 90 82 24 80 54 84 59 18 22 53 102 68 72 36 12 64 47 11 99 119 105 98 20 23 104 51 79 33 120 89 124 51 75 58 30 13 73 40 64 70 88 36 119 112 126 82 48 45 50 93 107 64 7 82 34 15 2 74 61 108 62 98 26 118 38 88 114 95 20 66 97 59 74 13 34 115 94 51 45 1 120 52 119 38 39 84 101 88 17 41 98 56 76 72 38 68 98 68 53 98 14 28 34 75 42 60 113 84 19 91 5 69 85 114 44 7
86 124 25 101 6 22 70 14 102 12 13 94 88 69 18 107 2 65 70 11 25 83 40 25 72 52 114 109 86 83 32 60 45 29 57 124 70 58 39 18 51 25 10 48 26 74 38 32 1 113 27 58 71 64 106 91 105 77 4 70 53 78 24 102 2 118 0 91 116 44 95 51 28 122 111 7 31 103 29 7 3 103 119 53 46 107 76 30 126 52 21 13 16 28 81 28 46 53 41 51 57 55 114 52 69 96 71 79 95 82 116 63 20 74 113 120 86 83 61 34 109 59 76 30 41 115 81 5
26 72 91 29 55 15 90 126 36 20 54 87 68 66 63 30 31 22 116 44 81 66 77 4 39 11 27 95 88 107 70 30 59 111 91 74 23 112 1 23 57 95 62 74 47 100 17 10 87 96 111 50 105 107 80 112 11 79 63 30 47 108 85 116 67 82 109 0 37 35 120 114 121 83 61 41 68 10 120 87 122 109 7 119 85 21 38 30 114 90 90 119 46 89 29 5 109 108 57 65 25 112 115 89 112 5 97 109 63 98 31 77 9 47 43 34 79 26 75 44 20 91 57 18 99 50 22 34
75 126 31 120 55 13 102 36 71 45 95 40 69 17 16 7 108 43 96 5 68 45 66 84 54 50 47 55 35 61 70 87 25 41 113 58 71 93 44 0 62 111 26 27 47 28 35 27 85 77 22 51 39 31 1 82 53 11 14 80 65 25 87 39 11 28 121 40 42 64 67 114 62 1 3 75 9 86 37 106 54 20 0 12 100 66 50 50 32 125 124 125 42 106 32 79 79 61 45 6 63 12 71 97 35 6 18 49 31 10 73 1 99 117 43 56 105 34 21 35 17 125 22 68 51 20 91 80
72 31 91 107 85 42 99 58 112 57 41 55 61 109 65 35 86 2 87 121 67 79 34 14 94 57 37 31 75 105 82 119 36 115 45 15 4 23 107 9 94 38 46 24 20 116 50 13 84 46 68 72 89 86 90 6 34 21 115 14 59 3 97 45 31 103 4 45 74 38 56 121 72 11 1 79 94 23 1 8 70 100 73 1 78 31 51 73 119 56 44 27 65 8 45 49 33 92 37 27 3 16 41 67 81 81 111 33 4 104 102 111 119 64 114 14 85 114 29 61 25 76 59 50 11 0 102 106
126 8 7 31 33 74 80 4 23 92 109 89 55 27 122 40 9 107 124 68 12 85 64 99 107 84 63 97 83 109 40 97 65 34 9 101 85 70 23 73 110 77 107 57 34 122 106 85 106 122 18 44 122 52 90 42 116 22 47 102 63 104 113 48 51 60 38 50 49 126 95 26 67 30 48 26 121 112 89 60 86 55 11 0 14 10 117 81 25 30 25 34 71 111 26 44 21 104 14 67 34 58 28 67 27 52 0 17 88 19 7 45 8 10 103 9 58 102 34 60 89 123 125 59 88 96 113 109
56 13 88 111 47 29 44 14 2 20 6 68 69 124 8 26 85 62 121 6 8 10 58 87 65 111 64 53 79 44 59 77 1 126 93 56 101 115 126 91 58 125 17 112 89 9 6 106 105 122 111 83 116 118 122 41 41 54 66 118 50 58 117 50 117 25 66 16 86 65 3 103 95 105 89 19 24 31 63 105 114 41 125 119 62 33 42 50 80 36 53 87 71 123 100 74 117 41 37 52 14 78 102 75 9 113 39 85 27 89 65 20 51 22 40 13 37 107 84 57 36 106 116 95 5 106 45 34
68 35 36 54 103 68 94 43 25 124 117 93 9 83 93 80 103 50 57 61 12 105 105 20 71 62 62 32 110 60 74 98 113 4 48 43 72 89 40 108 101 83 5 54 116 68 103 107 36 99 86 22 45 105 121 28 71 35 26 86 34 8 104 42 103 22 96 57 25 108 97 83 25 23 12 125 66 60 105 94 118 2 43 69 64 86 94 76 4 42 98 95 107 68 99 67 69 37 25 116 113 10 27 104 46 85 98 62 126 17 104 72 80 64 31 105 120 65 120 13 44 15 34 102 113 116 64 53
88 91 65 79 72 59 13 62 50 33 52 2 30 8 77 1 101 22 80 0 48 7 36 91 79 10 6 43 111 8 38 86 67 62 102 117 91 92 63 96 98 26 32 14 65 70 104 19 72 12 117 87 96 86 3 70 54 86 86 72 103 44 22 33 3 57 88 9 22 115 120 25 116 57 67 4 111 4 54 28 9 4 77 34 3 80 55 91 13 120 111 63 94 75 47 72 49 57 11 84 48 71 92 51 46 68 32 64 32 105 17 111 33 23 95 126 54 96 105 41 2 41 19 106 68 16 7 94
106 53 110 0 60 22 37 58 40 94 107 125 41 43 120 25 96 17 84 51 60 17 106 109 32 100 52 95 111 38 5 120 26 8 50 61 80 30 26 121 70 11 60 16 96 30 8 42 43 103 52 64 116 9 33 82 46 112 83 13 75 71 98 80 8 56 106 13 24 98 92 86 52 32 13 35 69 0 102 57 57 89 92 124 102 50 104 23 48 79 90 1 27 35 99 84 92 113 63 92 9 100 67 19 4 79 29 16 81 67 32 42 35 93 110 119 107 54 114 94 49 36 125 65 56 78 15 89
0 9 20 116 98 80 80 86 114 19 50 109 123 29 37 31 35 15 80 57 15 48 94 3 37 111 119 35 63 87 104 79 60 25 53 91 112 38 86 82 32 76 93 30 114 44 49 102 115 81 4 11 30 80 49 21 99 31 8 97 104 53 99 101 4 51 92 118 73 106 63 10 95 42 124 116 90 102 72 118 108 122 112 66 55 27 8 116 43 123 43 101 0 90 87 31 73 37 78 3 89 37 125 40 6 39 27 102 39 40 96 52 17 21 42 67 12 62 78 88 41 50 24 2 52 34 109 43
6 109 101 124 25 50 80 19 82 79 86 85 126 11 82 66 102 104 65 120 45 60 118 64 41 73 17 55 62 6 85 68 103 0 116 102 59 48 51 17 118 69 33 90 44 91 125 69 80 18 101 35 124 11 37 110 115 39 108 75 88 56 28 118 40 40 50 65 81 119 36 80 52 106 4 15 4 8 125 120 37 126 81 53 110 32 52 114 101 26 110 77 62 11 62 40 38 24 25 17 10 0 83 25 89 109 51 96 34 24 84 86 30 18 52 101 69 60 79 108 55 68 108 9 96 72 58 8
65 107 109 95 95 25 90 45 9 105 115 41 43 103 9 52 7 43 75 20 108 105 57 66 23 37 8 14 6 111 43 48 33 38 96 86 83 92 11 120 29 104 111 104 9 22 104 103 89 32 49 35 33 60 16 120 79 93 49 3 117 125 105 52 10 9 52 15 123 69 49 8 118 12 4 57 25 121 103 47 122 1 101 114 107 4 75 85 65 14 30 62 119 64 19 40 7 117 20 90 117 121 30 46 29 48 1 46 1 11 73 77 81 33 115 73 97 30 33 12 95 79 93 62 58 90 99 1
52 46 116 57 66 66 47 36 35 47 61 20 118 106 68 6 82 69 89 121 22 124 107 60 49 125 53 92 39 64 12 101 97 33 66 80 83 67 122 125 79 22 83 12 37 36 56 93 21 5 35 31 110 43 95 126 2 81 48 8 34 99 5 43 80 56 82 75 8 20 107 11 17 58 77 74 4 10 57 75 92 36 87 123 92 56 9 79 54 37 21 50 69 49 50 59 115 119 117 33 82 48 59 30 121 94 2 109 18 76 27 62 103 22 29 96 28 52 36 17 98 1 7 73 77 71 52 24
42 24 74 125 75 5 107 102 83 21 78 42 73 118 119 66 116 118 80 11 109 9 123 79 31 102 103 64 105 22 110 97 57 79 34 51 97 62 31 92 125 96 66 74 1 90 114 83 4 85 36 70 71 24 66 21 18 20 91 39 115 103 92 95 104 105 14 76 39 59 73 72 76 121 20 23 69 90 125 23 92 19 14 104 82 100 80 111 77 56 20 3 73 116 50 104 123 69 51 115 77 69 76 56 75 34 93 22 75 35 49 88 65 43 28 1 116 79 72 80 121 53 69 40 46 0 50 84
91 54 106 36 41 63 17 49 2 84 126 46 42 40 105 96 42 35 46 46 85 77 63 30 10 83 62 4 108 60 36 97 76 106 93 125 75 110 43 51 42 86 65 52 28 83 116 114 31 57 46 58 0 59 2 77 42 110 35 59 57 100 80 66 95 111 100 48 124 102 19 79 51 8 8 48 34 110 76 37 78 60 89 34 123 77 4 87 120 107 17 46 20 12 103 91 8 86 121 6 53 42 67 33 63 15 35 66 122 40 86 109 126 97 105 123 32 0 51 1 121 113 77 19 1 97 7 3
8 59 39 101 4 52 58 17 88 126 92 47 43 27 60 30 37 24 17 112 112 81 74 9 26 103 15 35 36 28 73 32 8 48 45 77 42 20 78 104 2 72 58 116 113 94 38 73 96 96 21 5 38 114 52 57 11 122 99 110 74 9 53 53 117 47 53 124 89 21 78 68 23 16 95 3 105 77 108 99 5 73 77 50 91 23 109 6 75 95 6 89 97 103 19 118 22 36 3 89 72 90 23 126 35 43 64 49 16 34 26 59 120 64 50 11 14 75 81 2 118 100 35 67 103 79 11 121
125 16 103 62 116 28 86 45 93 109 64 34 104 16 38 89 17 30 5 10 71 101 70 95 87 44 18 27 76 52 32 58 19 40 74 117 49 62 33 90 23 125 66 44 68 78 27 48 106 111 79 109 126 27 87 13 112 73 19 89 78 30 106 73 101 7 116 61 120 15 21 82 13 23 35 72 30 50 66 106 14 57 70 111 87 8 95 26 48 33 110 45 34 91 6 84 57 0 56 74 68 72 49 67 21 95 78 81 17 4 9 115 68 68 19 48 1 101 8 85 80 82 80 23 84 78 116 36
10 102 42 11 113 44 51 66 104 88 75 84 5 114 79 81 21 29 36 75 90 15 55 64 50 27 21 125 70 95 8 58 35 45 0 54 90 59 5 95 118 17 113 112 106 54 13 92 30 122 111 35 0 113 46 36 65 80 57 111 23 46 39 1 65 20 76 34 29 32 86 82 110 52 60 15 33 93 110 105 55 11 53 25 78 67 86 50 98 18 96 119 50 13 40 65 67 105 7 45 28 111 47 36 81 116 76 54 16 48 105 4 99 36 19 45 92 11 118 46 93 62 16 94 11 74 52 35
43 110 120 82 65 79 81 44 64 30 113 113 67 14 89 93 111 91 122 20 112 120 11 77 24 0 27 102 18 9 39 96 22 13 6 56 100 8 107 76 21 16 100 95 13 120 28 92 67 71 33 106 36 106 79 99 125 47 25 26 56 19 13 73 83 84 39 125 88 3 11 112 66 101 29 110 100 67 76 87 40 66 41 22 7 109 99 116 30 95 93 41 65 11 24 117 116 78 89 72 88 82 32 105 115 96 16 88 67 48 37 101 16 112 14 106 0 4 65 11 108 69 122 19 82 57 1 119
32 95 74 113 86 106 110 122 92 120 50 85 28 77 94 67 17 0 41 11 79 78 1 1 15 63 99 0 57 34 46 2 78 87 73 98 111 122 89 7 71 102 3 63 53 20 69 77 45 57 111 48 113 56 57 82 53 60 25 23 77 105 10 87 4 42 111 26 5 26 58 73 94 86 69 113 54 80 106 76 24 10 4 1 108 124 52 41 46 64 54 22 67 114 64 89 20 8 62 123 104 111 0 23 29 70 32 55 88 43 82 103 3 115 114 87 23 116 108 98 40 94 39 10 81 8 62 60
66 64 29 2 44 73 9 39 110 70 29 10 3 59 117 54 74 125 42 95 28 98 71 100 76 98 39 114 124 16 22 67 56 44 93 101 92 65 2 1 105 126 122 55 43 2 50 26 120 107 7 13 107 37 13 95 103 17 11 15 46 46 71 103 107 22 56 95 38 9 15 24 56 66 66 124 93 14 15 98 16 49 73 28 50 32 20 58 83 39 16 41 20 108 18 101 98 123 72 54 95 5 23 9 41 29 34 92 25 108 25 88 16 28 124 80 94 24 87 121 122 105 21 106 31 52 10 39
69 124 1 62 88 14 80 55 105 94 62 114 100 48 61 80 39 39 11 25 48 60 32 20 51 90 113 24 57 0 10 64 96 60 49 41 35 38 21 100 79 92 53 115 81 7 97 125 45 57 23 1 8 23 31 1 79 42 104 85 85 64 47 56 84 73 66 64 32 11 36 99 46 91 4 2 97 54 4 27 85 29 26 1 53 9 12 90 108 85 120 40 115 13 41 36 8 58 58 45 63 41 106 105 114 57 95 13 3 29 20 121 94 100 35 10 53 126 5 31 49 79 73 1 40 15 99 67
88 64 53 60 30 104 88 17 80 62 83 1 118 17 111 101 82 104 66 1 115 120 89 106 65 76 55 98 24 122 44 119 95 94 57 108 42 118 88 52 15 17 55 29 29 97 110 111 43 38 27 110 25 9 21 104 125 21 95 67 10 99 34 99 10 25 121 105 105 2 115 82 61 46 96 37 115 115 54 70 78 11 73 18 40 29 11 83 77 92 103 76 91 53 71 120 17 56 34 13 19 115 103 15 62 17 72 102 83 15 105 75 3 27 126 67 10 54 92 8 81 97 101 121 36 82 84 108
72 87 35 40 7 81 4 10 81 56 103 110 32 20 27 112 18 104 24 42 76 61 3 117 116 6 19 27 103 103 75 96 107 77 115 88 79 32 46 75 76 126 37 98 95 49 78 84 53 9 4 110 61 44 68 66 125 17 28 89 51 124 15 110 54 36 118 110 43 77 37 89 33 114 106 68 12 22 4 71 67 32 126 6 126 115 101 59 107 50 41 60 101 6 126 83 80 94 62 117 47 61 78 10 24 34 9 16 17 80 115 108 55 3 9 115 125 117 102 76 89 89 82 81 64 125 113 117
121 125 7 77 114 45 77 2 59 4 34 12 58 50 57 50 105 13 89 19 60 29 2 21 71 67 17 95 27 92 57 98 15 7 104 121 92 19 95 63 94 99 6 68 25 50 81 12 68 116 46 122 39 81 97 8 48 60 74 104 49 61 23 30 3 83 56 88 15 118 61 120 5 109 54 93 74 2 74 53 105 72 60 62 111 123 71 118 44 114 57 117 116 16 22 25 50 5 35 100 90 38 103 102 89 62 74 121 10 0 25 126 119 28 80 56 31 30 92 51 57 12 13 33 101 106 17 3
63 43 68 25 25 97 19 108 93 70 11 64 114 8 124 56 98 86 4 116 113 119 26 14 118 125 72 103 22 20 30 51 25 45 110 90 51 10 8 54 104 124 82 72 3 48 6 67 57 118 39 110 2 72 102 92 59 123 25 106 22 54 109 117 118 44 0 87 25 6 28 58 8 91 57 96 88 15 100 58 14 19 67 87 62 63 92 104 21 17 78 26 111 16 12 104 53 4 79 31 52 23 12 16 76 34 45 90 106 18 15 29 113 49 6 38 22 108 111 47 1 61 83 63 110 59 113 5
42 88 81 51 21 85 9 82 108 14 88 70 17 111 120 100 57 8 69 85 99 83 61 71 16 24 59 2 53 89 19 106 82 67 122 71 111 3 103 68 82 75 81 66 13 50 73 31 42 86 38 114 85 35 24 27 103 53 43 63 89 58 73 48 53 97 104 68 35 13 1 67 79 124 36 20 81 18 27 79 28 65 52 29 9 108 54 102 31 85 74 4 113 52 126 97 43 74 104 68 62 34 96 58 67 117 2 67 98 20 38 61 124 2 70 88 88 125 106 74 3 19 30 89 35 118 61 121
96 90 120 37 59 34 101 33 100 65 9 39 46 42 20 111 52 53 113 114 39 102 43 24 9 119 89 90 24 102 94 73 79 106 36 106 111 86 99 107 93 82 97 101 114 50 117 40 44 99 96 80 7 70 86 68 12 65 116 67 18 93 13 111 16 45 117 0 66 72 16 3 48 38 36 36 4 65 83 11 123 40 50 51 74 3 122 124 54 46 65 42 90 18 10 20 41 12 110 5 105 14 109 119 121 55 78 94 33 54 121 21 40 107 73 107 42 80 86 4 99 90 48 60 21 89 112 28
57 87 92 98 20 46 97 11 96 86 19 55 43 121 108 87 95 48 48 23 18 99 3 125 92 25 16 113 90 122 122 61 0 116 116 84 117 88 100 17 71 9 44 60 37 97 40 116 64 109 91 54 112 37 17 5 56 0 98 47 34 90 45 109 90 85 37 41 80 45 19 33 114 36 21 0 88 24 25 37 81 113 121 55 26 120 81 14 35 57 112 124 81 15 25 116 97 46 101 117 86 82 59 38 6 25 67 95 47 93 19 114 126 62 48 7 42 100 103 96 85 125 54 73 33 6 99 100
22 25 125 1 75 98 27 92 98 55 45 99 84 116 46 94 119 57 94 7 32 33 85 14 39 105 51 52 101 81 25 41 64 84 105 64 112 96 15 42 4 18 99 69 81 116 5 124 23 49 81 92 56 68 53 29 114 68 119 47 22 93 21 67 24 7 102 64 22 37 76 112 68 12 62 102 91 66 16 122 74 69 89 51 10 34 67 112 120 118 80 67 23 4 118 50 16 76 18 50 8 33 65 40 10 45 83 54 114 23 102 18 49 37 56 105 124 106 48 7 120 39 1 70 18 69 37 68
44 39 88 68 36 75 88 16 60 7 70 13 109 73 38 13 88 107 82 92 24 31 120 38 2 63 35 29 3 63 85 54 64 122 81 70 46 53 61 70 54 98 17 24 43 47 67 79 52 40 123 62 109 89 112 48 106 98 104 73 95 28 84 15 42 126 16 48 50 53 39 88 96 41 15 107 74 13 3 49 40 98 84 102 55 27 29 88 114 54 71 82 56 124 75 43 93 122 2 55 68 87 98 118 81 76 80 49 48 121 6 52 57 6 106 33 22 122 11 81 6 94 14 80 82 125 46 48
94 7 81 22 1 52 45 11 117 114 99 70 82 28 45 30 7 63 123 87 29 106 100 95 101 4 35 57 38 92 119 120 42 50 126 48 65 74 75 96 114 101 124 115 56 84 24 19 74 55 38 107 100 99 78 50 66 55 10 26 117 61 58 19 57 51 95 66 34 96 27 20 97 121 63 83 39 107 13 74 72 16 83 33 85 8 4 26 51 13 58 30 6 116 21 107 30 99 100 23 126 90 99 41 44 9 0 18 100 108 26 13 110 60 124 39 30 41 74 57 123 31 88 58 72 116 14 50
120 16 102 124 125 22 54 66 21 63 54 27 7 36 25 102 37 40 51 63 62 19 53 70 78 95 96 63 24 10 52 38 41 49 100 105 47 10 60 91 32 25 97 41 112 10 100 7 89 63 9 121 10 110 79 28 116 1 35 25 85 121 111 66 123 65 64 112 46 84 121 23 12 101 105 39 70 123 89 45 8 55 91 56 117 14 29 103 13 49 119 96 16 125 105 79 114 82 33 34 111 60 102 79 38 98 5 14 68 33 115 45 56 51 34 126 4 92 7 1 66 6 89 4 84 84 6 26
