126021 126174 126327 126480 126633 126786 126939 127092 127245 127398 127551 127704 127857 128010 128163 128316 128469 128622 128775 128928 129081 129234 129387 129540 129693 129846 129999 130152 130305 130458
130917 131070 131223 131376 131529 131682 131835 131988 132141 132294 132447 132600 132753 132906 133059 133212 133365 133518 133671 133824 133977 134130 134283 134436 134589 134742 134895 135048 135201 135354
135813 135966 136119 136272 136425 136578 136731 136884 137037 137190 137343 137496 137649 137802 137955 138108 138261 138414 138567 138720 138873 139026 139179 139332 139485 139638 139791 139944 140097 140250
140709 140862 141015 141168 141321 141474 141627 141780 141933 142086 142239 142392 142545 142698 142851 143004 143157 143310 143463 143616 143769 143922 144075 144228 144381 144534 144687 144840 144993 145146
145605 145758 145911 146064 146217 146370 146523 146676 146829 146982 147135 147288 147441 147594 147747 147900 148053 148206 148359 148512 148665 148818 148971 149124 149277 149430 149583 149736 149889 150042
150501 150654 150807 150960 151113 151266 151419 151572 151725 151878 152031 152184 152337 152490 152643 152796 152949 153102 153255 153408 153561 153714 153867 154020 154173 154326 154479 154632 154785 154938
155397 155550 155703 155856 156009 156162 156315 156468 156621 156774 156927 157080 157233 157386 157539 157692 157845 157998 158151 158304 158457 158610 158763 158916 159069 159222 159375 159528 159681 159834
160293 160446 160599 160752 160905 161058 161211 161364 161517 161670 161823 161976 162129 162282 162435 162588 162741 162894 163047 163200 163353 163506 163659 163812 163965 164118 164271 164424 164577 164730
165189 165342 165495 165648 165801 165954 166107 166260 166413 166566 166719 166872 167025 167178 167331 167484 167637 167790 167943 168096 168249 168402 168555 168708 168861 169014 169167 169320 169473 169626
170085 170238 170391 170544 170697 170850 171003 171156 171309 171462 171615 171768 171921 172074 172227 172380 172533 172686 172839 172992 173145 173298 173451 173604 173757 173910 174063 174216 174369 174522
174981 175134 175287 175440 175593 175746 175899 176052 176205 176358 176511 176664 176817 176970 177123 177276 177429 177582 177735 177888 178041 178194 178347 178500 178653 178806 178959 179112 179265 179418
179877 180030 180183 180336 180489 180642 180795 180948 181101 181254 181407 181560 181713 181866 182019 182172 182325 182478 182631 182784 182937 183090 183243 183396 183549 183702 183855 184008 184161 184314
184773 184926 185079 185232 185385 185538 185691 185844 185997 186150 186303 186456 186609 186762 186915 187068 187221 187374 187527 187680 187833 187986 188139 188292 188445 188598 188751 188904 189057 189210
189669 189822 189975 190128 190281 190434 190587 190740 190893 191046 191199 191352 191505 191658 191811 191964 192117 192270 192423 192576 192729 192882 193035 193188 193341 193494 193647 193800 193953 194106
194565 194718 194871 195024 195177 195330 195483 195636 195789 195942 196095 196248 196401 196554 196707 196860 197013 197166 197319 197472 197625 197778 197931 198084 198237 198390 198543 198696 198849 199002
199461 199614 199767 199920 200073 200226 200379 200532 200685 200838 200991 201144 201297 201450 201603 201756 201909 202062 202215 202368 202521 202674 202827 202980 203133 203286 203439 203592 203745 203898
204357 204510 204663 204816 204969 205122 205275 205428 205581 205734 205887 206040 206193 206346 206499 206652 206805 206958 207111 207264 207417 207570 207723 207876 208029 208182 208335 208488 208641 208794
209253 209406 209559 209712 209865 210018 210171 210324 210477 210630 210783 210936 211089 211242 211395 211548 211701 211854 212007 212160 212313 212466 212619 212772 212925 213078 213231 213384 213537 213690
214149 214302 214455 214608 214761 214914 215067 215220 215373 215526 215679 215832 215985 216138 216291 216444 216597 216750 216903 217056 217209 217362 217515 217668 217821 217974 218127 218280 218433 218586
219045 219198 219351 219504 219657 219810 219963 220116 220269 220422 220575 220728 220881 221034 221187 221340 221493 221646 221799 221952 222105 222258 222411 222564 222717 222870 223023 223176 223329 223482
223941 224094 224247 224400 224553 224706 224859 225012 225165 225318 225471 225624 225777 225930 226083 226236 226389 226542 226695 226848 227001 227154 227307 227460 227613 227766 227919 228072 228225 228378
228837 228990 229143 229296 229449 229602 229755 229908 230061 230214 230367 230520 230673 230826 230979 231132 231285 231438 231591 231744 231897 232050 232203 232356 232509 232662 232815 232968 233121 233274
233733 233886 234039 234192 234345 234498 234651 234804 234957 235110 235263 235416 235569 235722 235875 236028 236181 236334 236487 236640 236793 236946 237099 237252 237405 237558 237711 237864 238017 238170
238629 238782 238935 239088 239241 239394 239547 239700 239853 240006 240159 240312 240465 240618 240771 240924 241077 241230 241383 241536 241689 241842 241995 242148 242301 242454 242607 242760 242913 243066
243525 243678 243831 243984 244137 244290 244443 244596 244749 244902 245055 245208 245361 245514 245667 245820 245973 246126 246279 246432 246585 246738 246891 247044 247197 247350 247503 247656 247809 247962
248421 248574 248727 248880 249033 249186 249339 249492 249645 249798 249951 250104 250257 250410 250563 250716 250869 251022 251175 251328 251481 251634 251787 251940 252093 252246 252399 252552 252705 252858
253317 253470 253623 253776 253929 254082 254235 254388 254541 254694 254847 255000 255153 255306 255459 255612 255765 255918 256071 256224 256377 256530 256683 256836 256989 257142 257295 257448 257601 257754
258213 258366 258519 258672 258825 258978 259131 259284 259437 259590 259743 259896 260049 260202 260355 260508 260661 260814 260967 261120 261273 261426 261579 261732 261885 262038 262191 262344 262497 262650
263109 263262 263415 263568 263721 263874 264027 264180 264333 264486 264639 264792 264945 265098 265251 265404 265557 265710 265863 266016 266169 266322 266475 266628 266781 266934 267087 267240 267393 267546
268005 268158 268311 268464 268617 268770 268923 269076 269229 269382 269535 269688 269841 269994 270147 270300 270453 270606 270759 270912 271065 271218 271371 271524 271677 271830 271983 272136 272289 272442
