32261376 32300544 32339712 32378880 32418048 32457216 32496384 32535552 32574720 32613888 32653056 32692224 32731392 32770560 32809728 32848896 32888064 32927232 32966400 33005568 33044736 33083904 33123072 33162240 33201408 33240576 33279744 33318912 33358080 33397248
33514752 33553920 33593088 33632256 33671424 33710592 33749760 33788928 33828096 33867264 33906432 33945600 33984768 34023936 34063104 34102272 34141440 34180608 34219776 34258944 34298112 34337280 34376448 34415616 34454784 34493952 34533120 34572288 34611456 34650624
34768128 34807296 34846464 34885632 34924800 34963968 35003136 35042304 35081472 35120640 35159808 35198976 35238144 35277312 35316480 35355648 35394816 35433984 35473152 35512320 35551488 35590656 35629824 35668992 35708160 35747328 35786496 35825664 35864832 35904000
36021504 36060672 36099840 36139008 36178176 36217344 36256512 36295680 36334848 36374016 36413184 36452352 36491520 36530688 36569856 36609024 36648192 36687360 36726528 36765696 36804864 36844032 36883200 36922368 36961536 37000704 37039872 37079040 37118208 37157376
37274880 37314048 37353216 37392384 37431552 37470720 37509888 37549056 37588224 37627392 37666560 37705728 37744896 37784064 37823232 37862400 37901568 37940736 37979904 38019072 38058240 38097408 38136576 38175744 38214912 38254080 38293248 38332416 38371584 38410752
38528256 38567424 38606592 38645760 38684928 38724096 38763264 38802432 38841600 38880768 38919936 38959104 38998272 39037440 39076608 39115776 39154944 39194112 39233280 39272448 39311616 39350784 39389952 39429120 39468288 39507456 39546624 39585792 39624960 39664128
39781632 39820800 39859968 39899136 39938304 39977472 40016640 40055808 40094976 40134144 40173312 40212480 40251648 40290816 40329984 40369152 40408320 40447488 40486656 40525824 40564992 40604160 40643328 40682496 40721664 40760832 40800000 40839168 40878336 40917504
41035008 41074176 41113344 41152512 41191680 41230848 41270016 41309184 41348352 41387520 41426688 41465856 41505024 41544192 41583360 41622528 41661696 41700864 41740032 41779200 41818368 41857536 41896704 41935872 41975040 42014208 42053376 42092544 42131712 42170880
42288384 42327552 42366720 42405888 42445056 42484224 42523392 42562560 42601728 42640896 42680064 42719232 42758400 42797568 42836736 42875904 42915072 42954240 42993408 43032576 43071744 43110912 43150080 43189248 43228416 43267584 43306752 43345920 43385088 43424256
43541760 43580928 43620096 43659264 43698432 43737600 43776768 43815936 43855104 43894272 43933440 43972608 44011776 44050944 44090112 44129280 44168448 44207616 44246784 44285952 44325120 44364288 44403456 44442624 44481792 44520960 44560128 44599296 44638464 44677632
44795136 44834304 44873472 44912640 44951808 44990976 45030144 45069312 45108480 45147648 45186816 45225984 45265152 45304320 45343488 45382656 45421824 45460992 45500160 45539328 45578496 45617664 45656832 45696000 45735168 45774336 45813504 45852672 45891840 45931008
46048512 46087680 46126848 46166016 46205184 46244352 46283520 46322688 46361856 46401024 46440192 46479360 46518528 46557696 46596864 46636032 46675200 46714368 46753536 46792704 46831872 46871040 46910208 46949376 46988544 47027712 47066880 47106048 47145216 47184384
47301888 47341056 47380224 47419392 47458560 47497728 47536896 47576064 47615232 47654400 47693568 47732736 47771904 47811072 47850240 47889408 47928576 47967744 48006912 48046080 48085248 48124416 48163584 48202752 48241920 48281088 48320256 48359424 48398592 48437760
48555264 48594432 48633600 48672768 48711936 48751104 48790272 48829440 48868608 48907776 48946944 48986112 49025280 49064448 49103616 49142784 49181952 49221120 49260288 49299456 49338624 49377792 49416960 49456128 49495296 49534464 49573632 49612800 49651968 49691136
49808640 49847808 49886976 49926144 49965312 50004480 50043648 50082816 50121984 50161152 50200320 50239488 50278656 50317824 50356992 50396160 50435328 50474496 50513664 50552832 50592000 50631168 50670336 50709504 50748672 50787840 50827008 50866176 50905344 50944512
51062016 51101184 51140352 51179520 51218688 51257856 51297024 51336192 51375360 51414528 51453696 51492864 51532032 51571200 51610368 51649536 51688704 51727872 51767040 51806208 51845376 51884544 51923712 51962880 52002048 52041216 52080384 52119552 52158720 52197888
52315392 52354560 52393728 52432896 52472064 52511232 52550400 52589568 52628736 52667904 52707072 52746240 52785408 52824576 52863744 52902912 52942080 52981248 53020416 53059584 53098752 53137920 53177088 53216256 53255424 53294592 53333760 53372928 53412096 53451264
53568768 53607936 53647104 53686272 53725440 53764608 53803776 53842944 53882112 53921280 53960448 53999616 54038784 54077952 54117120 54156288 54195456 54234624 54273792 54312960 54352128 54391296 54430464 54469632 54508800 54547968 54587136 54626304 54665472 54704640
54822144 54861312 54900480 54939648 54978816 55017984 55057152 55096320 55135488 55174656 55213824 55252992 55292160 55331328 55370496 55409664 55448832 55488000 55527168 55566336 55605504 55644672 55683840 55723008 55762176 55801344 55840512 55879680 55918848 55958016
56075520 56114688 56153856 56193024 56232192 56271360 56310528 56349696 56388864 56428032 56467200 56506368 56545536 56584704 56623872 56663040 56702208 56741376 56780544 56819712 56858880 56898048 56937216 56976384 57015552 57054720 57093888 57133056 57172224 57211392
57328896 57368064 57407232 57446400 57485568 57524736 57563904 57603072 57642240 57681408 57720576 57759744 57798912 57838080 57877248 57916416 57955584 57994752 58033920 58073088 58112256 58151424 58190592 58229760 58268928 58308096 58347264 58386432 58425600 58464768
58582272 58621440 58660608 58699776 58738944 58778112 58817280 58856448 58895616 58934784 58973952 59013120 59052288 59091456 59130624 59169792 59208960 59248128 59287296 59326464 59365632 59404800 59443968 59483136 59522304 59561472 59600640 59639808 59678976 59718144
59835648 59874816 59913984 59953152 59992320 60031488 60070656 60109824 60148992 60188160 60227328 60266496 60305664 60344832 60384000 60423168 60462336 60501504 60540672 60579840 60619008 60658176 60697344 60736512 60775680 60814848 60854016 60893184 60932352 60971520
61089024 61128192 61167360 61206528 61245696 61284864 61324032 61363200 61402368 61441536 61480704 61519872 61559040 61598208 61637376 61676544 61715712 61754880 61794048 61833216 61872384 61911552 61950720 61989888 62029056 62068224 62107392 62146560 62185728 62224896
62342400 62381568 62420736 62459904 62499072 62538240 62577408 62616576 62655744 62694912 62734080 62773248 62812416 62851584 62890752 62929920 62969088 63008256 63047424 63086592 63125760 63164928 63204096 63243264 63282432 63321600 63360768 63399936 63439104 63478272
63595776 63634944 63674112 63713280 63752448 63791616 63830784 63869952 63909120 63948288 63987456 64026624 64065792 64104960 64144128 64183296 64222464 64261632 64300800 64339968 64379136 64418304 64457472 64496640 64535808 64574976 64614144 64653312 64692480 64731648
64849152 64888320 64927488 64966656 65005824 65044992 65084160 65123328 65162496 65201664 65240832 65280000 65319168 65358336 65397504 65436672 65475840 65515008 65554176 65593344 65632512 65671680 65710848 65750016 65789184 65828352 65867520 65906688 65945856 65985024
66102528 66141696 66180864 66220032 66259200 66298368 66337536 66376704 66415872 66455040 66494208 66533376 66572544 66611712 66650880 66690048 66729216 66768384 66807552 66846720 66885888 66925056 66964224 67003392 67042560 67081728 67120896 67160064 67199232 67238400
67355904 67395072 67434240 67473408 67512576 67551744 67590912 67630080 67669248 67708416 67747584 67786752 67825920 67865088 67904256 67943424 67982592 68021760 68060928 68100096 68139264 68178432 68217600 68256768 68295936 68335104 68374272 68413440 68452608 68491776
68609280 68648448 68687616 68726784 68765952 68805120 68844288 68883456 68922624 68961792 69000960 69040128 69079296 69118464 69157632 69196800 69235968 69275136 69314304 69353472 69392640 69431808 69470976 69510144 69549312 69588480 69627648 69666816 69705984 69745152
