102 106 44 80 83 25 24 11 70 108 37 106 22 47 119 58 65 40 87 45 16 92 74 16 118 68 3 19 40 123 79 88 66 53 43 6 71 87 14 51 115 44 28 39 32 126 53 97 112 119 14 53 32 17 121 59 81 95 80 107 57 25 32 51
64 81 25 37 105 101 68 102 1 65 77 107 9 94 34 7 22 9 17 21 34 103 2 100 83 92 11 87 28 94 32 35 124 45 17 17 33 37 7 88 98 81 97 1 126 93 58 21 28 35 103 52 42 3 116 98 48 24 76 119 9 115 76 68
125 118 54 48 25 105 124 66 46 20 94 26 99 5 9 29 56 69 67 49 113 70 75 65 54 7 100 90 25 34 70 121 59 119 97 20 70 110 0 64 84 53 56 113 81 49 11 100 20 43 120 61 56 9 116 99 31 83 79 86 124 124 89 60
126 111 60 104 98 59 96 25 36 19 25 107 124 51 89 92 1 40 81 82 20 59 101 62 80 18 90 67 87 61 6 47 107 10 46 93 3 92 122 86 4 14 101 111 71 41 24 85 105 48 92 39 18 44 112 88 23 39 84 78 61 61 37 86
48 64 15 54 17 56 15 49 74 96 2 96 42 3 40 124 45 25 102 37 92 75 49 121 52 68 21 37 98 65 85 50 0 63 121 3 70 53 46 105 56 120 38 89 43 78 25 62 81 126 67 17 50 22 92 35 44 6 81 98 110 96 73 91
70 88 56 87 87 26 90 23 65 66 63 48 39 89 117 55 13 79 124 6 78 59 75 18 84 77 71 32 68 88 94 105 90 126 106 31 75 5 52 0 106 12 75 47 11 119 35 45 67 64 24 108 62 69 54 50 83 1 56 100 8 20 107 6
54 84 78 19 34 75 108 16 114 0 60 6 101 83 59 112 54 117 15 68 37 107 70 49 8 66 118 33 63 26 85 72 115 101 46 8 52 60 106 57 116 35 25 53 100 40 89 96 40 47 65 121 33 61 123 25 110 33 72 48 88 98 90 123
90 70 42 48 114 13 104 97 126 108 20 26 31 125 66 15 54 46 37 117 74 33 97 88 97 98 108 47 22 20 49 55 71 119 56 120 53 76 78 19 53 124 62 105 112 61 85 99 68 93 11 62 63 28 40 14 121 90 40 108 71 71 6 101
121 39 7 37 8 83 32 48 109 113 26 28 75 24 88 30 5 74 97 66 68 78 96 16 113 72 71 61 89 10 83 1 86 21 25 69 72 29 106 16 53 105 104 38 41 30 114 67 119 58 101 38 74 81 20 82 64 111 90 79 110 55 84 8
123 110 121 3 25 26 42 57 55 66 78 72 9 85 3 7 103 71 110 41 12 34 60 34 102 2 46 58 8 112 61 114 16 30 13 24 96 34 45 29 58 120 72 42 23 27 3 33 124 25 87 31 119 24 114 112 65 121 3 77 101 4 115 105
3 88 1 59 11 3 35 67 89 49 33 99 80 9 33 107 124 98 47 15 74 106 36 67 117 121 23 20 26 60 39 81 35 61 57 36 108 46 74 67 88 42 77 61 43 97 97 69 34 105 21 20 89 6 14 97 116 43 87 24 9 100 69 33
84 68 80 59 121 121 84 22 90 70 1 82 54 63 60 10 18 83 36 20 97 18 65 38 64 105 117 83 83 26 99 116 60 106 96 53 109 94 72 23 60 36 15 98 121 2 125 21 44 51 31 61 65 95 118 42 106 38 55 121 51 75 121 70
55 112 107 33 52 68 38 120 91 103 2 80 125 79 66 116 42 91 109 73 4 40 18 19 83 91 17 61 37 86 74 38 42 55 18 61 71 8 34 71 75 24 62 112 91 2 125 65 88 43 12 19 98 32 1 69 9 50 14 14 41 104 69 31
91 4 92 48 19 30 5 85 65 99 46 92 95 19 107 20 94 105 74 122 5 50 46 125 4 18 32 114 99 106 20 42 8 110 111 108 32 4 47 11 22 50 8 18 49 108 40 64 20 88 84 2 112 90 95 44 17 53 43 10 7 41 120 83
69 108 55 111 122 1 119 65 88 17 6 26 64 83 12 60 82 42 22 37 90 41 96 97 119 49 16 77 28 22 104 59 69 49 92 21 96 122 85 83 116 126 38 64 118 114 114 16 58 34 126 67 51 53 110 78 16 124 65 18 41 13 45 56
75 118 115 14 111 107 106 38 84 36 82 4 30 112 29 21 90 45 98 85 20 122 119 41 23 115 13 40 23 97 32 27 26 106 45 100 94 106 96 42 79 20 56 90 38 126 101 15 5 84 85 71 94 117 112 16 40 45 28 49 31 51 105 19
36 83 12 34 105 54 75 109 24 13 59 47 97 1 52 54 122 96 89 113 33 35 103 12 34 123 48 40 104 15 71 60 123 16 60 63 9 15 103 86 89 64 32 70 5 17 102 26 45 63 96 87 108 74 10 93 7 10 87 90 119 21 49 110
44 85 30 118 42 41 62 21 54 4 18 90 94 80 78 38 96 12 14 41 25 90 35 31 30 67 47 104 57 119 0 68 69 70 96 125 10 123 35 81 43 20 46 8 105 10 81 71 122 69 58 124 111 120 11 91 69 116 77 1 52 123 81 20
91 38 98 65 19 79 117 123 111 96 2 85 81 26 57 16 86 108 2 89 77 124 43 74 39 80 44 85 47 118 23 22 34 106 48 22 107 10 47 111 105 78 72 91 40 65 94 26 67 61 78 12 27 31 28 73 56 92 119 26 44 46 126 57
54 45 59 17 88 30 61 95 93 102 32 122 20 77 53 106 89 73 79 108 51 16 74 37 44 120 117 117 46 33 38 105 76 100 101 14 125 67 17 50 100 42 99 16 53 68 75 88 83 29 92 100 116 44 93 9 44 5 1 86 7 30 46 65
123 95 42 74 53 108 57 53 65 44 60 0 38 109 17 76 13 115 64 65 62 126 84 48 68 7 44 7 85 121 19 76 18 43 119 33 38 16 68 5 87 22 48 44 10 59 75 60 107 75 43 124 105 61 80 103 71 63 11 126 46 125 112 25
21 97 99 61 51 27 37 22 109 74 66 0 91 37 42 26 124 56 87 125 52 81 19 32 105 123 3 109 121 24 67 66 89 28 40 74 42 21 26 73 124 55 73 25 43 96 76 50 98 25 114 11 20 25 13 86 87 49 10 32 98 124 29 7
118 104 87 20 86 7 91 54 80 10 84 45 13 3 119 18 60 2 45 28 5 27 58 7 0 32 77 24 113 43 119 14 45 92 81 39 43 102 48 2 89 66 85 102 32 60 57 18 3 65 1 69 9 53 62 118 47 71 9 14 3 103 61 83
43 85 56 42 85 93 109 109 14 44 34 105 22 60 0 74 83 104 100 100 7 16 13 21 79 50 9 89 64 9 53 18 104 24 106 96 59 78 58 41 38 112 103 31 28 88 8 80 68 21 97 45 113 76 37 99 34 46 65 30 95 62 1 63
46 114 121 69 28 25 27 18 107 91 30 50 73 35 103 65 70 120 15 63 106 126 29 93 29 77 106 44 50 90 114 66 88 95 100 41 25 76 20 50 42 75 17 84 84 8 13 87 30 118 64 107 117 88 87 40 85 98 56 16 13 11 73 100
32 108 86 44 101 36 5 79 46 47 43 57 123 33 51 67 5 52 69 63 60 123 56 50 63 19 109 50 21 21 36 46 34 110 115 14 4 107 11 22 2 1 90 92 16 65 81 100 72 12 107 68 64 46 59 43 115 12 73 38 101 97 125 25
113 59 85 113 125 75 79 0 102 15 49 4 44 106 46 118 14 91 84 109 24 121 90 126 69 81 24 110 72 46 26 54 60 52 92 118 28 123 123 85 90 59 110 9 111 125 2 85 0 79 106 62 30 46 53 108 117 74 49 73 67 119 54 103
93 42 74 109 7 113 90 30 33 68 25 85 8 12 79 50 43 49 75 51 24 15 125 42 32 7 54 35 77 88 67 85 64 19 16 38 49 74 6 38 11 69 54 1 5 123 7 58 96 114 15 95 67 82 104 96 125 95 82 58 84 47 81 83
53 6 9 106 34 26 67 26 48 113 66 84 42 46 31 56 63 16 69 41 94 56 25 53 109 110 18 48 75 8 97 33 35 126 26 61 83 9 77 114 23 9 47 82 118 15 107 38 35 33 126 47 103 0 43 43 126 116 12 119 105 16 46 59
28 125 26 99 84 11 76 29 37 32 105 69 3 80 108 93 60 115 96 101 27 120 24 102 113 115 119 64 89 103 85 13 12 38 13 51 72 55 123 73 55 94 23 102 45 72 20 126 22 38 46 78 92 50 1 103 22 123 122 0 111 5 14 41
48 52 63 5 36 32 90 76 21 46 31 114 7 125 52 102 13 24 107 36 70 26 22 63 36 97 94 77 41 104 49 52 97 40 41 3 91 28 78 102 43 106 82 13 16 15 0 46 40 113 70 3 21 69 20 11 93 38 72 23 22 93 78 19
126 38 105 15 90 52 109 99 42 65 23 81 112 76 111 23 122 51 40 27 98 123 30 112 86 92 30 31 54 88 82 84 21 54 8 112 90 111 90 18 1 31 13 17 122 117 100 115 118 69 50 12 70 93 54 53 93 126 74 92 56 79 114 5
29 5 113 19 63 37 21 6 96 1 69 9 47 110 20 42 52 75 4 33 43 54 79 7 54 113 7 58 15 117 34 61 7 96 6 83 56 10 55 65 42 33 9 114 13 99 54 27 126 85 45 60 114 17 25 43 16 15 109 46 40 67 59 25
77 34 54 18 48 42 18 81 39 51 117 84 96 8 113 89 40 102 19 3 99 107 126 101 26 61 1 35 13 117 105 75 81 84 63 96 98 72 62 38 7 21 117 74 3 59 73 97 55 60 2 0 19 38 114 120 61 59 79 17 104 52 2 125
95 96 95 48 35 82 109 41 102 117 20 120 44 102 52 48 80 98 63 32 55 126 87 35 122 120 82 10 106 54 109 116 36 40 46 71 32 50 72 120 59 98 84 3 75 9 70 120 98 112 50 103 59 104 100 113 47 125 23 76 108 15 28 7
84 46 101 117 92 53 74 13 72 75 76 98 73 109 46 102 102 125 76 75 54 46 38 90 13 2 26 61 115 31 46 31 107 12 23 35 18 82 113 110 77 71 100 65 97 29 65 45 101 54 96 7 61 89 56 122 67 126 6 40 42 101 58 35
44 123 23 89 40 34 75 107 67 82 22 0 28 44 90 34 7 124 50 86 42 48 76 6 62 25 36 78 76 102 59 31 117 3 22 0 121 55 28 19 47 28 102 121 99 118 113 78 67 113 124 84 1 98 117 108 29 123 87 106 74 97 34 22
16 7 72 63 8 69 7 76 63 27 87 7 65 70 79 102 48 24 107 97 82 13 119 73 17 11 28 104 97 54 80 4 25 52 14 9 104 4 35 27 74 97 4 84 23 66 28 84 108 45 44 3 109 80 61 43 21 82 119 36 24 6 70 9
100 21 4 80 54 13 117 77 25 51 26 46 98 71 118 70 20 58 69 88 38 89 115 107 10 54 77 65 110 74 29 110 126 61 85 16 34 49 34 84 28 103 89 98 102 93 126 32 47 78 118 8 42 18 38 29 0 68 92 5 35 24 82 1
25 6 120 14 85 109 64 114 32 59 65 14 0 99 63 42 62 73 26 32 85 16 48 18 44 86 78 98 109 4 44 38 86 113 60 125 94 109 120 24 126 96 63 26 78 28 52 106 18 88 72 113 82 108 27 2 103 13 29 102 8 118 43 100
15 55 33 60 123 48 50 1 121 17 98 72 32 31 83 73 93 79 28 11 78 47 12 29 2 43 40 5 75 77 100 61 120 110 0 36 83 123 117 8 122 82 58 91 53 106 22 32 17 23 49 15 62 123 125 41 78 72 24 31 51 121 77 101
28 21 30 109 98 33 42 94 101 24 110 48 111 40 111 6 6 75 53 15 114 123 72 14 78 106 116 64 32 107 77 7 62 61 12 69 8 115 0 38 52 12 26 1 90 100 71 24 124 90 70 83 73 92 99 86 104 11 91 55 18 102 6 121
68 77 68 25 38 126 50 57 30 86 10 62 96 69 56 76 66 57 62 12 87 3 55 82 76 107 108 50 112 122 58 8 35 14 56 31 97 124 89 23 36 22 43 107 11 118 54 107 59 51 42 4 90 55 47 109 126 46 28 52 51 22 32 55
105 48 73 16 80 117 58 49 18 58 122 3 0 111 39 57 37 59 118 18 11 78 26 63 123 34 8 96 49 52 112 35 122 58 31 46 33 68 81 44 27 76 85 87 126 64 121 7 82 35 96 79 101 37 86 4 115 63 64 73 45 22 68 67
39 3 111 48 9 91 31 91 47 104 124 106 103 29 101 117 104 121 82 104 37 52 47 40 107 5 100 93 124 61 23 20 41 33 10 21 8 14 78 17 48 113 54 121 1 71 99 101 77 46 33 28 48 66 7 38 110 84 99 25 9 93 28 81
3 73 37 108 111 106 89 84 90 26 80 119 109 64 43 21 89 60 19 87 14 17 37 21 46 51 62 75 23 100 124 126 85 35 19 78 54 107 116 83 65 80 106 22 22 86 86 104 110 113 118 92 7 21 54 77 52 81 18 124 120 86 101 72
12 94 115 47 85 123 111 116 36 121 70 119 12 89 100 65 44 50 15 35 111 118 107 51 53 72 94 46 117 73 106 100 106 74 45 17 3 29 52 54 39 8 13 37 68 121 95 25 38 117 74 72 88 109 102 43 28 94 0 57 123 80 115 118
46 90 15 42 13 105 64 23 59 48 2 32 25 4 101 92 37 83 44 77 101 96 41 3 33 107 50 58 2 43 60 85 32 99 68 42 10 54 95 31 68 50 9 109 16 8 33 98 116 115 1 46 111 38 29 115 102 0 50 56 71 118 125 102
29 48 118 60 116 48 79 67 93 96 114 66 24 68 8 7 30 71 14 76 26 17 76 88 103 98 47 31 0 59 85 125 107 28 45 98 15 109 106 10 31 79 21 59 107 46 33 34 95 117 60 55 119 113 105 73 46 10 70 25 36 35 31 35
100 64 85 3 25 82 37 37 8 74 87 60 59 109 56 37 10 0 9 30 89 19 82 82 110 19 37 51 34 113 44 63 30 48 125 20 4 30 61 126 8 126 74 110 60 81 42 25 95 81 50 60 111 46 40 51 77 104 93 116 60 13 92 20
70 2 106 121 95 82 38 108 106 35 118 79 124 113 1 27 89 101 15 41 23 60 100 92 2 0 86 3 109 11 35 73 59 76 28 36 74 118 76 20 0 121 116 31 14 97 9 79 64 37 56 32 107 72 8 2 125 39 20 77 64 84 102 49
86 100 6 86 57 83 41 28 49 76 119 17 104 70 110 68 122 38 112 117 109 27 7 46 53 116 18 108 16 53 122 3 109 18 80 97 85 4 99 77 93 101 107 32 126 84 32 97 102 118 8 81 97 106 8 80 76 30 86 30 27 101 82 119
110 84 111 117 5 103 63 17 57 76 20 110 46 24 12 1 77 2 103 126 73 119 57 70 111 71 2 38 32 2 34 85 5 14 20 49 106 69 58 96 46 46 126 86 0 47 37 95 55 53 73 87 15 17 51 65 121 69 7 0 105 72 43 37
124 67 1 55 71 42 12 16 115 121 52 0 57 89 24 62 83 123 106 85 29 19 122 43 9 65 93 5 17 121 20 100 89 20 121 80 15 115 123 89 39 22 20 67 80 65 106 18 8 104 43 100 65 21 100 48 5 22 10 31 94 18 72 12
40 107 67 56 91 14 54 20 119 101 124 104 123 15 66 105 63 38 38 51 49 114 75 31 104 93 125 126 117 88 92 85 11 31 23 5 32 124 16 99 21 76 21 80 118 103 89 120 74 103 74 104 69 18 107 6 31 101 21 36 26 110 32 8
3 91 86 40 27 103 51 32 63 17 27 82 89 8 104 76 83 124 60 88 10 42 39 85 100 103 8 104 63 35 61 7 51 13 113 72 86 52 62 91 90 42 6 38 37 48 10 114 52 80 91 4 45 44 109 11 48 92 41 1 5 105 39 19
19 90 85 70 114 104 110 112 68 19 58 126 12 49 98 74 77 112 67 101 126 21 81 66 67 19 118 55 7 115 100 68 19 60 43 46 6 93 62 124 86 29 59 24 97 2 30 27 108 122 2 13 54 90 73 11 120 49 95 20 114 86 23 44
55 32 86 34 47 54 57 37 124 103 75 68 47 107 61 39 11 97 46 55 104 77 15 116 33 27 54 51 120 53 38 100 112 40 111 77 92 7 20 123 11 85 124 91 8 113 41 118 21 13 7 124 92 93 122 24 126 110 110 0 57 16 3 84
101 104 103 0 70 41 72 101 60 55 121 95 72 41 38 22 2 13 31 114 103 123 67 72 95 19 99 125 114 111 17 29 44 54 80 63 29 64 96 8 100 123 81 9 44 94 121 77 50 90 85 80 84 60 119 25 86 9 69 90 24 53 29 111
14 85 121 114 28 18 86 123 87 24 85 72 107 16 19 77 24 89 2 20 71 64 99 92 80 6 13 38 104 5 76 64 82 100 115 81 34 62 16 62 25 54 110 6 39 28 92 89 8 6 48 90 7 52 42 37 124 108 103 15 42 4 121 0
93 17 107 47 17 66 88 10 56 37 19 73 94 42 125 77 105 29 31 14 93 75 82 89 32 47 42 87 103 53 9 1 89 93 13 33 108 63 2 77 54 60 86 102 81 21 112 99 89 109 27 83 58 35 2 56 32 80 86 84 105 122 81 114
104 95 52 35 126 26 76 66 27 38 96 39 5 107 117 57 95 17 46 89 112 25 61 29 88 53 7 80 99 91 122 56 103 117 114 105 22 83 42 104 34 61 18 47 98 89 98 71 20 56 105 46 65 106 84 8 84 120 56 42 110 82 98 119
100 44 22 75 24 87 96 70 69 56 57 113 61 55 30 0 10 69 43 35 38 88 75 28 58 108 54 97 50 7 18 30 103 71 105 111 125 76 64 120 54 117 79 103 83 72 63 104 97 13 103 47 35 116 65 5 110 107 111 37 65 65 20 11
81 97 99 78 125 117 87 56 75 49 38 17 12 54 1 68 53 27 87 36 71 78 14 71 90 59 79 71 8 76 112 29 25 51 126 86 36 26 71 75 28 118 22 118 84 41 74 111 77 102 68 47 25 36 82 10 18 53 37 69 99 80 105 123
