1392
2544
3690
4836
1536
2688
3834
4980
1680
2832
3978
5124
1824
2976
4122
5268
1968
3120
4266
5412
2112
3264
4410
5556
2256
3408
4554
5700
2396
3554
1432
2584
3730
4876
1576
2728
3874
5020
1720
2872
4018
5164
1864
3016
4162
5308
2008
3160
4306
5452
2152
3304
4450
5596
2296
3448
4594
5740
2441
3597
1460
2612
3758
4904
1604
2756
3902
5048
1748
2900
4046
5192
1892
3044
4190
5336
2036
3188
4334
5480
2180
3332
4478
5624
2324
3476
4622
5768
1057
1551
1504
2656
3802
4948
1648
2800
3946
5092
1792
2944
4090
5236
1936
3088
4234
5380
2080
3232
4378
5524
2224
3376
4522
5668
2368
3520
4666
5812
248
367
6000
7152
8298
9444
6144
7296
8442
9588
6288
7440
8586
9732
6432
7584
8730
9876
6576
7728
8874
10020
6720
7872
9018
10164
6864
8016
9162
10308
7004
8162
6040
7192
8338
9484
6184
7336
8482
9628
6328
7480
8626
9772
6472
7624
8770
9916
6616
7768
8914
10060
6760
7912
9058
10204
6904
8056
9202
10348
7052
8208
6068
7220
8366
9512
6212
7364
8510
9656
6356
7508
8654
9800
6500
7652
8798
9944
6644
7796
8942
10088
6788
7940
9086
10232
6932
8084
9230
10376
2980
3474
6112
7264
8410
9556
6256
7408
8554
9700
6400
7552
8698
9844
6544
7696
8842
9988
6688
7840
8986
10132
6832
7984
9130
10276
6976
8128
9274
10420
641
760
10608
11760
12906
14052
10752
11904
13050
14196
10896
12048
13194
14340
11040
12192
13338
14484
11184
12336
13482
14628
11328
12480
13626
14772
11472
12624
13770
14916
11612
12770
10648
11800
12946
14092
10792
11944
13090
14236
10936
12088
13234
14380
11080
12232
13378
14524
11224
12376
13522
14668
11368
12520
13666
14812
11512
12664
13810
14956
11663
12819
10676
11828
12974
14120
10820
11972
13118
14264
10964
12116
13262
14408
11108
12260
13406
14552
11252
12404
13550
14696
11396
12548
13694
14840
11540
12692
13838
14984
4903
5397
10720
11872
13018
14164
10864
12016
13162
14308
11008
12160
13306
14452
11152
12304
13450
14596
11296
12448
13594
14740
11440
12592
13738
14884
11584
12736
13882
15028
1034
1153
15216
16368
17514
18660
15360
16512
17658
18804
15504
16656
17802
18948
15648
16800
17946
19092
15792
16944
18090
19236
15936
17088
18234
19380
16080
17232
18378
19524
16220
17378
15256
16408
17554
18700
15400
16552
17698
18844
15544
16696
17842
18988
15688
16840
17986
19132
15832
16984
18130
19276
15976
17128
18274
19420
16120
17272
18418
19564
16274
17430
15284
16436
17582
18728
15428
16580
17726
18872
15572
16724
17870
19016
15716
16868
18014
19160
15860
17012
18158
19304
16004
17156
18302
19448
16148
17300
18446
19592
6826
7320
15328
16480
17626
18772
15472
16624
17770
18916
15616
16768
17914
19060
15760
16912
18058
19204
15904
17056
18202
19348
16048
17200
18346
19492
16192
17344
18490
19636
1427
1546
19824
20976
22122
23268
19968
21120
22266
23412
20112
21264
22410
23556
20256
21408
22554
23700
20400
21552
22698
23844
20544
21696
22842
23988
20688
21840
22986
24132
20828
21986
19864
21016
22162
23308
20008
21160
22306
23452
20152
21304
22450
23596
20296
21448
22594
23740
20440
21592
22738
23884
20584
21736
22882
24028
20728
21880
23026
24172
20885
22041
19892
21044
22190
23336
20036
21188
22334
23480
20180
21332
22478
23624
20324
21476
22622
23768
20468
21620
22766
23912
20612
21764
22910
24056
20756
21908
23054
24200
8749
9243
19936
21088
22234
23380
20080
21232
22378
23524
20224
21376
22522
23668
20368
21520
22666
23812
20512
21664
22810
23956
20656
21808
22954
24100
20800
21952
23098
24244
1820
1939
24432
25584
26730
27876
24576
25728
26874
28020
24720
25872
27018
28164
24864
26016
27162
28308
25008
26160
27306
28452
25152
26304
27450
28596
25296
26448
27594
28740
25436
26594
24472
25624
26770
27916
24616
25768
26914
28060
24760
25912
27058
28204
24904
26056
27202
28348
25048
26200
27346
28492
25192
26344
27490
28636
25336
26488
27634
28780
25496
26652
24500
25652
26798
27944
24644
25796
26942
28088
24788
25940
27086
28232
24932
26084
27230
28376
25076
26228
27374
28520
25220
26372
27518
28664
25364
26516
27662
28808
10672
11166
24544
25696
26842
27988
24688
25840
26986
28132
24832
25984
27130
28276
24976
26128
27274
28420
25120
26272
27418
28564
25264
26416
27562
28708
25408
26560
27706
28852
2213
2332
29040
30192
31338
32484
29184
30336
31482
32628
29328
30480
31626
32772
29472
30624
31770
32916
29616
30768
31914
33060
29760
30912
32058
33204
29904
31056
32202
33348
30044
31202
29080
30232
31378
32524
29224
30376
31522
32668
29368
30520
31666
32812
29512
30664
31810
32956
29656
30808
31954
33100
29800
30952
32098
33244
29944
31096
32242
33388
30107
31263
29108
30260
31406
32552
29252
30404
31550
32696
29396
30548
31694
32840
29540
30692
31838
32984
29684
30836
31982
33128
29828
30980
32126
33272
29972
31124
32270
33416
12595
13089
29152
30304
31450
32596
29296
30448
31594
32740
29440
30592
31738
32884
29584
30736
31882
33028
29728
30880
32026
33172
29872
31024
32170
33316
30016
31168
32314
33460
2606
2725
33640
34829
20571
9007
33783
34973
20651
9043
33928
35117
20739
9079
34071
35261
20819
9115
34216
35405
20907
9151
34359
35549
20987
9187
34504
35693
21075
9223
34644
35840
33691
34869
20619
9027
33834
35013
20699
9063
33979
35157
20787
9099
34122
35301
20867
9135
34267
35445
20955
9171
34410
35589
21035
9207
34555
35733
21123
9243
34722
35899
