-89 251 148 17 199 148 376 425 -66 -176 -177 496 462 116 -147 29 387 89 -22 234 129 -208 99 -108 10 -135 -130 -227 278 172 -273 311
861 -213 -87 -475 0 90 389 -174 240 -174 -51 -4 -457 -218 -416 247 13 74 15 -281 33 -47 -343 -82 379 336 -161 -100 -606 -151 -438 -336
116 -456 364 -88 255 185 -237 -174 -284 3 -134 -173 373 349 437 61 -117 296 64 52 453 253 -207 -389 -77 -99 119 387 108 31 -355 -119
326 31 -311 103 -377 -206 -264 218 -203 238 435 29 -71 -296 513 -1 152 22 -79 99 -335 478 -149 -16 1 -59 336 -477 99 373 -92 -115
352 -37 -382 447 370 -257 322 135 -131 -608 91 387 -150 -177 -76 -88 151 450 -205 134 310 -18 267 37 203 -111 -219 336 309 -66 123 -445
-115 -126 700 -49 155 381 24 23 55 214 100 -99 -229 -274 -88 -130 -396 142 45 -33 278 250 161 23 22 77 658 -99 84 0 63 295
80 73 -201 -199 63 78 283 -361 176 188 -286 14 657 -91 -436 21 -449 -16 29 100 251 107 73 -32 -227 226 -65 -243 449 -34 -315 234
-35 -117 420 303 115 164 -116 -117 354 265 371 18 342 130 342 -126 98 -272 -6 -444 282 -128 -296 -19 98 247 -521 461 -231 -20 -300 741
-50 -281 -238 -315 202 193 -245 -566 -34 -112 208 -130 -15 5 -161 273 207 52 -34 207 -30 84 378 -15 -255 -90 -17 -457 -361 -191 39 -233
191 125 -328 -218 -44 88 52 126 275 0 313 28 -363 -98 -30 -2 -606 -155 -13 -48 -188 -243 523 -190 -149 -22 20 184 336 70 506 -15
-180 408 10 68 -139 43 266 365 -548 19 59 -425 -125 -254 424 -31 -281 146 235 -41 -210 -373 42 78 128 361 -454 -85 116 390 129 86
-229 35 -150 -462 -471 455 -1 -345 -473 -453 138 -450 -72 390 73 524 -164 120 69 63 36 169 112 -600 68 -4 -473 74 -88 -38 -11 -31
122 -133 -379 -60 166 -353 -246 -67 -263 472 -98 -570 143 -220 -486 -47 -122 -245 -300 147 -231 -294 -142 -330 358 -35 -309 174 70 283 151 -334
155 -235 -33 129 258 -28 -516 -19 -49 222 365 136 -132 -193 355 61 -70 692 244 29 -241 -411 -151 119 370 229 -218 145 520 -152 232 -227
-1 257 543 327 -260 -207 25 314 82 241 -145 352 -48 131 -343 152 330 27 -39 -227 -284 -345 -216 350 398 -78 317 -203 241 226 -108 192
-253 -411 -161 -88 220 239 191 260 271 290 -49 213 -256 -52 -77 196 122 224 -397 160 187 101 -337 500 69 204 -270 -33 41 295 -262 19
3 180 -535 291 -83 15 11 394 102 -137 -112 -220 -533 -612 103 286 -65 342 94 177 59 -273 -232 443 -55 -209 -26 39 -721 -109 -58 180
430 333 -337 341 -136 -442 -279 -114 -99 109 -40 130 -41 166 191 -51 -230 -91 187 505 57 330 -367 -83 57 -104 -82 242 262 -291 -185 -287
83 322 -382 129 -275 52 -401 308 -246 -121 -210 -154 1 361 359 118 83 -376 -83 -163 206 203 314 65 237 -195 -601 91 -217 120 135 210
-304 347 124 95 54 -352 348 584 -301 242 -47 392 349 -8 256 405 -131 -18 -1 110 -438 98 8 -7 -145 -302 -93 194 -305 420 -408 -55
-91 436 0 38 -326 414 -134 236 254 19 480 -350 83 453 -166 -122 483 110 -426 -84 153 -213 194 -90 176 136 -79 607 -214 -107 144 291
78 -112 33 -171 504 -232 -126 221 110 -200 -198 185 0 310 130 -98 -69 -345 33 280 73 181 420 401 -126 -449 93 -141 130 -15 74 591
-123 71 166 -30 -370 95 176 78 -190 -76 76 177 351 224 7 168 77 -221 20 57 -94 479 -340 170 10 -185 -136 -325 -72 43 -22 -433
53 -224 222 -182 276 -329 374 99 -153 -149 -439 278 257 -323 -229 484 87 246 -168 252 -116 -495 -346 -17 29 29 -41 77 105 -349 49 136
134 65 76 -141 338 -171 57 48 21 -798 214 -229 372 84 -218 -56 40 -215 71 -5 172 290 -279 474 41 427 -184 365 227 357 -277 -191
140 82 -124 -120 -58 -48 -42 -116 -153 161 286 180 16 -270 212 406 1 60 94 699 -31 181 -424 122 -510 -101 -44 -345 249 -376 355 73
15 61 433 -498 96 -74 32 -310 283 -5 -292 -297 -23 -650 396 -392 103 -6 125 -9 -257 39 -254 104 -87 -231 -137 176 246 201 -702 91
-127 228 119 -296 8 -33 304 -377 -299 -552 373 -93 -47 -229 -25 -125 315 -33 -53 -71 -167 -272 99 -43 256 530 -99 50 -131 -274 96 -266
292 -112 135 -278 -74 333 -378 -456 -65 160 80 254 260 126 -20 91 37 -53 -240 122 102 -463 106 -109 -410 -82 256 181 61 131 29 -153
156 -276 -301 -276 -166 -63 151 99 -174 192 -104 64 126 -299 -63 -150 6 -60 3 8 -82 98 5 -128 128 359 -97 -43 336 -319 148 -234
64 9 348 119 452 366 374 78 -234 244 -193 228 -133 193 -71 106 246 -142 68 -293 125 -110 -218 305 130 159 20 -463 311 164 -39 71
-228 271 -191 -176 -108 235 140 207 -198 -86 42 -185 -122 503 17 3 -264 -256 152 29 -115 576 630 2 -81 -15 155 -421 60 178 87 307
