669 850 869 713 428 439 707 947 804 741 553 449 706 880 676 761 873 510 586 788 705 903 523 448 399 592 603 542 710 665
856 867 817 468 550 589 855 688 621 732 708 564 458 595 830 810 369 484 600 477 834 544 432 841 736 732 641 849 854 769
759 691 577 514 448 622 910 713 588 689 372 730 873 469 656 742 533 661 869 708 330 452 596 582 678 806 534 843 1044 864
472 769 509 788 649 653 756 737 985 565 399 378 592 865 702 323 548 607 355 689 565 443 610 614 810 872 1123 1024 901 814
839 942 916 906 658 500 671 631 786 638 541 506 569 624 664 591 776 725 854 795 737 576 540 767 1081 979 1021 998 867 689
1159 848 898 1099 585 557 599 925 959 570 203 699 883 528 616 796 577 733 891 725 625 876 662 930 1171 1076 761 406 562 493
810 931 1298 877 460 514 901 858 733 714 879 751 605 767 1010 1031 1156 858 872 826 901 931 776 788 932 1002 605 296 453 675
637 829 1097 998 880 895 1005 889 598 725 649 797 754 848 878 704 579 829 970 1092 866 531 521 1055 1087 633 164 395 583 294
912 1154 902 451 751 1007 773 624 701 703 629 413 796 1041 1070 641 676 1021 1002 602 502 708 639 514 733 516 311 248 272 654
639 492 614 879 1019 874 1085 606 546 793 412 920 1043 886 441 594 1114 1124 946 553 334 809 617 359 532 253 532 885 730 480
697 462 325 742 1207 688 766 711 378 690 829 1146 1069 595 619 1028 1048 585 444 517 512 659 592 809 703 474 449 401 439 342
534 423 858 961 564 603 678 651 1103 845 724 1106 627 585 967 819 728 773 515 179 630 740 352 486 681 759 952 633 280 427
737 762 558 661 458 383 872 655 915 932 685 683 651 687 853 684 591 590 624 421 650 752 713 699 664 978 611 643 480 622
710 860 705 383 385 816 750 739 942 655 889 773 451 912 932 896 1001 381 427 598 758 510 275 831 868 822 937 526 763 799
771 515 698 1002 570 451 513 1006 954 426 320 772 929 876 885 821 662 369 279 378 756 571 638 538 709 630 574 1022 677 794
889 1032 984 897 783 899 539 933 706 356 412 569 788 740 701 797 403 179 759 592 727 413 604 818 683 877 604 893 812 773
744 819 1004 608 348 806 1049 1061 432 273 461 531 534 795 973 884 590 450 645 761 599 377 796 975 766 465 548 743 983 950
1002 796 458 601 772 781 647 845 400 615 700 421 620 916 959 852 484 462 560 410 580 760 1036 591 764 727 907 1008 854 725
574 619 468 770 861 732 902 971 730 598 154 362 947 1074 1093 775 516 468 663 824 614 790 1053 786 845 601 469 886 967 677
615 265 752 1079 613 567 599 829 807 682 649 893 1031 919 969 547 512 874 1123 846 807 707 581 779 1049 892 961 1039 857 684
815 614 967 929 595 815 839 655 830 564 366 716 1006 1165 1040 846 852 480 878 740 363 665 550 692 759 580 668 799 875 936
555 776 993 596 386 851 648 940 898 877 1116 1057 882 1087 860 350 530 642 703 400 631 595 742 835 940 960 723 596 557 393
878 1056 1058 782 547 663 703 904 1049 853 970 766 899 1021 844 831 438 593 501 433 664 763 769 624 588 718 778 823 405 444
809 1053 705 740 881 723 532 985 768 1001 1011 665 698 784 461 368 598 601 410 798 932 492 660 740 762 996 676 242 458 778
1124 824 806 870 731 585 552 484 834 909 709 588 627 778 681 734 655 471 711 972 657 699 448 420 529 577 568 762 600 664
982 635 656 713 802 536 292 415 624 720 644 535 568 598 527 614 828 879 621 587 688 819 672 694 1010 861 400 426 740 710
411 280 756 852 746 487 287 663 912 586 450 690 698 388 633 1121 984 740 458 445 460 805 805 934 612 588 614 441 444 950
355 384 457 831 891 564 486 660 653 340 433 415 283 538 823 773 821 507 328 503 910 646 812 831 568 519 288 428 865 783
529 599 736 944 1094 697 759 779 453 306 761 753 393 884 713 761 1092 656 361 568 834 733 642 477 704 685 323 816 714 513
665 727 1008 1130 876 626 322 644 468 313 675 600 463 622 677 773 758 812 875 971 723 535 899 660 525 407 862 758 467 436
