991 116 646 -751 134 320 1602 206 327 -355 -261 798 224 105 -678 215 25 139 -45 -387 441 1198 0 -811 -287 -229 -592 861 1016 865
1919 -732 -5 -463 146 905 249 392 -858 -200 509 -655 -1285 -1694 148 185 -306 307 -166 -1230 -137 741 -281 -18 464 160 0 -1234 -476 651
533 42 -1074 1006 706 -327 -438 845 -607 -1365 -262 736 776 -173 747 -1150 195 681 -806 535 -198 618 -733 -417 184 -862 543 -125 -14 656
193 -500 -868 -821 -153 -1116 44 161 237 46 509 1165 -255 222 1007 -285 -620 561 -568 -1338 58 -41 -66 -304 -692 253 -543 -924 730 -78
610 -1270 265 273 -829 433 720 -346 -729 -422 -145 359 963 32 324 584 -122 122 -672 -372 -89 177 623 115 -336 -879 83 26 903 15
-1034 167 588 -522 384 531 270 -1307 -299 758 -569 -1469 30 222 9 293 -369 511 -365 -574 1044 560 99 -173 -246 1049 326 -386 814 -457
719 -387 -735 -779 133 1860 174 -1194 55 -470 -313 39 977 -1044 -353 -557 78 -260 361 -382 288 313 482 -315 -136 1595 -707 1092 501 -169
499 925 885 -466 141 716 -178 -431 225 -13 1166 586 240 608 326 642 -241 -57 -606 423 -496 -1172 637 358 471 -563 228 317 -586 -1138
-505 460 -427 -307 -97 -380 -453 -270 -569 154 967 600 -427 -748 778 1401 -490 -216 716 1076 -45 -770 1059 -599 -81 683 -929 -1687 -1024 -700
-202 929 297 -535 -885 247 741 2156 -421 546 1787 -933 -781 -1398 613 153 -1557 -428 310 142 -585 675 785 -975 180 1122 -476 220 -400 617
630 1126 526 355 -598 624 1833 99 -742 992 757 -962 -397 399 -142 582 -138 262 277 529 -565 145 703 -966 1557 695 -1438 -313 20 931
614 375 -992 -1396 1424 1207 -229 -626 -2461 284 751 -887 480 286 623 -169 -598 508 175 1272 804 476 -842 -1825 1069 14 -1768 -198 -414 102
-167 -1292 -496 649 428 -340 -836 -781 -281 136 -852 85 563 -1160 -1002 -352 -1113 -136 675 1169 426 -838 -1951 -574 449 -18 -756 -1073 840 238
-237 -1076 -327 567 342 -1117 -1433 -591 -306 667 104 796 -606 392 -479 -1019 992 1339 259 253 283 -1011 -1750 10 1209 -99 -142 -306 298 760
905 689 508 -31 -804 -1061 -511 265 481 411 694 1846 224 -1023 -893 107 -93 700 -837 -103 171 -903 -1553 1498 204 716 693 378 -23 392
-189 293 -1442 1128 854 221 -270 428 798 227 651 787 -209 -940 136 621 -317 -965 -955 265 1234 61 -963 1004 890 -422 -685 1239 699 338
695 479 -936 1074 862 -107 136 1112 49 249 -214 -794 -2224 -1077 711 850 503 -138 -566 51 -759 -142 -168 528 1017 -78 -247 -537 -521 -395
97 590 -417 1407 -615 -1333 -874 624 -207 -22 -595 -291 -781 -625 338 262 151 -454 1149 182 -42 -193 -264 278 980 36 -343 817 -255 117
-580 171 161 -231 50 -1416 -1056 863 -1263 -66 -662 -1392 182 624 -495 329 443 57 -694 663 -235 357 297 356 877 -1552 -921 895 -1087 522
-700 851 -205 479 -617 -295 131 305 344 -728 668 -107 -707 803 795 -86 398 88 -201 -640 -651 -1000 366 529 -238 -688 -609 344 205 -1069
162 328 858 -1086 350 -64 -266 831 327 383 -778 -987 87 399 -509 699 1475 -831 -941 -287 -514 -317 -526 952 1187 -275 1049 54 -360 64
-361 -243 -153 949 -123 -1293 408 1165 560 -812 -1164 -92 803 -7 -785 32 40 -751 61 1086 115 1124 151 685 -204 -173 89 208 244 -446
44 -26 415 -942 372 -813 524 1300 332 -32 -946 -190 1724 338 -922 703 -245 -94 -484 -230 1489 60 -1034 -62 -162 -148 -1235 -799 725 535
-122 339 144 -256 328 -162 789 235 477 -1857 -27 378 319 -1226 -165 590 553 -1180 -351 269 -183 -109 -1018 695 -586 789 -852 241 -462 -239
-376 811 385 -5 292 223 203 203 -735 -314 -140 895 918 -928 -337 78 -399 -623 -562 617 614 590 -311 1578 606 -21 -150 -418 2135 -29
-353 61 1084 -761 -257 205 1128 -291 -44 375 1015 696 611 -1182 1095 -310 305 -317 1168 1388 211 -66 -586 -832 -427 315 -878 220 -72 1092
-560 1008 869 -1128 114 846 716 -106 633 -1286 -598 -96 -434 -235 -68 -772 691 195 46 596 419 -773 548 -92 -1235 -415 -295 519 988 -446
989 761 644 -468 -806 1142 790 -703 -1441 -199 -333 52 162 -44 -403 178 584 169 -324 6 102 -423 271 -184 418 274 -516 189 -337 49
376 85 -262 -1217 -155 -205 -293 -457 -424 374 -181 405 813 29 -217 106 382 -164 -70 440 -139 -488 -130 -977 -1113 1098 243 -920 910 -70
-113 -433 -402 -1417 -1076 -524 762 520 -503 592 -228 8 -920 176 -177 177 176 -450 686 -1069 -946 126 -383 -169 138 978 569 -932 -205 -272
