43535 29483 34530 37392 38613 41093 52578 58816 51541 61257 50769 49784 40284 45407 41477 36524 38993 32669 23666 33729 38327 35715 40020 36043 42558 42000 50120 45207 44068 41992 35318 30545 43021 42827 33737 43120 51775 51672 42021 39772 47321 39506 42663 56427 46682 42214 39348 38656 30615 35662 48595 43362 40972 36129 37175 34725 36921 50283 45063 43313 41064 43843 37954 38455 40419 28998 26812 33770 25831 33316 39788 42774 54478 59174 56606 57434 49343 40045 49089 43388 41804 40274 48260 56791 47475 25981 17900 34681 39202 39150 49544 43111 39640 23252 37630 38345 38788 32763 32564 29919 45023 43417 44423 36801 30456 31981 40320 42879 42236 50104 47383 45683 37721 33080 44323 43642 30582 22915 29672 37288 42123 36323 54639 47171 49885 48699
53000 44408 47960 40239 34269 33537 38408 42044 41840 50160 53094 50090 44754 47944 45177 43573 34164 27695 26869 39666 49332 41943 32596 41614 39706 49394 47301 57557 38973 37527 35115 36722 38158 34483 30362 34122 47303 48559 42881 38203 32460 43493 44680 42045 40150 32697 39725 35499 39685 34806 42580 43489 36461 43052 41514 40762 35641 32395 45047 41095 41347 42198 47091 38088 34580 24305 25255 35674 35943 43766 55825 52411 59633 52655 57710 48584 52288 51115 47689 51329 38187 50020 52814 52326 46184 30952 22435 32654 46416 41530 42975 33110 26827 31942 28279 40909 43465 28906 25886 36724 48360 55833 46407 43497 39357 34254 44062 44827 47783 42573 51768 49190 37394 31237 36731 42962 38599 33296 25763 33355 33946 43483 49913 44390 44020 38718
55610 50289 40604 43739 37118 42657 33327 36388 33468 34220 35188 35380 32862 36543 37225 37976 31099 35831 32262 31245 41585 30504 36410 34403 39189 44721 49523 47598 50133 42795 41873 39736 38499 42113 35746 37575 29315 43021 47293 38397 38713 29670 47905 46132 46547 46240 52860 44208 35779 44937 50415 52983 51373 50734 42631 38581 31758 34650 28282 33089 37765 44622 49614 40879 34682 33612 43122 40649 49264 39319 43946 52240 49065 57004 48682 51883 55706 55048 47762 28925 33969 48570 47439 50844 39570 40117 29650 24257 35660 44291 31433 30363 26039 22971 36541 44859 48536 45265 32473 38148 39808 37414 36774 31570 42813 43976 47243 34728 35902 46560 63799 53139 34550 33254 36032 53938 52004 50772 44706 31043 40838 47228 49673 53984 33233 30308
66633 60830 57193 44908 39431 36123 39117 37550 29124 21942 28246 43508 42663 42869 46714 52983 50369 44610 31776 33367 26790 31635 29070 42756 47407 40734 47682 56550 45029 37847 31908 47137 40720 47967 43637 38653 34253 48103 61963 51752 47103 43093 37166 33996 33553 41083 38475 39157 41386 48293 52272 52539 56303 56404 47384 45193 42265 47641 46597 38707 39506 46505 46087 39541 30789 36104 38938 45913 43468 54936 50216 56814 53146 42352 54249 47691 47430 52008 50375 41574 35868 36639 46878 42507 49054 40719 35466 36054 38265 39773 43547 36536 35322 30617 36150 47364 51302 34961 26525 23927 35515 36655 35195 37475 44037 49383 51951 43220 34093 47680 46278 47964 34724 35990 36336 36714 51263 51041 43427 38060 42772 56964 55534 46600 37535 23358
46818 49884 36473 32240 34423 51598 44042 35976 41242 33803 36329 35807 41438 34668 49343 58284 56889 40364 36421 35451 34870 26370 33448 44126 36707 36416 41066 48290 48793 45783 45751 42176 43985 47153 56650 51334 41465 48509 50632 51687 41713 48146 44091 49412 44983 37470 36141 44244 43637 43474 47271 39486 44151 45401 51731 43463 52663 46457 48956 35652 40275 35791 47706 36776 42341 31280 28360 27999 40581 38170 39465 32378 40899 38531 41391 47397 36274 42304 43041 48971 41296 39966 36659 46895 49331 52101 43920 45438 42576 48491 45837 38214 27812 25423 39640 48650 40787 41009 28967 27832 38705 40235 26446 33345 45343 43817 40474 46124 42629 46778 49076 44877 52920 46247 32946 35644 53315 54367 53600 35486 51400 51037 56143 49241 36505 27419
49024 54286 46853 41464 36138 26538 28601 31379 39853 43325 41337 44497 37067 45657 54734 61223 54018 42186 47494 50237 43457 37901 48764 47888 41280 36969 44610 48605 45129 42318 45213 35854 36757 47803 57429 62397 59722 46822 49204 44067 39519 51168 59452 61061 43938 34051 32075 39646 49528 37751 41048 36008 43626 38534 36282 39378 50462 55091 46031 36203 35832 42898 50310 58340 38862 33090 25761 18369 24804 32711 33406 28054 28046 40062 43572 41748 24896 27702 41723 43724 47542 49579 45355 42479 42966 47879 57860 52167 44436 34960 46350 41028 29944 40869 49629 53241 49310 41773 38056 30464 47762 46149 33023 35623 52270 48417 41239 49523 47119 32367 26129 38404 57063 52885 43430 38548 43938 54239 38340 33916 40709 59827 52550 45865 35235 39859
48309 44384 42094 32798 30568 26471 14582 26556 37869 48338 29171 21101 28729 37810 46478 50958 38171 33511 49055 56858 52864 43594 33974 37779 41723 40589 42387 46768 53842 46331 51525 40289 32528 41830 49664 60136 57637 48662 37659 38216 38795 46891 59688 57141 49113 39632 41615 52040 57343 58280 36058 37642 23348 29734 27075 31486 42296 33915 35227 42384 42332 48528 50159 49202 37630 34523 39069 32950 31798 26601 32462 25104 19980 33645 43270 42758 37984 36002 36409 40813 48285 46111 49174 42743 36193 39349 49256 55428 43985 45077 41510 46828 45690 35416 43211 43414 52774 39924 32570 36000 44578 53581 43743 39425 44879 38497 42345 36587 40407 30019 28816 37897 53634 53726 40873 39968 37412 35923 39231 37454 44852 44217 46350 35365 44773 34770
46900 51230 47138 35585 29965 33174 27098 25241 37023 35379 30633 39543 37054 38704 45306 43529 47665 44536 53048 55625 35960 27355 36786 48063 51995 50455 37489 40353 40308 47036 34396 37588 32151 32754 44532 46222 43104 49021 29965 36551 48492 54458 51945 58503 58875 51405 45576 52738 52419 49187 41010 32488 32366 29230 22520 21451 33731 39823 31052 43084 47187 44804 41927 40734 38719 40902 43101 42748 38337 43114 33643 31472 39399 41026 33153 43157 52306 54466 45517 32295 28535 45398 56191 45406 33883 37079 40538 39652 41562 40175 43555 42991 41152 43962 50165 60656 51965 30580 23437 34025 49542 45529 36622 34323 42106 44332 34256 41825 36045 41585 41660 42262 45091 42411 50924 43714 35999 24609 38554 44932 40141 43593 34047 35893 41134 44504
46032 51667 37547 36547 34686 33831 39294 41533 24744 25784 32766 37554 36433 34731 35657 42537 43715 47891 46403 43922 47780 39570 47097 44203 46588 42463 50844 48897 48076 37339 37213 27151 31472 38405 40753 44093 43981 45558 51594 43590 46512 47900 45385 48731 38188 47303 45317 53083 54177 45764 28180 26794 28371 35145 38010 35650 32244 41770 44322 43268 36141 33954 27325 34868 44994 34622 31138 42749 47603 49512 39718 44444 43745 42829 36791 46631 65755 58493 52120 49431 41234 43438 39362 35245 42620 36508 28462 38434 43959 52574 45915 45918 32207 36185 42398 54535 45835 34071 36512 51286 47118 44756 42333 39263 29564 24525 34204 32852 44280 47322 56488 52464 42077 38956 51607 46151 35402 26406 40737 50538 42753 30658 30809 41159 47487 38015
27447 32462 37339 28845 32696 40861 49110 48733 36202 32023 48089 40121 29873 34989 46099 49634 44107 29357 42106 42085 38123 44038 53291 45616 43678 52361 53180 51540 30845 29133 29988 42839 42998 41177 43986 38248 37959 40634 51846 48628 45944 41151 42496 48382 46172 41480 52050 55934 53169 38668 33009 28451 43076 52880 57432 38181 39245 42659 42995 41196 36009 27985 31379 40435 42866 31936 20976 34227 45040 43226 39980 43778 54191 37471 37876 45085 54692 52122 54178 51648 56652 43402 37149 35236 39102 43615 47418 44393 44734 42439 39030 39581 37944 38656 53468 58784 52030 42415 44016 46088 44043 33171 30950 25867 19447 13022 26818 41354 44205 50866 55843 48174 44065 37868 45198 54094 37669 38962 39150 39341 33050 22324 35021 33411 45854 44855
36423 36863 40189 35626 33619 48858 51068 42639 33943 30268 38191 33355 27764 46083 50313 42782 34939 37198 44744 46559 46136 43194 37547 36721 36596 48965 47915 37822 29862 32079 32755 31647 36997 54888 56794 48451 43871 43088 57845 47795 35425 26969 27348 33251 35972 44328 58366 60854 54196 49001 40837 30515 37330 45846 50295 62879 50359 56735 58006 49568 51609 33885 41821 42751 43997 34139 28795 23672 32633 39658 46176 41567 41416 37042 29354 42331 44222 45363 42046 45939 43214 48302 44756 42134 36273 36937 40592 32024 39897 50538 54237 48236 43957 42324 44689 50680 46679 56307 45224 40265 44663 42873 33602 23498 26439 25174 30845 48671 47391 47942 42259 47447 49205 46958 41635 41903 31460 22702 35288 42491 37609 36431 38500 41393 37147 45505
35340 44518 41864 33885 37891 42117 55722 51760 39654 37489 39197 41019 37433 35356 44956 40855 38888 44080 43200 41148 38740 39250 36492 41123 38847 42919 49301 44199 34598 42839 43974 40284 43328 52867 59323 47787 41350 43694 43985 43295 28399 27288 32638 52614 51344 40180 48134 48160 51548 53129 53473 35009 20746 47360 58678 57193 51067 39665 51450 58040 48866 55077 42794 38179 32599 45242 39123 38667 37186 41115 45391 42089 41861 41460 36301 40124 40936 36480 36149 31368 37170 45944 53594 45530 46752 44851 34568 35637 46464 46344 51296 48712 45261 44321 52075 44512 47678 48998 48835 40371 55376 49035 32548 30405 32432 26698 32442 36019 51287 44851 39944 38583 36179 38054 42586 48758 30030 30484 36097 50441 44016 44788 43389 46385 39837 33567
56196 64244 50136 36666 28826 41700 45489 46973 41586 35447 39363 43324 53509 55447 49717 50306 55671 45756 42672 34843 36213 45351 31964 34654 33277 38782 42282 47277 56703 63205 48952 32165 41782 55952 60208 56365 44953 43752 45628 32647 22417 34751 47168 49533 53705 48663 35739 39842 37917 50320 48157 32161 21725 33536 57593 54152 42746 34727 43922 49289 60167 45162 39607 36336 46781 46198 42498 43764 55399 49913 35680 36139 36630 37601 44334 39339 43982 43205 42923 29002 38019 44380 42141 40478 45940 46787 32602 38290 44403 54528 48737 47216 40096 44082 42004 34477 30471 52390 52942 43562 32384 38139 26177 30874 32831 39059 46570 49621 45197 41377 33199 25699 35304 35101 39823 40791 29421 22853 40065 46935 44014 49629 50238 44364 34287 32624
59604 63877 57089 30340 24807 34243 47338 47837 45697 45969 39632 52695 59966 51187 45794 34091 44201 55424 41012 32824 36610 51793 51873 43864 51773 46100 38759 49280 56119 51119 38200 36551 46223 51540 52065 40122 47007 49320 59720 38469 26513 39663 61776 56129 51589 51713 41115 21431 32686 44307 48272 40144 31021 37531 42776 43562 39174 33756 35509 42450 48163 50713 37175 43879 52559 46054 45637 54344 57685 49032 36757 40208 53987 55311 45057 42860 46087 52592 40664 39218 40781 33392 27851 27737 34016 30808 25984 41928 52965 50535 48497 31937 36756 32199 35065 36152 38114 48096 45252 43479 35683 29812 40466 37914 32921 45565 49653 50982 44287 29683 25413 18574 28395 27244 38116 38697 38027 39268 45428 50622 46532 40666 40200 23811 29590 33720
55167 55833 54566 40796 25753 36241 40610 34047 33777 29311 32923 39349 49753 44088 38966 45508 53560 55889 48053 34899 43021 48832 48178 41175 39879 50813 47649 43666 45970 37380 30408 30340 46289 38875 41242 43004 46920 51823 53880 48839 38794 44564 62773 54556 47582 50581 46118 34176 25665 46881 46186 41357 34906 29902 31769 24808 37704 29052 22589 31402 34155 34934 39868 48594 38089 32586 40647 50373 53765 49938 38376 38782 43971 46517 37052 46569 60657 56880 53597 46679 47976 34548 22074 29135 20624 18787 32570 39276 47108 54036 46249 48422 31276 43615 50113 48020 48186 45625 43640 28236 30644 34975 40242 35050 38121 49003 55386 42406 37003 34371 22544 26250 31257 45499 34834 45637 37297 42247 53996 46089 45870 37692 30792 28919 25998 45530
42687 51898 50318 43480 37395 24747 33199 26672 23690 18431 24835 34689 41015 38173 44443 42783 53151 60340 59418 45154 44288 39012 41892 43435 44355 54568 52325 43309 36036 29302 22977 24989 31912 42161 36368 50677 55577 47928 44720 43147 36687 40417 50644 44637 43543 48266 50304 35047 32295 35034 45180 39831 44215 32289 30056 39981 34244 41015 36217 34072 22478 26159 29734 38274 40318 38177 35640 43745 43624 37294 48447 47155 56245 44508 37047 40414 47168 53101 46115 53394 44668 42853 34749 29012 29059 21135 33593 42704 41996 53827 61010 45928 41085 38193 45264 37699 43331 39264 39661 34993 33913 50272 49113 41237 39413 49174 38557 42024 49875 42087 27325 24647 28938 36184 41424 38355 42166 38561 44381 52468 44303 47483 39384 31849 29756 31308
25364 34067 40518 36397 31519 25863 32351 30941 32283 27589 27149 32733 36483 43249 35890 40324 49476 58453 49148 42497 31691 40879 23961 26793 39123 51296 56122 48375 42433 32354 32213 31748 37165 42683 45492 48926 49690 34287 36714 42102 43098 40101 50946 54671 45892 42996 43298 44076 37770 30840 34873 41529 34373 32982 33479 38462 39239 33504 30955 34230 26378 26011 28313 35547 34738 31598 34842 43638 53631 50918 39378 41875 39021 47827 41856 39183 38846 41286 50175 34862 48208 48889 45282 29836 29151 41685 43043 46996 46592 46196 55170 54018 30904 45933 49930 44939 44077 60546 45904 34786 37037 50585 40284 38272 41634 46221 52083 50718 55737 42031 28743 25203 32088 33356 40745 39573 33496 36729 46104 49908 46642 42586 35432 35781 30997 37278
25736 28841 35958 28211 37381 36628 39972 34168 28393 32883 33754 41400 53761 46305 40047 39797 50050 55151 52504 54272 35143 34543 32301 39767 47288 49098 38643 38248 40767 44806 37682 49046 49842 46291 44078 44554 42073 34701 43078 38368 40101 42733 54735 48724 34251 42570 48758 40602 42270 46444 46666 36643 40659 34707 38945 46697 40219 32501 31869 34140 34696 38988 33748 21186 26809 33111 36826 45226 52309 41617 44124 40040 48400 45318 36337 31834 31185 41285 40045 40402 39232 48561 36468 34808 49947 42732 51008 59255 46230 47212 49647 49193 43542 39046 46163 53173 38703 52526 51300 44984 46808 46712 45634 33141 38133 36580 47744 50215 56486 46150 38858 35464 27066 37136 33015 29324 33543 36377 39877 51054 34869 26402 39953 36342 44476 28831
16114 31975 30694 31824 29699 37732 38695 43769 38707 36255 49356 49871 54885 38260 34110 40759 48277 45525 49474 43991 39938 32416 29056 30085 39194 31282 20742 27335 37464 33771 43713 54901 53325 39810 37927 35454 42042 48330 48749 58880 46075 50647 49049 54384 47077 44517 35852 28293 45554 47248 44764 39153 32674 28659 26733 26924 30343 21978 36307 37914 49822 43443 41375 35208 39405 42260 53610 44646 45495 51118 49833 54983 41002 39349 40231 35662 47167 59815 46523 47155 46327 35538 31562 36587 41692 52682 41013 42639 46832 38702 45831 34876 35832 46582 51570 42052 39939 39552 48694 45251 41876 38187 33521 37988 37739 42879 46550 49865 44264 57316 48960 37244 27124 32542 33330 26254 43363 47100 36020 32607 31430 33408 26747 31006 32417 36860
44015 37282 41629 36920 28491 35743 50448 38063 35631 33663 38847 51483 47908 32025 33635 32903 37910 46920 49281 49175 41173 27812 29587 39541 46978 38868 26902 26660 33309 34261 41788 54943 50455 39451 37089 48704 48650 43625 48955 48914 47735 40533 44889 51315 49227 34646 38814 36950 34905 53703 51311 44807 28973 15503 22747 27955 35300 41290 37819 49718 49696 48194 39511 44015 50947 47857 45705 54556 57436 55707 42099 39004 38055 49211 36428 39407 43558 52694 56994 45229 44808 30648 28373 42676 51854 53465 51215 44061 31702 31682 27147 32029 33188 44600 47874 35645 32792 33277 33501 38930 38771 44728 42697 40890 38928 33427 34547 36574 46157 47940 49858 35289 37007 31267 36572 34439 38438 47141 32683 17860 33313 43536 40198 31142 35526 48334
52710 52356 55491 39573 33513 26555 35880 41984 32083 33800 38829 42426 42682 31018 30613 26359 30181 32527 42523 37976 32738 20930 14950 24190 34413 43732 32886 29864 30169 36203 32165 47396 53522 56914 51938 54078 43674 31242 43253 62375 51436 38862 38192 31387 37200 42941 44458 48091 34938 35523 34687 25184 31684 32059 21447 30440 42501 55292 56077 53998 46488 28636 19023 37662 43290 47643 54307 57809 51116 53200 43655 41005 49889 50794 36495 39111 48426 54167 53868 50404 52072 47618 35863 29519 39437 44449 46339 38242 35690 36752 31628 26345 29508 45544 50543 45561 32261 40423 37976 37454 39080 35129 23143 26454 36484 35572 33400 47805 47296 49340 41523 27941 28108 42638 34073 32183 37510 44371 31876 26580 41608 50575 37782 25027 41316 51107
57578 63239 52988 30628 24370 31912 31304 32899 44042 33539 43168 45037 47187 34687 27547 36699 30906 33525 32503 40035 40738 34607 30700 32731 42571 41687 47794 29886 35320 45186 39930 44980 52013 46012 53108 45785 38386 36281 40939 49181 50038 32936 29555 31974 30050 41393 49098 49303 38431 34754 35556 32810 26759 33755 32706 41794 54525 64056 52033 38713 36319 34983 30308 24262 39297 43589 38123 44007 52179 53383 50888 35252 42869 53384 48786 42227 50852 46224 44908 46420 38362 39523 29404 35361 44029 43142 42636 43176 35426 41934 52669 37330 32165 45234 49793 50831 49457 42196 46167 40671 40510 36217 33535 26672 26324 40252 48806 44138 45690 44300 32319 24214 41458 49562 46054 36667 35371 38767 35269 34476 51179 57993 39848 32648 43280 47710
53667 62613 45883 31680 27244 38635 30999 37339 41566 48661 37891 43121 31499 32471 34422 40842 35892 24280 29034 33722 35363 31201 34696 31862 41691 45181 48141 48680 45471 52141 49417 31289 44528 49189 37569 39675 35231 33848 36269 40968 33887 37168 30861 28063 30580 31794 34860 40705 36701 33225 35950 26884 26911 39729 44494 51551 53056 47883 47996 44271 33403 34534 28796 22576 28770 42530 39882 43744 44794 45744 44235 48492 53276 53018 50321 48212 51061 51111 44597 46128 41401 35944 35004 32320 39012 43599 34771 26205 40452 49889 52339 40514 33920 36175 44844 42527 56227 45321 57637 54468 46801 33094 35300 30569 21500 33235 49785 51832 46240 42747 38886 35947 36538 41397 37923 32869 28186 27229 38452 46211 58054 51613 31497 31993 33347 35013
48972 41275 33928 35029 30751 41995 53643 42739 43786 41537 44996 44544 38179 20548 37406 43191 49848 38646 27816 18965 21169 21910 29357 36992 36396 47061 45411 47242 49671 54664 57716 52341 43183 51256 39235 26920 25096 35344 26224 25967 30604 35643 28206 26300 24544 32822 28842 36123 44746 46892 40653 35200 27103 26798 46397 49673 53120 42219 41994 37381 32855 34877 31379 28648 39015 49831 48054 34402 36281 40717 37517 44603 49440 55261 51079 33413 43340 57548 60155 50073 50271 29733 29525 31044 51292 48826 33148 25766 44285 54951 59733 51238 40507 40837 47327 41608 38540 47584 43999 53885 43446 38254 37778 47004 37789 28071 49610 55252 59250 48205 52924 50184 47609 37782 46767 45486 40007 35878 36908 47507 48490 49902 46486 31126 29741 25325
36569 39642 45927 45631 39279 35879 46036 46262 45656 38017 42998 44612 33104 19888 31665 48714 39592 32189 24996 16590 19906 29635 30895 29814 38339 51661 47468 34794 35250 46555 46627 50330 54904 55901 40544 21976 33499 36004 33204 26575 41279 37482 22736 20684 26396 33904 36237 32476 35712 47907 44373 30494 25289 35017 40988 47726 36555 33587 36145 44314 38361 41014 30555 27752 43403 52707 59736 48967 44129 33812 39732 35944 38255 33451 28274 36532 36549 49470 61746 56358 44497 36602 24923 40986 55251 56764 35829 36685 44566 47560 46492 44717 41626 35482 42728 28195 24633 35482 55829 58167 47791 32235 43857 48903 43999 30074 28649 41718 45722 48733 53733 56142 34605 28614 27384 36521 30729 20386 26470 34698 43875 38939 41210 33926 36318 40845
31030 32355 38444 35380 35234 34758 42381 48383 42757 39742 40806 47440 42100 34246 38856 41853 40181 33622 31542 27316 21190 34556 40550 31167 33834 40012 33059 23795 41083 53543 57127 51523 52912 51801 44126 33490 29859 27710 30097 45952 48542 54939 38248 24237 29409 40087 43562 31808 37806 51702 48691 42011 34614 25397 30142 24434 28764 34755 44057 41868 48018 33184 30006 39441 39055 53465 62819 59387 41637 39395 43744 35163 28997 27894 25563 24462 42943 45674 52920 53040 40293 34519 42020 41343 44492 42811 42696 39983 56611 52799 47888 51828 49569 52277 43020 38482 32518 38860 58068 61948 39223 39478 58012 61855 47985 35746 25871 30076 32073 40377 51694 59572 41093 27284 40906 41634 31037 30731 31990 27912 38439 46144 41565 37772 42428 42832
36379 40620 45466 47919 33479 31560 31170 48214 39468 41859 43641 42616 34769 36969 42426 35888 26130 34772 31888 30935 42987 47645 43601 43736 40677 32976 40241 37711 35787 41315 41283 40251 47058 53799 43677 42390 31921 43772 38298 37505 52193 55344 43752 26876 35906 57755 52566 40014 40093 49202 49501 28230 30666 26498 20974 26698 26851 24756 28672 39755 42332 43440 33699 33647 46950 45525 48766 46312 52607 49664 54800 40010 22546 27668 31618 30577 36633 50284 53995 47069 39638 37848 38149 41004 41962 39896 42017 32968 34081 31556 34466 37870 47395 40601 40230 28139 20873 28689 44263 44669 42730 38468 52024 63184 51179 38087 31958 22003 24494 31716 44697 48619 47789 43149 46812 36676 32421 31251 31500 42105 49474 42802 36278 39381 46830 57881
39437 46122 44497 38688 44114 33458 25956 32208 52211 36750 28817 25058 30951 41033 47469 34028 32884 32108 37005 34025 41584 48758 43044 32737 42637 35767 25118 27412 41072 50131 48208 42819 46743 42690 52874 46992 52315 46985 57739 48412 45755 52572 43301 39699 42248 44482 48668 34979 34702 42608 33070 35945 24481 35730 33324 29323 31263 35066 34136 38263 35428 35876 42174 40547 32798 38599 43667 44585 45225 52147 35857 37303 41240 33594 34210 45180 46791 55349 57583 42715 33409 27974 34655 30586 37636 34168 38412 39739 38448 44933 40152 43742 44393 45522 42529 37448 33030 33447 31210 34173 29507 37080 46172 64612 58718 42539 36266 40884 26249 22831 43128 57543 53164 55480 50331 53043 39913 40569 37844 49831 49546 51113 49795 46581 43994 46420
36905 45271 54777 53569 48426 43470 42657 42668 45637 44650 39133 30272 28582 25466 35141 36167 36715 41588 34498 33229 41015 46197 34003 31944 24854 25992 26359 29759 40226 41740 39274 29714 41181 40818 41287 44318 50590 55632 55569 44252 40168 42507 43747 26509 30618 38073 33955 43397 41655 42801 37938 24204 42441 34542 39868 41924 41650 29079 18835 15183 17145 29313 33551 44554 38608 43264 34029 33240 26151 33052 41683 34266 29843 35564 42475 50019 58965 58121 48723 55217 41127 29859 26078 31953 39061 40437 37785 36213 33146 42048 48960 43669 39497 34050 34060 32366 33652 40000 36373 29353 31567 37068 44340 57321 57795 44967 45087 45452 47162 38760 46710 54888 54800 49669 51786 50449 44618 32974 35514 47127 51519 40275 40917 50687 52432 47973
41612 37789 49586 57247 62423 51536 40021 46975 47641 53552 41582 33856 28226 37156 36019 38745 49475 44905 43831 29466 36146 42448 47636 36421 25253 18935 27313 38704 42201 36340 27645 31441 30169 31594 25819 33872 53874 52013 46742 50313 44844 37876 36342 42951 37286 43969 43274 36986 30898 25293 30580 32579 27771 47418 43673 39899 28856 30411 24588 17959 16800 31146 34731 42196 42758 41593 44027 34576 30097 38843 46750 40232 33882 29314 38586 49772 56084 53784 53325 54180 49027 29806 30015 34280 38264 36523 24533 39234 46823 53239 58807 56414 41088 36393 40843 50058 51310 50856 37891 37903 31860 33567 41385 53429 62569 43621 36345 46880 45883 38591 38268 43742 33647 37556 38617 46217 42043 39306 45976 54614 45152 39469 39804 41478 46105 48751
45308 38013 43394 50336 44813 48719 51616 43996 31771 32052 43500 38207 40813 32645 34637 38863 49621 58821 48722 49446 52469 50571 54200 40073 28303 25364 35326 47758 46860 31034 22694 26882 27349 21236 16689 25358 33666 46159 42222 37976 45424 47727 40916 32101 45602 41490 37969 32220 31380 26386 22175 41060 44536 36326 34304 36542 34677 29888 38838 33656 28181 24492 29454 41454 49837 52191 48139 47518 38128 39480 50066 47651 41585 33675 39520 59238 62302 48172 40718 48409 52752 45108 29586 36064 35750 36957 43664 44572 51441 51177 58666 51388 46385 44792 38704 37459 46360 47048 41844 33418 36447 40160 35476 43539 38808 42425 32690 32595 41614 50744 38174 32832 29914 27491 42690 48221 45576 39714 43504 45251 42572 41184 34133 41651 47149 49366
38613 42363 41021 40466 48558 59566 61331 37070 33132 42362 47326 41106 34483 29154 34063 39880 38170 39780 49348 50959 51009 40101 33664 36214 27603 35227 45902 57052 47373 35195 26817 42256 41205 28657 28221 32787 34449 40541 45749 44893 40821 41240 33980 26818 40720 60139 50233 30073 26934 19342 22536 30857 32624 36137 46605 41741 44392 41726 34350 39210 40615 41322 44084 47755 54867 52153 51726 52228 46085 47447 52465 62138 51057 36384 36688 49483 59588 46554 37096 40580 42374 48061 32268 37446 40312 43927 37029 52254 33442 36663 42760 52198 44503 41294 45176 49492 53643 41424 27472 35640 38138 31807 36470 36383 37142 28527 24324 25306 34208 38753 45831 26765 25749 29148 47922 53170 42793 29623 37382 47196 61040 57517 54805 45022 58234 42292
39834 41499 48530 35151 37224 46196 46923 31740 25608 35773 45743 42795 35363 43914 51941 46194 42595 41095 46109 53572 45606 31848 27409 30394 35109 35169 44267 55008 49216 29471 35843 40343 43213 35815 33251 33232 28289 35851 48603 41459 38053 41630 41426 38084 45636 50665 46826 39826 29149 29982 28348 36450 36499 22909 34349 46613 53611 38255 34777 39802 43130 43086 49531 47880 41410 52112 44511 42216 49359 50593 46624 46246 40439 39736 36297 45931 47944 42913 29141 30551 46830 39202 37227 37357 45424 48663 41726 43002 42965 37125 47124 45821 49324 48241 47171 51085 45346 38406 35647 39322 54088 49421 38679 28102 23233 25030 24396 21887 31927 36952 36165 40676 29891 43143 49359 54266 45516 39296 34399 44576 58783 65057 54454 55052 52145 53050
42898 42523 46114 48675 34066 29053 31270 42476 42801 35673 43115 53853 50319 49534 49857 41132 36961 34817 47625 39157 40964 26920 21684 40783 33964 35500 40754 45268 44487 45078 39579 44975 35954 37592 41221 33330 34901 36750 43300 40442 31433 40621 37447 46054 43726 54187 47716 47860 32089 29587 46694 42709 32738 29481 30783 44888 46379 40706 31416 34957 34708 31575 31189 40638 46192 35460 48278 48877 44569 40625 36577 34205 32512 29229 34969 33551 39484 42047 38539 32619 37736 44362 35793 34113 37544 51395 45072 44035 35223 33702 38326 49410 38098 43277 41159 42955 51948 56638 42979 42814 40971 39502 32396 30457 31711 28662 28108 31688 32349 31629 31105 27006 41608 49925 53119 50895 43526 43981 42053 54385 63339 64418 56414 51453 59085 55633
40331 54051 46201 43257 31725 17646 19397 29638 38443 37622 43866 58429 62059 57009 48551 45887 42865 49644 40565 42701 37079 36832 35076 40441 43233 34560 29113 40404 39117 48203 44546 33439 32467 41758 46972 49830 42574 49828 35661 46856 42460 37751 41835 42174 54693 44337 50488 44855 48153 43588 41303 41635 39941 40918 35732 34378 44632 50874 52856 36810 28036 14069 17094 29902 40568 40799 35181 34959 31780 34544 37557 26804 19823 30550 36007 36779 30330 38422 40862 40193 48409 50201 35192 34562 28656 33817 42148 48273 40796 38031 47419 36506 32566 26029 33336 42269 43421 40211 45838 49857 47385 44672 37498 33755 33010 39254 38518 38990 42885 36695 32155 41363 40718 43388 45128 40502 54219 56441 56375 60217 62913 61568 52072 39938 41548 49878
34430 38385 55028 43451 38172 29250 29819 43671 49456 38528 39746 58882 60805 44281 41847 48287 47364 36704 39418 40414 37591 35203 29551 46725 44590 44589 39228 36233 41169 48356 53873 36472 32432 37574 38897 52958 45726 47838 44588 41671 33743 38194 40225 49868 46387 51496 45336 53384 46783 47473 39580 38084 36810 45295 42404 31865 31743 47118 49344 43661 26340 17400 12590 25130 40043 45433 32244 34338 35003 34559 31515 27780 34742 32097 35551 35619 43180 42742 39441 44761 49657 50910 37800 23435 29281 40129 45519 45863 44775 44867 39476 37243 34242 42101 39227 29229 43215 44281 45995 35466 40791 37862 25149 35072 40424 45014 43511 43757 39944 36113 38188 40805 36542 40113 47902 47835 47505 62819 56461 46008 46874 44080 43364 39896 32557 44684
27944 37052 42073 47770 55140 46076 36597 44710 50214 47347 44609 55966 52405 41894 42155 50550 43181 33675 30422 24396 30235 31562 35945 31883 47946 39913 36832 27318 34091 55411 50768 45000 41277 45773 42949 43857 49329 46409 43762 39393 39212 39962 48776 43280 47783 44966 48963 36627 43273 39267 32608 26256 31258 31646 44573 37131 38713 45381 47078 39426 34505 31972 27163 31888 44267 42144 33061 26304 26258 35520 30734 36551 27596 34649 31664 40930 44155 45264 38697 41134 49515 57828 43201 47493 38677 38531 40520 45453 39598 33618 38836 47332 50847 52682 51333 40195 30670 37128 41264 39716 30755 43873 51177 31410 45691 51594 44699 38745 41007 47926 57890 63982 51386 42919 37193 43824 44252 44751 45502 44595 40887 41527 34831 29826 27516 21415
22776 24274 44655 52177 49843 49446 48173 47155 51099 44057 47435 49196 38811 37015 40266 43250 50259 47862 32339 35561 31751 35773 33330 45274 44857 47743 32970 31069 38012 43473 51272 37894 33780 39015 39838 40261 27189 35944 36087 34363 25615 36898 43295 42174 41727 54883 43562 41762 39176 41059 43066 38419 39527 39307 35452 29701 30635 36071 38363 38070 43181 45037 42181 38327 41962 39419 34991 35346 32612 22757 29265 35291 31094 23449 25342 30765 35867 37120 28994 28900 46573 62008 55061 48562 53546 46076 33063 32604 39622 26349 36669 57571 61170 58278 54485 30778 14476 29280 34585 31973 31193 36274 47042 47046 32632 38120 32808 32128 43068 54193 55172 52155 39266 32037 34148 46185 47667 38401 29666 42034 39112 28753 34825 29175 20678 22053
41216 47363 44593 40933 43351 54061 42196 42311 41377 41482 40631 47359 36625 34222 30832 32549 34457 44254 38315 33905 43307 40850 43682 49913 50276 44549 36523 36323 47039 49107 41056 45697 52146 53051 48241 47256 37243 36645 40888 46824 32073 43255 43859 56542 49483 36536 40424 33135 29069 34836 47284 40807 36554 29792 28486 31393 31600 40070 30324 38946 49795 50475 47926 55385 53404 45616 40750 32771 28503 19864 25671 36527 42852 31349 29661 39263 53691 46403 37329 40015 41780 43861 49357 51441 66309 50850 41694 36624 44202 36917 34102 44484 51009 48638 41088 27413 20929 30826 38896 34568 39657 41615 42903 35826 36808 39226 39634 34960 53027 62229 55189 43025 44517 30490 32398 42096 41603 36841 36853 54123 52231 48351 36760 39347 33379 25239
37032 47288 44963 49267 43006 40775 30384 37255 29678 32187 27613 40383 36292 38252 26531 22641 31898 45651 48800 44702 44750 50075 46260 54145 44717 30343 26686 36192 38546 41901 35414 41484 47107 50975 59996 56223 51100 45927 48022 44396 39773 32726 50018 50173 49171 40419 42128 39696 40088 35552 27756 42225 48508 50324 37358 31838 30426 23904 25251 32133 49266 49699 42344 39356 46914 38031 28919 28230 37729 23806 25999 35075 45747 38253 24985 31771 36841 40281 25641 31809 47399 42687 46853 40761 39513 41078 32907 37867 34074 33927 29267 45411 40374 30606 30628 31575 25051 21834 28076 36052 38911 49823 42574 38579 35326 37368 32213 29137 44612 50804 32869 30830 37151 38559 36255 42987 42083 40018 49279 47750 51206 39683 49026 45831 44162 37101
42449 52344 51393 44677 49197 33335 28401 28600 33131 29937 31748 24458 41359 43030 34844 20001 24081 28415 36726 44505 49491 53643 48913 44033 39279 29199 32291 45135 49790 42823 47945 41127 47979 41021 53231 66360 57200 49880 43843 50921 39876 41173 46408 56763 53359 52384 37625 40443 32751 31742 34286 40572 47051 42186 34244 27332 18998 13331 12274 30461 38857 42437 40318 43372 50400 44782 42527 41697 47710 36157 28534 43951 49833 41715 37930 34762 43570 39764 41866 45810 49564 44705 34711 39080 42883 46482 38938 27718 43684 36667 37821 37050 47353 38668 30398 32547 43541 49159 42406 50830 55202 43226 29181 31441 36296 42222 37812 39599 45820 53098 45323 37545 33418 32716 31578 36722 36741 45361 51883 60012 63123 59577 50768 49062 39745 35447
40528 39352 36785 37869 41878 52732 42642 28523 31282 42269 40465 33536 34630 30194 27170 19733 18985 20802 29802 28243 40343 40801 41081 31850 50262 35542 35447 39657 48003 34984 39608 46028 34421 35575 44644 59136 58555 41635 38822 34988 39801 40244 43334 46403 41544 44491 56428 49861 44052 35669 37871 47583 56547 57435 49797 37446 22687 15805 19173 23486 39939 43153 40564 45028 47415 38914 37291 48297 41799 40688 27115 27398 37749 35344 35142 33312 31845 38068 51856 54312 50864 54267 59820 37259 36504 31662 25247 30713 42044 44513 37383 49861 52098 44415 40592 38465 41503 42291 39300 48088 45187 39560 32545 42772 48820 42090 42523 38872 49054 47316 45286 37790 32070 33938 41494 51460 53586 55646 59370 51573 44697 41673 44039 41625 32331 28264
44453 52493 39896 39204 39438 44677 39286 38065 44244 50096 45930 43127 27036 24611 28501 31637 31129 24633 24885 25453 25596 26893 45395 48025 47119 52737 42625 40715 48465 47517 41202 31511 28934 34369 43328 59731 56724 49625 40584 45676 46359 56726 51481 38486 36918 52568 54365 48192 27102 37558 42700 46332 43598 55023 50909 49445 31799 22122 24453 26410 38454 42842 49512 50385 53807 52273 51322 54496 48764 33173 38314 27969 40499 52149 47988 45646 51878 59191 60912 52598 56179 57508 57477 44535 32790 31684 25824 30320 41147 44999 48341 49791 58569 59344 49256 47606 40629 42515 50836 50212 41942 39180 42265 50655 37878 32653 37437 43631 48409 57166 51500 54520 52818 34660 32670 33734 48645 45189 49366 44181 32011 31276 42816 46831 45784 25381
45775 43379 34810 25674 38890 37493 38570 35164 50793 45222 38031 40704 44279 30981 32374 39752 40160 38637 30756 20763 13461 25998 34814 55000 49760 59172 56904 47466 46499 52194 38713 34232 33152 34984 46267 51064 52162 40904 35018 39624 51732 58377 48211 39014 39660 48288 55976 49299 42112 38358 38616 34240 49318 58858 62722 41140 35660 32286 32827 41804 33486 33892 42441 50169 58833 60675 51295 43917 48501 35468 31302 32179 26639 30470 35960 39193 46532 46684 58067 51424 54041 55202 50919 51310 38606 31681 27521 30757 45106 49256 48189 45042 50388 49506 52756 40656 41384 50303 43604 30727 27514 45913 63368 55369 53146 42500 33637 39822 39081 39964 49035 42817 44760 37464 31946 30703 49909 52262 43720 33980 22907 23460 28933 34088 34811 35116
46605 40507 43618 42290 40784 24298 15587 21227 31189 36570 30778 36348 40746 40820 52812 52977 50726 48539 37324 25351 20792 37682 48912 52338 49801 52546 58426 51343 47741 53032 38763 36234 35748 36732 45984 52245 36652 38055 38229 43208 55098 60053 47137 40788 49830 46813 50421 48309 41622 32527 37220 34718 49935 54696 38173 43945 35420 39848 37893 46202 45324 39767 43573 55081 53680 57811 57542 43833 34461 41878 32298 26806 35388 39770 40312 29229 27694 39937 41419 55791 55266 49857 53048 57496 49019 38786 43424 37314 34695 39634 50953 35237 40406 44213 48277 37160 42410 45251 43778 24627 31443 46357 60765 57195 36248 31821 33703 40735 40727 36352 30574 44804 47477 47796 40226 44952 38135 54822 32214 29065 29649 26855 32986 40734 48367 41418
39520 29870 41569 42356 39349 31677 16494 35096 40597 36184 34150 29935 38801 39732 39747 55064 52483 52904 43148 41979 40687 41214 49833 44782 38063 46808 45238 39411 46715 43708 43477 33600 29031 36222 40639 42291 43743 42373 47979 39550 37484 50315 53049 45898 37684 47617 46892 46434 37671 22264 32719 46719 51685 45336 35441 27493 44556 48076 48679 58551 52539 46149 29365 36759 41222 40661 45352 39805 37387 38594 38762 32897 35598 36264 33612 23611 29521 28254 35920 51341 53140 48641 48211 56310 64387 54170 50631 38600 33115 35900 41817 37873 32571 34502 23969 25348 37127 41926 38744 32549 40589 50849 48803 40207 36308 37523 48751 42439 38767 40826 32779 41533 42093 44626 31866 34481 47024 46571 46239 35301 37803 42013 31741 36881 41041 49142
28513 46426 44112 48224 27134 30814 38741 31437 31985 37449 36360 41676 43477 39922 31982 49698 53038 45356 38861 43377 43895 47251 47146 49302 54502 40188 47420 53662 62755 56153 36035 36509 28159 32219 39477 47576 47138 54325 35119 29055 29125 38449 51339 46178 37114 46279 51535 46927 33264 25888 37356 50490 49094 44835 31787 34671 34612 43829 51605 55599 53617 41803 33932 31059 35188 37833 43910 39760 29788 25351 30445 29681 28045 34778 35739 41954 35994 29866 33457 50027 61264 44211 44484 47344 37820 47466 39334 36556 23549 24688 29197 41959 33166 24980 25725 22536 26724 34155 36924 46107 47110 44461 36426 34065 32599 33858 39051 48840 38925 36939 33517 29081 39540 31853 37353 30698 36052 44492 38877 42259 40815 39205 34935 40312 43707 54940
34356 48525 55482 44146 34244 28989 37616 40474 42284 30386 35627 40555 40673 38243 34359 47358 54639 57850 56915 58143 51220 36151 43258 44189 52869 52123 39431 44335 50224 38213 41592 40509 32967 27626 43606 54171 48986 37446 37239 28790 38414 37851 42236 43142 42540 47922 56607 42257 33694 35736 32112 35587 29399 30665 36919 36904 48157 53786 52088 56975 50300 40172 31522 21960 30538 49599 52028 48616 43052 41543 35808 36694 36177 39230 45374 30802 33742 32512 33797 38672 49546 46359 32972 38670 39728 37307 33276 25643 23248 20381 31146 39354 41408 32069 28683 29763 38638 40824 46645 50513 50214 55119 51894 47818 45544 41077 46821 50780 40328 28566 39962 40943 35499 39228 34367 27434 23885 34269 36753 38249 45194 38321 41489 46970 41571 41749
52570 59581 60055 51136 42393 41572 42853 57070 48343 41024 37226 43538 43844 38572 40238 51476 53482 51838 51305 51012 37396 31586 38768 56631 58802 49288 37955 28938 30507 32534 38830 47953 38068 37340 46778 50363 49864 37504 33660 34971 32572 30137 38812 43169 44485 35175 40194 38265 39592 41517 33318 37014 39990 45869 51237 53336 43709 48866 46656 37395 35441 35671 32530 34812 45944 54036 52744 41875 32837 29444 26345 24086 27580 30325 30731 39019 35878 35435 34267 32582 33768 41612 44467 33215 27047 35010 40025 37092 28446 30901 40793 42567 41991 38451 36635 38452 31997 33045 36599 39493 44101 46137 50649 46877 43968 36223 37790 41831 31810 36261 47425 43085 34640 40181 37528 39436 46270 31546 31979 45514 42441 41471 42235 51879 38575 40968
62747 46385 45803 50806 44628 40444 44717 47672 44126 31508 24811 29198 38094 50244 52465 48555 49410 48365 55756 53012 47430 42962 46779 40586 49912 44062 38470 20282 16184 24310 41234 50068 49912 38690 45132 54371 46298 44482 44948 48617 37651 37260 30681 46845 38766 35202 31027 37517 49281 54442 48902 37284 42791 46957 52245 61472 48347 42437 41401 26331 24960 35452 46791 32083 43836 45278 39615 37363 25568 22139 35225 45585 35471 36625 34636 34328 28312 35298 27929 32061 38443 46047 36070 30244 40228 42676 56761 47966 52624 38171 32006 41550 44235 48056 42235 34735 25116 26983 30293 38596 41980 45937 48135 47270 37637 26602 37008 35963 30558 39976 42979 42371 45508 38371 32261 45388 46285 39278 28961 37046 46123 48966 51664 46403 47992 41865
46988 42560 31727 39355 38749 36912 45295 51576 42338 34380 44774 43865 38447 45319 57763 45712 39531 38274 41535 49504 35026 36557 38614 40761 46350 39496 37583 36282 26927 26462 30981 42649 45965 44320 34429 46020 38751 38819 43832 48330 40586 32149 29283 26002 33320 27260 28952 42386 53515 57486 49853 35227 45429 58175 59139 52012 55651 49386 44191 33922 36076 43949 48734 42058 37158 41312 35933 21785 17257 24497 36948 45824 39450 22157 27025 32665 46247 33314 35283 27425 37945 32693 29840 30143 38696 49770 62935 64325 52519 49794 48515 39377 49368 46157 32708 26093 23883 32260 30587 46011 55406 46012 38827 35337 39856 34179 39121 42261 34437 30638 37089 44596 47256 40900 38676 45552 52855 39556 34337 28490 39364 42983 46964 49668 49730 54082
45069 24621 29818 26026 22779 25029 21459 28811 34527 42715 40674 38530 36451 51895 59167 44906 30759 31167 26788 26966 43701 40433 38397 44345 37632 39360 41733 52677 45148 32539 38454 41912 37984 33435 39335 25540 31885 39115 41139 53331 51777 34219 20562 27510 27799 38595 37606 38315 51722 53485 40180 42648 49829 48014 50462 56931 58839 52589 41366 33867 39979 41928 31760 24867 26596 27330 34898 31413 20320 31256 43866 49248 45296 32446 35301 44410 49147 42789 29254 43116 37516 46881 45806 44267 48308 47138 47525 51189 52854 46081 50471 53842 53430 45901 35578 31100 34137 26884 41680 48534 52411 42482 26778 33409 40184 47123 43840 41245 30819 27033 34090 41692 45730 47494 45086 37183 36355 38255 31502 32832 38520 48491 54360 49656 48112 39118
36277 38992 26336 31216 22634 20593 26943 35541 40318 55319 60934 46865 41010 46609 54183 53236 43535 41224 47722 36810 29561 30005 34889 34816 28241 33723 36246 46766 56900 43724 37809 30274 33195 37722 37432 38647 25895 36698 36597 44404 49070 42812 20884 22220 32268 36172 40374 43875 44083 58773 47910 35011 43847 46407 44065 49239 62679 51440 54348 48991 50935 45873 35101 35318 32032 36726 31966 41554 38116 32081 39169 44691 44863 43978 37075 50941 52264 43214 39460 28197 44658 48442 40257 50407 44033 41920 45167 46807 48724 53232 57422 59824 53091 39743 35184 37192 38802 38812 35693 52692 44994 48292 31150 35443 44273 49616 46721 41701 29861 27701 27027 42389 42438 46297 50522 45382 29946 44944 45315 38959 43588 53787 40310 46957 35650 36014
43860 39079 36054 30288 36964 27946 24565 31335 37526 47659 56480 56899 53097 53680 51569 47236 45833 33324 45274 41119 39095 32044 36642 40244 36107 25876 38548 47969 43592 44625 37149 31443 35384 47026 37373 33218 36058 34566 37207 42670 40738 46978 38565 27109 31480 40580 44003 47972 42598 45738 51907 55038 52130 47626 42965 44114 45416 45432 38279 41527 38123 45471 40823 35844 38516 38215 46279 44820 38887 47273 49886 54002 48925 50498 51765 46443 47904 40160 36475 38838 48047 47742 41275 43089 48994 43088 42461 49035 48874 48309 51464 55834 69359 55716 45419 44342 42189 43669 38037 39857 45649 33427 27364 28470 40021 49562 47253 41914 46196 38727 42168 37128 34761 36462 35978 40336 39928 50644 57754 55215 45781 43832 46216 42480 55917 42030
49691 54528 44206 41105 46214 42273 49708 37446 38763 40077 49363 47363 55264 45228 36629 31862 40108 37906 46062 56535 49300 42250 24875 20263 21507 27061 29806 38873 46949 46885 38026 31473 36244 43747 36231 41051 42471 34785 34579 35430 37879 42074 45963 34687 30833 36774 41288 49803 41168 33808 44512 52225 57071 33344 37107 43655 50703 43325 37037 35231 41182 48434 51592 50683 35003 41550 42575 42987 34880 35402 48672 40513 48974 46925 47965 49896 48830 43398 37840 47647 40371 40973 37199 40464 34700 37109 42580 55084 55476 45164 45711 53880 66075 59460 47562 38035 46282 46161 42701 40851 33790 25587 24330 38058 37272 40442 31336 45179 45886 44296 45482 47470 39773 38817 42067 41206 42378 46070 50661 44895 46232 39053 45819 50226 50303 37878
45846 45761 49233 42650 41673 49722 45872 43604 24860 33755 33650 33583 40934 42089 34623 28455 26686 32292 40943 59859 49707 37012 23653 23257 26672 29776 37194 31745 41208 39590 36301 27634 42254 39384 45518 32349 37350 49287 51894 36182 40832 47645 47512 35753 33271 31255 38895 47541 41593 22533 26467 47316 55191 40680 31029 40419 51788 44288 40423 33955 27927 40338 43367 40386 38636 31793 42510 45424 46377 48938 62774 61233 56115 53847 43766 52806 54706 54182 33890 43385 37798 33023 44972 40639 43848 39986 35282 41817 47306 33928 33725 45632 61017 56831 41349 38861 51611 46943 52324 50884 34433 28984 36736 43219 42150 31117 31721 46621 49649 55138 47055 51797 48078 45993 43733 51742 44378 45575 48939 57444 40594 49496 44191 46991 51538 49421
37908 42519 55631 57387 54202 57360 55932 50002 48905 35767 30120 28517 32259 36886 30087 27318 30507 33547 40541 39110 51492 32744 28334 19896 23800 16413 28929 38746 44197 41362 44221 34435 35611 51932 39526 38907 38325 41966 46048 44682 43820 53681 44094 35874 36879 50747 46688 51600 41608 21705 25263 39144 40673 43439 46548 47039 57994 65500 56927 41468 32213 27512 42278 43203 30859 21382 24732 36460 43738 44740 50090 49513 49702 35551 37469 47619 64225 51087 35502 22221 32039 33401 42175 55388 41717 39379 37897 34017 28334 30597 34954 44498 48538 53125 48885 39043 45225 54571 45077 42181 41311 30908 36329 49891 39984 33856 33713 51571 47535 41193 50818 52483 51889 43989 51719 47189 39306 31621 43330 44951 51053 44038 43046 35583 35955 44859
39526 42903 47747 51637 44403 37261 46867 50079 40866 32781 27958 33267 26448 36268 38690 37003 36726 45391 30072 31237 35849 40521 36908 44256 33812 34825 31362 32193 37788 46504 37825 43102 51564 56431 54905 35666 31434 41087 48562 47091 47405 47937 48735 44594 51345 50750 52796 42427 33588 33650 27393 29434 32509 36664 43296 46641 52677 62680 55005 48756 36221 32251 41063 43274 40479 33238 38608 48121 54856 46959 33849 49341 42521 46052 31974 39926 52954 50093 37682 24914 31771 39446 42764 48258 54873 47333 49871 41151 30001 33310 41672 43250 48428 43163 41498 43533 38035 41873 41646 38312 38626 49434 56515 61932 47030 38216 40948 38015 35634 39059 43364 51273 42582 39063 40741 42668 38513 43487 52353 43523 37318 55200 56492 52452 47125 47250
41145 47799 58231 51715 39782 42617 48662 58295 40794 29618 30313 32879 40530 43394 46455 41534 42087 39583 30704 17864 29396 49601 60677 51769 47569 38265 35980 49937 59119 52925 35568 36491 53722 57534 39208 40378 38074 42483 53243 58337 48828 46133 50487 52623 48404 55896 41148 43247 31015 27289 35355 33623 32455 35076 40294 52113 55970 60896 53982 41217 39627 39952 41440 41175 40255 45625 48669 34848 42641 35038 32005 35117 57865 45125 38795 35405 36522 34847 37316 42674 42885 47269 49365 52222 45308 48150 48944 48882 31402 38308 52049 56100 46895 51407 48998 37898 34742 33024 28549 28944 32483 44586 50629 57006 49721 47854 45557 51192 40969 35202 47419 37920 30167 19163 25330 40696 41699 37900 29787 31760 32096 46673 47572 43530 41384 36161
56286 57915 43615 34799 23601 25497 41779 46837 36474 19577 26750 33733 49120 44632 36587 41831 42993 28052 25960 18116 26663 51207 61721 55509 50311 45392 48827 53104 52603 43551 31891 38056 49314 52888 44270 39591 43857 36809 45462 47233 39534 42704 42046 44899 45062 53117 48835 37198 41636 33614 33639 44351 45383 40362 41406 46154 49977 54199 38604 41432 35821 29290 29793 35265 41387 50977 53402 46512 38992 47758 31681 34235 40685 51198 38704 35410 34204 42086 45620 48979 55748 58981 57285 52866 35874 47080 53405 41711 46812 51813 51566 44917 44705 47903 45664 46760 34029 29735 30598 41505 42822 48765 47707 46520 53596 45560 55203 49451 46876 40204 46084 42134 43478 45689 44796 35193 38219 35207 25937 19447 40876 44366 46989 47072 43919 47180
54705 59082 48779 38649 36744 34573 49447 40622 33734 23985 23244 39135 36242 33615 30254 33878 35919 39384 27653 33406 31900 41104 52506 51849 43678 46643 49231 48499 50975 46359 32791 36009 43234 37676 38426 26840 29534 37194 47831 44507 44639 41463 44477 41335 39346 44929 49114 48713 39118 34283 30024 38156 51918 48913 39886 43612 44431 44698 41736 33807 32214 27512 30106 32012 36362 45318 43852 49359 50051 45873 30447 36465 50158 50671 57464 43942 39975 43715 47181 50446 51223 55500 50948 41638 36974 32128 44493 47208 39150 40563 41197 46792 44095 47309 50647 53268 48780 28419 25926 32446 40794 30418 36108 43095 40374 36199 45642 53741 44087 42322 50236 57734 47490 48543 51166 49478 30980 33203 43596 42124 36692 45409 34363 39997 40022 51557
59377 46297 42826 39051 38100 44172 31036 42946 28636 27187 30120 33230 42512 35559 33030 35369 48031 41743 34815 35811 38402 35086 49921 47024 33272 40935 43336 37965 32685 39012 37405 40925 37589 41382 36570 44213 33048 44708 33590 39560 35778 52701 44232 39917 40953 33241 35583 38869 44728 32438 31684 31253 43420 50374 46437 24737 28279 40776 38223 32115 28163 36360 46561 35794 40472 43021 46471 43386 49466 37197 31059 31092 34159 42338 39424 46603 49410 49770 42283 49268 51794 40453 40392 36446 31389 33762 46048 42817 35259 37642 49535 37174 36707 29282 44176 47978 47258 35811 33950 41868 43719 47043 38192 40208 38443 33637 33136 38712 44979 40055 54029 70558 58849 48018 53639 52071 52303 48973 51366 47376 44050 47890 48837 40398 49538 52209
34139 43820 41849 55361 55874 40095 34896 31738 44098 33229 30542 27644 31733 38452 35326 41539 43720 49529 33516 34978 42012 41282 37259 51440 47571 46019 45798 45410 35513 45603 48218 37631 38137 32437 32499 34796 37973 39269 47091 40907 42953 49396 46285 40376 31530 24865 25068 46715 50190 38044 30486 27538 35853 47309 44555 23094 23181 37246 45570 29729 37606 47418 52119 45710 40270 35852 33473 38122 38963 33070 30150 45216 37070 37093 38293 46121 35690 35629 44801 47862 41412 28979 21847 28751 34675 33725 33968 42807 40912 35781 40729 43529 35094 33474 32380 41166 42335 32445 29011 38482 41335 36437 49080 42720 41464 31811 24462 25084 36268 50205 46018 48973 49591 44038 55180 49295 41538 54210 51072 49427 48829 48677 52621 44773 39337 44634
46231 41172 37894 45993 45122 31689 21840 34499 33829 33345 32864 41250 47515 52062 45152 45384 48974 44502 37995 29969 34494 47137 44386 45558 45356 44937 37908 41528 41522 43262 51561 48004 29290 30767 36562 47492 53413 51916 47062 44519 55246 55328 61414 38483 25891 20786 22011 28094 34104 24755 26464 40771 42191 44696 41284 31823 33528 40455 45018 41649 44477 53493 51835 41174 26499 31915 37581 39068 25866 37873 51506 49486 32066 18967 34776 36853 37674 36768 38964 50979 45792 34614 36255 41010 39958 41583 43141 51967 39724 43606 40261 44338 33979 26599 24602 26742 33347 35265 36792 44110 45852 40090 34939 46117 32272 24684 24210 39359 43164 42097 44008 39273 43541 46664 40570 51778 46527 49743 48510 38465 39615 48219 39699 36013 37263 40989
53411 40043 27842 33297 38857 35545 40688 45478 36678 32970 41810 49400 44482 44925 38971 37285 40019 34009 31490 40358 37838 33816 38401 39387 45656 37959 39914 48905 40623 39344 36153 40655 24723 21961 41592 46176 54200 53149 55416 55622 61852 68034 59787 41051 29859 32999 35772 40104 33382 40995 41554 40792 39041 40472 44382 38847 39587 45953 50091 50575 46860 50466 51476 37367 35713 33158 46336 33900 31863 31721 49670 38596 28260 29922 32807 53022 51271 54321 55197 49752 44797 41383 36516 39957 40855 54391 42040 47113 52643 49271 45545 35487 38643 28685 28899 25548 31701 34481 33774 39235 35292 26838 33040 32340 26993 23381 35920 42956 54053 47480 36012 32653 28893 41244 47922 41792 34049 38545 45149 51597 45340 51750 31581 41051 36091 41704
46940 45593 41013 37991 46375 50469 50459 39850 35645 28677 49638 53217 54850 52603 46859 50514 43228 44300 48545 49474 46566 46875 41357 44869 47231 41198 36695 39254 42007 40864 39508 30299 31134 29984 39137 40403 42919 56468 44413 37081 42109 51020 56651 56699 48033 47532 45561 33041 31810 33031 37431 32835 38160 34835 33955 42413 50408 45610 57275 46651 45619 46351 40593 42436 44874 45095 32024 35474 30609 33598 29342 35288 25317 27764 33353 52234 61484 59580 51385 50423 36263 40624 40868 48302 38006 35752 45655 57043 59713 46772 37659 27839 31603 31861 21294 36584 37792 27508 36500 28789 27606 23748 22458 27905 31428 31283 42001 48348 52050 47870 32110 19837 33128 36678 31331 35227 35817 39608 37243 51524 48715 45144 29911 25838 37781 36048
34831 38991 45325 41561 39906 47459 53880 41073 24252 24246 31780 44831 36574 34610 44962 55305 51782 35980 42140 57738 44712 42316 48055 41827 40354 51845 46933 38008 35993 40645 36732 26201 25751 35657 30806 31797 36850 37193 40161 30706 28011 43321 53199 62269 61464 56565 50050 42447 35704 45467 56566 40627 32076 36467 42068 45374 45683 39864 39641 47630 34792 32846 44630 47090 45747 45075 35472 43991 49001 44117 31399 29942 31259 29883 33520 38649 53849 55139 59096 49111 40611 34093 36713 41514 35074 35488 41411 56992 63820 53471 36442 31942 24074 35573 41210 33839 34356 35696 32298 34098 18250 29821 32083 39737 35498 44698 37544 50330 45335 49277 46674 46605 30056 36805 31992 38793 42575 49466 52425 52073 53168 45900 39526 34667 33067 36313
30497 42766 40386 46721 49394 51664 44866 39541 30824 32580 38504 29505 22972 25110 39436 45906 38316 41036 38724 45206 46786 40330 48904 53367 52512 54374 42854 29813 27626 43451 38027 28447 26644 35574 34134 43989 36502 35041 35907 29377 17292 35195 51735 68049 64428 47303 38142 40380 44573 48514 49575 40156 41602 37829 41555 45556 59532 55282 45484 34096 43496 34874 40484 41924 48795 42111 42126 45011 56377 47308 40441 33650 27791 32790 31462 38772 29843 40316 44314 48362 38499 38333 33402 35848 25687 21761 39737 45963 45646 37482 22867 32602 40629 33829 39605 36201 38327 39434 38333 37152 29256 24315 36641 35600 34475 23339 43602 55836 61579 58959 47284 41212 40169 27640 31080 36964 53914 41543 36696 43112 40082 36878 35367 38831 38151 38326
40444 45543 48087 42107 41616 41558 37279 38853 36873 30187 35075 37677 27121 23933 33907 36784 38673 35058 47348 38886 37049 31551 42802 48566 60228 55278 38563 25841 26384 23611 26438 26119 24105 36405 44400 37885 39799 33914 36796 48427 37297 31859 42393 53048 56894 38812 44187 44588 53133 48965 48874 37010 32804 34640 43998 48976 57985 48104 41290 31967 32454 44948 39000 49505 54933 55269 45568 41020 54866 51762 46755 41354 51523 42775 47124 43975 49423 41454 38979 56112 57486 50806 42956 28773 19689 28106 42311 49220 45542 48092 42304 34915 37272 35085 38620 54158 43886 50099 53743 39502 20703 9799 26840 34867 30326 34852 46629 60292 55491 48358 53675 41934 46213 41863 42698 41670 37249 41805 45011 35298 31909 35231 38567 45596 38574 28480
48950 50159 50028 43070 44445 39499 36862 38321 48356 55886 52827 46022 41344 29030 33538 39344 33263 44025 45174 46787 32152 25322 31665 42928 46629 41178 22113 13782 20607 19996 18320 27247 40579 36800 39807 40600 42556 44498 43135 51303 47358 30033 32440 39661 42886 47670 44443 51713 50835 50719 35312 25943 27884 29493 37431 51726 55839 56313 40412 41723 38896 39577 50416 46378 53079 47638 40235 42116 42798 39801 41508 51267 43670 47409 50383 54048 42308 39834 37129 45183 57153 51051 45985 46836 32747 36193 49064 56113 47076 45418 47972 41194 45015 35103 39030 40080 49710 38438 50502 35509 22787 21586 27353 42068 36439 39006 46659 62043 63995 60399 53613 48770 44325 51654 48037 40602 36962 31239 28880 31431 41340 41368 33466 32912 33592 30470
33344 41707 46269 46336 35428 35704 42071 38305 35339 37032 48773 49421 43015 42281 42157 49202 50962 44676 52762 48601 43609 40126 31564 36092 29764 26488 29158 24473 19928 16418 23331 33528 46547 44708 36013 44414 41914 42680 42119 53545 47059 38115 27759 27770 34614 46709 50364 34206 37173 45333 38295 26480 22281 31902 37830 44989 54537 41430 48578 39797 45020 34564 36589 53461 56309 57512 50255 51322 39464 38813 30447 43678 56175 57523 43482 50925 53883 30671 33625 38279 48221 55379 54584 52184 47811 43739 56455 52838 43186 48504 55891 41903 31887 30016 34589 46653 48875 51081 42033 45717 28618 28758 34067 37383 45552 48449 46971 50459 61253 56968 48293 47613 46364 62428 67577 42064 36309 48308 38182 26034 37170 38033 31691 41177 38470 36206
35561 36804 46524 29685 30356 38336 42101 35667 39345 43709 44240 37276 37066 38294 36830 45194 45608 44937 41271 41839 46048 39322 41342 36166 25954 20773 25714 25468 15060 15418 24656 45356 51618 64596 56455 55834 48255 44340 41296 57424 53321 39728 26182 24365 33178 44515 46314 44394 43492 43686 34848 23611 26212 36692 51008 54156 55778 56444 33638 46748 39293 32541 31690 51394 56635 36451 45397 47183 44178 28262 29859 45854 53854 47773 40678 49759 55136 42714 22300 33519 43010 50026 43571 44060 46629 46890 42699 46218 39135 39264 39060 42269 41266 42183 44647 33414 31987 38405 49640 49938 49518 26545 37352 37469 43708 41896 48970 46728 50971 46886 39875 34155 43014 46912 42673 45560 39979 46301 47956 42810 45160 35773 33671 36782 45391 37282
39703 46679 37677 32832 24982 35322 42538 54498 42445 30382 34549 43530 33884 26136 33134 34257 44658 33661 26695 37883 49309 51021 41988 50873 40408 31674 21964 30445 34660 33792 50555 54928 49827 54995 55788 55703 49625 42846 53319 48904 39669 33842 35069 34745 28537 42837 49277 48763 50865 54495 43397 36669 35962 34738 46902 55789 49874 40271 44531 37415 39876 31710 35762 51580 56237 44267 34544 45539 38842 34252 32550 37088 53847 52297 50298 44057 51324 42988 23979 33362 26270 32401 28417 36561 30845 45357 36707 36647 36434 46782 46226 42992 33597 36984 30247 30199 29010 45094 51844 46636 46073 43326 33907 41266 47213 39941 40319 44098 38885 38370 23614 27777 27541 42303 42970 40544 43360 46620 48593 44605 39988 31943 31254 45773 48254 41964
40607 55236 42530 37338 30101 30650 41078 40293 42451 39878 55757 53180 35535 27159 37747 41814 29523 27926 32858 40364 47462 56905 49834 60407 54041 31108 24953 30667 44937 56762 51356 47282 39534 37106 59013 59326 40452 47028 48170 54360 44966 38652 41533 40895 35053 34231 54807 60644 55853 49314 43294 32525 37569 40527 30280 41565 38737 34919 35429 49517 40749 37882 47836 52040 47523 46267 39742 43040 41948 46123 41407 43766 43321 38424 40632 43126 38963 43336 30150 26480 30076 33898 41119 33680 30607 31928 37243 39909 45070 46815 43488 29142 22938 31536 31311 26070 30545 22721 32094 32485 35829 40828 37976 43313 43693 42137 35504 39402 28088 25331 25382 25706 22865 23514 31513 41953 44763 44094 43112 49275 39974 36163 43067 48049 44022 36179
56402 60866 62580 41326 37431 30492 40677 44022 37985 47047 54350 51238 37714 45341 44971 38484 33093 32917 38794 42179 44007 47174 51125 52034 52897 31033 15242 34813 45012 49453 47450 41249 39541 41751 54242 55450 47877 43375 60707 56135 35862 25438 38565 39494 39424 41648 54719 60132 52710 44431 42850 37482 34599 43432 50517 39427 35783 40216 45651 36383 43707 41078 37196 41921 48740 39266 45159 41600 42789 43724 56603 43086 42887 38249 38625 50680 48678 35244 37504 32730 27969 35763 41731 33716 24477 31774 34660 35492 29195 41693 42901 31152 24054 22528 30047 35268 31585 37177 29734 38179 42717 41915 36883 46163 42130 41149 38304 38532 32125 21864 30164 36217 25644 21566 39317 57812 58808 44763 41280 28010 37625 33679 34222 35620 42193 35359
54493 56726 52908 40827 35536 45002 42787 30257 35255 47905 59924 62044 50579 46160 52888 50811 44331 42067 43045 41046 45343 47026 46640 52432 48383 35677 28913 21767 44372 40050 32460 23407 37655 43754 40462 39373 36544 38351 41775 46173 34754 38280 44538 49069 35832 42882 45071 53324 47415 43428 31952 47989 48313 48321 43669 33939 34508 32485 37087 40568 35171 40838 41941 33486 37014 39525 48421 45744 46244 48726 61363 41271 37761 43894 47089 44325 48970 40783 28324 26043 34984 31650 30217 23668 19036 32499 42765 37604 33156 45255 40596 32587 23142 21529 25575 31595 31267 33645 43320 35776 26664 24049 25952 39681 48613 39033 45939 42884 49952 41134 44828 41392 38609 37886 41827 52823 53086 48976 48153 35335 32026 36453 30159 42609 48666 47245
50369 52860 39481 40981 46993 49899 44192 29588 28221 39190 51043 48425 50119 41294 46598 52451 57648 45736 34457 49435 52292 50453 35171 41926 39443 42019 25823 22254 31868 41841 33449 27915 35845 45745 43872 38268 40608 46528 49562 40985 39659 39285 42398 40286 50568 48026 48508 51284 54079 44292 40197 39469 48444 44915 36376 39204 30926 37985 37055 33074 27890 25679 29720 24311 34767 36634 48048 48241 39782 39189 47929 50054 41656 54344 46678 49886 47430 41104 37636 27223 31668 28665 24930 34480 29598 33596 40863 41376 31667 26450 30987 27231 26648 27422 29586 25485 34573 40206 50713 43372 24105 27798 37346 33224 47433 46658 45539 54338 57337 49327 33082 37105 32769 37709 40647 48506 53681 61509 51859 49714 43240 40747 39769 44526 45694 48222
44521 41386 35386 33538 44076 43402 36651 32659 31848 35677 44398 42502 38388 42323 44420 58433 63971 49753 41443 45031 57316 49299 41167 24556 38062 37687 36534 29449 25221 27179 27828 21202 22833 30176 36693 30575 29018 25878 33509 44022 39414 42654 50703 51614 48423 43595 45958 56386 59835 54035 50165 42680 44857 46738 35429 29498 34897 48266 42418 35580 31712 41206 45219 47548 29873 32186 48753 56615 50408 41797 41570 42121 39899 30382 42754 34507 47871 40425 36745 27593 32837 35949 45280 45167 48970 43635 41594 44379 33031 30992 25907 32875 25352 36714 29423 25877 17191 38194 44482 49429 30220 38805 42126 44647 44481 48648 34636 42075 50789 42130 39779 45315 46966 39651 39843 41157 48178 60347 65078 48553 41534 46706 39773 42765 50911 39159
45370 43680 37750 31733 49936 46090 48103 34408 37043 29744 30088 35582 34342 30046 48376 58261 56751 53275 38292 40588 47328 52749 41977 34802 42886 36532 33240 36305 41092 31746 25334 18930 20222 36378 46429 34908 37185 53641 46410 40715 46578 48926 45388 44921 43141 57023 57731 55394 51494 47491 47682 42275 31551 50660 50398 40740 45550 49835 43195 36799 35816 39021 39362 40025 40341 41714 45552 53893 45822 44281 40722 40125 41251 37990 33475 33323 30724 37235 32871 48308 30510 39972 45424 52093 48190 36628 37222 34698 39209 37569 28371 31681 28112 42195 48649 36768 24849 35967 55554 41742 42767 43398 42582 46080 45889 45455 41056 37684 48231 39617 44773 45697 45301 29360 37334 33670 35142 44990 50733 43412 37881 27763 46653 43162 44058 41829
55766 52977 51121 43243 45945 49904 47446 34039 36240 37190 35229 25563 30261 29715 48752 57683 55008 40543 52932 38567 44049 43914 41594 51214 43258 38202 36669 48401 42962 31085 24684 25119 35787 34578 30851 48641 51633 46613 48663 49033 51824 58119 41935 25515 40463 58638 63530 44708 44819 51463 47872 50842 45950 48019 46007 45990 44537 53156 38734 33570 42815 37587 43699 50226 38894 41264 47566 46805 47893 47733 59323 50032 50589 36681 26872 23830 19741 38749 36519 37225 37789 24930 37180 38273 42099 39669 34212 39413 41631 45932 52074 34172 39117 45410 49901 36223 38428 39647 38675 54503 44174 42121 39167 32585 43232 34121 45551 36030 28742 44439 43653 51381 48549 42479 37241 40207 29477 35776 62459 49410 45207 37551 33204 46166 45483 39230
44288 44173 40566 45159 54722 57071 40599 32236 33179 34357 40613 34952 29745 31637 41159 55083 53419 44436 40590 52481 40918 46131 43325 46984 46940 29390 29868 36298 42244 33256 35191 32307 30819 32802 33006 38011 59713 61064 54219 50798 46645 40141 43931 42610 42755 47778 48653 54576 39585 53473 46019 42653 54003 53598 44559 33465 38371 33784 36362 40618 39048 40923 46221 46404 42687 33259 46900 37851 46836 51065 42176 46560 42791 54725 41310 34427 34958 30958 39610 35128 31199 26141 28593 49474 47785 49940 43600 40216 44756 49482 40844 42015 34837 43520 40710 44971 42562 52122 34694 43854 48165 47400 37859 36442 22608 41284 29478 32441 33897 39015 55044 48522 39700 48881 62440 58336 42357 30089 36644 51072 42534 34628 37785 53540 50714 35662
42608 56036 52140 48764 56036 46159 47229 28202 29352 42419 41953 43081 42520 49496 47930 49943 47023 51679 44104 40996 51531 44822 53466 46448 36172 29181 30042 31983 32080 39210 40437 43816 49338 40719 33543 38601 49070 54073 48219 48005 49518 48855 48523 48352 44241 43846 43717 52962 55534 47535 53458 41844 47615 46273 35873 29961 32955 35424 28436 37214 39965 46048 45723 47486 41565 42651 42899 45624 37098 50904 50170 50963 52237 41745 36885 33326 35243 34033 37099 32678 34522 25229 45892 55673 58684 44862 47154 36964 42835 42999 47898 34507 34370 39385 29982 37697 49676 50917 42606 49570 59236 51328 39323 36174 39909 25020 37727 32482 37057 44150 55756 45220 40614 43101 54522 48731 33813 29480 36731 38988 45403 46879 51385 51151 51900 53376
38056 44309 40903 38320 40843 54224 50928 44835 33342 36285 36650 36007 38289 42894 44366 45262 57067 46897 36570 36791 47841 53245 45419 39553 30265 34322 39507 30194 23091 35802 38027 37681 32703 42059 34544 41221 45811 55549 42756 46401 48318 45595 42757 54771 49823 48464 44689 54727 63481 47477 41122 37282 44701 50719 35771 41408 49221 49004 38613 35870 40808 43572 53199 44854 36463 42970 36184 40160 53816 66366 48400 39620 42893 40475 36840 42405 43699 40056 42791 44249 37773 44634 48604 59785 64226 55434 39855 38359 38832 46982 49611 44764 41938 40114 48309 42865 50014 40399 45649 38822 53397 55052 44204 34370 38226 35189 27442 35117 34909 38194 50058 42361 32157 37691 41501 40455 35784 29694 27886 39590 28741 42425 53380 61452 50096 44979
55915 52648 48195 45070 36670 48714 50070 45666 29192 28222 27996 29992 35858 42340 50839 49207 45993 52018 37110 33658 41813 54940 48391 39776 41965 41471 41611 32925 29593 44496 38181 40971 27883 37827 41892 40564 27783 29455 34575 40632 42652 46761 42711 50865 53574 53150 54418 56358 55008 40571 29080 47390 57677 46668 33914 40373 59184 55763 38506 21520 24548 33293 38620 40373 40090 43907 35590 36963 58341 64415 57189 46601 54568 42771 37054 27151 34955 28525 41873 46624 43105 33947 45331 50717 50419 45925 32106 35749 39950 53734 62710 51746 36946 40866 48885 58227 47667 44207 35272 45918 47840 44216 30257 35180 31158 33158 37717 42019 47349 40828 30852 30879 26898 31054 33707 25992 18394 31028 41826 39483 44675 45371 44944 54640 51114 43671
48114 50095 38703 33700 43862 52757 52257 48230 41722 39716 36508 26583 43038 40135 37162 41206 51331 51406 43168 35787 37127 47210 40714 42757 28887 45823 41349 37737 30212 30644 38561 32106 30831 31459 37918 29286 15274 28160 34706 45867 43870 40853 34434 38659 47313 44263 39416 50272 48463 42248 37255 47232 48443 46561 33111 45767 62339 58168 36864 21689 26815 35176 35267 29859 28115 26736 25271 24820 41108 59516 41096 37418 39238 42167 32583 27457 22556 27631 36780 46769 47566 39893 35051 44054 49317 38518 27386 27347 42763 51297 53846 49595 54663 53202 57197 64063 54133 30968 34832 42870 42684 39560 35083 27866 38991 38461 40678 47377 50256 38875 35957 32526 33688 27307 33607 39098 34595 35916 49522 53412 44322 40349 39990 37477 46400 43919
53994 52840 41898 46300 48044 40212 46365 40785 49829 51515 53464 44517 35247 41289 33961 41165 52065 51842 53338 46530 37852 48241 47259 48040 47180 42263 49393 50281 45024 41076 45756 44347 33709 31156 32052 35234 25659 17760 34082 44072 50165 39091 28960 34025 40213 38322 35977 40205 39873 45654 44130 41845 45465 50925 47702 42582 60327 52647 33733 23636 38778 42576 39049 25626 41221 42557 36676 42062 43752 37618 48690 45323 39169 33592 33112 26240 23627 24292 39757 38331 41088 32511 34885 43826 47263 33917 26202 32751 49426 44614 44907 53242 56050 52917 45770 49416 48725 47565 41061 51042 46975 39207 38891 31784 34602 33205 39454 45190 50946 32454 31383 26365 24895 27096 47016 42563 30537 36498 44146 51355 55580 45461 41266 44441 59409 66684
27595 40961 44487 35780 40833 45949 39826 46803 58270 57307 41559 46604 46321 40580 40316 38679 46915 52847 47329 43334 37108 43422 54571 56778 49019 51361 58749 54756 45427 32887 43327 37553 39480 30391 41640 35279 29680 23479 39450 54524 58102 46311 30552 28214 34549 41577 35413 38430 44745 51770 51524 36007 32689 42220 55047 54815 53471 47076 34761 24021 39062 42474 44950 44251 45586 51777 50590 44870 35700 43262 47138 45028 32387 36766 39709 36436 33964 41480 37821 34796 41337 43623 51710 53431 38774 30795 29202 37979 36057 39112 41355 44748 46398 49882 46052 34798 41118 40688 42965 43960 49220 41381 34115 35940 31660 39236 46224 39021 36672 39983 22843 28344 25074 41865 44227 45714 40244 48300 48773 44752 49248 55780 40807 37060 47534 62357
31520 37048 53692 46564 38044 42578 35622 41692 51990 49954 44624 37957 41975 46051 32281 40917 47953 52594 51724 46749 40143 38311 45832 48013 50312 41557 51437 54482 38588 38611 43772 52046 39769 39071 34602 30590 22900 31511 33853 45444 48306 53855 41090 40562 38475 43558 43000 31680 40672 54553 45345 29808 33794 40841 50578 55207 54301 44371 39266 36494 42178 41964 41472 41278 45270 47674 60531 53964 54755 45895 53399 49488 46778 44167 43488 37883 51545 50419 41812 35025 36521 41237 50404 57084 42463 37985 38319 36684 36106 34162 48686 54137 53577 45525 38207 37997 37311 55413 47300 53329 53314 42235 39788 40628 39247 31389 39759 48248 37060 30675 33030 34965 33160 34711 43589 39871 35329 31949 38964 44203 53867 55280 46464 40211 50228 58990
24576 37257 43580 55557 46352 28503 37422 44483 53726 62379 38722 39777 47892 40834 42302 38999 47019 53413 49992 28149 21203 25865 26711 41459 51638 52601 52289 48390 29502 18728 28797 32309 34688 39659 27425 26413 27561 35771 48643 48805 48952 53144 53665 50612 43118 38601 32269 42527 39910 50593 43286 42967 39407 42641 33693 38375 47926 45018 44633 43061 34230 47395 49031 49920 41155 44128 42607 51627 51477 44483 50652 53662 42410 41578 37821 39957 46644 51240 44226 41980 37038 43741 53009 55570 52644 49487 44178 37484 39087 40697 50349 54879 55269 57098 44014 35657 45160 45221 52883 53534 44655 38016 40894 41534 42137 41917 36970 47980 40685 46437 40570 48417 43345 35290 26396 41102 40816 39372 47538 45273 47285 53415 43518 25662 36461 48101
30046 44421 51290 38858 37392 42923 39487 47303 50398 48333 39056 44516 43735 41549 34827 37677 30925 45507 44889 30977 23231 33866 33019 35910 42388 48712 37270 42679 39774 31931 28564 33810 35062 40372 45801 32268 35758 39967 48716 43231 42809 50394 58782 44021 40782 29576 27725 33563 47920 35892 34521 36330 43080 39386 28631 31647 44536 48418 37813 35792 39925 43763 43056 39005 38850 34863 46498 54355 52382 50475 37588 40511 31706 37963 30685 28010 27930 37042 51832 60081 44247 42417 43954 47002 53080 47807 46256 41728 39374 51581 52981 59089 60335 53346 53888 50835 56203 50804 57493 53134 45958 45672 48432 44255 37559 30488 38591 43575 51869 45213 52053 47840 47006 38008 32488 40636 44375 34015 42861 47453 44709 41066 35210 31933 36690 55730
38428 40361 39652 42369 39208 49665 50666 51669 53363 42491 46491 48915 51149 40627 31140 35970 34717 46198 46553 35368 24085 31132 42749 37992 36069 35605 38739 44026 46365 33917 15199 15701 27635 40425 47554 36353 35721 40218 58263 47140 49181 42593 47427 38184 33641 41603 42564 45073 41030 44365 33789 43596 55704 53294 43593 40230 38412 49275 37469 29936 32301 55452 64047 52017 40577 39235 42847 51879 51860 45839 49033 37932 38100 34885 33917 23650 20213 29826 52585 55959 53495 43086 33589 34847 28876 37547 46279 49709 49673 44750 48175 49321 48966 52828 47884 52042 50570 48005 41698 48509 44135 44833 38845 46260 31473 30294 34661 46668 48147 41889 47948 46926 42704 34171 38533 52810 54764 52629 39967 40749 48338 44853 34315 27250 31727 44982
37062 43850 34382 29198 35227 42359 54401 47114 46448 52415 49404 47570 46002 47934 23311 33064 38861 43284 46829 48003 47935 40731 34971 33625 20176 19716 29176 39419 36128 37591 27354 30033 37003 43009 53753 44243 47783 51882 58086 62336 50493 45019 40091 31914 24774 37115 40303 35303 40307 36491 38479 41262 49290 49429 40635 49452 44150 45072 48054 40060 33940 45438 46904 55949 46692 46937 52337 57461 56459 59536 44782 34009 33545 32456 44842 40814 36228 35726 43412 47264 40213 30063 24288 27489 38081 40674 46690 60769 52207 39157 40574 43260 45437 33351 43576 39609 47970 48320 48125 44083 42180 44072 41705 39261 33936 34234 42567 44665 37483 38566 33995 38046 35899 30898 30447 43685 54199 45117 49126 51046 46508 39804 42828 31549 29823 38698
49089 34948 37120 42498 34810 41751 41873 50133 47183 60496 53465 42553 44968 53950 39889 29753 38077 38646 53769 54254 47122 38801 39184 37184 36468 29129 35033 41692 38818 33147 35193 30671 35268 47432 44302 44768 42923 46638 50892 45252 38723 29330 35226 36761 36110 39916 36854 32580 39003 44627 34358 27301 40102 40987 45400 45278 57080 51010 48872 45027 38901 48837 51809 47593 41705 32992 41795 52910 52213 46290 52450 39984 38571 41745 46763 43281 41189 47830 41832 43898 30482 37366 35047 40543 41654 50277 44073 53303 49916 31640 42408 34411 35838 37131 41128 41777 49992 50746 51286 47576 40634 45837 35172 24030 34932 44823 42657 36449 44737 32965 39114 35118 34481 29081 29443 31623 38804 38618 36040 44548 45386 40662 38353 35425 37288 32236
40204 41677 48756 48956 42329 27560 48289 53800 50833 47613 50815 45508 31782 39409 40050 21236 26290 43520 47838 54774 55785 38688 45113 40779 43776 37067 45412 37951 38716 36752 43799 56041 44864 38343 43062 40924 52209 55831 50442 40032 42376 50111 51831 44909 47781 44161 43939 33407 30980 36667 30989 25233 38117 42665 47531 52846 42573 40856 48977 35234 44255 44601 49533 37878 34621 42144 57686 61090 50597 43415 38465 31259 29498 48945 45606 43402 45907 40559 44586 42868 44943 29441 40039 54855 60785 57151 57048 55961 54138 40485 32842 48974 36424 50667 54821 58743 45140 48246 43544 51128 32939 35549 40113 41320 42264 37841 47418 38996 43386 40597 41946 36371 33305 31329 30024 30129 26633 37610 33812 39555 48236 54166 39116 36288 39172 39162
49080 51927 50958 56685 47625 40442 42783 48358 46680 43743 42620 38251 36426 44826 45986 41669 33064 28559 35405 36583 51049 45226 39869 38929 48352 48683 46210 48278 35125 51429 53632 51637 32167 27676 39634 51393 46905 39341 27013 31446 43648 60976 51735 43439 46218 61838 54464 48604 40972 39854 32706 29311 34795 43632 49954 41215 37844 41438 49455 46261 38467 44644 44776 36190 35888 37069 44337 51150 42418 43337 32963 33615 41694 45178 44338 41543 29834 35170 47412 48675 45015 54317 53686 54595 53931 52263 57541 49553 48038 41926 25554 35572 53539 52100 52018 50691 52254 49623 44459 41778 35459 31678 47269 43448 39875 40685 37201 45473 27960 43167 36794 45906 30675 22508 29040 36116 31223 23038 20849 31992 50218 49857 36577 28116 34033 42314
56764 56422 57098 62422 57702 46973 42915 40664 48259 41975 45590 42134 27265 27631 37793 44251 41360 27649 25860 32021 42554 35473 44033 45192 47088 45473 31251 29308 35521 42658 58285 55500 41764 32719 48175 54674 52885 35987 33782 41558 50449 52388 52878 50353 41545 57901 44965 35926 40917 33490 26853 32233 49080 49154 41716 36929 34315 41782 41722 45349 46231 45109 31429 34719 38367 38110 30396 40045 53911 45299 38565 42579 37123 49867 57946 43399 31614 28349 43573 47905 45364 51290 57701 45813 41603 50195 45962 40842 38227 34660 21136 29028 41387 59947 58255 51681 53518 49926 38114 29035 28087 31382 39805 44301 30532 29226 36110 45766 45900 40675 38651 34074 39922 27696 25434 40439 37419 35825 34980 38283 45424 43183 28337 36502 40225 41544
56135 45867 42164 50241 50828 41394 38769 40980 34389 46486 35759 43952 50994 44940 42655 40184 45192 31013 27470 40294 39395 44378 32614 31474 35353 43741 33379 36338 44180 44491 55723 53141 46001 44483 44859 52126 40220 29428 35613 35129 41596 39325 49746 53010 45464 33908 43044 40931 48079 45164 26490 37462 46922 36570 18277 20401 25754 41295 52894 47264 51456 48646 36373 40326 49001 36558 25125 26770 35369 40881 42609 45721 43681 39478 40646 39431 38401 36506 36058 40547 49303 58178 57511 36896 31809 42828 43289 48048 38397 42844 34211 29705 44090 52461 44966 43590 38756 39980 21747 18909 29717 42994 47283 41550 22888 34765 45315 41649 36846 34232 48114 45828 44715 32956 20928 26388 30969 31682 31427 31294 34179 33442 44513 39545 30111 33567
47357 49940 46343 44630 37665 37900 46562 55189 49699 39900 39337 32665 37935 40816 33488 35614 40344 44312 32835 36358 36173 38339 45512 37941 39870 41977 38060 26906 30260 30521 37999 46128 41409 39859 48861 49733 44992 30126 31281 49444 31878 26682 40203 53300 51685 38950 38457 45389 48486 45883 43426 38260 41062 44679 28530 28367 40595 38486 37595 48597 48381 49888 42659 25903 40850 46547 32672 20758 29275 46392 50544 37486 50236 38098 37510 28101 41362 51614 37669 44757 58184 65912 60436 39917 37123 43223 55139 45582 54405 45214 43358 39714 54155 67157 58159 38188 39542 28212 30148 24769 36427 51682 48575 39487 27706 22620 39142 46685 48277 46934 39228 44017 41045 35921 35680 41122 46149 50196 45091 38136 38071 41181 48364 53500 38762 33742
43075 39488 45269 45888 41628 37313 44052 45582 36390 29997 26790 33984 36608 41985 39277 39761 43461 37120 39993 35157 54252 56116 48491 34465 26306 28384 39702 52382 41299 38289 40223 37049 32594 32150 46075 38887 32416 27783 39871 45654 37887 23281 29876 45463 46749 39430 37789 52515 59597 52662 43179 39454 30356 34011 30120 34133 36151 42746 33840 36349 42805 39437 33137 32662 42673 49326 40189 28751 30116 39807 30038 40291 39093 41906 28400 32090 35638 39034 50655 43942 53411 71210 62507 51873 38964 50155 59410 48270 50137 48135 55402 54044 54130 49201 43883 38667 37804 32978 28413 34165 38341 46653 54833 40718 34117 32850 41445 46606 46749 44466 44064 43421 42601 41527 43025 45969 47591 40864 37798 41258 29446 37110 42996 47602 45827 34440
51875 45235 49679 50236 46693 42710 31563 34092 41654 39912 29279 24186 28357 29032 43139 48338 47291 41118 31746 38881 58433 61558 53220 37749 42558 48053 48818 54000 41703 36708 36278 36626 29555 41170 45270 46939 40539 36008 42564 51271 50567 29832 32108 41414 51019 46935 44381 44815 44098 46749 39475 32097 28901 29414 38783 36048 40964 41434 41775 34350 41703 33556 31445 25883 31161 32908 36059 35484 47428 46451 40590 26496 43292 36600 33145 26327 33789 39596 34352 45703 49589 60590 64844 61232 56322 55404 62876 56592 45276 42966 42256 49113 40350 43023 46728 51212 51390 54640 49826 42915 46895 33807 38061 39561 36992 31881 51711 58781 61711 50122 56501 42431 34666 42135 55438 55031 55184 50492 44896 42671 39150 33151 36508 39894 45375 51336
52573 43580 40461 43879 36432 38840 26909 34363 31074 33792 32225 38241 32221 29015 41992 44963 33408 22933 33656 41708 51298 59128 46431 41196 47320 45915 45947 36336 38040 40375 44630 48621 42167 37073 41417 40449 43006 42289 39042 52491 60099 44279 23215 42388 45080 36772 26545 34093 36858 49019 44810 29293 19309 20785 23513 43900 46583 35589 35510 38273 41339 35052 31898 33047 36732 29783 28557 41410 36363 32464 32027 36207 35335 38884 36031 32479 23198 23291 36019 29951 41110 55002 55695 51380 54907 54001 48676 50524 44675 38746 40268 39559 30255 26731 38557 55319 63392 59037 54018 49125 49416 39519 36873 38956 36337 38170 48971 65230 55176 57311 53140 44966 42588 45924 49827 46229 36017 45528 45985 45947 40711 37974 32703 32395 46443 60310
43276 43396 31677 36005 34042 29107 27321 22968 37817 37809 32763 32478 34638 41602 43859 43371 35182 35393 33424 47584 43492 45513 48806 47858 50062 59985 41202 35290 26631 43350 43167 56144 45308 44860 41314 57061 56854 52091 42029 38259 49128 39072 31439 36134 45359 34882 25012 32423 37568 45910 45582 33930 19194 27699 37096 46124 50434 48276 45235 45232 52735 37776 33569 33822 37383 35778 40053 29919 34482 33747 35531 34763 26251 34219 44032 44553 32418 31519 39781 40232 32351 40068 49503 47254 54641 54791 57699 54591 36224 42547 40003 39803 35362 42272 45862 47007 59928 53342 35937 27306 29099 38127 38631 41215 33848 39130 47472 46591 52672 51601 54564 50225 47773 46306 39760 40665 41112 37986 47902 38978 45975 45067 45029 49249 53028 48348
45218 35770 32889 31869 26184 25758 32085 33525 42274 48362 43869 38592 42514 45249 49515 50781 42402 37554 46284 35122 32221 31920 32529 45722 54709 58070 41383 29009 30983 45021 41940 51358 48667 45226 41243 44615 44104 39632 36140 34210 30648 33130 30409 43711 50074 47581 34098 25034 38363 54972 53778 41332 39060 35457 42510 40905 48286 46734 48301 47597 36168 34539 41830 54084 46866 42471 44259 27074 12767 19502 40958 34888 38995 42916 52907 42374 38280 35291 34299 39483 36415 37643 51354 50418 36204 45582 51432 45142 36016 23988 24855 39766 50239 35119 36120 44588 48609 42270 27303 35880 39512 44695 41586 35683 34411 35086 40191 47109 46979 41622 37728 50754 52518 41891 37610 34791 37840 37150 49812 41463 45132 58799 43718 42830 44610 48122
40683 40158 39453 50359 41900 33459 28184 23623 28339 38628 32097 33517 39882 52281 62138 57614 57356 50747 45078 45195 34620 36041 35924 43763 51620 54868 48765 40468 38792 34806 37775 36369 44697 42428 35353 29238 33128 41668 35517 30516 31936 33247 35101 46447 48525 42840 39597 43803 41358 45401 58714 45706 36138 26996 39038 35219 42592 39338 50942 50717 42133 30033 45655 47993 52279 44029 38191 35686 31679 31192 37899 36044 27475 33963 48938 47228 43261 49378 39953 36020 38320 45789 48200 40011 37941 29400 37435 34480 29512 25832 33856 46655 56753 57594 44124 51702 46424 49689 29649 28843 29499 44256 47066 40624 37224 55326 49661 45364 45774 52264 41305 42432 30844 33157 31957 37434 34971 44670 47671 52872 43462 42327 46157 37510 29805 32071
42871 41486 38964 38936 39498 32599 21047 23113 28135 28233 38817 30295 37668 43756 50449 57179 45958 57864 44402 39721 42458 40411 40427 41327 44354 50626 50473 46284 41517 32239 41667 44741 39896 44672 46286 36033 21705 28732 27259 34923 37753 29861 37974 49249 55581 51008 47177 46871 44465 43212 41610 42418 38583 43502 36224 27995 27928 37998 44450 46718 32862 27570 37368 50242 55656 42509 43041 39971 36750 25904 27928 31439 29148 36427 33024 30512 34646 44923 37909 35116 43406 44989 44297 37605 27739 34260 34338 24631 28666 33376 49242 44185 39087 36688 45293 44167 40868 29320 39258 38878 41329 40312 41542 42542 39922 38097 41325 41350 53597 58038 51726 31808 32237 22381 32516 29854 46420 54165 57582 44437 42898 33474 37868 41361 43841 38178
34635 33405 41081 41501 41063 36263 29227 15028 18203 25361 31436 35697 51194 48930 36253 39455 51397 40545 45481 44222 49662 62626 60944 47233 45756 45644 43888 45427 42951 38868 46862 46753 34836 42147 53140 49281 50019 37298 45018 43406 44188 40039 37394 29452 35753 37503 39690 41702 57380 35621 35111 31296 36641 32291 42264 37107 39912 37192 38611 39897 40472 37137 50886 44983 55724 62202 51038 47399 43691 35005 35123 35335 35961 31131 41660 33270 39299 40076 38725 43873 42979 49124 37127 38879 45800 37732 34215 29771 36455 48183 50243 40214 37355 38060 45170 51725 38484 30486 38383 37387 30962 39864 44989 38199 42687 46157 46298 41903 50014 64024 52238 35808 32690 38091 39055 43669 48449 55111 53102 56030 35739 42109 43924 50171 45126 36624
31494 40232 43013 27810 34584 26095 29757 17856 22867 32472 32226 42149 47415 46970 43944 46598 53864 48252 41898 50266 51710 59464 59138 60019 48240 41400 43960 51106 36512 37088 44668 41427 37142 36020 51653 59972 47581 41654 43104 47628 40909 33543 28928 25112 33029 36788 38803 45983 44286 39572 33006 34680 37942 42088 46636 42217 43008 35941 33211 33847 38969 28853 39559 53045 55727 53115 50566 46545 46716 34719 35519 34182 28705 31571 39264 27109 29759 42905 44311 44493 50240 40796 45311 54279 43001 45853 47653 43732 38337 41229 47008 49232 40072 29779 34867 38459 39554 32270 42189 51077 43081 50618 52810 39449 32770 51182 47530 38179 35954 55560 54448 42748 39613 34008 28842 39219 43126 41405 41294 45593 42375 35018 53240 50549 47828 51077
37091 40250 33668 22246 26927 37403 32409 35228 33044 39417 46708 49046 43417 41101 53442 57539 58277 42596 34433 36803 52786 46500 56438 62893 51760 47349 52607 44339 31768 35224 38481 34033 27595 25537 43174 60230 58417 48483 55065 42910 39575 28624 27979 19056 19361 40889 50149 44909 46796 46454 49371 48176 41252 41786 47450 42331 42497 52099 39909 31086 27635 25821 41226 53475 51325 38510 33306 50330 47928 41918 31730 35570 32597 31517 39307 49553 43073 47011 46968 48434 37555 38407 43746 47029 50244 55495 63090 54318 33101 45217 51093 46657 38794 40710 36880 42807 46296 54812 61033 59186 48605 52541 50372 43663 38516 52316 47494 37178 36527 43634 39215 37548 37918 50357 40672 35887 31241 38814 37570 39827 45707 40427 35371 49425 37678 49610
37832 46360 43487 30896 35963 44699 48928 31573 39589 25052 34586 39899 46206 45190 57700 68354 57325 39921 28172 42733 42494 45565 50713 57529 55460 45934 35700 40788 36917 27330 29268 26572 26448 34585 29075 36020 44459 52716 47432 50464 33258 27382 23794 20750 27414 45331 44761 32290 34532 44754 56159 51922 50244 50821 42995 41269 38322 44557 43744 27208 27531 26619 27768 39886 37274 28139 27128 32972 39602 35937 41697 29741 26361 20987 31726 50015 47351 36947 38131 29278 25417 33255 46431 38656 47420 60523 61597 41887 36316 34502 52118 46634 48516 38798 31537 37623 54507 60007 56449 45530 41710 36630 44550 44083 48330 48532 42745 31842 38561 37844 32535 27947 36412 40058 32130 19637 27739 33167 42773 38043 31670 37714 46953 46158 44448 42156
34017 41243 31007 27687 35637 49857 45506 44015 25373 30825 35475 40079 40037 48814 56212 59257 54207 40089 42181 31262 43539 43965 59237 50286 34237 38963 47854 47556 50957 45108 35101 38957 43644 45660 41401 28486 31912 45107 53888 51901 41579 37376 31061 28567 31542 33909 36334 28510 42532 53593 52351 57422 63828 46487 38714 30801 35255 38100 37820 36684 33268 39651 30006 31183 34112 36896 38223 39035 45505 49643 47376 40642 29884 36793 34726 51301 53585 43423 44240 43083 31416 37443 41340 42433 33623 51922 53004 36941 21588 37442 45113 36473 31609 32652 33869 33191 55534 68106 64938 50053 33400 36372 44290 47730 52838 43733 39378 35149 41857 46563 34539 38978 42793 45742 29136 24269 26416 22206 30747 33026 33809 30697 52119 55754 53276 43158
30013 32603 31618 28853 29248 33770 42002 40103 29013 20306 22399 39553 39429 43756 39789 44972 36805 34564 33139 38549 35753 50519 41132 44996 37886 36855 44137 43532 37984 43764 39332 31055 51113 46522 45217 26412 24295 32865 58885 57747 49137 33352 30399 26343 27787 29464 32298 24786 36780 43912 41343 52460 56877 39409 21136 31274 34479 34209 30784 32896 47931 39320 39791 28684 33589 46067 42482 43288 46686 57661 56349 44997 37289 36541 44319 39446 45920 52478 52789 44822 24951 35418 41882 42309 35445 42772 34534 30449 33063 39973 44149 45045 40309 35742 36511 32316 41275 54598 51915 43588 40698 42808 42797 47970 47781 39474 38223 53000 56260 56171 42084 29088 44873 43148 35020 23290 27745 37871 34722 43981 35926 40258 47356 53683 45391 36490
33961 38471 36828 31984 40865 43716 33744 40123 41988 38262 39573 42725 39752 28907 32305 41881 40336 43252 45673 39040 37208 43634 46140 42315 50669 50759 42105 37142 40086 43519 51123 46467 52416 55094 45383 36203 29234 36658 41472 47515 29049 30086 39026 33476 30972 29121 34287 35540 38485 31064 37749 50957 55061 40940 31713 26550 46607 45688 39200 30346 43252 52146 43979 32025 31109 40433 55465 56228 57237 56768 54142 38403 38897 30305 37185 45552 56163 61093 55563 52058 40969 37435 41776 45020 44118 25763 33616 24294 30721 45448 53462 33616 23708 28912 38779 42468 33287 43027 45314 51131 40728 42359 46865 51833 37956 38546 34885 42935 53281 49236 41244 37308 53877 46766 32613 28347 30697 40410 44338 33033 38116 39153 53681 51455 53511 51681
38090 51899 52329 50186 42706 45651 41165 41041 48155 46672 33022 39643 43774 33077 22395 21559 33298 42628 38706 28393 37264 35704 32212 42583 52694 48017 46096 34316 40411 47042 47538 58256 43087 48983 47738 51665 38850 47232 42418 34323 31587 41425 42016 31618 29377 50043 49191 47238 28734 29779 34547 55399 45801 34323 38639 36352 37275 39816 37611 38541 47038 53084 49986 39690 32965 40657 49906 50377 53554 50168 52282 52947 34427 35885 33350 46879 48237 55362 51913 39388 26704 36079 42129 34967 35618 39109 27270 36384 40260 47009 48187 28394 28893 49259 58868 43519 34333 37604 54987 45173 38068 37999 40786 41511 38001 41220 46939 40745 46269 53405 46275 42506 43398 48359 34548 35133 46864 53386 49864 42776 35167 55068 53570 50939 40462 39279
41481 55169 57100 48399 49473 55169 39604 45118 47951 40119 37908 36857 40972 39317 31404 32778 48529 59315 42275 34813 24618 35670 38333 41850 50871 61278 56541 53247 48692 59205 49510 46597 49890 47334 44530 45881 41151 42226 38871 33419 37351 46569 45257 39328 39438 55177 58876 44824 40761 34675 50874 54125 50713 38425 45863 42225 34170 40147 38812 47994 49850 48690 50787 46146 44429 38400 49210 46522 38225 48997 46395 44722 45732 32237 32916 44041 42785 41277 40818 36612 34822 34294 40083 34950 31372 41998 47925 37701 45474 46143 39635 26096 32943 44553 58461 37915 33367 44096 48426 42029 23612 28163 41460 38364 35063 41591 44573 27155 27339 39228 46391 39807 48227 35249 34029 30208 38342 42424 46889 47521 53926 63113 63744 51599 36704 35325
54812 51854 45180 46316 56595 57718 48560 32140 38932 47730 32804 25254 26454 40562 44434 42026 45824 58362 43475 23484 29768 45944 43762 42617 46658 57385 55825 49317 47648 40703 47073 34121 32117 37310 44405 49309 53278 37978 37627 48491 53110 57070 37433 40347 40214 46375 52182 58116 43176 44089 45963 57010 49272 37368 34534 36426 27289 33256 44388 46025 61113 49914 41589 31829 23058 33135 29445 43476 43754 36114 42872 45564 38255 39051 31377 39230 37697 32212 36124 40977 43431 45120 45069 43033 34015 40218 46872 48240 47390 36246 27928 19032 32734 48687 43745 41249 37115 50309 57251 46945 47352 39231 43072 39605 45727 53701 47233 33300 29275 41286 41978 40547 38782 49000 23605 24853 35626 44727 49341 49371 52684 57834 58860 45109 40748 43867
46758 54749 49375 51563 45930 50053 53035 44948 39660 45048 35695 27148 27232 37150 45939 41123 45142 55275 46221 36606 39626 41080 47391 44343 50018 48449 54505 45239 30504 33263 35133 33140 32312 39691 44266 47166 48708 37988 34405 48843 55230 40674 40607 33429 33121 27468 36903 46845 55932 51837 46626 48806 53219 45037 27248 30605 37988 34835 51620 52800 45275 42290 36747 31160 23714 23013 42727 36725 34367 32834 25045 24818 33892 36929 42504 44524 35668 29986 34906 45236 45147 54084 42185 33863 28464 28848 48951 40629 37432 32769 27877 33359 33019 35175 46802 40149 34895 36954 46296 38196 34577 50620 55209 50358 45825 53162 47579 36736 24542 28008 24880 31389 36602 39553 26507 22435 22300 36360 38007 47295 53247 50890 49162 49943 53311 46235
34271 36162 46402 55915 46074 41971 46747 47841 50702 39575 38949 38228 37688 35027 35581 36184 40622 60998 45120 36920 49048 52409 50429 46391 49601 42098 42755 37608 22696 23791 29866 40584 27449 31720 49412 54472 53422 37651 41451 41505 54859 47299 36288 38082 41299 39145 31649 37310 44240 41075 27088 40249 46916 44498 39856 36423 45004 45910 52160 51320 47781 35898 40146 37050 31757 26206 28472 41054 40697 33148 29038 27508 33142 32280 44973 44270 41095 32941 38774 43802 44256 47695 54074 51118 33095 35538 43930 51655 38007 33271 37473 37550 39774 40108 38795 40696 43402 53650 48341 35755 40584 47517 49410 38310 38613 52488 43899 34440 33330 31644 29087 32433 37918 33217 34912 18704 25208 39983 57141 53123 39863 44744 41394 43702 42685 47330
23754 35037 47883 53327 41343 30657 44830 44910 39692 47402 48240 45345 45876 50110 36870 34076 44340 48128 55154 43792 39289 47856 50941 49379 34952 42368 45335 40739 35379 36240 40312 41470 44130 42965 52682 50601 41688 44804 44991 44017 32120 30508 35587 44301 43266 42628 35005 32250 29497 45578 44765 37148 51683 57779 40392 44959 54932 50806 43789 42450 40435 35658 37981 40225 28598 28740 32275 35810 41133 28091 28024 34169 39917 47525 48903 45655 41233 35196 36395 26640 32336 36128 43422 44424 39430 40558 45563 60416 39075 40031 39186 43206 32203 37850 41045 36955 52292 53502 50088 26718 32921 38377 25114 32289 33055 41885 46997 38251 27458 30866 39704 35458 35338 37688 37692 30424 28284 51481 57364 50725 38220 46157 35196 32520 37681 52808
26895 22883 43200 45589 40471 37578 33478 41363 39506 39443 47462 57531 51597 50473 49935 39135 44329 54407 42994 48833 53635 47498 52720 50848 46606 36250 39112 45224 37106 42959 45877 40509 35858 32828 42983 50688 37135 40679 46608 43355 31325 31582 36604 47207 42314 39788 45349 34489 28048 34833 50630 46472 38131 40389 50671 54617 59796 55918 39379 30944 28462 37217 28374 29391 29130 24761 24437 31861 33387 35972 34948 53785 52699 32880 39463 36375 43738 47697 39918 33161 23647 34129 39429 42507 39006 46003 47932 45555 40927 36015 38391 30556 30433 32144 44274 37844 40473 52793 48587 50830 32129 32297 21915 21554 35451 43562 34026 26015 32057 41463 39644 33531 37289 43271 48503 43301 37524 55151 60991 51139 41914 34165 30953 23533 17788 36186
38449 34259 36088 52678 33755 33003 27422 28611 31883 31364 37728 43303 47909 48194 44363 50703 45552 33274 37453 44099 49049 51150 54522 52407 43647 39206 40312 34377 45341 58249 49133 45915 39294 36980 36931 40518 32205 31177 37523 44320 34785 37916 44201 35487 33941 33286 45867 55945 48385 44928 44301 52398 45166 40974 39574 50262 49162 45848 33658 26108 36590 29151 32380 29429 35394 33153 29731 34806 31028 28346 35294 54222 44423 39267 37406 43398 40811 35439 44006 34727 32957 28355 28696 36401 35948 48419 43117 42246 38404 34028 22707 21191 20093 30246 32498 48073 46800 49535 37944 30715 36835 30383 36772 37691 41592 49742 29223 24837 35857 51505 40154 38110 31419 39421 33727 40233 48805 58317 58999 48373 42278 37824 28801 22166 23854 35954
43526 33550 40548 45333 41189 38366 40559 42346 41777 40543 32282 37430 41686 36106 49654 49047 42795 37190 41078 46742 47968 42542 39265 43457 38541 41934 41035 49128 45312 46255 52147 37144 41289 29822 36894 40413 43173 44753 39112 39183 47706 43078 42689 40089 35732 39338 54062 58185 53456 55161 55019 52941 51263 40565 42226 36540 36792 22205 29375 28032 28798 29192 26293 32355 32859 29159 23774 15920 22737 40250 37107 33836 36167 32866 39742 41155 40936 33878 34148 34949 36782 42022 32785 27985 36154 44958 42993 42772 38579 39997 22275 25130 35839 49283 42006 30554 36684 28897 31163 32754 29500 39879 48594 54724 35926 41196 32960 31739 45589 55887 47788 36253 34049 29140 40905 53118 59499 60625 42711 44237 52429 41681 24218 22970 28551 36257
49675 43583 38697 39863 45488 42228 47508 43936 42544 44758 45273 38637 41507 44495 35428 47009 54073 42285 33889 32445 34411 30014 43217 38468 43076 28872 35154 38228 37673 40497 33454 36122 38864 46540 40347 53076 56436 50040 46094 32782 34470 42321 49494 46263 44767 39252 44240 58660 53351 47103 50414 53569 54678 41956 28129 39811 31190 36964 34716 47235 31710 21329 27389 32506 33538 32033 28488 30119 35498 45847 36903 26792 41692 44442 45571 53227 38817 33084 25974 42798 44602 47703 47236 44332 46552 60248 53892 49744 42913 42680 35555 21318 33970 47829 41640 30332 31916 30272 20973 24245 33651 40242 51169 50575 44409 43684 45280 34381 35363 44256 50777 52805 49183 34888 36324 48604 59945 49251 49204 50095 57082 50214 32482 30486 41968 54901
33652 31372 32325 26839 44829 57941 59180 51169 52737 52593 51520 38116 35961 35055 33898 43392 58343 47199 34889 24262 26082 38221 40611 45960 38705 29934 30077 37445 41271 27802 27825 31391 42087 41773 39751 45659 58531 52204 43747 46612 44932 37522 41651 49061 49166 48232 39253 30020 43750 46387 48488 44118 41820 42447 42942 46523 46301 31340 42350 44821 46221 38383 29566 38659 37884 39979 33280 32961 36897 41282 44584 29199 24641 44153 41713 46658 39086 32668 39524 36227 44778 49717 56667 42842 36488 43180 48825 52754 55164 49047 45746 35231 30127 43029 46088 27722 18829 12884 25033 35582 41403 40701 47023 51518 40495 41214 50320 42798 33650 27299 47876 58740 49752 46755 46296 55126 59123 49376 38870 43335 54526 45629 43574 26779 39511 45573
45862 36041 22123 35186 47534 62173 57193 39801 36945 42454 37933 42380 30179 29545 27364 42247 54814 41698 26849 18232 34538 32667 52248 48452 37190 27365 27283 32628 30391 33241 32250 42816 50921 43578 34204 42178 53687 61619 51672 48194 47372 50639 48448 51884 44572 45924 33811 31677 36286 46181 31993 30145 27915 37393 47905 53321 56650 49420 40329 49288 47979 39180 31575 32994 53282 49287 51549 33278 40654 42294 44083 42054 32649 25993 44113 43472 50888 49226 46493 27321 35413 40167 45764 52840 45656 49730 55197 56350 40732 45022 40148 40012 30113 38207 40084 39560 25153 26560 17253 35997 44996 48873 40921 40576 44509 44308 50096 46015 34681 33167 43146 60138 59337 42890 50458 46718 58090 44917 40634 43740 54757 52186 34197 23662 29554 46773
37629 37260 33841 27263 45809 56186 48765 37792 30845 44393 36301 28917 26957 22513 37553 44389 49266 45039 31928 30938 25798 40925 56073 62409 42590 28692 38457 40705 49149 38365 45467 47660 51872 43917 37630 33792 37285 36231 33505 34369 41901 40573 44856 48121 46165 41071 37231 32432 26601 42458 38521 25919 27530 41846 45828 45969 38984 46495 47461 40301 50648 40491 41508 35399 48007 60572 49481 31756 36721 48567 40397 32059 25928 25570 39217 54649 43805 42379 42445 32000 21209 36050 44614 40291 42020 34829 39596 40897 43449 40375 46188 36324 38887 36271 48208 38316 32113 29013 35201 36908 42923 44321 37977 32863 36662 38808 49833 47694 48821 47305 49392 45833 50101 45759 31446 39913 42980 46774 37807 41343 45359 34404 26532 26150 30248 32926
42897 43136 33074 32385 48173 49356 38925 41045 41652 36180 31681 28575 28757 42316 46872 46305 48646 55778 41981 35736 35067 36217 52400 55818 39741 22271 34975 51138 54719 50928 46839 45401 45701 54655 41463 37199 30949 26826 38105 40071 39185 33606 31756 34619 43949 37817 36766 34308 32630 33852 46006 37435 29697 33784 41377 34282 43272 49416 57799 49434 40595 43608 37442 33353 39106 52653 50454 30916 27162 39453 45361 32563 37121 37300 48534 53897 49769 41132 44428 40395 26725 19383 24712 41895 45689 48066 40732 40722 30233 25725 35799 47833 38918 51270 52512 49272 42205 43951 41141 35418 38255 36883 45555 39989 40371 43921 50107 42803 51386 44495 57320 52805 49796 34224 35434 29733 45544 55229 50612 46360 43891 32141 21741 29223 37759 42890
