1770 1806 1842 1878 1914 1950 1986 2022 2058 2094 2130 2166 2202 2238 2274 2310 2346 2382 2418 2454 2490 2526 2562 2598 2634 2670 2706 2742 2778 2814
2922 2958 2994 3030 3066 3102 3138 3174 3210 3246 3282 3318 3354 3390 3426 3462 3498 3534 3570 3606 3642 3678 3714 3750 3786 3822 3858 3894 3930 3966
4074 4110 4146 4182 4218 4254 4290 4326 4362 4398 4434 4470 4506 4542 4578 4614 4650 4686 4722 4758 4794 4830 4866 4902 4938 4974 5010 5046 5082 5118
5226 5262 5298 5334 5370 5406 5442 5478 5514 5550 5586 5622 5658 5694 5730 5766 5802 5838 5874 5910 5946 5982 6018 6054 6090 6126 6162 6198 6234 6270
6378 6414 6450 6486 6522 6558 6594 6630 6666 6702 6738 6774 6810 6846 6882 6918 6954 6990 7026 7062 7098 7134 7170 7206 7242 7278 7314 7350 7386 7422
7530 7566 7602 7638 7674 7710 7746 7782 7818 7854 7890 7926 7962 7998 8034 8070 8106 8142 8178 8214 8250 8286 8322 8358 8394 8430 8466 8502 8538 8574
8682 8718 8754 8790 8826 8862 8898 8934 8970 9006 9042 9078 9114 9150 9186 9222 9258 9294 9330 9366 9402 9438 9474 9510 9546 9582 9618 9654 9690 9726
9834 9870 9906 9942 9978 10014 10050 10086 10122 10158 10194 10230 10266 10302 10338 10374 10410 10446 10482 10518 10554 10590 10626 10662 10698 10734 10770 10806 10842 10878
10986 11022 11058 11094 11130 11166 11202 11238 11274 11310 11346 11382 11418 11454 11490 11526 11562 11598 11634 11670 11706 11742 11778 11814 11850 11886 11922 11958 11994 12030
12138 12174 12210 12246 12282 12318 12354 12390 12426 12462 12498 12534 12570 12606 12642 12678 12714 12750 12786 12822 12858 12894 12930 12966 13002 13038 13074 13110 13146 13182
13290 13326 13362 13398 13434 13470 13506 13542 13578 13614 13650 13686 13722 13758 13794 13830 13866 13902 13938 13974 14010 14046 14082 14118 14154 14190 14226 14262 14298 14334
14442 14478 14514 14550 14586 14622 14658 14694 14730 14766 14802 14838 14874 14910 14946 14982 15018 15054 15090 15126 15162 15198 15234 15270 15306 15342 15378 15414 15450 15486
15594 15630 15666 15702 15738 15774 15810 15846 15882 15918 15954 15990 16026 16062 16098 16134 16170 16206 16242 16278 16314 16350 16386 16422 16458 16494 16530 16566 16602 16638
16746 16782 16818 16854 16890 16926 16962 16998 17034 17070 17106 17142 17178 17214 17250 17286 17322 17358 17394 17430 17466 17502 17538 17574 17610 17646 17682 17718 17754 17790
17898 17934 17970 18006 18042 18078 18114 18150 18186 18222 18258 18294 18330 18366 18402 18438 18474 18510 18546 18582 18618 18654 18690 18726 18762 18798 18834 18870 18906 18942
19050 19086 19122 19158 19194 19230 19266 19302 19338 19374 19410 19446 19482 19518 19554 19590 19626 19662 19698 19734 19770 19806 19842 19878 19914 19950 19986 20022 20058 20094
20202 20238 20274 20310 20346 20382 20418 20454 20490 20526 20562 20598 20634 20670 20706 20742 20778 20814 20850 20886 20922 20958 20994 21030 21066 21102 21138 21174 21210 21246
21354 21390 21426 21462 21498 21534 21570 21606 21642 21678 21714 21750 21786 21822 21858 21894 21930 21966 22002 22038 22074 22110 22146 22182 22218 22254 22290 22326 22362 22398
22506 22542 22578 22614 22650 22686 22722 22758 22794 22830 22866 22902 22938 22974 23010 23046 23082 23118 23154 23190 23226 23262 23298 23334 23370 23406 23442 23478 23514 23550
23658 23694 23730 23766 23802 23838 23874 23910 23946 23982 24018 24054 24090 24126 24162 24198 24234 24270 24306 24342 24378 24414 24450 24486 24522 24558 24594 24630 24666 24702
24810 24846 24882 24918 24954 24990 25026 25062 25098 25134 25170 25206 25242 25278 25314 25350 25386 25422 25458 25494 25530 25566 25602 25638 25674 25710 25746 25782 25818 25854
25962 25998 26034 26070 26106 26142 26178 26214 26250 26286 26322 26358 26394 26430 26466 26502 26538 26574 26610 26646 26682 26718 26754 26790 26826 26862 26898 26934 26970 27006
27114 27150 27186 27222 27258 27294 27330 27366 27402 27438 27474 27510 27546 27582 27618 27654 27690 27726 27762 27798 27834 27870 27906 27942 27978 28014 28050 28086 28122 28158
28266 28302 28338 28374 28410 28446 28482 28518 28554 28590 28626 28662 28698 28734 28770 28806 28842 28878 28914 28950 28986 29022 29058 29094 29130 29166 29202 29238 29274 29310
29418 29454 29490 29526 29562 29598 29634 29670 29706 29742 29778 29814 29850 29886 29922 29958 29994 30030 30066 30102 30138 30174 30210 30246 30282 30318 30354 30390 30426 30462
30570 30606 30642 30678 30714 30750 30786 30822 30858 30894 30930 30966 31002 31038 31074 31110 31146 31182 31218 31254 31290 31326 31362 31398 31434 31470 31506 31542 31578 31614
31722 31758 31794 31830 31866 31902 31938 31974 32010 32046 32082 32118 32154 32190 32226 32262 32298 32334 32370 32406 32442 32478 32514 32550 32586 32622 32658 32694 32730 32766
32874 32910 32946 32982 33018 33054 33090 33126 33162 33198 33234 33270 33306 33342 33378 33414 33450 33486 33522 33558 33594 33630 33666 33702 33738 33774 33810 33846 33882 33918
34026 34062 34098 34134 34170 34206 34242 34278 34314 34350 34386 34422 34458 34494 34530 34566 34602 34638 34674 34710 34746 34782 34818 34854 34890 34926 34962 34998 35034 35070
35178 35214 35250 35286 35322 35358 35394 35430 35466 35502 35538 35574 35610 35646 35682 35718 35754 35790 35826 35862 35898 35934 35970 36006 36042 36078 36114 36150 36186 36222
4443 4560 4677 4794 4911 5028 5145 5262 5379 5496 5613 5730 5847 5964 6081 6198 6315 6432 6549 6666 6783 6900 7017 7134 7251 7368 7485 7602 7719 7836
8187 8304 8421 8538 8655 8772 8889 9006 9123 9240 9357 9474 9591 9708 9825 9942 10059 10176 10293 10410 10527 10644 10761 10878 10995 11112 11229 11346 11463 11580
11931 12048 12165 12282 12399 12516 12633 12750 12867 12984 13101 13218 13335 13452 13569 13686 13803 13920 14037 14154 14271 14388 14505 14622 14739 14856 14973 15090 15207 15324
15675 15792 15909 16026 16143 16260 16377 16494 16611 16728 16845 16962 17079 17196 17313 17430 17547 17664 17781 17898 18015 18132 18249 18366 18483 18600 18717 18834 18951 19068
19419 19536 19653 19770 19887 20004 20121 20238 20355 20472 20589 20706 20823 20940 21057 21174 21291 21408 21525 21642 21759 21876 21993 22110 22227 22344 22461 22578 22695 22812
23163 23280 23397 23514 23631 23748 23865 23982 24099 24216 24333 24450 24567 24684 24801 24918 25035 25152 25269 25386 25503 25620 25737 25854 25971 26088 26205 26322 26439 26556
26907 27024 27141 27258 27375 27492 27609 27726 27843 27960 28077 28194 28311 28428 28545 28662 28779 28896 29013 29130 29247 29364 29481 29598 29715 29832 29949 30066 30183 30300
30651 30768 30885 31002 31119 31236 31353 31470 31587 31704 31821 31938 32055 32172 32289 32406 32523 32640 32757 32874 32991 33108 33225 33342 33459 33576 33693 33810 33927 34044
34395 34512 34629 34746 34863 34980 35097 35214 35331 35448 35565 35682 35799 35916 36033 36150 36267 36384 36501 36618 36735 36852 36969 37086 37203 37320 37437 37554 37671 37788
38139 38256 38373 38490 38607 38724 38841 38958 39075 39192 39309 39426 39543 39660 39777 39894 40011 40128 40245 40362 40479 40596 40713 40830 40947 41064 41181 41298 41415 41532
41883 42000 42117 42234 42351 42468 42585 42702 42819 42936 43053 43170 43287 43404 43521 43638 43755 43872 43989 44106 44223 44340 44457 44574 44691 44808 44925 45042 45159 45276
45627 45744 45861 45978 46095 46212 46329 46446 46563 46680 46797 46914 47031 47148 47265 47382 47499 47616 47733 47850 47967 48084 48201 48318 48435 48552 48669 48786 48903 49020
49371 49488 49605 49722 49839 49956 50073 50190 50307 50424 50541 50658 50775 50892 51009 51126 51243 51360 51477 51594 51711 51828 51945 52062 52179 52296 52413 52530 52647 52764
53115 53232 53349 53466 53583 53700 53817 53934 54051 54168 54285 54402 54519 54636 54753 54870 54987 55104 55221 55338 55455 55572 55689 55806 55923 56040 56157 56274 56391 56508
56859 56976 57093 57210 57327 57444 57561 57678 57795 57912 58029 58146 58263 58380 58497 58614 58731 58848 58965 59082 59199 59316 59433 59550 59667 59784 59901 60018 60135 60252
60603 60720 60837 60954 61071 61188 61305 61422 61539 61656 61773 61890 62007 62124 62241 62358 62475 62592 62709 62826 62943 63060 63177 63294 63411 63528 63645 63762 63879 63996
64347 64464 64581 64698 64815 64932 65049 65166 65283 65400 65517 65634 65751 65868 65985 66102 66219 66336 66453 66570 66687 66804 66921 67038 67155 67272 67389 67506 67623 67740
68091 68208 68325 68442 68559 68676 68793 68910 69027 69144 69261 69378 69495 69612 69729 69846 69963 70080 70197 70314 70431 70548 70665 70782 70899 71016 71133 71250 71367 71484
71835 71952 72069 72186 72303 72420 72537 72654 72771 72888 73005 73122 73239 73356 73473 73590 73707 73824 73941 74058 74175 74292 74409 74526 74643 74760 74877 74994 75111 75228
75579 75696 75813 75930 76047 76164 76281 76398 76515 76632 76749 76866 76983 77100 77217 77334 77451 77568 77685 77802 77919 78036 78153 78270 78387 78504 78621 78738 78855 78972
79323 79440 79557 79674 79791 79908 80025 80142 80259 80376 80493 80610 80727 80844 80961 81078 81195 81312 81429 81546 81663 81780 81897 82014 82131 82248 82365 82482 82599 82716
83067 83184 83301 83418 83535 83652 83769 83886 84003 84120 84237 84354 84471 84588 84705 84822 84939 85056 85173 85290 85407 85524 85641 85758 85875 85992 86109 86226 86343 86460
86811 86928 87045 87162 87279 87396 87513 87630 87747 87864 87981 88098 88215 88332 88449 88566 88683 88800 88917 89034 89151 89268 89385 89502 89619 89736 89853 89970 90087 90204
90555 90672 90789 90906 91023 91140 91257 91374 91491 91608 91725 91842 91959 92076 92193 92310 92427 92544 92661 92778 92895 93012 93129 93246 93363 93480 93597 93714 93831 93948
94299 94416 94533 94650 94767 94884 95001 95118 95235 95352 95469 95586 95703 95820 95937 96054 96171 96288 96405 96522 96639 96756 96873 96990 97107 97224 97341 97458 97575 97692
98043 98160 98277 98394 98511 98628 98745 98862 98979 99096 99213 99330 99447 99564 99681 99798 99915 100032 100149 100266 100383 100500 100617 100734 100851 100968 101085 101202 101319 101436
101787 101904 102021 102138 102255 102372 102489 102606 102723 102840 102957 103074 103191 103308 103425 103542 103659 103776 103893 104010 104127 104244 104361 104478 104595 104712 104829 104946 105063 105180
105531 105648 105765 105882 105999 106116 106233 106350 106467 106584 106701 106818 106935 107052 107169 107286 107403 107520 107637 107754 107871 107988 108105 108222 108339 108456 108573 108690 108807 108924
109275 109392 109509 109626 109743 109860 109977 110094 110211 110328 110445 110562 110679 110796 110913 111030 111147 111264 111381 111498 111615 111732 111849 111966 112083 112200 112317 112434 112551 112668
113019 113136 113253 113370 113487 113604 113721 113838 113955 114072 114189 114306 114423 114540 114657 114774 114891 115008 115125 115242 115359 115476 115593 115710 115827 115944 116061 116178 116295 116412
