1770.000000 1806.000000 1842.000000 1878.000000 1914.000000 1950.000000 1986.000000 2022.000000 2058.000000 2094.000000 2130.000000 2166.000000 2202.000000 2238.000000 2274.000000 2310.000000 2346.000000 2382.000000 2418.000000 2454.000000 2490.000000 2526.000000 2562.000000 2598.000000 2634.000000 2670.000000 2706.000000 2742.000000 2778.000000 2814.000000
2922.000000 2958.000000 2994.000000 3030.000000 3066.000000 3102.000000 3138.000000 3174.000000 3210.000000 3246.000000 3282.000000 3318.000000 3354.000000 3390.000000 3426.000000 3462.000000 3498.000000 3534.000000 3570.000000 3606.000000 3642.000000 3678.000000 3714.000000 3750.000000 3786.000000 3822.000000 3858.000000 3894.000000 3930.000000 3966.000000
4074.000000 4110.000000 4146.000000 4182.000000 4218.000000 4254.000000 4290.000000 4326.000000 4362.000000 4398.000000 4434.000000 4470.000000 4506.000000 4542.000000 4578.000000 4614.000000 4650.000000 4686.000000 4722.000000 4758.000000 4794.000000 4830.000000 4866.000000 4902.000000 4938.000000 4974.000000 5010.000000 5046.000000 5082.000000 5118.000000
5226.000000 5262.000000 5298.000000 5334.000000 5370.000000 5406.000000 5442.000000 5478.000000 5514.000000 5550.000000 5586.000000 5622.000000 5658.000000 5694.000000 5730.000000 5766.000000 5802.000000 5838.000000 5874.000000 5910.000000 5946.000000 5982.000000 6018.000000 6054.000000 6090.000000 6126.000000 6162.000000 6198.000000 6234.000000 6270.000000
6378.000000 6414.000000 6450.000000 6486.000000 6522.000000 6558.000000 6594.000000 6630.000000 6666.000000 6702.000000 6738.000000 6774.000000 6810.000000 6846.000000 6882.000000 6918.000000 6954.000000 6990.000000 7026.000000 7062.000000 7098.000000 7134.000000 7170.000000 7206.000000 7242.000000 7278.000000 7314.000000 7350.000000 7386.000000 7422.000000
7530.000000 7566.000000 7602.000000 7638.000000 7674.000000 7710.000000 7746.000000 7782.000000 7818.000000 7854.000000 7890.000000 7926.000000 7962.000000 7998.000000 8034.000000 8070.000000 8106.000000 8142.000000 8178.000000 8214.000000 8250.000000 8286.000000 8322.000000 8358.000000 8394.000000 8430.000000 8466.000000 8502.000000 8538.000000 8574.000000
8682.000000 8718.000000 8754.000000 8790.000000 8826.000000 8862.000000 8898.000000 8934.000000 8970.000000 9006.000000 9042.000000 9078.000000 9114.000000 9150.000000 9186.000000 9222.000000 9258.000000 9294.000000 9330.000000 9366.000000 9402.000000 9438.000000 9474.000000 9510.000000 9546.000000 9582.000000 9618.000000 9654.000000 9690.000000 9726.000000
9834.000000 9870.000000 9906.000000 9942.000000 9978.000000 10014.000000 10050.000000 10086.000000 10122.000000 10158.000000 10194.000000 10230.000000 10266.000000 10302.000000 10338.000000 10374.000000 10410.000000 10446.000000 10482.000000 10518.000000 10554.000000 10590.000000 10626.000000 10662.000000 10698.000000 10734.000000 10770.000000 10806.000000 10842.000000 10878.000000
10986.000000 11022.000000 11058.000000 11094.000000 11130.000000 11166.000000 11202.000000 11238.000000 11274.000000 11310.000000 11346.000000 11382.000000 11418.000000 11454.000000 11490.000000 11526.000000 11562.000000 11598.000000 11634.000000 11670.000000 11706.000000 11742.000000 11778.000000 11814.000000 11850.000000 11886.000000 11922.000000 11958.000000 11994.000000 12030.000000
12138.000000 12174.000000 12210.000000 12246.000000 12282.000000 12318.000000 12354.000000 12390.000000 12426.000000 12462.000000 12498.000000 12534.000000 12570.000000 12606.000000 12642.000000 12678.000000 12714.000000 12750.000000 12786.000000 12822.000000 12858.000000 12894.000000 12930.000000 12966.000000 13002.000000 13038.000000 13074.000000 13110.000000 13146.000000 13182.000000
13290.000000 13326.000000 13362.000000 13398.000000 13434.000000 13470.000000 13506.000000 13542.000000 13578.000000 13614.000000 13650.000000 13686.000000 13722.000000 13758.000000 13794.000000 13830.000000 13866.000000 13902.000000 13938.000000 13974.000000 14010.000000 14046.000000 14082.000000 14118.000000 14154.000000 14190.000000 14226.000000 14262.000000 14298.000000 14334.000000
14442.000000 14478.000000 14514.000000 14550.000000 14586.000000 14622.000000 14658.000000 14694.000000 14730.000000 14766.000000 14802.000000 14838.000000 14874.000000 14910.000000 14946.000000 14982.000000 15018.000000 15054.000000 15090.000000 15126.000000 15162.000000 15198.000000 15234.000000 15270.000000 15306.000000 15342.000000 15378.000000 15414.000000 15450.000000 15486.000000
15594.000000 15630.000000 15666.000000 15702.000000 15738.000000 15774.000000 15810.000000 15846.000000 15882.000000 15918.000000 15954.000000 15990.000000 16026.000000 16062.000000 16098.000000 16134.000000 16170.000000 16206.000000 16242.000000 16278.000000 16314.000000 16350.000000 16386.000000 16422.000000 16458.000000 16494.000000 16530.000000 16566.000000 16602.000000 16638.000000
16746.000000 16782.000000 16818.000000 16854.000000 16890.000000 16926.000000 16962.000000 16998.000000 17034.000000 17070.000000 17106.000000 17142.000000 17178.000000 17214.000000 17250.000000 17286.000000 17322.000000 17358.000000 17394.000000 17430.000000 17466.000000 17502.000000 17538.000000 17574.000000 17610.000000 17646.000000 17682.000000 17718.000000 17754.000000 17790.000000
17898.000000 17934.000000 17970.000000 18006.000000 18042.000000 18078.000000 18114.000000 18150.000000 18186.000000 18222.000000 18258.000000 18294.000000 18330.000000 18366.000000 18402.000000 18438.000000 18474.000000 18510.000000 18546.000000 18582.000000 18618.000000 18654.000000 18690.000000 18726.000000 18762.000000 18798.000000 18834.000000 18870.000000 18906.000000 18942.000000
19050.000000 19086.000000 19122.000000 19158.000000 19194.000000 19230.000000 19266.000000 19302.000000 19338.000000 19374.000000 19410.000000 19446.000000 19482.000000 19518.000000 19554.000000 19590.000000 19626.000000 19662.000000 19698.000000 19734.000000 19770.000000 19806.000000 19842.000000 19878.000000 19914.000000 19950.000000 19986.000000 20022.000000 20058.000000 20094.000000
20202.000000 20238.000000 20274.000000 20310.000000 20346.000000 20382.000000 20418.000000 20454.000000 20490.000000 20526.000000 20562.000000 20598.000000 20634.000000 20670.000000 20706.000000 20742.000000 20778.000000 20814.000000 20850.000000 20886.000000 20922.000000 20958.000000 20994.000000 21030.000000 21066.000000 21102.000000 21138.000000 21174.000000 21210.000000 21246.000000
21354.000000 21390.000000 21426.000000 21462.000000 21498.000000 21534.000000 21570.000000 21606.000000 21642.000000 21678.000000 21714.000000 21750.000000 21786.000000 21822.000000 21858.000000 21894.000000 21930.000000 21966.000000 22002.000000 22038.000000 22074.000000 22110.000000 22146.000000 22182.000000 22218.000000 22254.000000 22290.000000 22326.000000 22362.000000 22398.000000
22506.000000 22542.000000 22578.000000 22614.000000 22650.000000 22686.000000 22722.000000 22758.000000 22794.000000 22830.000000 22866.000000 22902.000000 22938.000000 22974.000000 23010.000000 23046.000000 23082.000000 23118.000000 23154.000000 23190.000000 23226.000000 23262.000000 23298.000000 23334.000000 23370.000000 23406.000000 23442.000000 23478.000000 23514.000000 23550.000000
23658.000000 23694.000000 23730.000000 23766.000000 23802.000000 23838.000000 23874.000000 23910.000000 23946.000000 23982.000000 24018.000000 24054.000000 24090.000000 24126.000000 24162.000000 24198.000000 24234.000000 24270.000000 24306.000000 24342.000000 24378.000000 24414.000000 24450.000000 24486.000000 24522.000000 24558.000000 24594.000000 24630.000000 24666.000000 24702.000000
24810.000000 24846.000000 24882.000000 24918.000000 24954.000000 24990.000000 25026.000000 25062.000000 25098.000000 25134.000000 25170.000000 25206.000000 25242.000000 25278.000000 25314.000000 25350.000000 25386.000000 25422.000000 25458.000000 25494.000000 25530.000000 25566.000000 25602.000000 25638.000000 25674.000000 25710.000000 25746.000000 25782.000000 25818.000000 25854.000000
25962.000000 25998.000000 26034.000000 26070.000000 26106.000000 26142.000000 26178.000000 26214.000000 26250.000000 26286.000000 26322.000000 26358.000000 26394.000000 26430.000000 26466.000000 26502.000000 26538.000000 26574.000000 26610.000000 26646.000000 26682.000000 26718.000000 26754.000000 26790.000000 26826.000000 26862.000000 26898.000000 26934.000000 26970.000000 27006.000000
27114.000000 27150.000000 27186.000000 27222.000000 27258.000000 27294.000000 27330.000000 27366.000000 27402.000000 27438.000000 27474.000000 27510.000000 27546.000000 27582.000000 27618.000000 27654.000000 27690.000000 27726.000000 27762.000000 27798.000000 27834.000000 27870.000000 27906.000000 27942.000000 27978.000000 28014.000000 28050.000000 28086.000000 28122.000000 28158.000000
28266.000000 28302.000000 28338.000000 28374.000000 28410.000000 28446.000000 28482.000000 28518.000000 28554.000000 28590.000000 28626.000000 28662.000000 28698.000000 28734.000000 28770.000000 28806.000000 28842.000000 28878.000000 28914.000000 28950.000000 28986.000000 29022.000000 29058.000000 29094.000000 29130.000000 29166.000000 29202.000000 29238.000000 29274.000000 29310.000000
29418.000000 29454.000000 29490.000000 29526.000000 29562.000000 29598.000000 29634.000000 29670.000000 29706.000000 29742.000000 29778.000000 29814.000000 29850.000000 29886.000000 29922.000000 29958.000000 29994.000000 30030.000000 30066.000000 30102.000000 30138.000000 30174.000000 30210.000000 30246.000000 30282.000000 30318.000000 30354.000000 30390.000000 30426.000000 30462.000000
30570.000000 30606.000000 30642.000000 30678.000000 30714.000000 30750.000000 30786.000000 30822.000000 30858.000000 30894.000000 30930.000000 30966.000000 31002.000000 31038.000000 31074.000000 31110.000000 31146.000000 31182.000000 31218.000000 31254.000000 31290.000000 31326.000000 31362.000000 31398.000000 31434.000000 31470.000000 31506.000000 31542.000000 31578.000000 31614.000000
31722.000000 31758.000000 31794.000000 31830.000000 31866.000000 31902.000000 31938.000000 31974.000000 32010.000000 32046.000000 32082.000000 32118.000000 32154.000000 32190.000000 32226.000000 32262.000000 32298.000000 32334.000000 32370.000000 32406.000000 32442.000000 32478.000000 32514.000000 32550.000000 32586.000000 32622.000000 32658.000000 32694.000000 32730.000000 32766.000000
32874.000000 32910.000000 32946.000000 32982.000000 33018.000000 33054.000000 33090.000000 33126.000000 33162.000000 33198.000000 33234.000000 33270.000000 33306.000000 33342.000000 33378.000000 33414.000000 33450.000000 33486.000000 33522.000000 33558.000000 33594.000000 33630.000000 33666.000000 33702.000000 33738.000000 33774.000000 33810.000000 33846.000000 33882.000000 33918.000000
34026.000000 34062.000000 34098.000000 34134.000000 34170.000000 34206.000000 34242.000000 34278.000000 34314.000000 34350.000000 34386.000000 34422.000000 34458.000000 34494.000000 34530.000000 34566.000000 34602.000000 34638.000000 34674.000000 34710.000000 34746.000000 34782.000000 34818.000000 34854.000000 34890.000000 34926.000000 34962.000000 34998.000000 35034.000000 35070.000000
35178.000000 35214.000000 35250.000000 35286.000000 35322.000000 35358.000000 35394.000000 35430.000000 35466.000000 35502.000000 35538.000000 35574.000000 35610.000000 35646.000000 35682.000000 35718.000000 35754.000000 35790.000000 35826.000000 35862.000000 35898.000000 35934.000000 35970.000000 36006.000000 36042.000000 36078.000000 36114.000000 36150.000000 36186.000000 36222.000000
4443.000000 4560.000000 4677.000000 4794.000000 4911.000000 5028.000000 5145.000000 5262.000000 5379.000000 5496.000000 5613.000000 5730.000000 5847.000000 5964.000000 6081.000000 6198.000000 6315.000000 6432.000000 6549.000000 6666.000000 6783.000000 6900.000000 7017.000000 7134.000000 7251.000000 7368.000000 7485.000000 7602.000000 7719.000000 7836.000000
8187.000000 8304.000000 8421.000000 8538.000000 8655.000000 8772.000000 8889.000000 9006.000000 9123.000000 9240.000000 9357.000000 9474.000000 9591.000000 9708.000000 9825.000000 9942.000000 10059.000000 10176.000000 10293.000000 10410.000000 10527.000000 10644.000000 10761.000000 10878.000000 10995.000000 11112.000000 11229.000000 11346.000000 11463.000000 11580.000000
11931.000000 12048.000000 12165.000000 12282.000000 12399.000000 12516.000000 12633.000000 12750.000000 12867.000000 12984.000000 13101.000000 13218.000000 13335.000000 13452.000000 13569.000000 13686.000000 13803.000000 13920.000000 14037.000000 14154.000000 14271.000000 14388.000000 14505.000000 14622.000000 14739.000000 14856.000000 14973.000000 15090.000000 15207.000000 15324.000000
15675.000000 15792.000000 15909.000000 16026.000000 16143.000000 16260.000000 16377.000000 16494.000000 16611.000000 16728.000000 16845.000000 16962.000000 17079.000000 17196.000000 17313.000000 17430.000000 17547.000000 17664.000000 17781.000000 17898.000000 18015.000000 18132.000000 18249.000000 18366.000000 18483.000000 18600.000000 18717.000000 18834.000000 18951.000000 19068.000000
19419.000000 19536.000000 19653.000000 19770.000000 19887.000000 20004.000000 20121.000000 20238.000000 20355.000000 20472.000000 20589.000000 20706.000000 20823.000000 20940.000000 21057.000000 21174.000000 21291.000000 21408.000000 21525.000000 21642.000000 21759.000000 21876.000000 21993.000000 22110.000000 22227.000000 22344.000000 22461.000000 22578.000000 22695.000000 22812.000000
23163.000000 23280.000000 23397.000000 23514.000000 23631.000000 23748.000000 23865.000000 23982.000000 24099.000000 24216.000000 24333.000000 24450.000000 24567.000000 24684.000000 24801.000000 24918.000000 25035.000000 25152.000000 25269.000000 25386.000000 25503.000000 25620.000000 25737.000000 25854.000000 25971.000000 26088.000000 26205.000000 26322.000000 26439.000000 26556.000000
26907.000000 27024.000000 27141.000000 27258.000000 27375.000000 27492.000000 27609.000000 27726.000000 27843.000000 27960.000000 28077.000000 28194.000000 28311.000000 28428.000000 28545.000000 28662.000000 28779.000000 28896.000000 29013.000000 29130.000000 29247.000000 29364.000000 29481.000000 29598.000000 29715.000000 29832.000000 29949.000000 30066.000000 30183.000000 30300.000000
30651.000000 30768.000000 30885.000000 31002.000000 31119.000000 31236.000000 31353.000000 31470.000000 31587.000000 31704.000000 31821.000000 31938.000000 32055.000000 32172.000000 32289.000000 32406.000000 32523.000000 32640.000000 32757.000000 32874.000000 32991.000000 33108.000000 33225.000000 33342.000000 33459.000000 33576.000000 33693.000000 33810.000000 33927.000000 34044.000000
34395.000000 34512.000000 34629.000000 34746.000000 34863.000000 34980.000000 35097.000000 35214.000000 35331.000000 35448.000000 35565.000000 35682.000000 35799.000000 35916.000000 36033.000000 36150.000000 36267.000000 36384.000000 36501.000000 36618.000000 36735.000000 36852.000000 36969.000000 37086.000000 37203.000000 37320.000000 37437.000000 37554.000000 37671.000000 37788.000000
38139.000000 38256.000000 38373.000000 38490.000000 38607.000000 38724.000000 38841.000000 38958.000000 39075.000000 39192.000000 39309.000000 39426.000000 39543.000000 39660.000000 39777.000000 39894.000000 40011.000000 40128.000000 40245.000000 40362.000000 40479.000000 40596.000000 40713.000000 40830.000000 40947.000000 41064.000000 41181.000000 41298.000000 41415.000000 41532.000000
41883.000000 42000.000000 42117.000000 42234.000000 42351.000000 42468.000000 42585.000000 42702.000000 42819.000000 42936.000000 43053.000000 43170.000000 43287.000000 43404.000000 43521.000000 43638.000000 43755.000000 43872.000000 43989.000000 44106.000000 44223.000000 44340.000000 44457.000000 44574.000000 44691.000000 44808.000000 44925.000000 45042.000000 45159.000000 45276.000000
45627.000000 45744.000000 45861.000000 45978.000000 46095.000000 46212.000000 46329.000000 46446.000000 46563.000000 46680.000000 46797.000000 46914.000000 47031.000000 47148.000000 47265.000000 47382.000000 47499.000000 47616.000000 47733.000000 47850.000000 47967.000000 48084.000000 48201.000000 48318.000000 48435.000000 48552.000000 48669.000000 48786.000000 48903.000000 49020.000000
49371.000000 49488.000000 49605.000000 49722.000000 49839.000000 49956.000000 50073.000000 50190.000000 50307.000000 50424.000000 50541.000000 50658.000000 50775.000000 50892.000000 51009.000000 51126.000000 51243.000000 51360.000000 51477.000000 51594.000000 51711.000000 51828.000000 51945.000000 52062.000000 52179.000000 52296.000000 52413.000000 52530.000000 52647.000000 52764.000000
53115.000000 53232.000000 53349.000000 53466.000000 53583.000000 53700.000000 53817.000000 53934.000000 54051.000000 54168.000000 54285.000000 54402.000000 54519.000000 54636.000000 54753.000000 54870.000000 54987.000000 55104.000000 55221.000000 55338.000000 55455.000000 55572.000000 55689.000000 55806.000000 55923.000000 56040.000000 56157.000000 56274.000000 56391.000000 56508.000000
56859.000000 56976.000000 57093.000000 57210.000000 57327.000000 57444.000000 57561.000000 57678.000000 57795.000000 57912.000000 58029.000000 58146.000000 58263.000000 58380.000000 58497.000000 58614.000000 58731.000000 58848.000000 58965.000000 59082.000000 59199.000000 59316.000000 59433.000000 59550.000000 59667.000000 59784.000000 59901.000000 60018.000000 60135.000000 60252.000000
60603.000000 60720.000000 60837.000000 60954.000000 61071.000000 61188.000000 61305.000000 61422.000000 61539.000000 61656.000000 61773.000000 61890.000000 62007.000000 62124.000000 62241.000000 62358.000000 62475.000000 62592.000000 62709.000000 62826.000000 62943.000000 63060.000000 63177.000000 63294.000000 63411.000000 63528.000000 63645.000000 63762.000000 63879.000000 63996.000000
64347.000000 64464.000000 64581.000000 64698.000000 64815.000000 64932.000000 65049.000000 65166.000000 65283.000000 65400.000000 65517.000000 65634.000000 65751.000000 65868.000000 65985.000000 66102.000000 66219.000000 66336.000000 66453.000000 66570.000000 66687.000000 66804.000000 66921.000000 67038.000000 67155.000000 67272.000000 67389.000000 67506.000000 67623.000000 67740.000000
68091.000000 68208.000000 68325.000000 68442.000000 68559.000000 68676.000000 68793.000000 68910.000000 69027.000000 69144.000000 69261.000000 69378.000000 69495.000000 69612.000000 69729.000000 69846.000000 69963.000000 70080.000000 70197.000000 70314.000000 70431.000000 70548.000000 70665.000000 70782.000000 70899.000000 71016.000000 71133.000000 71250.000000 71367.000000 71484.000000
71835.000000 71952.000000 72069.000000 72186.000000 72303.000000 72420.000000 72537.000000 72654.000000 72771.000000 72888.000000 73005.000000 73122.000000 73239.000000 73356.000000 73473.000000 73590.000000 73707.000000 73824.000000 73941.000000 74058.000000 74175.000000 74292.000000 74409.000000 74526.000000 74643.000000 74760.000000 74877.000000 74994.000000 75111.000000 75228.000000
75579.000000 75696.000000 75813.000000 75930.000000 76047.000000 76164.000000 76281.000000 76398.000000 76515.000000 76632.000000 76749.000000 76866.000000 76983.000000 77100.000000 77217.000000 77334.000000 77451.000000 77568.000000 77685.000000 77802.000000 77919.000000 78036.000000 78153.000000 78270.000000 78387.000000 78504.000000 78621.000000 78738.000000 78855.000000 78972.000000
79323.000000 79440.000000 79557.000000 79674.000000 79791.000000 79908.000000 80025.000000 80142.000000 80259.000000 80376.000000 80493.000000 80610.000000 80727.000000 80844.000000 80961.000000 81078.000000 81195.000000 81312.000000 81429.000000 81546.000000 81663.000000 81780.000000 81897.000000 82014.000000 82131.000000 82248.000000 82365.000000 82482.000000 82599.000000 82716.000000
83067.000000 83184.000000 83301.000000 83418.000000 83535.000000 83652.000000 83769.000000 83886.000000 84003.000000 84120.000000 84237.000000 84354.000000 84471.000000 84588.000000 84705.000000 84822.000000 84939.000000 85056.000000 85173.000000 85290.000000 85407.000000 85524.000000 85641.000000 85758.000000 85875.000000 85992.000000 86109.000000 86226.000000 86343.000000 86460.000000
86811.000000 86928.000000 87045.000000 87162.000000 87279.000000 87396.000000 87513.000000 87630.000000 87747.000000 87864.000000 87981.000000 88098.000000 88215.000000 88332.000000 88449.000000 88566.000000 88683.000000 88800.000000 88917.000000 89034.000000 89151.000000 89268.000000 89385.000000 89502.000000 89619.000000 89736.000000 89853.000000 89970.000000 90087.000000 90204.000000
90555.000000 90672.000000 90789.000000 90906.000000 91023.000000 91140.000000 91257.000000 91374.000000 91491.000000 91608.000000 91725.000000 91842.000000 91959.000000 92076.000000 92193.000000 92310.000000 92427.000000 92544.000000 92661.000000 92778.000000 92895.000000 93012.000000 93129.000000 93246.000000 93363.000000 93480.000000 93597.000000 93714.000000 93831.000000 93948.000000
94299.000000 94416.000000 94533.000000 94650.000000 94767.000000 94884.000000 95001.000000 95118.000000 95235.000000 95352.000000 95469.000000 95586.000000 95703.000000 95820.000000 95937.000000 96054.000000 96171.000000 96288.000000 96405.000000 96522.000000 96639.000000 96756.000000 96873.000000 96990.000000 97107.000000 97224.000000 97341.000000 97458.000000 97575.000000 97692.000000
98043.000000 98160.000000 98277.000000 98394.000000 98511.000000 98628.000000 98745.000000 98862.000000 98979.000000 99096.000000 99213.000000 99330.000000 99447.000000 99564.000000 99681.000000 99798.000000 99915.000000 100032.000000 100149.000000 100266.000000 100383.000000 100500.000000 100617.000000 100734.000000 100851.000000 100968.000000 101085.000000 101202.000000 101319.000000 101436.000000
101787.000000 101904.000000 102021.000000 102138.000000 102255.000000 102372.000000 102489.000000 102606.000000 102723.000000 102840.000000 102957.000000 103074.000000 103191.000000 103308.000000 103425.000000 103542.000000 103659.000000 103776.000000 103893.000000 104010.000000 104127.000000 104244.000000 104361.000000 104478.000000 104595.000000 104712.000000 104829.000000 104946.000000 105063.000000 105180.000000
105531.000000 105648.000000 105765.000000 105882.000000 105999.000000 106116.000000 106233.000000 106350.000000 106467.000000 106584.000000 106701.000000 106818.000000 106935.000000 107052.000000 107169.000000 107286.000000 107403.000000 107520.000000 107637.000000 107754.000000 107871.000000 107988.000000 108105.000000 108222.000000 108339.000000 108456.000000 108573.000000 108690.000000 108807.000000 108924.000000
109275.000000 109392.000000 109509.000000 109626.000000 109743.000000 109860.000000 109977.000000 110094.000000 110211.000000 110328.000000 110445.000000 110562.000000 110679.000000 110796.000000 110913.000000 111030.000000 111147.000000 111264.000000 111381.000000 111498.000000 111615.000000 111732.000000 111849.000000 111966.000000 112083.000000 112200.000000 112317.000000 112434.000000 112551.000000 112668.000000
113019.000000 113136.000000 113253.000000 113370.000000 113487.000000 113604.000000 113721.000000 113838.000000 113955.000000 114072.000000 114189.000000 114306.000000 114423.000000 114540.000000 114657.000000 114774.000000 114891.000000 115008.000000 115125.000000 115242.000000 115359.000000 115476.000000 115593.000000 115710.000000 115827.000000 115944.000000 116061.000000 116178.000000 116295.000000 116412.000000
