453120 462336 471552 480768 489984 499200 508416 517632 526848 536064 545280 554496 563712 572928 582144 591360 600576 609792 619008 628224 637440 646656 655872 665088 674304 683520 692736 701952 711168 720384
748032 757248 766464 775680 784896 794112 803328 812544 821760 830976 840192 849408 858624 867840 877056 886272 895488 904704 913920 923136 932352 941568 950784 960000 969216 978432 987648 996864 1006080 1015296
1042944 1052160 1061376 1070592 1079808 1089024 1098240 1107456 1116672 1125888 1135104 1144320 1153536 1162752 1171968 1181184 1190400 1199616 1208832 1218048 1227264 1236480 1245696 1254912 1264128 1273344 1282560 1291776 1300992 1310208
1337856 1347072 1356288 1365504 1374720 1383936 1393152 1402368 1411584 1420800 1430016 1439232 1448448 1457664 1466880 1476096 1485312 1494528 1503744 1512960 1522176 1531392 1540608 1549824 1559040 1568256 1577472 1586688 1595904 1605120
1632768 1641984 1651200 1660416 1669632 1678848 1688064 1697280 1706496 1715712 1724928 1734144 1743360 1752576 1761792 1771008 1780224 1789440 1798656 1807872 1817088 1826304 1835520 1844736 1853952 1863168 1872384 1881600 1890816 1900032
1927680 1936896 1946112 1955328 1964544 1973760 1982976 1992192 2001408 2010624 2019840 2029056 2038272 2047488 2056704 2065920 2075136 2084352 2093568 2102784 2112000 2121216 2130432 2139648 2148864 2158080 2167296 2176512 2185728 2194944
2222592 2231808 2241024 2250240 2259456 2268672 2277888 2287104 2296320 2305536 2314752 2323968 2333184 2342400 2351616 2360832 2370048 2379264 2388480 2397696 2406912 2416128 2425344 2434560 2443776 2452992 2462208 2471424 2480640 2489856
2517504 2526720 2535936 2545152 2554368 2563584 2572800 2582016 2591232 2600448 2609664 2618880 2628096 2637312 2646528 2655744 2664960 2674176 2683392 2692608 2701824 2711040 2720256 2729472 2738688 2747904 2757120 2766336 2775552 2784768
2812416 2821632 2830848 2840064 2849280 2858496 2867712 2876928 2886144 2895360 2904576 2913792 2923008 2932224 2941440 2950656 2959872 2969088 2978304 2987520 2996736 3005952 3015168 3024384 3033600 3042816 3052032 3061248 3070464 3079680
3107328 3116544 3125760 3134976 3144192 3153408 3162624 3171840 3181056 3190272 3199488 3208704 3217920 3227136 3236352 3245568 3254784 3264000 3273216 3282432 3291648 3300864 3310080 3319296 3328512 3337728 3346944 3356160 3365376 3374592
3402240 3411456 3420672 3429888 3439104 3448320 3457536 3466752 3475968 3485184 3494400 3503616 3512832 3522048 3531264 3540480 3549696 3558912 3568128 3577344 3586560 3595776 3604992 3614208 3623424 3632640 3641856 3651072 3660288 3669504
3697152 3706368 3715584 3724800 3734016 3743232 3752448 3761664 3770880 3780096 3789312 3798528 3807744 3816960 3826176 3835392 3844608 3853824 3863040 3872256 3881472 3890688 3899904 3909120 3918336 3927552 3936768 3945984 3955200 3964416
3992064 4001280 4010496 4019712 4028928 4038144 4047360 4056576 4065792 4075008 4084224 4093440 4102656 4111872 4121088 4130304 4139520 4148736 4157952 4167168 4176384 4185600 4194816 4204032 4213248 4222464 4231680 4240896 4250112 4259328
4286976 4296192 4305408 4314624 4323840 4333056 4342272 4351488 4360704 4369920 4379136 4388352 4397568 4406784 4416000 4425216 4434432 4443648 4452864 4462080 4471296 4480512 4489728 4498944 4508160 4517376 4526592 4535808 4545024 4554240
4581888 4591104 4600320 4609536 4618752 4627968 4637184 4646400 4655616 4664832 4674048 4683264 4692480 4701696 4710912 4720128 4729344 4738560 4747776 4756992 4766208 4775424 4784640 4793856 4803072 4812288 4821504 4830720 4839936 4849152
4876800 4886016 4895232 4904448 4913664 4922880 4932096 4941312 4950528 4959744 4968960 4978176 4987392 4996608 5005824 5015040 5024256 5033472 5042688 5051904 5061120 5070336 5079552 5088768 5097984 5107200 5116416 5125632 5134848 5144064
5171712 5180928 5190144 5199360 5208576 5217792 5227008 5236224 5245440 5254656 5263872 5273088 5282304 5291520 5300736 5309952 5319168 5328384 5337600 5346816 5356032 5365248 5374464 5383680 5392896 5402112 5411328 5420544 5429760 5438976
5466624 5475840 5485056 5494272 5503488 5512704 5521920 5531136 5540352 5549568 5558784 5568000 5577216 5586432 5595648 5604864 5614080 5623296 5632512 5641728 5650944 5660160 5669376 5678592 5687808 5697024 5706240 5715456 5724672 5733888
5761536 5770752 5779968 5789184 5798400 5807616 5816832 5826048 5835264 5844480 5853696 5862912 5872128 5881344 5890560 5899776 5908992 5918208 5927424 5936640 5945856 5955072 5964288 5973504 5982720 5991936 6001152 6010368 6019584 6028800
6056448 6065664 6074880 6084096 6093312 6102528 6111744 6120960 6130176 6139392 6148608 6157824 6167040 6176256 6185472 6194688 6203904 6213120 6222336 6231552 6240768 6249984 6259200 6268416 6277632 6286848 6296064 6305280 6314496 6323712
6351360 6360576 6369792 6379008 6388224 6397440 6406656 6415872 6425088 6434304 6443520 6452736 6461952 6471168 6480384 6489600 6498816 6508032 6517248 6526464 6535680 6544896 6554112 6563328 6572544 6581760 6590976 6600192 6609408 6618624
6646272 6655488 6664704 6673920 6683136 6692352 6701568 6710784 6720000 6729216 6738432 6747648 6756864 6766080 6775296 6784512 6793728 6802944 6812160 6821376 6830592 6839808 6849024 6858240 6867456 6876672 6885888 6895104 6904320 6913536
6941184 6950400 6959616 6968832 6978048 6987264 6996480 7005696 7014912 7024128 7033344 7042560 7051776 7060992 7070208 7079424 7088640 7097856 7107072 7116288 7125504 7134720 7143936 7153152 7162368 7171584 7180800 7190016 7199232 7208448
7236096 7245312 7254528 7263744 7272960 7282176 7291392 7300608 7309824 7319040 7328256 7337472 7346688 7355904 7365120 7374336 7383552 7392768 7401984 7411200 7420416 7429632 7438848 7448064 7457280 7466496 7475712 7484928 7494144 7503360
7531008 7540224 7549440 7558656 7567872 7577088 7586304 7595520 7604736 7613952 7623168 7632384 7641600 7650816 7660032 7669248 7678464 7687680 7696896 7706112 7715328 7724544 7733760 7742976 7752192 7761408 7770624 7779840 7789056 7798272
7825920 7835136 7844352 7853568 7862784 7872000 7881216 7890432 7899648 7908864 7918080 7927296 7936512 7945728 7954944 7964160 7973376 7982592 7991808 8001024 8010240 8019456 8028672 8037888 8047104 8056320 8065536 8074752 8083968 8093184
8120832 8130048 8139264 8148480 8157696 8166912 8176128 8185344 8194560 8203776 8212992 8222208 8231424 8240640 8249856 8259072 8268288 8277504 8286720 8295936 8305152 8314368 8323584 8332800 8342016 8351232 8360448 8369664 8378880 8388096
8415744 8424960 8434176 8443392 8452608 8461824 8471040 8480256 8489472 8498688 8507904 8517120 8526336 8535552 8544768 8553984 8563200 8572416 8581632 8590848 8600064 8609280 8618496 8627712 8636928 8646144 8655360 8664576 8673792 8683008
8710656 8719872 8729088 8738304 8747520 8756736 8765952 8775168 8784384 8793600 8802816 8812032 8821248 8830464 8839680 8848896 8858112 8867328 8876544 8885760 8894976 8904192 8913408 8922624 8931840 8941056 8950272 8959488 8968704 8977920
9005568 9014784 9024000 9033216 9042432 9051648 9060864 9070080 9079296 9088512 9097728 9106944 9116160 9125376 9134592 9143808 9153024 9162240 9171456 9180672 9189888 9199104 9208320 9217536 9226752 9235968 9245184 9254400 9263616 9272832
1137408 1167360 1197312 1227264 1257216 1287168 1317120 1347072 1377024 1406976 1436928 1466880 1496832 1526784 1556736 1586688 1616640 1646592 1676544 1706496 1736448 1766400 1796352 1826304 1856256 1886208 1916160 1946112 1976064 2006016
2095872 2125824 2155776 2185728 2215680 2245632 2275584 2305536 2335488 2365440 2395392 2425344 2455296 2485248 2515200 2545152 2575104 2605056 2635008 2664960 2694912 2724864 2754816 2784768 2814720 2844672 2874624 2904576 2934528 2964480
3054336 3084288 3114240 3144192 3174144 3204096 3234048 3264000 3293952 3323904 3353856 3383808 3413760 3443712 3473664 3503616 3533568 3563520 3593472 3623424 3653376 3683328 3713280 3743232 3773184 3803136 3833088 3863040 3892992 3922944
4012800 4042752 4072704 4102656 4132608 4162560 4192512 4222464 4252416 4282368 4312320 4342272 4372224 4402176 4432128 4462080 4492032 4521984 4551936 4581888 4611840 4641792 4671744 4701696 4731648 4761600 4791552 4821504 4851456 4881408
4971264 5001216 5031168 5061120 5091072 5121024 5150976 5180928 5210880 5240832 5270784 5300736 5330688 5360640 5390592 5420544 5450496 5480448 5510400 5540352 5570304 5600256 5630208 5660160 5690112 5720064 5750016 5779968 5809920 5839872
5929728 5959680 5989632 6019584 6049536 6079488 6109440 6139392 6169344 6199296 6229248 6259200 6289152 6319104 6349056 6379008 6408960 6438912 6468864 6498816 6528768 6558720 6588672 6618624 6648576 6678528 6708480 6738432 6768384 6798336
6888192 6918144 6948096 6978048 7008000 7037952 7067904 7097856 7127808 7157760 7187712 7217664 7247616 7277568 7307520 7337472 7367424 7397376 7427328 7457280 7487232 7517184 7547136 7577088 7607040 7636992 7666944 7696896 7726848 7756800
7846656 7876608 7906560 7936512 7966464 7996416 8026368 8056320 8086272 8116224 8146176 8176128 8206080 8236032 8265984 8295936 8325888 8355840 8385792 8415744 8445696 8475648 8505600 8535552 8565504 8595456 8625408 8655360 8685312 8715264
8805120 8835072 8865024 8894976 8924928 8954880 8984832 9014784 9044736 9074688 9104640 9134592 9164544 9194496 9224448 9254400 9284352 9314304 9344256 9374208 9404160 9434112 9464064 9494016 9523968 9553920 9583872 9613824 9643776 9673728
9763584 9793536 9823488 9853440 9883392 9913344 9943296 9973248 10003200 10033152 10063104 10093056 10123008 10152960 10182912 10212864 10242816 10272768 10302720 10332672 10362624 10392576 10422528 10452480 10482432 10512384 10542336 10572288 10602240 10632192
10722048 10752000 10781952 10811904 10841856 10871808 10901760 10931712 10961664 10991616 11021568 11051520 11081472 11111424 11141376 11171328 11201280 11231232 11261184 11291136 11321088 11351040 11380992 11410944 11440896 11470848 11500800 11530752 11560704 11590656
11680512 11710464 11740416 11770368 11800320 11830272 11860224 11890176 11920128 11950080 11980032 12009984 12039936 12069888 12099840 12129792 12159744 12189696 12219648 12249600 12279552 12309504 12339456 12369408 12399360 12429312 12459264 12489216 12519168 12549120
12638976 12668928 12698880 12728832 12758784 12788736 12818688 12848640 12878592 12908544 12938496 12968448 12998400 13028352 13058304 13088256 13118208 13148160 13178112 13208064 13238016 13267968 13297920 13327872 13357824 13387776 13417728 13447680 13477632 13507584
13597440 13627392 13657344 13687296 13717248 13747200 13777152 13807104 13837056 13867008 13896960 13926912 13956864 13986816 14016768 14046720 14076672 14106624 14136576 14166528 14196480 14226432 14256384 14286336 14316288 14346240 14376192 14406144 14436096 14466048
14555904 14585856 14615808 14645760 14675712 14705664 14735616 14765568 14795520 14825472 14855424 14885376 14915328 14945280 14975232 15005184 15035136 15065088 15095040 15124992 15154944 15184896 15214848 15244800 15274752 15304704 15334656 15364608 15394560 15424512
15514368 15544320 15574272 15604224 15634176 15664128 15694080 15724032 15753984 15783936 15813888 15843840 15873792 15903744 15933696 15963648 15993600 16023552 16053504 16083456 16113408 16143360 16173312 16203264 16233216 16263168 16293120 16323072 16353024 16382976
16472832 16502784 16532736 16562688 16592640 16622592 16652544 16682496 16712448 16742400 16772352 16802304 16832256 16862208 16892160 16922112 16952064 16982016 17011968 17041920 17071872 17101824 17131776 17161728 17191680 17221632 17251584 17281536 17311488 17341440
17431296 17461248 17491200 17521152 17551104 17581056 17611008 17640960 17670912 17700864 17730816 17760768 17790720 17820672 17850624 17880576 17910528 17940480 17970432 18000384 18030336 18060288 18090240 18120192 18150144 18180096 18210048 18240000 18269952 18299904
18389760 18419712 18449664 18479616 18509568 18539520 18569472 18599424 18629376 18659328 18689280 18719232 18749184 18779136 18809088 18839040 18868992 18898944 18928896 18958848 18988800 19018752 19048704 19078656 19108608 19138560 19168512 19198464 19228416 19258368
19348224 19378176 19408128 19438080 19468032 19497984 19527936 19557888 19587840 19617792 19647744 19677696 19707648 19737600 19767552 19797504 19827456 19857408 19887360 19917312 19947264 19977216 20007168 20037120 20067072 20097024 20126976 20156928 20186880 20216832
20306688 20336640 20366592 20396544 20426496 20456448 20486400 20516352 20546304 20576256 20606208 20636160 20666112 20696064 20726016 20755968 20785920 20815872 20845824 20875776 20905728 20935680 20965632 20995584 21025536 21055488 21085440 21115392 21145344 21175296
21265152 21295104 21325056 21355008 21384960 21414912 21444864 21474816 21504768 21534720 21564672 21594624 21624576 21654528 21684480 21714432 21744384 21774336 21804288 21834240 21864192 21894144 21924096 21954048 21984000 22013952 22043904 22073856 22103808 22133760
22223616 22253568 22283520 22313472 22343424 22373376 22403328 22433280 22463232 22493184 22523136 22553088 22583040 22612992 22642944 22672896 22702848 22732800 22762752 22792704 22822656 22852608 22882560 22912512 22942464 22972416 23002368 23032320 23062272 23092224
23182080 23212032 23241984 23271936 23301888 23331840 23361792 23391744 23421696 23451648 23481600 23511552 23541504 23571456 23601408 23631360 23661312 23691264 23721216 23751168 23781120 23811072 23841024 23870976 23900928 23930880 23960832 23990784 24020736 24050688
24140544 24170496 24200448 24230400 24260352 24290304 24320256 24350208 24380160 24410112 24440064 24470016 24499968 24529920 24559872 24589824 24619776 24649728 24679680 24709632 24739584 24769536 24799488 24829440 24859392 24889344 24919296 24949248 24979200 25009152
25099008 25128960 25158912 25188864 25218816 25248768 25278720 25308672 25338624 25368576 25398528 25428480 25458432 25488384 25518336 25548288 25578240 25608192 25638144 25668096 25698048 25728000 25757952 25787904 25817856 25847808 25877760 25907712 25937664 25967616
26057472 26087424 26117376 26147328 26177280 26207232 26237184 26267136 26297088 26327040 26356992 26386944 26416896 26446848 26476800 26506752 26536704 26566656 26596608 26626560 26656512 26686464 26716416 26746368 26776320 26806272 26836224 26866176 26896128 26926080
27015936 27045888 27075840 27105792 27135744 27165696 27195648 27225600 27255552 27285504 27315456 27345408 27375360 27405312 27435264 27465216 27495168 27525120 27555072 27585024 27614976 27644928 27674880 27704832 27734784 27764736 27794688 27824640 27854592 27884544
27974400 28004352 28034304 28064256 28094208 28124160 28154112 28184064 28214016 28243968 28273920 28303872 28333824 28363776 28393728 28423680 28453632 28483584 28513536 28543488 28573440 28603392 28633344 28663296 28693248 28723200 28753152 28783104 28813056 28843008
28932864 28962816 28992768 29022720 29052672 29082624 29112576 29142528 29172480 29202432 29232384 29262336 29292288 29322240 29352192 29382144 29412096 29442048 29472000 29501952 29531904 29561856 29591808 29621760 29651712 29681664 29711616 29741568 29771520 29801472
