26030 20402 30758 39059 40578 38063 24329 37287 34364 55910 37655 34379 39844 41799 52668 45639 37463 38910 43465 52688 44773 37727 34955 34410 41981 48562 58528 38912 34171 22231
24137 23202 31147 25714 48465 39335 38660 35251 45778 45080 47246 30130 33911 45354 53309 50667 45633 43051 40846 53954 52673 43591 37033 38644 57792 33916 46065 41117 24775 24109
33295 28158 30262 31992 39556 36399 35411 37936 49169 49314 31384 39447 28361 37293 47709 42217 39704 39119 44234 52895 42443 52243 34174 32655 39111 36805 42762 27278 49554 35875
20398 32899 28256 31219 28141 39400 31430 34772 40186 51105 36658 24228 33328 24396 39114 39290 38233 28393 28799 46017 39652 45590 34203 38617 19446 29811 34466 40492 29615 48229
30022 31133 36766 34706 34267 26145 25097 32168 39069 46912 47236 35403 23904 29855 32686 43909 43528 37668 32941 39198 30802 30314 22022 28963 16023 23724 28232 31743 47079 33821
32264 34159 44259 48653 31895 35673 22064 26764 38150 52559 46602 55217 32277 35704 46148 53242 49218 40065 47541 37786 36260 27943 23717 22073 30704 26848 39383 47144 47188 54384
39776 40665 44405 53263 49064 41627 26192 42801 37837 55418 41101 51601 44330 36090 38329 41932 43843 40420 38911 43662 29397 30823 31181 30260 31586 35558 51097 53009 50467 51341
43577 32302 37024 49525 50684 56125 32816 33610 46560 48604 45283 41804 29055 48245 29273 32962 40210 42005 48249 37273 36472 36462 35639 42198 28700 34773 38348 45595 45761 45717
34370 38415 30537 44699 47768 47877 42641 26180 33985 44827 47954 48621 32304 45095 39281 35651 37947 43053 50866 50663 34724 39655 37175 32371 32055 30781 41778 35199 37794 39952
33978 35747 30066 38215 39848 33868 26004 29099 24042 26999 46825 41927 43647 34928 41622 43033 40959 31075 39912 38435 47566 30211 52041 38979 34833 37285 51056 51731 42004 36383
40545 29003 24233 30451 26566 34280 18467 22924 30367 34722 44286 44025 38273 37024 37200 48337 45380 44058 42095 34049 36109 35016 25023 43127 32525 32063 43234 50721 57616 51747
52181 39449 20779 32480 38339 24833 28347 28796 33974 45806 42206 44385 31635 31842 35568 48115 49018 40091 47229 40623 34988 27780 37980 37441 48504 42541 44781 50687 55439 53981
39995 31999 35497 32572 37700 39121 29894 22012 45861 38832 53781 32764 34142 37418 28315 36840 41357 47046 46808 39158 45354 36744 34500 29975 44041 43011 42482 43705 41621 50332
30155 35178 30642 36113 42643 31928 42973 29784 34321 45089 42694 51388 28860 40373 33370 32411 26776 36136 55707 43584 31467 39320 44375 36521 41260 43284 40537 43217 30204 34963
39370 26057 41320 35831 42275 34812 26324 37191 38639 30947 52300 39901 53142 40378 36521 35392 24066 22420 52787 41531 50812 29478 44388 42594 37279 34525 27422 37766 35385 39150
40855 28436 37403 39070 49411 33854 43547 32409 40821 48369 42965 51697 51293 45895 45373 43458 29732 27175 35354 40868 48558 48834 39044 45558 35439 38312 32850 31540 38935 29723
40796 36340 31793 46081 53159 42994 45291 42045 40729 44273 43805 49440 49908 43550 55734 45035 48049 36382 36512 42531 47044 45948 41182 46416 45483 34211 41345 30854 32503 42105
50279 46539 38803 37859 40331 35343 38511 33481 44980 33285 31468 40721 49360 36289 40569 43633 39701 52159 41647 36047 31761 37806 46297 39505 51978 42270 48209 33293 30435 22944
46544 52429 44201 38888 39653 34363 44132 35059 37734 25843 32440 27793 34258 38402 28626 31136 47518 36617 55559 35045 31511 28213 45705 48704 51105 53023 42911 40074 33616 26678
36091 38150 55583 39993 35594 30162 35689 39912 33367 19943 33247 23081 35796 25404 24553 19199 42186 47118 40761 38130 26476 24989 29309 50976 34339 45218 46324 26517 36096 40436
34266 34202 31308 36930 24111 34164 30763 33233 27842 34352 31418 27054 43710 38898 34035 18435 30704 38958 45640 31599 30412 33162 30327 34530 35869 35192 34225 52318 25534 37200
28410 34609 32581 40436 25248 26829 42191 29370 20177 37355 37347 46517 34814 39937 47378 28433 18618 20447 29250 39648 33325 39955 29100 23024 28558 42973 44964 37184 45410 25268
38765 23093 46795 32839 37076 20057 27894 42964 38388 36337 41512 44576 40346 40601 46268 46593 41432 27337 23058 32372 31332 42796 35630 30302 27907 38116 50968 52872 32435 45005
25433 31341 37250 47955 38864 38073 27525 27439 44407 38932 45143 39054 36070 41901 53225 50385 43006 45322 26029 35237 39655 42067 47148 42453 29661 29911 44550 55665 43974 37594
31176 31136 38280 38967 52943 32022 34373 28451 19144 43743 39493 51520 33401 45805 48927 61547 44507 47018 34860 42416 43646 41229 45579 38481 40408 23558 31186 42056 48144 30460
26284 40351 36996 49264 43501 42806 36594 26092 31046 35208 37159 44888 30569 35046 47623 66154 60617 45095 33777 37823 36881 48716 46079 38421 36619 32971 24553 29116 32620 39325
30318 34121 40913 49028 47420 33051 43627 28465 39344 32854 48761 36068 44139 24339 33425 50043 53445 57745 40149 39482 38264 50906 47986 35570 23269 25923 23596 37441 16824 37493
24367 39820 38111 43582 45850 46220 38796 37578 33111 45374 31452 53491 28694 42142 20244 31555 35796 45448 44793 38701 34941 49019 40381 37652 22692 29446 35545 35788 33528 24224
41886 28604 49884 37548 49404 45493 47576 31299 39813 40154 44084 50444 40351 44248 40704 29374 26863 36350 37031 42432 32637 35611 41136 31637 22156 25700 32983 35567 23661 29596
43929 45130 47155 46389 42229 49325 35704 31083 36568 42901 42207 52065 40371 39112 46546 33359 36356 24442 39281 38574 34958 28124 25376 38912 22004 21362 20603 29323 29083 26383
