-354
-542
370
-1298
-1666
858
1036
-2506
1439
-381
-2008
-2021
-3902
-1360
-421
146
-1029
1866
-312
-3627
17
-1303
-503
1261
-905
-255
-911
-324
-2138
-2826
-1899
479
-1641
1693
2733
1564
2471
-1838
-829
203
-2346
-1763
1376
456
1654
3124
727
808
1727
-377
519
252
1823
-1084
181
-823
-802
4575
3039
1028
1961
1858
5043
500
242
781
-1195
-1717
-2311
1271
3285
2130
2816
-706
1095
749
2349
1945
-1131
-799
-3186
-1010
1576
337
-398
-2646
-2672
-1992
2425
372
-892
1145
-2718
543
-1447
533
1091
463
2224
-1562
-266
849
754
591
513
473
-589
-1162
-1027
1705
278
953
-990
-1010
530
-60
338
-2425
-936
417
-2024
929
-761
-1146
-1090
-2062
3339
1509
273
-2563
1022
-525
-175
-147
-4386
-3256
-1009
719
-1388
-2012
2054
-3907
-1208
-1682
458
1511
-809
150
-3551
1620
442
-1510
-1884
-664
2089
-36
-702
3565
-4077
-1058
-3720
-2441
2714
1943
2056
993
-137
2228
-2608
5294
907
3352
-1223
1595
3956
-720
1871
-2781
-448
-2811
573
362
-1012
1799
-982
-2840
-3246
869
-3252
-1047
12
-2302
871
1875
1945
-1247
371
1879
-1478
-823
767
2100
2299
-2147
-1888
-604
-2347
-280
1385
27
754
1114
-1920
-2737
871
-2855
354
3134
2926
-1027
1027
1157
1059
426
2535
-2947
1633
-809
931
-3091
1199
-396
-877
-1925
-4520
3723
552
1720
1551
-134
666
1720
2656
1063
-212
841
-3089
4339
-1646
-2226
-836
606
-2550
4215
-2726
1325
-1715
3586
532
1324
461
1769
2605
-1856
-936
1589
-889
-30
-252
2967
2412
-109
-1509
-586
-1091
2177
-1278
1622
514
-1423
-1308
-1410
-3478
1226
-2192
871
-2778
3174
1821
366
225
-1330
1920
682
2681
560
-188
3311
-1206
1241
970
645
-1732
-831
1103
-571
88
-3400
-541
-4893
-3728
-169
351
944
5415
-951
511
-2849
3739
-105
828
-714
933
-2557
-2348
1277
-2675
66
-1739
-2593
4210
-1401
-282
-768
-1743
64
-4532
-2994
-262
-2838
-1152
414
-1713
442
369
-4352
-4973
-334
-2340
4009
570
1808
1368
-1300
177
-141
442
279
1454
540
1217
4276
1078
3793
-4818
1435
-1143
1625
97
431
1866
656
-1055
-2556
-947
336
-1228
-472
245
-235
945
3275
-478
1019
-53
313
1675
353
-179
-1095
-1746
1967
-2980
-1017
3403
-1685
2634
-2039
-678
-326
-322
-416
394
-373
1987
3829
861
-976
-425
3348
-3801
2068
-953
272
-510
1255
-1406
-1395
-2252
-1817
-1121
564
2142
-800
-1035
-2739
-2166
167
-2724
3635
1418
1674
2311
-3121
-2888
784
-1405
375
2835
3150
4350
963
4055
334
-1244
138
-2595
2885
-928
1015
2801
-2709
381
682
1421
1266
-744
-771
483
954
357
-1042
-2821
98
-4108
205
-3120
1591
-893
-2749
-1804
32
1852
-358
-891
2040
1278
450
105
89
2646
-1674
-3509
-192
-884
-130
335
1055
354
-1255
-124
1479
-2051
-1802
-396
-2878
591
234
1814
391
-220
1065
1059
1343
-2377
305
934
2108
-1730
666
4108
1664
-1626
1238
-504
909
-2152
271
-222
953
3405
-1847
-112
3781
412
2479
203
398
-434
-3635
-2406
-592
556
-700
-2316
231
-627
140
72
-4226
-1791
563
1239
631
28
-312
505
1153
-655
-1967
2541
2225
-1134
2731
-259
957
-132
-1500
-1235
162
1046
-540
2564
-766
2435
961
-1279
845
-329
607
-1574
39
-47
1114
-1885
-438
-41
-491
-2293
166
-354
1739
-2492
-3068
2260
-1183
-2398
-1348
-1481
-590
2716
-592
1353
493
-3000
1607
247
657
575
-1227
-1294
263
1014
3451
5113
1184
1276
937
-778
-4131
1128
3860
-834
-1992
580
-506
105
-2670
-1806
-3253
-304
-408
-318
-358
-81
1532
704
-263
-2112
-1803
1483
1187
1935
-1043
264
2196
-556
-889
64
-1859
-997
525
871
-799
-1460
-634
-275
-1593
-264
875
458
3100
-766
-1011
217
616
-3003
1712
4910
-1023
-3137
-977
-2124
-2572
-2802
-1589
-1466
-2527
161
421
-2060
1804
1791
2503
148
3394
-264
3683
1369
3535
-1853
-2161
-2502
-873
870
2260
-2222
-2125
-635
185
51
1139
3729
-2432
-1883
-120
-258
-2925
-1025
34
-360
-1406
2406
-4049
-534
-497
-272
611
-873
-967
276
-60
1189
475
2214
-1589
-2368
-2660
2791
-229
2220
690
2062
1160
173
-1149
446
954
-232
-1878
604
257
-1124
-851
2675
1364
-1043
103
361
366
870
227
175
1622
-446
159
2939
1009
341
-123
552
2270
-2175
391
-3676
-1634
2601
1548
4298
435
2359
2337
530
-1043
765
-2698
-1690
-2545
1751
-732
869
-172
85
-1962
1221
-2097
-1337
78
-1269
-708
1632
625
-336
3746
-1577
476
-180
2371
-1948
-2144
-1818
-37
-3052
-2166
521
-282
-524
1208
3118
3983
3722
439
1503
1200
864
-102
1004
-512
-27
-586
331
-552
-538
647
-298
337
-2293
1582
-3285
1139
-425
2813
495
1146
-1615
276
-990
-1320
488
1062
861
839
-2118
2446
562
1823
-839
680
-961
1466
-1970
2178
1067
657
939
-2089
-475
-1512
-680
-289
2202
648
-11
-642
-1506
325
1737
-84
-731
-695
-3373
-1403
690
714
29
-1940
-461
-2158
3735
-1451
-2501
1496
-3712
3768
-1887
3978
855
-65
-2175
-3905
-2616
3264
1459
1605
-2922
-2553
-837
-2162
-1216
-242
882
837
-1854
-105
-4373
1312
1036
-787
2632
3091
-399
357
326
-1953
-1587
-153
778
-2033
2445
182
-1690
-2610
-4369
-1694
116
-1172
-1214
1914
136
-3578
-411
-176
-1584
1810
-664
-1007
-818
-750
-3179
-3109
-1989
2277
-1729
383
2891
-458
1955
-892
1183
1329
-1710
-2941
442
-212
2728
488
357
904
2623
-279
-337
2506
-339
14
663
-2327
-616
3723
957
462
-2147
1618
4447
400
2594
165
-3150
-3932
-815
-977
-883
-1489
-1975
-4334
-445
-3278
2383
1511
-1823
-1361
-7331
-1175
-2102
-458
827
-4421
-497
-1186
10
-2770
76
1336
-2915
1089
-1760
464
1495
378
1700
-920
247
1010
1754
-70
1625
145
252
-1862
-829
1616
1063
1738
-1193
-1093
-353
-53
1229
-2337
-1248
347
-88
1311
-1155
-54
-1716
-2200
4147
1339
-775
-1279
2048
-203
1825
-1469
-2162
-3912
673
-681
-992
-2190
3624
-2337
-1614
-1848
-1308
1525
973
326
-4175
1480
2540
583
-3533
-2171
-602
320
3754
4567
-3095
1244
-50
1221
3120
-3148
-440
-1802
3883
830
-1037
866
-110
-555
-2723
786
1613
-1033
3212
-2002
-1270
-3476
985
595
-649
2096
-677
-2765
-3600
1855
-4345
-396
646
-3608
-204
3282
508
-546
-667
3481
-2984
354
102
3429
2856
-2866
501
-1347
-2490
-540
647
709
1578
1580
-1194
-2143
1481
-2705
-354
5106
740
275
2295
-1455
-1091
3240
-339
-1545
-443
2395
-2081
-737
-131
2262
237
-3363
258
2237
266
1200
75
1230
-3208
-667
962
856
-1877
-3908
-1484
5719
-2331
1849
5209
-363
171
5984
-4551
1982
-4253
2822
-1978
1808
609
550
-2104
-11281
590
280
-1437
-3268
-1832
938
2483
-32
-1343
303
-1034
4599
-2012
4136
1401
-519
-471
-904
-5422
2186
-2912
1648
-2938
3370
1626
-107
-1407
178
2250
1814
3639
400
-277
4466
-2302
1635
1112
799
-1400
947
1217
4273
-1380
1628
1233
-3085
-2054
843
-3537
2864
3975
603
191
-2457
3349
-1051
-2436
2302
1593
-293
-432
957
-2853
2376
-3931
-1805
745
-4034
-2694
938
2094
5328
-2064
3522
4
-2768
-1827
-1533
-6865
2468
-461
356
963
7303
2466
3364
-4229
-77
138
-483
-816
726
-1600
61
-1475
-371
2815
4033
627
4857
-6454
1632
65
2047
544
739
751
1524
-1502
-2831
-1091
406
-2999
-1184
969
-2066
1192
1907
516
186
1481
329
2563
-211
111
-554
1450
1481
-3882
1111
131
-1291
5050
-1195
216
290
-2552
1320
-500
-923
1699
3969
-2681
-2400
1023
-314
-3307
-668
1035
-1394
2558
1287
370
-2523
-1672
-735
4468
1844
-697
491
-5843
-77
2582
3438
1065
3258
-2671
1723
3096
-1737
2064
2537
-4189
-149
6113
2537
4914
-2861
-82
-2339
1467
1840
-1172
-2563
-4350
-692
3128
-3060
2757
683
1473
158
-720
-164
-693
494
1042
-222
-1925
418
-4500
447
-3203
1537
-707
-1946
-1675
-549
2484
-839
-614
2758
1045
166
-246
465
3300
-2376
1243
-190
-780
-2346
383
2269
-1998
-2175
1246
3119
-259
-1162
-1180
-2394
425
126
2186
1997
38
-97
2323
381
-1823
1741
468
1540
-2432
1418
3366
-748
3082
4443
1300
-2112
-2242
3075
-3049
-1708
2345
-2495
3673
833
-2600
841
-1986
2451
220
244
1915
842
-1696
-4615
-3969
3648
-683
1866
-3575
-3397
-1737
-249
1878
1122
-610
-181
865
1136
-133
-2619
3462
2515
-1861
3807
-192
839
372
-185
-1133
1377
-159
-1071
3350
-1063
2798
1308
-1396
1620
-1102
681
-1466
-1585
1231
2096
-3161
-176
679
-525
-1249
-1138
1488
2319
-3946
-916
2394
-1419
-1390
1282
-1277
1840
306
-1654
2925
-101
-2274
2301
13
2207
-971
-1079
-1692
-2721
-1578
-25
455
-3235
-4274
997
2422
-1537
4343
2198
-5582
1457
2414
588
-921
1000
-711
2198
-1513
-1478
2861
946
1692
3048
-1120
-1293
-5293
-1535
2857
1539
2835
-217
962
3020
-759
-531
270
-2305
-2149
195
1878
-1909
-238
-2761
91
-2709
158
528
577
4797
-848
-379
-307
900
-2431
2494
5473
-1426
-389
-273
-324
-920
-1406
59
-1872
-1811
573
-471
-4364
1144
3805
283
2592
-860
468
1451
2213
2841
-1615
1233
-2666
391
-178
2828
-1078
-561
491
-621
927
2142
3067
-305
473
1082
-4465
-2351
183
1050
-1303
1198
5610
-2791
2240
-2894
-1230
-270
2767
-937
-4147
1044
857
4010
-412
-1978
-3839
1031
5409
-174
3214
-1560
3649
640
-12
-862
-338
901
-1248
-1777
1136
-604
-1604
46
2789
721
-555
236
-73
504
-281
445
185
3064
-1125
606
2753
1171
-120
512
2540
-2230
999
-649
-4046
-1060
1033
1442
2266
637
3423
615
-430
751
993
-3984
-714
-2279
883
-456
-1433
264
105
922
-137
-1203
-1709
402
-2191
562
4593
-2364
2904
722
-2788
799
2353
891
-3899
717
3058
-1919
-5255
-823
1002
-1345
2157
2391
2836
1861
-1665
-3224
292
3138
-1113
-493
3392
-264
-1092
3205
1462
-285
-1282
1317
-1247
2210
-3442
3082
-3033
954
-1349
3121
342
1946
-418
1702
-1587
-397
1383
1124
1796
1028
-2152
2621
507
3187
-2570
1147
-1442
639
292
2712
-421
1997
-959
1657
-2773
1488
-176
-659
354
1264
-317
958
888
3177
543
1762
1059
-571
-1503
-1025
622
1064
-81
788
-3923
-1224
2773
-3105
1020
1650
-2557
2693
-4208
3749
-3484
1416
-485
-1291
-3089
819
-1799
-1133
-1694
-2192
-3772
-1259
1351
-1463
1156
503
170
1384
-1503
4625
-2327
-1486
308
182
401
-1394
-403
-2338
-2249
1219
1161
-1667
2818
-2328
-2685
-587
-5773
-2223
-1525
-1090
-1479
1035
283
-4029
-1556
-165
-2105
1611
-552
281
-1353
-2106
-3336
-3010
-389
-1225
-3187
-387
1567
2286
2721
-160
1929
-3691
-3700
1105
-2366
-1270
-554
652
-173
-854
2917
-1181
-2627
2528
-1381
-384
887
249
-1686
1011
643
660
1974
-550
493
-1824
579
2076
284
-2869
828
-2127
-716
3066
-972
-2992
-1143
-3119
-704
3014
-843
-2745
-4430
1601
167
-2077
3085
-1408
-4210
-1827
544
-602
1006
2016
-4311
1569
-2311
311
-181
-537
2436
-359
-177
-193
-360
888
2213
1133
1702
-1237
-2146
1757
127
2068
-1442
530
-853
-611
381
-2989
-147
368
1772
2671
-3947
906
-2818
-2506
795
-491
697
-157
1200
-2609
-2403
447
-986
-1936
3573
569
-3626
-1908
1752
-1677
-2112
1398
-2308
409
-723
-978
-1973
1522
2449
1495
-4523
-33
-333
959
-1372
245
965
-884
-2526
-1184
-715
2998
3006
4
3231
767
-2559
2041
3095
1630
-1943
-103
929
-767
2386
-1497
418
-1461
218
208
240
2707
-2983
-1556
-4065
1026
-4483
-460
26
-4364
1556
1098
656
171
-1872
4142
-2493
1333
-736
2344
3760
-2900
1703
-2000
-2217
-973
615
1205
44
806
584
-921
-3131
-287
-1284
3448
464
147
1055
-2967
2429
-1128
-43
-111
-2853
3717
-1099
1221
-1807
92
2045
-3431
2662
931
812
334
11
2222
1041
1662
-1738
2957
-1170
-1804
-2657
1406
-4078
-2573
539
-2244
906
2698
-585
-1434
-351
3412
283
751
-123
999
3327
-3906
1771
418
-1488
-1335
599
1740
2113
318
109
1179
-3016
4956
-3060
5227
1257
444
-131
-1356
-5235
1159
-5029
2366
-3628
4108
205
-464
172
599
1779
713
3524
296
173
4427
-1875
1767
372
1499
1504
2699
-2747
4987
-3476
3810
945
-1159
-1374
-61
-3163
810
-259
2039
-1189
-981
507
-1765
722
3144
651
-2495
-662
749
-1953
2298
-3077
-1541
2248
-191
-1256
-815
-2112
2178
-5267
2761
1458
-761
-1334
1260
-4222
-216
-2868
1756
-5188
1369
-2316
329
2214
1755
44
-259
-250
121
-273
2244
-2537
456
2858
2873
1695
6178
-6908
4163
-1228
1718
-241
-190
2267
375
-2734
-3160
-2918
-1065
-2026
-374
1214
-2182
841
1812
1016
663
1827
-259
3089
303
1830
-1102
1536
-839
-1746
3753
-777
3771
2464
-1853
-1354
-1568
480
-978
-2964
-1581
-1955
1027
-735
-780
1513
-546
-4009
-858
2035
-440
3250
111
1422
-1495
1766
-1831
1717
2283
676
3781
-6433
2014
-1713
152
-1949
557
3302
-1576
-1349
-2754
-2662
-2475
-1109
697
5271
-345
900
2821
2087
-66
-267
-117
2471
1777
1329
-1901
3036
-3250
2903
-825
1945
746
634
771
-1169
-199
904
-142
-1844
737
-4357
1394
-4580
2983
-2463
-1745
-866
-1259
2278
-990
821
2361
1639
-755
393
1088
3116
-2756
1535
-3206
164
-1170
3091
4139
-2950
-3561
970
3279
-97
-524
-894
-500
-2329
3018
-1326
2399
1656
-1517
1911
79
1047
947
1656
-302
-1154
2664
4053
-157
2118
-1845
3439
241
-1602
1870
-2422
-1331
2528
1907
524
549
-1160
3048
-2703
4196
-853
-4458
-2250
-103
1937
548
-2319
2131
-409
-1370
693
103
-589
16
1090
371
8
-405
615
1645
314
-3070
3711
390
-1239
5965
-1459
1253
572
-2140
-1585
1894
230
-224
3769
-1734
3098
1192
-1800
702
-1063
1804
830
-1055
-345
594
-1925
-624
179
493
-355
-2040
1986
-1931
-2702
3400
-140
-591
-990
-2628
-2181
2874
1084
40
3763
-1443
-1674
2069
-795
371
-893
1167
-931
-2774
1119
869
68
62
327
470
-727
-2647
3448
1638
-1466
3651
-2090
2236
2332
-1057
-3823
691
-394
-2471
2610
-1593
-641
2216
45
588
-3814
1796
1739
3109
3720
-395
1848
2586
-1230
1365
65
-2827
29
806
466
-2913
-383
-2692
-232
-2848
362
-309
400
5056
-978
-617
745
519
-1906
2800
4888
-1973
-2625
2867
1446
-1276
366
-809
-2814
1981
163
-1515
-8
2366
981
-1725
2302
-722
-178
1173
2621
1167
-1969
1751
-2926
-85
1926
2066
-28
51
-679
-1715
-1005
2874
3670
-1128
-927
1431
-1523
1642
211
-533
1055
1201
-275
-4189
252
-3123
-1400
-2458
2521
-317
-558
3700
-710
-1392
1650
-318
-2455
-2238
3371
-1337
3901
-1040
4119
-228
1655
-513
-1250
1139
-1959
-1179
346
-344
-718
696
2516
3315
-1809
2173
-1181
109
-258
1477
-121
3273
-2513
1547
3250
2250
428
-63
3914
-1190
1939
-2385
-712
-362
-791
1918
844
1833
1843
1135
1342
2051
447
1204
-3222
1595
-1333
-1246
-1387
2328
-507
1340
-2913
679
-715
2560
-1095
-588
2409
445
757
1520
1316
-1129
-1426
1217
-2885
-2782
-67
1284
-1678
-1317
512
3491
-1604
5581
460
57
1528
496
-449
2897
-846
-916
1894
1243
1157
-81
1656
-2374
294
271
-2122
2361
-3252
2315
-3648
1119
-1624
2090
1255
2355
-1620
258
-855
-504
357
2071
1546
632
-1768
1801
617
3941
-2337
522
-2464
2677
680
-1466
2731
-95
-2709
1959
-2393
-46
-1406
-329
-196
-798
1509
1776
-1516
289
2007
1548
-993
1323
-2003
-1817
1390
-576
139
2296
-3457
-2474
729
971
2121
-2311
276
-103
-1637
4130
-596
532
-4136
-2187
-2336
915
1381
2138
-3527
-1798
-1237
-2882
393
-98
1087
-1733
-1328
314
-539
3487
-527
-702
-948
2291
