-1686 -576 -3583 946 -1074 -768 -241 -588 -970 552 -993 -651 -2061 1909 -2300 1746 -1500 561 190 -654 2327 1277 -1687 424 -1496 -257 -366 358 -2068 828
1352 3279 -1125 753 630 -1886 -254 -1018 97 152 133 -1279 1128 -1337 -81 741 -282 -705 612 1211 141 -1746 212 -1511 170 108 -840 2190 1175 -1177
1738 1421 2009 -843 -1469 1640 -1317 1365 -639 2714 3826 543 1196 3411 593 1307 888 -667 -528 2073 605 -1222 1846 738 -1839 637 1047 -2028 980 1198
-1109 -803 -2182 2147 -253 2239 2169 -1433 -285 -2620 85 502 -447 -2422 -1570 129 -261 -228 789 -2252 -1777 -205 -403 -431 -351 723 -1886 -615 -1022 1520
309 -1143 558 -274 57 1316 -85 -336 995 12 380 1822 -163 2684 -2218 -285 -1407 -827 -1225 519 813 -131 728 -2466 980 -1119 381 2357 -1148 1283
-1073 -1837 1200 2484 2548 94 899 338 -4007 1065 -943 -1910 2008 -2928 1745 1929 -2454 3102 495 1283 -1554 3142 999 1998 3223 184 184 -1224 202 -2165
1990 -985 -1773 -606 -2787 -614 -153 1161 -1061 1834 800 -1859 2254 1405 1185 -2667 2216 -501 -5006 -335 -775 1613 -3463 460 -166 -561 -1032 800 2346 910
-1441 -1039 -2822 465 1353 -213 -487 -2148 901 -1115 -194 1187 -720 -2227 4325 -1261 3084 -2023 3524 -1949 694 -1453 -1185 2908 -2385 2711 -136 600 -1207 -1829
606 1953 3495 -820 -117 1848 206 2408 1355 1499 -1883 1680 -2340 2314 -2378 1459 -1277 1216 -1847 -972 -1035 1673 1862 44 -661 893 -1056 1392 -7 1836
-825 -2457 1217 69 -689 3447 -3251 1193 -1648 -1953 687 -2136 -1208 1771 -1423 2229 312 4060 852 -956 818 -2024 -440 -2026 1897 -745 701 1422 -1862 1347
265 402 -2217 -1924 1214 -3907 2238 -3705 1846 -171 -1869 -205 8 -2517 1304 -1740 1752 -1571 2732 -682 519 -1457 1804 -1041 877 1951 -2743 510 210 -1939
1541 -1506 2559 3084 546 1967 -935 -1977 896 545 1095 -450 1881 214 -613 -2244 -287 -98 -3622 1638 -1093 1040 849 -509 689 -701 1507 -627 2876 1828
2058 2386 -493 517 -2746 2133 -1340 2690 1988 -3362 -164 -59 -3087 -186 1111 -545 333 1613 1781 -1474 -1454 3344 -4135 -2047 987 -1423 460 58 -1532 -2470
-2874 1411 -138 -453 1984 -3580 -199 1660 356 1620 1311 211 1343 -489 1182 -365 541 389 -1672 3576 -1729 2110 -2216 754 -860 1827 134 -977 -1090 340
-488 -1234 2493 -3275 2280 -848 -711 1088 -238 464 810 1800 990 28 -1045 1510 -1189 116 -1386 761 2593 -1356 2259 772 -936 -1033 -4279 2118 -918 1507
129 -1858 139 1454 -685 -459 2411 -1371 -2584 586 -214 -262 -1203 -536 -3794 312 -1706 790 2172 1339 787 53 1134 -2442 2139 366 2016 -1344 -1194 1804
2000 1499 -21 1459 285 59 -1224 -1483 608 2579 -328 1647 -298 -2036 2534 5 2852 -539 1167 -677 -1342 368 -132 3143 -635 -2409 141 1249 -1450 884
155 1060 -1631 244 -4218 1964 362 -788 1242 -700 234 -1238 2898 4581 -2494 -10 -733 -1581 2523 2147 247 -968 -1673 -365 2057 395 -531 -5 -287 -1965
-1166 -522 844 -1017 -1355 1621 292 519 -2539 1256 4396 -1773 -1715 426 -773 -622 423 1939 287 2007 -28 -252 3641 -839 1946 -903 882 -498 2542 2978
-340 -153 1375 -11 -446 -1473 -1050 714 -2012 231 -825 2720 2282 -2520 1225 -709 -331 340 -1194 -4120 2619 -1320 -1832 711 257 1959 -70 -169 128 -3383
-370 391 -666 3282 3243 261 1685 367 -848 -1205 1442 650 -244 -2332 1086 -190 -274 229 1447 -299 1626 1717 -2219 1469 441 -1880 1537 2724 994 -128
1248 1206 18 -1887 -1720 705 -1916 -1862 2104 -1307 52 -198 1206 2849 922 -1366 450 -1078 -1443 -324 -656 3101 -354 -1260 -2476 1912 -1651 59 2757 -2050
-782 -2495 -1506 -455 271 -1085 1297 671 -792 1385 -592 868 -599 1534 -2481 2701 -1570 777 -1620 1341 918 -366 1661 -881 -1519 878 -708 -1229 996 2337
685 -269 163 -23 930 325 681 -2556 1219 -1088 -1354 -1547 2422 -315 1070 681 -52 232 -2742 -1322 2086 340 1040 -863 412 -1814 869 -238 -1058 -2011
1049 -1515 308 -1151 852 -765 -51 1179 814 1061 3144 -1622 -14 -622 1032 544 692 -511 -1310 360 -365 -437 -833 2861 -689 132 471 718 -869 2632
-2644 2249 -2520 2474 -923 364 1177 -917 2825 -967 -718 -743 -492 -2193 -2943 -2219 798 -986 2855 -1285 799 -1407 -366 -1311 2931 -888 -1290 -499 1801 -1
890 -1492 -1314 1583 -1413 375 -2749 623 352 610 -2415 -1734 -1711 1633 1136 -458 -176 114 964 1251 1542 1176 3785 1056 -192 619 1729 -1078 -333 -1307
2822 -1673 2593 -956 1476 14 -3051 3658 -2756 1634 3135 1434 -40 -1040 -1277 361 435 -18 282 310 -1463 2436 -3233 1290 1033 2137 -2158 3571 -2699 -903
-1341 199 76 -1116 3000 -2248 504 918 -858 -148 -1326 552 25 1642 474 218 -977 -551 -236 -328 399 688 46 -856 554 -1322 3280 -1329 1265 -2787
-1144 430 -2922 3556 -1683 3452 2153 -140 1291 -1129 1925 2970 -520 -625 1410 -742 189 1174 -1184 -142 101 1767 -981 563 -2182 -155 -166 -1179 724 683
