-428422 -143344 -913405 245706 -271571 -193315 -57830 -147575 -244690 144707 -250976 -163471 -525061 491723 -585939 450305 -380857 147403 52249 -163457 599164 330511 -428716 110744 -379319 -61191 -90285 93733 -526156 215403
348707 842523 -285281 196233 164570 -479110 -61052 -257035 29089 42240 36951 -324362 292077 -338709 -17400 193381 -68315 -177011 160349 314326 40213 -443313 58067 -383156 47503 31310 -211457 563634 304727 -297684
448538 366856 517381 -212370 -372418 423312 -333871 352487 -160279 698286 982154 142357 309183 877119 154785 338160 230607 -167140 -130948 535109 159192 -309422 475843 191908 -467280 166868 271204 -516509 253904 309546
-280502 -202042 -555659 553403 -61231 576407 558710 -364017 -69892 -666924 25735 131630 -110328 -615880 -398117 35620 -63724 -54912 205388 -573387 -451915 -49167 -99967 -107007 -86475 188074 -479670 -153927 -258072 392679
82479 -289422 145805 -66695 17756 339938 -18035 -82303 257717 6171 101064 469310 -37414 690931 -564582 -69016 -356985 -207939 -309593 136136 211704 -30333 189917 -627668 254442 -282876 100820 607392 -290400 332430
-270800 -466686 310999 639600 655951 27270 233675 89678 -1022968 275548 -237980 -485532 517920 -746120 449834 497003 -625579 797156 130037 331363 -395003 807858 259784 515784 828710 50709 50988 -309677 54696 -551351
513121 -248930 -450209 -152498 -710540 -154523 -35194 300233 -268198 472616 208086 -473252 580847 363163 306449 -678646 570758 -125274 -1278746 -82663 -195634 416460 -883187 121645 -39224 -140469 -261034 207769 603455 236200
-365890 -262807 -719047 122635 349545 -52055 -120964 -546597 234036 -282081 -46508 307419 -180421 -567038 1110455 -319511 793067 -514619 905249 -496020 181160 -368472 -300410 748362 -607094 697610 -31144 156573 -305217 -464384
158316 503679 898366 -207187 -27910 475847 56552 619927 350673 387314 -479309 433259 -595511 595417 -605604 376823 -323344 314676 -470005 -246413 -261815 431875 479669 15186 -165865 231856 -267271 359517 1344 473838
-208048 -626749 314572 21347 -172737 886016 -828882 308333 -418870 -496662 179086 -543713 -306305 456335 -360926 574170 83494 1042866 221559 -241905 212438 -515237 -109599 -515163 489014 -187771 182750 367865 -473544 348159
71323 105432 -564777 -489336 314869 -996450 576091 -945204 475510 -40178 -475684 -49817 5199 -641140 337349 -442203 452373 -399121 702493 -171662 135492 -368989 465269 -263027 228034 502203 -699135 134092 56580 -492990
398265 -382424 659042 792818 143440 506986 -235848 -502765 233015 143373 283427 -111782 484294 58062 -153405 -571261 -70233 -22279 -923617 422445 -277342 269400 221381 -126611 180800 -175870 389778 -156808 739151 470967
530074 613972 -123191 135830 -700549 549520 -339307 692570 512608 -857213 -39357 -11825 -786873 -43897 287655 -135896 89015 416332 459362 -374410 -368923 859544 -1054219 -520134 256349 -361245 121904 18358 -389083 -628746
-731718 364629 -31969 -112772 511014 -912771 -47352 428849 94371 418034 338637 56602 347056 -121380 306146 -89221 141943 102808 -425017 918374 -439877 543754 -563294 196517 -216778 470747 37524 -245785 -275138 90821
-120914 -312111 642002 -835224 586611 -213406 -178488 282715 -57450 121589 210508 464347 256648 10270 -264085 389676 -300844 32810 -351575 198206 667366 -343930 582225 201713 -236404 -261063 -1091985 545742 -231560 389419
35671 -471992 38420 376033 -171058 -114058 620639 -347741 -657499 153423 -51683 -64351 -305112 -134656 -968405 83406 -432854 205295 559789 345509 204492 17210 293240 -621944 551469 97268 519850 -341428 -302781 465248
515634 387351 -1663 376587 77364 18048 -309641 -376028 160057 663770 -80129 424759 -73316 -518406 651647 4575 733822 -134765 302352 -169926 -340190 98075 -30117 808121 -158787 -613266 39011 322708 -367610 229735
42586 274709 -414252 65999 -1075900 506519 95929 -198435 321875 -175609 63560 -313317 744566 1175497 -635876 685 -184411 -401605 649337 552893 66355 -244068 -423882 -89521 530465 104408 -132685 1999 -70118 -499794
-294713 -130811 219153 -256623 -343616 418778 78592 137188 -645793 324781 1127524 -450913 -436161 112344 -195015 -155879 111435 499728 76569 517263 -3949 -61307 935153 -211379 501518 -227723 229439 -123945 654314 765697
-83032 -35752 355528 660 -110770 -374157 -264975 186898 -511771 61798 -208659 698909 587629 -641116 316864 -178826 -81057 90314 -302664 -1051276 673498 -334841 -465885 185222 68714 505085 -14654 -40940 36056 -863028
-90805 103938 -166409 843464 832881 69915 434528 97904 -212821 -305572 371437 169356 -58934 -594195 281548 -44888 -66890 62288 373549 -73386 419799 442642 -565473 379280 116358 -477966 396711 700633 258261 -28903
323140 311612 7742 -479960 -437064 183584 -486912 -473328 542641 -330231 16518 -46957 312055 733056 238978 -346096 118386 -272473 -365699 -79073 -164150 797048 -87196 -318986 -630180 492460 -419856 18688 709381 -521399
-196541 -635762 -381816 -112838 72750 -274554 335764 175750 -198948 358380 -147995 225758 -149924 395954 -631515 695317 -398262 203141 -410888 347274 238925 -90565 428565 -222394 -385825 228181 -178108 -311566 258782 601384
178515 -65437 44964 -2117 241340 86735 177866 -650558 315459 -274154 -342582 -391523 623277 -76992 277612 178548 -9839 62909 -698828 -334625 537498 90394 269287 -217396 108732 -461402 225808 -57615 -267321 -511136
271978 -384626 82859 -291035 221490 -192867 -9854 304793 211784 274903 808127 -412215 -701 -155965 267821 142702 180328 -128332 -331601 95315 -90599 -108788 -210201 734999 -172767 37289 124565 187796 -219429 677599
-673067 578968 -641156 636934 -233104 96575 305067 -231260 726895 -244214 -180624 -187128 -122250 -557922 -750153 -565296 206956 -249568 734465 -325498 208334 -357592 -91426 -333444 754381 -224143 -326620 -124341 464610 3765
231060 -379213 -332952 408659 -358099 99452 -700729 162697 93183 160043 -614817 -440738 -434998 420608 294140 -113806 -41332 32740 249914 324176 398242 304225 972122 272696 -45931 161302 445925 -272770 -82264 -330921
725372 -424561 666487 -240663 381861 7145 -777299 940003 -701475 420849 805418 369286 -6694 -263114 -323444 95562 114441 -1272 75435 82766 -370766 626688 -824331 333469 267624 550475 -549264 917520 -687956 -228440
-339353 54839 23067 -282507 771129 -572482 132847 238526 -216089 -34353 -336067 144446 10485 424380 124973 58520 -246568 -137690 -56274 -80151 106067 179215 15129 -215426 144714 -334933 842960 -336926 327490 -709223
-289956 114090 -744512 914177 -427059 886845 554934 -32506 334225 -286220 495649 763122 -129183 -156527 364531 -186657 52106 304196 -299473 -32613 29555 455201 -247638 147474 -555204 -36256 -39042 -297851 189283 178589
