5310 5418 5526 5634 5742 5850 5958 6066 6174 6282 6390 6498 6606 6714 6822 6930 7038 7146 7254 7362 7470 7578 7686 7794 7902 8010 8118 8226 8334 8442
8766 8874 8982 9090 9198 9306 9414 9522 9630 9738 9846 9954 10062 10170 10278 10386 10494 10602 10710 10818 10926 11034 11142 11250 11358 11466 11574 11682 11790 11898
12222 12330 12438 12546 12654 12762 12870 12978 13086 13194 13302 13410 13518 13626 13734 13842 13950 14058 14166 14274 14382 14490 14598 14706 14814 14922 15030 15138 15246 15354
15678 15786 15894 16002 16110 16218 16326 16434 16542 16650 16758 16866 16974 17082 17190 17298 17406 17514 17622 17730 17838 17946 18054 18162 18270 18378 18486 18594 18702 18810
19134 19242 19350 19458 19566 19674 19782 19890 19998 20106 20214 20322 20430 20538 20646 20754 20862 20970 21078 21186 21294 21402 21510 21618 21726 21834 21942 22050 22158 22266
22590 22698 22806 22914 23022 23130 23238 23346 23454 23562 23670 23778 23886 23994 24102 24210 24318 24426 24534 24642 24750 24858 24966 25074 25182 25290 25398 25506 25614 25722
26046 26154 26262 26370 26478 26586 26694 26802 26910 27018 27126 27234 27342 27450 27558 27666 27774 27882 27990 28098 28206 28314 28422 28530 28638 28746 28854 28962 29070 29178
29502 29610 29718 29826 29934 30042 30150 30258 30366 30474 30582 30690 30798 30906 31014 31122 31230 31338 31446 31554 31662 31770 31878 31986 32094 32202 32310 32418 32526 32634
32958 33066 33174 33282 33390 33498 33606 33714 33822 33930 34038 34146 34254 34362 34470 34578 34686 34794 34902 35010 35118 35226 35334 35442 35550 35658 35766 35874 35982 36090
36414 36522 36630 36738 36846 36954 37062 37170 37278 37386 37494 37602 37710 37818 37926 38034 38142 38250 38358 38466 38574 38682 38790 38898 39006 39114 39222 39330 39438 39546
39870 39978 40086 40194 40302 40410 40518 40626 40734 40842 40950 41058 41166 41274 41382 41490 41598 41706 41814 41922 42030 42138 42246 42354 42462 42570 42678 42786 42894 43002
43326 43434 43542 43650 43758 43866 43974 44082 44190 44298 44406 44514 44622 44730 44838 44946 45054 45162 45270 45378 45486 45594 45702 45810 45918 46026 46134 46242 46350 46458
46782 46890 46998 47106 47214 47322 47430 47538 47646 47754 47862 47970 48078 48186 48294 48402 48510 48618 48726 48834 48942 49050 49158 49266 49374 49482 49590 49698 49806 49914
50238 50346 50454 50562 50670 50778 50886 50994 51102 51210 51318 51426 51534 51642 51750 51858 51966 52074 52182 52290 52398 52506 52614 52722 52830 52938 53046 53154 53262 53370
53694 53802 53910 54018 54126 54234 54342 54450 54558 54666 54774 54882 54990 55098 55206 55314 55422 55530 55638 55746 55854 55962 56070 56178 56286 56394 56502 56610 56718 56826
57150 57258 57366 57474 57582 57690 57798 57906 58014 58122 58230 58338 58446 58554 58662 58770 58878 58986 59094 59202 59310 59418 59526 59634 59742 59850 59958 60066 60174 60282
60606 60714 60822 60930 61038 61146 61254 61362 61470 61578 61686 61794 61902 62010 62118 62226 62334 62442 62550 62658 62766 62874 62982 63090 63198 63306 63414 63522 63630 63738
64062 64170 64278 64386 64494 64602 64710 64818 64926 65034 65142 65250 65358 65466 65574 65682 65790 65898 66006 66114 66222 66330 66438 66546 66654 66762 66870 66978 67086 67194
67518 67626 67734 67842 67950 68058 68166 68274 68382 68490 68598 68706 68814 68922 69030 69138 69246 69354 69462 69570 69678 69786 69894 70002 70110 70218 70326 70434 70542 70650
70974 71082 71190 71298 71406 71514 71622 71730 71838 71946 72054 72162 72270 72378 72486 72594 72702 72810 72918 73026 73134 73242 73350 73458 73566 73674 73782 73890 73998 74106
74430 74538 74646 74754 74862 74970 75078 75186 75294 75402 75510 75618 75726 75834 75942 76050 76158 76266 76374 76482 76590 76698 76806 76914 77022 77130 77238 77346 77454 77562
77886 77994 78102 78210 78318 78426 78534 78642 78750 78858 78966 79074 79182 79290 79398 79506 79614 79722 79830 79938 80046 80154 80262 80370 80478 80586 80694 80802 80910 81018
81342 81450 81558 81666 81774 81882 81990 82098 82206 82314 82422 82530 82638 82746 82854 82962 83070 83178 83286 83394 83502 83610 83718 83826 83934 84042 84150 84258 84366 84474
84798 84906 85014 85122 85230 85338 85446 85554 85662 85770 85878 85986 86094 86202 86310 86418 86526 86634 86742 86850 86958 87066 87174 87282 87390 87498 87606 87714 87822 87930
88254 88362 88470 88578 88686 88794 88902 89010 89118 89226 89334 89442 89550 89658 89766 89874 89982 90090 90198 90306 90414 90522 90630 90738 90846 90954 91062 91170 91278 91386
91710 91818 91926 92034 92142 92250 92358 92466 92574 92682 92790 92898 93006 93114 93222 93330 93438 93546 93654 93762 93870 93978 94086 94194 94302 94410 94518 94626 94734 94842
95166 95274 95382 95490 95598 95706 95814 95922 96030 96138 96246 96354 96462 96570 96678 96786 96894 97002 97110 97218 97326 97434 97542 97650 97758 97866 97974 98082 98190 98298
98622 98730 98838 98946 99054 99162 99270 99378 99486 99594 99702 99810 99918 100026 100134 100242 100350 100458 100566 100674 100782 100890 100998 101106 101214 101322 101430 101538 101646 101754
102078 102186 102294 102402 102510 102618 102726 102834 102942 103050 103158 103266 103374 103482 103590 103698 103806 103914 104022 104130 104238 104346 104454 104562 104670 104778 104886 104994 105102 105210
105534 105642 105750 105858 105966 106074 106182 106290 106398 106506 106614 106722 106830 106938 107046 107154 107262 107370 107478 107586 107694 107802 107910 108018 108126 108234 108342 108450 108558 108666
