37 59 158 0 8 6 102 145 255 153 134 251 31 87 63 189 47 63 56 226 149 75 251 109 88 91 187 6 245 28 125 234 12 249 246 82 46 53 101 26 185 89 147 104 95 203 145 188 227 206 129 210 14 14 173 245 183 89 57 159 20 40 187 217 139 43 182 160 26 243 117 130 1 76 26 109 11 129 192 166 9 81 215 63 133 197 255 234 106 179 113 63 7 76 110 215 177 138 39 165 60 147 17 143 111 250 215 102 33 89 174 198 5 146 145 55 0 101 36 94 233 27 23 220 246 50 227 138
233 29 204 242 233 86 92 24 144 69 238 131 181 199 224 223 68 241 235 182 250 230 13 152 120 94 130 235 107 187 79 27 59 202 34 81 86 123 139 161 214 64 156 114 245 57 48 183 237 204 26 249 73 139 4 199 255 224 174 218 22 40 26 50 231 4 183 8 50 80 203 56 226 155 100 47 17 105 145 58 107 45 108 150 174 68 228 165 241 48 93 172 197 6 36 113 118 159 118 166 50 74 121 71 115 92 110 10 230 149 208 219 246 144 79 155 233 78 212 164 252 13 253 55 12 245 241 78
244 68 72 89 141 227 248 159 235 255 35 156 215 53 10 89 247 26 205 201 138 244 35 185 165 108 221 126 9 183 214 255 243 22 199 125 238 85 104 69 187 41 174 95 161 67 23 7 171 14 89 27 36 57 232 54 252 246 100 74 66 62 110 159 61 17 124 63 115 159 49 94 171 17 244 45 189 178 83 203 54 6 244 170 82 110 238 139 120 32 244 195 83 168 72 5 150 241 90 239 146 49 194 182 105 53 81 79 223 158 229 239 89 91 122 24 83 179 33 60 50 34 118 111 64 16 194 164
206 41 153 4 213 148 241 183 133 227 29 70 28 88 207 176 46 24 159 203 18 166 39 65 230 241 7 80 219 152 199 185 229 121 42 19 255 229 247 16 6 109 255 144 98 34 147 180 209 114 221 115 65 217 45 233 157 55 215 210 71 116 120 57 125 173 154 14 44 175 255 153 31 122 203 244 127 83 109 2 135 63 155 122 181 137 206 192 25 63 71 249 123 97 119 176 59 38 4 51 90 45 77 75 232 4 73 40 194 102 86 193 254 235 47 205 199 163 204 57 122 90 117 77 15 237 133 94
7 168 254 203 158 137 153 73 205 206 85 75 8 175 4 22 54 174 210 245 80 151 150 87 11 251 242 200 109 50 225 137 93 36 227 215 182 205 209 253 28 50 87 58 93 164 111 236 188 122 38 195 192 83 191 51 141 215 107 20 121 232 5 53 142 253 6 137 173 136 67 183 231 47 47 119 198 85 18 103 98 199 213 255 127 221 193 187 214 201 185 63 54 27 213 57 122 210 230 161 98 160 15 107 232 152 157 246 87 157 88 49 16 255 124 152 216 115 145 97 35 51 126 103 101 73 176 95
70 90 231 161 100 147 158 138 70 54 118 165 191 147 31 93 6 123 239 67 61 113 180 249 207 92 192 20 64 222 39 71 246 29 178 148 93 77 233 7 88 98 38 107 179 107 244 241 94 156 157 69 99 14 253 31 247 1 53 207 163 47 14 190 207 114 195 83 154 40 187 68 27 113 238 51 49 44 138 128 50 31 20 185 199 90 64 141 132 105 50 21 39 71 103 215 41 204 226 163 27 251 129 33 4 36 39 198 68 255 136 162 65 207 209 169 156 20 232 98 35 180 102 249 228 235 147 203
190 44 186 197 77 73 190 220 52 57 205 6 113 207 49 120 86 126 56 96 210 252 228 165 161 149 26 15 104 220 142 168 58 55 149 249 65 88 36 28 83 207 40 174 116 5 246 93 1 152 42 109 253 90 131 182 198 20 145 167 89 88 10 101 149 170 194 88 66 245 155 30 238 150 125 110 37 216 164 85 210 31 134 66 57 58 187 195 106 64 193 236 85 159 72 31 152 193 47 153 10 149 44 39 160 175 225 168 188 94 135 24 119 255 155 184 227 66 174 213 219 226 135 161 53 164 73 56
109 149 154 231 200 240 231 147 212 30 65 173 77 153 126 90 82 193 64 47 221 196 216 69 181 119 236 38 13 93 229 217 127 229 231 85 59 11 240 204 53 114 92 14 44 42 67 158 18 30 252 41 247 22 224 110 205 200 237 209 110 178 148 195 149 148 143 113 180 108 77 202 227 157 96 198 46 7 15 251 141 247 5 145 161 6 212 108 149 153 19 88 23 38 2 195 5 164 228 73 97 150 151 0 168 207 243 95 83 13 49 174 100 227 143 89 39 95 6 70 207 43 128 3 189 128 112 144
84 39 79 219 70 102 97 112 27 8 59 61 241 243 250 136 59 16 233 172 57 118 16 27 166 216 199 146 159 20 82 226 253 246 23 129 144 249 117 222 10 209 219 75 249 44 139 36 245 186 207 43 113 43 131 171 202 169 165 243 96 149 224 125 92 178 95 184 70 95 167 56 253 104 61 167 176 215 47 187 26 221 58 28 135 237 251 95 136 207 57 153 137 49 252 163 150 183 254 79 199 100 147 134 4 10 98 171 162 68 232 161 246 51 94 70 8 227 239 41 87 15 195 42 90 5 36 76
23 26 217 224 24 125 211 245 41 233 80 63 155 101 232 198 43 12 166 87 145 14 29 230 126 211 98 167 129 208 225 33 96 32 93 157 59 189 223 152 37 60 19 239 213 239 243 252 143 53 60 254 100 101 26 93 101 50 68 92 52 12 160 118 203 73 238 146 231 211 194 68 58 231 162 130 214 167 49 220 217 198 120 238 110 182 208 107 162 230 180 215 167 250 35 83 64 41 84 140 142 168 20 88 101 222 184 173 98 203 235 51 129 103 24 171 75 117 153 135 32 37 212 34 144 236 88 239
96 9 192 142 142 218 141 55 70 13 169 183 6 91 160 223 107 231 22 158 76 133 213 97 110 199 21 226 52 242 244 208 51 97 23 123 147 118 215 203 30 99 245 163 63 64 188 167 6 137 63 210 44 101 122 175 38 24 182 166 170 164 57 238 120 252 83 153 9 92 200 217 29 87 143 50 70 234 72 200 219 47 45 150 196 72 113 136 67 59 124 250 202 198 16 55 71 241 182 246 218 80 37 180 39 238 231 192 35 60 27 31 233 39 96 227 247 163 101 191 229 178 200 225 27 230 109 74
105 219 55 12 155 239 97 70 50 193 230 177 106 173 8 82 58 151 215 236 248 28 233 21 225 9 233 34 118 60 177 98 34 180 38 88 200 15 85 104 176 12 94 158 128 187 49 248 178 70 106 53 43 92 196 60 117 196 173 116 184 243 250 6 109 133 167 250 221 108 122 94 168 134 31 220 226 91 139 89 205 30 131 33 39 0 10 109 111 35 77 136 142 105 230 34 77 75 5 74 186 173 216 134 197 213 0 159 148 106 61 164 229 150 71 117 127 237 15 50 142 23 119 122 116 44 7 199
221 112 194 36 239 182 222 168 197 93 230 119 37 155 212 194 241 113 239 155 69 15 252 23 11 160 100 25 98 145 86 248 44 20 108 229 73 3 201 227 0 16 98 198 28 243 42 55 159 105 75 156 63 198 142 165 72 92 45 143 213 235 193 41 92 76 221 154 155 210 5 191 21 86 123 101 219 23 232 163 109 77 95 246 112 214 56 79 33 13 238 171 34 235 105 200 72 181 249 219 45 124 241 194 70 183 67 57 71 4 157 152 220 97 227 52 116 243 183 134 157 36 137 112 69 184 128 68
92 248 138 175 59 29 8 103 217 51 137 99 12 120 175 40 66 105 234 79 247 101 29 91 55 39 96 178 116 40 251 192 51 152 21 247 101 57 95 197 15 184 90 88 225 21 28 198 234 228 222 110 184 246 156 133 129 43 50 209 157 60 255 133 47 103 224 118 130 40 200 62 252 171 45 144 187 216 227 141 54 92 68 182 8 65 222 32 240 150 213 86 214 79 156 117 188 84 79 177 76 65 153 105 70 250 169 196 50 107 110 188 62 233 17 230 4 251 30 165 247 53 191 195 204 141 62 5
202 135 205 200 57 212 195 65 154 220 147 249 6 171 205 145 173 166 165 49 37 233 66 173 231 163 38 195 86 120 26 100 76 76 62 23 123 134 170 9 66 209 219 199 167 49 218 56 229 184 165 218 193 61 104 88 68 53 140 169 87 2 43 40 24 51 107 118 169 40 183 176 142 139 120 98 2 115 228 167 227 189 0 160 216 193 97 102 192 210 95 152 102 99 207 82 177 156 229 148 85 119 76 123 73 101 8 86 181 134 164 36 209 77 195 28 224 243 30 115 69 166 215 152 80 123 219 217
156 178 104 119 7 230 82 236 43 131 114 210 136 124 105 86 5 248 243 218 92 196 14 52 146 75 169 202 117 116 116 196 66 54 236 117 210 70 169 103 241 48 57 233 188 43 24 230 126 48 253 84 47 191 176 154 63 207 168 171 203 204 29 220 109 216 240 159 68 4 149 133 135 157 226 173 236 72 176 128 195 98 101 147 13 164 238 175 26 108 34 209 40 96 5 66 8 143 148 131 126 49 77 40 193 164 2 221 68 148 78 154 160 6 36 134 72 56 76 151 108 148 99 198 191 199 76 195
55 153 199 23 112 208 88 197 43 126 193 66 228 10 170 77 173 171 174 237 63 204 55 236 249 222 85 63 228 236 102 87 119 126 77 250 165 60 85 90 113 135 27 95 129 180 15 144 13 188 250 101 165 139 12 200 120 153 96 142 101 105 62 112 38 26 158 226 206 162 14 178 47 159 120 255 194 26 146 245 14 5 183 210 199 132 89 136 132 244 52 170 231 73 53 21 102 230 189 237 141 197 247 26 185 248 123 15 165 77 37 208 165 143 149 133 95 12 151 16 62 56 221 63 49 203 91 31
150 116 234 9 217 231 244 167 166 52 51 126 122 224 251 159 221 75 68 243 197 129 59 76 173 153 114 253 40 243 197 236 72 22 139 166 44 222 184 41 29 210 25 223 151 190 217 82 218 215 110 223 54 20 24 189 217 160 42 68 27 190 139 171 245 58 235 112 117 16 87 22 177 121 10 99 209 166 1 89 135 99 238 115 50 74 160 222 197 228 7 2 149 225 117 236 155 33 179 210 35 236 71 248 239 124 158 174 228 90 224 139 155 51 175 0 225 210 129 62 205 195 8 33 191 60 39 56
244 249 37 59 160 138 242 233 159 144 148 77 80 87 241 53 18 144 111 135 134 146 202 162 28 14 76 144 255 98 9 46 13 159 242 111 181 47 73 231 179 138 75 97 81 206 147 135 21 78 222 69 245 69 140 133 160 163 107 164 79 8 132 210 42 68 101 179 118 92 39 42 12 28 213 162 206 175 159 135 207 236 249 232 221 190 111 173 94 80 211 183 2 170 226 161 164 172 127 76 228 1 75 120 126 3 156 102 81 132 172 244 162 243 198 26 17 181 122 228 81 168 144 200 213 149 145 32
21 199 63 43 119 225 238 244 43 87 231 1 138 248 55 160 132 8 168 255 102 135 27 197 14 116 82 78 13 111 121 69 51 156 85 131 226 122 161 199 120 198 10 91 80 1 5 213 24 80 136 4 144 102 207 103 170 75 254 171 229 121 57 202 43 217 123 67 221 69 228 149 31 120 235 95 114 48 0 244 252 149 231 145 85 218 114 95 47 161 182 164 150 179 198 24 223 38 48 41 175 103 137 246 101 88 111 234 142 175 86 1 165 139 39 146 79 227 253 11 102 119 104 153 194 38 23 34
232 214 130 49 0 239 185 227 22 244 127 12 59 145 78 37 8 16 151 222 167 53 163 56 59 200 241 164 55 173 161 158 78 206 4 124 23 73 21 147 132 172 190 179 219 19 91 89 90 136 239 45 191 164 173 84 245 53 110 137 222 76 10 233 47 163 195 140 71 200 204 232 115 226 112 75 216 8 7 229 116 102 224 141 55 134 139 237 146 225 13 52 175 180 81 136 152 73 44 140 223 100 150 110 5 33 153 192 67 211 241 190 81 134 38 214 157 52 124 171 9 99 111 248 119 251 28 115
79 12 48 118 48 101 106 204 58 177 193 159 109 114 41 102 104 191 166 162 102 94 239 154 22 178 190 9 174 9 159 147 18 201 244 227 194 211 230 84 253 148 25 80 186 143 147 140 34 26 96 121 247 220 141 232 54 228 249 182 20 242 12 169 234 145 130 31 61 164 53 156 151 84 221 208 198 250 168 194 241 51 203 201 244 5 128 16 234 127 29 169 1 244 69 242 177 168 131 195 212 149 163 137 112 228 73 157 36 17 218 113 242 136 115 220 184 34 153 200 18 91 43 211 18 182 28 141
91 74 79 220 117 92 217 31 37 187 21 5 168 219 43 185 108 248 60 0 213 232 213 54 93 100 127 10 242 145 217 44 8 222 191 159 110 162 91 150 76 13 182 7 38 0 45 181 94 44 240 61 185 229 224 68 138 56 10 252 40 108 69 61 200 190 105 85 17 145 197 40 243 63 106 25 192 48 229 233 163 71 51 23 58 25 108 112 22 109 2 52 233 160 225 126 155 165 27 177 32 67 160 144 178 14 80 161 231 114 169 248 75 105 16 163 172 70 157 205 89 52 170 207 246 243 48 88
214 225 241 250 140 100 169 220 105 27 160 100 245 41 88 245 221 228 60 214 82 26 216 171 77 80 116 3 87 154 26 85 24 126 23 39 204 213 106 171 117 239 147 224 45 168 177 176 220 149 189 189 171 91 10 225 82 136 64 10 216 28 196 64 62 207 155 187 138 74 71 141 133 144 3 5 253 201 107 149 27 215 63 15 23 83 196 128 196 163 211 56 133 249 205 242 243 189 217 110 175 249 17 162 147 78 156 105 207 32 128 20 249 19 146 98 190 67 154 78 68 240 182 104 206 217 243 26
69 213 13 58 240 18 32 10 76 104 135 118 186 77 88 162 74 251 243 69 10 103 81 43 200 195 143 11 103 141 32 3 189 134 80 134 174 133 232 55 229 253 58 201 132 45 71 43 228 157 141 251 214 226 48 53 52 146 116 124 6 1 153 94 131 3 51 6 56 81 105 147 191 21 200 52 88 216 208 25 32 17 50 233 96 222 255 85 82 100 125 249 104 80 252 13 228 118 46 48 11 44 163 84 220 60 182 158 0 57 145 253 118 10 71 183 240 142 184 132 139 253 238 176 123 159 60 248
52 231 39 19 74 92 228 68 233 175 172 179 197 84 241 114 253 34 188 196 89 215 250 81 133 159 244 61 92 0 133 185 230 11 120 104 186 8 4 245 102 156 14 30 134 14 248 229 53 223 13 168 183 150 224 189 84 73 190 51 52 150 121 211 52 47 72 167 230 240 72 98 158 151 235 146 135 8 159 137 186 226 93 194 24 126 223 156 155 24 32 28 58 138 107 62 103 36 154 228 93 238 135 67 135 112 37 75 238 61 185 231 98 117 120 93 39 19 152 191 245 122 10 4 32 200 122 169
139 116 147 23 254 236 182 233 75 5 188 213 1 223 65 54 109 254 67 47 231 30 130 61 175 149 185 216 206 150 77 243 68 108 40 248 174 233 112 106 149 128 214 240 42 65 63 33 166 28 16 13 104 189 216 243 222 226 101 26 77 128 219 13 62 176 189 135 3 81 91 243 172 210 219 86 170 87 226 10 198 193 246 225 237 62 2 101 84 149 122 127 244 170 42 149 237 28 10 40 161 216 34 154 112 203 74 27 145 139 108 118 149 47 2 82 41 136 71 52 154 56 93 149 229 68 201 246
221 147 172 180 206 240 78 9 65 230 251 215 188 57 43 212 181 78 98 40 194 80 129 16 119 149 11 93 48 4 44 220 9 155 237 145 102 206 8 126 29 137 186 242 90 50 212 241 176 50 155 58 5 127 68 176 146 188 167 244 252 148 4 181 169 199 54 162 188 88 190 1 220 29 228 169 249 149 242 27 225 185 135 28 207 1 27 129 214 222 210 34 148 225 93 44 14 108 48 4 232 45 146 189 41 126 198 158 154 211 220 122 14 90 179 196 89 223 51 77 20 155 144 102 243 213 30 129
3 40 45 16 52 178 49 57 230 76 43 54 193 153 58 114 123 247 198 49 23 26 210 163 207 175 78 48 123 151 86 75 40 170 12 143 94 173 74 18 243 41 249 145 151 42 19 72 75 199 166 96 185 96 8 105 193 22 178 90 3 72 9 9 228 85 96 190 25 150 54 80 150 208 67 11 183 66 11 185 147 244 182 35 24 26 27 63 174 112 178 197 55 163 237 134 195 126 138 31 172 168 224 118 0 184 142 226 71 164 23 10 57 53 31 165 133 94 209 43 202 37 211 66 215 234 148 130
61 11 172 53 56 131 4 108 27 196 172 210 12 117 7 113 25 129 139 244 58 199 36 93 192 184 91 190 169 81 143 201 147 105 174 36 255 176 59 27 14 174 188 236 106 149 180 25 239 56 111 67 48 85 233 6 123 100 106 255 162 112 212 227 251 140 215 237 214 149 10 5 235 127 188 40 130 249 182 129 180 171 134 42 176 113 110 247 197 109 26 28 146 79 69 142 138 131 220 163 230 142 134 188 64 34 61 45 113 144 181 76 53 37 233 122 54 186 253 247 139 110 181 2 166 71 140 246
225 152 24 41 233 119 193 41 201 182 49 226 152 130 216 119 135 191 161 196 80 128 85 178 237 149 143 163 138 71 78 121 24 62 124 34 134 144 11 81 208 112 187 210 164 85 117 62 233 161 121 78 87 37 170 21 37 52 59 122 108 195 94 251 53 151 90 59 15 106 130 130 122 136 12 207 169 84 250 245 248 240 209 172 254 48 116 127 4 148 85 243 69 62 197 181 163 197 104 31 63 255 188 251 104 244 222 72 102 237 64 198 124 160 44 182 241 171 131 95 60 242 163 78 97 53 12 118
202 111 47 226 119 114 201 31 148 248 47 151 122 210 159 141 11 107 144 216 89 174 218 2 149 170 49 85 242 250 86 32 175 72 175 14 97 14 15 26 182 78 32 234 223 222 213 36 198 214 144 10 6 139 95 225 162 216 191 248 250 130 199 22 110 173 228 133 36 181 46 230 246 47 169 170 254 123 44 59 73 27 9 60 16 145 226 108 84 35 70 102 150 32 14 178 224 9 70 148 191 241 116 88 110 113 191 101 231 184 255 76 34 44 104 216 168 97 100 170 164 81 208 134 89 119 187 224
72 247 102 165 111 237 170 51 191 251 46 95 141 13 178 251 11 206 44 206 186 235 135 239 144 194 235 13 165 203 240 27 40 33 9 117 129 162 182 156 17 3 151 126 56 147 95 17 90 40 216 166 19 239 215 67 101 212 194 114 38 119 235 191 201 138 218 18 51 143 73 3 159 160 37 213 241 133 210 255 162 65 57 187 225 177 179 36 89 22 54 238 9 223 63 111 167 121 68 159 61 239 173 8 252 110 1 28 88 115 74 255 177 114 161 10 101 18 5 34 140 73 176 16 214 244 190 7
219 235 67 165 53 48 199 176 248 172 22 167 58 218 133 67 249 151 192 152 61 203 223 167 29 239 198 221 3 203 42 114 59 251 153 163 84 213 13 59 31 31 255 102 88 166 143 200 230 162 18 254 234 226 16 61 163 107 70 217 160 127 189 20 74 186 183 125 70 148 232 123 226 158 69 19 250 32 105 50 172 208 137 75 57 185 197 234 149 79 248 69 99 184 65 186 154 113 0 67 175 53 38 248 167 171 126 161 183 249 83 161 177 213 32 144 32 50 35 164 237 216 98 235 137 98 74 108
58 222 95 61 123 60 82 181 183 140 52 251 223 196 25 82 246 96 154 78 4 153 249 138 51 248 74 98 40 169 115 227 110 234 255 160 201 194 172 118 156 199 249 101 111 81 231 23 163 45 169 88 149 134 250 129 46 31 64 43 39 58 159 62 156 144 94 95 205 189 88 65 159 110 75 36 95 36 190 74 99 195 1 134 134 158 220 27 124 41 129 112 105 144 15 149 76 95 39 99 139 68 147 122 245 155 215 252 50 15 37 106 115 220 181 60 204 159 4 251 171 176 63 234 254 55 42 103
134 136 163 165 16 133 38 123 203 243 57 225 120 77 110 69 159 96 30 239 65 62 22 44 186 31 183 27 228 216 242 223 127 133 30 211 52 150 130 31 212 167 95 22 78 248 218 45 12 211 4 151 6 122 131 37 6 40 159 220 99 180 84 150 182 61 77 2 5 59 105 126 17 137 251 221 239 111 138 59 98 102 166 63 143 40 117 46 23 233 30 101 251 159 167 176 250 130 24 148 56 7 47 118 195 171 78 237 92 130 250 216 42 239 98 145 81 29 229 151 204 124 152 59 247 33 243 81
183 141 131 57 147 126 85 122 166 253 34 17 94 152 175 142 149 248 147 169 147 2 138 71 30 201 76 189 215 157 195 25 132 196 137 198 193 4 114 214 249 242 75 122 120 155 94 242 182 176 91 196 131 140 158 38 184 57 133 213 113 183 0 241 161 112 208 172 0 221 76 149 206 44 251 218 205 22 199 112 63 140 64 44 235 82 82 110 227 173 39 44 1 41 17 164 141 215 55 9 27 183 187 255 91 238 106 170 110 195 89 194 100 105 228 58 52 255 6 23 48 173 49 101 36 238 42 42
107 72 39 170 109 114 94 92 53 92 115 178 244 75 70 182 247 62 167 156 77 192 113 208 1 53 128 198 12 120 37 43 93 113 176 225 246 85 178 163 111 132 210 144 68 230 224 126 158 164 86 44 10 176 40 33 100 168 18 122 245 63 222 105 56 188 216 244 166 91 177 210 196 18 111 179 170 243 133 163 58 217 67 202 21 200 184 136 145 232 3 190 252 189 105 233 33 126 230 161 197 218 83 11 99 136 249 66 215 247 169 194 73 47 68 153 133 193 255 116 105 228 159 192 127 85 250 7
98 48 63 176 191 62 142 76 165 135 12 239 114 95 116 192 53 183 127 185 10 231 165 173 11 64 16 79 175 175 61 72 202 111 165 186 107 7 61 105 67 203 120 88 11 214 63 115 63 37 211 129 190 35 163 192 52 216 125 24 59 115 176 226 186 106 180 36 48 255 35 233 232 20 247 160 30 9 120 70 212 143 200 65 249 247 41 169 162 124 183 181 54 170 61 161 36 211 57 76 43 193 83 116 82 169 213 108 171 174 246 123 200 185 6 253 67 13 79 164 57 168 186 102 46 123 146 151
46 50 227 88 94 148 88 154 230 129 8 161 241 189 175 2 143 118 119 138 23 186 35 171 224 77 127 18 131 221 19 71 150 43 189 145 47 185 82 153 229 222 34 132 222 194 85 57 174 156 42 200 22 147 195 30 186 176 42 92 75 181 54 9 98 226 24 130 149 154 29 253 203 189 96 172 217 28 100 18 47 146 184 84 198 133 163 238 23 26 27 225 95 223 37 156 70 167 61 73 156 214 38 219 250 191 142 50 141 223 244 49 127 153 135 214 213 245 250 223 219 22 32 23 253 169 211 63
177 128 142 23 225 110 71 227 69 128 167 81 147 146 82 177 41 142 68 136 88 18 78 160 89 243 65 59 176 102 155 57 6 215 4 251 77 145 31 27 189 119 125 5 154 173 24 114 133 145 159 255 142 169 166 61 86 44 100 136 6 82 90 247 59 60 89 172 171 53 123 92 236 169 92 93 15 164 88 35 21 8 250 165 56 18 224 43 35 224 127 154 166 35 133 184 54 216 109 58 127 173 217 159 155 53 206 224 44 110 54 159 151 174 132 30 82 69 167 117 63 53 50 41 77 47 99 21
54 142 190 10 111 127 167 180 79 155 107 249 23 53 11 46 133 82 208 234 239 255 32 203 254 96 5 250 21 119 223 21 208 202 112 125 27 230 220 206 251 55 39 26 210 220 153 58 147 196 8 30 236 63 30 169 239 171 202 86 81 174 152 99 154 227 226 227 7 197 11 253 174 170 171 208 87 55 226 123 75 223 108 94 192 106 72 183 203 79 37 92 219 106 194 0 143 112 1 15 233 153 141 224 64 20 178 62 143 174 60 226 197 66 148 64 222 89 131 227 183 61 215 91 16 77 195 162
117 168 255 58 83 87 24 208 187 108 150 140 186 100 22 102 114 153 219 129 137 37 115 229 129 26 18 184 228 247 196 146 91 34 107 249 169 124 82 47 159 222 100 128 17 198 234 217 192 212 54 191 196 56 64 212 241 215 198 157 223 220 181 69 164 140 80 161 251 109 141 83 175 64 105 162 18 21 254 235 93 156 48 183 26 240 195 26 39 10 101 169 41 232 187 19 232 229 222 132 6 82 60 159 176 66 203 35 232 82 18 3 165 48 212 18 214 214 35 189 251 233 145 14 66 245 28 54
131 125 34 49 93 75 245 71 149 131 60 121 106 94 163 130 110 159 113 222 17 200 70 54 21 234 172 169 63 12 219 196 157 63 164 255 80 174 46 11 60 18 176 45 86 181 242 195 27 80 37 62 69 64 123 53 124 67 168 50 135 175 86 186 25 214 70 128 174 61 226 33 147 132 10 100 230 202 3 219 255 209 73 112 226 65 121 112 181 23 254 157 8 163 253 165 37 148 156 153 62 83 159 237 231 66 167 151 233 16 80 203 165 2 125 221 81 50 16 18 218 97 31 188 214 74 231 153
57 243 241 85 187 223 14 222 163 80 152 92 228 239 230 134 155 239 58 97 212 78 72 29 32 126 230 65 210 189 103 65 83 197 88 124 203 72 55 4 152 50 221 171 130 50 132 58 5 105 126 112 197 169 177 29 50 195 218 42 153 125 102 115 103 20 209 75 178 115 8 219 138 1 210 71 194 190 105 36 168 221 153 163 9 69 21 224 142 45 90 11 43 32 202 117 55 160 251 59 104 152 44 30 61 134 79 58 129 24 172 240 254 153 148 178 199 105 137 240 74 74 61 93 254 208 54 222
90 231 245 112 92 29 178 81 73 206 28 11 108 246 221 176 166 202 244 8 251 84 211 96 168 180 58 17 110 109 240 19 206 125 214 190 216 208 180 68 107 89 131 224 227 92 249 13 47 3 43 213 13 8 126 62 99 8 82 231 86 208 235 249 158 45 52 149 91 71 65 217 46 96 151 102 7 9 37 218 210 246 153 162 239 113 156 86 137 130 78 179 177 31 54 199 27 32 102 230 26 24 6 106 119 56 83 115 71 188 41 175 182 188 82 99 241 60 90 115 221 246 29 95 222 206 92 20
9 166 234 176 100 90 85 236 7 199 157 13 251 29 88 193 198 129 244 225 124 118 109 100 236 247 246 235 171 109 131 236 251 129 106 236 38 171 197 117 178 43 191 14 69 134 171 73 82 247 98 113 7 178 171 149 176 176 242 86 206 217 242 197 53 190 176 249 157 189 49 51 72 113 190 165 143 93 135 220 24 76 117 27 245 221 169 209 208 58 63 202 121 172 24 254 154 86 1 71 224 121 98 136 151 177 220 106 64 44 44 49 99 233 73 0 250 184 160 231 91 35 197 24 11 129 89 126
159 161 70 25 161 213 23 8 117 236 16 115 164 62 206 161 57 188 233 160 213 194 135 72 200 75 143 255 210 14 255 155 200 120 155 215 147 132 12 12 100 24 112 111 181 59 77 152 206 180 19 33 247 13 165 239 48 23 147 118 169 249 62 192 72 237 115 231 212 103 193 168 92 161 201 8 47 212 182 64 81 22 114 22 20 78 240 49 178 197 114 213 229 68 232 88 145 143 92 107 112 110 94 66 208 146 40 100 42 97 210 86 80 227 16 132 254 243 228 21 146 219 42 158 90 59 190 238
150 229 107 230 229 24 21 134 127 206 212 137 114 130 55 23 165 140 150 123 193 173 184 206 30 71 194 186 250 136 176 52 132 25 104 134 62 10 41 22 74 2 150 24 79 84 50 43 212 58 219 13 135 199 141 140 110 23 110 11 204 175 13 255 202 113 250 245 168 29 100 198 170 135 205 174 92 122 156 104 129 121 213 209 124 6 54 255 91 132 128 119 162 184 105 122 131 204 212 103 136 246 195 38 19 156 123 224 128 131 5 84 209 220 240 122 48 186 51 51 141 44 38 233 39 225 166 45
148 160 104 24 181 172 3 170 33 101 167 13 168 166 177 143 2 202 161 32 79 214 180 36 75 189 2 84 229 249 7 38 198 125 158 52 221 142 162 123 54 41 81 111 104 186 211 158 52 240 64 130 203 160 179 152 0 160 101 37 238 242 203 217 213 142 123 163 16 80 162 89 179 187 28 191 74 244 137 129 78 241 76 174 61 232 244 22 99 174 205 170 216 187 23 206 227 239 25 208 234 214 100 161 116 211 82 45 220 176 215 231 232 79 165 232 166 94 239 90 198 211 98 212 237 27 150 44
51 44 252 147 209 160 42 21 243 66 252 210 230 85 217 182 57 103 183 160 80 62 157 232 206 41 162 124 3 30 102 48 177 28 123 60 14 250 186 44 66 132 136 68 124 251 114 56 181 180 53 73 46 146 235 8 165 194 195 231 211 200 238 229 218 203 172 37 148 152 41 59 156 2 201 145 232 93 19 5 53 0 24 121 6 121 229 30 9 139 236 202 249 172 174 139 42 252 104 104 23 17 112 98 78 207 129 188 31 39 235 70 136 191 170 102 116 129 207 212 36 119 113 203 96 163 216 134
63 78 248 139 190 190 2 187 61 69 21 178 15 149 160 61 68 233 47 141 105 189 236 193 86 18 239 252 140 223 30 125 247 168 74 209 132 141 99 12 104 156 29 88 251 85 172 123 183 103 196 149 84 15 251 182 125 229 54 224 168 220 206 24 11 119 84 209 98 62 88 34 110 215 10 103 111 222 1 89 198 226 119 151 20 201 42 34 36 145 236 57 232 187 219 101 125 40 160 57 212 155 130 73 51 180 128 193 106 2 108 22 174 178 233 58 119 74 90 42 27 139 210 180 115 27 188 189
225 194 82 46 198 183 66 118 9 160 212 39 145 124 182 192 135 5 177 208 2 131 84 53 44 146 86 215 50 122 37 17 166 185 45 149 154 35 182 212 174 249 180 188 164 20 193 5 215 208 193 147 14 20 29 148 181 78 34 167 12 53 108 53 158 106 59 88 72 59 208 28 124 84 191 77 89 13 111 8 19 172 30 99 14 49 232 246 74 194 113 221 193 198 15 138 236 152 63 178 50 187 131 164 82 172 147 83 161 182 168 114 112 222 246 194 214 185 159 218 44 50 226 227 241 95 122 120
6 34 37 111 105 215 168 114 60 201 164 62 90 255 75 134 129 221 41 211 254 128 153 120 247 71 130 216 99 75 250 253 21 243 93 2 67 154 191 196 30 164 169 143 1 171 179 240 178 69 123 14 28 21 253 251 139 84 174 73 175 205 136 215 68 66 244 157 0 197 6 79 0 167 159 4 221 98 6 152 1 88 240 239 102 171 85 11 13 26 215 139 165 130 95 200 125 17 71 203 194 53 186 183 171 213 246 116 91 123 216 223 251 177 219 238 205 229 154 125 112 105 56 197 11 52 13 97
219 54 234 135 157 166 195 147 22 154 129 7 250 146 245 255 191 87 72 32 69 135 110 96 248 0 37 85 50 50 105 147 191 221 219 28 194 139 34 3 96 9 223 234 57 25 122 144 96 6 52 7 40 45 164 177 245 25 205 35 192 247 140 86 211 113 208 237 134 60 167 63 110 208 158 205 52 84 156 30 169 135 84 237 88 3 38 169 160 69 102 103 213 208 37 85 35 187 113 116 3 99 129 235 123 249 121 19 9 76 1 145 126 49 0 204 99 58 241 195 74 49 134 7 55 0 114 46
125 248 213 6 116 10 173 1 121 136 202 35 1 32 30 35 56 74 231 232 142 254 116 59 162 121 50 153 97 152 20 177 92 31 89 183 152 209 68 223 194 25 24 218 240 53 159 55 151 204 155 116 211 233 85 5 42 197 30 69 163 94 205 15 84 63 200 84 69 145 44 62 49 120 36 131 28 216 5 47 59 66 97 36 22 212 137 228 168 218 198 14 177 8 165 119 179 96 77 251 187 214 160 13 137 149 50 43 162 208 74 99 196 211 231 76 220 117 6 231 98 69 125 133 163 89 85 68
184 30 92 66 239 127 10 81 148 197 185 164 119 138 122 211 19 147 174 81 140 193 123 146 154 174 82 78 16 254 111 17 142 153 171 36 165 66 99 37 217 87 210 152 139 120 36 44 195 77 111 20 53 189 149 114 130 122 130 12 117 14 26 34 99 55 15 129 198 126 3 148 151 9 243 24 66 204 120 17 138 85 26 147 120 225 48 215 82 36 15 131 221 125 164 145 207 166 169 15 123 174 154 186 14 230 15 108 24 253 18 190 119 167 52 230 225 93 250 228 102 175 48 0 61 146 137 22
238 168 199 50 15 155 9 220 158 9 164 35 107 232 233 20 78 241 221 145 187 227 120 77 30 201 132 192 50 56 222 228 172 225 57 208 15 245 149 122 211 226 70 186 50 172 174 91 150 154 133 221 66 255 175 222 141 115 196 245 96 228 181 140 150 118 102 142 41 20 177 53 43 208 23 36 29 137 190 2 80 165 253 12 224 173 80 27 30 242 128 214 55 158 211 181 112 56 221 30 74 66 43 215 82 200 132 17 65 93 15 131 11 204 14 89 183 3 204 134 43 217 2 24 6 244 48 213
197 115 47 185 153 64 216 231 115 218 0 148 145 79 221 204 108 10 73 46 116 75 231 219 12 182 249 246 27 211 198 189 110 114 138 210 12 105 104 104 109 81 151 175 95 37 170 215 26 132 216 34 131 120 69 61 117 22 8 19 225 209 64 21 253 92 87 118 155 135 125 213 59 36 115 237 145 228 197 135 139 202 46 30 72 36 76 251 8 10 15 119 130 149 193 32 87 77 164 86 109 198 189 51 222 212 209 184 239 146 58 246 241 81 191 232 194 91 147 102 248 165 83 71 244 139 38 98
105 51 56 79 21 100 131 14 118 174 47 219 220 50 234 114 236 133 205 125 240 137 236 136 17 49 0 52 243 40 58 39 94 35 192 203 49 3 104 180 230 151 90 14 3 49 217 40 81 4 129 148 132 187 89 209 138 233 108 206 73 154 16 106 168 235 116 75 186 53 238 109 156 212 37 190 238 217 76 126 52 91 109 92 203 132 72 52 27 218 17 144 177 108 129 45 235 198 61 236 112 47 244 20 27 94 179 236 25 221 51 218 41 182 82 144 244 21 184 57 232 124 11 45 252 93 145 31
54 139 139 157 99 115 221 71 217 3 80 22 210 25 249 214 51 30 160 33 46 146 146 47 192 49 179 32 247 150 93 92 151 93 83 128 144 126 173 33 9 42 69 159 152 5 86 189 127 107 145 38 218 232 121 218 30 85 244 106 164 19 157 207 94 150 3 178 23 14 67 211 144 130 152 15 131 212 148 93 214 15 125 191 52 47 215 72 216 1 233 49 202 179 150 189 162 198 10 11 48 178 240 116 53 39 229 163 207 167 39 206 134 232 46 78 153 83 16 141 81 81 67 147 178 249 46 96
223 111 62 55 182 150 91 31 121 216 21 178 111 59 230 31 29 130 174 96 116 67 29 247 51 247 88 63 114 114 6 186 43 84 56 87 98 155 123 215 8 149 198 155 105 128 179 181 100 218 99 185 103 236 8 91 222 23 85 87 223 85 219 207 126 132 29 50 211 7 125 40 148 246 237 99 17 6 98 164 217 51 40 213 139 242 181 174 109 56 250 145 193 10 108 64 223 124 175 159 150 86 173 107 175 70 113 64 140 198 144 60 54 54 249 229 27 58 59 33 99 114 110 16 103 135 174 132
209 6 96 75 113 206 155 196 100 146 105 78 16 79 138 167 56 187 249 236 243 107 239 160 245 15 249 145 58 62 188 186 170 170 178 162 64 94 223 183 136 155 139 251 53 101 198 48 59 188 209 242 97 22 33 243 74 231 50 184 105 252 154 201 181 162 119 16 216 216 47 93 65 222 212 202 245 15 178 71 33 198 219 40 28 196 96 107 93 157 70 239 94 96 104 54 71 247 57 49 204 137 208 118 35 102 120 110 43 140 201 166 226 6 169 207 106 163 222 205 247 71 35 120 84 212 202 18
81 49 203 28 177 72 96 138 226 142 230 100 162 162 44 90 204 121 56 181 210 2 243 5 7 233 120 60 49 136 211 173 201 65 34 129 124 206 210 33 7 206 213 36 247 243 67 0 85 105 241 5 109 252 169 103 166 38 124 59 216 92 84 37 254 225 118 155 83 136 151 168 251 170 184 194 10 16 201 76 27 214 239 75 156 168 78 25 254 203 167 38 243 186 124 187 124 217 13 7 252 227 139 202 65 186 85 127 145 98 181 69 54 164 120 73 17 125 61 77 82 119 149 241 93 155 27 107
194 238 171 124 210 23 37 117 54 217 67 183 8 202 248 53 183 114 98 192 61 238 21 44 84 151 170 218 117 234 36 143 186 210 152 16 23 121 147 101 48 90 234 0 175 248 84 62 72 100 117 54 211 192 25 88 208 204 75 146 44 207 91 193 55 91 237 150 4 10 92 198 100 20 160 75 50 61 160 185 207 191 14 48 182 220 58 27 4 1 81 100 236 197 187 67 210 85 210 89 255 228 157 181 167 213 145 13 197 48 222 72 150 240 181 83 147 201 75 14 215 65 67 164 138 227 51 151
234 252 75 189 39 234 3 184 204 187 125 27 195 152 240 246 121 55 72 192 57 41 7 83 227 55 110 216 95 35 141 248 119 10 81 162 215 135 175 18 234 86 106 70 225 9 52 251 79 119 139 19 191 14 121 138 197 159 192 63 208 223 238 57 91 174 95 191 71 248 247 5 8 197 1 226 117 44 186 200 67 144 58 70 70 159 29 128 194 16 217 255 139 147 227 207 72 50 242 197 52 193 199 74 158 38 146 109 126 11 237 80 20 6 47 72 117 60 209 139 237 175 214 123 218 136 190 39
10 210 143 157 120 53 123 51 226 30 231 100 184 32 30 3 173 246 134 229 84 41 31 126 209 44 52 228 96 202 158 76 238 156 5 70 175 211 29 208 0 81 226 186 58 218 246 48 126 121 183 179 85 80 241 206 92 219 163 172 231 108 232 46 89 7 44 210 107 145 250 23 149 180 17 184 51 192 60 172 228 208 112 124 132 7 123 177 6 98 90 191 44 173 16 136 5 125 191 211 15 130 162 216 80 100 98 176 159 36 147 14 88 104 201 232 17 20 236 73 17 64 157 27 203 14 161 118
78 155 186 92 47 253 84 121 55 44 139 219 41 146 31 127 90 55 140 96 230 19 212 18 249 158 55 146 190 46 135 200 117 155 254 254 72 68 141 114 195 140 189 152 242 197 74 180 243 31 156 111 201 136 94 68 216 139 199 213 10 99 218 176 84 177 62 67 205 175 225 47 167 116 192 215 170 228 80 206 179 100 243 150 159 83 234 1 61 16 72 202 24 117 18 214 44 164 249 21 45 61 48 139 111 215 34 141 187 38 11 245 185 30 211 169 124 101 248 32 15 23 50 253 167 163 92 27
42 5 124 144 76 169 101 87 160 95 193 47 232 224 70 55 221 63 77 15 205 52 29 239 182 165 249 168 210 124 244 105 222 220 174 98 146 136 125 91 211 56 108 244 199 226 10 196 58 33 213 27 145 223 95 82 116 164 26 115 221 38 147 27 33 137 2 208 237 207 231 201 41 16 72 98 33 43 108 25 135 142 134 136 67 19 46 118 165 218 218 6 96 150 8 87 226 132 225 88 23 15 173 38 158 202 69 218 35 229 195 205 120 72 255 214 92 181 186 154 171 221 218 126 102 7 38 78
250 179 29 87 95 180 48 111 114 94 143 212 243 25 83 213 182 138 162 19 110 56 46 162 74 146 215 114 215 142 0 147 196 137 240 69 243 33 227 58 15 149 228 212 214 6 147 97 138 163 186 197 185 64 186 36 227 99 140 89 139 195 166 59 17 54 32 6 208 163 119 132 252 236 53 136 203 140 10 49 100 37 167 107 165 232 172 12 79 128 10 145 47 231 244 50 101 88 234 76 233 11 53 253 190 184 82 108 49 101 17 83 147 7 197 114 188 178 43 37 214 189 236 94 192 128 53 84
175 141 87 147 15 191 16 115 121 136 87 214 14 238 122 2 66 9 46 176 245 172 125 179 87 154 160 200 211 32 78 212 141 225 173 14 197 119 161 141 100 248 8 181 232 17 208 30 39 244 130 80 162 87 148 23 189 117 147 81 182 148 13 93 220 128 242 90 7 3 41 10 248 125 239 82 122 90 230 13 251 86 57 83 216 81 179 14 227 166 72 31 177 214 243 126 169 109 239 32 123 73 9 239 100 77 68 203 223 170 247 12 159 79 129 160 84 239 18 85 168 183 241 235 217 1 154 154
77 197 251 106 49 241 84 75 148 50 191 158 19 195 212 75 176 158 211 161 234 27 96 121 144 172 62 211 6 253 160 244 226 102 6 165 247 236 46 62 60 237 134 25 213 82 180 86 16 255 53 233 202 224 157 81 107 7 202 39 82 250 214 228 92 78 56 96 222 31 130 126 72 45 152 216 117 246 186 96 203 54 5 136 124 196 183 205 175 11 41 186 45 247 114 148 6 98 53 154 108 159 119 53 137 115 31 55 4 241 59 78 207 54 225 54 144 148 240 5 54 236 155 24 8 169 6 75
104 101 136 129 237 206 185 17 232 84 168 15 111 141 220 42 31 90 129 85 169 54 152 8 146 206 178 137 30 35 184 230 28 215 92 217 60 253 134 84 211 36 117 162 45 221 175 200 164 52 164 252 95 89 81 133 36 169 39 105 42 229 190 27 99 237 184 110 68 122 49 21 103 67 89 55 200 21 231 214 182 86 138 43 58 138 121 133 82 214 119 72 85 83 159 2 40 148 41 102 15 195 36 144 82 125 98 82 234 95 103 208 141 177 72 217 168 227 154 226 127 43 171 74 16 176 187 227
5 226 185 135 34 205 246 16 252 121 174 109 63 212 123 82 155 63 182 150 66 167 13 165 48 77 162 21 233 118 36 245 55 131 143 175 152 178 209 221 113 137 97 17 96 156 47 174 45 76 149 6 128 132 156 179 103 152 0 28 7 186 156 46 191 63 85 197 58 194 36 153 221 67 56 27 207 65 203 36 31 250 179 243 84 81 69 179 0 138 54 92 226 133 83 114 61 44 151 140 138 158 232 78 206 18 50 147 62 223 135 176 208 122 225 128 192 200 94 76 162 150 59 76 142 228 185 158
253 98 0 196 182 34 162 79 163 110 254 126 54 179 103 180 76 246 35 172 43 32 58 160 147 127 213 81 172 215 138 119 137 76 229 244 117 166 142 142 173 160 233 231 109 15 237 80 43 25 153 56 226 232 40 68 82 113 162 90 215 103 81 59 58 83 36 183 126 219 245 89 7 4 63 156 87 87 201 141 80 8 217 43 145 158 98 145 93 59 111 192 2 234 83 206 202 60 250 140 138 185 38 48 160 89 149 127 31 48 169 12 10 110 182 244 86 111 24 203 118 225 85 125 157 149 189 66
11 71 148 92 167 199 209 247 130 128 216 101 230 232 235 169 2 106 157 85 170 200 182 120 181 115 106 60 233 7 115 156 99 172 141 134 229 186 66 42 94 206 245 213 38 210 103 137 33 212 207 160 131 77 34 11 194 10 206 137 126 130 182 28 54 21 183 79 152 199 110 111 240 186 4 89 175 153 114 200 219 59 165 99 219 51 34 147 22 18 11 58 6 151 241 46 209 164 240 123 222 75 43 49 171 223 185 36 17 114 63 134 44 49 41 13 150 123 199 163 200 201 236 46 45 110 0 130
157 15 218 152 88 59 70 3 180 85 15 175 28 226 177 97 110 197 0 74 201 20 163 40 89 148 142 20 55 160 114 88 19 144 88 166 75 151 109 218 225 64 196 0 228 84 96 191 168 105 129 30 97 3 204 213 56 58 56 227 137 128 254 250 98 97 82 230 187 108 94 194 93 236 183 209 32 87 147 88 206 198 105 58 124 45 47 60 201 119 193 59 156 163 183 109 249 191 241 6 63 187 64 111 53 76 252 84 100 112 236 156 46 160 64 168 147 110 114 180 239 161 135 118 162 155 180 190
14 90 186 181 120 128 214 226 76 18 222 125 196 36 25 53 59 163 129 40 254 181 22 189 54 182 138 103 25 255 26 186 27 37 92 179 216 197 213 58 105 48 51 31 217 116 88 24 220 110 221 180 77 216 145 254 185 252 137 61 163 211 21 113 129 87 215 224 148 226 131 131 105 129 233 219 90 185 0 173 51 178 75 16 138 224 107 189 244 92 209 184 130 51 128 0 170 40 199 182 183 153 43 205 146 8 57 170 145 31 120 130 166 234 253 101 91 124 247 68 134 175 72 75 97 113 165 247
234 18 151 35 3 75 206 93 158 222 109 145 99 224 13 245 226 99 94 238 62 116 10 122 246 67 247 133 121 34 127 177 84 6 195 6 23 140 199 157 44 152 15 212 4 87 111 154 101 209 218 111 58 206 52 214 158 68 144 152 212 162 162 161 166 251 242 246 31 227 29 23 199 131 88 240 138 76 197 31 185 190 245 10 116 106 39 42 40 95 211 173 208 197 148 247 18 36 142 188 92 170 52 83 184 203 200 98 2 176 53 64 235 67 209 100 168 63 69 151 131 220 61 132 240 173 199 100
163 248 19 199 225 201 243 234 23 228 44 45 69 170 50 93 248 76 74 161 59 247 184 223 18 71 24 115 51 245 169 96 43 18 54 236 151 116 25 152 158 71 203 51 201 180 201 159 119 74 84 254 236 198 109 203 131 168 24 111 220 9 215 126 213 68 118 78 203 29 69 221 14 229 231 22 182 62 35 149 65 137 118 74 185 33 199 183 6 204 119 31 161 182 194 77 183 241 55 58 234 241 227 185 178 142 38 243 223 248 129 216 13 238 1 133 66 136 190 241 75 72 189 193 122 185 4 200
198 51 40 46 240 232 17 143 123 236 11 119 13 226 121 63 11 78 61 48 13 254 71 96 190 207 137 79 178 36 42 218 170 91 245 50 152 162 31 137 138 200 33 151 212 49 132 152 200 21 163 249 50 127 17 28 87 178 69 172 191 226 184 200 60 60 174 44 58 131 150 212 20 100 15 38 176 89 46 27 57 245 218 212 22 68 49 12 83 109 64 236 99 232 37 16 172 43 170 198 153 111 225 170 25 22 156 68 106 179 116 221 19 206 111 59 75 21 65 113 137 244 202 214 216 145 147 64
75 11 163 57 186 183 60 186 131 103 182 249 95 248 81 210 10 157 248 193 184 254 117 41 224 47 81 239 133 31 155 40 213 126 90 160 149 169 157 116 117 156 51 160 53 156 53 135 153 245 132 21 135 140 6 189 251 40 114 164 134 98 213 93 74 114 243 191 123 67 83 201 141 242 62 171 72 210 50 68 252 151 153 88 209 16 144 170 11 156 229 76 56 13 50 166 236 136 166 205 10 206 138 9 220 28 133 182 196 243 120 72 34 28 201 81 126 214 88 54 19 108 192 89 105 49 105 247
245 221 111 68 133 80 57 100 65 179 186 144 173 189 58 240 36 189 16 153 169 186 254 171 249 13 36 160 39 69 223 19 73 95 127 110 38 235 0 119 4 200 35 193 238 124 21 49 226 84 105 204 201 46 90 239 231 183 71 22 203 113 158 71 162 247 83 58 74 243 75 113 19 15 43 190 235 219 239 247 86 76 70 209 82 221 91 83 85 35 156 46 108 165 216 65 80 57 118 8 91 203 0 60 166 189 76 40 253 225 227 122 221 64 8 147 165 111 17 157 66 173 90 27 30 249 152 110
197 193 170 102 45 201 195 173 15 64 79 7 251 199 39 119 68 1 108 80 31 103 180 242 202 79 3 94 49 251 221 50 10 6 45 85 120 170 99 129 108 133 177 12 177 4 146 200 113 118 46 92 14 36 26 67 57 218 178 241 224 90 130 88 53 136 217 167 125 108 5 171 37 116 207 235 164 184 172 45 227 55 12 189 229 161 154 190 203 85 187 37 129 33 105 82 88 172 210 205 68 31 200 83 236 197 91 4 125 137 20 170 114 38 50 242 92 52 115 33 200 82 81 23 32 198 195 145
127 17 136 108 107 28 19 6 41 70 177 188 108 38 156 190 33 144 156 57 192 92 126 145 27 139 221 102 161 245 26 142 49 56 35 173 240 72 139 78 56 249 111 156 193 115 98 240 133 42 168 181 200 96 251 234 179 135 187 238 12 234 30 187 164 239 54 163 58 194 63 178 248 146 156 165 190 245 49 192 207 38 7 55 218 246 225 117 185 203 53 210 254 120 153 98 31 7 208 149 244 180 136 230 166 250 30 39 171 221 242 81 163 96 143 68 122 227 127 230 39 4 180 16 94 214 87 8
196 40 8 36 150 16 65 168 227 133 82 143 153 51 37 210 246 67 64 176 110 100 54 114 28 66 93 246 178 181 90 211 25 101 184 27 142 26 210 212 116 125 97 59 14 237 88 96 237 146 83 16 114 224 152 245 27 133 248 134 129 177 145 21 77 238 195 109 241 217 176 165 157 33 197 226 149 113 48 159 1 216 241 50 88 64 225 241 136 22 48 6 228 112 220 177 189 66 135 57 13 229 103 36 34 149 244 93 128 150 145 108 201 240 144 159 14 117 28 237 237 79 36 191 127 140 191 221
215 41 114 167 176 138 168 196 133 66 172 9 82 44 233 133 155 138 244 254 109 91 251 205 173 79 105 205 75 54 12 190 131 244 243 31 125 153 91 224 220 78 46 99 152 73 18 0 106 33 105 33 59 210 161 28 184 138 113 226 5 34 18 199 57 151 213 143 75 254 102 92 197 39 217 230 30 189 4 176 229 155 115 226 51 44 122 145 111 63 189 176 42 61 106 185 176 134 139 10 174 142 100 217 11 83 252 172 134 14 222 207 81 138 143 100 229 211 217 53 3 55 244 167 49 157 200 88
229 213 11 220 239 99 52 225 18 36 154 27 248 192 181 91 152 10 83 122 221 102 146 77 66 45 7 67 225 175 190 160 144 177 97 179 202 131 82 38 228 68 118 240 211 158 39 25 14 52 37 34 173 22 54 56 211 86 87 236 199 109 11 209 65 99 76 243 146 71 129 237 189 199 3 168 152 131 124 6 65 185 202 52 78 32 212 124 76 228 48 7 180 15 207 48 215 252 38 166 84 11 221 206 3 227 192 35 217 156 99 82 181 90 166 98 129 253 41 200 182 226 216 161 135 196 99 12
223 74 206 245 7 53 145 37 163 52 208 138 159 81 137 39 130 211 218 114 80 199 251 62 161 191 101 132 52 232 43 98 48 181 1 69 52 51 128 49 92 52 48 225 40 50 165 76 204 82 204 127 19 118 36 23 187 0 225 253 3 156 160 217 48 247 134 143 121 206 80 175 98 140 28 171 162 24 159 91 141 123 92 170 66 34 16 55 75 116 75 186 24 53 98 27 200 220 14 231 8 8 53 233 127 47 218 79 180 42 136 146 62 172 139 136 251 217 11 184 160 77 94 161 208 188 105 57
2 211 53 240 179 232 19 232 20 59 208 154 255 163 135 115 193 54 232 91 153 239 212 201 18 163 78 115 31 29 137 215 242 27 6 13 11 167 210 36 31 163 116 108 175 18 153 79 32 157 44 188 183 60 214 194 104 111 197 185 86 10 133 131 248 86 140 191 182 48 118 9 160 111 115 240 143 77 215 188 189 144 116 190 48 219 7 139 130 186 112 85 14 194 186 178 21 203 85 131 13 96 237 107 21 14 128 137 32 163 240 230 99 186 87 206 186 189 141 158 7 170 18 134 77 85 66 129
231 234 225 151 218 142 50 168 104 247 4 96 224 43 77 37 22 23 152 94 131 206 144 148 170 29 123 17 144 224 237 246 71 58 46 1 142 232 67 149 36 201 255 213 223 151 11 132 56 87 11 36 160 136 223 66 141 106 98 35 173 194 76 125 119 14 110 92 131 95 196 219 181 161 35 9 187 91 155 25 15 5 20 54 202 56 57 87 254 205 250 1 103 247 172 50 240 254 209 118 33 137 203 186 55 250 85 151 95 186 215 105 43 36 243 202 171 248 145 152 216 3 117 88 189 31 63 125
139 14 8 18 194 38 166 41 152 28 72 129 144 16 129 252 51 184 33 53 100 160 27 117 96 96 193 247 49 37 231 133 58 101 67 212 21 134 218 178 98 80 66 41 99 190 108 97 219 163 99 233 249 156 122 191 218 112 144 160 166 143 150 200 70 114 139 187 51 166 65 211 106 224 19 253 227 151 159 53 249 162 26 107 171 80 71 215 111 48 218 248 144 32 159 56 84 1 47 10 62 73 54 200 183 52 117 76 69 190 134 188 212 208 220 62 111 184 8 140 104 108 80 203 18 44 18 102
87 133 157 125 122 114 206 95 169 176 227 152 21 195 193 223 169 31 59 195 82 70 72 120 83 155 205 165 5 138 178 244 130 117 82 108 149 210 2 172 217 80 60 25 51 151 225 102 160 120 98 239 205 127 74 208 134 89 129 34 251 231 211 4 204 153 65 183 29 215 167 197 225 118 59 192 50 6 42 25 56 209 198 201 96 86 16 69 149 46 147 162 41 38 15 31 116 141 197 64 174 3 196 92 47 109 116 203 244 146 91 40 41 209 126 201 120 18 246 145 167 119 61 130 189 235 76 183
245 241 240 228 194 212 121 100 97 6 153 222 26 190 20 156 21 27 33 13 86 100 85 24 118 18 125 98 68 38 135 142 170 84 134 87 53 135 194 22 103 145 167 33 227 144 89 217 123 186 90 65 198 138 33 196 121 101 14 70 62 180 71 41 180 141 248 23 166 35 36 165 158 16 168 79 167 192 73 243 12 30 231 60 18 212 169 22 110 22 245 255 172 100 82 104 56 153 105 108 190 10 71 180 60 24 222 141 207 174 181 37 10 7 118 36 82 29 17 235 75 231 200 47 217 232 33 123
250 86 198 215 114 16 129 46 72 176 249 31 213 235 178 150 133 80 243 177 189 254 87 240 84 21 2 67 36 35 1 146 198 202 16 117 228 28 143 183 223 147 246 61 232 26 142 83 168 92 216 140 2 105 224 213 114 188 29 73 27 188 246 70 84 71 157 79 230 81 49 184 176 5 162 43 176 172 230 6 51 155 223 23 73 177 58 223 245 180 93 224 100 134 244 209 172 17 251 45 30 15 182 225 172 153 45 109 103 8 105 232 139 81 233 131 240 206 134 140 66 181 99 135 236 213 22 66
139 138 245 75 106 179 173 128 153 157 119 153 205 35 186 246 110 241 32 46 178 186 13 88 34 247 132 104 54 124 172 57 169 118 86 81 14 3 62 1 7 73 49 239 148 206 103 197 253 164 190 128 226 242 168 156 199 215 81 175 192 42 50 92 195 47 10 66 151 191 40 247 27 82 255 27 119 118 86 117 106 189 188 173 191 204 42 21 10 210 218 90 47 80 90 252 15 33 2 197 103 183 109 100 89 10 254 70 190 242 204 246 174 104 61 15 210 178 184 144 113 172 150 122 222 246 145 106
189 122 110 162 184 163 145 138 30 50 194 164 220 86 125 227 100 142 210 93 64 95 252 29 236 73 235 2 1 219 176 126 186 182 224 222 55 127 212 203 159 162 38 166 174 103 184 68 187 63 117 76 228 135 194 82 180 188 105 33 225 29 222 199 20 245 14 196 84 130 222 247 14 68 210 149 185 40 104 95 159 201 97 58 198 111 2 100 22 89 141 240 242 142 75 167 105 77 191 168 234 82 44 230 254 106 236 251 133 173 104 94 80 12 215 238 88 27 220 254 119 133 26 152 8 25 251 88
97 57 114 221 10 160 117 78 116 205 132 191 68 3 13 206 121 171 168 115 135 120 234 132 173 242 228 134 5 54 232 151 190 6 239 72 141 143 146 201 65 195 86 131 96 14 243 126 224 116 50 100 0 174 185 247 246 143 126 87 113 253 174 151 250 147 17 132 164 167 76 61 168 136 37 184 210 150 233 195 13 53 124 89 180 75 213 135 147 90 76 36 196 144 6 91 207 37 239 97 117 167 136 44 218 201 39 174 165 111 133 41 124 30 52 231 118 240 126 67 11 1 182 43 176 78 54 219
85 218 103 31 233 62 147 172 200 66 214 174 26 194 230 226 236 177 31 215 122 104 101 190 82 198 148 48 140 67 57 6 164 9 64 175 147 247 151 10 202 244 91 98 116 228 110 194 26 139 167 138 49 1 3 90 86 165 98 12 19 153 73 179 235 84 30 95 12 198 130 172 57 37 103 209 209 61 139 14 205 59 187 54 31 226 49 210 72 180 131 155 21 209 115 252 117 67 239 224 162 169 251 215 158 25 195 199 35 64 123 25 214 103 243 86 228 52 136 237 77 33 43 179 38 36 218 58
145 44 202 140 254 69 224 170 38 48 32 51 110 156 50 126 0 14 213 48 116 180 87 175 108 184 48 156 181 23 7 200 46 154 139 147 162 204 145 203 172 172 108 198 115 250 243 62 45 58 61 14 48 241 40 107 25 159 28 158 32 144 8 132 254 225 89 103 235 217 155 161 208 63 103 232 226 54 219 24 191 98 152 83 38 167 30 249 214 242 164 213 182 128 222 242 125 47 95 56 108 193 131 27 145 90 188 72 136 219 10 74 105 177 50 151 133 34 7 0 53 13 207 215 122 7 2 184
248 147 234 125 193 51 228 185 193 161 30 57 166 115 121 31 223 16 139 9 150 138 59 79 53 51 128 10 70 226 74 114 161 48 38 10 59 149 134 90 141 214 75 246 212 183 75 172 151 229 241 211 78 118 223 138 47 152 154 185 89 129 24 35 75 178 99 36 26 44 119 32 15 202 92 18 86 79 245 123 36 26 4 119 26 165 189 169 53 167 149 225 17 154 155 30 153 105 89 183 83 24 22 224 75 156 239 180 84 61 123 169 160 65 248 169 63 203 81 68 233 89 13 154 218 72 120 152
108 131 237 201 155 86 111 36 159 80 228 98 169 147 52 94 206 142 234 181 163 216 133 137 67 110 193 215 80 45 171 101 155 128 72 134 203 68 67 195 5 97 235 246 6 68 200 48 121 39 191 125 157 185 70 73 222 47 193 202 90 86 106 242 118 249 194 130 112 160 193 52 236 206 67 201 136 144 34 73 209 142 128 75 194 207 58 157 86 168 136 153 187 204 214 202 15 25 221 28 152 207 84 127 204 147 189 116 99 8 174 27 198 79 16 108 125 250 80 22 98 167 145 50 8 8 69 81
15 154 189 130 208 148 54 194 22 35 72 89 83 11 35 246 123 214 163 8 137 30 131 42 186 160 147 93 77 171 131 144 152 148 197 35 11 183 206 69 224 176 23 90 14 9 30 209 104 204 41 198 17 53 123 1 106 106 209 35 29 143 128 240 180 219 130 82 28 24 231 82 199 167 203 109 28 173 233 171 35 34 80 186 195 22 221 160 138 86 182 65 166 95 104 225 7 252 150 117 161 67 124 219 180 142 167 143 226 17 49 196 194 65 185 123 83 90 192 154 124 217 39 64 204 46 121 61
137 172 42 192 161 214 67 130 189 54 226 141 111 160 232 151 30 189 140 212 196 113 106 84 62 77 225 197 116 40 249 176 96 251 52 193 57 1 152 101 215 20 77 211 134 87 19 77 116 152 246 8 137 204 151 148 1 2 10 74 186 104 87 214 124 52 46 199 226 205 186 80 36 209 37 54 113 17 230 205 237 165 227 214 8 196 76 41 230 28 104 157 54 174 102 208 68 97 106 98 58 124 119 52 240 193 244 15 40 239 157 90 211 221 219 241 104 171 220 139 28 177 44 19 233 190 194 53
192 84 96 103 107 129 60 4 52 16 183 80 27 50 83 49 49 212 36 69 41 212 192 70 95 124 151 187 247 111 25 109 184 125 81 222 1 92 157 62 246 12 119 161 211 11 190 156 203 125 202 124 240 80 28 237 51 85 51 85 18 246 247 205 89 107 10 243 7 212 131 78 70 58 86 208 172 0 24 184 216 43 161 136 55 187 130 165 145 130 68 104 95 108 243 25 49 221 132 48 78 44 79 189 211 235 19 93 224 56 235 227 110 247 210 75 213 55 130 50 61 214 66 126 236 53 68 148
126 210 238 95 230 172 9 233 165 130 99 153 124 184 253 205 241 101 215 220 60 34 243 18 26 245 62 5 221 7 242 110 224 55 140 178 181 104 174 204 166 43 186 28 175 43 240 195 37 11 121 182 173 57 179 44 67 22 217 195 12 180 59 152 105 126 27 175 202 70 91 201 162 44 222 13 150 130 35 215 45 114 36 21 132 40 112 239 53 124 140 234 146 217 186 152 236 46 119 187 13 58 154 210 8 195 70 222 75 2 188 62 234 150 252 44 179 215 9 160 244 196 209 19 128 237 173 189
69 50 85 208 97 21 161 243 178 233 71 57 127 197 33 196 110 244 38 197 211 36 183 75 199 9 188 51 166 78 67 180 77 167 0 144 151 112 83 132 212 93 127 129 254 74 68 137 37 181 227 81 217 232 119 7 80 90 30 30 49 28 126 29 104 20 239 35 250 56 49 175 25 122 134 195 116 147 236 48 48 205 202 97 4 47 252 134 234 224 99 129 91 117 15 45 162 92 186 195 206 177 23 176 240 176 49 79 98 83 146 4 3 250 233 75 152 22 210 114 60 167 171 7 241 47 157 67
237 154 242 67 207 43 101 181 25 209 207 29 189 250 240 110 14 123 112 72 245 9 44 197 92 5 39 16 184 122 8 112 238 62 235 174 98 203 213 241 174 168 1 53 218 146 31 54 104 213 14 96 51 28 75 76 230 74 165 184 81 39 62 118 63 218 11 119 192 140 151 152 89 172 238 31 255 183 177 103 137 13 32 13 117 46 231 144 182 172 117 132 46 38 72 55 36 95 148 110 86 77 196 223 13 43 249 70 146 250 136 232 134 32 68 236 196 254 70 8 236 132 103 219 90 161 114 21
234 226 70 238 31 251 79 199 58 35 220 203 138 249 220 180 72 143 134 214 175 27 249 133 107 105 32 57 84 160 166 11 117 87 247 254 43 91 220 148 168 88 81 3 230 107 15 177 37 142 158 18 63 218 181 232 177 104 68 83 154 125 199 210 182 136 255 209 5 134 212 71 239 181 42 91 92 126 66 219 232 220 227 114 90 119 126 131 141 140 240 201 217 223 193 99 9 206 77 129 14 120 6 76 111 148 35 212 150 128 125 154 235 110 75 163 245 65 101 82 170 187 116 207 80 155 35 62
87 191 181 116 230 114 121 76 216 25 13 42 43 149 224 106 214 180 41 12 183 117 153 178 200 95 136 5 224 52 231 246 207 24 179 124 165 126 162 30 150 131 25 242 20 237 183 127 223 168 11 38 115 198 108 94 5 128 239 121 67 89 57 84 107 14 104 205 115 89 240 40 36 199 126 124 252 52 63 197 255 209 226 35 0 187 193 108 25 228 245 168 170 154 230 170 43 210 186 203 238 185 138 181 10 241 238 94 243 248 220 203 92 206 93 155 15 143 208 60 2 84 97 39 10 16 205 18
170 128 55 151 132 44 179 236 222 199 252 206 207 131 153 40 81 40 195 87 232 2 143 79 204 44 213 173 70 17 60 182 135 217 205 255 23 14 103 44 34 73 150 50 255 129 162 94 102 241 20 193 208 21 150 214 227 233 151 160 3 254 239 203 9 210 81 213 186 4 51 121 190 252 76 223 238 150 238 161 126 183 153 73 70 251 99 128 65 78 245 50 164 104 12 90 185 110 229 202 142 239 36 132 41 182 228 40 109 74 61 22 105 59 62 147 42 208 3 127 240 77 123 254 33 115 30 219
98 157 109 14 236 216 86 240 86 190 74 23 101 175 46 39 155 70 146 163 42 249 186 85 125 136 56 214 139 102 24 254 161 163 101 205 228 221 148 59 3 13 22 151 194 15 26 70 103 175 47 70 224 171 59 61 195 59 81 146 109 135 228 97 74 19 75 240 62 80 40 26 163 99 113 245 97 237 41 231 52 219 48 228 92 241 207 44 111 144 106 88 155 232 73 74 29 97 195 162 142 179 68 116 199 229 91 165 197 178 96 77 154 83 96 151 254 59 105 163 179 53 57 118 233 13 4 72
53 120 205 63 102 80 249 192 175 239 174 101 103 140 146 0 90 137 227 208 202 17 195 197 19 99 234 3 137 16 237 141 119 139 204 119 6 5 72 41 125 208 4 212 53 225 37 147 9 6 90 209 39 108 129 80 209 156 74 178 136 75 92 32 62 238 128 181 45 212 228 209 78 19 194 130 99 2 207 38 116 39 235 217 214 228 4 107 85 253 246 164 68 3 97 23 190 220 64 153 221 62 29 26 191 120 7 185 239 234 168 200 81 65 176 94 93 167 69 119 1 163 213 142 7 230 31 205
45 37 219 171 34 251 189 95 40 51 241 174 253 200 149 131 52 183 229 97 215 231 128 64 170 178 254 10 14 54 102 52 27 21 134 59 103 216 35 157 2 71 61 244 164 5 238 36 106 254 191 126 89 30 254 234 12 233 75 98 249 36 252 70 95 250 188 197 186 11 253 77 228 70 91 204 8 133 112 181 123 216 128 32 244 138 92 253 14 136 104 74 76 136 235 139 18 79 36 12 114 134 159 75 135 236 95 145 215 42 152 16 36 6 182 151 118 34 6 108 105 112 184 57 38 105 55 165
153 212 167 45 119 6 104 214 16 201 152 76 161 22 112 99 1 208 188 199 48 9 70 138 115 43 97 86 160 49 155 147 226 209 97 213 27 245 210 87 127 40 135 215 232 156 201 17 185 213 144 233 74 213 246 72 35 249 37 201 99 115 1 215 214 202 59 141 13 9 91 216 94 251 119 16 21 245 72 73 191 162 71 84 0 129 17 124 239 190 134 170 59 88 26 11 187 138 220 116 227 79 221 238 74 45 57 102 140 26 16 249 40 97 72 189 59 176 202 148 70 41 114 231 210 120 122 19
69 167 208 184 165 237 43 43 3 83 149 120 66 96 213 175 78 231 7 113 198 69 111 209 229 178 5 97 91 182 112 246 154 111 73 77 124 235 122 213 57 218 7 235 49 45 200 149 45 174 11 81 241 14 18 183 252 225 21 33 250 216 67 190 84 70 103 43 169 30 168 26 62 155 109 136 190 29 193 69 45 227 113 65 201 209 105 73 190 80 58 10 108 21 42 189 69 44 146 19 3 67 2 61 237 193 162 136 82 102 179 90 59 13 4 134 83 252 73 216 169 130 181 143 39 68 175 96
16 238 42 18 65 181 212 55 54 55 55 165 114 11 4 27 70 92 178 142 71 88 44 178 102 23 59 179 159 203 93 197 218 28 175 2 90 101 238 186 193 92 192 86 90 171 86 184 105 147 34 218 126 213 46 13 122 171 191 173 125 120 92 189 75 181 62 207 94 237 45 114 115 178 108 249 96 209 164 97 43 155 67 177 208 207 190 220 8 191 110 72 30 27 197 50 254 235 96 46 232 15 177 128 18 38 114 246 148 12 165 31 109 180 61 145 243 76 213 243 5 161 244 224 31 105 90 86
75 183 186 153 30 176 250 237 54 247 173 57 140 116 254 207 244 36 29 242 193 130 221 166 250 19 110 10 147 219 192 249 253 170 198 208 211 51 157 177 70 6 118 189 90 239 227 100 255 226 220 126 205 53 180 102 82 99 66 3 80 252 173 44 147 20 225 170 240 83 33 98 82 72 82 32 238 108 201 159 106 222 106 121 169 254 250 81 64 200 220 186 143 225 214 7 41 6 54 181 144 228 242 183 253 218 51 79 23 51 117 121 155 185 182 100 206 201 163 121 194 29 230 182 147 155 34 103
97 42 151 232 156 230 221 61 248 144 31 29 17 76 184 207 95 17 240 166 241 176 236 16 239 159 1 41 144 166 18 130 147 185 139 38 128 190 1 192 201 82 176 247 217 82 100 31 176 221 84 91 59 35 2 50 9 234 7 26 16 141 36 81 204 168 37 68 124 59 221 33 244 44 47 131 56 144 151 172 46 71 4 191 208 139 218 218 90 119 206 34 190 194 83 84 105 123 171 46 29 86 129 64 79 184 132 76 220 105 54 255 83 178 168 166 62 37 72 22 193 43 175 155 132 109 37 49
171 27 222 147 60 194 236 108 109 181 163 27 49 141 208 154 29 52 133 130 30 13 91 39 167 123 255 129 117 10 53 216 157 193 99 31 117 184 68 168 174 211 210 155 204 44 62 190 9 54 70 237 27 41 164 170 154 251 132 36 70 149 58 130 56 128 93 136 164 132 224 237 36 37 2 116 175 245 189 176 180 123 248 185 212 101 241 25 151 172 32 73 249 118 133 134 185 145 112 191 241 170 166 142 118 79 208 36 6 37 136 142 229 22 239 76 22 174 65 48 109 95 246 132 228 172 204 243
35 125 207 126 209 19 97 31 95 141 3 87 129 131 199 119 120 64 163 84 156 109 144 110 156 113 250 165 93 35 223 52 220 183 194 211 99 213 118 95 45 20 199 155 17 184 206 81 143 249 19 21 39 42 241 216 71 0 201 250 65 209 1 190 99 114 115 28 23 0 37 246 85 8 10 215 179 153 240 39 10 101 183 129 135 145 204 243 63 137 59 47 233 72 138 137 36 135 141 232 241 239 194 56 63 143 170 71 62 119 211 246 152 199 172 80 158 252 160 140 67 20 0 32 0 164 72 128
3 217 73 244 27 92 252 213 128 15 121 74 181 25 102 43 85 65 1 205 116 42 177 43 249 149 40 193 80 84 128 113 137 180 194 241 126 51 177 132 107 105 9 54 230 217 150 87 63 86 178 180 100 189 27 22 253 5 127 118 237 93 108 186 170 238 154 143 39 134 164 180 56 233 208 143 107 30 238 79 132 210 88 88 76 172 251 7 71 19 205 17 88 49 184 205 205 234 77 103 76 211 8 193 117 235 122 181 6 215 71 175 174 129 176 65 78 81 186 211 228 141 68 89 165 42 57 92
200 35 166 122 248 11 136 24 77 148 144 70 41 229 224 235 2 152 112 99 66 51 49 184 232 56 40 252 232 80 136 225 104 148 193 65 167 103 178 114 32 220 202 26 154 138 7 119 228 140 4 246 38 105 221 129 103 217 103 133 108 186 98 65 25 73 77 86 46 151 53 175 51 202 29 25 71 147 109 238 24 172 110 207 102 230 126 86 160 190 137 230 137 48 71 64 120 95 96 117 111 177 50 65 203 26 185 108 226 11 122 179 173 89 248 109 106 192 246 165 89 165 160 47 33 131 69 59
129 215 154 25 174 86 97 216 43 20 54 4 83 42 170 186 33 44 151 238 79 11 180 248 209 55 77 18 159 120 214 42 39 15 28 157 233 177 13 143 185 242 100 128 57 252 199 251 193 156 22 86 252 105 169 184 101 21 21 231 30 71 49 225 59 95 223 127 238 46 57 21 191 16 216 90 210 121 101 91 238 35 176 118 69 245 107 16 233 21 247 161 67 156 236 104 116 123 224 240 162 80 223 233 165 59 210 29 150 22 126 135 3 17 243 243 145 46 149 45 159 208 110 246 148 12 72 78
219 133 121 26 84 67 238 120 219 111 177 234 89 131 236 213 159 48 62 12 164 149 155 8 101 211 60 42 94 135 186 29 220 196 46 164 99 176 189 205 227 146 191 209 6 105 47 52 162 116 67 193 101 83 255 56 113 94 130 198 220 27 240 211 4 186 167 95 28 222 114 174 207 147 62 169 233 9 169 42 180 96 228 27 140 53 8 215 193 250 40 123 199 188 81 115 151 11 244 15 243 18 90 209 106 253 103 212 172 25 203 144 4 129 157 9 73 244 47 122 212 143 202 4 67 49 17 112
141 149 227 39 137 10 152 188 34 39 238 170 199 126 249 36 23 114 54 122 244 215 167 235 16 222 233 68 22 251 4 111 144 175 248 232 82 157 171 106 236 111 248 14 100 180 94 235 249 60 164 123 216 247 121 37 253 137 28 184 246 227 200 192 31 222 48 39 89 12 15 254 98 208 81 76 78 40 148 176 199 77 82 241 111 122 233 136 78 190 122 92 53 172 100 169 171 244 111 96 157 6 113 167 101 24 99 30 200 22 53 99 224 83 135 50 164 6 72 138 176 159 211 225 200 97 140 30
154 65 116 26 230 144 189 165 174 118 117 222 38 181 156 130 20 220 2 255 178 106 169 230 120 20 21 248 87 71 14 84 161 60 70 230 198 238 246 58 120 252 2 105 237 27 108 252 78 132 183 91 244 183 34 16 203 243 24 58 65 112 44 245 94 11 110 209 171 29 206 8 166 168 118 95 139 254 45 34 41 141 88 111 67 3 185 139 47 252 16 57 177 250 44 254 189 71 16 170 149 217 216 61 130 25 242 208 35 9 66 86 114 143 20 62 119 222 129 39 226 204 15 157 74 64 47 150
118 217 208 22 196 178 104 102 189 85 75 77 76 171 34 74 146 78 172 39 161 161 83 4 109 47 185 155 253 127 254 224 3 103 197 53 218 84 188 199 47 79 220 225 31 191 196 181 205 14 21 173 27 85 244 184 212 53 16 235 74 50 246 171 70 158 221 220 215 236 150 41 29 132 213 80 85 134 134 25 93 23 16 121 240 146 220 18 232 190 127 80 24 137 73 19 170 188 130 96 57 201 153 135 48 160 237 128 157 155 86 179 39 161 7 155 230 237 253 25 202 199 57 205 143 66 248 94
