36460 35689 32545 24097 25839 37821 38532 40991 38547 43684 43356 47557 45372 47020 44410 41814 42233 31269 36089 29871 36416 37775 39794 38135 42481 34772 44964 33870 28042 40651 43885 47449 48357 41754 47676 49493 45686 45882 44473 37867 51128 48588 42600 41330 39785 41397 37609 40842 34287 30758 27847 34375 38985 40689 50480 53897 50711 52502 43584 43605 46240 50759 40894 30726 27745 35878 49043 46393 38715 34365 38156 42124 43290 44400 44362 39041 34723 37627 38326 28099 21523 24964 22598 45406 59350 55369 50950 27782 37933 29056 24378 34279 40755 42275 41282 39620 40871 39568 42992 32805 37130 49575 57356 51556 53265 54894 33905 32090 38102 42485 30651 34290 47142 61649 47728 52065 50828 43364 36684 32394 43927 43652 28915 24012 38199 44316
34770 38059 32259 21218 33078 44020 48985 53423 54003 47664 35944 26829 38254 42587 40352 44313 40835 38756 36931 42256 41578 42419 34137 34080 34384 38190 46869 41299 40886 41613 41113 39616 43034 49081 53206 53702 57731 56666 58498 49743 39543 32221 42551 51247 51132 39268 46429 44223 43164 31855 31970 29427 40890 55020 52301 48178 56975 50900 40566 40343 48889 49379 43663 31869 31969 38411 39642 29577 38549 54811 51665 40978 33401 34962 50134 50424 51466 39422 45104 33638 22713 15311 26432 29753 47338 54430 50125 37849 25668 36354 30191 26711 40294 42483 31547 30871 35895 46212 54342 43299 29297 38205 44350 39346 34335 44283 41009 36723 33769 36831 23475 26680 36901 44276 50150 43777 42765 40433 35973 39955 41805 42032 24941 26465 39031 52674
33621 36866 43149 34716 42393 49007 50193 53050 51957 36797 35493 34863 44281 40074 38723 37436 45717 42905 34124 38061 40099 41661 46320 39340 43537 48574 53554 44958 30158 35359 36633 42965 58104 54988 43255 39388 49091 63450 54879 31374 33251 39026 38907 51723 48370 42687 36797 41394 33466 31588 33834 43151 42528 51171 50578 48576 53022 53027 41909 36711 43865 41951 51958 39000 35845 38754 37990 37282 35551 45833 58763 50200 44202 35456 35839 42811 47355 45032 41404 35230 27942 23530 20073 27855 29754 44691 42045 44390 36189 38570 37064 28207 25875 34731 25806 29747 43907 51528 45770 38101 37573 46116 35651 26019 34282 43252 42156 40275 45452 35073 27853 30514 40050 37443 37025 46866 47597 45069 36011 47916 52955 40607 20759 26035 48096 51337
33139 49688 53613 46503 49471 49504 47146 45569 50455 41518 42235 50680 44009 41255 34781 42207 48245 45421 41985 40622 40304 50676 52320 46912 33632 48676 48035 56001 46407 39212 42362 47437 48575 56708 45698 41666 37915 45043 45769 34218 30918 34713 42475 48292 48546 38427 36324 41816 41738 37595 35709 37236 44255 50914 40545 46591 56379 51733 39628 33549 51787 46996 36808 43104 40618 40362 41619 34800 28707 42240 59873 56363 42451 30661 42948 41832 47213 37954 39006 40680 33588 39225 36802 31254 37902 41118 39572 28433 30781 30189 24964 31612 32166 38714 36202 39189 38069 45289 38076 41002 38476 44235 30933 29972 42705 55208 49537 35331 37375 35498 31565 34211 43701 45268 40671 34496 34277 29142 37211 39000 43722 37312 25843 31511 47314 62436
51940 58999 53410 54547 44119 52785 59280 46072 41801 41806 41909 58303 60529 48014 46166 42545 54769 47448 49345 42446 41188 42111 36032 35343 46941 51707 54914 49644 36938 36495 38130 45598 50475 49210 47821 39840 37986 32297 34839 33185 26967 48722 57684 55054 46800 36557 28307 40146 51533 40174 24385 34310 37546 34924 43402 54100 52134 56299 43943 40627 48202 50344 39591 40922 39234 36518 35006 39802 44344 45357 50200 53356 52247 39005 36349 33131 34173 41067 28275 40884 43033 43243 49964 49048 42427 38538 37043 30792 34548 35407 39810 31657 37776 33326 49166 44491 42825 39045 34897 38445 38813 52817 47878 37576 39191 54012 48609 44248 33023 50165 39749 38678 56504 54966 46066 30741 41366 37866 38308 43643 48145 38654 36539 32541 46485 62715
38765 49994 46452 37027 40405 46176 51402 51713 39430 48023 48619 54306 50421 40887 43490 44984 31184 42603 37856 44674 29431 36803 36965 34130 51254 56977 51242 41413 37014 27273 34120 35793 40915 46879 51158 46268 39340 37923 27151 31203 34788 46571 54933 47202 46419 38864 40817 40908 45424 41617 39820 53037 52436 46185 38320 48246 52001 43645 40674 37859 41177 46392 43817 44745 35483 29469 31939 42415 50564 47125 51881 48326 52457 42653 36093 38182 27299 38707 39259 36184 47727 34765 41606 46517 50995 44826 32811 27744 28355 37200 36359 28678 33599 44926 46056 47589 36724 28051 39176 27423 28546 38839 55228 52364 41620 51738 46816 34327 38931 48164 42165 32173 42754 56733 48805 55789 49968 43587 26694 36572 40830 36171 34412 37156 44363 61644
44420 38478 33488 37100 37279 48014 57581 57786 40037 36027 39258 52232 48367 47594 34534 36523 30617 34784 40639 37026 46449 41751 44156 34001 34221 51644 55788 45545 33573 23705 25365 42966 32883 30179 30979 50853 51429 39785 32189 33687 39915 42747 51283 45729 39303 40470 31785 32077 32552 44383 49997 53281 47554 46864 47764 49357 43938 49668 38125 48822 39382 42567 50944 43426 50239 39089 46199 54650 61970 48068 41202 47884 45780 46748 41066 30403 25606 31417 36333 41538 34514 27920 32167 38416 48877 43588 39534 26415 45534 58540 61248 49004 40924 39055 40165 44153 51624 42332 28108 30007 34897 46233 61789 47775 45687 34291 47209 45355 40071 43996 43599 35726 28352 42080 49426 51970 51279 50310 42912 46914 45611 49942 32585 38491 40821 50538
29089 23458 34100 40062 40713 42756 46034 36214 38346 39287 47093 51511 44774 35454 42152 33796 28532 39084 59171 50590 43127 51932 50053 44615 34087 50178 55161 42463 34939 35076 34517 43395 44204 36276 31531 42807 43859 42682 36895 37536 47058 44259 33790 25769 24805 27123 25590 17983 23356 37570 53610 58512 57005 41617 39518 46489 44686 38535 41928 39951 48028 52469 55285 43874 35637 36729 50021 48354 51139 33377 32010 45604 49792 56554 46818 39127 35199 40378 42986 36709 37354 27954 28700 37998 39730 35523 35972 33009 47511 59362 54032 48320 42007 34442 40796 47224 44612 36630 30816 25038 33524 50567 60342 45358 26837 38538 30240 33701 35093 39126 36083 27802 24839 32932 43570 52474 55138 41993 33584 29696 38297 38352 40807 28791 36956 47736
33268 19104 24443 39478 55030 48610 43999 41271 35694 30616 33913 44405 47128 52485 47638 37886 28388 38361 50954 48467 33214 41222 51379 38386 39931 41672 40571 45116 46570 44050 41615 37878 42675 32025 22662 29302 38450 35956 44475 48508 44688 37132 26909 19274 15598 21010 26324 26759 21786 33224 46804 49111 32743 33630 51813 67442 65112 43360 42052 44590 54044 52096 53046 42061 30050 39194 52693 53335 39192 26671 21610 29396 49075 48555 50078 44485 49707 44749 33815 31210 35890 38239 42658 46455 41591 35148 27853 40105 52452 58383 55416 51947 44632 36571 38687 41240 46816 38892 29748 40868 45975 47398 48125 52325 39128 34993 44037 33866 31100 18785 22344 18637 26942 35692 29178 42617 45105 39787 39732 47907 44529 40651 28164 26642 34431 44356
43280 36105 37549 43196 58772 40624 26119 33916 41636 41215 33374 41938 40810 40967 43823 44515 44064 40293 48444 54802 45951 36489 38744 56662 36742 41377 36867 29117 38370 50549 39372 37601 39945 39903 26003 25432 29325 47275 40985 44336 42669 41429 36319 37674 41594 31676 29803 29859 26543 32295 41091 46812 36289 26781 46535 59225 51146 48418 32212 40372 52560 57263 47818 46723 44944 40377 45184 46716 39970 34185 32573 29826 47970 61366 55269 52248 54123 46880 38175 23066 31264 47656 51664 45144 30936 23193 28850 37087 38183 46966 47901 45701 49450 44914 55011 55624 45032 41067 40979 34146 44144 48778 46857 42764 35157 25586 35864 34937 33531 23738 24811 19168 27312 27587 38816 38411 35989 51393 42634 40482 28475 23498 43103 38746 31327 33282
44403 44920 35602 42832 47627 51174 36872 38882 32944 26477 26814 27592 34560 28262 36398 53533 54695 53113 44909 51646 47560 44251 39247 40384 48791 33816 27335 28494 37469 44780 39649 32763 30836 41154 31260 19548 26921 40815 48169 45955 50502 42830 53570 49246 47730 44089 46349 38481 38726 27013 38765 39952 41360 32221 37574 51149 47411 35785 37349 34628 45631 64571 56336 44560 47548 43782 49238 48728 45384 44047 47096 34948 36157 53498 51872 37846 37587 38384 43522 34030 32557 32687 40469 38689 35319 25718 21861 31646 44228 41035 47052 46219 44009 45929 42170 43434 41154 38578 30443 31007 39008 45375 48858 36433 31600 37169 41752 25798 31044 36761 33138 26066 17747 27067 28633 42333 39857 33686 44241 45072 31164 32555 37519 45740 32820 36152
44652 49135 36768 31795 53911 46012 34304 24738 36105 35611 24856 26444 26564 24504 33193 46966 56594 49892 47642 46169 56021 39495 34939 41203 35410 27562 23057 26246 41451 46495 53621 41002 36676 32603 43506 29019 31440 39544 57573 48620 51320 46034 58490 55591 44985 46883 39760 31431 33690 43905 46632 49948 37374 26721 34114 44378 42530 36682 31579 35308 31461 36637 37159 34489 38347 55091 56535 62541 53944 52818 54301 45679 37618 46572 47316 26744 34794 43779 45117 46674 31285 40380 42443 42298 42029 39353 43558 36085 43888 43652 50026 55034 43763 43921 43031 43209 45030 33374 30199 27094 40535 42296 51325 42647 36510 27379 41791 35795 27530 41282 39601 33459 20079 20674 31210 42762 37849 36814 37170 46198 40938 32277 46688 51189 44204 41581
39241 45758 20395 18758 34544 54448 32481 26367 34681 36717 27283 22786 30289 30772 42484 46462 41403 37291 40656 37168 33834 40731 29162 26554 23383 26699 22067 33177 46919 59034 51149 51583 47751 38147 37658 33763 40436 49553 51928 56588 50794 49559 46846 42532 37872 42267 44260 37587 44388 40791 45500 48574 39991 33460 51031 47986 40449 44942 36142 29343 38971 47209 43518 36056 42074 58471 58974 42901 40131 39408 43344 51160 52923 48125 37236 24316 30814 37858 50816 46573 53129 39364 33073 37006 51947 44819 38347 46969 46687 51221 54235 39682 37283 40761 54979 40779 39966 31855 28924 24541 29765 36091 53670 47464 40429 39513 40944 39814 34721 39192 47067 40140 43248 31656 42158 48099 47090 25798 35438 44697 41450 30875 31495 44384 43613 52436
36767 43783 31830 23227 36901 49540 41743 31579 39630 51736 31223 22759 28903 49462 50644 38914 30371 23924 23087 21760 31710 37138 29969 22235 28310 24554 29382 32672 36357 42248 52182 43118 41875 50365 33527 41771 35809 48659 51640 46159 49948 45221 45259 41650 49765 45496 38595 31722 41715 42786 40127 38342 43307 44840 51451 58283 40947 38474 47331 39340 36059 31077 33873 29239 44055 52830 48836 32650 31947 48336 46390 55571 60190 40883 25116 26235 23849 43002 46295 52837 51515 52782 40963 39667 44541 43958 43684 52957 50149 48260 48175 43732 34940 46336 45319 47915 38780 34799 38560 41578 33339 34904 41712 59687 45691 46058 40295 43788 32884 40417 45067 54921 53219 55540 48256 48545 37410 25736 37538 55318 46192 28239 28838 33852 42693 43504
38227 32518 37974 30997 41736 58407 53109 42504 38534 43806 39176 34789 47310 51881 47463 43099 34866 33828 22772 30112 31674 34656 32402 19655 37027 35230 35306 37220 35372 37693 47079 45318 36414 44802 44545 30274 39748 36548 31406 33086 33289 35980 29321 42476 39812 46556 31935 45683 49812 42618 22902 38350 48789 52129 54857 45143 34957 38816 42778 40462 43123 42851 32028 51598 57422 52583 33362 40895 38701 32684 43889 40321 48355 38502 25604 21370 25109 40010 37887 38409 48825 54440 45227 41321 37280 33429 33590 49667 51154 39473 33120 38447 31382 34325 50061 46568 28949 30128 38094 50350 41212 31653 31928 43412 46449 37288 33485 29531 41854 43364 54505 51490 56196 59606 54408 40641 30913 25165 39992 50404 45288 29200 24860 23907 21876 35435
41572 35438 36926 39121 44647 49681 44928 34813 43336 51921 41540 44791 47656 54843 45905 46048 40790 35522 30141 22226 34071 27726 25852 28399 37126 51654 35647 37369 35839 42926 44057 34515 28847 33907 43243 33994 32566 39356 40361 44400 34789 40194 40517 40688 39102 37399 46671 45882 53201 42612 41546 36648 36636 42591 38648 36130 28063 38303 43286 53078 36177 25976 25710 43453 50865 33015 23887 27952 44854 42420 35029 42433 35831 40856 25930 22800 37090 36950 34036 32901 35095 36463 37854 36732 28871 32775 32229 39628 49354 43170 43317 33288 33061 38490 33069 31613 24877 37745 48907 55048 56331 38349 37722 32476 32614 30372 28653 30809 39218 45563 49730 54073 47071 49628 49669 46019 34459 33008 37130 41774 39578 41714 35615 41711 33127 36874
38570 47803 34111 36437 43619 51479 43595 41236 35517 41855 50337 45320 58979 60600 49675 45571 48154 35196 35179 29520 26985 29361 31644 42379 44115 46326 48274 41347 46915 39671 38425 35428 34884 51643 41486 43537 48597 40363 41329 49243 45620 32083 34447 26039 32277 34521 42701 55388 63783 53113 35541 33371 32624 43289 34473 25710 25720 40129 53867 42787 43750 27686 34886 34867 39461 33556 33856 42631 48026 49962 36450 46169 51552 33749 40138 41866 49590 41676 34491 29519 25372 28796 46529 46770 38109 32864 36842 38628 47298 55664 32465 31007 34377 41076 41748 27845 34404 28346 48843 50599 48163 46010 40000 37926 41303 32822 21747 30336 35242 35430 36466 46020 49434 51864 48792 45316 28558 30527 19000 23084 22498 41043 48620 45570 41414 32434
32006 33371 34344 38802 30883 38820 41529 30985 30980 27890 38885 41335 54778 58056 56830 38364 37757 49969 38797 39183 34773 20308 21013 28283 43522 31964 33584 41349 45450 38326 34172 45960 39819 38017 51076 42963 38619 44957 54385 64439 51095 36927 24661 35938 36405 50927 59848 59567 57515 55416 42624 31985 32137 37472 34873 15881 24183 37369 39980 39993 35842 43577 30346 34256 26225 28838 26151 32765 46122 36831 43220 46130 44021 42974 34765 46539 41987 49942 47023 38090 28579 22070 25714 44016 46577 50702 44171 46881 50202 56363 40982 24948 29593 38085 50124 36008 34340 40854 42146 39085 45374 53623 45542 51015 47742 41841 37882 34276 36329 40080 47096 45773 41519 40613 43765 36358 38414 29512 24372 18009 26797 40107 47146 47263 51776 53314
41991 51124 52164 38861 30643 38481 47950 37849 29543 30995 30590 37763 49889 55417 42644 40161 48878 51974 52997 47980 50884 40987 32372 35411 31541 31426 30446 51300 56769 42151 38028 48161 47679 43977 47258 47452 30935 39489 48068 62686 50239 41040 33508 34263 44878 53286 54881 56361 48239 51839 51883 47054 39743 47319 41953 24412 19759 26859 31922 42544 35002 37289 34804 35892 36974 41395 37815 37838 38970 40554 39777 58807 54944 47274 51925 47831 41277 28025 41367 43054 37561 40205 45953 52793 54161 43852 35636 42183 49532 42230 26077 27919 37938 40222 52713 44683 42306 37578 32823 25373 34296 44659 48645 55439 67261 55280 38225 28669 39137 48903 40047 39049 50935 57278 53518 50395 45468 33839 28064 24530 38314 35127 42552 53123 52107 50706
43047 54294 46549 35850 15189 36224 44723 40575 27070 40576 38746 42657 34306 42484 43536 40909 54510 61251 57096 49973 42902 39244 29813 30380 25930 25512 38788 42153 46386 53387 47343 38654 40688 43989 51725 39330 32738 46734 54934 42270 38456 36842 35843 35538 45794 53744 47894 52437 40346 45757 55627 50911 51378 43930 40519 24748 27572 41205 42969 39832 43059 34950 43347 47002 57003 43758 30660 37778 38942 39778 42961 49215 48051 44090 48239 41482 27683 28326 33519 47687 42165 38753 46517 51840 55780 48347 38059 48761 35343 29356 35283 32924 37491 45371 43661 52556 39210 34710 34803 23663 33661 30590 46612 49285 53057 44299 40242 32307 38494 43372 55887 36418 47254 51917 44901 47045 53580 48472 32321 37940 33915 44003 46676 51301 52005 47215
61895 53699 44936 44398 40175 39840 40610 38809 44452 43647 49698 45722 52765 41437 43186 44544 44961 55170 52385 42231 34177 34994 35382 33417 30384 34380 34843 39544 36269 33612 37236 41192 40161 45637 43163 42153 42945 41895 38802 49477 50279 46995 50719 47923 31836 49278 47099 31134 26731 34934 48314 40778 44456 53620 36706 30427 48718 45566 32357 29469 37570 38352 51639 60336 57422 51593 43436 38034 39400 34440 48447 58883 60005 52371 54107 51532 43417 37404 38845 35821 45347 40115 54475 53058 42337 34999 30235 33086 46646 44266 39376 42398 44870 53022 51777 45749 44426 35295 34581 39674 29050 40307 39954 49158 42401 45613 31368 33470 32765 39125 43465 44859 42595 53096 50619 43706 48315 42590 38341 40646 40051 39422 46458 54022 52900 35369
47205 49284 42315 42417 47113 44123 40126 46654 53319 56914 56935 57388 50574 49740 37291 46198 44251 52615 48400 35072 25905 39328 43685 33038 40918 50351 49119 25594 32075 34038 45387 43858 50413 49226 47744 39961 48813 44193 40430 44309 46927 43274 43616 48388 39119 34051 43452 31487 32371 47896 47673 49901 45995 46504 42643 38501 47410 51152 33890 34311 41594 44381 51644 62663 58316 41081 45573 35848 38192 39901 40568 50192 54817 49905 40495 43666 48399 50543 50030 39049 45616 49066 50286 51709 45864 34613 41568 46076 42345 49978 54092 46227 45208 46870 50865 43083 46364 43399 38170 35698 41948 28031 37491 35904 39486 38901 35547 17082 23547 30998 40936 48055 52128 59271 56605 43292 46919 48939 36714 27224 32796 32174 38693 39736 35177 20704
60355 54113 36981 26157 36228 44305 53500 50781 47640 41702 45157 49010 39316 48214 48962 45822 49147 45556 34566 34311 39026 46303 41457 26346 40605 44705 42667 38141 26910 34974 34642 40676 40295 46779 44627 44954 39924 38645 47071 40473 40640 49561 59245 47642 29853 31308 39522 52293 46922 49246 45757 44120 44602 47175 39592 37354 53777 58272 46556 30226 37672 41166 46850 50227 42712 35072 30727 48266 40279 33374 37563 47312 56478 52026 48446 39574 41060 40740 48217 44031 37158 38656 47725 45068 39192 38566 48449 40108 44537 49625 58359 54113 46924 53570 51750 38239 47667 48866 47934 38282 38575 46417 30726 45698 53420 51232 50217 36824 27419 32991 33707 48431 48656 50988 45929 39387 46818 49511 41570 35686 40254 37779 30849 38906 39865 26227
48017 41463 27120 25954 32390 40572 56464 48228 40429 30519 35977 36806 46081 44868 55777 49697 50147 37332 32002 39227 44432 45737 51230 40159 33845 46934 41515 38088 41798 39244 33919 39040 44412 44079 44645 48238 35577 47483 47129 54389 42712 50914 42246 42949 34841 32776 46322 57314 58232 45923 45872 42126 44416 52056 38314 37371 48690 60430 44642 46389 48956 44487 36203 46288 47666 50920 46403 41389 37475 37204 48082 42978 53858 47574 46655 29584 26639 37937 50496 43025 36722 43108 45963 32112 41384 35401 36758 44676 41294 46476 46239 45003 42386 42521 43839 43783 41161 51147 50184 42204 29274 41190 49158 47250 59279 56572 51314 45764 28248 35606 40989 41367 42131 46811 54259 50027 44268 50847 47103 37667 45631 53112 56564 45352 45226 44551
45236 30160 29412 26339 30905 33228 37610 46764 33248 21152 22079 35487 36756 44540 53884 54298 39006 38813 39083 37005 45398 46803 37688 36917 36812 28945 43981 50478 49125 36347 30916 22470 22067 42771 54826 50073 40167 42146 48008 47157 58055 51651 47752 37912 40779 42679 47351 51364 40674 30319 23915 25897 43088 55527 44727 34125 49553 57644 54484 55859 49886 50652 42784 49707 54945 42347 43971 47111 53837 54038 53039 57646 41002 51331 41842 32221 20956 40091 44947 40143 44700 31856 25847 28987 35332 42184 40434 37158 43209 39381 51549 45452 42310 41004 40089 32511 41128 52524 49238 37313 30535 38203 50580 49233 46959 52193 52748 49062 50944 33340 37187 32009 30428 38225 41692 35538 34519 45755 57727 59238 53440 48329 42717 39960 39099 41271
33808 30328 27139 46053 38686 37627 31883 44445 40687 26527 28003 37869 49575 48876 40023 43466 51396 38855 38325 32379 35441 30085 43893 39455 36811 33925 31266 52286 45877 47963 34574 36029 30890 44756 44631 39725 33812 27136 37276 43881 50353 52359 45399 35490 33632 46751 49964 57356 46746 37395 24611 28292 42580 55291 52611 44513 48377 48178 42318 39933 45919 43145 51520 53018 49995 46639 41292 56518 55213 54654 48687 45985 49019 53012 52178 41595 38880 38925 41818 36735 36813 40873 34907 38655 35959 26877 21854 30510 30707 48771 54160 46040 32248 38171 34747 30134 30448 48774 50111 35221 24858 40057 55634 45116 41739 41637 41145 49495 44913 34337 26079 37163 39114 48308 58076 49457 45689 46563 52919 49826 48097 43495 50773 38442 30874 44081
41971 33697 31670 24596 40841 31876 31724 40612 43785 41870 38513 40756 39627 36445 34383 36465 45526 38192 28369 25733 26229 32446 38324 52784 47035 28812 30170 44130 54456 48939 38282 35345 41676 29241 36187 31499 34594 30663 30892 38793 40959 41881 42916 50243 42252 48485 56835 45838 41316 36035 33317 31887 37701 53746 43832 49672 39926 39269 42114 57900 60816 57659 61316 50060 41638 30850 33656 49922 62280 56898 51392 47724 48084 37149 32363 34561 39596 41802 29812 25993 28868 28053 35580 45617 52040 37827 37820 31905 37496 42375 53059 49024 40332 30617 21928 12956 25176 31366 44053 41490 43366 40403 44752 45156 49852 45951 41273 45890 49297 28737 40537 41443 47736 48602 51265 47655 36819 43179 55831 50942 51769 40506 30254 29165 35460 33162
40018 31567 28531 31193 37519 46530 42019 36927 48428 44639 48797 42745 49852 36214 31533 40794 34555 31644 25336 21713 18817 24209 47134 57883 58045 43524 32520 35112 34943 33396 41452 49544 43980 37140 22067 34678 37524 53281 41739 33922 19470 38576 48624 44371 34972 29472 38048 47444 51171 44897 34730 32360 37139 26532 41024 45914 48107 35172 36084 45498 50667 56232 48615 51752 47936 33008 29282 47608 55532 41790 33778 39665 31804 39172 37039 40232 32743 35401 33710 24857 27228 25686 31724 41251 52470 41472 38092 37430 32945 44384 53701 43473 38157 31840 27298 20190 25210 33835 42624 48055 40876 47693 39827 51470 49398 46241 48325 43644 38673 35199 26331 45570 42547 46003 47290 49424 45942 42684 45862 48496 51112 55327 38883 37399 42019 33569
42972 45507 32358 31774 30641 31185 36717 45151 48578 52860 56712 45582 32233 30294 26317 28627 35557 31814 41228 44311 26119 29835 46191 61068 55842 46971 35269 24115 38776 38263 50168 56538 39338 21120 12779 37188 45192 44202 41688 31982 30107 23404 47094 45482 44010 40992 42950 44715 44466 38497 33957 36607 28280 38826 37751 55693 45810 38015 30813 37370 47160 59418 61814 59232 48685 45171 33103 36247 48733 36440 36263 30938 32335 28031 38566 30484 33658 43955 43982 32706 35685 39209 27850 36341 55278 65422 49853 41748 41201 34362 45197 49653 42084 30476 29507 34145 34416 32917 33448 44304 40631 34480 39645 48062 44335 34360 44054 41278 33199 24695 31570 29581 44306 36959 34739 37984 46272 43548 32854 44791 53592 53069 42088 41776 41918 39008
44996 38772 38902 42018 37809 37056 49271 56564 63098 59052 40922 32460 28952 29778 43511 43273 39029 41858 48328 56208 46090 38770 41262 49532 49843 38167 35432 41631 41048 52567 45392 41734 36900 28648 28587 33566 51617 42837 40585 30732 26281 31734 41925 55268 51931 44087 36833 40182 32319 25630 20846 28896 30949 28919 45193 42803 41291 27139 32747 33525 36998 42371 45878 49901 52046 50358 56690 38589 30120 37183 32438 24754 41220 44397 43669 45578 35812 36958 38101 38857 44788 46198 41740 39475 44249 52174 48201 54648 45288 38647 43027 50567 44563 39833 32076 38904 36424 40975 33454 35626 23471 27230 33210 34238 30362 27889 33909 31983 23972 29192 33826 40519 48381 54947 46783 46505 44726 44742 33322 39164 46494 39067 45046 52995 44616 33710
42586 53165 57223 52295 53047 40304 48573 53809 63418 56970 45869 22141 27280 40769 41499 38478 40705 42007 45308 48770 34274 26491 29480 30267 35796 29430 32403 48824 46056 52643 48775 43013 40421 41520 37980 36435 38921 35869 32741 33278 21475 33218 46046 50919 53944 51880 36706 32861 30254 35882 34477 36835 34597 39626 37979 54646 46981 39320 38259 38057 25660 31496 33977 31477 51548 56059 41528 34524 37334 31836 41135 41459 36492 53857 55945 51575 57940 53369 45374 36327 31717 44132 34238 39217 37582 39580 44207 52081 42779 31099 37007 43940 57961 48670 42928 25493 37218 33751 28676 23379 26632 18532 31997 31895 26674 38475 35243 32298 38424 42960 43569 49277 53403 52201 39917 48442 52943 48989 54228 53860 41647 37062 37882 54418 41212 38728
38104 47166 57534 60512 55873 54354 57503 61835 61578 55875 54073 33160 31454 35994 56737 51393 39622 36657 31058 37020 38366 24675 29625 36273 27918 27760 26258 43621 55024 46973 55419 59028 48467 46597 42516 51805 45034 39780 40815 36036 28412 25479 38983 40333 40683 45584 40254 35593 22358 35923 37099 33890 29593 27811 34776 38089 41164 44501 40105 38020 40141 35111 22633 20785 42322 56851 50104 35001 41353 39406 30832 35107 42881 45087 48873 47353 39396 41990 44163 32714 27870 31470 32917 27816 29689 25058 29217 47375 51979 34332 35150 45390 58522 53707 37956 26331 31467 34762 40015 32761 39842 42104 32165 31307 36101 35030 36935 34812 37032 44895 53271 54799 48231 33250 43735 49848 54524 55119 56269 53387 35444 26136 27082 36960 37682 36076
50332 50782 51732 55853 57666 57830 51468 54181 55541 50373 38620 35732 31720 41816 45028 38415 33210 27524 44304 37920 40885 31425 20929 27125 34763 29405 38218 43516 43695 40423 49608 58593 48428 38001 44637 50830 52631 41617 29506 25827 19025 29625 33507 50593 47048 57437 51188 41225 33592 39490 43981 32351 16986 24922 39275 56233 57280 49184 49232 43599 40071 35953 29238 32459 41168 45115 47219 40741 40128 36559 33440 34497 32757 38673 33624 45217 47318 42677 39019 35428 35561 42229 33311 16215 24085 31504 32466 37759 50072 33628 42920 48937 46920 42253 40504 32092 29680 39454 35262 37652 37440 47478 39357 36728 34477 41051 41438 48090 46442 43135 45780 44316 34563 26613 34768 49525 53603 52856 51761 51854 40661 34301 36751 39977 36142 31310
39433 40633 42791 40450 50052 52136 51432 52313 47091 50371 47998 43437 40279 37118 35354 28760 40641 31464 29337 36994 48861 46972 29945 32973 37980 43670 34655 37172 31992 39684 47524 57239 55300 41291 44158 49637 42830 31777 18247 19674 22619 30449 47958 41624 46806 54561 54237 41202 37166 42715 41136 37116 24452 23336 45171 50869 45501 37247 40068 40490 44683 44036 36715 31637 40585 46066 52083 54198 36761 35615 33430 36729 36784 25506 24109 16922 32296 40951 42933 43943 42661 48086 38986 38945 41562 41951 34007 39973 41592 50429 37884 40457 31559 26087 32781 37913 40445 33966 33689 35834 42347 47869 48667 46126 46141 43157 47952 43832 41864 34629 41662 42265 42812 29897 25080 39573 43503 50987 45318 39007 37458 35449 35047 35630 34868 34105
46082 39906 30908 38741 48206 53093 51707 48355 43383 41118 38141 31915 38356 36140 33413 27794 32759 43504 33572 37732 55580 54877 41782 44830 42817 37544 33896 30264 29731 34736 41199 43816 49218 50274 36462 35528 40530 34860 36205 29969 29858 41232 30045 37187 42526 49358 45092 54557 45271 51863 45380 41661 33030 29118 41022 58605 58849 48636 44370 40816 43292 39187 36797 50366 56584 51494 51910 41965 42079 36470 48846 45287 34732 28302 23292 27254 34181 48963 39439 31371 37064 40939 36898 28594 35535 38344 46665 51813 49463 43088 43203 35916 30955 29600 39616 43218 43092 30654 28455 27608 29504 37060 46390 52491 52737 56473 48056 34998 53241 42043 45151 48669 41606 35568 33524 40971 45931 32337 39447 40962 45646 41748 46264 37032 41673 33879
39552 29579 31810 46925 57083 64309 48414 36035 32731 45007 54540 50621 27827 38448 33189 35856 31279 38739 40929 41093 52665 58498 46502 30813 37930 28879 26639 21073 27789 40347 43712 37614 50400 48841 36446 29003 30641 44215 40465 38418 34519 35761 34833 27684 29475 33855 37470 38402 50128 36258 39501 41989 41416 42248 46823 45943 44358 33736 41506 48274 52914 38557 30814 38897 45237 43555 33422 38445 37111 53827 53395 52068 45416 37284 30272 25022 30190 35646 46321 43735 46952 39246 41317 46449 40653 39244 48781 47489 35420 42144 36304 26940 29198 34995 37118 41422 41216 46453 35292 27414 25646 44597 36098 41972 53804 45158 32106 38291 42783 49287 39179 44346 51229 37071 40437 24991 27435 42328 50354 57869 47669 43448 39379 47956 59169 47698
45405 31840 34849 45738 60436 59982 50517 37201 36360 48914 51148 46093 31468 29940 30809 26756 36462 42188 50222 56113 49868 45535 41540 38421 32576 35722 24862 31734 34079 31336 26766 23079 29500 46201 40842 30353 39055 46943 51890 48271 44586 40470 33037 28661 30887 23037 30471 42490 40267 42885 41048 46223 48043 49519 60963 54619 44482 40307 50769 59170 50139 42827 37339 37233 45558 40306 28251 32394 41161 54317 51562 47274 46839 53436 48337 28027 29158 37069 42028 35909 38130 30405 43839 49207 45730 34747 39007 46076 42207 33263 30659 30880 23705 38064 31961 38804 47544 43503 35833 22896 25198 28889 41730 36532 44699 45134 44221 43777 55589 48389 47011 47242 45832 40782 34252 33646 32848 42946 50795 40133 40525 25709 37027 53835 56449 55354
36523 43144 41477 42493 49644 65179 51203 40285 24502 39677 48520 43534 37642 24844 21472 22198 31991 50256 45639 58299 50569 47708 49182 48011 35964 38114 46010 39200 33905 28949 25595 22727 34806 51759 57205 44894 25073 34066 52007 47236 34868 34471 48457 37959 43324 45286 37088 36384 40837 32966 43898 36074 32109 34165 41290 40883 37540 32150 40539 46170 50854 42888 28356 21312 33475 32273 25028 22753 36438 51160 50840 43820 53928 60936 49896 39645 25042 30007 39744 40484 37350 40144 38969 47638 45535 36162 46670 51873 36254 20925 23147 30639 36522 29111 38902 35915 35962 32881 33527 24777 29686 25809 28197 37151 45718 49717 47067 47278 43330 47393 34274 35208 43282 34018 36535 42885 46085 43270 47300 49406 40819 37787 41402 62986 72218 56333
46407 41725 34028 23198 36729 48169 56211 42535 41728 39745 41489 46837 35507 27068 22593 34685 42391 62048 60496 41956 48559 56495 52282 35402 38518 50437 54187 40234 38754 36683 33879 23109 29666 47064 51699 48589 43613 43352 55941 57302 47591 47316 43619 52952 58095 42992 29800 33436 33985 46241 46018 40389 32133 37240 42223 39708 32724 36356 40159 48002 44208 33688 32211 37213 44310 35690 19514 20810 25354 38943 37230 35262 41423 58998 62085 44279 29709 31797 29999 29971 26627 28499 38351 47996 49633 47454 52571 54920 44757 31905 26352 33468 33719 30407 28441 30204 30225 30642 23568 13410 18397 29465 30598 40716 55250 58810 36727 41402 42507 37120 33154 37156 29501 33983 46242 57502 47298 40951 30636 22598 31268 27395 37129 59448 69806 58729
48912 47995 36329 31490 32717 53549 45386 41119 42384 27358 27321 34645 38858 29117 28159 41840 53362 49308 50260 50313 39570 50095 49953 41341 34092 46688 41071 41217 38172 42709 36423 35016 36650 50197 53168 53887 49123 48523 57917 57929 52745 30951 32924 46072 54248 44482 30326 41117 37735 36258 42048 45271 35207 35468 37815 27372 33423 38070 38853 32562 39691 31842 24208 34355 39932 34861 26049 22798 37338 34495 44542 33133 34587 39261 45458 47913 36029 28445 23846 30320 32385 39399 42903 45974 34026 40249 44337 41312 38320 36651 31695 34844 31386 33357 44042 41669 26544 30508 38374 29223 24037 26180 29241 31606 36316 40143 37208 31265 36744 45758 31750 29032 22080 22980 30569 45189 57751 37147 25101 31874 41285 52130 47339 56262 57799 51646
45941 50150 46597 34193 28558 33904 49838 47801 45600 31763 29441 30377 34860 36340 43391 51505 66011 57180 41786 39395 56337 50848 45307 31257 31538 44745 40459 25232 38798 40764 34419 26930 37676 36616 47144 37425 46861 55320 51406 59314 44164 26575 26069 41619 44934 39289 29236 31957 40942 42805 41303 48738 53357 54178 38601 33081 24258 37648 49188 49792 35654 36071 33497 35560 43662 38099 37673 38459 39332 35521 32732 38780 27490 43071 43468 49048 44109 30161 19761 33201 42892 58638 58617 47479 42877 44554 45291 44022 30152 29439 38015 35951 29509 29030 28037 34421 34134 42522 51325 45018 29247 21709 30489 36626 38458 46821 43541 36878 43071 53056 55639 36066 33790 23032 29367 32682 45147 43899 25639 38791 53238 47636 44561 45469 43433 41837
48614 55064 47314 42676 37658 35986 36139 39445 36354 32503 22148 32096 48405 53925 46130 45700 55511 42016 29635 32116 42713 53044 40491 36279 25083 30751 37691 29485 30946 44045 33955 39908 47042 55766 38756 36909 36830 49608 50773 35373 35747 26963 36920 44666 49139 44145 39304 29591 39439 33869 33856 32557 44021 38701 40562 28510 35617 33909 43522 44271 41959 30051 42691 39302 38101 27964 40114 46388 40629 40219 29992 38912 46549 43436 44873 30227 28130 29206 44703 41974 52448 60186 54848 34695 36668 40596 40593 38606 28147 30275 36664 48649 32578 31110 35358 35066 37273 39907 57899 53009 33630 27532 19559 28607 38102 38573 32438 39519 40601 56447 50464 41207 36310 39225 30203 33133 32218 40759 40811 51783 64933 50004 41153 39044 42345 27845
30653 41645 54720 50588 40657 44073 43824 38730 39963 32842 29145 38477 47526 39817 37262 40192 47981 35339 30292 38725 53172 56562 52399 37673 36706 34869 33373 31059 34696 42651 44471 44593 43315 49907 48037 40252 33410 30427 35840 39599 35204 38621 37551 41662 46973 56521 43137 36014 33383 35627 34694 49654 55649 40101 33380 36415 37623 39208 43587 33120 35867 32965 26755 27453 36964 45059 50720 44120 38375 37741 34843 34157 47468 46393 37834 37837 41468 42877 38898 43263 47193 51064 46237 35486 34936 51886 46469 48895 40050 33137 43066 45042 34502 29875 37406 39157 35522 43643 40453 39733 39329 27568 28945 23982 36332 50434 48922 35577 40774 40721 49069 48266 52458 46134 37476 34730 38669 31688 47453 50170 51907 38489 32570 36518 45463 31898
41664 48523 57979 50961 47163 42466 43884 39872 42226 42003 36384 34013 48355 38701 38883 44835 38348 26092 29025 35290 42406 57656 51770 39469 36015 42026 33727 31193 34059 52040 53135 50207 47125 56680 57802 42077 34078 27563 32005 31399 32350 30948 44912 47892 46905 51022 48062 37132 32307 31203 38227 41669 43264 39685 48379 49375 52361 41632 39422 29578 29704 33353 31293 38010 38516 42663 44002 36752 34014 41610 42221 32027 41771 44270 54609 40045 46742 43454 47548 42731 35915 34820 33781 35271 28126 34599 38935 43800 51517 40500 40974 41739 29232 41590 53630 51006 40357 33695 41240 34787 37189 27960 23567 17933 27935 37323 48138 33759 33038 48261 43801 50103 47486 41620 44198 43444 28568 34366 34275 43147 40763 36825 46384 48213 47973 36525
35172 45807 45782 43362 46227 36723 38232 45091 47189 35544 27786 34643 37472 30278 36334 40888 43451 38085 41720 40084 39823 57923 61377 49229 41412 47306 46411 34645 36751 46376 48841 40152 34060 44536 47880 38604 24736 31126 30551 18034 24088 35319 30906 33682 42531 50003 47063 40914 45322 46208 45417 43808 49377 51136 54107 59575 56607 48353 45018 36741 24528 27130 32368 26233 40459 44554 53199 45680 44427 40810 40858 32369 42906 56057 56277 53486 48265 50883 42319 37978 26667 30979 34331 38809 28555 32848 43611 51901 60440 42653 33297 30164 36736 47188 59237 53772 42010 28712 31297 37356 39002 33860 24068 17488 37318 41796 35395 36180 41465 45969 49807 48202 34671 44316 41484 41721 42925 35738 33744 26921 25685 38589 33278 46822 37846 44475
37435 40284 47133 46535 39608 39540 34603 41127 38905 35621 32319 41607 37430 37563 34217 36652 37594 46144 39516 28089 29754 48323 58037 39342 33630 30772 43539 44788 40487 34861 51279 44669 40505 46598 45491 25856 22491 37866 41316 22774 20990 27926 41795 42803 58633 55315 49023 38630 35557 29988 21628 27232 30628 50363 52144 55192 47044 40698 30273 36079 29513 25105 37160 46409 50418 55280 45222 48468 46198 45979 35227 34796 45791 55000 48662 44694 50039 50609 48466 43852 33199 28280 28587 41502 44855 38184 52130 55230 58771 58026 44924 41898 41636 48440 54145 58012 57341 44565 43063 43158 53722 43902 37327 33501 31810 30294 35339 37901 40667 49383 51320 36573 36061 24290 36367 34577 34881 33619 26477 25578 39234 35328 38636 40159 51740 43576
44765 26097 38155 37717 43800 37046 34666 32555 39616 36879 37280 32957 36656 26327 28685 24193 39994 52501 54869 42345 44671 54471 53015 31559 23476 38710 45100 42464 28914 30071 39605 42134 43758 43240 38740 27550 27177 40087 49199 32214 26617 43090 39801 45928 51468 58018 42533 37711 22402 33002 29743 31927 35418 52127 50334 44026 34377 29552 27728 36839 37360 35674 43326 51143 53755 53057 56776 53847 50308 38139 32440 38445 40631 40909 38373 37156 27977 33775 32233 37945 31237 33385 40074 53950 58507 57668 44119 52444 57298 41440 31484 32104 46854 45147 49377 49147 52744 51008 40285 46408 53948 52884 42428 37579 36146 32405 19903 24494 38543 47077 41066 27597 27875 38610 39986 44655 37730 33802 36836 45590 44503 31757 26332 34458 39214 34185
39234 30432 30596 36681 43743 43803 35727 28382 40871 40367 35613 34102 34519 33742 33994 34376 43448 57620 58487 47092 54769 53247 46171 37719 29863 28536 41766 33497 27835 34034 36515 46090 49945 52108 44104 32003 36867 42654 52131 45406 48226 45383 53495 42105 48924 48146 39521 33331 25743 28768 41345 36654 40567 32601 46199 39231 31136 28285 34573 31620 47274 45948 52818 54977 51235 50082 52995 54959 51648 47941 33847 30809 33675 26187 21770 21864 33608 33987 50630 46367 34058 37053 45934 48370 57339 50246 45309 48530 53677 40324 32005 41305 41992 37760 49955 52006 45145 37176 52445 51135 48137 47148 51490 37953 31408 20042 21228 30745 43788 43146 33382 37728 38526 39386 42523 49095 35346 18968 38113 48832 45692 48853 34613 30538 27481 34530
36011 34652 31036 26130 39668 34459 27808 28516 34458 35739 34217 26873 25927 42564 52654 40720 50058 52927 53815 52500 56173 59359 59334 52522 43993 34917 36228 37584 29867 33603 37511 28618 27496 39424 40960 28272 35646 58455 48098 50870 48026 54385 44562 34011 25864 44964 46031 30241 39472 50929 54324 52287 42799 41946 29908 39698 49451 40658 36687 45450 50014 45949 46489 43172 36217 35176 48873 52621 42713 39432 28103 26073 30417 37179 28697 26173 32581 41031 34977 35398 45726 44656 51513 53736 48103 39077 45791 47965 48837 46827 33874 24876 27350 37705 44241 45021 37117 28155 32708 47636 39660 37183 38818 52992 34130 23915 17515 31799 35445 40391 40656 46039 43026 46253 49947 49904 43493 29123 33865 54012 57065 49756 52891 28911 22722 29486
30561 28151 28462 39524 32383 29344 23836 28933 34879 27747 25898 29032 34324 42718 56655 58290 47389 56416 51000 48136 52657 39169 48304 51606 41581 31619 35135 34397 44888 41009 38407 34665 30590 35051 47217 43540 39690 45509 49313 40835 57077 58684 47174 40623 43554 49377 47898 46004 39249 51065 54467 55888 51851 37768 34396 35805 47558 41318 45679 56050 51832 51924 61861 49790 29516 26913 41897 35624 31608 24539 36345 36302 42671 42588 39645 30557 48064 46890 47634 44264 44458 42572 34424 40511 40689 34664 30688 47852 48813 56850 50023 29552 26566 30493 48817 45518 45228 29527 30078 38168 41142 32458 51486 52046 42960 25375 27258 33072 48890 39722 47755 39282 52204 43537 46965 42321 41494 40084 39156 36180 52097 48869 51857 45825 36527 32174
32824 36186 29023 36847 31652 33898 38867 44517 43355 42733 42554 37551 44227 38273 47638 54087 51744 49790 46692 42427 44843 49172 37783 41825 38378 33045 43253 49722 39020 38152 30912 28860 29089 36268 48199 61070 47063 39107 29679 30865 41780 56442 43351 42815 48908 59495 55529 38949 46298 48088 47493 53423 42853 39024 33209 34862 41900 41358 41052 52292 56637 49235 48481 46461 29471 32306 38059 45909 36110 33558 34976 47479 45134 41404 54080 47593 31181 37764 38674 38810 44485 52652 44179 34568 39882 38117 32973 42136 43353 47718 47335 47254 34153 43690 50158 59125 48156 43948 40290 33015 35399 42820 47813 59626 49063 38972 34510 35796 50910 55215 44417 41308 41150 46023 36035 39807 42894 40425 46946 41645 38786 43324 42649 43265 51982 44051
35271 34768 35672 30857 45442 44425 43283 43998 50829 52745 50806 45449 46451 44714 42763 44686 45442 56814 48960 42060 35475 49747 40928 33770 38686 43119 54239 61628 49157 35497 42643 45125 35888 35149 45542 61504 54772 37273 27800 31418 39799 51727 49888 50681 48580 36486 43235 48958 49538 46369 54196 54862 57130 47701 44487 37648 27288 26725 28495 42930 44887 39670 38417 41055 38678 47238 43780 37440 38861 41212 41345 52264 59688 52051 45957 48855 42911 40013 49284 58553 49655 42046 37677 32098 25639 40945 35616 37280 44141 40165 41905 47268 53307 45023 55502 62818 58834 52104 35697 36047 37308 48203 49038 57062 50171 38764 30050 28089 41303 52600 50252 41412 38390 34691 38620 38662 46746 48534 44053 29248 20835 21263 30604 35987 47764 55347
38296 43965 33286 42171 47247 53949 42660 40254 49838 47081 51209 48815 48445 48544 42638 42725 42342 47713 51366 42535 36162 42723 47576 40023 28177 35042 52840 56683 43220 33451 37604 48111 42221 36655 35081 50055 49532 43804 40887 37286 37489 39826 38734 41992 53018 46263 41922 57090 50218 53369 50907 51445 38153 39274 39192 42282 25073 26979 29367 31078 27684 22925 32599 49607 51336 51830 49401 42688 49547 52282 41753 37445 46068 52056 57769 50685 42286 31841 29693 42280 51974 55279 45181 46058 42758 31296 30468 32824 39381 39604 45712 50158 57863 56233 47308 57567 50881 35930 34893 31520 25477 33038 44443 44977 56192 56737 48293 37825 41119 51840 51764 45491 41411 29501 29452 40071 44616 47724 40695 37436 29614 23854 24159 41900 44208 46230
38941 45236 38393 34444 49140 38520 39328 30916 37748 44231 32056 42878 50206 52716 44631 42077 40101 48102 56139 54996 48774 35454 46951 43760 31637 41683 58343 63864 38442 41226 43977 55136 46043 40192 42947 48100 56120 51705 55893 54632 50257 33294 35646 40250 49918 49459 44660 40931 54934 54677 57476 43996 33204 33663 33107 29371 26473 20684 36233 31170 31574 30587 48037 50341 55684 54246 52595 40675 43129 35330 30775 35962 38081 43040 49334 51109 41294 40307 34218 43147 48526 49211 49699 49230 53908 40324 35450 45070 51870 54589 56761 66241 55603 46640 47621 47163 58915 50211 33851 36829 36740 33287 52110 61164 54911 46292 48262 37984 41311 45310 48722 50477 39288 30111 27922 45252 49106 41857 27200 44705 44695 32404 39806 52460 45098 37835
48420 39442 28291 30923 37546 38435 30223 37814 31195 30765 30743 34759 40540 33297 36386 35148 42866 45088 47584 45111 43867 34209 24261 36258 43881 41316 54964 52521 34810 22988 43544 35523 39579 36879 37058 31976 34865 40974 37321 41389 40994 40484 34372 44771 56885 50684 47562 41589 37890 52292 46707 37673 26472 18291 23725 22893 33872 32743 25166 36373 35368 49015 55227 60350 59142 50092 44785 44111 33124 29270 22891 28296 42074 46206 45533 50962 35969 35740 26672 34064 41204 48347 52617 52928 49802 43494 43241 48353 49754 54426 60868 53710 55486 44379 38232 44392 42895 41787 41915 39957 40437 39925 43074 54085 55243 48811 43890 51023 50764 32721 38454 40676 39371 30183 31241 39883 50538 37178 32100 39304 43114 36870 39352 54619 42963 29527
45740 44758 31739 31110 37694 37544 22265 33311 34620 40783 37605 40691 35493 38806 36975 45127 40440 31949 41894 41580 45340 36135 29949 47422 53371 44146 39352 41279 28588 23900 41676 42739 31756 34350 33498 31188 34263 44768 46325 49201 54814 49197 48354 38492 49091 49628 41428 36643 30909 32124 43105 35320 32824 27207 28355 44354 33447 35605 32279 41780 52307 49075 54932 45109 40058 42627 38260 44910 37533 32107 36081 42592 43324 51304 53646 43837 42256 33632 47585 40032 52956 43301 59734 57233 49827 48091 44998 50206 53777 50600 56255 58346 48786 37656 44920 45265 43895 41927 36016 42007 48279 43494 41477 42377 47201 42268 44425 51415 51101 44983 33144 34428 35454 30027 42554 54268 57325 43405 30443 37566 41871 40240 42045 46090 47228 37615
51730 44337 46480 42313 33216 34092 31713 36114 53774 49658 34212 35622 41306 45992 38241 33974 44212 41637 34046 38394 30313 35234 37990 40235 43235 31055 30773 28058 31956 36037 38605 32228 23161 19447 26779 28145 27691 29261 32594 35431 43346 43663 35531 30776 28669 48919 48642 36595 21304 28305 43145 44495 38360 45262 42713 48135 42523 32500 46829 48693 44389 49723 33306 35632 24255 25190 32382 39124 42206 47569 45485 46829 44758 47978 48235 41615 39437 43977 41259 45796 45399 40867 41179 43808 42925 40311 47939 52572 56339 50151 53763 43170 42494 43275 36218 34564 35397 25063 27757 38203 41951 44662 42221 49521 47008 48565 51585 49157 43858 37001 36298 33835 34604 45167 42965 53345 57261 51740 39553 27449 31538 38372 36922 39489 46584 57435
45284 48569 44198 42084 35248 32173 27675 40616 48456 51162 56226 54492 52113 37349 40326 50269 45647 35886 34797 38523 49992 37309 48373 39674 41871 42571 34450 25618 29220 37930 41601 39945 25845 27862 26797 37318 44265 34812 34649 37375 54676 52137 32846 21915 26345 46784 50030 44256 32253 41986 43275 37024 20048 36216 50965 40079 36122 46314 55269 61601 41257 38360 44543 34196 26091 36771 33149 32271 47826 56394 50728 46430 32438 44287 56419 57198 49618 50294 49479 51527 43616 34073 32337 53314 47261 42973 49053 54297 43961 40947 37684 47673 45351 50903 41435 40639 40241 30372 34961 50918 56721 50901 41235 40453 44151 37435 45513 46067 28620 36606 41038 37135 37131 35587 38692 43225 53011 49578 38807 29248 40515 47991 52311 42757 50359 62600
45156 45856 48082 40936 41140 33215 31569 41241 56246 56970 51300 55660 51572 44883 40487 44548 55600 42199 38455 42383 38196 47291 40481 38145 32948 40160 39046 34922 44209 53066 47342 33535 36077 33093 31692 40707 46796 35366 18854 39722 47097 52908 42505 36694 39338 46011 54116 40343 43927 47488 49669 44404 29638 37439 48372 40553 38262 55640 61067 58731 46594 34264 36903 37200 41398 45988 41673 38496 47425 47967 51274 41001 38490 32891 48387 56337 56323 39453 41035 38955 40644 32170 32174 34746 47359 55614 62966 65044 61949 49978 39878 44984 46757 42480 33760 49126 54395 51164 50970 53243 47919 39832 39371 40126 46478 48410 40695 40215 40578 39038 48259 43225 42427 46844 39383 34747 41881 50063 52173 42497 41128 42365 33126 40443 48875 60149
57639 50002 42996 54129 36703 32877 34353 49420 55233 46951 49360 60566 61829 45845 41810 44260 45495 42155 40303 41039 44043 34500 47002 44421 34578 28851 37684 41810 46811 49227 47584 32611 17831 25682 27946 36721 34053 38164 27299 38003 51152 48992 48262 46253 44699 43423 42794 50508 47785 51804 35367 33472 37727 35801 34840 40500 38687 44493 59065 47026 44103 38068 42480 49882 51860 48846 36229 37892 44277 49792 42733 43118 36097 34254 40576 47719 41362 42816 44365 40481 42483 45491 46390 54280 57607 61351 59299 61665 50505 41730 36383 49531 50789 39657 42206 47115 46067 57723 58628 59774 39108 33335 37325 47487 41268 43867 45752 40555 31604 32716 37293 50580 49352 43562 41589 36413 34098 49928 46005 42962 32145 36181 33901 33046 50380 55484
47250 55840 48043 42795 41894 36661 45861 52995 49942 42805 44637 53255 59334 45411 40799 34454 40139 44346 48193 33674 31557 38102 47231 45295 27969 29123 35595 45688 43820 47712 36371 28269 31184 25368 36898 47575 48764 38294 31578 32427 46372 50532 52554 62735 59312 44035 44006 44233 49883 33595 40327 46625 38025 27036 31816 44535 39776 33784 43948 53875 38971 34617 41199 44485 35975 45140 45121 37358 43841 46264 45971 52439 34724 30835 39117 46252 41184 26556 30357 44384 51374 58373 64888 58011 50300 44720 49568 48661 48544 46194 49366 54114 46821 42737 26859 41509 52611 54212 57097 50597 35857 34404 37826 48835 50185 40689 39557 33972 24382 38983 53197 56611 44540 38778 33723 31726 37594 36353 50249 45008 51146 38758 28377 28824 28011 45395
42969 49681 45845 44934 51097 53536 40190 37733 37833 50465 57642 54121 42367 45422 38531 40847 31689 35730 32754 33706 33858 36346 36882 39241 29887 28313 39534 39805 35140 29962 39448 31836 32795 44797 49391 40197 46280 44730 38242 31556 38844 50047 53635 50427 46717 43259 46134 50379 31521 31858 34355 40227 34876 23996 28845 37079 34265 29432 45807 43530 50948 49490 50356 44490 39884 26260 33393 32941 37216 40510 38839 43177 37694 31092 37903 41539 33908 31445 36814 49263 57967 56403 60818 41797 40248 44709 37838 41273 38009 42198 45855 39798 45974 42649 31954 30420 45931 49401 43370 44689 37289 32293 41092 45527 45274 45625 40553 41343 31426 32796 39107 39662 36407 34307 35014 39978 43003 47074 41237 49451 43912 38123 33172 24089 28372 39403
30753 30068 32998 40373 43746 48278 45627 42022 41118 53034 48442 41936 44871 39243 47240 43049 36814 25567 32800 29407 32028 33956 30852 41346 38148 42739 43769 43855 29573 28953 30045 34857 42258 48401 48119 47674 49502 47161 42988 35037 41823 63382 62145 51086 40239 43861 49600 39177 31969 24307 47359 55562 42592 31710 31003 39988 34173 39397 38151 51071 43225 49968 42203 38014 38978 37460 38740 42061 27957 25121 43688 41669 38663 36642 41139 37304 38656 35329 31088 37974 53785 49682 43182 38713 29689 35496 32958 22995 43959 40930 28919 34058 43077 44787 30991 38719 55242 57942 38275 39955 41901 41940 42578 46986 41269 50887 48330 44629 41828 36979 39099 37561 36958 42407 43199 31074 37344 47485 50019 40279 45694 34908 34281 34408 37628 36984
19958 39450 38674 44213 58277 48187 40547 44168 43063 43130 52877 52789 41629 40869 35990 41022 38172 37345 41478 55655 42215 33001 30274 39466 49169 52062 52647 42945 30495 28003 35783 41025 39687 49312 60138 45654 41409 35835 29909 24356 36097 44595 52547 35676 38221 37985 47181 45866 33303 33714 50934 52429 38076 34526 30420 31613 42219 36331 48925 57270 51616 41189 54921 42404 39736 27506 36714 41111 41554 36092 33159 43364 41205 44694 39863 35604 36587 37420 31789 22589 38673 51256 35851 28096 36523 34622 36641 38891 41061 39730 23844 25366 42395 46990 40007 42432 57228 43788 29640 30662 42804 38737 31050 41538 51674 46314 49903 48164 38647 28537 25609 34044 42697 38940 46757 55009 43695 40238 45587 40459 32000 33594 35450 37594 39773 49694
44921 38072 39297 48899 52521 58273 42381 38558 44114 51168 41318 40894 40168 34406 35851 36763 40304 42612 55175 51053 44029 37244 45700 49058 49370 47735 51352 41829 32285 45954 43848 30992 30573 45982 44899 50143 32250 28614 18136 18665 39355 59100 45652 31928 25188 36833 35720 37231 44913 39238 38772 40701 42226 38150 46234 39903 41043 43913 50994 57541 44915 45186 47279 51261 39807 46450 47688 50454 48282 51133 48000 53138 54740 36475 24604 18495 28018 26928 27998 22520 19719 35651 39678 33215 27131 34680 39764 56234 50307 38545 27825 29140 48621 55971 42774 38931 53512 46574 30349 41455 44291 48598 44857 45428 53232 50081 41097 41747 35727 28841 35190 35217 36972 48747 52632 45414 44862 40422 41815 36604 36132 40990 40656 52071 47256 40204
52119 53073 45987 57625 60192 43885 31368 27960 27913 33201 42311 32508 40625 40408 37033 28738 41299 42731 50545 60542 60351 59899 55629 32805 31288 39601 40038 44016 46010 46237 48548 39620 29996 44791 45300 36561 34470 24289 27341 23510 39303 49228 43422 23847 24833 32199 46015 47421 46711 52155 45340 39094 39579 32217 37107 33271 27373 44210 43910 45498 46387 37346 47741 33884 34753 42173 58617 53935 47960 41223 52675 42592 46918 34517 27975 23610 24602 29715 33889 27860 26355 34204 37726 36109 31658 42872 46272 44522 43280 32687 25207 21028 36074 52797 38378 31615 38818 46180 35001 30414 43258 40091 46179 50195 51014 36641 25450 21599 23618 33052 31893 32624 44723 54111 48730 42382 36781 41786 43350 50074 36757 40284 53365 45964 44306 46819
50916 48776 42963 49570 52847 41529 27295 33023 34929 40689 40108 41556 46266 52236 38784 38334 28820 35115 45248 50600 59368 48814 40575 28995 27906 37711 42045 49819 49126 43254 46910 40355 42370 41177 52619 38768 41626 44732 36683 36489 35759 47867 33308 25511 32438 37704 40506 36093 36903 31533 39847 30353 28016 33734 23481 21483 24482 37022 44827 39471 33863 31280 36841 41727 32664 48458 58386 51750 43538 35037 46991 52258 46472 44382 32703 24726 20799 36165 37111 37329 34514 38577 28835 32714 43424 44307 48124 39147 39227 34874 29368 20724 28941 39276 33890 26783 45106 47972 37934 35883 43925 44423 42859 52083 48440 39242 30638 39015 35980 38913 48094 45151 39612 45708 36192 20880 32922 48127 49753 46222 34497 36900 41059 50260 44338 52340
57530 51771 48047 51493 42624 35303 26312 24729 35106 39895 46744 53136 40717 50876 55998 41562 35516 35218 56023 64828 60109 59804 38825 28238 45431 33579 31359 31437 34321 40694 44356 46174 43554 52895 37787 37093 41188 51244 49646 36114 34651 33782 29977 23384 34237 37463 32527 30252 38575 44936 41332 50674 38064 32247 20494 15277 24348 34073 28746 22883 33882 38752 35796 38700 34164 39209 42900 37576 35631 33425 34607 39882 30641 29958 36888 29574 31316 30336 39407 44790 53253 50959 47950 40099 52255 56692 62452 43905 35416 27084 32451 23896 32566 44234 41574 34677 35391 44308 26160 34199 37733 41423 30674 41346 48312 36445 29745 42601 44851 45233 39790 38537 28908 20202 33726 41634 35082 45244 46727 41593 28594 33394 35462 36523 39108 58803
29348 34691 40234 35073 36725 34680 43927 42425 43461 57157 58220 55947 51025 48086 52852 60275 45550 40238 41410 56213 50782 38868 42557 34801 31255 32779 16196 30881 38840 37278 41304 44848 47981 45042 45720 41312 41951 58164 57966 54081 42370 39841 37677 39362 35263 39695 31265 22677 30256 39186 40271 38603 36267 33740 33105 25403 43345 41627 34362 31835 44016 54296 41071 31005 34390 37427 34984 29638 25663 37949 41270 36827 29815 26762 35974 42074 35882 35760 37452 51381 46027 50442 48596 40030 45497 58603 56156 48679 43408 55698 44283 40499 24556 35665 42242 47916 37726 33259 40838 36121 44544 34843 43842 45975 49061 52714 47030 52544 62631 52299 49886 38925 38768 35918 38139 45658 44944 51620 52861 37398 30467 35414 38304 23320 28257 48495
28645 30048 35269 42752 42806 51863 47260 43333 47297 57699 58182 53274 43410 41797 45989 50595 44923 39321 39591 48777 48569 40083 43450 48589 35024 40587 43130 34860 36800 34264 38839 43990 27853 31457 40227 46984 43899 49772 59861 61314 51555 55861 47966 44619 41008 30990 33718 35975 49006 55048 50486 34655 34071 37654 42678 35837 41375 41376 27837 39383 47686 52732 48373 42355 47624 43515 25110 16589 21041 38921 44363 40278 36746 25690 17415 27368 36043 36961 42656 47730 38684 27617 28736 41794 50960 61792 56776 51028 60109 59758 56927 45067 43910 37872 56426 53628 52136 37735 41004 38671 29286 25926 37427 50357 56332 51017 46661 50963 67568 58105 41042 31846 36146 37122 47668 50171 58799 48059 47091 45090 46560 31769 26714 30729 43602 49951
27595 21718 31839 30104 31133 41879 46871 58797 49124 53550 50025 37909 26571 30880 45311 53737 54051 33784 31898 38094 38054 37547 39153 46128 41570 45198 48170 42395 41733 33419 22269 21734 23677 36363 41881 46821 30228 42819 50833 57000 49789 35685 40048 43993 44145 49389 41700 50505 56834 55694 48036 35584 44123 40316 47617 46246 47643 46900 47280 43770 54281 55946 54814 39228 31821 39109 32295 26107 39153 40001 51153 58662 48790 32932 31538 46819 48158 58992 54275 42481 25654 23660 27701 35116 50478 49738 49457 47337 50642 57201 59044 50375 36071 34357 43760 53819 43608 47666 48111 46890 31878 36046 37887 43614 54110 50254 44519 50009 67617 64714 42584 33648 46277 51238 44651 52636 56488 57346 54128 50106 38497 42324 39365 31342 39874 54402
41850 35713 34165 33807 42421 46153 45164 41658 58704 43779 43274 43240 44549 39431 33575 40391 39737 35830 33767 44842 34782 36103 44912 46489 48039 55531 63806 56185 47739 44484 31064 27792 25759 41347 43586 32186 36802 40642 57599 47945 37300 35487 40797 49415 46421 49525 62327 58554 59577 64038 60511 46706 41353 51510 48851 53475 36089 39065 50615 57214 45358 55491 52072 48284 44519 42104 42512 46294 37609 36193 32277 38545 42348 41546 38337 46651 59721 58468 47279 36599 31012 23264 26593 32449 39418 40578 31456 40799 46488 38452 38478 49358 36774 33372 50171 60349 57807 54390 53683 42319 36073 36854 48016 54191 57914 51654 36529 42183 61051 59754 40020 24244 25656 35868 42205 38145 44280 40953 40512 44816 49474 40259 43557 41837 47317 60404
45261 36357 29109 31414 23447 35151 49319 48123 45342 45606 41126 49390 41876 30525 36499 42341 36802 37046 43102 41906 39658 22417 35015 44634 38555 40941 48366 55659 50094 50014 32657 26077 37301 43284 52163 41855 36917 49653 47615 39642 31424 36421 35747 48626 48613 42356 41920 50784 50650 54261 50492 58389 56543 61258 48054 38614 43873 49258 55868 48838 39312 40762 50127 37017 23370 39283 48298 51338 42154 31116 23398 29423 36924 52460 48041 51237 61983 51820 38464 41191 45532 32541 27910 36165 27227 15032 27258 42885 40260 32473 32473 25627 27115 34527 45814 63153 54370 48361 40027 39428 48209 54366 48375 48233 51676 51784 44766 42534 55494 55476 46353 27943 30548 35480 37344 43151 46883 49957 47583 43056 41471 37864 42451 55564 45622 47086
45244 31730 27286 22049 28259 37319 44822 48529 45677 38177 34568 41323 52885 45976 37613 33517 34197 31567 43654 48349 39941 30699 26975 38592 41170 33593 44278 52017 53360 48264 47958 30749 39598 47207 53683 46135 50937 52796 53273 49738 46385 41445 41167 31849 34682 44244 43857 39910 45996 42206 48647 49816 58661 59186 49698 31800 30623 51908 54071 50463 44342 48561 47569 45452 32177 31013 42449 42394 28016 28061 20082 20477 39992 43232 44062 44243 46315 38957 33949 39977 41726 34215 35688 38290 32385 20854 30513 32937 39852 37698 31483 21740 27039 42983 50813 60389 48926 53944 38275 35692 37272 49463 45486 42431 43422 41313 46779 45797 53356 45012 39688 38960 36713 37769 42638 36019 44104 41213 43376 38760 49996 43684 37639 45541 56136 43410
26550 35497 40385 37170 34970 35603 35537 42592 38705 28463 15112 39981 44883 32725 23345 33549 30122 33325 32760 47796 37081 31202 35620 39279 41764 43056 47693 41053 50773 54677 44914 43257 44177 40656 48047 54040 52687 46649 44754 39920 32918 40226 37950 33660 35598 42800 43541 46196 39982 30050 36093 51546 57251 57125 44593 24723 22855 29637 45749 48979 37762 34776 38560 38479 33185 36253 32592 44850 47077 36174 24210 27832 33018 48838 47088 49610 49747 45163 44808 39548 56505 44961 41432 34922 39494 30070 34927 39524 43105 37256 32264 24485 21529 38164 40916 36276 42699 35350 35921 29634 37913 55986 42903 20888 24457 42788 48777 40195 36179 44610 39711 40720 43015 45497 31519 34554 40045 50739 43034 47805 44686 40139 33069 47436 52555 45644
49017 48900 53387 46802 50653 40254 40478 45288 39963 34935 34781 42796 54002 44360 39973 36236 35848 38249 42638 35041 44796 35727 40200 43850 46204 51272 44457 52438 56814 49671 42221 45802 46308 41111 35075 48419 53018 44697 33445 41806 44548 38781 36152 40415 32142 44885 58059 53272 44495 42242 36610 43471 50051 55562 46715 22617 10814 27017 44492 56458 50731 41318 38417 44356 37330 31886 35552 41881 45470 40809 40288 32023 34558 37518 49789 47404 55088 45652 45848 41810 41253 43132 53950 48467 42484 41483 40640 47507 32444 37828 32399 33164 34866 39714 45220 41423 29551 38634 37263 45238 38901 35761 35629 22994 16159 35502 42658 41841 34585 33626 36613 42478 35748 40593 35360 37818 45425 49768 41616 49543 52057 51834 38436 46497 46651 37634
53191 59668 55747 46832 55167 47827 33930 32933 48181 44152 50779 47646 45216 46758 36183 33514 37440 42187 51176 50518 43309 53081 51900 38442 38684 30170 38735 41239 53764 48701 49493 57478 45052 29838 30976 34068 39195 42097 42255 40791 50225 44065 35652 30708 34317 35449 40689 49726 44849 39941 32414 34501 40229 47771 45825 29620 20778 37920 48154 36384 34643 38439 32350 41839 44134 44259 41663 50152 53134 52949 40790 37962 38360 34537 44677 56148 62612 61540 49640 51583 48025 43414 42892 46223 51870 50623 46501 30851 27450 25344 38431 29640 32061 39192 35748 41506 43794 35511 40057 43680 44834 54139 42201 38305 42238 33814 34578 36747 36663 44297 51206 44332 42214 47864 50185 50564 46779 44402 29578 43806 44059 50330 54924 49597 41141 29136
56591 59502 47788 43871 45816 46116 41836 38721 41749 50545 45715 55789 57203 55676 37881 38532 39664 47853 60717 61497 50295 48551 48103 35965 27827 30259 29173 40893 40718 34323 42514 38520 48361 37729 26292 26632 36603 48116 54241 47789 48758 39524 38791 41072 32336 34800 36236 33563 32417 42441 40933 29098 37192 50666 56877 44191 39465 42037 45607 46947 44176 40276 48936 41609 38575 21479 24612 36269 44785 30249 37905 35279 41746 28123 28655 33525 49862 44447 45256 40593 31852 31486 37136 46705 48512 57921 45801 31028 25952 43372 41613 37836 44708 46425 42383 47872 47316 42519 47104 65109 57719 52334 52396 43823 39775 48187 41817 40658 55973 60094 47768 46727 42076 40008 49318 51137 46680 51931 41921 42701 49444 51283 44031 39509 31543 41477
53351 58221 40899 39025 47422 51484 44193 27405 35280 38627 48467 42258 51556 46155 49495 46354 49700 45990 57684 57570 54482 51224 40692 35689 30152 22142 16957 23403 36218 37311 38314 45544 41119 40268 26386 19560 32885 42365 47796 48662 34050 37017 43405 38980 36080 30396 26147 20665 31123 38665 43526 29919 37645 41176 43712 46771 55055 42440 31324 37508 52882 51827 40350 40740 32760 34041 33078 36084 32179 40268 29290 39888 38761 32287 25627 34676 43958 43554 42937 45319 39271 29028 25687 40735 43270 47133 51915 53009 45408 41520 33631 26376 43691 52943 44280 41120 45178 40069 48404 58187 57915 51436 59099 50073 44674 44566 44258 45833 45498 50537 55764 47030 37761 41896 54192 50175 45622 39665 35841 27907 34171 33557 47993 48629 41998 36882
61725 51360 43776 28137 44359 48034 43396 37170 27304 39027 37057 44165 52153 58583 52358 48559 43405 46695 47182 46842 37688 38442 44872 41692 43855 38557 26349 32313 36470 30413 27304 40634 43697 33046 26771 26866 45319 48639 42971 39655 33479 32892 40028 47763 34298 39199 40143 32763 36890 54847 53945 45431 33513 45917 48494 50411 42638 31403 28435 43344 57474 48781 36475 31460 36764 32733 31068 34558 30667 36221 36186 41476 45632 30419 25537 27668 36206 38566 37267 38081 36155 45951 40842 34987 38512 40072 47767 45768 57719 38413 27294 30106 46308 59513 54924 49796 41060 42776 44815 47196 50283 49857 32785 36723 47176 61347 47317 39221 48775 47377 47779 40329 48042 53181 52020 38606 42555 43966 43575 44645 42452 47613 38897 38305 26305 38839
62742 54258 45155 35399 44256 48939 47814 41811 41343 38055 32483 32327 48183 54839 54353 56355 52702 37747 43115 37873 35716 41059 39368 41542 33273 44338 36521 41671 44803 47018 45799 46627 50803 34464 25499 29615 35536 45571 58517 54273 45159 32035 30869 29501 37828 48833 50695 48366 51233 63079 58297 48281 47946 47892 42576 43823 32417 25911 30028 48119 59944 48234 41166 48430 47751 42139 46932 42244 41726 37062 41757 37339 37499 35049 28015 45268 34113 43360 47211 46610 41473 42942 30282 27120 28234 22707 29005 40773 46351 48377 39206 39494 44276 57049 62062 52928 47761 46050 45442 45920 39735 43312 38041 37217 48494 46366 56021 45048 33994 44939 53624 51257 44691 50515 53388 45901 37279 42112 56283 38335 26316 32360 53678 45624 45159 40621
50331 55285 49375 42603 27917 37650 36065 39459 31937 34808 48096 41407 49890 57092 51342 43733 40906 29953 36021 39579 37173 33489 41786 35175 36448 47132 59435 54601 49931 51459 44797 44095 38036 36402 34287 33160 41206 54593 67440 57816 44645 35636 25817 20980 36901 39480 46510 49857 52677 51987 50530 51470 48791 50105 46629 41818 32817 33563 38713 47882 43201 37933 42419 52597 46702 37871 48963 58152 42693 38945 43877 47002 40618 35164 39002 38084 44220 36451 44633 42973 32261 31999 43194 27472 37157 29796 20367 21095 39315 46936 50010 46259 50394 44230 48944 48994 50839 45451 34401 46168 53129 52382 41976 31926 39111 45464 44745 46031 45534 36596 40971 44259 41011 49620 52994 34332 37008 36725 43317 34846 34759 42681 47251 46410 31467 38527
45446 40372 40284 37189 31679 36349 47401 35154 34113 34711 44358 43341 38078 45940 52395 41569 36816 41539 35510 38847 33882 48448 40233 26266 30642 41592 56632 57166 49093 47007 38625 43931 46039 37427 32900 36803 38163 44158 55716 59872 53170 40926 27188 26858 34081 34441 28642 44233 58089 61525 49871 44919 38663 39457 36704 42221 39020 35882 36060 41751 48170 42228 42725 48100 36008 26763 41992 51114 34810 27486 43948 44744 45074 32259 39701 39442 40585 46182 54969 55190 39498 39043 42327 43927 26043 28148 16564 19568 34575 46534 55536 61111 53773 47122 28094 42251 43049 45016 39267 47452 62586 52236 34897 28728 30842 28931 48998 53215 49782 42308 36435 38456 50481 50973 44736 42003 30337 37581 36335 38722 33721 48717 49400 42960 40362 35922
46537 41506 27584 25019 33184 50513 46330 36743 28341 38580 41488 47004 39642 46897 44071 45603 37898 35270 38127 38893 40152 41042 47485 36195 37038 46481 48370 49832 50184 39754 36359 39766 39830 42141 45814 51580 53211 39378 34257 39056 46597 37287 22754 24649 27161 29559 31375 37681 47169 46504 41376 27568 25621 31617 47365 51490 53213 42054 44841 47691 45919 40677 38678 37189 28800 31614 47244 44306 41774 46272 51949 58625 55438 56853 49143 46291 46367 54589 49511 44457 44936 38044 38725 39731 42667 32385 30457 26689 32996 46350 58156 63357 53522 40196 41726 39778 44187 45040 37670 47902 57810 49147 34321 27641 36972 41486 41690 57438 42801 41035 38285 41963 41949 49016 35800 28633 29671 31926 36367 48168 55575 46442 39082 30716 28677 27954
38850 36606 21409 21639 40255 66099 61412 43526 34582 46179 47744 51512 43890 45336 46922 46131 35814 32642 31987 34229 34338 42050 37886 25696 27348 47979 52483 42611 36271 43326 38320 45413 43452 31802 47105 51216 52708 39924 30319 30036 39373 30895 24019 35187 38199 38131 40336 42534 46868 46168 40371 25277 37441 41536 48914 51420 37470 36380 34654 49559 47491 44540 45042 36645 33993 33945 42288 47447 42604 48134 52230 49310 51315 58912 53316 61448 50105 49259 39954 46526 38067 48224 53226 46725 45015 43896 41466 46277 45378 51040 56082 55102 44366 32595 32737 40208 36100 44454 48564 49263 54552 45593 37268 42986 39689 41385 40832 47725 42958 40831 44507 47068 45495 41862 35883 27959 23601 30798 39926 57098 53125 56186 51540 36207 44643 36042
51088 42107 39750 32918 39651 58747 65670 44999 43165 52640 55423 35487 41069 39188 37173 43554 43163 49626 44767 34305 34674 33916 32960 32020 44678 51641 43116 34129 25888 31904 41745 31017 30321 39317 42968 54934 50759 46829 43967 44293 35935 30998 29413 33108 43619 46220 54385 44350 44646 49176 35044 34266 39746 56609 42369 43951 43042 35017 36859 48174 39837 39496 37246 35366 35208 42277 44613 49043 46092 41458 42631 48544 55830 57450 55434 58429 58680 41446 42573 44446 43030 39425 39948 50526 44257 51202 43519 46078 54588 56066 54934 42397 37052 39804 40527 36411 39893 33747 46257 50560 43669 56915 56721 51436 41126 47213 39365 30809 35284 32691 47562 48787 41399 42544 42882 33667 22653 29417 34589 42938 42891 42772 47890 37153 30401 38251
36760 37449 43936 46103 39363 44579 51913 57779 49485 50599 38069 37971 44112 51285 42857 41149 40135 44665 40692 23981 36778 31741 25452 34357 39198 43559 29163 28766 22961 28430 31116 31357 30073 32579 43674 43961 39209 47185 46250 43009 30645 28727 42163 39693 38121 44355 48327 50865 55261 54320 43142 34077 40877 50007 49904 38483 33892 25079 24658 34620 46775 45873 39488 32111 37267 48238 46720 36321 22791 26277 27022 40017 51486 50588 41143 49888 50950 49881 44450 46109 40781 38323 40381 44155 45358 43836 52146 48274 54050 52509 38666 38229 37156 33930 34258 35185 40281 42866 32901 47536 48095 55693 48445 39229 35249 38611 41148 39523 41271 43792 40645 34256 34782 42415 43848 41379 37856 38928 36464 31881 40331 41672 47320 49166 46620 45108
30280 36538 48884 51904 44067 40459 45908 43168 33614 25786 30939 36397 45146 48848 47418 43484 44145 40821 44897 37392 25541 38770 31671 36196 48295 30319 32775 32138 26783 27305 42472 32178 26805 37106 33568 25674 27808 39712 51030 51630 52783 40476 40722 33943 37488 40354 48177 45441 55872 52534 43594 45510 49944 46804 49202 53116 40995 26030 30080 36042 46886 41517 37811 49736 34916 36148 30611 26041 18724 16070 27101 37081 43771 40873 41002 42197 55226 44053 47299 48826 51238 34420 29458 29324 40035 33732 36213 41371 47072 53011 44367 38460 50077 52779 41916 45805 41391 42179 36476 34574 49271 43892 54585 38959 44446 44331 45311 38266 39435 39479 42552 35467 31337 38586 42386 46876 59494 53715 42811 30991 32201 36839 44387 42852 51119 34610
25179 27381 33306 42975 35126 34978 42892 36916 22779 23376 31261 44849 54466 56673 54310 44742 42248 40220 30598 32723 45114 39393 32749 24512 27974 35008 26566 29940 26910 30014 40630 49484 40228 25696 21214 15377 26713 32242 54325 49134 42576 42522 35606 26296 33147 41450 32908 37451 37278 40567 42745 49385 48675 49572 48975 44825 40505 23372 28163 38358 47856 54549 50497 41834 46530 37449 39843 29608 22966 23705 28276 42530 38206 32747 41896 46869 43839 49290 47124 44682 32955 38141 49321 47037 33350 40823 35899 50517 52333 46864 30945 35225 45615 54394 44123 40174 40936 37143 34238 35723 40933 41401 37424 42636 38969 48055 40524 46744 56133 59495 45365 36812 26973 23780 39662 47541 50610 41937 40780 34242 28618 27003 40890 47954 46241 41846
33318 23798 16970 39586 48375 36582 38274 44536 32274 23921 21769 35124 39232 44152 34308 44779 41761 32677 20313 29563 44225 48686 41300 48304 39632 32641 37850 31393 29128 30794 37566 51062 40343 24095 23915 24183 28521 44650 58062 59693 59636 46125 34435 40934 49165 48994 37245 27033 31513 29866 40064 47008 44178 34920 40477 46894 41740 40347 37691 42439 47587 45562 45389 44657 41958 32887 26081 30825 22945 37321 54263 54825 35492 33510 35509 43342 36389 39933 44818 38400 36229 37959 51153 50489 41707 35257 50722 46721 45724 45698 40573 33606 47988 59133 41080 36242 37867 37726 28828 43735 38835 39685 40612 48457 47095 41521 47857 41345 54671 51164 46839 31080 42072 46986 44487 52683 55507 55380 38820 32173 23339 32505 38387 41949 35196 31810
38305 39973 36791 49959 48425 39073 34804 42126 44271 37217 37990 36164 37819 26628 32143 37528 45004 35122 37449 36951 51483 60056 57643 43434 40333 40942 26963 20964 18703 25289 33806 35489 34938 21615 27949 34835 40282 47873 56238 49482 41911 48812 43338 44226 52814 52675 39879 24253 24623 25911 35783 39418 45068 48180 52484 41760 47739 43265 41066 41919 49942 42520 46775 37268 39318 39036 37530 33755 31908 40233 55160 56516 50977 37562 38097 36063 45042 56124 64035 46495 40017 44508 56770 63236 52190 52071 50524 61326 56687 38221 40495 49389 50136 41657 35623 30631 36822 41747 42396 39583 45187 41306 36762 37247 52415 39453 36935 50352 58200 56032 38676 26537 41477 54802 45822 44241 41885 42295 40620 38910 35101 25320 32664 25721 29426 39284
41346 41239 52441 44521 40935 33436 35223 42257 54098 44757 41711 47278 38444 24767 25697 43595 56153 52663 38606 45280 39789 36322 42524 45010 41318 38395 26358 18401 36678 40280 45380 39768 25319 31071 39368 45358 38606 44408 45139 45217 34119 45264 56642 57657 59149 57932 50319 29598 20179 22571 35715 44354 41221 43600 48806 45634 47437 45797 46426 41501 41717 36087 35135 48714 42631 38176 29447 33750 41095 47623 44978 49687 45150 44463 35839 41892 46431 51107 47794 52380 40963 48623 46649 51934 48830 51802 53890 63243 59078 45028 42129 57456 54190 41932 42608 44181 46536 53395 55783 50004 57113 49147 46225 44294 33766 44469 39488 45858 51665 36207 31992 40586 45274 53877 45777 31750 40054 56370 51927 42712 37732 28933 21721 40045 39591 42600
46557 50975 51721 58754 44694 46385 45249 44385 40758 53399 55011 49720 45417 43370 46345 50740 63108 53983 62092 47056 41964 31116 29243 39633 39473 29929 24738 30754 31964 46162 34195 30417 24785 34284 40896 45169 30287 46920 46491 43587 42057 46725 48675 63116 64570 52599 42149 37867 31772 42982 50180 48318 49119 45992 48158 50571 46756 39975 37486 47564 37604 30686 36967 42306 40552 34622 38120 44716 47811 32681 32647 27970 44398 55770 58043 46926 41972 43190 43557 49423 53328 45130 32047 34911 43862 40536 46177 54311 50153 47579 44526 56074 49533 50679 53805 46858 37424 40484 43421 39835 38637 53205 46408 44327 36876 33477 51516 45257 41684 38011 36095 47057 51889 42232 44443 36243 43767 49102 51234 41990 42516 34903 35615 36377 43671 34893
42503 49591 51509 46842 47509 46757 44379 43578 44257 42093 45886 41246 34023 39079 48450 56122 55672 60142 64405 59480 40823 33536 42724 34192 37644 33790 31963 25892 36877 33913 31713 28565 37609 47514 49407 43940 38125 37967 44017 54736 50905 50343 48752 48076 44598 43483 30012 35315 40449 42367 44852 44411 50797 43426 43650 52801 58028 44880 32571 36229 45176 38894 34580 44201 40839 40662 40827 45216 35831 23905 19342 17790 28435 43961 44195 31616 29556 37285 30996 36632 42831 38212 30575 26533 23186 34641 39386 46070 52101 52099 52900 44920 47304 46612 56241 44418 39431 36569 39132 38191 35816 36241 40322 44906 35098 38389 44924 53215 35595 37727 52546 56149 54154 45061 46244 48003 49046 58605 43404 45985 40106 37854 28337 46173 45510 36268
48294 46662 46269 41956 51539 42514 34776 29119 29170 35338 32277 23758 22664 36752 52473 48633 52948 53131 64597 55459 49274 43800 40170 47116 35882 31053 23680 16346 16808 26315 27409 25842 43056 57398 55587 42227 41998 38156 42852 40037 49711 42984 41343 53119 44865 38215 43955 43543 40791 42394 45950 51205 47621 48260 48078 49491 43959 37872 35335 38547 40600 39121 26863 32401 34031 31579 40568 40081 30075 16451 18556 25871 31099 44361 40505 34336 44772 38852 25950 34336 39142 36147 37613 30936 20892 34030 47709 59404 44034 47928 55168 48789 42623 35948 46089 38200 39788 33588 40357 40386 33661 27259 35013 39001 42905 46330 56672 60737 58355 57563 61899 65277 48148 38693 39648 50088 45100 43000 52765 47114 54968 47808 49529 43207 36151 27089
45286 53153 39163 30985 27241 34576 26183 29983 20887 31684 29918 24333 18853 22432 43431 55817 49302 42358 48126 56505 36299 43873 50279 40053 35965 23538 17953 15194 32630 38399 34284 32454 41237 43256 44274 48376 38841 33665 22472 35520 39822 46350 52053 52654 47645 35342 25449 26580 19117 26671 28218 38515 45930 46289 48372 46411 39022 31789 28435 28198 42801 39871 41616 32350 40474 43633 45971 36820 38530 28359 20790 26700 20910 27690 35718 37883 30244 34398 30136 29164 42568 49228 51460 46791 33459 35865 54754 51924 56844 47174 43640 37348 31304 32831 24809 32262 39361 43695 46381 49680 48474 38862 36388 34245 30356 47557 46610 46469 45561 47560 55484 51147 47146 31558 29834 38643 50039 36476 31729 40152 39979 43536 43885 48468 35038 33786
39360 43031 44190 33968 31452 28296 37290 38634 34168 34245 44513 39510 36165 33209 45895 45325 41745 37067 45132 39497 44686 42210 45072 47679 35520 29705 26239 28007 36277 36326 28023 24050 23618 30737 31445 39028 41179 37159 35125 28184 36854 36809 50078 63882 47717 41871 43227 30814 24415 20925 39651 38612 33625 49861 50718 37750 22679 25748 31179 44948 53613 42910 24960 27780 28993 22534 31738 45497 44401 43847 37161 35472 43168 31859 31483 32772 45587 43394 34915 34535 30434 44496 49113 42730 43775 50756 53748 55334 43650 46585 36615 44666 41538 45033 34022 32347 31723 35670 41219 51073 45916 49991 45041 42300 34448 24278 36845 35340 52727 50301 45118 48146 47081 51459 46309 52659 41428 37290 37191 44989 49507 40050 40905 41793 28371 34557
52189 52909 44078 35343 38729 44953 39967 44540 33859 45389 50949 54384 50846 53706 43985 45748 29336 29575 35338 35446 26833 40587 49902 53056 39702 31762 38135 42590 46988 39579 36431 33485 39403 29576 32216 44518 54835 41258 40067 42196 26592 39207 43974 44947 48135 40668 38645 31566 21104 25918 34157 43861 43413 42234 44844 38735 34309 24806 39563 48664 43796 33830 36273 37068 37388 36032 32233 44990 38080 42990 47897 42066 32895 27351 26579 42338 54965 60884 36853 30221 44904 51878 49248 39646 25014 32904 42283 36589 42119 38768 56113 47365 55820 48748 53683 37532 25938 30010 32107 43175 44527 55034 50359 39888 31940 23490 20147 27029 35242 45106 28371 33954 53537 52765 60447 40238 36290 33355 42195 36293 37208 34071 30711 33946 44234 43002
57668 50071 49296 42682 46883 44279 49531 44854 41441 38090 59523 56160 53289 46099 41716 40805 33985 37373 36981 42102 38336 39468 50219 46868 42875 45230 56009 51222 33733 32961 34424 41272 46472 38382 33258 43519 48752 42760 41595 50792 33201 30805 37165 47568 43538 49954 46316 43930 35061 27717 40632 37631 38020 42283 49178 50602 31994 32330 37775 49288 33252 29765 41046 36799 35303 28585 31598 25017 32188 39385 58580 49020 36870 26691 22393 36785 50579 51740 47699 37433 38407 42907 41327 39855 32784 35946 32247 32512 34471 48366 41091 47656 55222 63858 53258 51077 30461 30163 36605 44407 42616 52066 52597 40858 31593 31960 23542 33891 41600 46842 47119 37148 36421 52059 43596 45784 27610 34480 39340 49340 39654 35946 29823 28722 32622 44587
51809 47081 35112 39718 47347 45958 44210 47662 31320 38891 52630 61924 48927 48553 40391 36655 43217 37621 42279 45092 43249 49077 38477 37225 39084 49629 45395 40745 29573 38104 49908 49074 46046 33851 40028 48133 47954 39520 45129 51049 45267 42735 48675 37638 43068 40009 41888 33680 41915 36209 37150 34334 38025 39504 38785 32510 34927 32885 44976 48166 44671 28451 38049 49537 44456 33517 29188 31944 29708 28830 38084 35975 27894 22135 25569 23304 43174 45479 45634 50723 38724 46237 35190 41076 37636 32154 33341 33033 30168 32532 42853 41104 38023 48665 56007 46234 41748 33592 32938 24657 36665 38671 43861 30197 29424 29283 35878 31810 40628 47749 49279 41548 38382 32796 47171 37799 39326 36335 39915 50841 41485 42879 40758 38080 34473 42902
49284 40372 34506 37702 41626 39102 36418 43416 54189 50862 56146 49053 44672 37248 42783 40177 48089 51448 51355 60293 53035 50248 43082 38796 39509 53622 56947 40639 36995 43720 48197 50512 37538 37833 37788 44742 44444 36304 41248 51157 56135 40750 42531 48439 48678 50195 52068 37420 34216 43154 34306 37390 32100 42793 38893 33187 23233 36187 55286 52753 49733 37914 39932 46146 37080 31344 46848 50261 35039 21313 34039 37236 35365 30695 26683 30774 38428 42495 49566 45264 33514 28585 47986 49657 58834 49765 43494 50210 45607 41339 33337 23041 34312 49572 45335 35912 36700 26640 25158 27219 35414 46507 42926 32788 36367 48210 42468 33027 38764 52333 53533 47916 41884 39103 39100 45529 41517 36525 44051 46520 40791 39766 46780 32847 35610 36334
42480 42490 43271 40107 33759 35948 37698 35852 44759 47649 41047 47687 53106 45215 41884 52574 39665 37030 44368 56569 56230 49783 41732 37061 36949 51216 48336 38952 28044 45398 48172 46671 49124 34948 42215 49546 39578 34311 33790 51741 49085 47513 47658 52618 48788 47860 44719 31277 36681 40763 44985 37935 46278 40543 44536 34022 28480 36230 54476 59831 52072 51571 49326 37790 33669 39529 48709 47560 41384 30853 20891 29756 42370 38171 34590 33763 42388 47940 53662 47119 44452 41689 41327 43914 44517 61957 51753 58168 47307 30608 26152 30634 27866 42124 45774 35863 27884 26462 29662 39014 52283 47011 42021 24595 29837 44118 44875 32697 46392 56559 55606 52743 49381 40311 36114 47807 65480 61620 54180 39607 44003 44216 49388 54945 36979 30683
49052 48596 48783 36935 26939 40613 39870 42339 48001 36451 32423 42470 50216 46656 47172 49457 47431 37646 39566 45397 48055 54015 38870 43487 40798 52847 46506 39670 29072 30918 46666 48534 44050 52882 44825 41274 40531 36038 37854 45230 58118 51607 49396 38018 49537 52888 47934 35091 29974 46184 45683 34152 39602 51499 45631 40819 36027 34821 52199 57802 51322 61761 53830 47013 49182 54211 43424 41492 34642 38932 39595 32200 39353 44712 42924 34612 32680 40803 50563 50632 39512 29865 32327 41178 46840 44557 44683 31558 37387 36949 30729 33462 41096 47378 51960 46669 39187 31370 43190 52323 62277 62205 39095 18472 28210 42749 47649 44835 41497 49528 44472 36909 37926 35327 33755 46134 63240 53318 35728 39468 41160 49358 52577 53347 46470 37934
38363 31656 43242 32614 26952 32137 46505 42355 40432 30381 26920 34673 47756 49768 38715 39527 41350 34855 26728 36410 39027 47236 54574 42618 38420 43130 46288 34841 23202 28986 27397 42906 44213 51570 40771 41022 38361 34995 36801 50137 45209 41920 44881 52243 48790 46224 48588 37369 35291 43585 47744 39784 42882 48322 48587 50734 46153 43296 34361 37731 46294 45343 49482 51686 45908 42640 30905 23601 36781 41564 47171 34264 30255 30184 34261 27603 31231 39326 41362 44258 39301 29906 25907 36564 46372 48672 36503 38435 37461 34607 42507 39013 37595 42235 57291 58520 44801 44617 37274 41952 47780 43444 41492 26401 35475 46583 38495 46736 40683 40821 43886 42091 32747 27301 32989 36191 50146 46797 47458 40517 50661 51485 52014 48353 49263 39009
32639 37811 36956 37964 35991 36817 40119 51079 58269 43621 32118 33701 42274 38271 33905 35003 37577 28896 15821 27036 43838 50377 61952 59979 46085 39565 47723 42908 31896 28143 23947 33424 45542 39767 32745 30454 39537 40408 33396 36781 48845 43452 51066 45926 56259 58521 52722 33202 25997 38408 45283 34470 35354 38854 45451 39757 53289 33097 32027 31952 48481 49441 36880 42381 47190 45626 37697 28249 41940 52267 53121 49246 38774 38392 29062 34012 33513 30765 46919 42354 25681 28246 30020 48788 48686 38301 36699 37379 41070 47045 49883 44587 47507 46351 45686 51041 43403 30998 34760 33630 37880 40571 30491 39910 32285 39109 45745 38171 47242 44094 40452 37100 34020 26198 24132 29413 33739 36444 45800 42782 41317 44952 49724 49902 49409 51202
33065 44696 41615 46035 40890 38548 43155 39738 48468 38805 29480 31661 41892 36970 35437 40227 39760 34874 32207 35244 51927 53554 59013 56524 44106 36177 37373 48233 35629 39556 42144 45568 40673 40906 38436 48379 45722 39802 42494 37363 44252 39054 36362 44235 53957 59925 52665 39967 26189 35169 43142 46600 38414 36372 40373 40277 45595 36660 23492 36243 34743 29434 33488 38647 43864 35220 31342 31095 32591 51397 52738 55684 51194 44799 29241 36324 36536 39779 44128 46662 33162 20111 33933 37344 44178 37982 40920 49072 49439 54865 47140 52462 33379 34531 29952 29624 30861 20748 30796 40285 30312 16711 27813 28548 38690 38798 47821 45303 53547 52962 39967 30654 38328 33754 30991 32401 46561 54923 52277 53905 41168 39050 50929 58450 44130 49799
22515 37094 49704 59596 59355 47294 43825 45208 47813 45414 32374 35910 43043 45468 38452 42201 48273 41851 26965 34630 44536 52057 49279 57238 59980 52167 48528 45381 38446 44571 56826 50035 42958 33521 37679 38109 40132 42529 41210 41601 26330 32095 36775 40138 44867 62078 61457 51706 40058 34217 47121 38253 36879 36992 35448 40577 34708 33625 30128 34828 45713 38720 22371 32368 44256 45689 41001 44173 44122 50728 49449 51437 56598 50282 43700 36322 45852 45843 57200 49146 35972 32614 31726 41923 40692 32522 32731 38804 41669 45769 46263 45251 51107 32196 30174 21561 20288 26750 42766 42333 39610 27446 31639 35473 36539 30280 37851 40747 51781 50191 45320 49086 44648 37588 36110 41769 49929 47195 43547 41295 42554 44050 48406 43487 47137 35959
25353 30542 37557 46257 41995 45411 28910 39492 39814 44014 44592 43095 42625 47132 37957 35211 46678 45628 42908 38201 40418 38063 37720 44800 51386 54110 51313 47297 40168 41893 54670 59851 49122 48607 42724 44936 39365 52341 60687 53201 36682 32028 43512 35503 36221 48784 58186 48909 44808 50513 52028 45153 42647 34653 25443 23957 36612 48926 47524 49015 34051 31944 29300 39422 51219 52244 38327 43113 33398 35946 39489 38616 51483 41722 37689 33750 44545 51003 41785 45441 41601 39119 48518 38315 45136 43251 32644 27747 29656 25049 39152 46655 46781 39574 21003 18999 30780 43700 53762 48942 35304 35303 47940 46192 34205 27516 27869 42583 49878 43935 34880 36257 44326 28256 34992 48466 48851 43276 38298 31616 40522 38512 49259 46760 33138 34088
20760 26561 34913 35297 37567 29902 34550 36224 41631 40117 42136 38292 37961 33648 33791 33054 32067 40054 40706 30172 19440 28121 42299 39325 56814 60782 57706 44458 39730 37046 51140 67460 58834 54178 55569 50356 41890 49797 48901 43884 41623 38346 43856 53258 48015 54439 59843 58693 52349 54666 43755 51152 48291 50765 43311 46052 44242 44255 58293 42073 39368 29090 34407 39947 49272 55350 49018 44929 44183 37756 38470 39468 35095 43719 29866 42492 56358 49556 42356 30708 40729 44744 56633 63863 49531 48052 32055 25875 28958 37944 41576 63187 59575 47125 36690 26920 45147 58467 52398 35765 37838 46404 50062 39184 33390 40931 26427 40345 45004 41881 36676 41988 33663 45073 48459 52122 44306 35404 28551 28462 40378 36169 46819 46850 36659 24319
25437 34415 37099 39397 31550 30373 26059 25516 31935 36805 43117 35950 40510 41190 39243 20833 29189 46144 44534 35625 38631 43180 47948 46945 49607 57095 46406 52338 41798 42752 47773 48698 53905 56809 61222 50866 49803 46765 53433 50350 43100 49213 57207 59216 56129 45640 42463 34292 44057 47561 53942 45854 48292 39232 37665 33970 34344 37918 53300 46587 35342 39591 41978 51594 47853 38355 41743 43787 36436 37066 31625 40292 46844 40739 36420 40869 45896 49336 43155 39881 26765 39970 56303 55334 50483 33799 42892 35319 43008 39029 47277 53737 59088 41996 37727 43602 54681 61449 50610 38346 27319 47763 49357 45759 35909 37950 45510 37765 41158 32442 27533 33229 32652 28677 43265 38548 31494 30337 44598 34136 26567 36740 39119 38886 29235 35163
24783 33944 48713 45679 40285 35616 30470 35147 25951 26249 22866 27990 33408 40677 34389 30406 26978 35157 36859 44205 40275 33209 34765 43578 34910 37344 45191 40232 45485 32007 43650 52165 47663 48454 49357 52906 51445 33336 37700 43853 45094 51402 52798 54331 57750 59593 45049 44239 52365 45316 33602 44775 42204 39238 38534 35673 33039 34247 43251 39331 46731 50096 45125 41814 46430 40312 45659 40591 39596 33476 40246 52854 48225 41382 42587 40432 47476 53158 50257 39571 30809 32410 53628 51761 42553 45341 42497 46774 33299 38483 42754 56590 45769 58370 45225 48869 51925 52783 33154 34999 37942 36941 41502 34990 37437 44829 31821 34621 21743 23621 29078 31967 32737 36363 41646 42977 37872 35937 38076 37359 29427 34338 37210 36225 35789 29442
34909 34596 45038 42064 46813 37353 30587 26127 25022 27383 26416 29678 23418 40399 40798 35564 28615 29024 40535 39626 39897 38684 43754 42480 38669 47093 48679 52378 49059 45955 36065 45317 41142 46565 41810 39621 35048 37216 31221 37597 47177 44083 44476 42306 52042 47364 43076 45731 47319 52462 39500 27945 26564 23800 27877 28376 32226 45361 40656 44892 51314 48820 40989 43810 54240 53128 38595 37500 29346 29529 36119 42810 56459 42238 46373 42404 48598 57350 66018 45669 39151 41031 45089 38925 30034 40583 46833 38214 37888 42492 38261 35300 46835 44731 50707 43401 40915 28608 23544 28450 36942 40525 44564 51180 47924 43780 47845 28581 17953 14623 27973 37294 30091 32817 36764 35821 31102 29935 30475 39485 36274 37574 54123 45516 40010 29339
32497 41791 28712 26376 32474 43766 36957 26139 38285 33545 29089 28958 36856 45468 41875 38147 29951 41382 39321 40598 37185 36546 23919 30420 44364 38629 43906 45377 38793 33482 35267 38281 41830 34571 46127 51062 37492 29902 25515 33756 47110 48760 37308 42343 52830 63308 49192 53978 62304 57048 32704 21621 27011 36399 42171 42466 44951 49466 54443 48911 50938 42099 28466 38320 46687 40457 32344 33145 39676 28555 34184 43574 54989 55652 43417 41831 47768 55534 53209 49539 36483 46451 43980 36248 38629 47596 40664 36874 29487 36745 40801 39274 39492 48406 46148 37804 32939 27024 23047 39435 50427 48811 39118 42318 40589 48738 41968 37148 23033 23552 27308 35504 35869 37578 44384 48162 38057 39200 25993 23315 32815 43000 39524 38057 33751 30789
47263 37299 31449 25537 37267 39158 43951 45032 42253 50718 48935 47619 46414 46392 49021 34479 36025 29305 39092 46079 40458 42791 45339 37847 46997 47092 40126 34349 38782 41321 38992 43017 41281 39151 39937 42029 31994 23115 37272 41859 48270 49240 42357 45647 53285 44991 47747 45148 50371 51564 44781 32424 36197 40923 48133 48990 47365 49133 50557 56050 41816 29990 23100 39773 50845 44231 30376 39967 44101 36868 28334 38145 45650 40028 43239 38695 39294 48192 51366 49609 51291 43501 36379 36304 28475 38681 44019 38706 38260 35969 48626 40175 39200 29439 35406 36166 39143 39439 35287 43924 41475 48724 47115 48654 46866 49659 43452 34988 30556 31429 46674 48628 38914 34396 32349 44542 34898 28722 29758 31681 27890 29203 37721 39924 34051 32028
44942 43521 42275 38696 28783 42970 44929 46792 50347 50880 51888 55462 50173 42578 45040 46468 34551 36888 36214 35679 50221 44656 42467 42384 39574 38537 28969 23321 29923 36262 40844 44383 42858 30942 38039 36325 32225 19799 36888 42861 55592 52123 52750 38319 44279 47826 38171 39496 37909 41151 46536 45772 47042 50570 35248 49085 51169 47529 52155 59825 46354 33874 26981 38776 46328 44310 29661 32355 38109 38033 37213 43973 41814 42096 36613 29659 21033 34011 50108 50677 41237 37809 33573 39367 45491 48300 42200 29027 29068 34095 39370 49006 42000 40694 40502 46990 50991 46255 39940 37606 41708 44358 46649 46154 51143 39645 33512 32436 37137 45574 49391 47872 46559 34947 31792 33436 36728 46100 44923 31874 24194 20499 18288 30410 37033 34318
34749 41818 51490 49903 40884 26955 48046 45263 49770 51899 46783 46312 39233 34952 39943 45812 34591 27378 31525 43115 46719 48886 48784 55183 49234 45029 37773 29786 44631 54227 51461 54546 53779 44608 37962 41750 34442 28286 29023 47556 57392 60377 45182 32755 23548 34130 39486 25876 29321 38079 36813 45569 43403 36665 39557 39004 49559 52984 52006 53795 53126 45182 50745 50851 50781 46529 37989 46863 52568 49895 48297 39975 41746 37386 32486 34010 41058 47048 49997 50250 55708 45262 46708 37230 32521 36794 48226 46408 33590 34491 41071 45151 52340 44803 43679 47629 42310 31532 35415 39364 39994 44765 44120 57892 52406 47422 31764 25482 37204 33169 43402 37289 31921 29493 31329 26507 31330 33111 40203 41469 33502 30088 35958 40819 47778 41580
34763 38661 49339 45892 42971 36390 30733 47605 40729 41434 47302 33516 34352 30071 40695 52735 52014 43765 48930 55439 53019 45870 49688 56075 60937 47678 54200 47545 33711 34523 34395 42368 45927 52403 41769 40252 36551 37271 39203 42876 41171 45283 52634 38292 32023 29853 31611 29947 30400 28961 37984 34480 40521 36443 39470 54432 57164 48708 42846 50930 61255 61108 58025 47963 49211 51848 48724 43404 40751 44051 38069 40925 41238 51169 42871 38290 36216 36593 42151 42951 36047 37727 33365 40352 43018 45128 47298 37865 33310 38345 53598 56780 46580 33151 41469 42285 32241 22888 34786 34369 41321 47792 44829 56526 61945 54879 38958 35378 27708 35702 29170 37303 34352 39722 38852 28225 32410 36783 47642 49357 40709 29652 37909 32663 40522 45198
11814 18310 28338 35132 37537 45618 39567 46574 55531 42069 37735 42415 30565 23929 40566 44978 44787 53459 51821 57895 52788 59664 56733 61127 47042 54055 47114 44439 40180 29600 31342 41976 42463 30791 25429 25422 43654 41749 52551 39085 37883 43443 47243 50652 33585 32371 31380 29204 27068 33263 23454 26358 40312 42345 42993 49153 50145 28222 39191 51588 65122 56491 44617 50969 48154 46290 38723 31218 42071 43885 32385 34376 38168 41702 41699 32472 39367 38517 42832 34981 39297 36527 38228 29488 36316 45687 35494 35325 38787 53244 49169 43793 29338 24879 28760 31946 26986 32133 40015 51475 43179 42677 43540 48869 48743 45932 41235 26569 24940 26753 20112 20806 39024 42962 54817 54585 38707 26993 35824 35886 40141 40146 42452 41586 30664 47590
18171 24785 28511 37577 46050 43734 50592 53239 51284 42050 48392 43599 46376 37262 39810 48502 55570 64600 61966 50205 49327 56541 53668 43217 41929 47437 58876 54092 40265 34537 36295 36107 36775 25881 26036 28413 30417 40562 40795 44352 33964 42765 41189 47149 44146 27727 33409 37074 37777 38268 45193 43388 48795 36199 36977 48564 40449 38937 29931 48389 48769 56803 42083 32893 48039 44025 28556 26942 30715 26592 17808 28611 29148 28304 32943 31302 20192 26027 38324 44875 44323 36628 46750 38734 36367 33529 42316 36825 46386 53962 50405 46201 41912 30260 28659 27333 32882 38681 49853 48051 46931 41603 41571 36045 33712 31384 35594 39097 29359 29556 29276 31227 45179 49448 50858 50775 37852 37785 32022 27585 31672 49701 41261 27989 28986 44464
29907 28592 26206 29415 45106 56286 46139 43403 34458 49715 53576 52710 40411 45432 34511 40762 56435 60544 43160 39770 41323 45898 53058 42528 41616 46088 46533 49356 50371 37160 51186 50527 37607 28446 25080 27203 31867 39401 45663 48699 49447 37712 37787 26313 36955 36122 37540 50118 45148 34492 31528 40885 38028 28883 34991 41122 38699 28363 34384 43912 60848 43963 26361 30585 37921 33313 29269 32019 34709 27766 25225 31925 33741 25165 23010 34521 37436 37637 44605 48814 45848 47841 44570 38181 30995 30180 37444 42927 45145 37963 38461 46277 46095 33167 21503 25255 30961 48106 55469 54523 52784 43609 47326 34988 34205 44588 44172 33654 35530 32342 21061 17254 35607 43881 39495 49973 51611 36172 33151 36725 46757 58146 62246 41756 25121 36276
55726 46885 32067 26958 41675 53860 42710 31366 31135 46367 53442 53259 39482 35657 36115 48051 53435 48278 49341 36216 25414 34307 33019 45931 39093 42332 53563 55129 56815 54751 50246 44850 47308 34585 45671 38730 36908 26631 38337 38911 36210 27167 24524 32061 32575 33854 37178 41486 38622 35300 43885 43433 42976 43426 49366 37256 40056 46791 44794 54250 51382 46108 35125 28738 33586 38332 28882 30563 29875 30675 33891 31502 37254 34179 35757 26081 35208 25525 38218 35481 33874 43026 51286 37851 32667 46058 39360 47896 47081 46446 34155 46471 51386 48862 38133 33254 39253 52454 59814 50417 43459 51433 50686 57726 47502 44465 40141 29780 34671 32047 23730 24666 41980 37791 34125 35618 46573 40307 37346 47980 57549 52849 48402 44720 36939 40057
51189 52075 37973 29045 28148 40285 33711 29239 34837 43333 52549 44681 38187 33739 43364 50811 51916 42680 28252 30823 35454 32366 48357 44663 47201 47597 46852 50103 52191 56868 56237 53086 41701 39299 32295 38468 32299 28481 41095 44224 41108 33026 35416 42782 47791 39432 46092 40425 43497 34650 29449 42712 44488 52783 47021 44503 34709 37144 51791 55155 60414 45763 40038 46961 33403 50524 48644 44327 38464 43139 31899 50858 43376 45146 36825 38920 33784 36858 30509 30347 26619 40408 41246 46967 35825 48867 42977 42444 32488 34473 37105 42923 50561 54250 56630 42938 36008 39719 55838 45748 43249 44081 49478 52302 54129 53759 40495 41798 45860 39424 32687 31144 32548 30452 25795 33052 49800 47934 45987 50197 55586 42164 38992 48710 46346 40819
47852 58714 48897 26658 23187 29872 39449 33429 39902 41129 47186 30978 33790 39532 51443 42267 46883 39651 34753 35457 44343 43256 43010 45282 50613 36705 34168 39495 43268 50440 51253 46870 41874 38514 42265 45120 42833 43304 42274 31032 24291 33860 46273 50738 52531 47099 41815 44229 41189 39185 33141 38041 51864 59419 52179 44842 34512 34258 42588 48673 43918 49080 43078 39588 49042 55943 51027 37456 41736 46476 42957 48030 56031 51909 50572 29825 26591 40678 40195 30675 28260 42977 45940 34625 49356 46118 48648 36878 37060 31547 34691 33862 51235 55529 51974 43132 33603 32582 41071 47395 35299 32935 34199 51465 49769 37928 38879 33277 40592 42032 37120 44790 47883 37077 33082 43432 53174 48683 40972 44048 36436 39743 34011 43220 54001 48091
37241 55102 48713 32780 22325 38034 50475 42903 33301 31575 38360 29178 29479 39399 44184 49239 47142 47607 48790 56313 63693 63580 48423 47952 36988 30747 24519 35920 41946 45129 51246 50366 45095 39135 42447 41286 41658 34572 28059 23214 33791 44641 61118 61773 49018 41634 29361 40354 40512 43624 37724 42655 48937 44501 55163 42155 39650 32200 29453 41663 43717 41931 35590 42266 50992 62213 48230 38192 42457 48288 45279 46452 57875 51747 46875 36425 33889 46794 39097 31584 42684 55701 47808 41834 49218 57162 47062 33267 27913 30029 40815 54454 53092 58967 56716 36275 31870 29997 37722 51433 47764 37439 35779 37327 35603 28805 27821 34265 38259 36724 40727 48763 43967 28436 24422 34593 48660 36755 37857 31059 31851 26960 33312 38385 51708 62433
32281 39287 36064 29609 41016 55358 59995 48776 33971 38080 36245 25903 23044 36022 52933 55971 55934 51845 58521 61571 57468 59616 42349 35360 37158 30948 22562 30789 40809 30867 37015 37958 37978 30356 39284 52288 50688 38175 29105 21769 41159 58371 54337 46206 32941 23174 34091 36572 41490 32066 39463 34938 39420 44184 47500 49788 48297 42181 36912 33613 33898 29013 35649 37104 46611 50994 37851 25524 34117 42218 45293 45894 51572 46417 35386 32269 35674 44459 48808 41530 48499 42154 50657 41190 42129 56889 40251 34236 30258 43838 50056 36591 47110 42901 48600 45261 36576 42710 43558 53429 47816 39398 45890 50429 46266 35109 34426 32289 27118 28597 34778 34213 30815 32823 41838 49292 41511 43589 31046 26718 25167 33081 33677 40961 46475 48100
45051 41822 47563 28516 45195 57491 60267 40958 33891 38060 39981 30490 33354 46528 46890 56195 46870 47120 55678 66929 53068 49862 50513 47236 37763 27857 27449 35842 49836 45792 32066 49753 45248 44287 45045 52522 53833 40248 21485 33627 37195 48999 58571 41268 37937 26087 27988 32954 29450 34402 39017 41974 32158 33519 44511 55558 49607 38093 34399 40671 30953 27894 33218 31145 43821 43607 35707 22317 29136 40233 46328 44418 37016 33352 33737 33930 46639 45101 49119 40877 51202 44637 39945 37234 33903 27951 31006 25801 26215 29001 36557 38054 26307 46344 45920 45916 46546 45902 45194 38252 40568 42143 49049 46829 41751 33794 32716 33726 28883 30327 37730 46918 37555 38616 38671 39973 45571 42622 36746 28974 39486 39558 41470 46401 47176 40213
