233 89 92 219 233 246 181 64 11 166 34 123 88 204 85 208 126 26 20 129 94 249 158 201 31 1 69 241 81 90 4 183 32 233 36 221 245 146 93 21 6 152 192 208 185 48 38 98 60 53 82 32 249 235 101 136 219 246 45 8 97 67 225 76 228 212 186 8 241 105 10 32 21 0 54 201 12 20 99 192 171 25 44 167 160 75 175 105 225 2 6 71 216 130 227 74 86 109 97 16 83 1 242 36 10 154 190 87 106 230 152 188 105 27 22 159 62 184 195 97 102 108
101 192 114 127 245 141 20 101 228 88 147 21 84 121 216 159 48 114 15 61 103 230 204 139 145 204 227 51 222 58 205 234 88 170 153 163 7 225 9 38 74 247 216 180 19 154 207 120 43 83 40 89 200 169 245 202 66 139 140 122 170 118 101 140 122 122 251 142 140 35 92 128 145 204 222 32 186 108 26 151 219 4 177 220 81 205 206 64 222 82 217 169 236 114 89 151 41 244 18 125 86 207 104 37 92 124 15 122 3 56 228 241 206 63 131 121 118 209 195 122 11 224
85 92 236 208 0 176 22 235 140 147 218 123 28 237 146 48 187 60 247 114 33 119 144 55 211 19 218 241 139 230 202 1 106 27 139 205 7 236 248 139 67 244 90 199 59 153 149 22 51 79 196 253 149 174 248 161 118 127 38 40 243 205 197 126 109 84 186 123 152 85 96 111 140 247 87 207 221 161 72 14 17 246 46 104 70 170 220 220 130 63 135 164 79 162 116 181 130 9 79 224 190 141 70 164 214 215 29 8 219 93 71 167 167 144 65 67 128 163 8 109 3 188
10 232 229 152 27 101 63 95 250 208 70 136 202 66 44 109 74 119 62 164 52 214 136 30 247 111 59 106 113 83 15 151 76 165 160 238 238 189 137 192 188 165 125 137 90 133 4 191 147 230 3 87 101 135 41 104 214 51 107 174 151 241 54 82 218 212 48 225 16 244 238 88 105 60 111 1 213 91 187 207 233 46 23 205 4 177 136 115 107 12 104 151 85 174 88 119 21 6 198 62 118 155 249 72 3 82 228 116 59 122 43 34 69 88 134 221 210 140 145 54 50 206
185 74 32 119 237 59 88 35 209 220 152 159 55 229 14 85 91 246 100 249 177 156 141 253 128 126 88 208 22 18 5 191 47 116 58 105 71 223 15 165 3 87 4 237 211 23 32 58 149 202 235 97 82 181 45 59 231 229 31 174 125 186 4 230 209 59 96 29 252 152 247 236 251 90 39 149 155 198 201 177 123 39 215 79 170 164 7 216 25 53 239 23 225 37 163 54 107 200 168 1 157 112 112 72 71 92 196 251 62 156 122 79 243 22 28 97 164 231 149 68 145 246
37 90 30 32 208 185 48 0 205 217 149 201 168 0 76 195 208 138 245 35 82 53 160 164 133 147 96 190 31 116 73 162 0 78 61 86 93 206 153 168 17 34 211 200 206 184 168 37 213 71 149 106 205 203 180 57 206 93 125 126 19 6 30 123 8 132 147 65 228 145 24 13 124 88 192 233 254 160 179 78 202 95 111 151 21 127 130 139 93 212 40 186 132 27 167 93 225 87 140 156 57 89 145 35 149 49 190 152 4 38 129 216 64 87 168 144 178 199 136 91 1 215
46 5 65 96 96 124 153 41 210 239 103 166 35 230 111 194 86 176 201 76 119 58 131 205 178 84 15 175 247 210 10 34 4 142 61 19 193 193 236 219 23 120 84 252 233 216 4 187 8 198 1 171 231 211 0 63 254 201 96 179 26 190 145 50 149 194 122 83 118 127 129 149 33 42 18 69 47 71 209 171 174 216 105 154 231 50 29 228 236 102 107 50 19 97 171 195 238 122 228 93 71 156 220 218 186 157 48 73 183 189 54 247 188 221 228 87 211 81 139 166 142 150
39 4 101 90 225 231 0 24 116 183 79 66 66 24 12 152 55 161 237 160 147 117 116 175 178 20 19 129 152 180 54 216 138 181 33 195 31 202 152 113 72 245 127 93 44 48 239 100 224 7 136 235 90 13 183 123 254 213 149 170 167 178 147 72 217 59 17 133 198 118 237 101 81 17 120 25 48 58 32 142 141 201 155 214 135 184 130 33 0 60 146 115 4 208 110 182 48 48 135 217 196 86 108 38 6 158 223 27 91 210 159 140 57 119 225 233 106 239 137 229 240 27
45 84 30 96 93 81 62 44 10 2 164 203 134 194 175 170 115 54 54 4 233 103 221 238 234 51 148 181 238 152 28 124 1 117 170 32 62 157 202 71 12 240 214 139 68 8 92 253 36 201 132 8 56 56 54 65 245 154 230 126 217 199 21 107 49 73 111 131 15 168 126 251 191 30 48 70 252 125 144 112 241 107 162 93 1 174 247 34 122 129 217 239 78 215 99 228 248 95 69 214 120 172 161 68 0 115 234 130 104 151 235 96 199 79 28 13 34 138 243 30 107 231
59 78 156 134 6 82 85 154 40 133 75 173 136 64 198 35 137 142 189 158 20 111 16 53 76 206 63 152 110 220 175 237 235 101 112 69 47 196 116 68 146 31 195 230 108 151 164 212 92 16 87 47 72 188 83 124 93 137 24 144 95 223 163 97 240 122 179 125 146 154 178 137 128 203 71 47 146 13 117 125 15 129 230 63 120 217 187 61 94 73 133 234 87 93 67 200 220 13 56 31 231 96 155 132 247 8 124 243 162 234 24 72 147 5 99 21 200 58 243 42 73 155
37 223 81 158 115 31 5 22 21 209 105 150 116 245 199 215 29 101 229 74 41 14 35 250 75 189 180 158 29 64 4 137 35 2 136 187 167 147 210 129 114 204 181 9 205 134 0 28 168 161 40 91 85 219 2 98 44 7 99 124 145 167 145 236 214 69 61 189 42 211 40 151 47 169 73 237 244 159 210 166 247 35 223 148 84 73 33 151 102 72 3 249 97 251 240 58 115 103 167 212 38 105 168 9 119 221 30 38 18 19 169 235 7 229 60 176 26 231 213 12 156 167
19 214 49 7 228 90 175 177 67 164 48 233 160 157 62 24 126 83 33 47 154 72 127 26 16 187 176 88 231 240 188 139 16 224 171 232 80 212 22 51 1 28 157 27 36 114 130 36 161 177 12 110 247 136 8 208 177 180 143 237 232 34 205 42 231 217 191 144 225 205 169 242 104 218 114 2 83 220 27 139 232 20 146 40 50 57 24 161 218 200 241 105 37 117 175 22 226 215 175 3 121 65 85 153 152 82 93 205 202 153 150 24 46 112 39 6 31 221 72 68 49 140
249 28 89 56 162 6 55 159 170 21 245 0 66 245 150 5 7 138 35 22 197 53 55 6 2 16 82 200 82 166 133 250 33 41 173 241 109 200 164 102 184 142 192 221 142 250 23 88 217 130 202 184 196 45 209 140 229 99 176 69 46 211 104 85 148 97 17 66 136 22 195 100 212 68 152 121 47 155 74 133 5 45 176 66 241 62 253 207 140 110 215 19 197 230 161 35 227 56 192 199 156 161 148 183 64 177 24 86 47 224 224 224 21 9 25 138 35 98 184 254 149 85
83 167 164 50 204 199 116 106 149 24 193 15 72 152 208 250 15 183 31 167 121 161 119 218 67 251 32 153 24 46 195 100 84 201 34 24 150 214 118 108 23 225 32 210 174 124 212 150 85 112 86 133 183 196 68 249 190 176 15 86 68 126 35 214 101 239 187 80 220 128 145 53 212 75 32 27 6 180 35 151 103 127 138 197 250 248 113 90 177 104 239 105 200 55 157 96 90 231 159 182 144 178 83 58 189 186 1 232 66 67 101 186 243 13 57 135 146 112 155 13 114 32
1 173 132 36 110 181 12 176 61 221 151 131 19 176 211 135 46 229 98 213 144 4 34 174 117 64 38 158 207 178 248 9 192 121 13 140 41 193 8 3 247 217 194 210 207 128 216 65 232 63 35 223 235 145 156 14 133 190 183 30 61 89 163 126 203 1 146 182 79 54 3 222 186 205 88 34 78 95 147 122 219 115 17 190 30 191 177 111 27 120 225 159 71 12 4 40 4 29 104 254 58 118 3 191 247 214 24 126 178 108 52 48 135 18 29 100 204 8 155 196 245 95
31 212 209 45 79 51 47 134 13 200 139 70 15 113 77 47 218 94 189 198 15 31 67 78 103 177 107 147 138 115 247 254 186 2 83 179 39 249 149 80 20 205 136 91 234 147 31 160 153 159 31 66 207 167 26 58 239 220 233 29 46 119 99 178 10 202 247 165 106 27 213 45 100 25 87 134 66 143 25 111 195 133 37 2 172 183 133 221 115 175 198 16 113 13 185 28 29 79 51 17 44 99 152 217 172 197 237 175 38 52 142 101 188 16 100 127 227 245 1 246 177 76
124 172 152 125 238 99 159 77 181 60 129 170 0 245 90 27 251 254 77 211 6 129 195 180 27 56 5 20 204 89 98 157 37 215 10 250 4 145 167 8 112 21 161 183 200 252 244 92 131 253 96 64 100 196 70 40 82 244 232 212 247 38 159 242 158 184 145 132 102 167 253 22 77 129 173 152 246 38 170 162 87 130 35 3 15 34 25 167 137 188 119 196 227 214 65 46 251 157 254 221 59 233 188 189 73 226 161 232 102 237 96 152 151 147 65 90 235 215 254 252 218 30
119 137 36 40 72 27 220 62 190 166 243 117 15 125 54 189 2 156 36 176 166 207 103 44 47 139 69 251 101 183 67 125 140 205 233 240 18 51 29 221 231 180 70 164 144 14 171 36 99 119 241 232 248 83 198 243 193 24 89 217 118 250 234 87 215 59 153 59 151 215 190 254 66 108 179 16 223 233 76 137 140 216 49 175 133 204 147 119 239 15 233 8 5 44 229 137 182 2 168 161 5 153 242 151 53 234 89 217 161 125 165 199 200 118 170 175 61 5 55 192 67 57
34 178 148 198 168 150 196 112 71 177 176 99 35 147 101 237 150 133 5 35 243 101 58 248 186 165 64 235 16 68 203 83 230 95 149 3 38 241 141 58 217 180 12 212 40 9 126 241 144 22 51 81 204 81 164 241 140 156 19 174 190 68 240 230 163 0 233 91 165 17 97 154 248 34 246 159 200 172 79 162 53 145 12 131 240 141 8 2 247 142 147 67 229 165 25 233 64 235 221 62 117 15 211 40 2 44 118 178 115 105 77 188 35 103 238 150 161 246 189 156 139 117
9 215 111 165 77 183 185 77 202 240 114 183 47 135 74 200 88 232 9 94 22 14 45 72 234 93 214 170 190 1 140 172 230 238 56 244 233 79 196 36 123 182 27 41 132 109 190 137 131 37 66 126 40 50 186 184 88 61 115 92 18 217 148 104 182 86 171 134 212 24 14 238 223 54 143 66 193 88 207 149 64 35 233 136 12 127 185 145 211 172 124 12 221 70 126 112 74 35 63 82 134 25 193 16 120 31 129 223 81 73 116 105 204 172 211 131 128 9 181 220 42 150
207 169 47 80 84 237 37 176 122 106 24 186 229 194 143 177 42 98 49 128 23 194 236 128 245 240 52 167 134 51 68 92 99 193 70 10 27 235 182 162 158 28 17 161 55 45 224 200 135 70 176 100 19 209 40 239 24 236 131 144 240 248 168 95 42 34 34 56 84 184 10 44 170 204 162 71 145 121 12 159 137 202 83 49 219 73 76 230 163 23 45 70 116 146 168 109 98 67 47 114 227 60 248 244 183 33 155 30 207 166 227 4 216 239 144 200 238 245 55 233 237 240
129 33 138 25 253 71 127 103 98 102 140 213 171 158 222 46 197 62 117 253 101 252 215 245 149 64 152 26 45 144 169 230 228 112 216 101 244 143 203 156 46 29 26 159 67 200 179 95 149 43 37 171 38 1 61 128 129 196 145 116 218 179 146 175 237 240 95 118 18 45 132 203 15 213 100 88 218 169 125 168 5 251 69 83 152 208 37 205 103 104 105 75 104 232 233 63 146 221 83 24 34 62 177 114 170 21 81 37 2 145 254 136 177 141 86 90 68 6 196 101 211 193
188 129 21 141 155 174 108 25 136 88 12 178 67 11 83 140 64 229 6 69 41 13 107 113 31 150 234 173 13 165 129 86 251 168 142 107 24 74 207 119 210 1 187 83 240 112 131 197 104 168 220 136 125 56 207 151 28 204 111 7 107 218 200 202 199 131 65 200 253 64 204 81 209 73 53 143 196 13 236 106 62 64 212 83 128 239 159 199 32 162 222 111 129 112 85 61 244 130 153 192 253 41 166 128 105 116 181 0 11 30 207 169 120 120 135 187 162 250 59 90 124 41
65 176 153 205 184 77 177 234 107 48 186 190 41 45 220 252 47 38 216 228 159 69 106 237 77 107 114 193 141 213 208 4 43 131 28 119 188 227 37 128 174 249 103 44 43 63 45 48 173 61 143 100 76 219 31 0 75 228 153 73 148 122 20 146 45 19 135 187 209 107 145 192 217 141 174 131 200 224 170 106 99 108 116 18 154 128 184 230 77 162 213 193 1 220 166 191 204 91 231 95 221 28 195 200 242 86 252 251 190 91 100 178 39 59 234 119 216 2 131 132 79 28
124 123 152 85 78 149 157 154 226 124 111 131 182 163 67 57 126 58 24 22 227 49 192 119 97 186 188 52 117 201 9 126 250 112 54 102 177 124 20 145 99 231 61 227 141 128 154 230 135 250 108 31 22 167 29 182 86 217 142 181 4 79 253 238 163 142 7 24 214 218 169 83 67 160 15 167 122 184 6 23 177 167 122 132 222 205 191 138 97 39 10 51 90 137 163 39 156 173 189 5 10 219 187 96 141 56 43 85 85 178 190 49 12 5 227 187 71 101 132 10 199 109
31 69 106 30 248 94 181 189 248 135 149 31 217 121 12 167 198 208 218 107 136 121 240 107 124 234 33 149 37 199 126 216 226 20 165 247 221 185 137 39 48 73 3 180 129 240 81 132 5 68 165 244 199 224 243 237 234 113 122 201 32 113 166 16 137 167 137 35 125 224 75 72 115 181 171 13 52 88 57 97 178 53 52 199 197 228 80 236 82 193 112 54 163 182 229 169 235 142 190 131 153 85 222 7 96 73 253 48 112 91 58 197 27 182 221 46 237 212 1 188 134 230
225 105 82 115 165 59 221 12 36 248 51 75 105 210 209 75 183 158 33 207 127 29 230 101 125 152 237 10 242 57 136 56 36 192 69 23 0 243 211 53 159 188 41 62 82 184 165 41 204 99 103 12 145 172 93 192 73 238 104 207 4 237 213 30 145 69 165 182 128 135 129 141 12 215 137 225 189 215 7 128 146 177 13 121 15 196 81 23 234 117 84 165 219 140 153 169 31 232 149 232 238 64 40 201 89 101 178 114 15 139 129 47 141 74 98 173 42 178 29 157 197 91
145 45 167 41 213 170 208 253 101 164 111 119 108 166 130 100 65 77 50 55 144 54 77 59 40 151 66 235 166 84 59 155 48 246 171 14 69 175 160 28 192 178 245 45 162 211 55 167 90 216 205 123 46 57 33 36 203 4 7 51 13 167 240 180 187 132 211 125 73 157 35 69 140 253 144 52 112 202 27 187 125 2 139 213 237 143 166 90 153 55 151 86 73 0 221 11 175 71 88 73 121 61 224 63 221 137 195 28 110 78 86 41 165 100 36 26 152 157 71 21 243 58
147 104 48 118 96 109 189 155 217 12 214 127 132 116 30 176 6 73 174 243 207 211 175 4 112 167 49 11 34 221 254 151 133 161 235 188 85 47 70 243 191 252 114 252 83 222 220 41 193 67 95 24 174 102 133 33 92 237 26 196 66 120 163 20 166 115 47 103 206 61 250 169 162 147 127 199 88 11 168 12 46 184 126 155 13 104 219 115 125 186 70 14 150 197 128 167 69 29 35 166 151 155 93 126 49 59 46 220 53 146 34 128 51 172 139 190 135 40 251 112 183 86
238 198 215 241 241 21 173 161 24 8 30 166 249 22 112 162 29 144 67 44 229 221 30 254 62 142 81 79 20 3 116 234 226 135 129 196 70 115 236 40 124 47 176 176 59 138 93 168 76 21 240 225 42 139 131 74 138 131 162 178 215 9 15 46 194 63 178 38 147 215 44 224 102 189 145 125 76 95 243 252 238 161 224 212 94 100 228 15 9 242 21 33 141 114 217 238 75 191 229 208 105 154 182 35 115 236 98 81 32 235 201 222 43 245 71 45 118 16 138 205 140 240
184 56 128 48 214 73 207 17 57 147 80 223 191 70 180 151 36 236 90 57 246 110 65 76 120 102 85 159 217 124 152 250 43 58 93 110 16 34 122 25 121 221 254 66 50 204 70 185 53 125 31 61 165 62 51 213 107 8 38 235 80 198 239 124 176 169 45 171 150 57 8 17 205 16 204 191 215 131 30 203 55 168 134 185 86 70 217 155 163 59 30 84 207 170 63 117 203 251 180 140 254 24 95 157 131 77 155 253 176 77 57 228 3 239 221 208 30 125 167 234 74 210
193 185 242 12 232 22 215 101 230 43 115 131 89 19 177 128 162 244 110 167 100 105 159 106 78 64 37 141 41 200 216 98 177 253 242 134 9 103 50 146 119 73 194 113 30 103 182 18 129 157 134 20 132 97 16 16 214 223 196 176 187 113 113 63 133 33 218 191 234 102 59 246 140 234 180 62 105 214 95 29 82 91 1 254 144 127 227 2 253 239 153 98 36 223 181 217 243 48 214 150 183 13 30 201 78 143 250 176 62 96 200 123 134 56 24 53 49 113 229 174 190 179
196 207 112 34 79 32 42 71 73 139 124 85 108 87 61 33 250 103 85 74 187 219 24 49 12 74 79 70 82 108 210 158 87 235 89 209 176 139 106 64 115 206 62 73 114 216 217 86 42 42 70 167 16 128 134 93 34 87 86 135 121 194 134 193 47 130 176 64 102 207 118 139 29 16 252 198 63 84 35 204 174 29 197 65 201 129 130 171 181 168 84 197 117 17 122 144 225 242 186 165 171 140 42 215 69 119 209 240 221 223 202 137 120 246 219 198 35 151 107 59 233 7
164 201 168 86 234 160 147 2 68 173 113 150 91 209 148 121 36 108 9 85 143 199 91 254 20 145 105 192 212 98 101 233 63 233 32 157 101 53 56 128 175 237 69 189 249 115 41 241 3 156 68 162 48 176 27 235 144 202 228 235 183 244 0 15 94 88 196 181 16 55 234 203 251 184 99 49 148 242 194 9 10 115 217 166 253 195 86 203 99 142 36 78 219 242 147 13 200 65 97 18 245 196 23 208 102 205 108 242 201 212 244 253 199 9 51 6 23 203 82 123 49 178
45 207 2 194 13 49 199 11 248 214 164 234 225 124 153 224 175 187 191 20 140 114 154 17 134 35 1 222 139 70 38 254 62 124 142 95 15 204 79 4 234 54 56 158 90 218 23 16 199 6 99 54 227 121 118 247 151 50 20 126 41 158 170 9 179 175 240 104 244 15 158 118 252 147 188 169 71 47 31 28 226 131 139 147 24 115 16 205 189 237 250 78 12 191 58 135 197 40 210 113 188 214 81 174 173 57 126 32 115 31 106 81 20 165 32 46 197 103 91 174 139 0
106 55 182 58 250 20 245 74 118 210 247 246 54 220 223 113 174 207 105 36 150 207 208 181 134 87 200 253 10 3 5 193 178 145 210 111 17 16 249 181 25 160 218 158 172 105 194 170 18 53 214 174 108 66 69 78 94 223 216 142 248 237 137 241 168 201 234 180 106 149 141 196 209 42 34 237 248 141 114 72 138 109 181 40 110 219 116 190 68 158 128 30 117 123 81 129 158 156 128 190 65 51 4 22 186 85 30 253 243 229 198 219 22 137 247 248 94 107 186 176 105 100
49 252 238 52 133 140 22 90 151 236 130 3 142 242 109 195 105 189 196 68 128 107 59 64 183 154 43 240 74 159 112 166 217 156 9 26 27 21 249 155 106 60 222 199 61 100 4 116 18 4 120 215 33 106 251 104 201 208 163 174 44 70 205 83 169 70 164 34 9 68 203 187 189 50 122 108 80 91 155 59 136 102 123 34 24 149 156 51 20 102 252 72 15 0 1 39 111 241 104 140 45 83 142 178 228 33 79 14 232 138 6 238 136 211 47 123 237 19 28 192 174 172
2 186 158 114 175 121 110 105 14 78 8 186 167 96 225 17 237 174 13 99 148 76 243 84 75 41 216 3 49 175 228 207 118 83 128 160 241 43 43 72 175 19 184 81 243 122 14 226 16 250 151 243 50 77 88 226 35 145 238 42 215 209 133 113 173 194 122 76 57 87 127 44 254 65 63 25 110 18 237 6 2 250 29 64 189 93 74 103 130 85 163 232 197 122 160 85 45 202 9 123 58 137 48 16 116 173 10 57 121 113 238 126 117 151 18 214 60 186 86 60 194 74
70 144 196 80 157 124 48 143 36 193 76 71 113 97 170 85 170 89 234 249 123 23 12 25 245 230 26 173 213 126 171 52 63 212 45 161 225 191 183 85 161 137 77 69 42 119 181 135 30 78 183 156 102 131 67 221 39 127 96 68 108 223 132 140 34 2 56 86 89 53 5 251 23 179 236 169 141 172 96 80 117 209 193 93 148 102 103 146 45 115 202 216 133 50 96 89 123 131 134 135 187 67 44 207 213 148 175 98 80 126 18 186 43 151 148 17 17 82 7 16 244 221
214 118 202 119 27 143 226 173 126 62 40 168 206 208 224 13 103 208 200 19 108 218 17 4 102 179 31 151 242 86 12 139 254 115 43 124 8 129 8 141 130 122 127 97 103 197 55 197 107 198 151 168 249 19 75 24 111 193 24 141 207 28 139 186 93 26 6 82 252 208 91 176 225 0 216 222 225 227 133 205 33 189 156 87 64 215 197 88 32 206 11 164 61 13 172 243 116 105 84 130 78 44 122 192 174 153 1 252 61 183 184 172 179 217 80 30 62 247 242 118 103 231
91 52 183 115 152 130 69 131 40 204 22 43 173 229 162 83 134 156 82 194 58 44 193 98 214 30 32 196 43 71 182 131 138 44 140 190 214 75 116 242 33 247 32 84 212 227 178 205 147 216 106 47 87 118 177 17 174 34 170 60 221 230 166 79 105 29 250 162 187 90 33 41 80 35 143 124 124 176 159 184 145 235 221 94 196 154 238 75 166 244 208 185 94 239 199 14 226 212 12 5 250 77 112 93 10 230 35 76 79 223 214 65 49 235 160 31 188 12 86 197 175 122
82 11 79 22 20 241 137 234 22 54 148 18 14 146 35 32 10 108 115 189 71 32 35 64 103 90 72 20 196 91 108 144 176 212 200 219 93 8 229 196 127 149 185 125 86 237 183 61 5 243 228 109 242 90 134 90 240 0 119 107 99 113 193 95 237 37 227 51 58 224 203 210 107 236 58 57 123 178 79 227 140 76 110 90 6 34 251 227 69 22 11 37 141 20 67 201 166 34 88 168 85 227 117 40 91 216 32 24 5 90 137 45 154 132 207 221 243 206 232 103 11 154
153 29 222 149 131 181 107 154 18 214 242 206 230 216 26 16 145 204 19 233 110 65 104 113 177 234 199 91 232 251 70 137 3 245 161 189 148 158 95 37 41 143 199 90 125 102 53 100 93 23 39 124 138 49 28 172 218 43 183 216 45 17 197 77 231 100 93 121 205 184 62 227 59 181 121 151 157 30 108 23 39 78 33 224 119 66 114 239 1 253 227 224 106 215 138 110 26 213 132 36 49 13 18 9 71 112 214 89 226 240 132 94 215 169 190 130 176 60 180 34 102 241
54 39 43 17 222 185 110 54 167 242 134 105 244 133 137 195 201 49 4 8 206 29 170 226 57 227 56 232 118 170 137 195 160 182 238 23 153 75 177 219 61 39 231 134 22 17 40 100 110 80 231 176 242 213 157 181 11 229 29 42 103 35 202 72 212 236 12 208 59 182 58 1 83 149 233 195 4 62 8 74 239 164 104 233 239 11 228 153 236 79 35 181 82 114 211 151 33 196 100 197 22 62 227 31 100 103 202 10 19 125 176 240 83 208 204 217 230 130 217 24 152 132
234 43 193 160 70 98 246 193 185 91 173 93 227 65 74 113 3 216 87 175 171 101 70 229 127 172 200 150 200 54 13 249 28 103 149 253 214 181 198 81 8 243 148 132 121 37 160 197 97 85 35 168 194 233 108 171 179 253 157 64 159 51 167 83 223 61 85 195 5 252 156 64 148 89 63 133 39 62 197 224 251 90 236 10 98 88 126 146 205 181 19 239 23 10 137 73 80 72 227 154 211 217 18 242 161 243 51 35 130 157 69 101 128 60 161 247 216 29 179 216 145 163
33 140 202 64 1 68 126 12 92 167 245 133 94 218 63 166 130 246 240 114 31 167 152 219 44 225 68 230 113 138 64 181 158 155 55 120 81 202 249 106 221 254 44 179 231 135 65 169 206 76 142 143 75 79 110 148 23 246 97 115 49 138 17 219 251 133 240 141 141 74 58 134 60 113 138 18 175 60 179 2 166 77 95 201 198 229 122 86 73 221 168 52 209 192 234 201 71 56 252 205 182 205 106 207 131 140 224 64 234 183 177 91 250 1 228 162 81 244 56 199 194 135
9 216 180 61 87 100 231 87 144 76 193 1 253 225 75 40 195 33 207 23 204 219 60 66 185 24 39 19 41 163 59 145 82 132 206 41 126 105 239 233 88 138 91 35 161 188 213 141 249 116 71 58 18 192 226 163 60 109 251 77 203 95 127 30 130 212 40 147 221 69 110 56 44 83 141 186 199 43 86 205 242 194 211 92 153 184 248 187 72 231 155 213 240 183 110 109 242 71 212 136 103 13 107 200 235 29 191 76 57 143 64 171 62 86 85 248 86 192 198 169 159 49
103 146 95 170 25 112 84 104 225 3 240 152 249 81 56 145 54 89 129 95 242 28 217 108 108 105 173 201 87 82 185 158 110 164 62 209 238 191 184 31 56 210 188 192 145 53 196 155 44 36 2 101 94 151 90 227 8 197 99 21 226 104 15 232 147 142 193 171 68 103 198 181 232 60 89 221 97 175 221 101 172 103 226 87 58 212 74 190 0 63 18 65 91 74 62 90 28 187 151 191 141 81 249 76 194 68 226 220 34 147 73 135 171 186 207 134 209 60 161 35 5 211
230 137 81 29 203 12 176 156 134 228 139 206 239 105 20 192 109 195 131 104 234 119 120 11 74 159 238 23 253 21 115 203 196 33 221 2 243 226 36 116 100 77 26 131 99 23 118 53 168 98 43 165 96 222 123 66 101 106 1 30 57 220 58 162 43 2 173 99 120 14 137 233 99 195 193 70 233 223 177 159 92 91 231 59 226 122 200 145 74 115 173 119 212 180 202 188 106 28 170 230 32 26 179 153 128 227 121 204 37 77 25 216 23 170 67 73 251 136 41 87 25 25
203 193 238 25 70 196 56 188 19 100 62 133 39 193 138 171 115 90 85 227 81 76 188 199 118 5 228 239 134 101 227 105 90 206 154 132 192 5 67 237 24 218 233 234 179 250 154 160 41 233 14 196 246 194 218 6 92 177 92 143 145 61 156 150 55 246 16 138 63 76 237 100 43 229 89 10 173 89 220 194 186 190 0 167 217 126 89 189 3 178 116 6 58 121 83 212 10 31 210 158 13 49 224 238 224 52 253 225 243 65 210 230 224 103 169 172 182 84 29 109 203 102
97 20 2 67 173 17 80 12 250 227 230 132 146 222 146 67 143 118 85 106 70 94 121 128 176 129 128 178 192 200 237 250 67 2 56 41 77 232 216 228 240 139 238 145 240 122 37 62 99 7 70 162 43 24 4 96 72 124 188 11 165 178 144 87 78 142 61 147 115 252 177 69 201 200 61 124 37 126 145 139 46 150 245 2 65 48 145 57 233 80 198 85 144 158 34 150 133 1 154 32 181 78 108 48 18 185 102 81 109 129 47 66 183 162 96 51 99 173 29 121 184 18
55 91 141 162 120 65 157 204 32 206 116 200 215 147 161 185 33 168 170 135 75 148 169 209 129 234 83 239 183 129 232 111 248 171 101 111 17 35 120 123 148 42 76 31 29 91 117 99 124 25 69 141 20 211 139 71 168 107 238 208 1 163 213 53 203 244 55 173 141 226 178 101 219 49 94 237 204 129 253 247 186 88 205 175 108 40 228 106 9 207 150 193 222 65 10 219 184 249 186 88 173 111 27 220 124 121 44 52 187 21 185 161 237 147 87 178 173 115 209 215 231 168
145 3 35 69 20 234 61 46 245 250 154 146 140 155 205 204 78 205 4 43 48 119 210 137 213 85 100 54 56 207 243 151 107 7 174 243 7 184 81 117 37 111 212 162 84 42 94 114 25 221 16 98 225 188 85 2 117 36 180 180 50 203 109 242 66 215 25 84 194 92 245 118 103 59 174 0 211 79 149 26 237 175 158 135 136 38 27 3 74 81 214 143 232 124 148 159 155 65 179 39 108 115 38 141 25 133 157 140 47 59 215 246 211 97 235 45 12 235 241 50 62 206
102 29 47 121 119 111 139 181 141 164 145 50 17 225 180 87 158 92 186 6 10 233 117 172 165 123 177 173 92 45 99 77 46 29 187 151 7 205 210 42 207 211 48 105 64 35 207 36 173 55 59 97 187 13 159 177 227 162 145 91 78 209 6 231 129 132 138 153 47 49 171 162 86 168 75 108 190 60 113 194 242 20 13 18 244 16 81 131 183 245 112 92 50 82 16 189 92 155 21 221 56 231 142 42 209 101 91 0 153 121 202 139 38 191 229 84 251 108 47 134 26 15
253 59 155 90 117 39 234 145 127 86 223 217 26 116 25 153 167 142 227 204 219 224 205 209 240 179 134 61 195 137 233 2 141 148 213 196 234 97 76 124 168 70 78 126 126 202 82 38 23 213 8 32 59 225 78 56 37 249 149 77 139 61 23 146 35 226 233 205 248 191 203 156 159 228 163 170 85 43 240 128 92 100 55 125 189 251 9 192 215 242 201 76 80 148 35 4 54 38 3 67 247 37 253 78 151 235 6 183 204 170 142 252 79 208 199 111 97 32 239 161 35 23
70 108 153 37 60 88 247 6 184 53 102 42 121 201 137 89 96 12 247 217 117 175 159 210 207 135 16 211 72 85 5 2 196 119 183 231 30 208 222 160 186 216 25 240 85 248 84 37 109 167 145 157 248 230 98 241 14 239 92 239 157 93 28 82 135 135 249 60 21 24 88 12 210 227 124 99 208 198 85 134 122 24 254 106 176 196 140 35 61 170 90 83 119 179 114 110 125 6 206 160 63 29 220 77 234 49 202 61 109 125 160 102 229 190 114 102 238 105 31 31 198 84
89 187 2 136 98 105 146 146 61 30 205 204 121 159 53 93 151 91 57 194 196 73 30 176 25 2 166 113 53 73 80 111 85 66 241 185 175 224 214 184 38 247 118 78 160 29 194 204 86 145 60 86 102 238 25 235 57 50 1 0 86 56 160 133 234 6 210 73 188 166 112 17 69 178 162 13 126 200 238 94 217 81 40 80 132 127 67 152 13 87 101 237 63 251 227 177 13 148 50 69 99 114 67 46 91 36 174 53 54 69 71 225 202 167 8 5 39 7 221 22 32 18
144 143 91 68 125 156 195 114 69 132 98 184 164 46 116 201 210 209 62 231 148 128 237 88 86 226 46 32 104 233 95 10 199 241 226 200 156 188 241 188 218 120 229 162 116 235 216 182 76 244 66 68 146 71 132 161 163 151 147 251 138 9 68 203 134 149 45 233 157 101 164 229 179 0 120 13 22 198 134 215 77 164 204 152 86 55 164 175 4 108 231 4 187 93 98 43 77 5 247 39 238 145 42 66 155 200 198 175 5 10 137 27 194 84 85 147 210 250 24 147 75 117
83 125 65 131 242 200 11 85 241 213 79 100 210 109 38 99 15 84 174 226 151 28 166 60 214 219 124 10 159 96 240 81 46 222 82 99 100 243 165 54 186 148 152 44 120 116 88 71 86 163 201 176 49 212 175 197 18 117 211 90 5 113 78 72 91 63 161 209 95 44 237 5 169 128 212 148 152 151 64 199 47 39 205 190 96 23 171 87 238 19 154 168 33 11 91 140 113 169 156 115 180 8 242 15 205 69 146 151 243 148 160 137 245 60 129 176 80 18 88 17 123 129
33 65 112 171 92 162 9 185 218 133 22 118 93 230 188 45 241 76 13 77 30 97 102 245 237 115 136 167 130 174 208 57 157 137 12 6 175 60 72 150 13 86 146 180 117 96 1 195 70 19 224 14 30 88 50 146 225 170 118 88 190 39 75 183 59 141 5 104 157 186 190 153 28 63 251 159 148 191 178 151 39 199 236 174 90 139 157 214 139 128 206 84 186 83 179 62 96 248 161 154 0 92 66 40 217 69 229 107 205 168 87 56 114 13 177 128 151 91 144 168 88 115
130 226 199 254 167 81 53 51 231 21 166 9 187 194 221 2 125 11 83 205 177 19 252 237 12 246 134 229 126 37 245 244 233 85 219 106 42 187 189 99 187 167 220 191 254 193 47 215 23 225 20 57 218 113 158 171 197 147 140 209 82 52 135 74 182 125 169 91 62 175 5 59 190 246 236 79 45 198 248 205 114 252 185 112 220 108 28 74 4 97 24 28 44 192 34 18 84 14 118 53 250 228 204 119 197 17 205 81 227 73 244 182 134 105 198 204 46 138 219 75 152 65
122 85 5 61 80 96 61 187 0 221 100 11 16 165 161 177 29 108 221 110 26 10 209 44 81 226 248 184 165 16 31 210 115 139 128 126 112 52 173 63 30 75 231 98 139 232 32 138 13 35 37 60 243 230 20 38 81 154 45 58 6 212 22 210 158 245 247 102 141 73 15 227 52 18 110 99 216 88 111 208 200 224 112 92 183 28 169 151 112 56 85 129 147 154 240 194 80 186 238 79 48 191 157 73 202 91 52 51 8 178 134 169 196 96 91 104 247 115 133 79 6 35
72 177 170 106 38 34 171 109 158 183 25 247 155 135 196 10 237 74 71 91 98 129 3 35 230 104 120 246 164 141 179 145 101 173 99 158 200 227 180 199 92 79 41 243 82 179 176 21 157 34 98 77 53 15 211 95 88 125 195 89 221 232 131 164 72 227 166 112 31 128 226 207 82 237 73 228 84 187 103 195 145 195 209 152 92 240 130 98 35 198 100 190 202 60 153 142 142 203 60 8 248 145 235 130 105 139 216 192 38 66 40 21 174 61 175 199 109 141 230 75 54 0
48 99 122 188 13 227 206 198 162 36 159 128 104 73 14 198 159 56 23 82 74 137 70 89 93 183 28 77 138 0 170 59 75 8 235 49 34 205 159 46 130 41 192 151 34 151 4 1 168 118 220 45 44 75 181 2 247 187 166 150 168 56 215 96 50 78 49 231 197 83 170 148 147 240 50 76 28 103 5 114 96 19 89 75 219 123 35 252 83 23 181 230 70 184 98 233 66 163 22 53 148 29 178 191 196 144 88 33 184 152 53 195 138 6 130 28 218 127 198 33 228 239
46 160 97 76 244 109 88 178 222 212 166 178 60 238 151 195 58 131 131 26 97 5 213 240 201 105 178 43 214 58 148 15 203 6 35 121 50 139 127 86 166 92 60 218 147 139 116 136 14 87 204 208 236 72 236 67 146 236 46 38 66 232 100 36 22 29 143 54 62 115 220 140 23 62 153 15 47 44 74 219 106 37 122 103 250 235 140 14 61 170 45 115 46 61 93 83 191 206 201 234 222 47 197 170 52 92 166 214 11 14 223 2 81 65 184 205 26 95 187 77 40 26
236 170 34 103 202 74 116 29 224 151 145 82 1 253 199 53 101 99 83 65 125 183 229 63 20 131 234 244 198 116 43 212 66 79 207 222 213 86 99 99 188 218 252 158 200 248 198 250 48 30 194 180 202 192 147 97 161 131 232 110 206 1 173 212 9 67 180 210 204 84 184 240 248 88 176 107 227 233 91 28 193 49 145 143 153 39 199 115 75 131 62 127 32 230 65 201 87 2 104 39 192 149 43 173 200 17 36 68 69 161 82 138 104 40 35 202 97 193 157 252 236 86
204 218 175 101 134 81 3 83 15 173 85 172 194 20 22 95 30 163 216 61 73 202 212 36 24 172 225 109 100 42 247 194 116 244 190 168 231 55 148 48 24 76 46 231 196 248 131 120 116 71 207 105 196 182 43 175 157 171 171 189 81 20 54 14 55 44 168 2 28 39 162 11 50 188 133 140 39 183 95 145 217 196 44 49 152 182 247 143 137 114 94 17 240 137 66 89 180 33 245 7 182 34 91 12 9 116 112 112 167 105 217 111 167 254 32 111 185 41 21 123 95 128
230 165 45 71 220 155 240 190 2 153 15 190 140 136 211 144 64 243 86 112 216 161 112 134 120 169 58 244 113 115 207 8 181 10 99 93 156 152 187 32 96 241 248 17 42 25 191 134 9 119 240 64 39 54 15 110 193 99 50 51 24 154 43 85 101 128 31 85 115 100 8 151 161 143 235 32 3 145 109 115 105 53 141 152 128 144 169 143 34 121 223 11 177 89 30 145 194 36 23 102 148 188 61 3 71 91 129 41 17 31 35 155 197 251 217 41 196 153 169 170 59 94
26 27 227 87 219 215 161 158 197 48 142 25 243 100 199 48 148 126 145 107 153 49 164 47 172 5 71 43 107 147 87 171 234 93 108 210 214 150 202 132 125 131 106 114 95 253 61 155 146 212 248 249 210 155 85 54 107 127 60 19 130 17 217 147 146 169 27 91 74 138 240 131 41 111 101 153 108 123 122 37 90 179 182 142 241 161 237 229 215 93 122 181 133 81 164 53 14 142 49 77 5 55 112 45 178 208 232 184 59 77 12 171 150 175 42 106 56 53 118 128 246 241
186 252 6 59 146 0 7 79 206 245 93 5 85 155 248 102 246 38 127 202 157 56 132 240 198 161 253 157 130 107 134 77 101 9 63 61 153 191 162 251 51 28 131 141 82 114 6 152 122 237 220 51 253 141 166 101 60 211 191 20 84 254 48 79 220 214 134 97 1 140 225 211 197 138 137 164 168 199 130 190 108 81 214 148 29 230 230 98 39 21 230 137 108 136 36 50 47 100 236 15 56 76 223 214 87 107 72 208 12 89 107 235 75 170 94 176 166 118 103 90 70 123
73 22 175 231 103 23 150 115 168 130 231 32 234 43 115 198 200 96 30 44 49 185 249 185 12 223 127 103 79 143 207 190 91 0 189 231 207 199 48 40 33 54 43 95 218 13 47 49 79 147 179 181 39 235 77 81 43 178 251 56 207 170 194 253 248 37 209 202 181 84 29 11 166 151 1 24 107 241 152 213 232 35 32 97 215 252 47 149 8 115 153 14 172 52 50 24 192 173 213 46 210 21 48 249 113 211 192 58 134 254 37 249 78 231 31 121 165 20 170 24 45 138
185 204 169 49 114 95 89 157 183 98 64 219 177 82 7 159 74 247 50 230 140 87 212 63 13 223 242 164 141 45 157 113 195 117 165 236 156 178 241 109 124 169 148 127 45 76 60 150 242 176 26 157 13 155 205 67 148 9 143 145 109 34 197 4 118 86 107 123 155 192 87 132 17 58 24 111 121 117 21 69 241 50 233 154 121 251 2 52 3 221 121 232 33 70 146 119 73 142 231 29 140 191 75 36 227 51 9 157 246 15 173 250 27 240 196 253 24 96 116 226 203 212
23 184 92 25 177 158 244 39 22 165 101 105 186 206 10 195 196 224 235 253 139 151 217 120 135 10 58 41 124 225 167 137 175 162 85 87 51 249 31 19 63 153 80 57 11 133 231 87 230 29 220 20 140 133 181 183 208 139 41 131 94 46 5 235 17 90 175 200 16 171 217 110 64 235 95 104 129 94 28 153 54 171 215 100 91 132 211 208 116 164 247 139 228 44 83 147 211 225 53 54 204 24 132 222 6 41 247 26 233 238 206 124 106 161 206 74 2 123 171 210 88 228
12 118 254 101 62 254 233 20 145 48 151 253 191 91 175 36 247 155 136 30 115 214 158 82 123 232 178 107 157 202 146 61 117 43 104 186 65 23 61 225 127 21 52 101 174 152 82 248 252 15 14 177 189 241 198 51 37 111 227 252 21 158 54 58 52 178 45 26 3 226 123 160 9 36 26 243 190 49 144 150 108 84 118 55 140 240 3 50 236 20 5 163 98 132 253 141 208 184 2 209 183 235 234 253 104 131 76 49 129 143 59 36 60 32 215 120 239 111 185 188 213 67
153 75 191 51 152 188 109 103 196 21 196 198 5 211 197 56 145 82 241 35 82 237 59 224 122 122 151 43 140 81 231 223 80 216 46 36 207 64 219 70 203 185 132 202 0 159 109 84 143 175 209 242 116 113 99 58 186 196 118 147 219 107 216 141 22 145 135 73 86 74 73 139 109 199 39 249 206 132 153 218 30 214 153 16 91 74 208 219 250 58 26 234 14 111 68 90 205 181 11 73 103 186 164 58 104 142 153 61 119 72 193 236 40 84 30 196 58 242 167 92 252 196
241 131 85 112 35 53 109 114 216 126 95 101 135 169 99 96 95 83 113 67 244 228 147 166 172 185 101 180 107 182 97 241 254 1 193 25 132 7 75 196 101 52 128 45 67 32 104 91 186 42 76 173 177 21 38 47 34 192 136 176 149 37 147 110 205 33 8 165 96 66 154 131 21 192 93 122 104 215 198 243 138 67 62 28 55 247 70 77 32 103 136 191 38 210 194 104 197 10 68 239 38 3 92 67 27 249 235 210 174 84 19 54 117 201 222 218 65 80 73 39 31 200
249 111 42 63 54 116 1 176 39 212 19 224 165 252 17 119 126 164 37 236 8 222 15 215 106 219 64 106 196 140 153 230 58 61 190 62 191 103 42 106 26 28 160 105 133 104 27 169 141 88 147 226 17 3 87 39 151 232 53 64 172 49 230 55 36 75 189 53 55 72 50 248 147 204 6 130 127 51 211 201 76 87 134 252 140 198 7 171 79 39 230 133 18 189 2 178 59 252 151 100 209 15 74 32 139 233 41 31 210 46 159 51 176 122 31 173 176 65 2 80 130 71
171 31 90 111 191 216 63 168 235 135 12 54 77 210 112 26 167 194 104 210 87 162 89 44 2 61 245 101 93 144 96 89 17 145 89 86 13 113 19 9 189 129 188 79 217 239 95 35 101 212 108 252 120 85 195 229 162 94 86 41 170 133 110 223 131 249 86 139 122 72 96 4 96 39 216 72 196 68 5 47 224 0 58 221 132 5 209 145 245 72 220 167 133 152 119 252 55 186 30 222 246 35 172 34 254 213 156 206 131 10 126 63 229 10 103 120 181 62 39 130 64 142
235 171 16 182 24 161 160 95 41 34 83 130 234 251 75 161 56 5 228 32 115 253 231 145 118 219 152 48 41 222 227 55 58 235 71 29 251 180 202 80 141 118 18 71 55 65 123 93 183 69 171 202 72 190 249 158 177 42 66 121 23 237 9 5 254 248 172 97 213 159 253 5 2 180 64 246 4 36 76 118 239 9 106 242 163 89 38 136 71 171 42 49 84 31 186 171 128 197 22 147 8 118 242 192 195 167 184 83 3 156 81 236 115 171 176 125 203 172 150 200 196 207
91 104 227 22 180 83 202 57 241 231 1 97 52 105 20 216 102 93 58 210 163 148 213 186 198 141 58 33 244 94 69 72 66 5 132 232 96 141 168 80 100 167 5 116 222 62 189 200 16 144 120 77 244 196 95 22 28 180 188 232 199 254 125 150 108 253 218 142 132 76 55 83 236 26 36 116 68 130 208 235 96 188 38 3 176 106 220 95 108 244 12 132 196 87 71 7 199 95 131 149 215 140 47 12 17 139 8 88 61 59 137 213 12 54 111 245 7 251 13 115 250 33
229 166 1 121 203 120 169 105 225 145 115 167 40 4 36 211 201 189 43 110 96 88 175 183 181 209 210 112 238 109 231 188 163 73 124 114 175 232 121 114 141 27 19 197 55 32 176 131 126 107 115 183 228 133 249 195 63 25 187 189 230 36 7 50 151 192 0 36 110 214 222 199 171 197 2 206 14 75 165 59 30 132 214 58 30 105 38 207 88 181 180 52 15 168 203 87 208 128 159 160 108 219 108 178 187 222 6 89 208 242 111 201 248 176 195 49 253 162 82 25 253 53
153 198 125 204 140 105 168 166 146 188 167 249 223 188 95 15 159 29 240 157 90 35 251 225 53 187 9 144 215 54 145 124 245 93 77 242 67 90 102 210 226 145 117 129 166 111 38 59 67 228 87 47 10 189 13 111 237 106 254 59 21 251 250 105 174 191 116 139 14 227 78 106 155 71 2 119 1 95 212 8 58 249 166 213 197 121 184 158 30 169 140 251 223 63 178 74 36 162 114 36 55 171 7 228 91 141 71 233 235 136 103 31 64 218 227 163 171 164 157 69 24 83
53 176 252 128 38 36 166 121 227 37 220 236 31 173 84 154 59 161 164 156 178 17 183 34 89 209 12 90 65 29 113 95 24 206 230 177 45 211 227 110 91 185 208 63 192 97 64 197 71 199 95 0 118 78 155 241 86 75 7 120 150 179 208 100 213 73 191 134 95 108 45 153 198 102 5 210 210 246 100 85 136 73 149 60 155 35 171 160 103 149 87 39 93 242 224 124 19 195 66 18 242 21 182 238 119 69 70 38 82 229 101 234 154 10 17 16 184 244 104 187 129 170
165 230 159 91 171 228 82 239 142 228 167 59 57 6 192 79 8 132 96 58 153 233 254 158 2 146 72 99 145 138 125 8 214 45 220 8 140 152 11 153 126 41 232 133 138 79 175 133 193 91 238 15 33 60 195 235 148 38 217 230 249 23 203 224 170 53 212 105 71 92 42 187 176 190 252 57 101 188 192 161 140 106 64 243 157 248 218 245 177 66 233 238 50 196 63 118 204 127 234 105 52 249 37 236 28 52 188 128 59 234 159 141 117 149 48 232 10 171 195 43 194 82
182 203 62 155 130 139 235 37 61 202 188 226 156 161 130 58 101 105 127 11 199 129 6 115 63 242 132 120 91 38 79 64 244 78 194 10 46 98 4 180 31 208 121 95 224 29 101 85 110 220 146 38 117 7 225 115 228 56 133 112 130 240 54 184 133 90 195 236 107 147 117 126 165 233 65 149 228 50 90 235 195 129 72 228 32 113 171 75 139 46 135 180 6 9 192 228 159 108 192 254 31 15 157 201 97 14 219 219 16 144 251 85 134 3 143 230 45 198 237 229 92 167
25 129 158 203 229 6 125 169 121 105 211 174 126 67 194 148 63 103 200 98 162 6 175 80 119 227 67 240 77 216 49 80 210 182 140 253 12 108 241 243 209 136 48 4 134 222 189 213 28 191 110 27 85 2 156 209 47 182 33 128 97 194 56 238 163 254 214 43 8 159 198 43 8 155 97 39 152 122 197 200 207 84 17 18 142 174 222 172 16 134 219 76 175 147 86 253 191 205 184 239 82 61 80 182 179 58 0 107 58 225 234 106 194 12 79 200 157 208 10 6 180 239
172 21 97 94 45 143 198 139 214 134 11 34 152 37 195 83 204 246 236 0 68 182 222 39 42 207 48 175 225 35 196 35 124 251 121 172 191 8 183 43 239 93 248 194 254 164 19 110 35 63 190 44 22 223 62 52 37 241 202 13 197 22 111 131 51 65 122 31 150 234 139 100 3 147 219 179 253 101 101 62 211 30 107 152 12 48 231 0 189 99 131 58 206 199 215 72 97 171 211 88 6 172 165 109 207 119 159 222 145 154 68 196 156 158 137 173 227 77 22 250 106 126
136 242 27 154 159 126 239 100 175 230 26 113 92 81 159 41 148 61 24 2 69 222 216 199 129 60 251 121 89 158 87 142 207 76 245 69 2 2 135 206 33 120 135 83 133 165 145 31 40 212 247 79 48 105 17 130 216 95 155 240 85 104 104 198 232 112 247 225 107 23 75 7 39 55 186 87 119 158 158 173 2 69 67 249 116 161 65 150 104 247 45 227 58 32 187 4 185 93 180 29 79 42 183 161 148 174 88 77 204 59 71 108 32 104 23 25 156 145 234 160 249 77
94 33 178 85 137 17 8 52 39 92 100 174 177 33 36 194 200 252 126 119 150 49 231 51 57 69 134 251 86 116 5 173 133 53 229 72 112 170 228 225 237 142 65 5 192 235 209 29 71 111 29 209 9 90 216 218 96 8 54 49 52 123 33 49 6 220 63 21 227 108 225 7 238 248 15 229 47 48 172 60 219 34 18 180 168 210 103 153 147 176 80 203 111 71 29 85 12 252 197 36 112 203 240 169 14 77 37 251 40 197 215 181 61 10 155 54 47 179 54 206 205 38
71 59 15 201 149 165 188 213 145 120 234 43 63 244 108 69 25 149 103 53 164 238 148 33 127 119 229 172 81 210 85 139 248 4 142 214 126 252 233 14 247 139 217 132 54 14 27 252 116 15 82 245 118 16 130 149 201 198 220 46 223 226 22 38 208 218 247 207 49 216 163 130 7 145 159 209 25 134 16 197 103 80 81 171 250 117 149 92 205 176 105 235 146 219 36 73 34 75 101 231 9 211 166 210 19 54 18 111 193 251 119 237 237 15 195 9 151 27 153 16 224 161
109 66 104 22 230 92 116 163 85 168 125 31 178 150 47 251 156 211 11 201 10 48 171 70 144 187 142 213 146 123 29 55 141 177 172 56 118 203 247 223 120 10 139 135 23 60 236 104 110 186 163 101 6 71 104 101 169 234 57 245 197 196 204 33 230 234 156 54 105 59 62 251 230 214 205 25 204 250 154 202 202 183 216 47 211 233 250 15 103 73 35 236 204 227 36 62 17 31 249 85 96 126 17 104 68 122 150 111 28 106 231 170 245 2 96 13 147 56 202 48 166 212
87 145 30 166 252 153 246 11 214 198 10 44 81 71 224 46 95 107 100 240 190 240 97 251 90 78 169 25 80 46 169 18 175 116 101 162 227 76 253 254 135 52 70 60 85 154 61 111 64 194 232 207 145 199 130 40 14 34 28 105 18 92 25 203 232 146 107 168 171 98 181 187 225 40 156 232 17 49 178 251 96 52 32 44 202 30 231 189 71 0 35 54 9 154 84 53 198 147 253 81 195 35 185 224 147 208 17 116 33 233 176 137 125 147 137 183 107 182 241 67 46 105
67 146 35 148 21 45 225 82 49 130 88 44 248 90 11 55 222 228 96 57 131 165 123 174 21 77 218 9 172 52 67 109 87 123 34 191 83 18 94 77 66 37 3 174 11 127 59 233 154 207 134 77 182 141 182 11 88 37 70 124 31 10 5 254 18 4 28 169 13 40 131 62 177 202 183 220 95 58 31 90 0 217 96 186 129 88 158 134 110 78 34 128 245 138 254 40 77 253 254 203 69 131 242 79 212 236 244 180 142 47 246 173 63 190 193 120 75 4 131 127 104 27
164 59 200 44 72 78 11 134 210 17 85 158 53 13 201 240 121 50 58 253 53 205 68 124 223 153 26 250 196 61 154 248 194 136 229 67 32 19 139 230 43 127 252 186 203 151 184 27 122 36 12 56 204 139 194 137 224 3 188 219 108 5 62 22 11 55 56 33 168 62 52 211 38 182 168 11 31 125 14 167 63 219 158 220 56 133 29 21 198 238 46 181 178 201 58 99 119 4 161 188 201 253 231 11 170 229 245 59 105 226 94 149 53 87 146 112 115 191 104 42 130 76
27 244 115 5 179 110 34 120 166 114 224 241 64 98 130 220 114 58 73 210 31 71 110 55 114 182 135 132 109 95 13 15 182 204 164 12 66 24 77 250 154 155 36 244 82 114 165 106 131 211 25 250 148 145 221 29 84 250 128 33 153 69 51 225 92 219 15 94 81 184 224 36 15 143 16 36 133 214 159 207 212 67 147 31 61 183 182 158 214 24 186 76 26 100 230 185 166 123 136 45 118 58 192 238 220 90 176 90 131 88 166 218 33 199 134 16 175 207 253 126 127 24
87 38 211 180 138 23 93 43 240 179 81 91 226 215 224 195 96 4 153 16 159 241 253 140 223 96 217 112 145 203 183 70 77 44 225 81 108 10 150 201 164 130 7 5 248 19 16 158 180 125 137 113 211 22 151 61 53 184 143 177 248 38 78 32 25 95 245 116 115 248 178 202 223 171 183 106 155 132 68 235 8 6 68 197 120 100 100 41 248 43 230 179 181 11 13 191 253 121 218 184 186 36 30 48 194 198 80 213 213 115 101 22 193 203 213 154 78 32 19 219 85 220
176 98 215 180 161 88 111 22 23 88 234 47 209 234 18 154 209 73 94 167 35 197 87 5 123 12 102 125 197 13 108 242 20 225 246 105 32 213 36 139 164 51 248 145 125 144 99 56 186 133 130 90 143 181 8 114 214 110 59 30 41 37 140 16 154 21 94 116 76 132 209 82 74 205 100 222 35 9 133 128 185 152 227 93 80 145 252 169 146 68 238 238 96 136 71 144 216 24 238 83 39 194 202 30 8 105 107 59 220 129 231 78 189 185 157 49 185 24 104 72 185 238
160 243 156 150 55 200 52 248 115 102 36 151 77 221 82 97 201 80 175 174 212 25 77 10 46 247 204 102 95 241 126 195 35 196 213 128 201 73 74 103 38 237 82 119 208 250 213 107 29 241 186 30 58 24 250 211 2 89 160 236 240 38 160 169 113 236 23 216 41 79 204 248 135 69 143 154 114 223 221 218 245 29 44 110 136 63 54 61 96 162 121 104 184 21 114 160 152 163 159 57 52 136 64 88 64 16 183 73 66 44 219 38 126 75 40 94 128 36 149 125 162 7
110 211 117 202 75 70 222 164 108 122 30 21 214 133 30 142 150 31 68 3 75 70 234 79 119 9 55 202 221 150 39 136 183 250 128 59 91 41 194 149 153 149 98 149 115 133 226 176 31 193 169 146 92 144 10 135 172 132 247 12 61 130 232 61 23 252 44 5 46 190 10 254 212 63 109 100 150 182 74 153 114 51 142 216 195 85 110 239 140 228 28 99 195 72 133 35 3 124 124 24 42 54 254 147 8 93 20 60 155 68 22 55 167 84 49 99 242 28 37 220 55 250
60 191 194 204 198 247 6 172 174 212 89 161 52 193 155 156 4 131 104 151 218 130 101 45 74 228 202 224 115 69 88 82 218 10 46 84 159 114 183 187 150 51 99 11 7 168 222 56 251 248 29 16 246 29 102 82 221 164 78 232 145 145 251 10 223 102 171 183 120 90 61 207 110 208 196 94 204 170 129 31 164 210 136 220 181 187 74 137 76 252 77 179 203 185 251 150 224 231 241 91 120 174 88 183 31 53 22 202 7 168 144 21 15 79 39 233 119 6 56 171 175 245
28 154 116 37 226 77 244 5 133 34 111 43 3 150 166 100 121 23 129 21 98 8 166 172 216 83 134 78 78 211 199 150 44 11 244 200 158 66 106 48 76 128 99 53 45 29 166 80 229 205 242 66 180 40 110 1 164 47 18 195 130 199 247 214 151 130 245 149 31 234 225 140 77 196 153 209 225 69 172 114 155 204 68 160 15 251 87 5 105 76 202 143 34 75 99 18 224 221 252 191 244 70 47 106 100 103 48 72 148 87 40 52 207 32 154 229 244 167 82 115 143 245
5 139 35 56 15 220 116 216 27 2 98 168 48 126 111 213 74 177 199 141 11 87 148 220 173 233 194 183 161 174 201 87 16 195 195 104 222 161 38 9 60 17 59 157 82 230 140 213 208 116 70 199 99 83 140 189 61 63 232 2 83 124 48 38 45 94 39 217 84 111 146 57 92 193 85 181 35 228 148 98 38 80 214 186 167 31 238 214 179 233 161 228 252 192 47 77 63 67 239 106 142 200 213 249 2 91 101 124 215 7 242 175 152 35 206 119 196 242 219 185 35 121
41 43 18 230 29 170 146 39 28 236 173 134 36 187 16 49 63 140 104 155 241 201 73 153 125 176 119 6 125 22 199 179 55 236 147 39 0 107 126 181 72 198 144 229 234 52 201 145 237 205 172 100 252 57 46 40 70 139 43 214 225 244 61 146 132 236 206 130 244 11 148 33 107 207 248 206 13 47 244 215 191 223 250 206 83 30 205 27 4 126 120 46 224 216 127 102 176 7 85 207 1 17 217 43 230 106 34 111 241 168 109 122 97 65 202 108 150 180 71 120 177 125
175 86 42 165 138 211 177 133 221 220 65 218 152 246 93 102 196 34 40 196 164 142 79 82 175 178 48 109 59 31 225 114 12 132 98 61 118 36 101 145 217 244 39 204 89 100 25 32 237 210 162 230 128 243 199 211 254 146 127 106 220 1 11 35 57 253 113 127 206 186 248 3 245 207 124 163 63 248 235 183 93 119 154 88 23 54 131 190 20 235 164 218 213 101 116 136 199 208 6 123 21 230 174 212 213 83 7 156 39 41 191 118 233 145 152 118 238 193 14 58 72 216
132 216 93 83 204 113 35 160 146 97 211 242 124 65 23 230 50 182 226 157 189 110 16 180 153 85 220 1 148 42 93 28 238 139 28 140 64 7 17 146 181 24 145 104 223 177 172 5 225 175 155 136 41 249 67 148 11 120 31 252 225 238 216 141 246 146 225 196 172 142 151 204 212 251 140 205 42 244 107 197 159 99 39 77 239 161 193 81 18 244 54 63 163 182 135 250 104 88 54 225 227 156 207 224 53 129 203 208 208 67 124 178 76 113 193 158 12 147 92 48 82 26
206 220 53 222 109 142 80 116 243 148 103 101 26 150 78 203 36 116 245 254 172 200 238 248 13 130 249 95 14 152 148 64 126 197 142 17 208 23 4 42 242 219 231 64 106 180 74 196 202 69 77 177 196 2 45 157 187 25 112 117 26 220 104 147 239 92 113 226 252 162 233 172 62 236 7 156 61 54 152 240 218 144 215 59 147 202 225 61 229 216 228 23 122 85 153 251 27 137 161 133 180 230 242 109 232 61 76 159 42 24 75 127 170 119 154 86 82 150 16 36 50 163
30 48 238 186 74 66 93 172 104 15 8 58 101 242 23 88 192 111 28 92 185 155 92 226 182 154 67 155 37 153 211 227 25 121 68 196 6 153 125 246 253 35 66 11 68 144 121 1 118 91 96 224 174 221 213 81 251 177 20 90 227 175 167 64 19 214 248 80 239 79 109 233 243 185 218 69 225 133 18 231 240 88 238 35 18 203 180 89 252 195 199 62 28 191 14 253 225 61 32 67 85 216 149 55 138 232 134 71 54 45 210 44 221 130 234 22 86 203 0 81 99 87
198 56 237 82 215 190 222 191 114 249 227 47 194 196 1 17 98 169 164 218 57 113 15 133 33 12 183 140 90 78 177 37 107 150 238 236 123 121 46 130 111 112 27 25 181 148 158 48 220 191 176 189 94 212 73 13 63 227 72 41 213 20 88 193 191 115 245 223 55 191 155 236 182 121 149 31 245 214 109 128 71 74 129 23 28 41 119 108 234 114 86 32 235 165 195 27 43 47 57 73 20 57 160 14 101 64 197 122 146 101 49 239 49 60 149 176 128 39 51 95 52 156
18 142 178 85 228 177 190 213 51 69 132 124 222 163 4 158 129 200 247 16 94 151 229 35 175 148 20 97 211 104 126 161 224 148 137 102 249 139 68 153 204 114 239 209 144 183 154 196 1 25 177 245 58 48 71 151 172 162 136 132 7 89 114 139 220 10 41 249 247 2 174 1 181 74 43 225 73 56 140 47 134 108 97 62 167 131 62 65 113 35 90 60 126 1 40 8 6 170 81 31 29 19 38 34 226 12 157 126 39 147 110 3 207 51 113 38 198 228 46 38 88 8
92 163 47 220 196 122 19 200 169 89 194 231 56 126 140 212 58 162 181 22 130 78 150 230 191 131 185 172 158 133 230 0 249 228 105 191 254 90 140 0 155 133 75 169 224 102 21 231 205 7 99 136 151 21 214 142 30 98 74 197 71 63 249 248 191 176 72 41 245 242 229 25 234 220 38 120 146 213 0 234 105 3 17 169 60 29 71 104 79 110 117 218 245 40 229 4 123 21 9 164 11 61 245 41 78 232 217 45 49 4 123 36 206 156 171 245 108 43 40 233 152 121
193 123 94 167 212 149 90 182 108 49 240 28 101 29 28 163 249 121 92 73 181 5 188 1 178 22 203 224 161 97 233 108 193 126 156 68 183 23 192 123 58 82 213 244 209 234 148 218 195 16 56 226 2 195 13 68 144 218 217 221 35 97 138 137 109 183 107 124 44 13 206 72 53 24 146 12 242 177 35 218 29 107 25 65 149 75 59 173 146 167 226 102 249 38 139 83 102 8 245 13 125 189 204 60 143 3 171 60 205 100 205 108 13 131 232 177 8 167 142 22 208 92
214 164 6 14 112 110 10 113 153 252 249 13 190 192 123 233 59 143 205 221 207 235 60 101 229 2 221 19 103 65 53 88 1 189 132 180 105 109 72 59 16 134 49 184 230 55 33 65 32 35 42 240 142 113 157 125 39 27 11 76 64 213 163 81 59 91 122 27 33 206 89 35 103 240 64 216 26 180 46 236 164 76 119 54 49 36 26 224 169 225 158 45 62 167 137 28 222 213 213 28 41 81 7 188 97 231 76 128 50 192 30 251 69 33 130 237 59 97 43 181 139 94
91 154 77 1 108 153 21 44 71 205 44 220 143 43 27 51 197 213 44 11 110 48 254 182 187 179 190 36 81 246 53 27 4 244 183 232 233 109 100 94 231 22 61 154 4 49 86 97 243 69 47 212 244 95 168 206 206 135 184 203 53 60 235 231 215 33 151 223 243 205 239 180 189 140 110 56 162 141 96 150 244 196 139 42 208 55 6 63 207 21 3 62 198 232 56 171 131 221 82 95 192 7 141 124 24 27 159 171 119 139 231 201 160 32 118 245 239 25 230 237 135 213
178 140 224 138 235 77 251 173 4 37 180 50 98 31 161 58 135 253 132 1 208 243 149 8 229 28 87 46 169 73 48 166 27 33 169 25 119 169 24 165 62 48 181 105 234 190 175 188 121 177 56 245 218 227 149 170 118 86 63 108 11 143 171 173 148 103 201 169 203 206 120 186 116 163 51 78 29 13 176 25 247 73 233 94 101 167 28 44 166 172 142 145 173 195 98 173 25 72 40 142 231 185 37 19 233 224 113 100 192 171 222 184 126 114 201 217 158 116 229 26 32 85
34 4 223 22 209 107 237 137 0 247 133 41 23 196 72 244 166 51 161 214 40 126 2 220 201 33 14 218 32 5 198 45 13 99 250 94 126 205 64 72 198 2 6 13 23 81 91 165 126 7 250 244 96 56 187 233 128 37 24 253 168 110 219 227 147 163 228 46 168 20 197 29 182 19 57 219 237 122 136 206 219 220 54 220 95 32 248 164 215 212 128 167 173 91 197 158 35 178 42 27 150 206 11 85 170 252 25 250 37 167 85 174 2 61 175 99 156 68 159 208 169 12
186 150 91 107 112 154 152 249 113 174 196 251 0 214 114 147 89 120 210 205 43 142 18 104 16 176 246 80 120 140 117 80 142 44 39 144 35 115 228 254 89 126 253 14 50 23 126 212 57 89 40 247 185 121 183 40 81 101 115 133 31 211 180 105 66 4 221 49 237 245 149 145 1 127 241 231 239 97 129 12 53 51 1 71 211 49 158 246 10 23 173 170 235 146 230 219 84 173 101 10 187 158 27 247 169 144 9 33 137 195 159 190 12 179 174 36 117 138 31 73 222 115
20 139 165 12 11 98 129 235 189 115 229 191 128 126 252 233 67 194 192 115 41 79 145 179 90 214 210 241 139 128 248 201 66 168 89 94 217 10 78 61 79 180 193 121 192 242 213 124 145 247 143 56 35 247 9 121 27 64 16 14 167 74 116 0 3 186 60 186 236 229 245 142 238 64 136 197 67 72 71 120 89 245 21 18 161 161 119 198 214 83 254 123 253 181 89 57 62 187 79 74 14 231 161 177 241 197 253 116 230 2 59 120 187 130 98 164 7 194 159 10 60 179
18 43 173 95 126 51 41 136 222 124 29 114 7 230 68 43 53 103 138 37 216 29 110 81 136 102 26 74 145 125 223 206 106 232 139 56 31 84 102 204 94 218 19 243 25 190 143 33 66 217 181 24 132 89 10 139 66 228 49 183 66 62 70 80 213 32 101 150 52 192 82 117 102 99 217 126 97 190 48 201 3 140 208 47 76 252 28 138 243 254 4 204 102 190 179 236 68 151 78 8 150 153 37 19 242 113 129 180 82 242 59 16 120 42 167 32 205 153 15 3 108 133
168 250 13 201 250 185 153 238 121 161 45 227 14 211 212 222 34 183 206 4 171 234 31 251 191 137 233 109 203 49 161 59 222 47 212 5 6 169 227 115 12 94 161 198 113 148 125 26 28 238 65 246 95 25 246 126 175 150 77 42 25 136 26 65 14 68 79 200 117 192 236 179 175 105 103 148 2 62 212 107 68 51 110 163 36 141 246 170 11 54 199 38 47 187 27 4 25 240 142 180 12 13 76 133 46 137 146 4 179 7 142 34 253 117 75 231 55 249 91 31 122 183
209 57 41 6 76 170 183 214 157 202 19 139 122 25 107 224 33 206 128 235 188 118 208 125 138 232 65 211 91 124 185 9 141 102 211 137 39 38 151 90 127 102 209 26 128 125 215 97 247 22 197 251 152 119 245 144 69 73 203 122 130 227 96 184 2 134 153 96 74 35 192 156 2 241 56 179 74 138 37 46 11 100 238 91 70 217 135 5 182 102 213 85 217 95 44 45 147 67 125 123 143 84 159 83 231 202 121 97 204 127 113 73 227 144 189 149 78 73 23 137 133 103
76 148 193 248 25 111 79 235 18 167 130 127 241 18 252 130 196 65 43 138 230 80 135 186 120 224 180 36 176 65 206 44 10 47 219 168 17 217 73 166 78 159 103 31 133 178 241 191 126 226 4 5 217 140 151 135 55 112 96 89 31 92 68 16 34 187 122 53 173 195 214 250 219 222 159 66 219 98 16 223 109 69 124 4 251 207 17 148 0 9 212 50 185 50 252 168 195 151 17 63 67 83 50 140 165 119 140 196 134 154 211 227 166 96 133 145 146 54 9 33 116 183
203 73 44 244 84 198 141 206 42 148 51 191 125 139 51 135 244 79 103 198 180 189 115 208 49 102 25 182 44 204 16 37 87 9 219 3 191 36 68 66 202 214 6 181 110 188 147 184 55 122 248 124 126 225 154 249 160 78 88 231 100 190 163 216 100 205 194 185 161 89 21 159 36 24 57 116 33 217 89 171 156 99 59 84 17 12 16 228 8 133 140 216 225 63 252 37 39 4 50 243 210 184 160 233 101 132 161 35 106 238 117 138 5 107 98 61 113 16 171 4 77 140
