-274 -814 1252 -539 138 -124 -942 1542 -636 -76 486 724 745 -1065 688 260 253 700 -894 -129 595 -207 -1005 553 -826 716 686 -746 -144 258 39 442 -35 -523 -1097 -326 323 -397 702 569 -878 1019 -857 202 581 736 451 -692 1263 -1544 414 -1419 1604 -402 -84 -302 -78 -369 355 -396 141 -545 375 891 -963 1592 -106 -354 708 -177 71 -117 -29 -56 -681 -388 -138 -174 1254 -323 70 214 550 -212 -527 -55 -1501 1860 -695 545 -1455 502 1164 -730 -4 598 -286 -373 59 -1355 417 -421 448 -777 111 -368 6 184 -792 711 -16 -781 630 462 80 516 556 -56 842 83
-841 467 108 203 1559 -984 321 -1809 1227 113 -63 -324 -167 923 -999 -718 -664 783 -363 -660 -91 323 -205 213 -769 -188 169 677 282 -329 353 143 547 -144 450 -755 736 -883 54 -353 653 -548 -181 -931 1186 -608 -233 804 -11 355 1030 -801 -383 -487 1182 -712 558 -53 -884 -1126 -163 284 -514 -682 -153 -959 1199 -858 -335 -139 547 -260 -101 974 -533 658 -220 -1073 36 183 770 -361 684 -526 1792 -496 -1082 810 225 551 -335 -774 -962 -532 128 -839 1652 -1804 844 -197 14 -712 541 222 -944 561 299 -575 -111 -611 195 -1051 -109 -199 -621 -101 -490 480 -440 1222
137 -597 -675 11 1608 139 1026 -930 465 -1166 510 -106 265 606 1090 463 56 -964 -289 1383 -979 -519 383 688 -237 -394 -352 -202 28 -83 1048 -612 1113 874 -307 -331 -154 536 201 -821 -368 203 388 -1219 413 1470 -1694 684 -404 408 -541 947 111 -612 -10 -442 555 267 -509 -301 251 -503 62 982 -246 -554 -936 1748 62 -721 269 862 -598 -5 90 -299 400 352 -730 190 -843 150 -274 -376 12 11 -836 -3 -136 -1072 1317 -715 993 -519 393 -401 700 -329 851 403 -81 -16 -811 -235 322 1407 -627 -578 478 -211 997 -406 261 301 -126 -753 306 445 -1306 762
322 -681 365 32 -1330 8 418 -483 656 941 197 -1371 -1221 629 145 -94 -605 975 -695 308 291 130 -191 218 363 -37 -664 1006 -108 -101 -1455 296 210 -834 995 115 -445 -520 955 694 510 -866 654 -968 -76 681 -948 1068 -1049 -92 25 -374 733 334 -628 390 941 -297 -351 -744 66 -172 -1379 883 -200 602 -847 -466 236 -899 174 804 -549 -320 467 -1063 -443 276 596 -290 -369 775 237 262 1206 -56 -754 773 425 229 -68 -463 -490 796 173 -337 -10 148 -442 -1050 1253 529 -107 -586 444 -116 1007 -468 793 13 -1183 738 136 28 438 -318 481 682 -826 732
-136 -223 640 158 -491 1086 -1338 -1056 -340 135 16 231 -176 208 165 -671 -246 -86 -915 859 -1252 241 280 490 233 187 -977 610 -553 990 3 -527 -255 351 -187 -1177 -6 -1068 -326 -372 793 -969 970 43 -1203 706 -43 -257 698 -148 153 -183 7 100 87 -559 306 1252 -1375 1072 -6 645 -327 -308 -461 -148 1861 -1571 494 -172 387 474 -917 822 -365 537 134 -1305 543 -147 1036 -1112 301 -1018 334 326 -771 964 224 -433 -509 1301 -1194 243 -275 293 552 -221 167 -1070 290 360 -976 784 -825 -442 -308 -425 -952 906 -673 -180 -178 -19 -894 410 -683 234 -266 -120
-1066 503 335 95 -418 -101 1292 -351 -442 -1042 804 -432 -150 527 303 -881 123 1120 -1096 -198 -198 -632 579 -1032 845 -235 -184 -10 -378 575 255 90 433 88 1148 735 -282 661 -80 83 -511 1552 -1238 1334 562 -433 47 -568 780 -1577 513 -590 68 1065 -413 455 -961 86 -1233 -327 -958 915 141 331 135 -2 172 -145 -1113 32 -187 1171 -985 191 222 -570 51 1052 -1109 -281 -104 783 -143 194 823 -368 -728 342 302 -619 1209 -256 -513 -865 184 -33 556 -190 623 -1220 -242 446 -654 -61 2060 -1373 1525 -1269 877 840 -756 754 226 52 33 -244 614 -377 234 3
-1442 602 327 319 594 -677 350 317 796 -66 267 -923 934 32 -196 946 110 -1014 1840 -116 -207 -578 375 -82 541 117 -111 223 229 -698 -208 453 -300 -343 -933 420 -141 874 -26 -38 1105 -173 -168 121 310 675 161 490 1184 -484 288 -92 -964 -637 720 290 -75 994 -208 -340 -827 -1156 1335 -1299 -53 938 511 661 -281 227 -861 -204 -87 156 729 574 -465 688 233 -147 513 -605 318 -108 -297 745 701 -672 -240 -877 1109 -406 412 791 -163 -129 -641 1056 -712 -107 761 -1149 469 -823 804 93 297 -679 189 -306 627 675 398 -1018 785 -489 -239 462 -250 224
-1034 734 -1519 -134 -104 309 30 -501 11 362 -590 198 -531 -90 -286 433 -614 314 194 -1436 1488 -1154 67 -1149 42 579 84 384 -95 1140 103 -360 667 501 -388 -188 -347 -663 -90 -714 -233 340 223 -791 355 -971 355 -444 -961 360 -671 864 -490 -114 -163 1064 -1085 848 -802 572 -1067 716 -786 -125 -467 -72 310 20 -660 1263 1010 -446 -262 -378 -951 292 62 -257 -577 -68 -654 225 -225 76 138 -951 508 55 616 -30 -456 132 130 -629 -421 1208 -126 -1068 904 -929 321 -383 858 -1868 1159 -25 236 223 -472 -658 685 431 447 -254 -10 1501 -942 -71 -424 186
-488 1103 -657 776 -842 -45 -232 145 -7 226 462 -673 105 578 -1257 620 -301 433 -393 96 36 108 79 -766 784 -632 -79 -38 -1168 1299 -458 671 602 -926 323 225 489 -608 -13 -603 1402 -1328 1153 -542 -101 687 818 -61 -1306 845 -430 1110 -1621 939 -1322 193 848 -1208 885 -198 1007 -1053 1041 -340 513 -730 -188 736 -1082 378 -1147 323 369 -49 -97 554 172 -749 267 539 -778 511 -1075 180 -181 140 644 -1047 -590 634 -342 -327 -402 1041 -915 -231 19 -415 72 -266 -554 132 -634 -779 -354 -921 970 695 -702 3 -1461 944 -1329 667 190 -852 1082 337 558 -588
-100 41 -40 320 -1001 1046 -237 -146 240 108 194 -72 -192 196 -171 79 425 -878 -459 803 -642 -226 -175 -739 713 -11 558 112 -763 222 269 -757 247 -660 976 -333 -588 612 -423 -262 757 445 -526 304 -200 -1606 1324 691 -566 -14 184 231 -969 1814 -961 -366 476 -668 -107 -34 197 -578 484 -121 100 212 515 -568 588 337 548 -659 186 -912 307 105 -148 9 375 101 131 125 308 334 -134 -88 81 -1071 1005 -1009 637 -381 501 -65 1182 -1771 1249 -25 717 30 410 571 -1391 534 941 -1148 -372 761 638 71 184 -722 434 -160 196 470 -436 -788 425 487
162 605 -651 1065 -661 202 398 -598 613 -735 166 866 206 -142 -55 195 736 559 -638 816 -225 114 -437 -163 -134 928 -402 -320 408 40 369 30 -98 -440 -997 583 33 -44 -704 408 -619 891 385 719 827 -393 -831 597 -492 1269 889 -822 1055 242 677 275 586 944 -1229 598 -688 720 -177 -1173 586 -1219 271 290 -612 417 -574 541 -323 342 99 -29 284 -668 -233 388 302 -72 -195 777 -687 1214 -88 97 -60 -330 -100 1233 -1390 856 425 319 -867 -680 1150 120 -79 316 -327 -60 -299 -261 31 -700 -126 587 -567 -384 -141 -450 -435 238 658 178 -300 -139
-224 342 126 -198 -1255 1002 595 103 -105 559 697 -809 453 101 -505 469 40 -579 -789 683 -348 -24 -190 260 25 -463 251 -355 110 -37 527 -866 525 1153 -1295 821 -897 -108 32 -404 35 -590 465 -267 1127 -782 851 -953 -812 307 -184 682 -738 -1238 -218 -876 393 400 858 -778 52 931 -77 216 -1083 418 295 -171 299 531 -160 -390 -100 -686 744 248 -509 612 552 -581 456 -677 519 -396 -578 -400 -83 477 347 -773 394 181 458 176 -589 241 242 -68 302 1093 -1133 111 -167 228 -954 1012 -42 14 -241 -433 764 -759 283 -942 -770 634 187 -622 1075 -211
-162 544 324 262 188 -421 -89 145 -546 369 -456 -375 761 676 -336 184 199 -280 318 -738 593 573 181 -1243 53 554 81 -887 109 548 -1195 651 -1288 782 835 -774 1157 64 -575 509 -789 329 -605 -138 819 828 -738 -669 813 -559 -731 160 1155 -496 -279 159 -607 94 -328 1063 -381 365 -92 771 665 215 -874 449 -880 548 -244 51 -283 -172 -969 411 -102 20 -25 -1400 659 776 -128 62 647 -581 99 -1374 546 -658 80 573 -407 -22 681 489 -82 -908 555 1678 -171 -556 848 273 -844 23 489 -1472 763 1261 -631 -206 -119 -292 175 58 -4 389 -798 1029
5 -442 525 -229 383 230 -59 103 535 182 -196 -666 -587 1208 -703 -452 -134 58 -62 -136 -490 179 45 576 976 -1152 395 648 -2293 265 134 258 -1007 -490 1093 -1136 108 -586 1772 -273 -374 180 -123 12 -399 835 -80 335 -140 -500 1517 -863 268 -852 -41 880 -578 -60 -801 -70 -18 -1081 -490 -520 -115 156 199 751 -138 -105 305 317 -653 1210 -1350 923 -1073 1156 511 -833 -444 -31 -351 -335 545 -698 860 -509 114 -79 101 162 800 -555 -195 -614 1076 -532 -491 193 422 -6 -388 50 -270 655 665 -216 -375 576 -693 434 223 -723 -1444 318 174 724 -298 -679
302 -634 930 -83 509 -18 -574 -106 1588 -717 -142 94 -749 583 626 519 -570 -5 -10 226 520 -63 -1017 -7 359 753 -272 176 1126 -1082 -391 -394 1407 -944 -558 391 495 -1112 -76 617 663 -351 -290 840 -457 5 23 -187 -115 441 12 1170 -435 501 -1002 130 -23 -7 -986 530 -254 849 1113 -1550 -776 1226 384 -1122 400 384 185 1043 -1058 816 949 -1075 583 -3 138 -1340 999 767 -601 342 -692 244 375 -453 -293 -450 7 -534 -28 275 629 -1477 293 1055 -77 -38 952 -247 200 -451 387 -1452 313 330 612 12 304 245 -398 655 -90 -148 735 -582 708 -200
983 -916 -104 838 -1416 1304 -1479 -198 -19 614 -608 -372 -246 442 347 189 714 -1179 315 280 847 1261 -905 564 -453 134 284 -311 568 242 28 -342 -440 129 625 -306 -156 522 -1179 -1260 976 86 -76 -92 976 -463 63 -944 375 -259 -457 -408 868 -1124 716 564 -76 -618 277 -144 -825 -569 103 934 -1206 385 -730 695 133 307 -1239 1932 -1199 -173 -159 -357 -317 369 159 -406 1509 -1621 1059 -155 -285 563 -984 810 -223 303 -710 485 312 167 -217 480 -1513 943 -1113 223 881 -933 -167 -44 -135 -204 292 -1307 1032 -305 -25 -237 370 -684 145 144 -811 256 -405 -654
65 -829 -204 575 -122 43 -549 1141 -1084 849 307 -1534 -92 -135 -501 142 773 -339 -63 -314 194 776 -408 1344 231 414 -725 990 -428 -134 -161 981 -1177 -351 198 97 1066 -1119 806 -474 -301 638 -1183 502 -392 -73 84 350 -608 944 -80 654 -1028 1090 -211 -78 698 -546 -553 28 642 -1296 -421 664 134 470 -975 1130 -130 389 -589 335 140 244 663 -486 -533 -313 -795 -201 -563 740 507 -45 16 -359 123 -639 154 -108 -1479 1304 -1537 1161 -448 -461 -182 51 -120 461 208 -92 52 1348 -1614 -430 1426 -886 1311 -629 1309 -280 -345 160 983 319 -25 399 -236 1325
-1826 927 -853 -93 967 -394 -92 -635 808 -138 305 -693 708 -238 -79 -509 -35 57 -659 266 -417 -107 -163 -84 690 -659 696 -128 140 -281 1115 -270 -102 926 -1329 285 887 -742 -279 -753 348 69 338 204 -70 829 -265 494 -1675 919 97 596 -165 -860 1113 -385 457 -398 24 1431 -520 -250 426 27 -65 -639 408 48 -580 -182 551 157 -705 17 17 1265 -915 721 -766 737 -1380 110 -683 1014 673 -758 -125 813 -1304 817 796 -1340 -274 -171 937 -589 -1111 769 -1253 2027 -711 967 -687 1116 -106 -515 551 -710 710 -255 -301 347 298 205 -815 549 -551 -207 -1505 1644
-967 155 -125 -639 737 -807 -259 -118 267 -527 365 -1184 1091 -1307 918 759 -1281 -65 -408 918 -1338 -137 -463 -875 -79 249 1076 198 -312 -237 142 1064 -644 -127 -136 -279 471 -795 398 722 -493 -415 -257 279 1151 -592 1244 -315 -270 -219 -519 913 261 -1337 1130 -955 748 167 345 -613 -570 867 -844 202 757 -441 -669 511 309 -242 -286 -452 -1321 384 -1074 555 -321 294 -918 687 -612 59 -735 -485 1285 -193 474 -529 -509 167 -601 1096 466 -1222 98 -698 1399 -939 -1066 993 -524 460 308 117 405 -555 -434 669 -180 -57 300 -442 573 -286 521 209 34 -1101 514 931
1408 502 -997 1552 -731 1115 -455 1103 -695 174 -131 -94 -757 1134 592 -159 1050 -1600 374 916 -700 371 424 -130 109 -613 -193 -55 -278 -298 247 330 -578 1165 590 -319 218 -522 -117 508 -642 412 -372 223 71 -393 415 319 -232 578 -430 67 -143 1377 -1076 65 -371 -483 694 -1071 662 -276 -1128 1552 -726 104 509 -534 201 -248 1225 122 -865 334 240 -676 962 -707 -550 1270 -74 -220 346 -865 -8 278 546 -1529 388 -457 632 -410 1068 -374 -99 -871 1184 -509 171 -428 -266 -111 432 -40 330 -513 660 -220 -132 72 274 -1182 307 570 -420 42 1412 -1418 792 -1406
-161 -785 920 -39 -301 -887 1431 -155 -169 -287 -33 548 -871 -829 873 107 32 384 -206 163 -888 1173 -908 302 575 142 351 414 -1014 1070 -616 197 -558 -388 418 -126 -13 156 -1117 431 182 10 -165 496 208 -808 756 3 -993 574 -120 601 -637 317 798 -294 754 -829 1047 -547 317 178 41 -343 88 408 -1427 1076 275 -136 -706 607 176 433 -623 -410 90 742 -23 -328 203 69 428 152 -303 -349 1038 1175 -2111 -129 78 624 384 542 29 -36 255 -865 870 -260 -366 111 -130 -969 748 -77 102 -172 259 496 88 -222 -610 -142 -729 674 -1097 651 742 -46
1032 -878 883 -657 126 -640 141 569 905 -314 -1727 472 1091 -343 -81 -109 -31 -30 -339 1162 -788 1019 -796 30 -136 86 -134 35 -462 -443 834 397 -679 463 -914 1244 -567 -497 910 -936 689 -600 776 -17 441 57 -1056 759 -248 -269 -462 -223 794 296 402 -416 581 -791 838 51 -394 -235 480 574 -194 39 695 -871 397 280 99 -358 -346 960 536 -934 -564 376 779 623 -1134 713 -164 -165 153 -678 -29 779 -925 921 -1801 -494 253 -348 1527 373 -1014 341 -218 549 222 -141 1011 -883 170 -1075 1035 -37 -1211 1282 851 -289 743 -761 612 -932 426 -497 252 155
-988 -264 854 402 -80 -403 -753 833 -1000 796 -76 -885 535 273 -617 -576 463 465 -620 870 -475 665 1025 -665 69 207 -721 786 225 -1098 354 146 883 48 249 -674 1156 -1311 263 -146 1029 124 -517 268 77 1038 -36 -394 -304 -636 691 -1032 565 -508 1046 -162 70 -940 -228 990 331 -705 -915 694 74 -430 320 -220 561 -29 -368 106 -544 235 418 -806 -583 -87 423 444 -336 -227 356 -312 -425 -651 490 26 140 615 51 -76 -579 -94 -986 641 16 420 -420 -624 716 -483 320 544 -256 306 -131 549 82 -510 47 -333 2038 -909 10 -513 331 146 -966 141
183 295 -868 -44 738 543 895 -400 410 152 500 600 -378 -2 444 92 -760 627 146 -683 215 353 243 -44 -338 613 45 683 -434 -168 -312 -148 1185 -1246 814 -262 -495 -329 345 -490 856 -722 1283 -1551 -58 944 -122 981 968 -439 872 -1069 -84 490 92 -569 888 70 -420 -1173 1193 6 -9 -842 990 -676 -864 942 -77 599 1040 -1027 393 1 650 -908 1204 -1507 199 65 -437 731 -93 381 -201 -244 -174 -243 -94 40 442 990 187 -732 200 -167 -521 -29 554 178 -357 417 -1615 484 -54 -293 -703 415 360 -15 -594 512 -1252 785 46 -647 185 1002 -1319 1123
89 -160 2284 -1568 -348 1064 24 186 228 -465 -151 440 519 180 -805 -571 375 138 150 301 -1557 852 866 -833 82 -97 -901 192 1030 152 -2446 1506 -401 -207 -714 244 270 95 -643 485 165 342 629 217 -112 -370 -245 -547 -235 357 910 -252 -752 -283 -400 -1221 711 -501 -608 527 -1298 -50 967 -351 90 -365 684 -424 667 72 -75 186 798 -1155 958 1017 -129 1439 -589 -288 -139 -160 -610 1054 -1097 130 114 -53 -522 -68 -464 -129 -397 296 -261 -1103 415 342 -102 -1009 17 1768 -583 -429 -39 -872 910 320 532 141 170 289 -240 244 100 -354 97 -15 -764 430
-1068 -292 170 874 -1138 582 -504 302 -818 912 -645 539 -197 -563 671 343 63 -724 -154 299 -592 -961 374 -47 370 472 579 -1690 -257 1037 -1052 1097 -295 -803 -161 -237 -229 -1133 59 588 59 -1089 1058 -1128 97 657 -572 449 -267 -953 1133 660 802 -134 -829 1250 -451 419 351 -29 -975 -317 366 452 -255 -240 -929 316 23 61 -504 30 638 -1167 707 -1222 432 471 527 415 1 499 411 -392 -48 -310 -322 -719 -926 -84 -236 -77 1007 -110 -42 -627 -642 -39 666 633 -773 161 -470 258 371 -479 -461 -295 -474 1246 123 -63 631 65 262 152 -21 693 -40 -455
-50 -318 -455 142 148 403 -455 -44 -420 654 -446 483 750 -1480 467 -319 485 -86 -242 607 -81 -214 740 -145 -1002 299 -536 431 -317 287 387 -130 1544 50 -874 499 135 -7 -807 -414 70 -181 -328 -300 76 370 -86 -711 661 -646 -180 -115 111 -420 -67 -154 -13 -557 1035 461 -414 189 83 -404 284 59 1100 -907 1015 -1413 -187 -1166 978 -640 -336 -144 523 -1125 -115 -380 257 -310 654 371 442 388 290 -391 1106 -158 -116 -1011 -1339 686 1563 -1336 -388 21 714 83 -238 1504 -613 -106 -825 732 1157 -1160 -395 -11 -1760 216 1326 -1138 201 217 -938 -233 1205 -465
378 -886 -409 278 -65 407 -512 312 56 10 423 -53 243 263 -1326 297 -5 667 -1177 317 78 -791 196 1310 394 -229 -650 41 -811 133 -825 -1020 463 29 269 17 81 148 555 158 51 668 -652 -808 -31 1299 558 -1012 544 135 760 -512 699 75 -945 -82 1024 -283 -1228 863 -748 1378 -596 677 306 5 -246 1052 524 -55 1030 -1037 -532 741 2 -169 973 -411 789 86 114 -652 271 -843 828 -205 1292 -1824 686 93 952 139 -1016 935 -8 -718 130 153 -920 89 -373 215 274 323 227 -371 -360 834 722 204 7 -896 395 -1202 810 -400 60 -320 -627 503
970 -263 -542 -407 429 -111 620 -176 -641 -87 886 165 -344 -935 692 -458 -818 -489 557 -38 -103 455 -485 -227 1226 -188 234 540 945 898 -507 -231 189 -420 -930 -397 137 504 -449 -763 1047 542 -387 -367 668 -398 555 286 -490 709 -515 -320 1152 25 362 -1025 -730 923 55 -479 -441 374 -1118 359 -889 29 -300 -204 -87 -853 1353 20 129 59 761 -830 -162 -101 670 -749 -165 226 704 -753 -182 -1132 644 -112 150 120 39 -41 -300 540 -446 78 1042 -33 -76 523 -878 684 -766 190 1163 -861 89 -563 140 274 548 195 -384 -174 155 221 -1129 -125 592 252
-939 1137 30 610 -776 930 755 568 309 -528 321 -121 1122 367 -551 438 -920 -539 710 -969 640 -1 -854 910 -73 358 -438 -681 181 1535 -260 469 -974 1552 -1018 -62 -868 286 -139 643 -1584 465 534 -946 271 -216 -343 478 253 -408 -37 -227 -520 -764 1172 827 242 -1167 477 -580 381 -10 905 -649 601 -743 477 -15 1198 -988 -384 -556 89 -473 -302 824 -201 1069 -828 189 -251 -962 526 81 450 -115 -264 -636 -410 539 -205 -280 -396 677 119 -781 240 85 342 211 494 662 -1004 -269 -841 1611 -1126 -488 -565 264 -30 -328 1906 -967 62 177 -347 631 116 369
292 -1378 102 401 -1108 530 -306 -1071 773 22 -53 -1703 362 665 231 -659 -169 164 -549 965 -11 -254 -261 -20 -894 520 319 -143 -652 421 344 248 -92 1035 97 692 476 -230 -635 -762 395 -355 -868 791 -708 219 -164 -273 -226 -382 273 183 -341 348 -97 -272 1361 -193 -786 941 -339 -506 -100 112 161 502 -993 136 1230 -428 370 28 5 -908 156 -217 -664 1368 339 90 -26 419 -707 219 -993 869 1182 -716 905 -470 636 -586 4 -314 122 78 891 -1190 1110 -883 308 287 723 -45 -235 -540 1522 -895 -756 -189 135 -331 783 -306 436 -1171 148 -224 435 213
952 -694 -193 226 -776 1243 481 -967 672 -529 1174 -782 772 -1220 1071 246 -683 523 402 -1041 389 330 -327 -342 -486 -285 -938 -235 -377 -34 248 150 -431 -227 -167 387 7 -224 1960 -1046 674 -266 371 -308 -63 -174 311 242 -789 194 5 -864 750 -1631 682 -1 -473 -448 636 -1060 563 268 -1199 231 -519 -401 783 -838 899 324 980 437 -1096 533 451 -614 656 -192 -372 1187 -1009 127 -36 133 187 -941 -245 815 -1337 -303 1115 253 -1248 243 1008 -1395 -566 322 437 -127 59 429 -1191 1043 78 -301 505 679 -1145 660 -1216 465 179 496 499 253 -970 255 -12 -181
127 -532 -917 480 128 -1049 288 -585 1136 24 -8 404 87 135 -637 686 -241 -31 -174 328 570 7 -260 601 -300 892 -485 -74 420 -3 944 -734 853 1067 -442 -1371 1419 -1034 367 560 428 -3 118 154 -608 590 109 946 -380 -128 61 86 530 133 19 30 973 -1309 -321 889 377 222 -85 38 649 -341 -77 387 -741 458 56 642 -559 -425 -100 -439 -695 1016 -146 -210 344 -468 -766 -406 711 -733 347 438 -287 106 -27 -642 476 -628 1030 -301 291 -615 63 -416 -775 1695 -1644 452 -243 270 644 607 -156 -605 1147 -326 -281 -359 360 289 -110 -439 -87 89
1363 501 -793 789 -120 -349 240 -1187 -349 393 136 591 626 -328 188 561 -441 897 -80 -768 876 134 -1009 940 187 -260 404 -936 -540 -109 950 -718 -115 202 1111 -468 -1442 264 -351 462 -516 542 -704 -161 -251 -764 289 799 -855 511 -305 147 455 77 325 -1451 517 571 -1331 304 -368 1170 -399 376 1208 -832 139 -599 485 194 47 239 -446 -297 -357 973 -1585 -316 1634 -698 526 -100 262 -307 407 -818 -411 557 -56 296 498 814 -1005 261 -1890 401 -100 181 1236 -847 366 -910 538 -289 -13 297 -639 192 821 -92 63 342 -562 1210 -173 -648 -58 1589 -828 -183
241 -335 -172 -56 62 360 -668 557 486 -753 -448 -915 558 -992 -131 1591 -332 -145 -371 1038 -913 106 -523 178 215 -644 715 148 -696 -548 395 -237 -522 94 -1072 351 89 527 -248 653 -70 897 77 -407 -24 -446 806 -1525 334 177 -753 156 60 681 48 156 -124 -135 -549 783 -529 -67 -369 -813 630 34 -290 -143 948 -1292 1555 -843 1077 -212 -58 733 -802 -219 -374 1284 -93 615 -477 -343 330 177 358 -235 -143 -665 435 991 186 763 61 -1692 876 -1104 427 -414 -149 172 -782 342 8 -281 -259 -9 -898 679 709 -1468 297 -598 846 621 -533 228 64 -117
1067 -875 -821 580 -243 -869 64 -786 673 608 -278 262 -541 -718 -474 604 135 308 -515 394 352 -41 135 -452 -686 -260 -276 464 -85 -1318 -58 1509 -515 -602 706 -82 -1441 1271 -169 -363 745 -257 -71 334 -379 164 751 -720 237 60 -389 -733 -94 291 -405 601 592 -504 -22 -877 -58 -502 679 -411 -688 638 409 -342 -352 511 28 178 217 274 -621 570 288 -676 -118 194 -551 235 1013 -956 213 -720 -356 823 -404 127 -1236 -758 996 -485 514 -130 189 1207 -262 265 -400 531 -248 -995 426 357 -612 153 308 38 -361 506 -91 142 -543 64 180 24 -725 742
780 1718 -1515 -222 425 694 -432 427 -693 758 -80 -162 -171 -405 -1232 -487 707 174 -64 -1825 952 32 779 -774 361 369 -388 303 486 -427 -1168 143 1122 -1051 -484 -1084 1016 -958 215 -241 -630 227 -20 754 693 -44 -658 536 -725 297 514 -434 -1561 -58 -1039 246 -5 -1012 1465 -569 -775 -230 241 184 -534 -854 -183 392 379 -73 -1070 162 104 -1126 829 -192 -289 -433 396 270 -93 -240 1033 -851 145 -120 670 -295 218 665 525 -53 -947 535 374 110 -396 788 -623 1238 -611 804 200 284 -578 818 -231 141 660 587 -794 -118 151 -744 91 -59 -152 -583 -759 620
392 177 738 -1022 345 -1047 -410 1022 -1361 594 372 -296 398 -1594 901 -360 578 -313 483 774 -648 451 225 549 -815 199 781 -366 -718 319 -451 672 -1164 627 -331 448 98 -653 39 334 -396 -446 -1373 -458 208 292 -596 807 558 -207 648 813 203 640 -1761 1212 -779 513 196 540 -314 -337 784 -187 1116 -321 66 -136 427 866 301 -1582 744 374 73 -488 299 -498 128 -348 72 -262 255 670 569 -273 -106 423 191 65 -468 292 323 -716 1115 -712 -976 1724 -1691 224 280 485 -859 98 136 -1370 387 -818 784 407 1030 -798 1320 -719 416 623 564 151 -404 163
658 26 287 393 337 -535 1190 -1431 324 175 -823 1115 25 -413 -805 193 762 -485 -449 -234 430 -9 -317 1082 87 -474 225 1197 -560 41 234 -622 309 -1031 -135 260 183 -244 1021 -383 -286 78 271 23 -220 -425 -47 -270 82 -163 -530 -82 671 -452 -250 -202 -137 70 -165 -1553 259 487 -155 22 -486 690 751 -2067 318 -415 923 600 -2421 1170 386 44 -90 40 -477 433 -90 -593 -28 -535 397 324 -888 -542 166 493 69 -535 468 -954 261 1253 -903 -800 20 -40 370 -84 592 -123 453 757 -336 -357 250 -988 -928 1450 -85 392 87 378 -361 160 653 -586
319 -949 768 -90 126 433 -592 -195 75 -40 -2 -196 752 -797 211 -28 924 1141 -509 -467 -699 1298 -892 457 855 -1005 60 -122 -237 285 509 -42 706 19 -170 -386 -292 -155 24 -26 1411 -1141 -37 904 141 -135 769 -384 1135 -922 1150 -118 -252 -763 89 1192 -358 797 -162 -53 350 -452 -406 613 -1334 -47 722 162 526 -1423 720 1291 -1034 -299 -174 89 -396 960 -588 -927 465 -411 -671 55 1304 -29 458 -505 -154 792 -901 577 518 416 90 -481 280 15 205 31 -977 505 -47 -928 1139 -422 -598 570 152 485 -857 -279 79 134 -528 109 -508 405 -47 -1492
-592 358 94 -138 370 -210 260 461 189 -246 -144 -202 95 -18 -428 -859 -101 1570 31 114 -548 -514 509 630 -1078 896 -479 -147 119 -474 -527 -476 679 -511 1751 -1699 1060 218 -1159 40 -994 988 -310 -150 -359 329 -423 -448 -208 1088 -901 413 582 -584 57 52 840 220 -80 -387 873 -771 -144 240 502 -234 88 52 485 110 -323 682 -667 221 -229 327 -386 609 -318 900 -264 1027 -586 -262 -846 41 156 -157 -231 -534 213 -687 958 -319 241 316 -953 496 -487 434 580 -1229 -148 151 663 -337 -353 69 690 -314 1134 -192 -1470 1161 -390 -44 526 -1033 295 -118
42 -957 -645 769 -1154 -504 -399 -460 145 728 -96 -50 388 539 -939 -75 -410 320 -200 571 -53 -829 446 582 -273 332 731 -207 570 -124 371 -172 358 -418 1262 -395 16 993 163 -1162 501 170 293 -361 828 -122 774 -477 385 206 -327 518 97 -969 762 -425 -309 -514 -803 1415 -615 1386 -599 -1229 395 -89 625 678 -95 -883 1198 -689 701 -236 -713 127 35 -48 -817 750 239 -789 265 19 -195 950 -350 371 253 30 -963 -830 711 -144 284 -580 -445 57 153 -816 196 60 -17 -62 380 -145 0 -171 -220 227 308 157 -291 845 112 -615 1029 -811 -635 -630
26 735 575 158 257 -349 -300 -293 -14 -25 -73 -602 -539 1061 377 -341 -669 791 -669 1012 53 977 -761 528 868 -634 52 642 -319 344 139 -475 -890 -42 1248 37 -879 238 -405 -226 313 -445 476 182 -1013 1081 -964 518 -33 -668 -42 217 99 -81 233 129 733 -543 -325 -457 60 -52 313 656 -1072 693 -692 -1333 2156 -71 -130 83 -1358 1917 -1193 456 -247 -587 1156 153 361 -635 855 -666 -723 310 -315 -31 -362 1695 -510 -66 -341 661 178 106 472 -978 1262 77 218 -1066 -158 -96 135 -563 154 300 -431 244 13 -287 -825 56 485 421 -277 915 877 -939
112 -208 -866 -296 -595 1209 -1132 850 -399 839 79 234 -1388 298 257 -118 689 -259 -912 304 -61 295 -169 -396 320 -214 651 -883 504 -134 375 -6 -308 -874 537 502 -349 126 -879 268 -389 -125 -551 65 -488 1269 -619 554 -222 -318 -137 540 -9 -672 530 -707 387 -267 111 213 -21 -1008 -88 -284 -248 175 120 -434 -236 55 302 -756 776 -320 -261 99 -392 202 -474 910 -906 606 133 -235 -318 -28 409 -723 -161 -1216 153 285 -1624 540 921 -1041 -967 1025 -1219 1293 369 -560 96 540 -294 -742 -237 -534 400 660 100 -995 -62 -336 930 -606 -770 758 -636 645
510 907 465 -779 -1075 722 -908 -230 -76 71 -1120 607 -482 126 -313 -117 62 260 386 -394 417 -803 862 957 -826 -259 801 565 -1010 682 276 923 -1110 173 -119 315 629 -1047 57 -404 78 361 377 -616 -184 -273 1214 273 171 354 -816 -1130 1181 -94 224 539 -345 -931 438 420 -191 209 -389 239 76 -208 -108 -792 798 -492 266 -312 -228 673 -715 462 933 -96 -999 -58 885 69 -908 717 -560 20 -38 810 231 316 -543 -376 348 -683 -420 1919 -865 -150 -472 -326 496 431 -1147 1091 58 -547 729 -704 3 -836 1222 1329 -1231 44 508 469 -282 203 594 -822
294 950 -233 144 664 -611 468 -106 377 709 -742 -150 -225 713 -1110 -275 642 -953 1090 -356 647 389 -1468 547 831 -90 -120 -203 525 195 -961 784 385 544 -992 290 -437 1190 -468 -34 -367 449 -100 264 657 -1545 -86 174 410 624 -398 -553 -37 -613 305 -990 -129 934 -1023 986 -66 -260 1655 485 -583 507 821 613 -325 1285 -1950 1414 223 -287 -193 -244 757 -443 -199 137 -648 681 -819 307 528 -98 -689 205 -390 532 -358 610 -1350 1591 -1153 390 -654 998 237 -187 -343 -849 93 -362 86 222 60 -377 -10 -44 68 722 -218 411 -859 269 -620 -302 398 405
-535 -166 1406 -1297 591 1229 -944 195 523 -88 808 -277 5 1089 -455 236 -199 -156 -112 -43 307 844 -662 -565 -348 -553 -118 671 242 -68 -462 -439 -311 633 -31 293 -512 243 -357 -1274 1582 -132 -432 515 -272 317 -545 792 -1361 1110 -700 -653 671 -527 949 -138 -583 554 -363 -20 -261 -687 676 953 -1397 495 310 -202 -631 1285 -237 -701 557 271 -153 -531 1086 -188 -379 -579 179 -207 63 -97 173 86 484 -302 -278 206 431 -505 387 -502 662 611 -785 -167 418 550 -1395 898 -1203 1139 -487 -163 -198 132 -99 -676 109 72 -427 296 679 -214 -867 360 -245 186
-314 -529 18 501 -1081 -168 481 -112 -349 54 666 -332 321 -73 497 -742 -732 107 103 -1018 560 183 -363 539 -543 644 -541 -793 626 -189 1287 -891 -781 1007 -220 85 1553 -216 364 -424 95 100 -112 183 753 -213 372 -345 485 647 79 -137 587 312 -427 10 -17 -205 1090 344 -1198 317 158 -809 -238 437 -538 -4 -403 -375 -209 573 -250 -494 1314 245 -374 78 547 -56 280 243 -856 -500 581 46 999 73 -220 -519 319 1124 -1611 249 -255 172 -791 994 -271 869 -627 248 241 -111 979 -663 217 266 -284 -309 -644 1912 -1294 723 -247 486 -155 445 -484 646
-67 -762 -415 670 -96 -345 106 -262 -1722 378 1095 -96 -779 344 157 720 -921 -849 611 -1057 132 325 137 42 -147 640 -709 370 141 -875 216 1111 35 -924 -802 545 -479 -91 273 653 -235 -448 690 158 -394 681 -15 -555 1150 -1368 1712 -467 -189 1105 213 1101 -736 -588 290 -559 342 -55 -389 657 -1616 -204 1268 -95 231 -149 -161 134 -371 177 -363 206 -223 224 -835 -79 1033 470 570 -777 62 242 -130 5 -640 -184 -131 -239 413 -481 -13 -249 608 -206 -359 157 120 -830 -391 52 -200 622 433 2 735 -728 -713 -40 -120 242 -889 1206 -778 -588 181 -719
-522 1039 -1271 -10 891 -449 221 1102 -1766 176 22 1414 -433 46 258 235 1083 -222 588 -706 -774 -277 -2 -626 -216 986 -704 944 -1009 -66 -671 402 -69 832 72 48 -866 -325 -495 1483 -421 345 -172 1 -1110 1283 745 -1243 -90 357 -756 33 -107 -791 502 -757 -571 547 -152 -259 780 939 -885 815 -273 303 -666 1055 -1258 770 -815 -789 140 174 495 -1535 589 -367 387 -1309 1368 -951 1328 -110 -307 702 -480 244 439 -10 728 14 -577 766 422 -585 -349 -926 902 882 -471 753 -351 0 -485 -830 123 82 1180 101 703 -532 559 101 539 -195 1033 64 -1152 -225
-250 856 151 -964 578 -506 36 232 -165 -536 2 324 -552 -40 67 -572 -173 1116 1278 -410 346 -100 83 -248 -509 -1052 916 1055 691 -21 838 232 243 53 59 760 -213 -180 102 -768 196 -518 937 76 -310 -392 583 562 -1012 -247 396 137 402 -562 160 44 -556 -262 -66 -396 146 -92 206 -499 453 292 -301 451 1014 -909 229 757 -421 139 570 -215 869 -66 -1342 469 -198 386 372 312 -427 345 1167 279 -1147 955 112 -348 233 356 -55 381 1357 -1077 -533 1004 -801 865 -339 21 703 714 88 -588 524 -816 -106 87 -608 -681 871 -125 -164 116 592 -721
407 -1187 223 465 338 -1549 974 -397 -48 1342 -13 321 400 -1003 1087 -1229 37 -732 156 30 733 -592 854 -439 742 643 -1414 -562 -27 -497 609 -1018 591 -598 -175 -492 899 -994 -279 1389 483 -1285 -73 -3 437 520 -504 418 304 210 -992 150 -542 75 1337 -454 -1086 528 -122 -529 601 -500 565 -164 104 -214 360 -578 -238 -72 -148 -1038 722 -364 518 206 -671 -298 139 196 -267 -154 -300 286 -782 779 -189 -117 293 530 273 -277 -341 -821 267 -1045 685 -152 253 -222 -144 196 -139 -461 -187 -906 795 -274 330 644 -179 -94 115 77 -789 37 526 608 -1780 1391
-958 474 -353 134 376 -641 -561 370 -728 854 -220 433 1394 1 -1048 495 -1060 835 -299 -331 -268 -1181 1591 -935 41 -54 930 433 720 373 -518 94 190 -18 -535 526 -226 333 -494 -321 47 49 -358 -605 -314 507 -52 436 -1001 1457 -48 51 -551 -223 -270 1085 -385 -188 905 -295 -773 693 -158 -290 501 -854 1082 -906 49 275 41 -1348 208 -603 -10 1398 -471 -832 -237 -163 70 30 -971 320 -900 -218 134 -233 -815 641 -365 369 480 -423 754 -825 1407 21 209 -124 -213 -657 78 -222 -936 613 -421 -600 475 -31 387 -136 -383 76 -1157 -141 226 -6 -246 435
219 -1190 1179 43 612 -275 -39 -724 -291 -46 -1049 683 307 255 -309 488 -913 -1205 481 -123 828 -528 1303 -397 -199 -80 -32 -785 397 226 994 -714 -292 1156 -641 918 -1230 -153 421 -835 293 -769 392 -281 -123 25 -757 -155 -44 -444 1254 -802 913 122 -1128 577 -531 233 -202 244 -523 225 137 1083 -948 52 366 -488 -106 -189 1278 -1226 739 -582 -529 56 659 198 59 333 -202 -259 320 373 2 -378 425 68 -805 -142 -127 238 -1302 1167 -1178 -240 612 -382 548 54 528 -158 325 248 -1265 551 -693 530 -299 -895 255 1188 -119 572 -43 -85 -260 15 489 445
-488 -1681 10 -54 1006 164 86 416 161 1068 -1467 326 148 -533 -155 171 -74 365 -610 55 -657 219 2073 -1125 999 -1018 745 276 -489 -299 -215 -132 -476 -1055 1081 729 -943 823 1051 -1102 -124 205 -264 401 -183 -698 1639 -524 -597 -390 -634 -281 606 -468 -169 -69 -339 85 -374 475 -256 -865 -640 1753 -256 -463 -25 -242 -133 -1059 1246 -535 -52 151 -29 -259 18 -610 -271 172 1120 -1813 -67 -420 153 -33 423 412 -979 44 -737 940 -1249 537 -77 -539 236 50 -413 319 -271 333 -1073 -79 619 309 -77 924 44 -654 357 -202 996 97 -197 -631 465 141 47 -625
1025 -762 -932 -317 201 171 -261 711 29 749 -9 -447 357 930 -282 -1115 503 -913 103 705 -1256 -98 4 -180 265 -473 294 895 -8 429 -275 113 -109 -626 -226 -89 -1313 203 -55 523 -1204 -208 -76 532 26 -1040 323 589 -436 -70 387 -941 999 219 864 -580 191 730 -18 170 800 254 -1573 849 -215 -33 385 4 -408 350 219 903 -584 911 -1005 1255 -1381 1228 -1187 -22 606 244 -137 689 -317 -672 597 -1082 526 -427 -85 -984 -264 -28 -45 241 -707 783 -716 -217 383 -134 1173 -1015 -271 -355 316 277 1576 -1118 211 -158 -294 409 303 -521 -247 -441 -222 993
317 376 -665 -142 -263 718 -119 -414 354 98 497 466 -1667 832 141 673 -1160 1231 -1331 26 -282 307 513 -1451 656 -825 131 273 -312 315 840 -465 820 476 -402 641 317 -154 713 458 -55 -764 -37 -528 877 -499 -14 -139 335 213 -578 -513 -208 -341 400 -464 -155 214 24 -539 213 -95 529 584 -444 -444 256 -991 550 -881 437 -481 -21 334 -539 972 86 160 -299 -449 220 57 -742 9 863 371 191 110 -622 453 650 125 -630 980 340 -569 473 -106 17 425 -470 -433 -236 -428 -667 1702 -615 -1092 509 -115 -93 1307 -971 -896 -29 224 432 -82 -795 950
282 -263 -164 -255 -958 715 -1072 1056 -361 762 -539 696 255 -543 452 244 -511 502 641 -817 356 511 -569 362 -699 597 -786 48 -191 -177 -224 -18 -438 377 -777 496 -910 -77 79 -295 903 203 -628 155 -63 -19 353 -153 -362 -420 550 565 -897 -473 214 -159 -81 160 87 887 -1355 660 566 -390 189 -170 354 27 -733 516 -293 582 -34 -357 -59 -302 424 -240 238 -554 -12 -378 -234 -238 -580 520 -357 262 246 581 -509 -643 -52 0 653 -255 417 -878 634 -530 410 169 -66 362 -381 -813 1632 -69 1340 -1444 -62 208 400 675 -255 943 -1190 304 110 595
1060 -434 133 650 -980 -542 697 -1205 -460 240 9 574 93 -126 -284 1175 -765 1458 -638 -492 618 237 -320 1059 -1098 1146 583 109 -456 -160 274 -48 -646 647 -798 -128 -651 1023 240 -986 188 385 319 215 -441 897 -423 5 55 -791 142 402 -758 -64 -449 -918 -692 1430 -656 -689 369 636 190 359 256 -940 333 528 89 -985 -239 764 -281 142 381 -1109 791 -98 778 -139 -1191 528 -108 -343 623 -242 -602 614 175 -96 181 -127 -253 111 -577 774 39 732 -589 -425 351 168 130 598 -321 -272 -502 1274 539 114 73 -1577 975 -153 273 -860 788 -432 -387 -691
1077 -82 104 357 797 76 480 842 -173 -81 -429 36 -790 1051 -851 -587 507 389 598 -221 -979 -464 931 -667 -374 -943 716 470 312 401 462 372 424 211 -134 -539 342 -235 -23 -175 363 -665 -146 393 425 -329 1122 -639 754 -700 -138 356 -218 520 -825 1219 -700 -194 2318 -1726 -508 305 -212 546 -50 724 -684 56 1416 -1037 236 346 -729 -405 63 538 -379 1196 -724 1004 -808 -1219 832 -99 -984 573 1338 -1427 651 1139 -860 351 -1122 1600 -991 -436 47 952 61 -1069 -46 -10 333 37 988 675 -609 -71 -30 -104 840 -1880 721 -677 243 -141 567 -591 -115 432
-115 101 200 1067 -1403 913 -1436 -179 902 -565 1267 -271 -122 19 643 -1398 -539 950 143 435 4 -207 861 -196 269 -40 6 -432 -895 287 -468 633 -137 1058 -370 -46 620 265 80 -248 243 338 -1006 136 109 56 -581 949 -261 981 -1061 656 -1309 274 -224 -321 399 105 755 -193 287 689 -622 -545 793 -747 21 133 -60 663 -155 104 332 -314 -211 -793 219 415 611 181 -519 -190 -677 126 165 -762 455 218 -966 722 -171 245 -1167 53 113 489 172 -625 -126 341 -34 -671 454 595 -605 -461 1760 -600 928 10 -554 -610 924 765 -870 -186 982 -629 -585 -130
-670 -216 579 -716 375 146 274 12 -450 1110 -951 -177 1312 -1438 805 -309 -27 -54 -464 481 -56 584 -380 -416 -208 345 759 -331 638 -686 873 280 -971 372 -606 216 368 -146 226 -232 -177 -176 -611 367 -857 -674 1467 -808 -545 868 390 -95 420 -56 -634 788 -137 934 414 -202 271 559 -150 -1020 47 603 -518 217 -250 109 54 -921 494 124 1367 -1384 -281 118 -382 -177 97 -282 -891 -708 125 285 595 -608 498 -220 471 298 -191 794 -791 27 897 -630 1065 -1468 799 -686 1097 -160 -49 1094 192 83 -174 464 79 197 -503 -139 66 289 658 -13 903 -476
-901 658 -292 -103 1372 -1214 -284 291 448 -647 266 573 141 1164 -105 -506 -329 -364 336 -1726 446 1329 -58 244 -576 838 -782 492 357 -1676 936 644 -666 359 -1023 -647 51 -427 1330 -637 1368 -584 -62 156 367 -691 -10 264 -255 -236 307 -476 -796 98 -652 158 -494 206 928 -932 180 -28 761 -913 135 -135 312 -18 293 253 414 -330 -63 -656 52 649 157 255 53 463 511 -66 73 -31 -952 106 -578 148 -313 179 -171 73 -341 -412 399 401 -271 434 -367 -206 -543 561 -1326 -634 -146 284 -142 -643 1154 -764 -382 -349 290 274 -602 -838 466 23 -878 1131
-108 509 294 63 466 743 -793 431 -655 640 -1395 -297 451 116 14 1136 724 750 233 -650 -495 -713 -403 368 -960 292 195 -1240 290 -268 -216 6 459 -599 613 128 8 -660 1190 -934 -627 199 455 -352 88 1074 -2486 574 454 -297 1470 -474 230 -931 -44 287 145 -107 189 -387 859 -313 613 -430 273 -273 71 -1222 641 110 662 -642 621 471 -316 -301 -381 -612 -176 103 513 103 47 -264 1260 -1053 820 -546 -911 257 -329 -360 770 -206 -328 -24 17 352 -611 -534 1515 -391 -48 -709 418 -631 979 -585 798 183 -791 253 -231 -483 -36 -701 1548 -1052 410 -840
-416 -440 -101 -484 344 -504 529 757 -1548 1120 -319 -343 376 -576 -714 275 -496 -408 190 1031 126 -161 -353 -998 616 -330 346 727 -474 401 70 191 66 -12 1013 -561 573 -819 -253 1250 -502 -664 -70 231 -274 56 757 -566 -682 -494 684 271 220 192 -549 -765 156 884 52 -359 -335 273 25 648 -438 594 35 343 -411 30 -571 436 191 91 353 -296 154 -116 -475 -356 -268 316 435 -563 1162 -1122 1457 869 82 -755 618 -669 722 -720 700 274 377 -838 1397 -576 36 701 -18 -661 807 -119 -8 1256 -362 120 107 -127 8 661 502 -1068 759 -362 -962 476
2009 -556 503 104 1355 -778 -200 1094 -41 -524 544 -643 1194 -333 108 -1522 996 -512 776 -598 -114 1685 -592 -923 308 -724 -164 324 26 -786 255 1056 221 -444 100 -440 962 -8 6 759 -1249 709 98 107 -115 -85 -244 720 -228 -272 -146 -125 -831 672 823 -19 -998 472 -79 481 -417 627 -941 -1 489 53 -574 -935 731 -634 -262 -130 606 176 -96 259 18 136 1271 -647 188 -623 520 166 -654 51 -880 1416 -783 645 103 -456 236 318 -561 232 29 56 103 405 656 118 -320 403 -265 -40 -230 211 783 -675 64 -747 -20 301 -1373 124 945 -196 -498 366
-438 -248 -233 -710 1015 -203 305 114 440 -288 46 -141 562 -717 937 -419 -258 581 -200 -311 386 399 -468 1487 -806 332 328 -49 6 1 -1152 469 340 354 277 575 -2379 -36 18 331 176 -665 624 -782 -688 1779 -18 -675 676 658 300 -110 -230 284 -225 579 151 -143 -1137 406 337 -408 -205 475 -94 50 870 299 353 32 242 -990 244 -24 134 -723 -101 692 -110 -264 328 625 -658 78 1045 -702 -148 -352 508 468 -332 79 357 -449 -157 891 -1040 84 124 -547 469 -4 -138 230 1050 329 -573 241 362 881 -638 2044 -1356 285 957 464 -608 983 -659 750
978 97 181 -247 -490 -768 170 -461 1179 -964 411 1072 -542 -34 752 -475 -898 335 -444 847 -1203 290 -816 -175 831 -1010 1293 -922 573 -177 462 -27 -1064 440 337 1312 -183 -86 -7 -473 -655 1003 -571 802 -514 -706 853 -84 -936 1224 166 187 295 -481 386 147 69 655 -51 -63 -360 -889 375 -301 626 532 -898 686 -75 545 328 -193 -162 -281 2 -62 -310 -755 1138 -405 169 504 -554 259 504 600 74 -74 -742 -252 339 -480 559 1087 -444 265 -628 761 -1061 118 -936 339 -864 -109 -316 532 107 595 -488 -363 -156 -310 -166 -330 -271 498 712 -1102 842 180
-571 277 -238 301 -892 441 -663 -84 836 -1202 165 72 -309 44 -887 -78 2052 -897 -522 1623 -230 -918 188 736 -357 -499 -188 549 -1771 777 -108 642 -498 705 -827 -131 502 -26 549 515 -661 -578 209 149 433 -184 -96 -457 517 -922 359 32 -370 -191 -368 -1102 1198 -668 237 479 -682 -1139 753 -1149 42 339 -215 -1097 87 519 336 -395 171 -306 -300 -527 -174 -428 -277 -108 -150 -35 658 -417 -59 -1426 -430 1058 13 377 -424 -762 -747 -47 -440 651 -479 -121 542 71 -114 310 -810 366 -659 -796 182 -828 1295 704 -558 221 201 648 538 -1769 1719 -27 -484 -79
-601 580 -558 1830 -1733 -396 862 -557 63 911 -270 -612 932 928 -518 350 220 -85 -239 1291 953 -701 -1192 507 51 359 71 -285 -124 -948 654 -181 -120 5 123 217 -542 -473 307 93 -134 -1126 620 832 -859 658 673 -955 233 -1576 199 559 214 -765 -317 915 -922 228 -60 725 -625 767 -82 -191 556 -223 639 80 -540 8 -279 -121 551 -610 673 758 -687 632 -287 -851 -116 -157 -328 685 693 -478 -850 447 -565 -117 -1006 1429 169 -7 100 86 -249 8 -449 96 -266 5 -356 116 945 -337 523 -568 -294 144 -592 -366 -586 984 -274 -251 435 -518 888 -378
498 -640 405 -650 937 751 -1524 457 833 602 -451 -407 -589 -490 56 -89 158 623 -710 -373 486 646 -604 -289 355 50 -109 -66 150 -1088 783 171 -199 64 -275 696 350 -885 990 -366 -786 798 -938 189 962 -154 466 414 24 -26 -616 -121 -91 -702 32 -46 58 -357 131 -602 794 -1395 273 -287 -947 100 40 299 -560 600 -262 1115 649 -1618 734 324 132 137 877 -428 -262 -254 300 -710 -30 -1 -260 555 -590 729 -371 -1494 -923 793 -777 -560 -589 1256 -538 -672 1364 67 -296 -29 -627 2210 -1577 1290 -327 -754 257 -102 -1345 748 -119 15 756 -970 178 626
-276 235 -841 376 -1580 614 -252 873 -1139 345 565 279 748 -1052 130 564 -467 -679 199 -247 -160 896 -844 -1074 649 -174 -87 1284 -1095 1103 -410 693 143 -140 -822 660 -1066 -382 239 -84 179 -377 -407 -777 650 -426 115 -514 721 -102 -552 286 -574 387 -177 -394 1719 -1789 -710 135 116 602 304 -442 -101 420 -201 -295 -784 -118 -671 596 1013 -1240 -176 935 -579 -419 270 410 -188 569 250 -388 1371 -640 471 -108 686 400 -144 -105 484 824 -475 1459 -1137 933 807 -903 329 239 64 -400 -799 1205 -181 -144 832 -896 -1129 982 -285 -1334 -252 -512 519 2 142 -615
1320 -434 601 -575 888 17 -563 222 -110 -1739 917 -1103 108 -38 -457 93 1603 -959 -845 501 -247 -1047 1389 -1778 509 -810 -1172 -152 1391 -1048 -512 981 82 426 -302 839 322 -866 849 -98 468 -59 -196 332 537 379 -608 791 162 -402 1554 -1153 -64 -675 691 -1520 794 532 -219 381 -1287 354 -572 656 -73 1121 139 -928 426 -271 -931 120 1159 -465 -33 14 -500 -188 -492 143 -791 566 -824 -57 -335 169 536 208 -465 958 -967 738 -1588 517 -134 -99 -228 411 -274 625 285 -314 -117 41 -452 -436 289 33 -62 572 -214 429 55 744 -1097 -17 -242 22 -178 -122
375 -116 608 57 -1451 387 473 -35 555 -759 -417 470 -760 -311 930 -445 1180 597 -1010 -238 1416 -1411 809 239 185 79 47 -876 5 1343 -217 -959 423 357 -561 -45 -323 667 -195 -629 1034 -451 -803 538 441 -1382 161 573 521 -1558 832 -464 1159 -127 269 -828 117 -334 645 754 -153 434 -734 602 -581 271 447 1420 -1109 1058 -194 8 -1038 1245 -381 117 660 -763 195 -226 207 652 -449 -190 1202 -678 954 -622 -238 100 590 -455 -534 223 -1239 780 -575 206 326 -21 -644 1321 -149 972 -435 -700 1164 -246 -431 -848 -205 359 769 -1032 770 13 -360 -230 595 -1949
800 -298 89 1071 -308 -408 856 -26 529 457 268 554 -1014 -318 -532 924 898 -746 222 127 1199 -446 64 -203 -20 573 -1319 480 -1119 -34 1614 338 408 -1290 43 570 641 -249 -442 628 -33 -263 245 -626 845 -466 -25 489 427 -82 -834 679 -847 -495 -216 -564 765 -1156 -153 608 -965 -16 -234 651 -518 654 -884 -525 1219 -841 206 -549 1089 -647 627 -1713 1092 -33 -582 -946 -222 -106 -715 527 -1790 1867 -1181 1073 -347 -860 806 155 308 116 633 -951 201 -65 -746 796 365 -1683 155 324 1188 892 -1358 1309 180 565 -1057 -85 -299 401 524 -826 2 858 0 -402
876 -814 -663 1408 -1089 57 -711 -103 518 -287 325 623 -126 291 -946 -324 186 99 -523 -232 923 377 17 121 76 1014 -313 428 74 -735 -431 133 2178 -599 -248 -279 -280 1062 105 479 -145 -329 -86 707 175 -1021 205 104 254 171 194 -479 1106 595 -1550 543 -668 -109 -315 101 692 81 -521 -170 -318 1252 -534 405 -665 277 582 495 -1238 1371 -412 -725 496 -643 881 778 -1789 1113 174 -224 504 -1176 513 -472 352 -502 748 -1066 -310 186 -157 -180 171 -603 266 -575 330 422 -366 -213 -233 544 619 -524 417 447 1307 -859 -336 -303 341 -595 -17 487 -420 210
-130 448 -215 310 -125 -428 1350 -1278 408 -434 -860 680 117 -263 -289 573 52 -143 -1492 1089 -183 -428 768 -477 55 -391 658 -556 -158 547 -1357 895 -89 -515 1098 -119 254 165 -839 792 79 210 -181 302 850 -425 -1208 246 -318 -324 161 -358 -139 871 -435 44 224 849 -302 -111 481 -443 434 -351 -679 483 -273 315 17 -1053 226 576 162 786 -803 690 924 -1448 523 -938 198 -626 358 569 -631 489 241 -624 96 -280 565 173 -195 856 -539 157 326 114 678 -410 -29 -163 629 -664 -495 -519 483 -41 -102 -132 -248 1091 1223 -529 220 -654 -36 34 147 -332
-136 20 -621 571 -388 212 -41 599 -52 151 74 326 341 346 -603 -549 432 327 -535 -172 -240 -1474 1315 -989 829 -59 -199 651 1070 -829 353 -602 1257 -1216 -114 -411 723 273 151 -563 -244 -893 606 -716 443 944 -794 -1061 885 -786 236 -485 389 88 -59 -191 -596 615 -271 48 410 162 -23 420 -273 1086 -1185 500 39 -534 -431 -203 699 -49 712 -174 630 -16 50 62 241 -1146 1016 637 -993 190 375 -273 729 -762 -55 -275 542 -545 -240 -913 -404 208 -324 561 35 958 -768 712 -400 484 -287 -288 714 -1115 431 -923 213 1545 -963 684 236 -385 -59 -843
1012 -217 -94 111 -196 -102 -246 118 -129 457 -244 -81 -157 89 601 117 429 -1185 175 885 -135 -783 343 -683 -396 1257 -1151 166 -361 109 341 87 297 -162 -364 -1050 464 -473 -163 880 -969 -186 -298 -158 -191 492 1141 -366 -1339 1081 -589 -1113 -236 1218 -69 53 -864 624 -144 -680 739 -604 604 -627 304 350 17 781 492 -559 697 297 -634 365 -837 -469 68 1490 -984 236 -571 -152 567 -44 -16 -266 610 -841 -152 480 125 -22 -184 1897 -639 486 -120 -899 43 41 -237 1148 -61 -911 240 562 724 -1664 898 -1024 1258 -1028 -511 80 42 228 430 -305 1361 -1152
454 224 202 373 280 40 111 -1299 -90 797 46 199 -1331 845 -495 569 -587 655 -709 -382 673 8 245 -861 1486 -1839 116 1392 -313 514 -213 30 457 628 1066 -1325 826 -1130 547 89 701 -758 -641 179 -96 39 -407 -220 1335 -131 -176 -650 -787 59 493 503 392 4 -100 -228 1175 -383 -256 -826 1215 -51 -453 677 -850 -782 783 -245 -177 770 -131 -356 -139 731 -1132 311 -129 -676 1143 -696 149 276 -350 987 60 -191 -34 -1000 258 508 -749 -349 397 -30 28 -529 288 -81 737 -202 -11 571 385 -630 1031 -799 737 -528 352 -291 -667 52 -452 -139 269 -344
-1677 150 -229 192 750 -30 538 751 -1097 -61 -224 387 -186 -925 396 1077 -514 487 273 -571 631 -1136 -42 -432 207 170 -513 -257 -341 220 268 52 -719 517 -28 1014 -243 -83 1311 -453 259 348 560 624 65 -200 -595 158 -375 223 995 392 -820 -648 68 -661 777 536 38 -1244 690 -1165 220 -551 30 65 -468 860 108 706 -1354 244 504 -513 -636 463 -418 28 -164 1171 -861 -261 -356 1262 -331 -1022 707 570 999 -391 130 364 626 -950 796 -58 -401 -1438 341 191 15 477 -1100 396 -938 -1283 992 -216 -1404 804 -235 854 -318 319 491 -12 -278 74 605 -274
115 -396 -189 900 -1731 414 -65 -586 444 -244 273 1123 -1580 348 -107 -1094 129 -627 231 537 862 411 -220 -94 258 842 -890 1347 -1265 -94 251 886 -249 -339 284 -566 429 513 615 -243 100 255 -1110 844 175 660 -60 39 -492 -360 476 129 48 608 -1222 -805 904 407 517 -597 1219 -758 308 405 -747 -966 1105 -252 1168 -995 1382 -440 160 225 -157 348 -153 -889 -700 384 129 -532 181 31 -1067 346 -706 58 -13 -593 568 -226 602 -70 -1138 320 -203 -1004 104 -186 -145 -360 281 816 -560 439 214 -167 6 144 524 -852 810 -213 548 394 109 -316 -385 655
-312 677 483 29 222 668 -609 638 -520 931 -1229 -29 272 -15 802 -668 772 -1227 500 -1251 -28 610 -625 138 -461 -116 -196 595 1326 -536 -138 -543 1582 -153 -755 -125 903 -856 -238 1246 -1143 1750 -793 -302 274 333 134 -712 -486 -1201 274 74 208 -88 444 -389 -697 202 853 -240 -111 -170 -133 1123 -958 -198 -1106 1168 -368 -343 -37 -843 978 117 -827 746 286 -113 250 -312 223 291 136 -57 1008 -662 -79 155 -507 212 -854 242 -8 745 769 -469 324 -1122 852 -514 70 1503 -1356 830 721 -1047 783 -218 -553 814 -394 -85 77 -734 619 28 -674 640 -586 563
625 -156 369 -760 1019 -183 -621 1065 -1039 -475 971 -55 -1929 430 250 1721 -1919 898 530 72 817 -497 -277 976 -288 130 -11 -581 124 -1055 270 -201 -501 888 506 155 -1208 1193 -1153 252 -299 -902 1368 -693 -511 260 1556 -273 651 -203 -1006 199 -992 365 288 -175 -831 385 1132 437 -893 -352 -846 544 -301 171 -248 593 -131 261 329 -863 1425 -1561 127 -469 8 203 -1386 478 -454 -241 181 1262 -493 756 453 1010 -729 -222 351 -901 -649 943 -1226 1374 -51 -382 730 -187 -184 -274 196 -243 514 106 469 177 -103 -166 178 1356 -1382 83 88 490 -830 1264 345 -705
-4 -74 164 -156 -237 -479 -120 445 343 -52 -264 82 -372 -694 -875 773 797 -1364 183 -183 -16 226 222 -735 573 -323 -563 826 21 -61 123 696 -67 -684 140 1199 -869 562 357 -983 417 -305 -1149 257 802 -538 534 -178 -9 904 -665 955 -943 78 314 -384 0 -1670 691 811 1530 439 -135 -807 924 -880 727 -335 1115 -570 666 -790 1103 1136 -378 317 221 758 -735 402 284 -162 -441 144 189 -299 -589 277 721 1210 -824 597 -212 572 -706 153 683 -16 -258 -702 1312 -456 591 -583 -840 412 892 -411 491 -1475 881 187 1015 -591 -759 461 -272 -812 23 189
746 220 -1530 391 603 -749 599 321 -735 1181 344 301 -251 -961 1199 -1016 359 162 -1090 -121 537 91 505 -640 266 -794 377 108 -625 -486 199 -247 955 471 -1209 580 1200 -427 -99 1583 -195 -236 -596 -328 108 -1 488 -690 -67 422 56 189 -735 480 447 -1190 1358 -922 -405 -816 -397 -51 86 -282 -803 876 -254 -720 52 229 -1001 1186 -164 -574 265 -162 132 -388 110 -545 123 -1328 229 -174 -854 1804 -949 -42 -441 -924 973 -111 -295 280 -68 -1181 263 410 1225 -1499 302 238 -514 1064 156 -691 -562 1915 -670 -141 104 -1083 -74 294 -83 -1282 1345 -5 98 437
331 496 47 -1161 546 -803 -498 266 1080 -73 281 450 369 -46 334 -173 -687 1479 767 -1185 -18 -17 721 709 -147 555 22 -539 -705 684 -381 -12 -336 564 31 -1195 1121 -400 251 -733 702 503 -602 293 -714 861 936 -293 357 -327 1127 -423 -624 618 445 -49 -335 298 1418 1 -330 366 -653 -141 -386 -92 -371 -1 -956 1320 -536 -265 204 210 482 -185 78 -580 869 -793 1204 482 56 -771 876 -97 524 386 -398 -855 604 90 -1395 1003 -500 782 -164 -316 -500 -135 836 -537 -114 -371 369 814 -503 260 566 320 257 251 -925 -2 -247 -319 538 -230 -384 991
-719 7 915 -246 631 127 -986 -323 107 -665 734 -371 596 -191 438 799 -1596 9 215 18 -472 707 -702 337 244 -395 794 170 -286 -484 639 -521 803 -134 246 -981 171 516 -569 -373 652 -405 286 56 -753 787 -1936 857 614 368 -704 191 -683 331 10 141 2 -156 -727 542 -140 904 -1121 531 459 1249 291 -1594 -113 684 378 -260 500 -442 -11 211 27 -1286 201 184 -219 138 -144 -228 678 498 -22 1254 -1196 -81 559 -260 -161 -520 -887 1667 506 -403 1333 -253 297 -198 -241 -279 -698 346 1098 -978 2 572 41 64 252 191 -1690 -276 858 -196 508 505
1022 -84 304 -579 125 -11 1045 287 -200 623 403 -1537 936 179 -52 -916 466 -217 385 -1046 -262 715 -986 -228 -90 315 -212 -482 178 265 -147 48 -189 153 486 856 -1151 1515 163 -609 -139 641 -968 1111 -255 299 -663 -60 -740 1515 -168 -722 -129 817 -1370 71 79 37 687 -579 135 -67 -160 -675 83 243 842 -1178 -304 -166 -524 383 -542 328 -407 1196 257 -1285 254 -776 1015 -1445 1052 -2126 263 -458 -352 216 1275 -462 1165 -389 336 -347 -553 -283 871 -201 640 -1089 186 -848 603 -5 -1069 433 -257 -424 -82 641 133 -388 566 143 905 -156 -1391 786 -535 489
390 -39 -574 531 -67 -1044 -26 -562 -188 346 847 -1127 990 -68 569 636 -1040 270 790 -997 148 -78 53 500 -161 -173 -416 -58 -287 -695 400 70 284 -45 -356 897 -999 159 277 723 -446 188 -833 1140 -507 398 48 421 -595 -404 914 -145 -445 -95 -98 269 -192 899 -1283 501 52 2 870 -446 470 -338 -476 1378 -124 -586 85 583 -510 -921 871 684 -80 -621 -323 -321 735 -271 85 260 -171 275 -953 -1039 433 -1504 589 1002 -550 54 -376 -400 185 -489 616 651 1018 -1840 297 -56 579 -1617 892 -332 -57 -448 667 -280 266 303 -617 225 841 99 -90 -669
426 968 -557 114 -366 461 1003 -1066 -334 -376 -157 103 56 -138 -1239 333 627 277 -620 -23 -180 65 195 -954 331 477 -457 167 723 -668 -358 1066 -543 -376 -855 476 -745 -439 739 -1098 62 981 -428 -210 603 -191 718 -566 274 620 140 -678 896 -766 -44 -621 -112 746 -18 -139 -244 404 -554 123 -978 1089 -1251 -1037 634 405 -1214 1171 240 -727 577 67 222 -281 556 334 -1125 845 -547 -474 674 -314 1943 -1581 952 -124 -676 393 -39 591 -412 311 -757 719 -1215 420 312 909 -493 -192 1718 -447 -470 758 -103 -699 255 -628 -103 1524 -1488 786 -1701 -70 630 -21
86 -444 -273 1703 -1040 -418 369 152 -210 164 119 -322 221 -21 80 -1648 157 267 1041 -826 733 -390 -397 1441 654 -487 91 -468 835 -381 1007 -586 492 874 150 -717 -701 1047 1235 -718 -234 -125 116 499 -35 873 -1182 287 -121 -293 687 113 -405 1120 -413 447 -873 12 336 -820 -255 453 708 -245 920 1001 -1076 42 -157 120 128 -1330 -221 63 1150 -111 -651 -1443 436 572 -5 768 -1722 881 -1484 1261 576 -1101 -442 34 -365 854 -972 -105 695 -499 842 -1208 1700 -855 -76 -50 -40 -152 57 -210 461 -831 270 749 -358 364 -95 813 163 185 -113 489 -198 720
697 811 -1560 71 438 -658 -709 -168 371 -468 -66 658 425 -435 -47 -694 509 -72 -192 549 66 -396 -424 -469 164 -92 -988 762 203 -1315 -249 709 -981 587 82 1157 -865 -247 410 1849 -445 575 -1792 533 -454 -632 869 -863 -144 251 -1171 1001 -707 739 -94 400 -944 1718 -1222 619 -1030 575 -1648 732 -892 820 905 -938 202 207 -114 983 -450 -957 -587 889 -514 -51 588 -136 -692 792 504 -599 -336 255 -726 380 309 -1279 576 -1137 531 496 -560 -244 716 -331 -356 1075 -474 453 126 -847 -290 777 -522 -268 -707 249 -230 -311 -608 -316 420 -751 738 -1483 467 79
752 -233 -190 455 5 -655 650 -92 -605 -897 597 -552 606 -121 -334 -70 326 64 134 364 -59 52 829 -532 -426 861 -792 535 -4 -36 -362 223 -1081 -528 -548 281 -1411 1401 -1267 -405 972 1129 997 -228 -90 -171 -112 661 -48 -419 564 -349 192 -225 -268 584 -270 -195 465 134 -489 -212 -234 869 -609 -1189 51 94 -1127 1030 -1665 1347 -1103 469 241 -55 -246 -34 -114 432 -207 175 787 -394 463 549 -118 613 446 -768 -1 294 208 477 -1099 1078 -773 -226 201 -155 -149 -1129 926 -871 256 1493 -141 -1472 481 -205 691 1006 -215 602 699 -1216 373 -193 -174 -612
152 1547 -829 484 -1527 -356 -167 1119 -931 390 -119 1073 -740 -482 -270 -80 484 695 424 717 -846 -1578 975 218 -844 280 -453 563 725 -269 786 635 -32 208 463 -337 -261 -477 -330 652 -1601 215 1017 989 340 -297 -329 -116 276 62 -31 -189 302 1076 -267 -1359 48 195 136 -185 680 -1863 -615 1404 34 1017 197 -1072 899 -575 -57 -59 1048 -440 31 -946 -505 -748 -462 395 -162 151 -434 -113 905 -427 766 -747 -662 1120 54 -483 -798 646 -150 -177 -78 -795 699 435 230 -120 -85 -306 -479 -960 804 222 -350 -856 -42 215 -703 712 195 313 203 638 -1221 939
1027 -288 487 1091 -320 299 -1259 394 490 -110 -269 1129 -80 286 -842 85 -1729 1441 281 -327 1375 -301 -558 -321 304 430 -282 -119 83 -244 -102 -243 399 -694 503 452 138 164 -96 -312 -127 -117 -824 -435 484 -39 -998 817 -256 -772 -12 -144 670 97 353 246 -741 426 3 -211 1462 -76 -1429 774 -455 -209 994 572 -392 571 -793 -471 396 -24 534 456 334 -1283 1035 -1302 267 1246 -845 -914 -210 273 478 398 -1112 -403 794 -48 -367 -87 353 -927 507 -908 405 -793 72 -392 547 154 104 840 -140 -229 79 1404 -1474 588 -799 280 -190 -518 -109 650 -292 312
-473 227 -66 401 -530 1019 447 -1291 -39 -7 -83 -12 -8 -84 -12 1330 -1602 103 447 -837 620 726 -463 -249 -456 -290 -432 517 -537 723 -947 -155 -194 -531 -219 -785 -202 674 -517 458 -127 926 -572 -63 -264 -354 -1335 696 537 -326 172 -1354 1381 350 -35 -196 -302 305 -925 413 -38 -426 -46 -621 414 89 -1159 1233 -449 -53 105 -584 -292 882 -38 -170 382 -30 -465 692 -1145 488 -162 -407 859 -579 -970 651 472 -1251 1195 -570 580 631 302 -206 -390 345 89 21 -253 -124 -920 852 -917 -470 -218 315 -46 49 -160 -917 270 394 -518 -60 -791 165 315 405
323 -119 -311 13 -192 -831 848 -176 -819 102 1446 -1709 952 -625 -301 -56 745 -73 -317 -1100 802 45 -173 145 424 508 -1165 378 563 -283 73 -43 485 -382 936 -308 -218 -930 214 27 -351 129 207 605 -200 -321 214 -720 -373 -61 157 211 -188 314 -772 -28 408 -944 764 163 -149 -85 23 -7 515 -805 -141 -488 164 926 -228 300 -243 -262 970 -519 493 -694 474 1036 -557 -310 -78 260 -334 983 -144 508 -276 -12 -16 -745 452 647 -658 -72 635 -933 740 -189 514 937 -908 134 605 -762 656 133 -323 1141 -302 245 -1176 987 645 -1604 458 680 130 -913
-278 180 -14 337 380 -1121 514 -482 -29 197 -205 407 -623 475 -19 -933 411 -246 225 -534 13 1348 -584 -40 231 -219 257 -218 -470 709 197 6 -606 -320 741 172 747 49 -412 792 212 -103 821 -614 1521 -335 92 1054 -687 628 -1114 401 -598 1343 21 126 -1369 -115 301 -279 285 1036 -591 -220 267 837 -403 -166 -94 -423 -460 925 -930 -124 926 -1156 1065 67 -1376 949 324 -500 -785 39 607 -428 -14 -5 -785 326 397 -83 -51 194 4 408 -194 -185 -767 -327 976 194 -114 358 -292 -419 260 -373 -1080 690 -88 -285 -962 1361 -1311 1284 -831 376 657 -315
-459 -816 870 96 847 -38 77 -74 -16 -30 -117 62 919 -2182 1110 9 -1562 1 1105 -495 -1365 -67 146 157 834 -243 524 772 -841 473 -722 369 1472 -1731 -799 251 76 -878 -311 146 -157 -373 14 -483 274 315 247 -528 953 -961 411 -14 1 -747 509 75 535 -34 15 -363 -690 59 -57 -237 64 -231 -308 588 464 -239 506 -255 706 -528 629 126 544 -252 91 554 139 986 -1269 965 -9 -165 151 -180 622 -348 -36 -33 958 -1103 319 -61 120 1060 -846 -560 953 -615 478 67 -745 1399 -36 714 -789 507 -460 208 -260 -622 -12 -104 1003 -274 1018 -795
412 -322 493 -1431 268 -403 428 -617 1095 -549 -609 843 582 -74 668 -101 -234 -52 231 426 180 995 -1176 -256 -211 131 -336 -321 1009 -450 -765 793 62 205 -612 978 -202 -986 556 -500 -714 280 -614 -607 57 -477 -198 864 -1069 277 -299 554 -242 424 74 -1162 626 64 121 1100 157 174 -25 321 203 -1016 393 -289 -493 1000 -733 -519 885 74 -218 -229 590 -218 -708 449 -549 233 -304 -134 465 661 785 -1201 768 312 168 -926 1475 -444 -974 779 239 -35 656 -455 154 -849 -521 376 -675 404 -997 858 -54 -611 197 494 439 -855 -213 -293 -605 880 -417 -378
947 -249 -955 1317 225 -511 325 -710 480 1219 718 -592 205 -982 725 373 229 -800 -77 225 -303 545 -363 -1448 454 -342 834 -249 1305 -604 -1294 159 190 -39 464 -748 618 -253 -343 719 -26 -236 375 -284 195 888 -990 -1127 1270 544 -222 -958 1446 -1181 133 422 782 -1105 275 4 -483 -4 358 482 298 -662 843 -1366 1166 -272 716 -900 -205 -111 -8 117 38 376 -1027 155 556 -276 -707 75 -310 -691 -24 -759 1134 -1579 492 111 516 -360 -51 -407 -590 763 514 569 276 -15 380 -558 -891 767 -304 -90 945 -381 -1760 606 458 -424 401 -238 -608 761 -491 488
694 224 420 -721 158 345 -670 -318 -1739 -992 494 702 -433 686 -269 -410 485 -910 -34 183 -839 14 373 -329 -925 1049 -1476 794 325 618 -844 207 -121 -30 -461 774 -485 -118 685 -730 -252 377 -38 685 653 633 -323 335 -1115 264 -736 -617 232 904 -1114 483 -945 14 11 1067 -1404 -503 -561 910 571 -677 85 -2 -862 -33 1133 -517 133 -27 1312 -409 -692 211 275 -442 -289 66 874 -318 -106 778 90 311 -952 1054 -26 -554 672 263 394 850 -1459 721 -34 -7 159 111 189 46 945 -605 58 -410 886 745 -531 548 210 -222 1261 -702 -459 213 979 -741
911 -1168 275 -44 722 -929 653 506 625 -172 -371 -754 187 -541 277 -28 496 -622 941 -447 1436 165 -236 -12 -840 68 -504 -140 161 -243 -115 -105 -533 1443 -247 711 -311 125 1349 -12 -1544 985 -1408 676 598 512 -143 1081 -1023 950 311 389 -464 189 1090 199 202 401 -967 1254 399 -368 79 -113 176 37 -1061 605 421 109 -1509 -5 -596 -355 -600 1230 -78 497 -39 -914 1264 -1163 463 513 1010 -175 436 -195 -324 -1016 584 -38 -311 564 -25 1297 144 -86 -165 383 -1024 -84 326 -284 -460 333 -485 157 -630 476 60 -668 155 137 560 -763 1232 -691 395 686
452 57 176 466 -898 39 346 -1480 664 890 -355 141 586 1021 -605 315 239 464 -609 -324 17 244 -446 1439 -588 -403 479 -337 -359 -313 472 28 -733 657 -344 -133 229 -571 258 337 103 -468 -668 -98 -599 -575 -60 1313 10 -169 -573 -1481 2162 -1137 72 -464 577 -203 174 -703 -676 594 -767 1308 120 603 -1482 -259 317 -28 1295 -500 -243 -531 -837 -202 18 -81 306 -376 857 -234 -917 -17 -77 246 1049 207 -244 -420 129 -295 750 -165 -623 -327 1154 -13 459 -385 423 -564 375 -709 362 -583 403 -476 415 -107 -226 761 -26 370 -809 370 17 -900 791 668
27 -501 874 249 85 793 -139 619 -331 -5 828 -225 575 -382 621 -229 672 438 78 -1422 796 -1442 1116 -280 817 -571 1087 -472 -40 -213 -13 298 -234 -322 -198 219 -563 1136 -833 369 -774 774 -313 328 -265 -577 -1050 558 -13 846 77 -100 -517 463 540 166 -221 439 -477 1124 -1113 -274 -935 160 -201 642 -409 38 -1647 386 -1164 581 290 729 -549 -544 -187 -12 -405 601 -294 -151 1066 -1202 315 574 -608 -536 149 229 -385 254 -572 1491 254 349 -742 162 -59 194 158 330 25 311 -569 -235 -641 367 10 300 -720 1111 -1012 443 668 57 -921 99 166 -685
428 -6 1112 131 -697 282 -934 820 575 -976 -1352 1409 -1398 -103 -430 536 -1363 1423 228 452 223 -44 -1200 720 -583 262 339 96 -243 -385 -65 -441 449 155 -13 19 -1079 1479 210 20 -18 729 -1126 453 -598 183 215 -88 -382 -28 92 863 -612 -999 26 -74 272 787 -423 457 649 182 -1024 -158 227 73 -153 1104 -795 581 390 -149 88 519 481 -171 -275 242 -453 281 77 518 -404 1193 -575 461 243 101 120 -285 62 -449 -461 -1193 239 832 390 -538 -617 445 -81 -3 309 834 -146 -336 577 -744 930 -313 -1197 1282 -770 -555 -22 1372 -190 -250 313 -527
-842 345 -852 -374 614 -689 346 2 -233 -476 -250 629 500 -624 -1056 33 -165 -435 -1157 -546 1295 -290 66 -392 -412 250 -392 -818 -109 590 -912 373 -814 -178 -770 730 -245 -1103 668 136 -342 572 183 -74 223 117 -773 1007 -561 329 293 -724 325 -576 904 -891 -10 270 -1194 805 -1145 1819 -1018 309 -579 76 713 760 -1331 607 -110 100 -163 83 436 -696 534 561 -335 -646 123 -51 -472 -31 220 -1165 382 -375 996 523 178 784 -226 -3 -843 1026 -331 -55 -515 435 309 -919 766 446 -485 -718 130 -197 140 -16 -275 194 -82 85 -1126 119 542 -315 1478 -817
25 -232 954 -647 535 204 19 -438 423 -919 -198 297 -1195 1337 -831 1257 364 -258 793 -566 -430 110 688 -457 640 308 217 -293 -400 429 138 55 -426 -329 694 -535 258 -79 -969 381 29 374 -8 -799 -514 263 180 581 -78 -357 -93 782 234 -797 676 198 581 253 604 -653 253 162 361 -325 972 -464 480 270 -640 712 -355 551 -934 972 245 -654 330 -749 1017 1 -462 634 293 66 205 -512 387 -809 195 -756 578 916 -1085 356 -1285 760 -774 603 -147 -493 -339 161 -699 395 -479 434 464 -375 -670 196 -63 1246 611 28 167 -477 205 -205 738 -299
432 -381 -394 -592 489 -584 1246 -546 574 86 168 333 -550 260 -1099 -213 1661 -1075 165 193 -60 -874 -345 -354 458 -87 939 -718 39 735 592 -479 288 306 -2014 908 1127 -778 260 -948 338 -781 1030 -397 -137 -463 -2028 176 191 104 384 -392 -470 -546 268 610 -433 -255 -41 -608 656 -877 493 -1318 -222 -212 959 -913 991 -1004 839 -543 -619 857 -526 1352 99 1 -774 21 536 -1281 1365 -1092 690 -260 -602 1749 -1234 822 -855 1254 -417 583 763 -513 657 -42 92 603 -592 -22 -104 143 -743 -55 371 759 -1064 -679 -498 -751 949 211 22 195 -261 45 -588 -553
-438 251 471 -1104 771 507 -1085 -417 731 -1227 -86 -649 596 515 -680 -641 1236 132 395 -578 81 364 969 -675 82 877 -454 -609 27 621 -3 355 -476 966 -515 282 -889 426 411 440 -185 -1548 -100 1392 -491 -99 -66 224 -457 -1123 859 -496 -235 818 1 -1 492 432 -253 140 448 -1333 864 838 -934 98 128 -421 -225 1061 188 -347 -490 82 -1278 217 397 280 753 -283 795 -1005 814 -877 462 -906 114 -271 -363 -128 -284 -84 106 -842 558 -767 -367 320 267 706 -373 -289 -160 608 493 619 -302 315 -267 528 242 -337 -978 758 -370 396 -318 612 -202 -54
100 -193 -267 995 -1336 124 998 -1038 1283 -84 851 -1009 -534 1180 -224 -370 -594 320 52 188 -1438 -559 -425 -245 -313 1063 -15 -405 -543 -313 315 -770 538 -129 836 -347 -344 500 -478 1023 -396 -101 -669 -772 924 -172 -301 89 -699 1568 -775 1346 -794 69 -14 725 -404 -620 948 -557 406 -1012 784 -186 136 66 894 -822 -132 -1216 1395 -1262 35 274 -201 -193 454 -749 61 -703 333 719 450 820 77 -378 -410 523 -504 1467 -488 420 -151 -359 858 631 -27 -366 254 -25 702 -719 -312 -581 156 1228 -611 -376 -33 391 -253 962 -592 -179 349 313 -338 -1041 332 1115
-354 -75 -589 -502 1661 -1286 -167 -386 99 -796 339 198 72 -825 609 173 751 128 -213 610 813 -128 -221 -475 -443 -268 858 273 -616 417 -592 -662 775 519 -1942 1197 64 -603 126 -135 334 781 69 -673 -79 59 -272 879 -641 -756 -166 -441 48 -290 799 -163 1487 -992 1057 462 604 403 -1698 1747 -472 -1198 848 -812 1828 -621 -605 592 -196 -1219 755 -135 -91 498 -594 179 26 -465 -1028 1087 647 265 -389 51 -1814 242 -347 1150 505 -967 465 -258 385 618 229 -348 285 433 341 -202 -510 521 151 382 -870 -397 811 -650 664 118 -287 176 302 -427 864 -890
279 460 -800 -836 104 515 -593 -374 895 -292 -190 -1030 1640 -1181 -614 440 -1087 -422 -337 147 -259 1298 -708 587 -320 -454 101 222 509 565 910 -1146 -1333 802 -153 -537 1292 -269 -476 -42 -832 270 -243 -498 868 -166 -182 515 -888 295 -81 -183 -571 -87 -1421 -233 -672 -48 1164 -902 9 189 120 -280 830 306 -72 792 -116 199 408 273 141 -262 -319 125 203 810 -32 -1154 600 -898 -936 1183 -706 -311 8 850 -594 88 57 201 -742 1424 -31 -42 724 -687 1150 -337 315 -350 567 284 212 7 301 827 210 -602 599 -1073 -130 -235 477 211 -640 310 424 -989
-848 1393 -1613 898 474 137 616 -849 575 -339 947 -891 670 -717 366 -169 646 -416 445 -373 1050 -452 -109 872 -228 -328 -1004 -233 -167 -549 346 963 -786 310 -287 53 -856 -96 427 -466 -32 -38 308 734 -1365 -38 875 685 -146 -83 714 -159 1399 -827 1090 -620 -825 -1166 1149 -495 365 -152 319 -398 -168 -311 646 -221 -354 -584 81 31 195 267 39 272 -1429 1557 -991 423 344 -87 -705 -622 734 314 -375 -169 -154 -438 -539 -285 445 240 -1063 1219 -390 480 -463 -386 376 927 -1094 -402 167 -159 198 370 -359 914 301 -107 -300 7 -614 1115 -522 -94 2 402
-582 1026 -116 -984 460 -1223 -193 291 326 91 -135 270 229 115 645 -1218 931 -321 -433 -365 -106 -8 379 -382 -440 207 865 -1224 438 4 213 176 -153 -598 869 231 -71 -273 -535 481 734 -548 1 -407 141 421 -627 643 -977 -149 608 -194 393 296 -330 -179 305 374 404 -707 -1131 625 79 -414 -458 575 -249 873 408 21 -260 763 -1734 406 -273 539 345 390 -170 547 680 -441 420 -571 -370 -954 1278 -1184 203 207 -447 -486 -827 515 -320 -576 97 274 -1006 1083 -954 139 -269 72 137 -630 -333 -655 921 -1063 845 98 -32 428 -490 314 490 -1006 71 1378
-1549 390 130 531 1018 535 -153 40 -698 781 30 -216 52 -349 419 226 -621 954 137 -512 51 155 -631 438 1026 -167 -23 -870 -535 414 -271 -219 543 -617 403 316 581 464 -686 39 -178 -262 791 892 -1215 1007 -371 748 -468 -738 -547 224 -276 459 -1285 -105 -285 -992 1450 803 177 -867 -776 -499 -235 16 -255 -885 -167 1012 -605 830 138 -833 379 -1150 -761 491 -115 830 -1078 355 23 1131 -6 105 -517 763 -946 -109 679 69 -605 336 -693 1919 -1596 401 1470 259 -254 548 -384 357 -943 1397 343 -599 447 -332 -88 281 598 -720 1464 1091 -1316 883 -479 186
382 -800 -106 -515 200 545 -295 451 -544 294 79 392 197 -349 -185 489 -929 268 1365 -377 -365 528 194 -224 75 549 956 -85 -352 -70 1032 98 -1449 348 -118 584 -635 -711 278 254 167 -181 -36 -1140 1109 950 -1462 -748 982 -87 352 7 -288 630 -635 1319 -1097 111 -734 -78 446 398 1224 -390 -820 224 -304 150 -342 -296 232 -13 852 -139 -422 -90 -353 405 -1751 934 -1169 -168 -423 -208 319 117 -733 1177 -722 -278 -199 -50 255 -175 568 -649 423 -1134 186 1174 -82 528 438 -1027 -112 229 74 -585 383 -76 129 173 -53 -167 -1522 744 882 -597 -181 556
-394 -818 1450 -638 -638 793 56 -647 157 -198 358 -587 1019 -293 328 -500 -728 -615 14 408 418 -1730 630 340 289 -121 326 -1173 989 -1644 281 1176 -751 414 -1627 485 -198 256 511 -1753 378 487 -678 335 3 659 240 908 74 -780 45 853 -395 -384 -239 361 201 -252 667 -342 -242 -457 -629 1848 7 886 -157 -549 -195 -364 52 2 124 -360 1123 882 -597 646 443 489 -102 -692 567 -571 325 346 -483 925 -348 -174 -784 945 8 -773 986 -532 1058 -674 -1157 100 747 -407 967 -936 99 -1073 1011 -274 -1154 131 549 -551 82 211 -161 -133 360 145 427 -103
507 -604 -689 86 555 195 -114 -622 -421 263 -725 314 185 449 -582 280 -176 -745 -1228 412 -55 -1268 1123 -1553 1151 -539 -141 811 -128 -770 75 -62 -134 1175 459 -621 -441 -338 292 916 -1171 836 -1201 58 -548 242 -1363 562 323 -283 1415 -600 -301 1020 -106 -1418 2104 212 -1562 1021 22 -353 -755 -363 23 7 1185 205 -1082 1210 -579 598 -616 292 -704 10 989 -825 244 640 149 122 -124 -491 253 -858 1586 297 322 -244 -563 -195 1199 -495 -911 -349 832 76 224 -386 -280 -872 -354 -679 535 175 -1329 821 -236 317 -332 59 598 -24 289 -559 -51 11 -1293 1200
