-272 -807 1254 -536 141 -120 -937 1543 -631 -67 491 728 747 -1059 692 261 255 701 -889 -125 599 -201 -999 557 -821 719 686 -742 -142 264 41 442 -33 -518 -1092 -320 327 -393 705 572 -872 1023 -853 206 584 740 455 -687 1266 -1538 417 -1414 1607 -398 -79 -298 -72 -363 359 -390 143 -540 378 893 -958 1594 -103 -351 713 -172 74 -112 -23 -52 -676 -382 -132 -166 1260 -316 75 218 555 -205 -522 -52 -1493 1865 -689 548 -1450 506 1167 -727 0 602 -281 -370 65 -1347 424 -415 452 -771 117 -364 10 188 -788 713 -12 -774 634 464 82 519 558 -51 845 84
-835 470 114 207 1564 -979 324 -1805 1231 116 -56 -323 -163 926 -994 -713 -663 789 -359 -654 -86 326 -199 217 -767 -185 169 679 284 -324 359 143 550 -138 453 -749 741 -878 56 -349 657 -544 -177 -927 1190 -602 -230 811 -5 361 1037 -797 -379 -484 1184 -708 560 -47 -879 -1121 -158 288 -508 -675 -147 -951 1199 -853 -332 -137 550 -258 -97 977 -528 661 -213 -1070 41 187 776 -355 689 -520 1795 -491 -1076 816 233 555 -331 -771 -959 -529 130 -834 1654 -1799 848 -195 18 -710 546 227 -940 566 301 -569 -108 -608 197 -1047 -105 -196 -616 -99 -486 485 -438 1226
142 -591 -669 18 1613 144 1030 -928 468 -1158 514 -103 266 609 1094 464 56 -959 -280 1390 -974 -513 388 691 -235 -390 -348 -196 31 -76 1051 -608 1115 875 -302 -324 -148 539 204 -817 -363 205 391 -1217 415 1472 -1691 687 -399 414 -536 950 116 -606 -6 -438 559 271 -503 -293 254 -500 66 983 -243 -548 -928 1753 67 -719 273 866 -592 0 96 -293 406 360 -724 192 -840 157 -268 -370 19 17 -825 3 -130 -1067 1322 -708 999 -516 394 -395 704 -325 855 402 -75 -8 -806 -230 329 1410 -621 -568 482 -206 998 -405 262 301 -124 -750 309 449 -1304 760
327 -676 369 36 -1324 12 424 -475 659 942 198 -1365 -1211 636 147 -89 -598 977 -691 312 293 131 -187 222 367 -31 -657 1008 -105 -100 -1446 301 213 -827 1000 118 -443 -517 958 693 511 -860 658 -964 -69 686 -942 1073 -1045 -88 28 -369 736 336 -623 393 945 -294 -348 -737 74 -165 -1371 889 -194 606 -842 -462 242 -892 181 807 -545 -313 470 -1058 -437 282 598 -285 -364 779 241 266 1207 -53 -747 777 427 232 -64 -457 -483 799 177 -332 -3 152 -437 -1043 1257 530 -103 -579 449 -111 1010 -462 797 18 -1176 742 141 32 442 -311 486 685 -822 736
-134 -220 643 161 -486 1091 -1332 -1049 -333 138 18 238 -170 215 165 -666 -239 -83 -912 861 -1250 245 284 496 239 192 -970 615 -549 993 5 -519 -255 355 -181 -1175 -5 -1065 -323 -368 794 -964 972 47 -1199 711 -37 -252 701 -144 154 -179 9 99 89 -556 309 1253 -1373 1077 -2 651 -321 -300 -454 -142 1862 -1566 498 -168 394 475 -912 828 -360 539 137 -1303 545 -142 1042 -1105 305 -1012 339 326 -760 971 228 -427 -502 1304 -1183 248 -270 297 556 -216 169 -1065 294 360 -971 788 -820 -437 -304 -418 -945 910 -662 -173 -171 -14 -888 416 -675 239 -262 -114
-1063 506 339 98 -413 -99 1292 -346 -437 -1036 809 -426 -143 530 306 -877 125 1122 -1094 -195 -192 -627 583 -1027 850 -228 -177 -4 -373 574 258 94 436 91 1153 743 -280 662 -75 85 -505 1554 -1235 1338 570 -427 49 -560 786 -1572 515 -584 70 1065 -410 457 -955 92 -1227 -323 -952 919 149 336 140 4 178 -139 -1105 37 -181 1170 -982 195 226 -564 55 1059 -1105 -277 -99 786 -137 198 823 -363 -720 348 307 -611 1214 -252 -507 -857 187 -29 559 -186 625 -1218 -240 445 -651 -57 2061 -1371 1529 -1262 880 843 -747 760 228 54 35 -240 619 -371 236 7
-1434 607 329 321 596 -672 357 322 800 -64 269 -918 937 36 -192 949 114 -1006 1846 -111 -202 -571 380 -77 544 119 -105 226 231 -694 -199 457 -296 -337 -925 425 -135 879 -21 -33 1108 -169 -161 125 314 677 167 491 1184 -479 292 -88 -958 -628 723 295 -70 996 -205 -334 -820 -1148 1339 -1295 -47 941 514 665 -275 231 -858 -197 -83 158 733 574 -461 690 236 -140 515 -600 321 -103 -291 748 703 -665 -234 -869 1113 -400 416 794 -156 -125 -632 1060 -707 -100 765 -1142 473 -819 808 98 302 -674 197 -299 630 680 401 -1010 790 -482 -232 466 -244 227
-1030 738 -1517 -126 -101 316 35 -495 14 363 -587 204 -527 -84 -280 437 -610 321 199 -1431 1493 -1150 72 -1142 48 581 89 389 -91 1144 106 -355 667 502 -381 -187 -343 -660 -86 -708 -227 346 227 -785 358 -963 361 -437 -956 363 -664 867 -486 -108 -156 1070 -1083 850 -799 577 -1062 719 -781 -120 -462 -68 314 23 -654 1266 1014 -442 -256 -376 -945 295 65 -251 -571 -61 -645 226 -222 78 143 -946 510 56 620 -25 -448 137 135 -623 -417 1215 -123 -1063 905 -924 323 -377 861 -1863 1163 -21 241 228 -467 -651 688 437 450 -249 -1 1507 -937 -65 -418 193
-485 1108 -649 781 -837 -38 -224 151 -3 229 465 -667 108 582 -1252 624 -295 435 -389 100 36 110 84 -758 788 -628 -76 -32 -1165 1299 -453 673 605 -921 328 229 490 -604 -9 -600 1405 -1324 1157 -537 -95 691 825 -58 -1302 849 -425 1114 -1617 947 -1316 198 851 -1204 890 -193 1009 -1048 1046 -334 517 -723 -181 742 -1075 385 -1140 327 371 -47 -89 558 176 -744 271 545 -770 515 -1071 183 -176 143 644 -1042 -583 640 -338 -324 -398 1044 -909 -232 20 -411 74 -261 -549 135 -629 -773 -349 -915 975 697 -697 4 -1458 949 -1322 671 193 -846 1085 337 563 -581
-95 45 -35 324 -997 1051 -235 -144 241 111 198 -70 -187 200 -166 83 430 -873 -453 808 -635 -221 -171 -733 719 -3 562 113 -757 227 274 -752 250 -654 979 -328 -580 616 -417 -256 760 448 -519 308 -198 -1600 1327 692 -563 -9 185 236 -961 1815 -960 -362 482 -664 -102 -29 200 -571 485 -117 105 218 519 -562 592 339 549 -656 190 -904 312 110 -141 14 379 107 134 129 312 336 -130 -81 84 -1065 1008 -1003 640 -374 507 -61 1182 -1766 1254 -20 720 34 412 573 -1387 538 944 -1144 -366 765 641 75 188 -719 436 -156 201 473 -431 -780 431 491
165 609 -647 1068 -657 203 401 -593 618 -730 170 873 210 -136 -51 201 741 566 -634 820 -222 118 -432 -155 -128 933 -401 -314 413 46 374 35 -94 -434 -994 586 35 -40 -699 412 -615 894 389 723 828 -390 -826 596 -488 1272 894 -815 1062 247 680 278 589 948 -1223 603 -682 728 -172 -1169 588 -1216 276 294 -607 422 -572 545 -318 347 104 -25 288 -664 -226 391 308 -67 -189 781 -682 1219 -83 100 -56 -324 -93 1238 -1386 860 425 321 -859 -675 1157 126 -75 319 -325 -58 -296 -257 33 -695 -121 589 -564 -381 -139 -445 -429 242 663 182 -293 -137
-219 346 129 -194 -1251 1007 596 107 -100 563 699 -805 459 104 -499 473 45 -575 -783 686 -343 -18 -185 263 27 -458 254 -349 116 -33 529 -860 529 1155 -1292 822 -893 -104 38 -399 36 -587 472 -262 1128 -777 853 -949 -804 309 -184 686 -731 -1234 -210 -870 396 404 863 -770 56 937 -75 217 -1081 421 297 -166 303 534 -157 -385 -95 -681 745 250 -505 618 555 -577 458 -670 525 -393 -571 -394 -79 481 353 -764 398 186 463 179 -584 244 246 -65 304 1098 -1129 114 -161 233 -947 1016 -35 19 -237 -429 765 -757 287 -933 -763 638 187 -616 1078 -203
-156 547 327 265 189 -417 -82 149 -540 376 -449 -367 765 681 -332 188 203 -275 322 -733 597 575 182 -1236 61 557 84 -882 110 552 -1189 653 -1279 788 840 -768 1157 68 -571 515 -782 333 -600 -132 824 830 -734 -662 815 -554 -728 167 1159 -492 -275 161 -601 98 -322 1065 -376 368 -87 776 668 219 -866 454 -874 553 -238 54 -279 -167 -961 416 -99 24 -20 -1396 665 777 -124 66 650 -578 104 -1370 551 -653 86 578 -404 -17 687 492 -77 -903 560 1682 -166 -551 853 278 -837 29 492 -1465 768 1264 -627 -202 -115 -285 176 63 0 393 -794 1032
10 -437 527 -224 387 236 -53 109 536 185 -190 -663 -580 1213 -698 -448 -130 64 -56 -131 -485 182 46 585 981 -1143 397 650 -2290 269 134 262 -1005 -483 1098 -1132 112 -584 1779 -268 -367 185 -119 18 -396 839 -75 343 -134 -493 1522 -855 272 -848 -39 883 -575 -54 -795 -66 -16 -1079 -487 -516 -112 157 203 754 -132 -95 311 320 -650 1213 -1346 927 -1066 1159 512 -829 -443 -26 -347 -329 547 -694 864 -507 118 -76 106 167 802 -548 -188 -609 1079 -527 -487 198 428 0 -382 53 -264 659 670 -212 -368 579 -688 437 224 -717 -1438 322 180 727 -291 -676
307 -633 932 -81 510 -14 -568 -101 1589 -713 -137 100 -743 588 629 521 -565 0 -6 228 525 -58 -1014 -3 364 759 -265 180 1131 -1073 -385 -388 1412 -941 -554 396 496 -1108 -77 618 669 -343 -285 844 -452 10 29 -181 -112 443 12 1173 -429 505 -997 133 -21 -2 -980 532 -253 852 1116 -1546 -775 1227 385 -1117 407 389 187 1047 -1053 821 954 -1070 585 0 141 -1337 1004 769 -592 347 -688 247 376 -448 -289 -444 13 -527 -26 278 635 -1469 299 1061 -72 -34 956 -243 203 -447 390 -1446 317 334 615 14 309 248 -394 661 -88 -146 735 -579 711 -193
990 -911 -96 842 -1408 1308 -1475 -192 -14 615 -603 -363 -242 445 351 192 717 -1174 321 284 851 1262 -902 567 -446 139 290 -308 568 244 33 -337 -433 132 627 -301 -149 524 -1172 -1252 980 87 -71 -86 978 -462 65 -940 382 -251 -451 -401 871 -1118 721 568 -74 -614 280 -137 -816 -565 110 936 -1199 391 -726 701 135 311 -1233 1934 -1195 -168 -156 -351 -311 374 162 -401 1512 -1616 1061 -150 -281 565 -978 816 -215 307 -707 490 317 169 -216 483 -1507 946 -1107 230 885 -928 -158 -36 -128 -202 296 -1300 1038 -300 -20 -233 374 -678 151 148 -806 260 -399 -648
69 -822 -197 580 -112 47 -547 1143 -1083 854 312 -1528 -86 -131 -494 146 777 -333 -56 -307 198 780 -403 1350 236 418 -724 993 -425 -130 -154 986 -1170 -344 201 102 1071 -1115 813 -470 -295 638 -1178 505 -387 -70 85 357 -603 950 -76 659 -1023 1096 -204 -71 703 -543 -549 31 645 -1292 -417 667 139 475 -970 1135 -125 394 -581 336 140 247 664 -482 -528 -310 -792 -195 -556 741 508 -45 21 -355 129 -632 159 -101 -1474 1305 -1533 1166 -445 -456 -181 54 -115 467 214 -88 56 1353 -1612 -425 1429 -878 1317 -623 1314 -276 -338 165 986 324 -22 402 -231 1327
-1823 932 -846 -86 973 -388 -88 -630 811 -134 310 -682 712 -234 -72 -503 -30 58 -652 269 -413 -103 -158 -83 696 -654 702 -124 145 -275 1119 -263 -94 928 -1323 288 891 -738 -273 -745 351 70 338 206 -64 831 -260 494 -1669 924 103 601 -160 -855 1118 -381 460 -393 27 1431 -520 -248 433 30 -61 -633 413 53 -576 -175 555 158 -702 21 20 1268 -909 725 -765 742 -1373 116 -678 1018 675 -755 -120 816 -1298 822 798 -1335 -267 -165 943 -584 -1105 770 -1245 2033 -706 971 -681 1120 -96 -508 554 -702 718 -249 -295 352 303 209 -810 552 -546 -202 -1499 1645
-963 157 -117 -635 739 -803 -253 -110 271 -525 369 -1178 1095 -1299 922 761 -1275 -57 -404 921 -1332 -130 -458 -868 -71 252 1079 200 -307 -232 148 1067 -638 -119 -132 -272 473 -792 401 723 -490 -408 -251 285 1152 -586 1248 -312 -265 -213 -514 917 266 -1332 1137 -945 754 169 348 -607 -563 871 -836 209 761 -436 -664 514 314 -239 -281 -448 -1316 389 -1069 561 -314 299 -914 691 -608 64 -729 -477 1287 -188 476 -524 -502 171 -597 1097 466 -1217 102 -690 1402 -936 -1060 1001 -518 465 311 121 407 -550 -428 672 -177 -51 303 -438 577 -282 524 212 34 -1097 518 933
1409 504 -995 1556 -728 1118 -449 1110 -691 179 -127 -89 -752 1142 596 -152 1056 -1592 378 918 -694 378 428 -122 115 -607 -191 -51 -276 -292 252 335 -574 1169 595 -315 224 -515 -109 510 -637 419 -367 229 71 -388 417 321 -227 583 -425 74 -137 1383 -1066 72 -365 -478 697 -1064 665 -271 -1124 1557 -720 105 510 -529 201 -245 1227 124 -860 338 245 -668 969 -703 -546 1272 -69 -214 353 -859 -2 282 548 -1524 388 -449 636 -406 1070 -372 -95 -865 1190 -505 178 -419 -258 -106 434 -36 330 -510 665 -215 -127 75 278 -1177 311 575 -415 44 1415 -1413 795 -1402
-153 -779 927 -33 -297 -879 1434 -148 -163 -280 -26 553 -866 -827 872 111 37 390 -202 169 -880 1178 -903 309 580 148 354 416 -1009 1073 -613 201 -551 -380 421 -116 -7 161 -1109 434 187 13 -160 499 209 -802 758 5 -986 577 -115 605 -631 319 800 -288 758 -825 1052 -540 321 183 49 -336 92 414 -1420 1080 279 -133 -702 610 178 437 -618 -402 96 747 -18 -324 205 72 432 157 -299 -345 1038 1174 -2109 -122 83 629 388 546 34 -30 258 -860 875 -255 -362 112 -125 -964 750 -75 106 -167 262 502 91 -219 -605 -141 -723 678 -1093 658 748 -40
1035 -872 885 -651 131 -634 147 574 906 -314 -1724 478 1093 -339 -74 -107 -26 -27 -335 1165 -784 1022 -790 35 -130 91 -128 40 -458 -436 836 398 -675 468 -907 1249 -565 -495 913 -931 692 -596 781 -9 446 60 -1051 764 -243 -264 -456 -215 798 301 407 -412 584 -786 841 54 -387 -230 487 578 -190 45 699 -866 402 283 102 -353 -340 965 537 -929 -558 380 784 626 -1128 718 -157 -161 157 -671 -22 784 -918 925 -1797 -488 256 -341 1529 375 -1007 344 -212 554 227 -135 1013 -878 175 -1068 1037 -34 -1205 1283 852 -286 745 -756 613 -928 431 -492 254 158
-982 -257 863 406 -75 -399 -747 836 -996 797 -72 -879 540 277 -611 -572 466 469 -614 872 -470 671 1030 -659 75 212 -718 791 229 -1092 360 149 885 52 255 -671 1156 -1309 264 -143 1031 128 -508 273 83 1041 -32 -390 -300 -633 696 -1028 569 -506 1050 -156 72 -935 -225 997 335 -700 -909 697 78 -424 325 -213 567 -23 -362 113 -538 239 420 -803 -577 -79 427 447 -329 -221 361 -307 -420 -646 497 30 145 619 52 -70 -576 -90 -982 642 17 424 -416 -618 720 -477 324 549 -250 308 -127 549 86 -506 47 -328 2038 -905 15 -510 336 149 -962 143
185 297 -864 -36 744 550 897 -395 414 156 503 606 -371 1 449 90 -756 629 149 -678 218 356 246 -40 -333 617 50 686 -431 -159 -307 -141 1185 -1241 817 -256 -488 -325 349 -487 859 -717 1288 -1545 -55 947 -118 987 969 -436 876 -1063 -81 491 96 -564 892 72 -417 -1169 1200 12 0 -835 995 -670 -858 945 -72 603 1044 -1022 398 4 652 -901 1208 -1498 206 71 -432 734 -87 384 -198 -237 -168 -237 -90 45 446 996 192 -726 203 -164 -517 -25 558 180 -352 422 -1608 489 -50 -288 -697 419 364 -10 -589 515 -1247 788 49 -643 188 1003 -1315 1126
94 -153 2284 -1565 -344 1068 30 192 233 -461 -146 443 521 183 -799 -562 379 143 152 304 -1551 858 870 -830 89 -91 -896 198 1035 152 -2439 1511 -398 -204 -708 249 273 97 -636 491 169 347 634 218 -105 -363 -241 -540 -227 362 914 -247 -746 -278 -395 -1213 715 -498 -603 529 -1293 -44 970 -348 93 -358 687 -417 669 78 -69 191 802 -1150 963 1019 -122 1438 -586 -285 -134 -154 -604 1059 -1093 134 119 -50 -518 -63 -457 -122 -392 299 -254 -1097 420 347 -98 -1002 21 1769 -582 -425 -34 -866 916 323 535 146 172 290 -235 246 103 -350 102 -9 -758 436
-1062 -286 174 875 -1134 583 -499 306 -813 915 -640 542 -191 -560 676 347 70 -723 -149 302 -584 -954 379 -43 373 478 582 -1682 -252 1042 -1049 1100 -295 -800 -158 -233 -224 -1131 66 593 64 -1086 1063 -1125 102 660 -567 454 -260 -945 1135 662 808 -129 -823 1255 -447 423 357 -25 -971 -311 371 454 -252 -236 -922 320 29 65 -499 34 644 -1162 712 -1214 437 478 529 418 4 502 416 -390 -44 -305 -317 -717 -922 -78 -233 -71 1012 -104 -34 -619 -637 -33 668 635 -768 159 -467 261 376 -474 -455 -289 -469 1251 129 -56 636 71 267 158 -15 695 -33 -450
-43 -313 -453 146 151 405 -450 -38 -414 658 -440 486 753 -1476 468 -313 488 -79 -240 612 -75 -209 744 -141 -994 303 -534 434 -312 288 391 -126 1548 52 -870 503 138 -4 -801 -406 75 -173 -322 -294 82 375 -82 -705 665 -642 -176 -109 119 -413 -63 -148 -7 -549 1040 466 -408 196 87 -399 286 64 1100 -903 1014 -1407 -180 -1161 983 -633 -332 -139 529 -1124 -108 -375 260 -306 660 375 444 391 294 -389 1109 -152 -112 -1007 -1334 692 1569 -1329 -382 23 713 84 -236 1507 -610 -102 -819 738 1163 -1153 -387 -3 -1755 223 1334 -1133 206 221 -932 -227 1211 -456
379 -882 -401 281 -60 410 -508 316 62 13 426 -50 247 266 -1320 303 0 672 -1172 320 83 -785 200 1315 394 -228 -644 43 -805 137 -816 -1011 469 33 272 23 85 153 558 161 57 669 -650 -803 -24 1303 562 -1006 551 141 763 -509 702 76 -941 -78 1027 -281 -1224 868 -745 1381 -590 682 309 10 -238 1057 527 -51 1034 -1034 -527 745 5 -164 977 -407 793 87 119 -646 276 -837 835 -198 1296 -1818 691 96 955 141 -1010 938 -3 -712 136 156 -913 96 -366 221 278 329 228 -367 -353 836 723 205 8 -892 398 -1197 817 -395 66 -317 -621 505
971 -258 -536 -402 433 -106 624 -172 -638 -82 889 168 -338 -930 700 -451 -814 -484 559 -34 -100 458 -481 -226 1227 -186 238 543 951 900 -500 -222 194 -414 -926 -391 139 507 -445 -757 1049 546 -383 -363 675 -393 557 290 -482 714 -510 -315 1154 30 364 -1021 -727 922 58 -476 -435 376 -1115 363 -883 36 -295 -199 -84 -848 1354 26 135 62 764 -823 -159 -95 673 -745 -161 229 709 -748 -174 -1126 650 -111 153 120 42 -38 -293 545 -442 85 1045 -28 -70 527 -871 688 -761 194 1168 -854 94 -556 145 275 553 197 -378 -169 160 228 -1123 -119 596 256
-935 1139 39 613 -774 934 758 570 316 -521 324 -119 1124 372 -545 441 -913 -529 715 -961 643 2 -849 916 -69 361 -431 -674 184 1535 -255 473 -967 1556 -1013 -55 -862 291 -134 647 -1577 467 537 -939 273 -212 -340 478 255 -402 -31 -220 -513 -759 1177 831 248 -1161 481 -570 386 -5 908 -645 604 -736 481 -9 1199 -984 -378 -551 96 -467 -298 828 -198 1070 -825 190 -246 -954 532 86 454 -109 -259 -629 -403 540 -202 -276 -391 680 125 -773 248 89 348 216 500 667 -999 -266 -839 1613 -1119 -483 -559 268 -28 -324 1912 -959 67 180 -337 635 121 370
297 -1373 108 405 -1101 533 -297 -1064 777 24 -48 -1695 369 668 233 -653 -164 168 -543 966 -6 -246 -256 -12 -889 525 322 -140 -648 426 347 252 -86 1037 100 694 478 -227 -631 -755 400 -349 -864 793 -702 224 -159 -270 -219 -377 277 184 -335 353 -93 -267 1364 -191 -781 945 -336 -502 -94 115 165 505 -988 138 1231 -424 373 31 7 -902 159 -213 -657 1371 340 96 -21 420 -703 224 -986 872 1186 -714 904 -464 640 -582 9 -310 126 83 892 -1185 1112 -878 312 290 725 -40 -230 -535 1524 -893 -748 -182 141 -326 788 -302 441 -1166 155 -218 439 216
956 -687 -187 233 -767 1251 485 -958 673 -525 1178 -775 777 -1214 1074 249 -677 528 405 -1038 390 333 -322 -337 -483 -280 -934 -230 -371 -26 252 154 -428 -219 -162 394 11 -223 1967 -1040 681 -260 375 -303 -58 -167 314 246 -784 198 10 -859 753 -1625 686 1 -470 -446 640 -1057 565 271 -1194 234 -515 -398 785 -834 901 328 984 440 -1092 536 457 -608 662 -190 -366 1190 -1002 132 -32 141 191 -936 -243 817 -1336 -299 1118 256 -1245 248 1013 -1389 -560 325 442 -123 63 428 -1186 1048 85 -296 509 682 -1140 664 -1212 470 182 500 504 259 -963 260 -5 -176
131 -527 -911 484 133 -1046 295 -582 1140 25 -5 408 92 138 -632 692 -235 -24 -166 333 574 10 -256 607 -294 897 -478 -70 424 3 949 -731 858 1069 -437 -1368 1422 -1028 369 564 432 4 124 160 -601 595 113 949 -377 -123 67 90 534 137 23 33 975 -1306 -318 894 380 227 -77 41 652 -335 -71 389 -733 465 60 644 -556 -421 -96 -432 -691 1015 -143 -206 349 -462 -760 -401 716 -728 352 441 -283 111 -23 -637 483 -624 1033 -293 295 -613 65 -410 -770 1694 -1642 453 -240 276 648 607 -151 -601 1153 -321 -276 -353 367 295 -103 -431 -83 92
1367 504 -786 793 -117 -344 244 -1180 -343 398 141 594 629 -324 195 565 -436 901 -78 -762 880 135 -1003 945 193 -255 409 -930 -534 -102 955 -713 -110 208 1114 -464 -1433 269 -344 467 -508 544 -699 -156 -244 -758 293 803 -853 513 -298 151 457 78 328 -1446 522 571 -1325 308 -361 1174 -393 381 1214 -828 144 -592 486 197 52 242 -442 -293 -352 974 -1581 -308 1638 -691 529 -97 264 -303 412 -813 -404 562 -50 302 502 816 -1000 265 -1883 410 -97 183 1237 -843 367 -904 541 -282 -9 300 -633 196 824 -87 65 345 -553 1212 -170 -644 -53 1591 -824 -176
246 -333 -164 -50 65 368 -663 562 492 -745 -441 -911 561 -989 -123 1596 -326 -142 -366 1042 -909 109 -518 184 218 -638 719 149 -692 -542 400 -230 -517 99 -1067 355 90 531 -247 657 -63 899 78 -402 -21 -440 811 -1521 336 179 -748 160 63 683 52 162 -119 -133 -544 790 -523 -63 -365 -807 634 39 -286 -136 952 -1285 1559 -838 1080 -207 -52 738 -796 -211 -366 1290 -86 618 -472 -338 335 181 365 -227 -138 -661 439 993 190 765 67 -1689 878 -1099 428 -413 -149 176 -777 345 12 -275 -254 -3 -890 684 715 -1461 305 -591 849 627 -530 233 68 -110
1069 -870 -816 583 -237 -862 69 -779 675 612 -272 267 -536 -715 -468 608 140 314 -511 397 358 -35 140 -447 -679 -255 -272 467 -79 -1311 -53 1512 -509 -595 711 -77 -1434 1272 -162 -357 748 -253 -66 338 -371 169 756 -711 242 64 -380 -728 -90 293 -399 607 596 -500 -16 -873 -52 -497 681 -409 -682 639 411 -338 -349 516 32 180 222 278 -611 577 294 -668 -113 198 -547 241 1020 -950 218 -713 -348 828 -398 131 -1229 -752 998 -484 516 -119 194 1212 -257 268 -397 535 -244 -991 426 359 -608 157 311 41 -359 508 -86 145 -538 68 186 29 -719 746
785 1720 -1511 -216 430 697 -430 429 -686 761 -75 -156 -167 -401 -1226 -479 713 177 -62 -1818 958 34 783 -768 366 374 -385 308 489 -423 -1163 148 1125 -1048 -479 -1076 1023 -951 220 -236 -623 233 -17 756 693 -40 -653 539 -718 301 517 -430 -1554 -51 -1033 254 0 -1007 1467 -568 -770 -225 244 188 -527 -846 -176 397 382 -68 -1065 167 107 -1120 833 -188 -283 -426 401 273 -90 -235 1037 -846 151 -116 673 -292 222 667 526 -50 -941 540 382 114 -390 794 -616 1241 -606 805 203 288 -572 821 -223 147 662 589 -791 -112 158 -738 97 -52 -147 -579 -755 625
398 180 743 -1015 351 -1043 -405 1023 -1352 599 375 -292 402 -1590 909 -354 585 -310 485 780 -643 455 227 552 -808 201 786 -359 -715 325 -448 676 -1162 627 -328 451 105 -645 43 337 -390 -441 -1367 -456 213 293 -593 811 563 -201 651 816 208 646 -1755 1217 -775 516 198 543 -310 -333 788 -183 1120 -315 72 -130 429 871 308 -1578 745 380 75 -483 303 -492 133 -342 76 -258 257 673 575 -266 -103 425 194 65 -462 295 332 -709 1120 -711 -971 1726 -1686 231 284 490 -854 100 143 -1362 391 -808 788 410 1035 -789 1326 -712 421 629 568 154 -399 167
665 29 289 396 341 -527 1192 -1425 331 180 -816 1118 27 -408 -797 200 767 -477 -441 -227 437 -5 -315 1084 89 -471 225 1199 -554 46 238 -617 316 -1024 -130 263 187 -239 1026 -378 -280 82 271 25 -218 -422 -43 -267 88 -159 -521 -72 678 -446 -246 -195 -132 75 -159 -1547 266 490 -151 27 -483 694 756 -2063 322 -409 929 608 -2413 1174 391 48 -85 46 -471 439 -85 -589 -25 -530 406 328 -883 -535 168 495 71 -531 471 -948 265 1251 -902 -797 25 -34 373 -80 595 -119 459 760 -331 -351 254 -983 -924 1455 -79 396 91 382 -354 166 656 -583
324 -942 772 -87 129 436 -587 -191 79 -37 2 -190 758 -791 217 -25 928 1140 -504 -460 -690 1302 -886 460 859 -998 64 -116 -231 290 512 -37 707 21 -165 -379 -286 -150 29 -20 1412 -1136 -29 908 145 -131 769 -379 1139 -916 1154 -116 -249 -756 93 1196 -354 800 -158 -47 353 -449 -400 618 -1328 -38 726 165 530 -1419 722 1291 -1032 -293 -168 94 -389 962 -585 -922 469 -406 -667 58 1305 -25 459 -500 -149 798 -898 577 520 420 94 -475 285 19 208 33 -972 511 -43 -922 1142 -416 -591 574 155 486 -853 -271 85 138 -519 115 -504 409 -40 -1483
-587 363 98 -131 373 -204 261 464 192 -239 -140 -195 101 -12 -420 -852 -97 1572 32 119 -541 -507 516 635 -1072 901 -471 -143 124 -469 -522 -473 683 -508 1755 -1693 1065 224 -1156 42 -991 991 -304 -144 -355 330 -419 -443 -200 1094 -895 417 585 -576 62 56 845 225 -77 -383 877 -766 -137 243 509 -229 95 56 490 112 -319 683 -665 222 -223 331 -378 612 -315 905 -258 1030 -580 -261 -839 44 162 -154 -228 -530 215 -685 960 -314 244 323 -947 501 -482 437 586 -1225 -142 155 668 -333 -346 74 691 -311 1137 -186 -1464 1165 -387 -38 528 -1028 299 -110
44 -953 -638 774 -1147 -499 -395 -455 149 732 -91 -45 390 544 -932 -70 -405 319 -193 578 -46 -824 448 582 -271 334 736 -204 571 -118 375 -167 359 -413 1266 -388 22 1000 168 -1157 504 173 297 -356 831 -121 773 -471 391 210 -320 522 103 -960 769 -417 -305 -508 -797 1417 -612 1389 -592 -1222 397 -81 631 680 -88 -872 1203 -685 703 -229 -708 132 40 -43 -810 753 242 -785 269 23 -192 952 -348 374 257 38 -956 -825 712 -140 288 -574 -440 60 156 -811 202 64 -12 -58 382 -140 4 -165 -216 231 310 161 -286 846 115 -608 1031 -806 -629 -623
30 738 577 158 258 -343 -295 -286 -9 -18 -68 -596 -534 1064 377 -337 -664 795 -666 1015 56 981 -754 533 870 -630 55 646 -312 348 142 -469 -884 -36 1253 37 -873 245 -396 -222 316 -440 481 187 -1005 1086 -958 522 -26 -662 -35 221 102 -77 237 132 734 -539 -321 -450 64 -45 318 659 -1066 697 -686 -1326 2160 -70 -127 87 -1352 1920 -1188 460 -242 -582 1160 157 365 -631 855 -660 -716 316 -309 -24 -354 1698 -509 -65 -333 663 181 110 471 -972 1265 78 219 -1059 -151 -89 138 -559 158 302 -425 248 17 -283 -820 62 489 425 -269 917 878 -935
117 -201 -865 -292 -594 1216 -1128 855 -394 844 84 237 -1381 301 260 -114 694 -255 -907 305 -56 301 -162 -390 322 -211 653 -876 510 -129 379 0 -300 -866 541 503 -346 129 -874 273 -384 -120 -544 68 -479 1274 -610 557 -217 -311 -129 542 -3 -670 535 -701 388 -265 115 217 -17 -1001 -83 -278 -243 182 122 -428 -236 57 302 -751 778 -317 -259 104 -385 209 -467 915 -903 609 133 -230 -313 -21 414 -717 -155 -1212 152 285 -1618 543 923 -1040 -963 1028 -1213 1294 371 -557 100 547 -291 -736 -231 -528 402 663 101 -988 -59 -328 934 -600 -766 762 -634 652
515 914 469 -777 -1072 722 -905 -227 -71 75 -1116 610 -478 129 -312 -114 65 263 390 -390 419 -796 865 960 -822 -257 801 565 -1006 685 279 928 -1102 177 -116 315 632 -1040 63 -401 82 365 380 -611 -177 -267 1220 279 175 358 -808 -1124 1186 -87 228 542 -341 -925 442 424 -185 213 -381 244 81 -204 -105 -789 800 -488 267 -304 -220 680 -708 466 938 -92 -991 -55 886 71 -907 722 -555 25 -34 812 234 323 -540 -371 354 -680 -417 1921 -864 -144 -466 -319 501 434 -1143 1095 63 -541 732 -699 4 -832 1224 1331 -1228 50 511 475 -275 206 598 -816
299 953 -230 149 668 -607 472 -100 379 713 -736 -143 -221 717 -1104 -268 646 -945 1096 -351 650 392 -1462 554 833 -85 -114 -196 529 198 -956 788 389 547 -988 297 -433 1193 -464 -31 -360 452 -96 269 660 -1541 -82 178 414 631 -396 -549 -32 -609 310 -985 -121 937 -1019 989 -62 -255 1659 487 -581 512 825 616 -319 1287 -1945 1419 224 -284 -187 -239 762 -439 -195 141 -643 684 -815 310 530 -93 -686 212 -384 535 -355 612 -1344 1594 -1145 394 -649 1003 238 -181 -340 -843 99 -354 89 224 64 -372 -2 -37 75 727 -211 414 -853 272 -613 -296 402 407
-528 -162 1412 -1291 594 1235 -937 201 529 -83 812 -271 8 1092 -451 241 -195 -151 -103 -37 312 847 -657 -561 -344 -548 -110 673 246 -68 -457 -435 -304 637 -28 299 -506 245 -351 -1268 1586 -126 -427 519 -269 318 -541 795 -1354 1116 -695 -647 675 -520 951 -131 -580 559 -357 -15 -258 -682 678 956 -1392 500 314 -197 -626 1289 -229 -696 559 274 -149 -524 1091 -183 -373 -575 183 -203 66 -91 178 90 488 -295 -272 211 434 -500 393 -495 669 617 -781 -160 421 554 -1391 904 -1197 1144 -482 -158 -193 136 -94 -670 115 79 -421 301 680 -210 -865 364 -242 187
-309 -526 17 504 -1077 -167 485 -106 -346 57 670 -327 325 -68 500 -738 -729 111 106 -1015 561 187 -357 544 -541 647 -538 -787 630 -185 1290 -886 -773 1010 -216 91 1558 -208 370 -420 99 101 -106 187 754 -212 374 -340 488 651 84 -132 592 318 -421 12 -10 -201 1093 347 -1192 318 159 -804 -236 437 -533 -1 -397 -370 -204 577 -248 -490 1316 245 -371 82 550 -50 287 245 -851 -495 586 51 1000 75 -215 -510 324 1129 -1603 255 -250 173 -785 998 -269 871 -624 253 243 -108 980 -660 220 269 -278 -305 -638 1916 -1288 726 -244 491 -145 448 -479 650
-64 -758 -409 671 -92 -340 108 -257 -1713 384 1100 -94 -772 349 160 722 -919 -843 615 -1052 137 328 141 45 -143 644 -703 374 142 -869 223 1116 38 -918 -797 548 -473 -85 278 655 -231 -442 694 163 -387 687 -9 -548 1151 -1361 1716 -464 -183 1108 215 1102 -730 -580 293 -552 345 -50 -385 659 -1612 -197 1271 -88 236 -146 -159 140 -368 181 -360 212 -214 229 -828 -76 1035 473 574 -772 68 248 -125 8 -635 -178 -126 -235 417 -477 -10 -244 610 -202 -353 164 125 -825 -383 57 -194 625 437 6 739 -724 -707 -35 -112 246 -884 1208 -774 -581 185 -712
-518 1044 -1266 -5 897 -444 224 1107 -1760 183 27 1416 -430 50 259 238 1084 -218 593 -701 -769 -273 0 -620 -211 988 -700 948 -1005 -59 -663 408 -63 835 77 50 -861 -319 -491 1485 -416 347 -165 6 -1104 1288 750 -1240 -84 362 -752 37 -101 -786 504 -755 -566 550 -147 -255 784 944 -883 817 -268 307 -661 1061 -1254 772 -811 -786 141 180 497 -1528 597 -360 388 -1305 1369 -945 1331 -102 -301 707 -477 245 442 -7 732 19 -575 769 424 -582 -341 -923 912 887 -464 756 -345 6 -481 -824 127 90 1184 106 706 -527 564 105 542 -192 1038 68 -1145 -220
-243 859 156 -958 582 -502 39 235 -155 -530 5 321 -545 -36 71 -564 -166 1120 1279 -405 354 -96 88 -243 -504 -1049 917 1053 693 -13 843 235 247 57 64 763 -211 -180 105 -762 199 -514 939 79 -302 -386 588 568 -1008 -243 397 141 406 -557 164 45 -552 -256 -62 -388 150 -88 211 -493 457 295 -297 455 1015 -904 232 761 -419 142 572 -211 873 -62 -1337 471 -194 390 377 314 -421 350 1169 278 -1145 960 118 -343 239 360 -49 386 1360 -1073 -526 1011 -793 869 -335 24 709 715 92 -582 529 -810 -101 90 -601 -677 876 -119 -157 122 595 -712
409 -1179 228 467 341 -1543 979 -390 -42 1345 -9 327 404 -998 1092 -1227 38 -727 164 36 739 -589 859 -436 744 644 -1409 -550 -18 -491 614 -1009 594 -592 -171 -487 902 -987 -270 1392 487 -1280 -65 2 441 522 -499 422 305 214 -988 156 -536 81 1339 -448 -1079 533 -116 -524 603 -494 568 -159 109 -209 363 -573 -231 -67 -142 -1029 726 -359 523 209 -666 -290 142 200 -263 -145 -294 290 -776 782 -185 -111 298 534 277 -271 -337 -815 271 -1040 691 -147 257 -215 -139 202 -134 -455 -179 -900 799 -268 335 646 -175 -90 117 79 -783 43 529 611 -1772 1395
-953 478 -345 137 379 -636 -555 375 -722 861 -215 437 1399 6 -1045 496 -1057 841 -291 -323 -264 -1177 1595 -930 45 -52 935 440 730 376 -512 102 196 -14 -531 529 -221 339 -488 -314 51 57 -352 -599 -308 510 -47 441 -994 1460 -40 54 -545 -218 -264 1090 -376 -180 910 -289 -765 699 -151 -285 503 -848 1086 -901 53 278 45 -1342 215 -597 -3 1400 -464 -827 -231 -159 74 33 -966 323 -896 -214 137 -227 -811 647 -360 376 487 -418 756 -820 1414 27 211 -118 -208 -652 82 -216 -926 616 -415 -598 479 -29 388 -130 -380 80 -1153 -136 232 -3 -240 437
222 -1184 1182 45 617 -269 -35 -719 -286 -40 -1046 683 312 260 -299 491 -909 -1200 486 -116 832 -525 1307 -393 -194 -77 -30 -776 401 227 996 -709 -286 1160 -636 922 -1227 -146 426 -829 300 -763 396 -277 -117 28 -752 -151 -41 -439 1254 -798 916 127 -1122 580 -526 238 -198 249 -517 230 138 1085 -943 56 369 -483 -99 -185 1285 -1215 744 -576 -523 60 665 206 62 337 -197 -255 326 377 5 -374 427 71 -801 -137 -122 244 -1298 1171 -1174 -232 618 -376 550 56 531 -152 328 253 -1255 554 -687 536 -293 -892 258 1189 -112 576 -42 -81 -254 20 492 446
-486 -1676 18 -48 1010 166 89 418 163 1070 -1462 331 151 -529 -150 175 -68 370 -605 58 -648 226 2077 -1121 1006 -1012 751 278 -484 -294 -209 -126 -471 -1047 1084 732 -939 828 1053 -1099 -122 209 -259 405 -178 -692 1641 -522 -592 -383 -629 -275 611 -463 -164 -64 -334 88 -370 480 -252 -862 -630 1758 -250 -455 -20 -238 -127 -1054 1250 -532 -45 156 -24 -253 21 -606 -263 178 1120 -1807 -62 -413 157 -28 426 415 -973 48 -731 944 -1242 544 -71 -534 240 54 -408 322 -266 336 -1069 -76 625 310 -73 926 48 -652 362 -196 999 99 -192 -624 470 145 51 -620
1024 -756 -926 -311 204 171 -256 712 31 754 -2 -441 359 936 -278 -1109 506 -908 105 707 -1251 -89 8 -175 272 -467 300 899 -3 433 -268 118 -103 -620 -221 -86 -1307 204 -50 521 -1203 -204 -70 536 30 -1035 325 592 -430 -64 394 -934 1005 221 868 -575 194 733 -13 173 802 257 -1569 855 -209 -25 388 7 -405 354 223 906 -578 915 -1000 1259 -1377 1232 -1183 -16 608 246 -134 692 -310 -667 601 -1078 529 -421 -81 -982 -257 -22 -39 248 -701 788 -709 -210 387 -128 1174 -1012 -269 -350 317 283 1579 -1114 215 -151 -292 413 307 -514 -243 -436 -217 998
320 382 -653 -136 -259 720 -114 -409 355 101 500 470 -1661 835 148 678 -1155 1236 -1325 28 -275 312 517 -1447 662 -819 135 279 -306 320 844 -459 824 478 -400 644 320 -148 717 461 -50 -757 -33 -522 879 -496 -9 -137 337 218 -571 -506 -203 -338 407 -458 -149 219 28 -533 219 -88 538 586 -438 -437 260 -987 554 -875 441 -476 -14 339 -532 976 93 164 -295 -446 222 61 -737 14 866 376 194 111 -617 458 652 129 -620 984 343 -564 477 -103 22 430 -465 -428 -229 -424 -658 1703 -608 -1088 516 -111 -87 1311 -968 -891 -23 230 433 -80 -792 953
289 -258 -159 -249 -954 720 -1066 1058 -356 767 -534 699 256 -537 456 248 -508 507 643 -810 360 515 -565 364 -691 602 -784 53 -186 -171 -217 -11 -430 383 -771 501 -904 -70 80 -290 908 207 -625 157 -57 -13 356 -148 -358 -415 554 569 -893 -467 219 -154 -74 164 89 891 -1350 663 568 -384 193 -164 358 31 -727 519 -288 584 -29 -353 -54 -297 428 -235 243 -550 -5 -375 -231 -232 -574 522 -350 268 249 585 -503 -636 -43 6 658 -252 422 -870 638 -526 414 174 -60 365 -375 -806 1634 -66 1343 -1438 -56 213 406 678 -252 945 -1185 310 114 598
1064 -429 137 651 -974 -538 699 -1202 -457 244 12 576 95 -120 -277 1178 -760 1463 -632 -487 626 240 -313 1063 -1094 1149 584 115 -449 -153 279 -43 -641 652 -791 -122 -645 1029 243 -981 190 389 322 219 -437 900 -417 9 58 -787 147 404 -754 -56 -445 -912 -685 1432 -650 -685 371 639 190 362 260 -936 337 531 91 -978 -233 767 -278 144 385 -1103 793 -93 782 -132 -1186 528 -104 -339 625 -238 -602 618 179 -95 184 -121 -245 118 -573 779 44 738 -584 -421 355 171 135 601 -315 -268 -499 1277 545 121 77 -1572 981 -148 278 -857 794 -427 -381 -689
1078 -77 110 361 799 83 483 848 -163 -76 -424 35 -785 1056 -845 -579 512 392 603 -216 -973 -457 938 -663 -369 -938 715 474 315 405 466 376 430 215 -131 -532 347 -229 -20 -172 367 -660 -138 399 429 -324 1127 -628 760 -694 -132 359 -215 525 -821 1221 -692 -188 2321 -1717 -501 309 -210 549 -44 728 -680 58 1417 -1034 238 345 -725 -402 66 541 -373 1198 -718 1008 -798 -1213 836 -92 -977 576 1343 -1422 651 1141 -856 356 -1114 1604 -986 -432 51 956 65 -1063 -41 -6 337 39 990 674 -606 -71 -23 -99 841 -1877 725 -673 249 -132 569 -587 -110 437
-109 105 201 1071 -1394 916 -1430 -174 906 -560 1267 -266 -117 21 646 -1392 -533 953 145 438 8 -201 863 -190 273 -35 9 -428 -888 291 -463 636 -132 1062 -364 -40 623 269 84 -242 248 341 -1002 140 112 58 -572 951 -259 983 -1056 661 -1303 279 -220 -315 403 108 760 -189 289 691 -618 -539 797 -743 27 138 -54 666 -151 109 334 -311 -208 -786 225 418 615 186 -514 -186 -672 131 167 -758 457 220 -959 726 -168 248 -1161 59 116 495 176 -620 -122 346 -27 -662 460 598 -596 -453 1762 -595 929 14 -547 -605 927 767 -867 -182 984 -626 -579 -124
-664 -210 582 -709 381 153 275 17 -450 1111 -948 -175 1314 -1433 807 -307 -21 -51 -460 483 -52 589 -379 -412 -202 350 766 -326 645 -680 879 286 -967 377 -602 223 373 -140 229 -227 -171 -170 -608 370 -854 -668 1472 -803 -540 870 395 -91 425 -50 -627 794 -131 939 420 -199 276 562 -146 -1017 50 607 -511 221 -245 112 58 -916 497 127 1372 -1377 -275 123 -380 -173 101 -280 -887 -702 128 290 599 -602 503 -216 473 301 -187 799 -786 28 900 -625 1071 -1462 802 -680 1103 -154 -45 1099 196 84 -166 468 87 199 -499 -138 66 291 659 -9 906 -472
-896 660 -291 -98 1375 -1209 -278 295 451 -643 268 578 146 1168 -99 -500 -325 -360 340 -1721 450 1332 -53 250 -571 843 -777 496 363 -1665 944 650 -660 363 -1018 -641 56 -423 1331 -633 1373 -576 -56 159 371 -685 -7 269 -249 -232 310 -470 -789 101 -646 162 -489 214 934 -927 185 -24 763 -909 137 -132 314 -15 297 257 419 -323 -59 -651 53 652 163 257 54 465 516 -63 75 -24 -946 107 -573 154 -308 182 -166 77 -332 -404 402 405 -265 439 -363 -201 -538 562 -1320 -629 -140 288 -135 -637 1160 -758 -378 -345 293 276 -599 -835 468 27 -872 1134
-102 513 298 67 472 745 -788 432 -647 644 -1389 -289 456 122 18 1138 726 754 236 -646 -490 -706 -397 372 -955 295 199 -1232 295 -263 -212 11 462 -595 617 133 10 -657 1196 -930 -623 206 459 -348 91 1075 -2478 579 455 -292 1471 -471 231 -925 -39 290 148 -101 194 -380 862 -306 616 -426 276 -269 77 -1214 646 111 664 -637 627 476 -312 -296 -374 -604 -170 108 517 107 52 -257 1264 -1049 823 -542 -906 264 -325 -354 774 -202 -322 -19 22 355 -606 -526 1518 -388 -44 -704 424 -628 982 -582 804 188 -785 257 -226 -477 -28 -696 1551 -1051 411 -834
-408 -436 -94 -479 349 -498 532 760 -1545 1123 -313 -338 382 -569 -710 279 -491 -403 193 1033 133 -154 -348 -993 618 -327 348 730 -468 404 73 196 68 -10 1015 -557 578 -817 -247 1251 -498 -661 -66 233 -269 60 764 -560 -676 -490 687 274 220 197 -543 -762 162 887 58 -355 -328 279 32 650 -434 595 39 350 -408 35 -568 440 197 96 356 -292 160 -109 -469 -351 -262 320 438 -558 1166 -1116 1463 872 86 -751 622 -664 725 -715 703 279 382 -834 1401 -570 40 703 -14 -656 813 -115 -3 1261 -354 126 113 -119 13 666 503 -1061 756 -360 -961 483
2013 -550 507 106 1361 -771 -193 1097 -32 -519 547 -635 1200 -328 113 -1516 1000 -506 779 -593 -108 1689 -587 -913 314 -718 -159 329 32 -777 260 1061 225 -439 104 -434 967 -1 12 761 -1245 715 99 108 -110 -77 -240 723 -226 -268 -143 -120 -826 675 824 -15 -992 479 -73 489 -411 632 -938 4 494 56 -568 -930 734 -630 -258 -128 610 180 -92 263 24 142 1274 -642 194 -615 524 171 -647 53 -874 1423 -776 653 105 -450 240 322 -555 236 34 61 106 409 659 121 -315 407 -259 -34 -224 211 788 -669 69 -740 -17 302 -1366 128 947 -195 -496 370
-433 -244 -226 -703 1021 -196 309 117 442 -282 51 -138 568 -709 939 -417 -253 585 -193 -305 389 403 -464 1491 -803 332 331 -43 11 4 -1147 473 345 357 281 576 -2373 -30 24 335 180 -659 630 -774 -679 1781 -11 -671 681 662 301 -107 -226 288 -221 582 154 -138 -1131 410 340 -403 -200 480 -87 55 872 303 356 34 245 -984 249 -19 135 -716 -96 696 -104 -260 333 628 -654 83 1048 -698 -142 -348 511 469 -326 82 362 -442 -152 895 -1036 87 127 -543 472 -1 -133 234 1052 330 -569 245 367 885 -633 2047 -1350 290 960 468 -603 988 -652 754
980 100 186 -241 -483 -765 175 -457 1182 -960 414 1075 -536 -25 757 -471 -893 341 -440 852 -1200 293 -812 -172 832 -1009 1298 -916 575 -170 464 -22 -1062 446 341 1317 -182 -82 -4 -468 -651 1011 -564 808 -507 -697 859 -76 -928 1227 171 192 300 -476 390 150 70 658 -46 -60 -357 -886 379 -295 633 536 -891 689 -70 549 332 -185 -156 -276 5 -57 -305 -751 1141 -400 172 508 -548 265 509 603 79 -67 -736 -248 341 -476 563 1092 -439 266 -623 766 -1056 123 -931 342 -861 -103 -312 534 111 600 -480 -356 -148 -304 -161 -323 -263 500 716 -1095 847 187
-565 282 -232 306 -887 448 -658 -82 837 -1197 166 70 -305 49 -884 -73 2056 -893 -516 1627 -225 -913 190 740 -350 -494 -184 551 -1766 778 -105 644 -489 710 -822 -127 506 -19 555 516 -657 -574 214 152 436 -180 -92 -454 521 -919 361 38 -366 -187 -363 -1097 1198 -664 240 482 -677 -1134 756 -1144 46 339 -211 -1093 86 524 342 -390 175 -303 -296 -521 -170 -421 -271 -103 -146 -29 663 -411 -51 -1421 -425 1062 17 379 -422 -756 -742 -39 -434 654 -476 -115 546 75 -110 314 -806 370 -655 -790 187 -823 1299 709 -555 224 202 653 542 -1763 1718 -26 -479 -75
-597 581 -554 1834 -1726 -391 865 -549 64 918 -265 -604 935 929 -515 355 224 -81 -232 1296 954 -696 -1188 512 53 362 74 -281 -120 -940 659 -176 -113 9 125 220 -533 -469 310 97 -129 -1119 627 837 -856 662 677 -951 239 -1568 204 563 217 -759 -313 916 -919 235 -53 729 -622 767 -77 -186 557 -218 643 84 -533 11 -275 -115 554 -606 677 761 -684 636 -282 -846 -109 -154 -322 688 692 -476 -844 452 -560 -111 -997 1431 173 -5 101 91 -245 11 -443 100 -259 8 -352 121 949 -335 522 -564 -287 149 -586 -360 -580 987 -268 -245 438 -514 892 -376
499 -637 409 -643 941 759 -1516 464 841 607 -444 -402 -582 -488 61 -84 160 626 -704 -368 487 647 -600 -283 359 56 -105 -62 151 -1081 788 176 -195 68 -272 697 352 -881 992 -360 -780 805 -930 193 966 -148 469 419 30 -18 -610 -113 -86 -696 36 -44 59 -354 134 -600 797 -1393 278 -285 -944 104 45 302 -554 605 -256 1120 654 -1613 739 330 135 143 880 -424 -257 -249 305 -704 -25 2 -251 559 -583 733 -368 -1490 -921 794 -775 -555 -587 1260 -534 -669 1369 69 -292 -25 -622 2213 -1576 1295 -321 -748 265 -97 -1338 753 -116 20 759 -964 183 632
-269 239 -835 382 -1574 616 -248 878 -1139 352 573 284 749 -1049 130 566 -461 -677 204 -241 -159 898 -837 -1066 654 -169 -82 1286 -1089 1107 -406 696 148 -134 -819 660 -1060 -378 243 -77 185 -372 -401 -771 650 -421 119 -509 727 -96 -543 292 -565 394 -171 -391 1720 -1785 -706 140 119 608 307 -438 -98 425 -196 -289 -777 -111 -665 599 1017 -1236 -169 941 -574 -413 275 416 -178 572 253 -380 1373 -635 479 -102 690 403 -140 -100 489 823 -472 1462 -1136 936 811 -900 330 240 68 -395 -792 1211 -175 -138 836 -889 -1121 984 -281 -1329 -244 -505 520 6 147 -611
1324 -430 604 -569 889 21 -557 225 -107 -1732 919 -1100 113 -32 -450 98 1609 -957 -837 503 -245 -1040 1393 -1774 515 -803 -1164 -144 1394 -1045 -504 987 84 431 -297 844 321 -860 853 -96 472 -57 -192 335 538 381 -601 795 167 -398 1557 -1148 -58 -669 695 -1514 799 533 -215 383 -1284 359 -564 660 -69 1124 140 -923 430 -269 -928 125 1160 -459 -29 17 -495 -182 -487 146 -785 571 -817 -49 -327 172 540 213 -457 962 -961 740 -1580 525 -127 -92 -221 419 -269 630 289 -311 -110 46 -446 -432 292 34 -59 575 -210 434 59 749 -1094 -14 -236 26 -173 -116
381 -111 615 59 -1448 391 476 -32 558 -755 -414 473 -757 -305 936 -438 1185 601 -1006 -234 1418 -1407 811 244 189 85 54 -867 9 1347 -209 -952 425 359 -556 -43 -318 668 -187 -622 1038 -445 -798 541 443 -1377 164 580 522 -1554 834 -460 1161 -121 275 -821 120 -330 649 757 -151 438 -730 609 -576 275 450 1423 -1108 1060 -190 11 -1030 1249 -373 119 667 -761 199 -221 210 656 -443 -186 1205 -671 956 -615 -232 107 593 -452 -529 230 -1230 786 -567 214 330 -14 -637 1329 -143 979 -431 -694 1167 -242 -427 -846 -198 364 773 -1028 771 16 -354 -225 599 -1944
804 -294 90 1073 -305 -403 860 -20 533 461 272 559 -1010 -313 -526 929 904 -741 226 130 1200 -442 67 -199 -15 578 -1311 487 -1114 -33 1616 343 412 -1282 48 573 643 -245 -437 631 -28 -261 248 -622 845 -464 -18 489 430 -78 -828 683 -839 -489 -210 -556 768 -1152 -148 610 -959 -10 -229 655 -513 659 -878 -518 1223 -837 209 -542 1091 -640 629 -1709 1098 -27 -576 -941 -220 -100 -710 533 -1782 1870 -1175 1077 -340 -854 811 159 314 120 636 -945 208 -57 -741 801 371 -1678 163 329 1193 891 -1356 1310 182 568 -1049 -78 -291 408 527 -822 9 862 5 -393
881 -809 -656 1413 -1082 63 -704 -99 521 -281 331 627 -121 295 -940 -317 191 103 -517 -225 925 379 21 126 80 1015 -311 432 77 -731 -424 141 2179 -599 -242 -273 -274 1066 109 483 -141 -322 -80 709 176 -1016 208 107 259 174 197 -474 1107 594 -1547 544 -662 -103 -311 106 693 82 -516 -163 -311 1254 -529 409 -658 281 587 496 -1232 1374 -408 -721 499 -637 884 780 -1781 1118 177 -220 507 -1169 517 -467 357 -496 752 -1060 -303 193 -152 -174 176 -599 269 -571 334 426 -361 -209 -226 549 625 -519 423 451 1310 -856 -332 -296 345 -590 -10 492 -415 216
-125 453 -207 316 -118 -423 1352 -1271 408 -429 -856 683 119 -258 -281 577 58 -142 -1486 1095 -178 -423 772 -472 60 -389 661 -550 -153 556 -1351 902 -88 -512 1101 -113 260 170 -837 794 82 215 -174 304 853 -422 -1204 250 -314 -321 166 -355 -137 872 -435 43 229 852 -296 -108 486 -439 440 -345 -672 486 -270 320 20 -1046 228 581 165 788 -801 693 929 -1447 529 -936 206 -620 365 572 -626 494 245 -618 100 -273 570 178 -190 860 -532 160 330 120 681 -404 -24 -159 632 -660 -491 -512 488 -34 -95 -128 -245 1092 1226 -527 224 -647 -32 37 150 -325
-130 25 -615 574 -383 217 -35 603 -46 154 77 327 343 350 -593 -541 436 329 -532 -169 -240 -1469 1318 -984 834 -53 -196 651 1071 -823 357 -599 1256 -1213 -110 -408 727 277 154 -557 -241 -886 613 -709 444 945 -789 -1056 887 -780 240 -482 392 91 -54 -185 -591 619 -267 54 414 164 -18 424 -266 1089 -1179 505 43 -530 -425 -199 704 -41 716 -170 634 -5 59 70 244 -1143 1018 636 -988 194 380 -269 734 -754 -47 -269 545 -538 -236 -905 -397 212 -319 568 38 961 -763 715 -391 488 -282 -285 715 -1114 435 -915 218 1550 -960 687 242 -381 -54 -836
1015 -212 -88 116 -190 -97 -240 124 -123 461 -240 -76 -154 93 603 120 431 -1179 181 890 -132 -779 346 -676 -390 1259 -1145 174 -354 113 344 91 300 -159 -360 -1045 468 -469 -157 884 -964 -179 -295 -151 -186 496 1144 -360 -1331 1083 -582 -1107 -230 1221 -67 55 -858 628 -138 -673 745 -599 608 -622 310 353 22 786 495 -555 700 298 -629 369 -831 -462 75 1489 -983 240 -566 -144 574 -38 -12 -262 614 -837 -150 484 127 -19 -178 1900 -635 491 -116 -896 48 44 -230 1149 -58 -907 245 566 728 -1656 905 -1020 1261 -1025 -505 85 46 233 435 -300 1363 -1148
457 229 207 378 286 45 114 -1294 -84 801 50 202 -1324 848 -489 575 -583 662 -702 -378 676 10 247 -856 1488 -1834 120 1396 -306 516 -208 35 461 632 1071 -1321 830 -1126 549 93 705 -751 -633 184 -89 42 -405 -216 1335 -128 -176 -645 -782 62 495 505 397 9 -95 -220 1182 -377 -251 -820 1219 -45 -447 682 -848 -775 783 -239 -171 774 -125 -349 -132 732 -1129 314 -121 -670 1149 -693 152 277 -348 990 62 -188 -31 -995 263 512 -744 -343 399 -27 33 -522 293 -78 739 -197 -6 575 391 -625 1035 -792 739 -524 354 -285 -660 56 -446 -134 271 -339
-1673 154 -224 197 752 -26 543 755 -1088 -55 -220 390 -182 -918 401 1079 -508 491 275 -566 631 -1131 -37 -425 210 174 -510 -250 -338 225 271 56 -716 521 -22 1020 -241 -80 1312 -451 262 357 563 628 69 -197 -590 162 -372 227 1001 394 -817 -642 72 -656 781 540 43 -1237 698 -1162 226 -545 35 65 -463 862 113 710 -1347 244 506 -507 -630 469 -411 29 -161 1177 -854 -255 -349 1265 -330 -1016 712 574 1003 -384 133 365 629 -945 800 -51 -396 -1433 345 195 19 479 -1094 399 -933 -1275 998 -211 -1398 806 -229 858 -311 325 494 -7 -273 78 609 -266
117 -390 -185 903 -1724 418 -61 -578 447 -240 276 1126 -1574 350 -103 -1086 134 -619 236 539 866 415 -217 -87 262 845 -885 1353 -1258 -88 253 888 -247 -332 288 -560 438 515 620 -238 103 257 -1100 850 177 663 -55 44 -487 -354 480 133 53 612 -1217 -800 910 408 520 -593 1223 -752 313 409 -744 -957 1108 -244 1169 -992 1384 -433 165 229 -152 351 -149 -883 -693 388 132 -526 185 36 -1060 348 -700 62 -9 -587 572 -218 605 -67 -1132 326 -202 -1002 109 -181 -138 -356 284 820 -557 442 219 -161 9 148 528 -849 812 -207 554 398 113 -311 -379 658
-309 679 487 33 228 672 -606 646 -516 932 -1224 -29 271 -12 803 -663 776 -1223 506 -1246 -24 612 -623 141 -456 -113 -189 600 1333 -530 -130 -537 1588 -148 -751 -121 907 -849 -235 1249 -1138 1755 -787 -296 277 338 140 -706 -482 -1197 282 76 211 -84 446 -383 -691 207 856 -236 -105 -163 -126 1127 -954 -190 -1099 1175 -363 -338 -34 -836 983 121 -822 749 289 -108 253 -307 224 294 141 -55 1009 -659 -77 158 -502 216 -847 246 -1 748 772 -464 327 -1119 857 -510 74 1507 -1350 833 726 -1042 786 -212 -548 817 -390 -80 77 -730 624 32 -670 643 -582 568
628 -151 370 -753 1022 -180 -616 1069 -1034 -467 977 -51 -1923 433 252 1723 -1915 903 532 73 820 -492 -272 978 -285 131 -8 -575 127 -1048 277 -195 -500 892 510 159 -1202 1197 -1148 259 -294 -899 1372 -687 -505 266 1564 -267 653 -198 -1001 203 -988 371 291 -169 -822 390 1139 441 -886 -348 -841 549 -295 177 -245 595 -126 264 334 -855 1427 -1556 132 -465 11 207 -1381 482 -448 -235 186 1265 -488 758 459 1012 -725 -215 355 -893 -643 948 -1222 1378 -47 -378 734 -185 -180 -273 199 -240 514 109 473 179 -99 -164 183 1358 -1378 85 91 496 -822 1269 350 -697
2 -68 168 -153 -233 -472 -115 448 346 -49 -262 86 -370 -688 -869 779 802 -1359 190 -175 -11 231 227 -728 579 -318 -556 832 26 -56 127 698 -63 -678 145 1202 -865 565 361 -977 418 -301 -1142 262 805 -535 537 -175 -4 908 -661 960 -939 84 317 -379 3 -1662 698 814 1531 440 -132 -803 927 -874 733 -330 1117 -566 669 -785 1110 1140 -374 322 224 760 -732 406 288 -158 -435 146 193 -289 -583 285 724 1213 -821 598 -207 576 -702 159 686 -13 -256 -695 1317 -453 596 -576 -834 417 897 -407 496 -1466 885 189 1018 -587 -752 465 -268 -803 30 193
751 226 -1527 393 606 -744 603 326 -734 1183 347 302 -247 -955 1206 -1010 364 166 -1082 -115 543 95 512 -636 271 -788 383 112 -620 -483 204 -244 961 473 -1204 584 1200 -424 -98 1584 -191 -236 -593 -324 111 3 491 -684 -62 426 58 193 -729 485 451 -1184 1364 -917 -398 -815 -390 -47 94 -280 -801 880 -248 -713 56 232 -998 1192 -158 -569 270 -157 136 -383 114 -543 126 -1323 232 -165 -846 1813 -942 -35 -436 -921 976 -109 -289 284 -63 -1176 268 412 1230 -1491 308 243 -511 1068 162 -683 -555 1919 -666 -134 107 -1076 -71 300 -79 -1278 1349 -1 103 437
336 501 55 -1154 551 -796 -492 270 1085 -69 286 453 372 -41 337 -169 -683 1480 767 -1181 -14 -10 725 712 -143 559 29 -532 -700 689 -376 -9 -333 570 36 -1187 1126 -394 257 -725 707 507 -599 295 -709 864 938 -285 361 -323 1125 -421 -621 624 447 -45 -330 303 1423 5 -325 372 -649 -137 -382 -89 -365 3 -950 1325 -531 -261 207 213 482 -182 81 -574 873 -789 1206 482 60 -765 882 -91 528 389 -396 -848 611 96 -1388 1008 -496 789 -159 -313 -497 -128 842 -535 -109 -364 371 816 -499 258 567 324 261 254 -922 0 -243 -313 541 -226 -378 995
-716 9 916 -244 635 131 -981 -317 113 -658 738 -363 600 -185 441 800 -1588 15 219 22 -465 711 -698 342 248 -388 798 171 -282 -478 643 -515 806 -132 249 -977 180 522 -564 -368 656 -402 291 63 -747 792 -1928 863 618 372 -699 195 -675 335 13 147 5 -151 -721 546 -135 905 -1115 535 464 1250 291 -1591 -105 690 381 -256 505 -435 -4 216 32 -1277 207 187 -214 145 -136 -221 682 501 -17 1257 -1190 -75 562 -256 -155 -515 -880 1671 508 -400 1335 -252 300 -194 -234 -274 -689 352 1101 -972 7 576 43 66 254 194 -1685 -273 864 -192 510 506
1026 -79 305 -573 128 -2 1047 292 -196 629 410 -1531 941 183 -47 -912 470 -207 390 -1041 -257 718 -981 -224 -88 318 -209 -478 181 272 -141 54 -185 155 488 860 -1143 1521 165 -603 -135 645 -961 1118 -248 305 -656 -55 -735 1519 -164 -716 -123 822 -1365 75 83 41 690 -575 140 -64 -156 -668 88 247 841 -1175 -296 -161 -519 387 -536 334 -402 1201 261 -1279 260 -772 1017 -1437 1057 -2120 268 -453 -346 220 1280 -454 1170 -383 340 -343 -547 -278 875 -196 643 -1085 190 -839 605 0 -1064 438 -250 -419 -77 645 135 -383 569 145 905 -152 -1391 789 -531 491
396 -32 -571 535 -62 -1037 -16 -555 -180 353 853 -1115 995 -61 572 637 -1037 273 791 -991 153 -75 54 502 -159 -169 -411 -54 -282 -690 405 75 287 -40 -352 898 -992 164 282 726 -439 190 -827 1145 -502 404 53 423 -592 -401 915 -142 -439 -91 -95 272 -190 901 -1281 505 55 5 873 -442 473 -335 -468 1383 -115 -581 86 585 -506 -916 878 690 -72 -609 -317 -317 734 -267 87 263 -168 277 -944 -1030 441 -1497 595 1008 -544 59 -373 -395 191 -481 616 652 1022 -1830 303 -51 586 -1611 897 -325 -52 -444 669 -275 270 308 -611 232 847 100 -86 -665
428 970 -552 119 -363 466 1005 -1061 -327 -371 -151 108 59 -134 -1234 339 633 279 -614 -20 -175 70 199 -948 339 482 -450 170 726 -663 -351 1069 -538 -369 -849 481 -742 -434 742 -1093 68 984 -425 -205 605 -187 719 -559 278 623 142 -672 899 -762 -38 -614 -105 750 -13 -135 -238 408 -550 129 -968 1092 -1248 -1029 638 406 -1207 1177 239 -721 580 72 226 -271 558 336 -1120 850 -543 -468 680 -303 1943 -1579 953 -122 -669 398 -33 592 -409 314 -754 719 -1210 428 319 911 -489 -187 1719 -446 -466 761 -101 -694 260 -622 -96 1527 -1483 789 -1694 -63 635 -18
90 -442 -266 1705 -1033 -415 372 156 -203 167 122 -320 227 -16 87 -1640 163 273 1042 -821 734 -386 -392 1448 658 -482 93 -460 839 -372 1010 -580 495 876 154 -716 -696 1049 1238 -711 -229 -120 116 503 -32 874 -1179 291 -117 -288 693 116 -403 1124 -406 453 -866 19 339 -814 -250 457 713 -237 926 1003 -1071 45 -152 124 132 -1328 -218 66 1156 -105 -645 -1437 440 573 2 773 -1716 888 -1478 1268 580 -1099 -441 40 -361 858 -967 -99 697 -492 844 -1207 1703 -848 -69 -46 -36 -149 59 -205 464 -825 272 753 -353 369 -89 814 167 187 -107 493 -192 721
699 814 -1553 78 443 -653 -702 -163 376 -464 -60 664 427 -431 -44 -690 512 -69 -187 553 70 -389 -418 -466 168 -85 -980 767 210 -1310 -241 714 -976 592 86 1163 -861 -243 410 1851 -439 580 -1786 536 -451 -627 872 -857 -139 255 -1167 1008 -700 741 -89 405 -935 1721 -1215 623 -1025 579 -1643 740 -888 821 906 -933 205 211 -112 987 -447 -951 -585 893 -507 -41 589 -131 -687 797 509 -595 -331 261 -722 385 313 -1276 578 -1133 535 497 -556 -236 720 -327 -351 1081 -467 455 129 -846 -285 782 -518 -266 -704 252 -225 -303 -603 -314 426 -746 744 -1477 470 81
758 -225 -185 458 6 -649 653 -88 -598 -891 599 -548 612 -115 -327 -65 330 70 139 368 -57 55 833 -529 -421 865 -789 539 0 -32 -356 225 -1074 -520 -541 286 -1403 1405 -1260 -397 974 1131 998 -224 -86 -166 -107 666 -44 -414 567 -344 196 -221 -261 588 -265 -188 468 138 -483 -208 -226 872 -606 -1181 57 99 -1121 1036 -1658 1350 -1100 470 244 -51 -241 -29 -107 437 -202 178 789 -389 468 552 -114 616 449 -764 6 299 214 480 -1095 1081 -769 -222 204 -148 -145 -1123 930 -865 261 1496 -136 -1467 485 -198 693 1008 -213 605 700 -1212 377 -187 -170 -607
161 1552 -823 489 -1525 -350 -163 1122 -927 392 -115 1074 -735 -477 -263 -73 487 699 429 721 -846 -1570 976 225 -837 284 -447 568 730 -266 789 636 -28 212 469 -335 -256 -473 -326 657 -1596 214 1021 992 343 -293 -326 -113 278 65 -26 -185 305 1080 -262 -1353 55 200 140 -181 683 -1861 -607 1407 39 1023 203 -1065 905 -568 -48 -52 1049 -438 32 -942 -501 -737 -457 397 -157 156 -431 -106 909 -423 769 -742 -660 1128 59 -478 -792 649 -145 -172 -76 -792 703 439 235 -113 -80 -299 -474 -953 806 233 -344 -848 -35 219 -701 717 197 316 209 642 -1217 943
1033 -281 492 1093 -316 306 -1252 397 494 -107 -266 1130 -77 289 -834 92 -1727 1441 283 -323 1377 -300 -556 -318 308 433 -277 -114 86 -240 -94 -236 403 -688 508 457 141 168 -91 -308 -123 -110 -816 -427 486 -35 -993 821 -252 -768 -7 -140 676 98 356 251 -733 432 7 -204 1468 -69 -1417 780 -449 -203 999 577 -387 573 -787 -463 401 -17 537 457 339 -1274 1038 -1296 271 1248 -842 -908 -202 276 480 399 -1108 -402 798 -44 -358 -81 357 -923 510 -904 406 -788 75 -385 551 159 107 841 -136 -223 83 1409 -1467 594 -794 282 -186 -513 -105 654 -288 316
-468 230 -63 403 -524 1022 448 -1287 -31 -1 -76 -6 -5 -81 -7 1333 -1596 108 451 -831 625 730 -458 -243 -450 -285 -425 521 -531 726 -944 -152 -190 -525 -212 -778 -196 677 -513 464 -122 929 -568 -61 -260 -351 -1330 701 539 -321 176 -1348 1384 352 -30 -190 -298 310 -917 417 -32 -419 -42 -614 419 92 -1153 1236 -444 -47 108 -579 -285 884 -35 -165 387 -24 -458 696 -1139 493 -157 -403 861 -573 -964 658 476 -1243 1200 -565 585 634 306 -201 -383 348 92 24 -248 -120 -915 856 -913 -463 -211 317 -41 55 -157 -911 272 397 -512 -57 -782 172 318 411
326 -116 -306 16 -186 -824 851 -173 -813 108 1452 -1703 956 -621 -297 -50 750 -64 -310 -1095 808 49 -170 151 427 514 -1160 384 567 -280 77 -39 490 -376 941 -303 -211 -925 219 31 -345 132 210 607 -196 -317 217 -717 -368 -57 164 214 -184 312 -768 -23 416 -938 771 168 -144 -79 29 -3 520 -805 -137 -486 166 928 -224 302 -238 -259 969 -517 496 -692 476 1043 -554 -303 -74 266 -325 987 -135 514 -271 -7 -9 -741 458 650 -655 -66 636 -931 743 -185 518 942 -903 138 609 -757 663 135 -319 1145 -299 249 -1173 988 644 -1601 462 684 134 -910
-274 184 -7 341 385 -1114 519 -477 -21 201 -199 413 -616 477 -12 -926 414 -241 230 -531 14 1349 -580 -33 236 -214 264 -212 -466 715 200 9 -600 -312 748 179 749 50 -408 794 216 -99 824 -611 1525 -332 93 1057 -682 629 -1108 407 -592 1342 22 129 -1363 -109 305 -275 291 1041 -586 -214 271 840 -400 -161 -89 -417 -455 928 -926 -123 925 -1151 1069 70 -1370 955 329 -495 -782 44 613 -422 -9 0 -780 330 401 -79 -46 198 8 412 -191 -180 -763 -322 980 196 -110 361 -289 -414 262 -371 -1074 696 -84 -279 -959 1361 -1307 1286 -821 383 660 -308
-455 -811 873 100 852 -34 82 -69 -13 -27 -113 65 923 -2175 1115 10 -1556 6 1108 -490 -1358 -58 149 163 836 -239 527 775 -835 477 -719 374 1472 -1728 -795 255 80 -871 -305 154 -149 -366 20 -476 280 320 252 -524 956 -953 414 -9 4 -742 514 78 536 -27 18 -358 -683 65 -53 -233 67 -224 -303 592 468 -235 507 -248 709 -524 634 128 548 -248 96 558 142 990 -1265 969 -5 -162 153 -177 627 -344 -30 -28 958 -1097 324 -57 124 1063 -842 -552 957 -611 481 71 -739 1403 -33 716 -786 508 -455 212 -255 -615 -8 -98 1006 -269 1019 -790
414 -318 498 -1423 271 -395 431 -615 1099 -545 -605 848 586 -67 672 -97 -229 -44 237 431 186 1001 -1169 -252 -204 135 -330 -316 1013 -445 -762 796 61 206 -608 984 -198 -978 563 -493 -706 288 -609 -601 61 -470 -194 871 -1062 284 -293 556 -236 429 79 -1157 629 66 125 1105 161 179 -23 326 208 -1011 398 -285 -490 1002 -731 -515 889 78 -214 -222 593 -210 -702 453 -546 236 -300 -128 470 665 789 -1193 773 321 172 -920 1478 -441 -969 783 244 -31 660 -449 157 -845 -515 378 -667 411 -993 864 -51 -610 205 497 445 -850 -207 -288 -600 885 -413 -375
949 -247 -948 1322 232 -504 329 -704 482 1220 720 -586 211 -975 730 376 234 -793 -71 228 -300 548 -357 -1441 460 -334 834 -246 1307 -600 -1287 165 191 -35 468 -740 624 -247 -336 724 -20 -229 376 -280 199 892 -985 -1122 1274 550 -217 -952 1450 -1175 139 428 782 -1100 277 8 -477 1 362 486 302 -654 846 -1361 1169 -269 720 -893 -199 -107 -3 122 42 380 -1020 158 555 -273 -703 79 -305 -686 -22 -752 1138 -1572 499 116 516 -354 -47 -401 -583 770 515 572 280 -10 383 -554 -882 774 -297 -86 947 -378 -1751 612 462 -417 405 -234 -603 766 -485 490
700 228 424 -718 162 347 -665 -313 -1733 -983 500 705 -431 687 -265 -403 490 -905 -28 187 -834 19 377 -323 -920 1053 -1471 800 331 619 -841 211 -115 -24 -456 778 -482 -112 688 -723 -247 381 -32 693 655 637 -320 337 -1108 269 -733 -612 237 905 -1110 485 -940 20 16 1069 -1401 -500 -556 914 576 -674 90 4 -855 -26 1136 -512 137 -22 1314 -407 -690 212 279 -436 -282 72 881 -314 -100 780 92 314 -947 1059 -23 -551 675 264 396 850 -1454 725 -30 -1 162 116 193 50 948 -602 58 -404 892 750 -527 551 212 -218 1266 -697 -453 219 983 -738
918 -1161 276 -39 725 -925 656 509 631 -166 -363 -755 190 -538 283 -24 501 -619 945 -441 1440 170 -233 -10 -836 69 -500 -133 166 -239 -111 -100 -526 1446 -241 713 -306 128 1353 -7 -1539 989 -1402 681 604 517 -138 1083 -1019 955 315 394 -454 189 1090 201 202 404 -960 1255 400 -363 82 -105 182 42 -1056 609 426 113 -1501 0 -593 -351 -595 1230 -75 501 -35 -910 1268 -1157 466 517 1015 -170 436 -191 -321 -1009 587 -34 -307 567 -24 1299 148 -81 -162 387 -1019 -79 329 -280 -457 335 -482 162 -623 480 65 -661 157 143 564 -758 1237 -686 400 688
456 61 179 471 -892 45 349 -1475 668 893 -351 146 587 1024 -598 321 245 470 -603 -319 23 251 -438 1442 -587 -401 481 -333 -352 -307 476 33 -726 663 -339 -127 233 -565 259 341 106 -462 -663 -92 -599 -567 -56 1314 13 -165 -569 -1474 2166 -1132 80 -457 579 -198 177 -698 -669 600 -761 1312 125 604 -1477 -253 318 -25 1297 -491 -238 -526 -832 -197 22 -76 311 -371 857 -231 -911 -15 -71 251 1048 207 -239 -411 133 -290 752 -162 -621 -325 1159 -7 463 -382 426 -556 378 -705 365 -580 405 -470 420 -102 -224 764 -25 371 -804 374 17 -895 793 667
31 -496 877 252 89 795 -134 624 -327 1 832 -221 581 -374 624 -222 676 440 83 -1414 800 -1438 1117 -276 821 -565 1089 -466 -36 -206 -5 302 -229 -315 -194 222 -559 1138 -831 375 -767 775 -309 333 -260 -573 -1045 564 -9 850 80 -96 -513 468 541 168 -216 444 -471 1129 -1110 -271 -929 165 -194 645 -405 43 -1638 392 -1156 587 292 730 -546 -539 -182 -7 -398 605 -288 -147 1066 -1198 323 580 -604 -529 154 233 -381 257 -566 1496 260 350 -736 164 -54 199 162 333 28 315 -566 -231 -635 373 15 303 -712 1116 -1009 449 670 60 -915 104 171 -678
432 0 1115 135 -691 287 -929 823 582 -971 -1349 1414 -1391 -96 -422 541 -1356 1427 228 460 224 -41 -1198 722 -577 267 344 97 -239 -380 -60 -436 454 158 -6 20 -1075 1479 213 27 -12 732 -1121 457 -591 186 218 -84 -375 -24 95 864 -607 -997 29 -73 277 793 -418 459 648 185 -1020 -152 232 77 -148 1107 -785 586 396 -145 94 520 486 -167 -271 245 -448 285 80 522 -402 1196 -568 466 247 105 125 -283 66 -444 -456 -1183 244 838 391 -534 -614 449 -78 2 314 838 -140 -331 582 -740 935 -309 -1191 1287 -765 -550 -18 1375 -187 -244 319 -522
-836 348 -849 -367 621 -684 351 7 -230 -471 -245 629 500 -619 -1049 39 -160 -434 -1152 -541 1296 -288 68 -389 -406 254 -389 -812 -103 594 -907 375 -810 -172 -765 733 -243 -1100 666 141 -338 574 184 -68 229 120 -769 1010 -556 332 296 -719 329 -570 906 -887 -5 275 -1188 807 -1141 1822 -1009 312 -571 80 715 765 -1320 614 -105 106 -157 88 437 -690 540 564 -332 -644 127 -46 -469 -29 223 -1158 385 -370 1001 527 182 789 -220 1 -840 1024 -327 -50 -508 440 313 -911 773 453 -479 -711 134 -191 145 -10 -266 197 -78 90 -1122 120 544 -308 1483 -811
29 -228 957 -645 539 207 24 -434 428 -913 -193 302 -1189 1342 -825 1260 369 -252 793 -563 -425 114 693 -451 646 311 221 -288 -395 433 143 57 -420 -323 696 -529 265 -75 -962 386 35 379 -4 -793 -508 270 184 586 -75 -353 -89 786 238 -789 683 203 584 256 606 -645 258 164 365 -321 976 -460 485 273 -635 717 -346 553 -929 976 248 -651 332 -742 1022 7 -459 639 300 69 207 -509 393 -804 196 -750 585 923 -1080 362 -1279 767 -771 605 -142 -487 -335 166 -694 399 -472 436 467 -373 -665 201 -58 1248 613 30 170 -470 210 -200 740 -294
435 -376 -390 -589 490 -579 1247 -543 576 88 171 336 -547 262 -1093 -206 1665 -1069 170 195 -51 -867 -339 -346 463 -81 944 -714 42 740 595 -474 292 309 -2010 913 1127 -774 262 -941 344 -774 1032 -391 -130 -459 -2023 180 192 106 386 -385 -467 -539 272 616 -430 -249 -40 -601 659 -875 495 -1312 -220 -203 962 -908 996 -995 846 -537 -614 860 -523 1355 103 4 -765 26 541 -1274 1372 -1087 695 -257 -596 1751 -1229 826 -848 1258 -414 588 770 -508 661 -38 94 607 -588 -18 -100 147 -739 -50 374 764 -1060 -675 -493 -745 951 215 26 201 -255 49 -585 -549
-431 256 476 -1100 772 509 -1078 -415 735 -1220 -81 -645 599 519 -672 -634 1241 138 399 -573 84 367 972 -666 88 882 -450 -602 31 622 0 359 -468 971 -509 282 -886 428 417 443 -180 -1542 -92 1398 -483 -94 -62 228 -454 -1117 859 -494 -235 821 4 4 495 434 -247 145 451 -1329 868 839 -928 101 131 -417 -219 1065 195 -342 -487 86 -1273 225 402 283 755 -278 797 -997 819 -871 468 -901 120 -264 -359 -121 -279 -76 111 -836 563 -759 -359 325 271 709 -368 -282 -156 612 501 621 -298 316 -263 531 244 -334 -976 757 -365 401 -313 613 -199 -45
103 -188 -262 998 -1328 131 1000 -1033 1285 -82 855 -1002 -528 1184 -221 -364 -586 324 54 191 -1432 -551 -419 -237 -307 1066 -15 -401 -538 -307 319 -762 543 -123 837 -340 -337 503 -473 1026 -391 -98 -664 -767 928 -167 -296 92 -693 1571 -769 1349 -788 76 -7 728 -400 -613 954 -553 412 -1007 791 -181 136 71 895 -818 -128 -1205 1400 -1256 41 277 -198 -187 456 -745 68 -695 338 721 453 822 82 -375 -404 525 -501 1471 -485 422 -148 -356 862 632 -24 -362 258 -21 704 -715 -306 -575 161 1232 -605 -369 -27 396 -249 964 -587 -174 352 317 -333 -1033 338 1117
-349 -70 -580 -496 1668 -1280 -161 -381 102 -792 339 206 77 -823 612 176 756 131 -207 614 820 -122 -215 -470 -437 -262 859 275 -609 421 -585 -656 781 522 -1937 1203 66 -599 132 -129 338 785 74 -668 -75 61 -268 884 -638 -753 -162 -433 54 -281 802 -159 1489 -985 1063 467 609 409 -1695 1749 -468 -1194 851 -807 1836 -617 -599 593 -190 -1214 761 -130 -86 501 -588 184 30 -459 -1025 1089 648 268 -384 56 -1811 246 -343 1152 512 -959 467 -253 389 620 232 -344 288 437 345 -197 -506 527 157 387 -864 -392 815 -645 667 123 -280 180 308 -422 870 -888
282 467 -794 -830 107 519 -589 -369 899 -289 -186 -1026 1643 -1177 -611 446 -1079 -416 -331 150 -255 1303 -702 596 -315 -449 100 224 512 568 912 -1140 -1328 807 -148 -533 1295 -262 -468 -37 -827 272 -237 -492 871 -164 -180 517 -883 299 -77 -179 -565 -82 -1416 -231 -671 -41 1171 -898 16 195 128 -274 834 312 -69 792 -113 203 412 278 145 -258 -313 129 206 813 -28 -1148 604 -893 -934 1179 -703 -306 14 853 -590 92 61 205 -735 1429 -27 -39 729 -682 1149 -334 318 -344 572 289 219 12 304 831 213 -597 600 -1069 -126 -231 481 217 -633 315 428 -982
-843 1397 -1609 904 480 142 616 -843 580 -334 951 -887 676 -713 369 -166 650 -411 447 -369 1052 -447 -105 876 -226 -325 -1000 -224 -159 -543 352 967 -784 314 -280 57 -851 -90 430 -462 -27 -32 309 735 -1359 -31 879 685 -143 -79 718 -156 1401 -824 1094 -616 -818 -1158 1153 -489 367 -148 321 -393 -160 -305 653 -214 -349 -577 87 34 197 274 43 276 -1423 1561 -988 427 346 -83 -699 -614 738 318 -373 -163 -147 -432 -533 -279 449 245 -1056 1225 -386 482 -456 -379 378 929 -1091 -398 171 -155 203 374 -353 916 304 -103 -296 10 -609 1119 -520 -89 6 402
-578 1028 -111 -976 465 -1217 -188 295 334 97 -129 275 235 120 649 -1213 933 -317 -428 -362 -100 -4 381 -378 -434 209 872 -1218 445 8 219 182 -149 -591 874 236 -67 -266 -529 484 737 -544 7 -405 150 426 -621 644 -974 -147 612 -189 395 299 -325 -175 312 377 410 -706 -1125 629 86 -408 -451 582 -244 879 413 26 -254 766 -1727 409 -264 540 350 391 -166 551 686 -436 424 -564 -363 -950 1286 -1180 207 212 -441 -479 -822 521 -313 -573 98 276 -1004 1088 -949 138 -267 74 142 -623 -326 -649 923 -1058 847 101 -28 433 -484 316 494 -999 74 1383
-1543 392 132 534 1022 540 -150 43 -694 786 35 -211 58 -343 422 229 -617 956 139 -509 53 158 -627 441 1027 -164 -18 -863 -530 418 -265 -214 546 -614 405 318 583 469 -675 46 -171 -253 796 894 -1206 1013 -367 749 -463 -737 -543 230 -269 459 -1280 -100 -281 -987 1454 807 178 -864 -773 -491 -227 18 -252 -880 -163 1016 -598 831 140 -828 380 -1146 -757 495 -111 836 -1073 362 28 1136 -4 107 -515 767 -941 -104 682 74 -598 342 -686 1922 -1595 401 1474 262 -251 554 -380 361 -937 1400 349 -592 453 -327 -80 286 602 -716 1466 1096 -1310 890 -473 187
383 -793 -101 -507 207 547 -289 455 -540 300 85 398 199 -345 -178 494 -922 274 1368 -371 -360 532 199 -221 81 552 957 -85 -348 -64 1033 99 -1442 353 -112 587 -628 -705 281 257 173 -179 -32 -1132 1111 954 -1456 -739 987 -81 357 11 -286 636 -632 1321 -1092 116 -729 -72 451 400 1226 -388 -819 230 -301 152 -338 -289 235 -9 855 -136 -418 -84 -350 409 -1744 937 -1164 -163 -417 -202 323 122 -726 1183 -717 -271 -196 -45 259 -169 573 -642 429 -1129 193 1177 -76 531 441 -1024 -106 234 80 -580 388 -70 130 178 -46 -162 -1514 749 884 -594 -177 560
-387 -812 1460 -634 -630 796 57 -643 159 -192 364 -583 1023 -289 333 -494 -722 -607 19 411 424 -1725 636 348 295 -114 328 -1170 991 -1635 287 1178 -743 420 -1619 490 -195 261 514 -1745 381 492 -672 341 7 664 244 914 80 -775 48 854 -393 -383 -236 360 205 -247 670 -339 -236 -454 -626 1848 7 889 -152 -545 -188 -358 55 6 127 -356 1129 884 -592 648 445 492 -101 -686 571 -565 330 352 -481 930 -342 -168 -780 948 11 -767 990 -525 1064 -668 -1152 105 752 -403 971 -931 106 -1066 1014 -268 -1146 135 556 -545 88 216 -157 -128 361 147 430 -100
513 -599 -686 90 560 197 -109 -617 -417 267 -720 317 189 452 -576 286 -170 -738 -1221 417 -51 -1262 1129 -1553 1154 -536 -137 813 -122 -763 78 -58 -129 1178 463 -616 -435 -333 294 917 -1167 838 -1195 61 -544 248 -1356 567 328 -278 1416 -599 -298 1024 -103 -1416 2104 213 -1557 1023 23 -349 -749 -355 26 12 1188 209 -1074 1214 -573 602 -611 296 -700 16 993 -820 250 645 155 124 -119 -485 258 -853 1587 298 326 -235 -558 -190 1198 -493 -906 -344 837 80 230 -382 -274 -868 -347 -674 538 175 -1325 824 -233 321 -331 64 604 -19 293 -553 -45 16 -1290 1201
