110 59 111 23 48 121 248 30 233 19 236 114 30 156 77 186 173 59 203 78 176 96 164 60 228 94 20 156 235 26 141 33
211 193 217 219 144 254 183 35 53 253 67 216 93 254 63 191 79 28 87 91 176 137 103 143 35 210 74 213 82 221 236 99
0 160 159 150 187 86 120 12 126 234 84 7 30 95 157 56 24 64 1 126 171 13 237 222 81 24 132 158 224 1 143 184
58 171 241 207 10 6 213 237 80 221 79 210 236 172 203 152 234 104 0 119 5 48 120 244 54 63 44 6 236 138 119 176
143 135 33 3 236 75 89 153 188 3 197 10 106 162 197 35 7 245 250 66 210 182 169 62 111 217 134 255 84 7 1 184
159 178 97 103 24 129 224 185 114 31 90 233 118 212 128 174 150 82 29 155 145 146 207 201 80 143 117 95 109 97 144 12
201 248 100 110 173 41 89 224 100 75 195 137 167 77 240 84 20 119 174 168 102 190 182 131 187 62 54 239 125 156 196 217
239 44 157 216 120 42 143 251 40 183 138 177 146 151 87 10 63 204 195 158 245 227 209 66 76 181 157 67 11 198 16 0
178 124 175 96 91 210 67 227 31 120 8 23 115 62 43 127 184 167 89 174 129 183 96 93 66 115 93 48 140 182 217 160
174 198 4 72 121 213 98 156 189 189 11 241 249 44 224 168 200 32 179 30 36 188 206 86 59 13 26 139 45 190 201 84
202 134 193 28 95 166 17 41 165 253 90 81 172 198 10 150 186 157 229 76 48 92 154 117 105 250 9 126 185 181 39 161
53 204 178 195 56 54 243 68 165 58 41 192 208 216 80 17 227 83 197 137 216 82 94 115 209 227 6 239 136 44 105 59
12 36 106 163 135 192 15 196 203 169 110 30 113 215 150 207 206 142 118 78 166 187 170 215 142 67 216 106 56 117 98 112
207 127 25 19 110 149 156 105 27 185 31 72 210 114 205 100 86 124 36 188 220 192 31 133 242 79 196 215 85 100 201 147
35 194 194 135 128 117 27 25 125 10 28 124 207 23 101 207 81 72 27 33 33 43 6 246 226 21 138 64 38 157 110 28
72 26 238 190 163 181 103 68 151 14 56 199 76 175 134 57 143 109 114 134 183 45 37 122 113 70 67 234 43 233 6 204
88 189 17 15 234 117 151 133 51 230 254 124 195 244 152 175 136 114 216 201 192 120 252 185 102 21 196 155 73 197 22 231
38 126 209 205 75 231 184 208 233 132 149 19 238 85 214 202 131 152 57 116 253 86 214 34 212 188 198 19 13 92 233 71
79 116 89 212 244 191 217 83 183 165 161 108 0 73 109 242 53 180 117 252 64 168 151 136 184 114 45 66 60 103 40 46
114 77 42 185 26 217 151 112 188 44 102 206 27 86 173 67 22 84 158 6 65 20 182 112 223 216 6 129 62 137 160 46
112 24 200 161 231 13 25 220 46 8 69 4 242 54 14 36 67 32 4 68 146 74 59 214 50 187 200 194 175 174 126 241
14 87 255 188 185 204 232 99 189 24 168 21 252 182 248 234 53 22 26 19 226 88 248 44 210 209 88 133 89 41 171 226
155 215 38 15 1 200 190 155 163 83 118 228 91 114 95 2 160 134 56 93 73 195 151 14 135 220 64 227 203 199 68 172
57 181 96 93 192 27 54 252 133 255 143 30 223 232 65 26 21 218 81 151 60 179 67 150 198 131 27 137 18 23 93 165
221 63 203 187 3 41 242 68 104 105 32 193 114 24 14 133 203 65 163 167 145 22 17 72 209 12 83 90 215 128 182 136
149 169 108 45 94 21 69 158 113 169 15 25 91 6 197 227 62 77 141 113 180 177 201 137 229 209 131 159 71 78 123 196
90 19 162 116 41 107 76 4 9 122 101 132 67 30 196 190 29 0 54 243 198 204 122 251 134 216 171 167 100 111 80 51
141 201 100 24 53 228 232 250 172 24 2 172 176 157 185 157 134 245 126 51 208 143 240 145 9 158 183 3 245 8 7 141
98 7 248 69 149 18 73 169 117 19 178 51 223 98 93 130 51 202 177 203 151 230 221 223 252 99 4 29 167 108 115 16
126 224 232 78 44 170 240 40 217 34 221 12 95 34 88 181 41 255 102 200 141 221 210 233 204 137 112 166 211 9 104 119
144 163 252 111 30 180 171 216 34 244 156 183 236 101 71 231 80 126 87 55 69 149 186 225 26 190 179 240 89 43 206 193
208 150 30 125 195 55 133 36 75 182 27 194 170 248 99 244 158 17 105 108 129 54 61 131 21 221 194 8 89 83 58 143
