762719 704370 658832 702278 853370 587080 592745 579543 825408 648830 582176 669964 574001 727387 623086 471617 502382 437070 720147 640604 684433 638804 681701 589798 555066 650277 736076 722577 817105 604829
885814 957525 878422 787433 717156 609039 503243 731885 683578 674107 464455 714361 651025 750101 482678 441890 279347 331204 598061 515898 638455 827785 657373 535766 422869 686986 708100 779636 708598 789430
708740 831931 699822 483420 577717 639834 678357 736017 662144 645367 577952 632120 761293 689127 622708 534801 381516 445765 437169 421849 638786 796415 742893 516988 437203 434944 766266 642708 612962 610778
660741 599446 594179 495975 538377 733556 825625 703851 546871 677663 689708 812939 944094 748220 660947 682303 741599 602958 509652 623536 651490 734818 604724 676192 564357 590387 673461 497090 473590 573862
652441 449382 479951 467382 684658 754713 785980 485918 553209 553336 707506 691398 798982 729895 567547 561811 607305 699040 802465 749539 910837 827507 693318 675367 641354 789032 672621 568632 447376 488833
759424 669070 575243 510064 529845 816030 815244 540502 577911 727168 763962 803540 764764 751228 520816 519184 596623 704750 681825 819627 914091 869692 750681 668206 527130 646918 629237 612211 713277 616180
747339 801143 722933 525197 549891 764734 690847 637435 650957 655152 747749 655402 689617 453644 436689 561520 731583 817393 858190 948331 931518 755419 632532 580286 630013 610415 466297 710451 689750 637135
769180 637428 629059 682360 640291 775930 651375 720064 474866 517273 624108 647501 496571 482793 566263 692964 701582 779244 793491 864210 918440 693179 500648 485735 526279 490326 436639 625573 677113 674975
710692 504316 496073 726386 644003 729058 612808 822220 473210 490618 663020 601697 585227 617008 786618 733760 706006 651138 457105 633699 738131 694168 465128 415195 362642 396224 493719 673071 873340 787768
738760 590380 436053 617192 576211 575507 618388 877952 663469 666962 764428 876408 772288 577203 822454 738674 844591 596596 490957 485455 636327 680536 610627 627949 449082 437972 560107 761617 631588 631549
806313 725547 633248 501911 567866 538024 609297 714804 597315 612109 698844 887087 712122 570783 664063 778022 866908 722116 725761 599365 587671 616351 740825 901149 590140 724609 664327 656289 528860 540123
525195 710690 633227 659927 626141 598481 799859 663746 592875 464071 577554 885389 829758 733344 780602 671785 758769 589903 813416 798339 772891 693871 818293 790745 696558 838801 600001 562138 531932 501229
455756 441005 522957 706112 599894 637906 514419 696381 565649 408326 578044 697210 752733 834950 757387 688263 549592 515183 692245 782815 668535 706788 887554 746267 731411 742975 647790 512332 596384 656669
690034 631919 569596 605242 586373 448378 420949 457196 257761 437383 673576 608958 693064 666041 646362 527662 364214 446829 508299 609507 392323 580582 833090 674060 672406 642974 585702 594355 654793 564638
669604 799970 797185 777392 598767 440348 463099 355950 395759 533305 664818 673852 716068 614486 608821 608890 486282 508627 546247 454234 314326 578791 695495 591531 528771 575050 538868 635874 532137 557822
600148 557277 788055 823610 779377 695277 621701 598383 743545 713662 676534 909658 805946 776449 724643 612652 705089 749379 867832 721898 710167 704758 623233 518727 563798 729863 514623 735896 482344 778392
584707 681728 705769 763057 929804 848866 793990 853628 849460 718550 778006 745729 825633 941511 822657 718518 694243 719439 933071 795130 904769 753810 792006 704618 758977 561597 430746 492258 548403 704702
550723 781061 868520 946567 930194 897900 881549 843203 795009 590885 578345 376570 663174 808428 733902 687162 595625 720785 688829 630138 798449 632305 827198 781412 746875 456319 364630 347423 520222 459957
416183 686584 745838 860594 857054 709978 797972 595051 589574 638102 486889 426094 436120 596234 428392 526623 496757 617123 463727 532557 545690 688527 825031 830368 635285 509152 439594 532062 548798 494593
511734 743851 728371 755360 539497 715952 697322 433231 409134 417167 556354 660329 517848 457549 412896 285676 278198 249991 445421 395585 507971 615814 744950 831057 786190 786183 618280 692462 662880 756519
711029 746057 876491 727808 787810 719777 643267 515190 418513 337431 707848 676967 774445 630092 476379 331499 213224 192743 474506 575664 709558 651533 576968 864059 772820 794793 790166 706753 680491 883554
666597 567128 576831 712655 858859 833868 887030 611482 690192 566642 768842 731133 858063 655944 563912 556748 407055 317998 486418 581861 872110 530360 698794 798362 724370 720300 696891 650216 581395 696531
633328 556223 427483 445613 496022 806721 814861 793334 736092 637374 688362 818415 576597 333480 383777 556514 604844 610270 493563 634304 565704 524065 666614 725518 526147 653111 600981 664371 550850 704416
655996 718147 578325 345544 506678 639817 632471 803236 605422 564973 647141 579478 479666 512624 522479 575906 558315 757081 638453 633626 422000 524519 710677 714211 533367 508885 517343 534867 533495 655115
735332 614975 489066 346161 422829 485848 588519 548159 438261 442406 426188 366044 398472 669606 690961 495759 569657 629066 811347 739445 669552 586073 790179 756626 758228 599847 662004 570392 674435 693113
618079 548904 412979 359768 478131 477265 439923 553357 423139 454342 433856 329139 607658 812311 696402 483138 417849 602195 834636 913249 906825 922033 900397 875468 909119 835792 624276 573596 438927 495246
614670 500684 409439 547280 638482 714266 629281 438549 304689 523932 622119 639942 696333 744736 673245 640015 581015 626353 771763 945364 950694 1004978 733913 801922 753479 635123 655329 601113 383366 374709
738185 645598 477864 491262 639142 874113 839767 573324 452383 482126 618018 720692 671643 680212 627020 785268 844553 822909 813019 829434 1064889 1012660 935690 778751 530755 380194 672456 508687 495541 360816
901563 699874 610948 442577 697556 650146 680911 537650 705928 508174 675805 506831 523745 598137 533216 726107 726292 849631 769696 908298 991551 1114600 1093448 854781 658458 551062 689298 527191 535107 501753
942704 800318 559596 571338 749091 775579 715553 590440 840114 624063 814001 604147 538335 675786 652919 737197 530986 662561 539583 719210 795321 977138 812508 756675 814066 859456 761202 498357 571287 620161
