762726 704374 658846 702285 853375 587095 592751 579546 825422 648837 582181 669978 574008 727390 623098 471626 502387 437085 720155 640607 684445 638811 681706 589811 555072 650280 736085 722583 817107 604839
885820 957528 878433 787437 717157 609045 503246 731885 683584 674111 464460 714373 651030 750105 482687 441896 279350 331212 598067 515903 638466 827789 657373 535770 422872 686989 708105 779640 708601 789437
708754 831938 699849 483431 577726 639859 678367 736020 662167 645378 577959 632144 761308 689135 622734 534817 381528 445793 437184 421856 638809 796427 742900 517008 437214 434950 766283 642719 612969 610799
660746 599450 594189 495981 538382 733570 825631 703854 546881 677670 689712 812952 944101 748223 660957 682308 741602 602968 509659 623539 651503 734825 604725 676203 564366 590390 673475 497095 473594 573873
652443 449385 479956 467387 684661 754724 785982 485922 553215 553339 707510 691405 798984 729896 567551 561811 607305 699039 802470 749542 910847 827511 693319 675373 641358 789034 672628 568635 447380 488842
759434 669079 575266 510076 529853 816055 815252 540510 577928 727178 763970 803559 764773 751229 520826 519189 596625 704759 681839 819633 914117 869705 750684 668228 527143 646924 629260 612220 713286 616201
747347 801147 722945 525203 549895 764745 690854 637436 650964 655159 747752 655414 689624 453646 436697 561527 731588 817406 858198 948337 931535 755425 632535 580296 630020 610418 466308 710458 689755 637148
769182 637427 629059 682361 640292 775930 651378 720065 474868 517275 624112 647509 496574 482794 566264 692971 701586 779254 793494 864214 918447 693180 500647 485736 526281 490329 436646 625575 677115 674981
710703 504320 496086 726394 644006 729067 612818 822223 473220 490629 663027 601718 585238 617012 786628 733774 706015 651161 457116 633708 738156 694176 465130 415209 362652 396231 493739 673083 873346 787790
738766 590384 436066 617196 576214 575516 618395 877955 663481 666968 764429 876416 772295 577208 822471 738679 844594 596604 490964 485458 636336 680544 610630 627961 449091 437978 560121 761624 631590 631560
806315 725549 633251 501914 567870 538031 609299 714804 597315 612112 698841 887088 712125 570786 664069 778023 866908 722116 725763 599368 587675 616355 740829 901158 590145 724611 664332 656292 528862 540129
525206 710698 633250 659935 626148 598499 799869 663748 592887 464080 577553 885400 829768 733352 780626 671791 758771 589909 813426 798347 772908 693884 818299 790765 696571 838808 600016 562150 531937 501251
455764 441011 522973 706118 599895 637914 514425 696385 565660 408333 578047 697221 752741 834953 757400 688268 549594 515191 692249 782818 668544 706794 887557 746276 731418 742977 647800 512339 596388 656681
690039 631923 569604 605245 586374 448385 420954 457200 257771 437388 673578 608966 693070 666047 646372 527665 364217 446836 508302 609509 392328 580587 833092 674065 672409 642975 585708 594359 654795 564646
669620 799982 797214 777402 598769 440364 463112 355961 395785 533318 664823 673873 716083 614495 608844 608900 486286 508644 546254 454239 314338 578803 695501 591547 528782 575053 538885 635888 532144 557845
600156 557281 788068 823617 779382 695292 621708 598384 743553 713668 676536 909666 805952 776452 724654 612660 705094 749396 867839 721901 710179 704764 623236 518735 563804 729867 514633 735903 482348 778404
584710 681730 705774 763060 929807 848874 793994 853631 849468 718553 778007 745733 825636 941512 822661 718522 694246 719446 933075 795135 904778 753814 792009 704622 758979 561599 430750 492263 548405 704710
550736 781068 868542 946579 930203 897926 881561 843207 795028 590894 578350 376583 663183 808432 733916 687177 595634 720813 688840 630148 798473 632316 827202 781423 746884 456327 364645 347436 520227 459976
416190 686587 745850 860600 857059 709992 797977 595053 589581 638109 486893 426107 436126 596236 428400 526628 496760 617135 463733 532562 545703 688534 825033 830376 635294 509157 439611 532070 548803 494607
511736 743849 728369 755365 539500 715962 697324 433231 409136 417172 556356 660337 517850 457548 412898 285678 278200 249998 445422 395587 507975 615818 744951 831061 786194 786185 618288 692465 662882 756528
711039 746057 876503 727820 787819 719802 643272 515193 418522 337443 707853 676987 774456 630093 476393 331505 213229 192762 474513 575669 709572 651546 576971 864074 772835 794799 790192 706766 680498 883579
666603 567130 576839 712661 858862 833879 887036 611487 690206 566648 768847 731146 858070 655947 563923 556754 407057 318008 486424 581863 872119 530367 698796 798373 724376 720303 696901 650221 581400 696543
633331 556223 427485 445617 496024 806729 814864 793335 736099 637377 688364 818421 576598 333483 383782 556517 604845 610274 493567 634308 565711 524069 666616 725524 526151 653112 600988 664374 550852 704423
656005 718148 578334 345556 506684 639840 632481 803243 605446 564985 647149 579502 479676 512630 522497 575917 558321 757099 638463 633630 422015 524531 710680 714226 533377 508888 517359 534877 533504 655138
735338 614979 489077 346166 422833 485859 588526 548162 438273 442411 426189 366052 398478 669609 690972 495768 569661 629081 811354 739448 669564 586079 790181 756633 758234 599848 662011 570397 674440 693126
618081 548906 412983 359771 478136 477274 439926 553358 423145 454343 433855 329138 607661 812311 696407 483142 417851 602199 834639 913254 906833 922037 900398 875472 909121 835794 624280 573599 438930 495252
614680 500689 409456 547289 638492 714288 629292 438552 304707 523939 622119 639950 696343 744739 673263 640030 581023 626376 771774 945372 950714 1004988 733916 801933 753490 635126 655341 601123 383377 374731
738194 645603 477881 491269 639145 874124 839774 573329 452398 482133 618020 720700 671650 680215 627031 785273 844556 822920 813027 829437 1064900 1012666 935693 778764 530763 380198 672471 508691 495541 360822
901568 699878 610957 442582 697558 650155 680913 537651 705934 508178 675807 506836 523749 598138 533223 726109 726292 849635 769702 908301 991561 1114602 1093447 854782 658459 551061 689300 527193 535107 501755
942720 800328 559625 571351 749097 775601 715563 590446 840136 624076 814004 604161 538345 675788 652934 737205 530987 662576 539599 719215 795344 977149 812510 756693 814076 859459 761221 498365 571287 620172
