-1149
-487
-3057
1021
-1323
-735
-293
-593
-963
498
-1234
-826
-2254
1908
-2458
1739
-1527
258
520
-1471
2484
1325
-1625
677
-1769
-250
-706
420
-2162
717
1584
3290
-838
525
712
-1752
-108
-689
97
931
-179
596
1330
-1368
130
455
-246
-56
680
2720
389
-1674
464
-1455
0
-247
-1277
1143
1114
-1146
2482
1226
2950
-1263
-1804
1832
-1792
1433
-571
2711
3717
716
920
3242
340
889
852
-1022
-198
1184
717
-1424
1850
411
-2148
781
571
-1631
580
1088
-684
-898
-1658
1420
-231
2364
2444
-1180
-498
-693
-735
5108
54
-2446
-912
-450
-165
1129
945
651
-1090
-118
-18
-548
-745
-206
-2786
-3239
-1187
1486
-23
-1332
58
-810
-403
1551
-607
228
824
388
60
2769
149
2644
-1992
-551
-1695
-829
-1443
484
1170
149
961
-1992
516
-1469
-71
1514
-1298
1261
-1221
-2085
1193
2109
2883
115
1561
372
-4188
1371
-1231
-1084
2270
-2993
1839
1837
-2856
3093
253
1115
-1552
3150
952
1712
3460
23
447
-1524
591
-2679
1569
-1119
-2493
-1065
-3323
-419
-985
1344
-1318
2245
87
-1066
2590
1443
1431
-2593
1694
-245
-5365
287
-712
2054
-3804
1426
-744
-981
-1481
-204
2213
793
-1781
-1604
-2872
-223
2026
-41
857
-1878
290
-267
-1247
3418
-148
-2795
4739
-2546
2023
-2133
2777
-2566
779
-1591
-1473
1987
-1829
2159
641
-370
-274
-3199
-21
1872
2712
-1059
-23
2191
425
3489
860
1006
-2548
461
-1657
2535
-1873
1961
-995
1334
-1600
-816
-760
1602
2278
-25
-753
832
-1160
1263
315
1419
-599
-2414
1520
154
-415
3624
-3126
1579
-1797
-1724
564
-1558
-1251
1415
-1333
1301
810
4437
1191
-45
593
-2344
-904
-2861
1750
-943
729
811
-2030
1673
-553
674
-3384
-1268
1341
-3634
2440
-2829
1003
-686
-2994
-1494
759
-2161
1963
-1011
2158
-1531
2691
-823
885
-1640
2472
-1197
674
1877
-2831
451
678
-2491
1911
-1428
3112
3201
1070
2225
-707
-1446
478
1271
719
1357
1772
-755
-597
-4691
779
801
-2861
3995
-1578
254
-92
-2493
200
-1340
1380
-2494
2482
2587
2056
2228
-628
253
-3060
2020
-1588
2368
1725
-3221
-519
133
-3094
-205
1233
-611
454
1120
1756
-2883
-1180
2995
-3759
-2936
551
-1460
26
56
-1694
-2376
-3127
2236
-466
1608
2753
-4147
603
446
286
1564
1248
133
1447
-582
1288
-778
811
-114
-1318
2145
-1789
2352
-2244
1310
-823
2058
396
-305
-1008
125
-351
-1494
2316
-3898
2111
-805
-711
1138
-502
698
290
2127
803
-8
-1058
1572
-1133
-460
-1284
-741
2737
-1770
2522
-290
-1479
-1010
-4804
2161
-1192
1693
-507
59
-623
6214
1056
-2125
4229
-5116
-2743
532
-254
-241
-896
-682
-3356
-297
-992
-482
3104
-2238
799
702
1410
-946
2057
920
2526
251
-1030
1366
2199
1809
149
2159
330
78
-1310
-1559
589
2871
-313
2444
-370
-1941
2543
-72
2401
-633
357
-1050
-1631
425
-457
3366
-918
-2238
-194
1603
-1297
742
141
1203
-1577
608
-4056
2220
576
-248
1480
-475
235
-679
2959
4599
-2345
-42
-505
-1414
2752
2796
-191
-1134
-2136
-753
1948
195
-585
-469
-51
-2417
-955
-71
877
-218
-1298
1664
88
362
-2420
1649
4563
-793
-1981
767
-1065
-116
-75
2024
-970
1888
-349
14
3496
-21
1582
-767
353
-229
2715
2723
-487
58
1460
438
-85
-967
-589
1965
-1403
872
-658
4172
2272
-2467
1947
-691
251
703
-623
-2784
1488
-1549
-3259
152
-201
1421
-371
-1200
696
-4411
-287
497
-335
3794
3313
681
1491
1538
-1116
-958
1112
1323
-469
-2449
915
-627
-301
158
1476
-633
1551
1910
-2430
2027
78
-1880
978
2816
448
-294
646
1349
-617
-1693
-2109
605
-2213
-2155
1907
-1901
-155
-1592
748
3300
468
-444
240
-1340
-1612
-1020
-809
4067
-419
1095
-2895
2012
-2192
-29
2719
-1824
-1036
-2421
-1483
89
85
-397
717
2431
-1311
1509
-1177
1214
-996
1484
-2728
2508
-1544
750
-1438
1014
541
-9
1045
5
-2023
1064
-1244
-669
303
2120
-885
125
-1603
551
205
292
-64
-2833
919
-2243
-1645
-4224
1290
778
86
3005
-619
-274
-3250
-2750
1406
2658
674
4846
-637
-1569
-437
-177
-1371
-1618
1036
-1350
202
-925
963
-616
116
1504
577
1512
2934
-427
-333
-585
755
764
901
-648
-1336
-279
-395
-170
-942
3409
-724
606
582
1966
-490
2766
-2666
2429
-2427
2986
-683
-20
1234
-1977
3174
-1295
-153
-1501
-395
-2496
-2854
-2931
1143
-1186
3154
-1866
829
-1471
-529
-1434
2721
-1152
-1426
-1137
1924
-223
828
-1239
-1751
1876
-1189
406
-2364
619
174
1247
-2399
-61
-1903
1614
1220
-473
29
-38
818
514
1591
1649
3775
2122
-133
1056
2130
47
126
-1415
2677
-1231
2701
170
2138
-824
-3054
1434
-2029
644
4394
-853
192
-1796
-1114
-1357
1201
-446
954
-802
-1394
2365
-3697
1116
353
1488
-2768
2087
-2459
-1796
-1596
147
-303
-1348
3014
-1870
466
1776
-953
-56
-1546
792
-198
1491
287
-200
-1065
0
-290
941
469
800
140
-520
513
-1331
3107
-1411
1405
-2657
-1426
352
-3124
3326
-1575
3625
2283
125
1076
-1452
1814
2273
-457
-103
1553
558
-66
1469
-1539
551
608
2020
-206
1148
-2154
-353
-375
-1695
256
572
2153
704
326
277
-3470
374
-256
-459
171
2055
2629
3221
-558
1229
-4385
596
-3455
615
1409
-2825
4066
1900
-516
1833
-2360
2336
-276
1679
853
3040
-191
-1262
-2380
-13
222
14
3100
2426
-1217
2744
842
474
1378
988
1540
845
-1117
2237
1963
2633
142
-173
1035
4610
1497
-1657
-2259
-1704
262
2046
-3275
-4140
-930
211
1480
1992
1050
3008
-2177
-642
-2432
-2152
-1626
-1734
-3518
-677
1143
-311
211
1207
-3778
-1181
-1753
704
1873
-1543
-2229
-940
718
-472
-3027
262
736
989
-2873
558
816
-5148
2202
362
-3324
4739
-110
-2210
-1124
-1344
-2371
328
1446
4683
538
-540
-196
672
872
94
1564
-6047
21
3118
-2453
-2510
1014
-1354
-1743
-2798
-1300
2144
188
-2297
-1783
258
1179
1653
1339
82
-1846
-332
1172
-893
2387
861
655
-3195
387
974
1502
1197
-1244
517
1252
-282
350
-3576
-2096
-2561
301
2234
-950
1699
-257
1532
1768
-2144
326
-1637
1572
879
-2653
-2161
-363
-1175
-3515
-55
898
-2428
1662
626
1498
-2552
1044
1438
-1530
-1654
-686
2013
647
-830
-1912
1631
-377
928
-782
-3864
-1242
-1449
1628
1505
2089
-259
-793
-1287
-1235
1387
-264
-1002
-3500
-84
282
46
2863
2731
595
520
4275
1189
373
709
-98
-1846
-1658
1989
-4216
13
1549
-4699
-972
897
-315
-2036
1054
4774
2396
1584
-2494
-1692
-1258
201
727
1053
-3462
-1938
1878
18
586
-545
-2089
790
-1639
663
1483
-604
-158
1523
-3255
2353
-1423
-921
1979
2506
3327
890
-1456
-3095
463
-429
359
-1151
-1502
-303
633
-374
290
462
-2321
-1304
-1244
-118
1253
2594
4862
1080
2209
-49
-2733
-1401
-3314
-1827
727
585
1567
-826
-2692
-3826
886
-2261
-1415
-2351
-1982
1639
2011
3178
-518
-1434
717
40
-84
52
3199
-1178
-726
-892
763
-231
5401
223
-470
-4343
879
767
9
88
706
-814
532
-1709
-1111
2017
-578
-1971
2772
-1
2547
-586
1249
1696
-358
2955
2065
569
1749
554
-2133
-240
2552
-1496
3696
2806
492
5416
-2690
-2499
-2377
-2552
-2121
-1268
364
-4622
453
-514
-3100
-2586
-2492
123
-1591
315
-521
2187
-537
-658
2804
2273
-528
1060
-826
53
2093
5135
1655
-3677
-1258
117
-229
1699
-93
-1531
605
-388
935
-544
-2323
3159
-1459
569
2085
-3882
64
-4538
-1992
-810
-3260
-2852
-2
-876
-1180
1431
1670
-2064
-2056
-2218
-133
1750
1918
1975
1284
617
595
1517
841
750
345
-1379
-977
-2599
2215
98
-276
950
-1890
832
-4566
-884
614
-1742
-1126
777
-520
-742
-2086
-1346
3699
-3622
-1650
-1111
1808
2755
-635
161
-1575
504
1404
3367
9
3286
-1821
-548
2396
-6915
2672
1363
515
2247
77
2092
530
755
1631
197
1801
-5266
-3208
-1990
-1104
2600
2270
1017
2077
-24
579
834
934
-959
-1007
-4
-1699
-73
-859
-704
549
1185
-1037
3038
-2375
-559
2301
-2856
-1061
-4218
1146
-343
-1207
410
338
1818
-2081
-1746
2180
1540
2853
-22
-1029
760
-1862
1670
-377
-90
-2246
1310
-309
-1215
691
-3128
120
-1176
-1964
-1233
-920
-473
383
-606
2351
1771
-1821
-1493
-1977
-1153
477
2458
1917
-881
-37
3644
5450
3984
289
-780
0
-1180
-155
407
-367
232
2092
920
-796
1417
1128
799
-2173
-2014
-447
287
-2737
-3447
-599
19
829
2288
-303
-2667
-773
254
1830
1348
749
2123
3085
1270
-1929
-269
-249
4701
-1014
-3203
2575
-2035
2244
1253
1303
2046
-1032
-3252
-1942
294
-1561
-3635
-805
-461
1680
-868
1404
300
-2156
-3842
375
-451
-2345
1168
2895
1382
-1710
-1943
-1815
-1464
2474
535
-1784
-574
-1198
1016
-428
-691
-667
3006
-1276
-961
-1667
-2714
-1910
49
558
-559
-2849
-3183
-580
-385
-799
1181
2665
-730
952
-1421
-2925
2329
-327
709
2518
1081
-1031
254
441
2332
1120
1523
-144
-590
-2008
-1578
-836
-1579
3186
-963
415
-231
-412
1307
2685
349
-1699
1358
-2676
-2639
-939
-1595
-1423
-427
64
821
-523
944
2049
-728
-2720
-2099
1930
2142
-232
-1810
-368
97
-1657
-753
-445
2126
1099
-64
-62
-584
-1460
-448
-220
-3797
-1029
-716
-2068
57
-1779
1161
-127
-100
-2141
-957
-2205
7293
478
1908
-10
-489
1021
369
-568
-509
789
530
1571
163
-1827
523
-850
-1326
-1446
2286
586
-1174
-2748
-140
580
1641
1131
341
-1399
-44
628
2463
-851
-824
-2186
2592
3035
1730
-413
615
-477
2686
-411
-1958
-1740
-8
886
-2412
-2
1172
2759
148
2540
892
43
-2929
-475
-289
1370
1331
961
-783
-81
-1342
-766
-750
-1068
-2418
185
-1049
2371
1966
-1699
-350
960
1872
-1872
3860
2142
3726
1257
2988
1532
1046
2071
-3253
-3379
-1723
-1192
-933
-471
-1559
-2665
402
-10
464
-2024
786
1267
-1494
996
-1486
1285
101
1675
-1623
-3210
-857
1
-2907
-1741
-633
-149
1367
1164
-238
1440
-742
256
-423
-2841
-919
-2085
-3709
565
-1487
-2299
530
-4171
-976
-1842
-902
972
-1804
88
1059
-223
-428
-812
2357
7
-287
-1171
-521
522
1005
671
473
206
529
-1581
111
441
-1435
-1255
-2496
2434
391
-121
-1103
-1297
-322
-2506
-1978
-3824
-574
1754
1132
-1550
-3872
-2100
-779
811
807
-1166
2208
1290
28
-264
983
2221
3499
-387
186
-1228
-3176
-51
1230
92
2555
2123
745
-2386
-202
-246
841
-807
575
-1017
-863
-1603
1629
-411
1164
-927
-1547
-597
-1601
-773
-2063
-1567
1273
-2471
-753
783
126
-2585
-1906
2428
1160
50
-494
-806
902
556
293
671
-536
54
1927
-486
-862
1064
-60
321
358
132
767
-1344
968
-162
825
-339
-880
-714
-1147
1344
859
802
860
1294
-884
-246
1670
140
-807
-1177
-180
-482
2335
-214
306
-1276
-1396
-623
-148
-338
-1031
-1766
-738
-452
-2251
459
-1242
-2360
-253
-220
-223
-562
-969
35
845
508
-302
3158
-638
-1247
1913
1091
5597
1409
-871
1417
784
-223
298
940
1940
2418
1421
497
2424
-1054
87
-1121
-4313
506
326
570
-1288
-1612
-577
-569
1080
-1152
724
-888
-408
-1244
1120
-1668
507
-447
-658
319
463
-837
-175
-649
1701
-379
-118
913
-1424
-1082
-1103
-866
614
1294
-947
-1829
-718
1304
-75
2801
-752
-879
256
-944
146
617
191
2031
365
132
57
-585
-859
2908
329
-1053
354
150
104
632
703
1390
-1608
-238
-685
997
-170
88
919
-313
-136
263
1474
-1402
482
-185
811
-37
1243
-492
1013
123
321
-622
961
-309
910
-700
-734
-1138
-1429
-962
-476
425
-634
-78
-905
-1408
1555
2465
570
580
829
-95
1727
-455
-634
1150
-2720
-1898
1786
-96
-731
-794
-328
-940
-1303
1365
-786
1034
-55
1309
-213
-291
756
-1934
-644
1896
-826
26
-694
-867
-1358
-1948
-268
509
1342
652
364
1320
780
2772
213
-255
-161
1825
1
254
1867
-289
-81
218
-577
894
584
1566
878
827
1426
-132
227
-519
-10
660
-1112
82
222
-406
-1798
735
1838
164
1978
-1945
-188
768
-729
1895
-492
1636
-746
712
1278
-1156
1062
-824
1082
969
382
-1208
271
509
-1130
-2232
-850
-398
-392
976
-1202
1515
562
1772
-264
369
506
974
-1777
153
-40
-1240
460
30
-2208
1467
987
-347
-917
624
-777
-1277
-1064
-69
740
-782
1944
-502
-1317
-389
-1944
-430
285
-843
3423
5
-135
-947
-2511
-672
-297
1121
-2846
-909
690
-574
-281
733
402
568
47
-1577
564
2793
1345
441
3630
69
603
-1207
-108
-192
-2298
-280
-1824
3351
-143
1091
408
992
-990
-2284
-628
-1042
-41
-403
1311
-1243
2033
944
-386
1902
-957
-644
415
425
95
250
-1165
-205
-4
1744
-381
1663
-1610
-17
-90
582
1216
488
77
473
-469
-1050
-388
-445
385
687
379
28
-728
-2164
-1077
964
1765
1171
1205
-1456
-209
-2557
-884
70
-1447
1249
-1684
2047
812
1256
456
-518
229
-727
1265
-1130
-812
-573
2272
-292
6767
-120
-1552
3502
-7162
733
-119
-173
-1114
732
1563
-285
-3096
623
-2145
1873
-2324
1006
-817
-279
-842
896
84
1468
1536
441
362
1887
1241
637
760
-978
-142
1078
1167
-843
-200
790
2157
1645
1335
431
-1536
-800
-201
-123
1142
1378
-780
-1140
806
1154
643
1937
-638
-594
8
1039
1507
501
709
-79
1251
-711
-586
13
-910
762
1775
375
1179
-373
332
842
307
1181
-1640
-453
-60
-184
987
-848
-216
40
-380
1068
145
-57
1269
3
1891
447
-939
483
-1420
-595
262
-350
1085
65
1889
637
202
-1018
-441
-603
2306
131
1082
-914
825
1702
-1028
72
244
2464
-261
637
-197
1473
898
121
-639
-983
1821
-902
-282
790
2031
-728
1243
853
-1329
733
-636
122
430
841
316
-134
-90
-519
-368
180
-1852
1814
688
319
-1877
-803
703
555
196
518
-82
-639
-407
-709
1538
-66
1067
-1319
1021
188
-291
-2253
230
823
-336
-1284
1505
-1164
68
440
390
-448
621
47
660
-922
1293
65
-186
-74
-752
-2
-1798
-2
-1023
789
983
-1159
1033
1414
-1233
-935
-2330
1081
2363
807
2929
543
-815
-1011
1621
465
567
923
-338
-780
-1949
-229
-634
-994
2164
-1086
1114
570
295
345
929
-341
2447
1428
471
-799
-122
441
1739
-997
907
-739
-925
-1077
1137
-369
337
-2791
1013
-2313
1440
-1766
-122
-502
307
496
-1201
-177
-1244
-1390
837
-1821
1960
-711
-1847
379
-2005
-372
3148
-870
4916
373
-97
-2197
-451
-532
1664
879
74
1084
-217
716
499
-377
472
-387
953
-1419
-728
-777
254
-302
436
334
-140
880
731
-366
1978
530
1122
500
1167
977
1153
101
-406
1429
-69
-585
283
-70
-178
-1410
-288
496
-345
783
-1367
-1186
510
-110
-42
-104
570
2904
-555
-93
1210
1000
792
-603
236
34
-133
-160
383
471
911
-637
1461
838
-8
-528
-178
-450
821
-1251
2249
-1518
-488
-600
608
152
1566
980
-959
675
1142
-264
844
1027
-1228
914
1061
938
-509
-136
-1586
182
1345
520
-1141
91
-1137
1735
-1474
1842
-2004
-288
-1411
797
-73
-200
48
32
-3484
-80
1406
428
-462
-414
-175
-1289
-1073
-776
-1043
-1050
8
-134
-485
706
601
-423
260
-1238
-443
-1489
1947
380
-1778
-988
-63
-494
1631
-299
134
316
-333
-1445
-813
964
-34
-846
-1980
174
1302
1770
-1885
147
15
-787
1229
787
-804
-164
-2815
-379
-1302
409
694
12
1766
-1804
-298
-364
-1778
-224
-83
1713
870
-94
772
276
-1243
-224
-77
