30843 49661 42336 56723 49995 50137 44285 44466 34502 54057 49695 55291 54436 50919 60965 45036 49361 56322 48806 48698 26389 34754 24484 38963 40334 55478 40430 51109 55715 61848 50003 42419 40001 56240 47226 45838 43253 41921 40682 27510 41064 43029 56327 40736 46214 48561 50105 55093 52983 55420 38082 33312 44268 54914 49717 50765 52244 49622 52195 54406 62241 56209
34898 54342 45075 60971 60050 57836 44585 53092 40550 45953 34985 45667 45725 35199 43905 37994 45918 51658 47483 36803 25011 24384 23401 40309 38543 53247 48910 47802 52968 49505 54499 48062 54708 55959 54222 45916 45401 46720 43793 44020 44437 49508 48551 49253 44574 52509 49737 57637 45928 42248 35024 31284 37496 47698 37557 56004 54307 54835 46773 49424 51430 50881
39866 59705 52815 66124 64611 69792 53034 51520 42212 56138 48658 41913 40632 38181 51511 48989 54995 49820 46250 39432 25539 39024 32037 38760 43760 50567 45757 45740 55617 53181 49120 44078 29931 43381 47226 55648 47701 48851 39326 44150 42458 50530 38658 44915 47476 51934 52031 53931 42030 46576 34571 40581 35979 55878 39383 57899 54049 62404 58888 54574 55621 53542
55691 54755 57902 70269 65806 64008 51346 54913 44718 50967 47069 42148 39251 35786 38017 41362 55245 45835 51265 47520 43167 42799 41090 50320 47110 58484 58668 53239 53826 58144 53919 57731 41025 47257 46605 54952 47030 39273 28465 42999 27962 45157 40508 44153 55301 47855 48399 49989 46321 42916 44517 52266 49043 50018 34665 40412 37640 46136 47274 50809 56620 44182
46403 64525 65853 72476 55267 55470 35327 50521 49132 62888 61397 50544 34231 39167 41077 46602 50885 48163 48717 50118 53606 39999 37330 54873 60471 49625 39065 54189 59265 66266 49690 47722 33519 45453 49301 53011 51043 51452 41987 44609 31164 37761 39745 43077 46600 37175 43832 49207 55167 38505 41154 48083 62497 53576 40742 45099 42121 50071 57292 50994 62379 49619
42074 49448 54074 54425 53865 50727 49944 59159 55120 47406 56753 52493 44900 24805 31919 42696 52963 48772 60743 62327 55672 44791 39282 55957 56582 43916 33447 43784 65250 56884 49641 36330 38898 43686 46312 52578 40146 49130 38285 45023 42185 40190 52560 53016 57641 42213 43415 51475 49766 42092 30989 48211 57210 54839 48965 42756 53252 47231 61547 46661 49160 44989
44092 46191 57720 39898 41005 40944 42440 49397 65822 67922 58984 32175 29630 27765 33398 44770 40652 47049 58882 53170 50076 42879 41039 40644 46456 38203 52991 54615 64999 49376 42859 22273 31303 38167 38075 46589 56549 55857 63856 54119 55941 54562 47588 50311 31252 29162 42213 59612 53283 59570 38030 51988 52194 53062 59350 45883 64376 64267 70803 54865 39334 47451
40504 25843 44351 36461 53917 47403 52808 45553 59014 47307 46805 27926 31025 38749 46368 55052 42099 50179 57720 49883 49515 48302 40603 34060 34723 32365 55486 62153 49385 38318 39276 39638 34557 36199 34440 30201 41519 39790 57828 65245 64160 56483 48074 47179 43376 46017 33372 53089 35993 47477 33936 48419 57728 54755 61124 54270 55663 60817 65439 54586 39762 32983
43330 40529 55108 44036 46429 32833 47070 46145 52809 45443 34269 29402 28817 50847 44619 50730 34743 34255 44469 51890 60688 69298 58106 48400 53687 62137 57656 51351 41913 40028 36875 41613 42107 41678 48594 36516 46824 35174 55721 65214 59983 63088 50003 45769 33896 43216 36149 45506 45906 51632 49399 54110 63031 57563 44135 43454 43211 44509 41712 53977 50245 36516
57159 40332 48719 48281 59152 52201 51532 39568 38840 35515 26865 22100 29716 52881 53505 59115 46026 32790 39737 51407 57531 53263 46971 45986 52604 67531 55789 47402 44765 46538 40684 40832 50852 58310 43384 31504 30782 30810 41359 54280 59875 55142 51454 54173 42499 44714 33823 37966 47567 35698 49072 48241 57983 46757 49518 54684 52463 42779 32710 39571 43576 32789
61430 55187 60924 63738 54339 59837 53683 53188 40355 40111 33439 39107 43048 49599 62211 54505 55657 45529 44506 42608 52278 45507 50695 44893 60799 70425 59938 46375 49377 39530 43842 40813 48649 61070 54032 42987 39830 48459 48279 56083 50055 59392 59906 56389 33321 38218 30225 51286 57091 52372 51699 51752 49467 44806 42755 63015 43518 43973 43095 54983 56172 40471
54149 50117 62170 69214 52382 54112 44113 42311 48555 35872 37317 28878 46861 43046 63718 58476 54731 45155 40048 33559 41573 25593 26365 33767 39659 62126 53716 63206 64401 44373 46028 37370 43944 47245 47125 42268 32191 44315 48920 53727 52752 38908 47420 55048 51092 47108 49023 63162 61720 52106 51483 54026 52068 49528 55080 62069 56401 39921 49427 53402 67364 51849
42775 60808 56583 68870 52525 61609 56674 58027 49959 51134 54154 46652 62545 48721 63262 53465 59623 50314 49593 36673 40910 27141 32372 50935 61203 68217 54740 49482 49727 42930 46369 45341 37673 49327 50693 55591 53884 65662 52841 52051 54324 49757 44236 46720 52086 62282 49354 51466 43959 52270 44359 50690 51495 58089 55651 53822 56722 53898 73624 68323 69786 56587
38200 41633 42218 56488 65066 57108 47622 50483 65965 54920 55048 36430 50343 41445 45731 39131 41972 49614 49741 49855 39629 30876 36339 56019 54028 67277 49547 65314 55451 60398 48572 51660 40288 39863 47907 47559 58843 60174 59983 53555 58470 54143 55355 45647 57825 48861 44846 49351 39843 42642 47793 54646 53895 48197 49815 41215 63782 48935 67478 49641 57993 48488
41076 36656 37686 50386 71651 61770 49393 41953 62047 61539 61153 42566 45247 34105 37947 41007 56091 62813 71063 62493 60583 35369 39065 47651 52166 63684 44501 55751 48525 60697 52900 51872 36514 50136 63481 66174 65408 54494 39465 44433 56593 61157 55883 55923 46657 46052 31548 41079 34532 35870 33984 37204 27060 34662 40501 48750 53014 49462 53595 50314 44987 48587
33189 26092 42912 60214 56608 53011 43020 34830 46474 45204 48200 45462 39278 36952 32511 41195 50576 52748 63319 55829 64021 48858 35808 44939 37271 52518 56339 49144 54522 53262 57339 51515 52973 50496 64141 57915 52711 44185 29298 45537 56030 63394 64495 57926 49422 51781 46852 45551 39016 41780 35116 37587 26862 37835 33454 40467 42629 35336 43501 41284 42538 36884
49885 43653 36543 50850 40490 42473 33274 31872 46864 52818 52449 56020 54685 41287 42971 41466 58729 48419 56687 56506 55820 48989 31288 33347 31613 36225 53381 48025 64228 49389 55253 38752 57340 60987 65325 57399 51599 35778 32728 29897 56691 58795 66286 55409 50942 52023 43598 42668 48944 55800 44991 47701 27790 47685 41342 46231 47631 34229 38782 43375 43725 39814
40176 34060 36401 43041 37573 34177 30388 29944 35443 49492 53354 52063 61541 49535 43817 45896 38357 37358 42470 34823 34591 37071 43129 41609 48836 37371 49236 52995 65707 53178 53209 51796 52010 57668 63838 45640 44173 33046 43266 32571 46025 48853 56569 65044 44224 48331 49698 50869 52895 43202 41136 42970 42892 43449 35575 34840 45512 41719 46199 43039 43649 48466
32745 33772 28356 38093 42489 40222 37591 34635 51898 54440 63116 61672 63566 61033 47659 54288 38518 41032 33554 38621 40236 36259 44302 54365 51179 40960 42070 52946 56546 45531 52962 37056 42109 48265 62784 52881 51475 46919 57002 50846 50446 50798 40971 50968 29362 35853 33413 49441 50590 51097 49364 51784 39323 49271 43028 54211 55043 55075 41751 33427 37372 51922
36019 30287 27128 31885 44203 47398 48332 48524 46640 51323 49897 52649 44884 47767 42279 46902 44439 39984 33603 40683 44063 47654 59497 61570 49115 43139 42951 58207 53769 45179 41117 39200 49395 53725 58334 51513 53088 56675 49467 54435 31017 43047 30035 33785 27536 31956 38018 30101 28551 34045 46571 58985 48704 46906 26375 42424 44246 57621 46953 44325 42518 60062
39845 41987 35110 34847 38232 54121 45412 47593 46932 55355 49605 49787 53350 43475 47261 45296 36555 47052 48123 57704 57480 57514 65812 55128 53223 48981 49061 45341 45393 41359 38844 37061 50602 50765 59352 57983 55005 61705 54026 58887 43165 32973 27331 32447 32295 40507 38251 35709 33825 38673 57949 58586 53588 53220 41424 55041 54109 47272 37786 42345 45896 50806
55240 47241 37106 37154 37331 38414 44974 39963 32318 44011 49658 46318 46707 38584 46538 39000 43084 51848 54819 41766 57754 57457 57304 41269 40171 48868 50288 60861 51526 40472 29756 34945 57421 44986 54142 55522 48685 50337 47328 44544 33411 40510 35235 42762 43401 40367 42412 37855 47146 45460 50547 51539 49498 47467 43487 45701 47885 48282 45527 56600 63914 66741
51155 56344 36910 35598 41055 36392 32972 33533 29088 33112 34869 38895 46790 56102 44994 46256 45632 51659 53754 41033 48433 46657 45320 44866 54216 44963 40314 37283 42707 39546 45356 36498 51056 56616 45688 44344 45640 46879 41189 41140 29793 39509 40657 39943 39124 39570 52378 47212 51069 47644 52719 42098 41988 39512 47306 63914 56247 39889 43129 43710 64936 62377
52114 54881 37917 23040 47133 47484 54764 45815 49633 47668 51164 55589 62746 56418 41057 43270 44647 42524 56561 49645 51248 41379 28701 42256 53453 41676 39646 32834 38989 30708 38479 37384 35926 46521 33760 33295 34939 48750 56437 58279 50145 43099 60330 51055 46955 27836 29241 48953 59209 58081 50656 44395 46178 48446 43496 52352 42284 33694 46071 50316 66707 56420
48708 51035 36881 31304 42265 45530 56833 41675 43067 28769 32176 38550 41659 47066 40501 49784 43892 43321 55263 65858 61737 54450 32751 30078 46006 30253 34517 14665 41979 32939 33524 27990 34336 43865 44944 45964 40027 56352 55229 58091 57381 49748 48703 45449 43346 43672 37465 43205 53442 63503 65321 53441 42250 51836 49451 53482 45732 40504 50568 38640 58225 48443
50649 36637 32988 26482 48423 51933 63748 55164 69021 44040 55672 49158 50303 36869 31129 28370 40437 49872 52370 56028 50255 50479 44651 41074 54930 35343 48706 27044 41555 45003 39798 38905 35902 47128 39020 34835 47042 65871 73864 63755 50528 44095 43973 49982 49213 46979 37095 41386 41235 46455 47553 44295 52862 52162 53285 47298 48318 40935 37585 36979 49528 48755
58676 56305 42104 44425 36120 37662 53216 46172 63799 54623 53189 41757 43942 42193 52469 47125 35006 41150 45017 53068 38525 40687 41684 35460 51956 30799 55813 36869 49737 33565 29969 33819 46304 45591 44833 49170 58726 71584 66865 63894 53155 49176 47481 64020 56034 63308 51803 52246 39492 34038 37505 40010 47487 41566 45938 38828 47440 39732 32744 29401 36552 53031
52014 58642 43146 42939 40004 40247 53999 46668 57939 61522 64788 50168 55588 52795 51289 55825 39672 41797 34603 40585 20343 40272 41359 49570 61849 42666 56250 37009 54450 58413 50584 48770 49014 54720 48686 44355 47059 62505 59739 42400 29121 31057 35256 56359 55090 52249 50480 44583 38020 41083 38357 37201 45177 31850 41001 45192 55726 52736 39523 46823 50374 56455
67893 74639 50622 50726 48527 56993 58421 62069 60824 65093 54035 53881 53075 55265 59303 55449 40887 43553 33688 52070 36046 37096 35655 39537 61729 45391 58411 44606 53473 52958 52549 42172 47939 53547 64306 65050 62971 55503 56716 48280 38967 42803 35869 54794 44941 45356 52778 55236 51603 50078 50840 50703 57184 44195 38625 38006 51053 48335 49147 48512 63524 60526
58912 60096 47632 46784 59675 52684 60589 51698 51682 50949 46787 41194 47667 62801 66721 57766 45068 36488 39724 42044 32374 31764 35053 47917 64022 63648 50772 56643 51490 72689 60015 55119 66612 67214 62318 62748 63019 54084 47527 46038 37382 44943 29935 39462 44889 41255 53785 54557 67001 61976 46480 48873 45876 39529 41180 50171 47701 44758 41763 56204 66349 58407
49642 56874 54365 56554 68430 66267 72825 64915 50852 47129 39759 38204 47245 57267 68680 50063 56554 41243 45864 48019 46910 27060 51925 55587 63011 62512 51326 52802 55969 65994 72118 57490 60061 53315 47011 61517 61275 56686 46826 47030 42684 57620 33881 40192 31770 29497 36294 52933 49952 55670 51671 43077 54523 50464 38407 38919 33252 30662 33887 55883 66645 57112
38507 42769 48125 57882 67444 66021 58297 57642 46024 44565 42089 37490 59505 52170 63191 48317 47626 45466 40819 34260 41315 41910 44723 67158 64486 59738 45979 54266 60503 59937 63853 63937 58839 55171 42888 56360 57484 61665 47962 54449 45853 68010 49422 50573 43694 50538 37624 55280 45508 41890 47017 29686 22489 45931 35600 35141 17419 32567 37681 39379 50891 52939
46504 57919 53513 63266 68522 70913 53078 46045 47824 38876 48007 46690 52601 41883 47012 47813 50233 36567 44454 48486 41820 46941 51683 53732 58872 44408 46251 57863 66405 53658 61092 51368 41748 37767 44792 64615 53310 60227 40295 50989 49150 61116 55188 53392 37089 43615 27746 41159 47073 36933 34873 30838 29147 36097 42275 27541 38383 45497 61674 52785 44993 51034
40118 51385 49480 67626 57055 63519 42958 37895 55395 42616 45902 38258 41476 41817 47829 46340 38442 36237 38703 48001 40943 47280 57088 62078 58150 57118 57992 63762 63341 56140 59846 56376 47465 48979 47838 50573 43220 49239 41945 47689 63784 61271 69170 70924 55926 50253 45042 34936 38798 30464 26392 22738 31592 37607 35453 34486 42937 53122 50396 50052 45302 48254
40186 45283 40250 56661 56530 39897 52982 26947 49219 45799 55879 52190 45020 45780 43763 51524 41497 44316 35084 27768 31527 36380 55024 57179 55877 38142 52727 50465 60128 53673 63665 50331 53850 43215 47944 53718 44687 47758 51348 58366 66619 60150 66867 60868 57087 27158 36061 30562 35870 28101 37804 30180 37149 35164 34512 39324 33931 41560 45129 49202 51574 45873
44040 44437 38973 37368 42808 31702 44775 38708 43335 43990 49198 51910 49255 52227 47602 55426 48250 55723 47943 46854 42022 55333 58757 62437 54282 44260 37047 38285 55603 63293 63847 60709 61860 54122 40254 33946 32451 35801 57243 57327 63503 59971 67317 58526 58650 34667 37479 33387 40626 20368 34656 31737 38656 40474 45844 51714 35204 36040 36834 52829 55786 48638
37808 42481 56548 43910 40809 33265 45147 44481 46495 51219 70797 54652 51969 46201 42709 59005 51395 45306 43547 47724 48718 47619 54952 51688 42698 38967 34202 43802 46652 49213 61414 51638 50443 41558 43833 51094 59397 50716 61357 65594 66431 57662 69232 51143 42235 38220 36479 34686 37585 31128 38516 30645 43999 50769 48668 50476 27248 25308 28443 29810 45351 42504
40043 45695 54779 43002 35814 32524 40869 48206 56053 49163 53325 49962 41493 41838 45710 51690 57580 59081 52436 43890 48757 54701 48669 50167 29139 29516 30486 45307 59371 54159 55992 64915 44832 41040 35475 47879 62549 60965 57571 40065 59744 59517 73036 56467 38985 36491 50419 55332 49335 31719 40982 24835 33024 57863 67288 64007 46335 44188 42387 49588 47412 52147
44967 58379 64585 50001 39432 30305 36109 47608 47926 48685 51119 58042 47525 43504 50149 55202 44105 50280 51068 40998 44955 58575 60350 52414 43362 35366 30845 38907 50637 62359 48705 66740 46842 45931 42188 60787 61570 58912 54149 44646 57848 55834 69666 46823 43806 41091 46771 54283 49879 36745 49468 43679 44111 51181 63098 48778 49210 35449 38418 46814 61376 50887
34589 52036 67324 65407 46205 38571 33350 54094 45205 48938 51995 51061 41530 43295 35940 46391 37016 31332 28393 30286 39165 59640 58829 46013 42591 30776 36270 32441 40172 60892 51948 66299 41419 51004 41136 53989 53337 59091 37803 42937 49432 57875 64203 53333 35890 51302 47621 49792 47221 53095 48620 51507 49068 41572 58407 43894 60966 52454 61496 55972 63177 52222
38449 38023 52717 53302 49239 37129 33813 45342 44788 48679 43977 47112 44550 52748 47110 45228 39232 35913 35734 38461 47880 61695 55345 44782 49213 40205 41228 41772 41995 62797 51391 68864 57880 50392 53321 53766 48142 45638 41607 49218 54052 53638 51146 51842 40180 52388 53234 45155 40845 50293 66849 67304 58369 37465 54187 35384 52232 41876 55328 49859 44492 33418
31644 35895 48213 61821 46857 47374 43592 42966 48412 35534 37320 40381 37586 44919 39093 40402 32860 24489 21506 32350 37974 51075 41990 26053 40168 43461 53422 46512 42785 56425 54928 52922 51819 41398 43440 42534 44849 43136 38212 56792 43682 53876 42847 47029 47399 51156 46734 47594 31393 51496 56783 60592 37530 32285 43679 45633 52234 44833 55947 49128 38980 22707
43503 40705 35807 35224 32760 26251 39204 45420 50712 42957 30205 26284 38840 45840 48852 58969 56937 48270 39510 39722 45947 53621 47021 33279 45256 52434 67218 66346 55467 53340 58834 67296 70111 62734 61251 44788 39458 37610 49701 51971 52569 40076 53259 46529 44051 52689 46584 35746 32567 47661 51229 55062 42195 48395 49651 40283 43144 41236 43860 34458 31133 26060
49416 48226 39102 36302 36415 30626 40751 51572 58337 50329 42406 33482 39345 38844 40424 46935 56761 35078 29901 37686 44730 53270 55174 35428 48345 49135 70637 56183 61949 48207 62255 54599 67070 58795 61056 43556 38512 47201 63602 64890 57946 49558 44221 43872 43885 47845 43514 33019 37242 47594 31789 35169 31580 49716 54832 46557 35781 39202 63354 46186 48636 38598
55384 53502 55305 39596 36763 30161 38328 56009 60319 54500 47124 35573 45953 50091 49299 65207 65171 54577 37944 38988 52878 54284 69261 49908 62818 54221 70032 56635 59819 49404 63457 65979 71008 63377 62769 50680 47801 40308 45424 49320 52741 61961 65237 62994 64486 48226 45994 45512 39089 49025 40643 50658 44685 48700 51304 41376 39461 34473 49645 40951 47895 41198
46554 59797 55589 61303 47407 52625 51840 73550 66481 57899 53931 60748 45503 54257 45307 62222 58761 52268 41273 31092 45799 50525 52034 47033 47158 37651 60704 48007 67118 49660 54278 56171 57843 54571 50179 51427 52681 52879 50942 60044 55453 48385 45857 47182 64421 63702 58121 60551 46537 42286 41508 46166 51092 54759 56662 42789 33896 35200 47731 45407 52156 44414
45350 61885 58463 55645 45266 53972 53581 63703 51486 53602 49678 53405 48860 52047 35230 52355 55078 54567 39494 28597 31526 43872 46798 46694 44752 42940 53480 44825 61364 59114 58849 48531 54120 59415 64292 53701 43802 32682 33584 49182 55050 51672 51470 49826 57724 59791 56415 59155 43373 58278 61571 68445 61596 59047 60553 54000 41823 39198 42256 47907 51778 30459
58977 55414 35618 44697 42018 61739 48342 55469 55264 60522 57686 48051 41401 33167 32771 43113 51927 43363 46024 31216 29966 40845 31764 42251 36681 35553 56206 42635 57116 59126 57995 55367 36874 60352 54032 57317 46242 51541 47970 42036 38905 39847 46139 54191 50438 64897 46061 51498 40075 55367 52124 67610 62428 80364 68798 52288 34708 42108 45811 49548 49985 49751
60015 53561 34616 32200 32857 52890 38814 38504 50082 56043 65699 48396 44882 26855 30894 39132 54858 48001 38426 21929 29746 36725 36148 37807 46125 48185 49840 40225 56557 67614 55341 63782 56206 70151 66286 58415 35644 49300 45647 52682 48812 45991 54739 44673 41498 44053 44203 56512 42777 58460 38240 60828 54397 71984 63153 56764 46878 63633 61278 53948 41986 36713
57632 41236 31095 36006 48744 48157 42307 29500 45977 52862 66657 44708 44345 36435 42718 48254 54593 35659 30179 24552 35149 43876 41193 31764 41939 40114 53828 52932 60414 65471 54465 66800 55104 63330 56698 63279 52585 53343 45922 37954 35460 34302 53722 58782 46710 54460 48296 63852 50133 51494 40692 51133 62392 70211 54342 43120 41685 57097 54433 51321 51264 46856
45933 50351 52421 47215 44912 51686 46177 35714 37649 43511 46763 51395 52753 53709 48161 52128 54712 43876 30334 24492 31644 42757 54267 46804 34597 46014 44767 47577 47098 49933 53809 61577 64831 59457 47297 46844 39999 51860 59472 50283 49507 41292 52798 50853 38109 50859 55808 64162 56214 43553 50540 54310 63764 60207 57826 57116 48516 66506 51844 41971 49460 40594
45524 51630 57784 61774 53087 52692 50446 33021 37786 28980 29357 34772 36848 50867 51123 44121 29994 27648 27856 25781 37639 33606 40065 52831 36431 52873 51685 50477 46886 45561 51103 57125 43579 49197 41694 33902 50234 42753 61291 43524 48112 44326 47336 52049 37794 55253 48708 37254 60061 45273 63962 43644 59655 55848 63500 51918 37247 41349 46660 40766 41796 41933
42935 61037 62285 65561 48127 37164 48005 48253 42487 38127 49520 46115 37444 37578 43642 47177 43859 51327 61274 39485 49239 55889 54843 61746 47804 52686 52744 41547 44096 48936 49576 53107 44243 37376 41065 30378 36225 43607 53524 53061 54339 48930 37223 41127 28484 43854 49070 44273 52737 43345 57914 41264 56810 68426 64069 57092 39259 47025 40219 51769 50254 56142
44440 59414 58074 52611 47852 44823 53526 56618 46556 36869 49440 40048 48053 36760 40465 43276 42986 48407 58135 62324 56136 49628 51970 50378 48213 41825 44663 46065 43401 45515 49414 37770 37563 32042 39344 40184 46503 51909 48021 44936 38570 44782 27439 40058 26275 33248 40120 45176 53768 46167 33859 35663 49689 51282 47246 38434 33810 41255 40018 35533 36135 49714
48197 53989 52570 49432 31755 45497 45694 59100 54594 37255 48793 35763 46669 43998 51021 64139 52630 66994 58927 65058 58581 44778 52135 40832 51968 33799 36345 34040 40044 48318 56933 46728 49924 51533 50412 52121 45337 53727 55308 45710 43401 44292 42236 28966 30352 37803 49324 62011 51136 47200 41689 32306 52731 49871 43708 38731 38562 42017 51392 52400 53664 64569
55325 52225 38982 54505 52740 65947 63155 58529 55381 44335 42690 40711 50716 51647 50704 60115 41920 63078 54500 54446 53240 40196 37970 33124 41664 37206 32730 25504 28187 33684 44713 49824 44759 45775 54088 69898 72634 55277 52753 41779 50457 52320 59392 38385 36241 37165 37425 53554 51510 44227 48832 30732 34775 31029 49574 49919 44926 31911 36479 44331 50531 58498
58308 51366 43306 45996 42334 50879 55408 54488 51125 48267 52155 48329 53894 41571 39382 51833 39929 48511 41467 41324 53336 61554 49650 42668 47856 54302 41217 32586 32551 47088 61601 73863 60671 64033 59365 68208 69108 59429 57718 62207 73851 63013 66199 49010 44734 46349 41185 33772 44846 35620 36072 30867 47170 44748 49163 45585 50310 37097 46198 45080 46882 56229
45325 41706 41632 54221 50711 48463 58891 60369 65067 51761 54163 49112 62703 51776 31459 44562 42330 44143 48581 47051 54706 60195 44660 49187 53280 59551 48406 33402 31174 46992 65490 64645 54443 45575 53304 53393 47492 48379 47456 51573 61724 58229 57805 50104 48018 37032 35386 24784 45511 38034 38110 42757 46297 48462 45749 48247 50552 42127 40884 43174 47144 51093
45766 49853 27204 38915 34283 35637 46970 57574 60922 48610 57457 58800 58232 50455 36448 37726 54321 50032 58905 62991 73411 69786 57578 62377 57689 57150 35295 32930 42314 58330 64929 52382 52641 42513 37056 42385 34397 39778 42164 62025 77153 62843 52313 50718 54967 45284 39116 15230 27894 30387 36480 53013 61425 58774 48995 49314 53161 52618 40960 43451 38758 53703
47053 52134 36164 28647 29587 44050 56145 54968 46776 41132 37577 59672 59297 54791 51566 44142 57290 55458 56906 56964 46414 45263 40304 57096 54934 54861 43317 38048 53204 48294 57561 43895 34314 35942 25738 31030 25694 28056 33727 45076 60912 62278 52056 56121 49359 42921 36296 27715 36260 45183 54949 55202 51234 57581 59164 55224 46950 50091 43844 60307 54872 52905
41523 56911 42521 44965 44599 56925 64212 53365 38973 37759 40652 49641 61516 54042 50259 59404 51737 56339 50019 48473 51255 51834 54361 50971 53620 36445 37956 45052 47610 48528 38775 42286 30614 38014 38214 44460 41375 34716 48586 64139 60370 62424 50734 63637 59954 53403 41873 30571 41756 53224 50620 49619 52741 65167 59643 53122 39779 52461 35593 49058 54557 71466
44034 54913 39950 45161 48638 62532 49789 51678 37886 44942 46966 52309 58957 50713 50092 42502 36959 47311 45373 40366 35767 38964 31976 34318 48550 48135 48101 50397 41991 53860 40108 49921 41369 60582 54526 55908 43064 42904 34931 53063 52640 50963 59934 59553 67066 54140 55206 57526 61619 61732 52065 50594 54479 67667 59816 51292 25576 41475 34344 50609 44676 55874
