53 21 159 76 244 217 90 164 5 226 139 83 21 93 65 41 189 123 154 185 217 109 152 41 40 78 240 72 203 42 220 224 81 68 125 43 162 203 188 244 228 189 99 252 35 90 65 146 9 151 88 249 34 127 238 179 207 215 122 232 47 141 175 4
115 190 61 64 187 163 198 42 191 62 235 166 215 146 73 240 239 108 232 28 189 3 211 89 111 12 78 180 231 222 200 184 21 63 36 159 181 49 94 217 120 211 102 156 90 104 89 4 43 87 146 204 220 224 157 254 64 193 166 205 175 134 13 237
24 88 243 137 137 75 216 99 153 107 72 222 195 212 191 181 213 6 238 24 40 69 32 18 244 114 78 253 154 189 196 230 112 199 162 25 205 91 226 49 130 217 233 88 249 71 210 89 60 189 83 11 31 159 199 23 190 223 51 179 87 193 14 168
190 70 19 69 157 165 139 120 16 64 42 196 139 201 241 204 141 236 235 58 131 131 90 191 111 184 183 162 28 173 151 160 157 83 209 64 236 242 178 99 221 73 12 241 154 209 78 241 160 118 175 231 255 174 206 47 214 188 44 112 182 89 161 108
84 24 205 255 59 209 68 179 21 171 94 183 212 122 254 156 227 57 153 86 27 134 244 133 46 232 168 238 111 217 160 176 85 70 185 1 247 134 34 230 39 23 186 99 158 234 59 53 157 12 37 232 147 199 25 36 158 42 130 88 76 113 50 28
107 155 92 240 54 204 118 230 169 192 224 186 55 1 175 6 217 238 84 127 54 102 220 63 46 34 61 174 96 153 243 66 162 8 115 70 140 128 193 155 137 219 119 115 209 200 253 9 93 87 99 185 56 38 211 162 108 38 105 248 67 150 168 114
34 44 227 210 148 51 181 28 78 150 178 194 196 12 189 140 246 70 65 243 46 20 65 231 175 56 27 195 165 61 138 3 51 109 172 154 25 23 97 126 229 219 79 164 145 65 145 205 195 116 62 41 7 246 245 192 30 199 115 9 101 137 235 30
54 234 21 64 56 101 121 128 254 135 157 164 14 10 115 44 203 30 111 147 163 194 63 143 68 60 153 17 212 66 1 216 233 167 45 133 4 55 35 95 213 62 66 58 117 237 136 179 165 191 201 101 143 120 142 51 200 66 28 158 29 24 189 223
234 144 193 17 73 36 109 215 2 165 5 164 58 201 104 67 221 109 223 2 32 194 70 98 233 40 102 97 190 206 116 48 202 34 108 160 68 64 235 84 208 77 157 229 124 31 52 251 196 128 74 209 153 179 37 196 2 236 86 228 60 149 166 192
10 63 215 182 127 41 27 206 4 205 237 20 206 204 88 184 246 149 127 131 54 141 180 246 175 186 169 209 138 156 146 60 67 247 2 88 10 27 87 85 80 166 120 109 35 18 110 62 36 138 190 112 144 115 223 252 16 65 148 115 106 79 93 201
245 9 58 164 202 230 223 187 152 226 47 123 26 143 192 228 78 221 179 69 250 191 210 62 229 135 96 117 68 147 108 123 184 135 195 157 41 119 209 72 203 117 127 69 156 181 60 8 9 154 240 113 147 114 169 122 151 2 103 173 221 86 131 77
202 248 106 236 78 160 161 27 106 159 14 67 34 208 230 123 48 177 119 26 69 56 19 66 229 23 169 89 208 192 187 128 21 92 99 117 87 6 179 29 172 147 231 170 255 109 136 1 209 52 94 150 84 188 41 122 153 71 51 25 136 17 25 128
148 220 239 241 226 174 83 123 32 218 160 30 180 0 73 36 46 93 173 240 192 83 25 152 67 203 53 224 186 86 224 220 110 174 19 82 4 226 62 174 69 225 203 71 204 195 233 31 37 211 244 93 24 189 208 31 108 17 244 194 210 26 226 58
201 172 117 234 5 185 111 152 27 199 181 228 201 178 38 28 159 193 56 178 211 55 107 91 76 5 75 239 241 220 154 13 137 222 102 206 210 84 172 131 237 16 4 96 89 138 232 13 90 176 90 74 74 192 65 4 182 146 111 210 114 47 230 66
242 251 237 211 173 12 62 218 108 111 73 224 236 64 246 91 229 220 47 220 172 36 227 200 143 138 21 255 240 98 66 105 23 95 214 28 133 150 104 18 249 137 246 85 67 105 172 216 196 56 139 0 134 227 172 190 18 54 85 15 23 155 171 72
143 36 84 41 42 169 236 18 129 232 156 104 38 62 213 93 114 79 129 118 190 39 241 1 119 61 149 103 75 74 234 103 38 190 39 21 239 10 87 209 33 211 22 51 84 213 187 120 118 130 72 243 126 168 122 239 250 250 100 187 122 47 99 167
109 71 242 171 112 220 97 103 16 172 173 144 191 108 229 97 33 1 221 51 179 38 104 30 37 7 178 36 252 192 107 124 52 232 191 14 197 42 245 152 119 15 167 172 80 30 17 16 249 83 178 144 62 27 126 25 200 248 100 45 98 88 53 127
73 81 11 238 17 137 135 140 135 8 130 30 102 127 229 82 53 149 71 156 54 194 190 144 78 195 212 204 138 231 104 13 58 0 158 83 35 7 78 158 167 166 157 49 131 82 206 106 103 171 88 190 13 155 222 35 158 238 92 254 114 170 80 121
98 136 3 213 152 94 63 61 6 149 40 49 215 175 211 66 171 156 203 196 216 237 27 66 2 27 163 130 114 176 169 79 35 121 218 98 41 168 221 165 38 14 118 63 237 234 253 176 214 242 110 243 79 39 71 209 92 159 235 172 32 104 61 112
196 95 122 152 210 28 143 171 211 153 63 99 100 233 38 97 136 177 66 59 81 184 121 146 31 54 105 18 204 236 16 59 50 66 188 187 11 132 115 193 63 118 32 140 50 234 115 115 166 244 141 220 81 221 253 144 73 188 200 123 70 219 177 112
42 115 98 16 48 253 110 44 104 212 216 124 25 204 12 242 137 5 52 244 242 7 83 221 201 164 86 144 161 171 27 193 150 54 61 67 58 164 127 252 104 111 229 160 145 116 203 184 205 3 69 20 3 182 77 15 0 244 194 63 112 93 65 10
151 113 138 140 71 208 249 251 158 42 180 51 120 201 37 109 135 42 47 82 105 1 238 166 59 73 6 87 150 166 95 58 2 144 134 51 155 200 217 102 62 243 238 199 86 35 30 19 73 193 222 72 47 82 6 139 147 131 36 30 174 188 133 187
77 27 170 166 9 79 237 244 63 212 88 103 89 75 145 204 219 228 150 148 40 143 225 215 194 57 174 182 114 148 198 124 235 40 102 95 183 209 195 156 18 89 110 128 167 16 144 244 68 89 249 187 51 43 47 120 3 151 120 76 28 229 220 135
15 160 88 77 179 127 73 183 234 116 24 236 174 128 98 71 32 132 125 121 251 212 241 100 81 100 90 82 129 234 162 112 57 199 37 49 157 33 238 78 147 26 23 254 78 110 200 104 195 157 118 98 54 68 4 183 134 106 90 55 91 71 172 10
41 10 143 129 134 241 196 151 166 42 49 205 163 242 98 228 58 127 3 153 174 147 147 67 191 134 221 50 205 250 27 140 160 50 85 80 182 153 165 132 192 185 61 251 102 101 90 126 171 61 162 123 202 152 80 204 67 223 127 8 87 63 131 45
43 167 151 236 114 98 241 229 70 255 50 255 46 41 97 143 218 58 184 104 212 113 8 221 105 170 65 163 128 51 116 184 102 240 25 75 4 64 174 198 219 49 5 216 203 159 26 142 87 45 99 171 50 5 83 70 159 9 11 192 77 196 39 192
170 124 79 98 242 197 33 26 247 211 153 33 20 26 236 133 146 162 61 56 157 69 52 112 72 123 184 248 146 237 21 255 83 19 162 219 188 198 18 40 88 182 89 97 149 157 76 79 173 42 163 211 29 160 191 225 180 56 161 135 149 174 224 115
19 141 242 56 107 67 55 162 64 103 124 25 27 189 84 165 70 78 116 145 246 173 14 108 176 13 32 143 226 244 32 5 67 77 5 61 175 126 210 196 4 121 38 159 27 239 132 25 53 47 246 63 200 58 26 225 102 61 149 87 110 132 119 109
237 210 22 33 60 65 61 238 172 97 40 151 57 204 250 197 26 2 191 181 90 125 188 102 107 44 204 133 80 83 251 145 180 47 86 87 25 235 250 85 92 195 100 57 191 224 83 166 13 63 218 68 179 140 170 7 124 31 171 127 165 37 201 132
166 131 47 89 185 76 246 138 108 45 18 41 76 175 22 120 99 105 148 130 125 97 148 240 98 179 214 75 104 239 18 19 90 71 168 2 206 122 144 77 186 101 233 189 174 180 44 212 81 112 156 135 33 172 132 35 136 227 226 181 47 167 246 114
82 20 184 232 65 242 161 93 99 168 186 248 2 233 235 234 118 79 253 101 79 64 115 109 205 87 11 15 25 242 234 160 234 130 12 241 203 155 57 37 19 81 60 220 8 77 41 132 97 63 135 246 236 107 196 231 64 100 122 50 4 229 143 36
124 21 55 184 220 14 69 8 166 159 254 164 244 27 68 141 255 94 249 197 43 89 26 140 83 101 122 180 82 151 35 77 189 0 236 57 167 105 14 193 127 156 136 168 183 168 232 255 202 116 180 54 238 204 3 84 175 204 136 134 245 125 71 215
219 58 255 167 196 179 214 125 251 226 182 11 233 13 2 225 222 154 59 146 170 203 134 51 106 246 137 238 16 255 54 36 41 41 70 222 104 213 124 178 250 76 86 22 198 13 30 46 106 220 238 79 92 218 168 216 60 8 36 122 23 208 179 69
169 106 196 142 118 4 112 112 13 212 26 169 198 197 49 83 152 79 53 172 139 95 53 203 212 221 197 180 50 245 80 74 234 241 100 172 40 129 113 178 240 95 15 255 96 48 181 121 240 235 84 186 180 184 157 13 20 135 182 21 174 194 171 236
53 61 61 212 204 105 92 65 32 214 214 217 208 85 137 238 246 121 165 210 98 193 39 3 224 128 88 67 231 228 107 189 60 79 106 15 220 38 43 56 5 189 251 171 31 197 245 212 77 249 184 236 102 230 148 181 189 184 47 101 240 188 56 159
92 135 137 253 73 218 108 23 147 209 133 166 38 127 219 54 5 234 191 147 212 110 147 90 13 235 71 27 2 94 250 7 19 255 125 22 183 175 252 118 29 75 151 178 176 113 121 200 5 149 97 153 207 205 3 104 185 185 66 93 57 23 26 113
105 205 233 88 21 219 98 79 248 50 149 227 206 121 233 93 192 30 129 222 14 181 117 110 197 88 120 213 68 178 148 80 127 125 80 72 130 228 53 176 179 135 138 79 205 34 132 164 11 110 186 91 165 236 105 139 210 252 136 216 20 172 162 2
30 211 39 157 170 24 112 161 207 181 90 212 48 200 249 73 103 152 66 4 63 119 191 61 22 94 0 180 246 162 253 89 5 240 12 229 78 156 214 205 127 219 48 169 244 230 6 204 198 247 180 89 158 201 144 34 62 26 51 154 100 225 105 119
126 161 185 137 172 232 104 86 9 154 89 146 61 104 156 12 252 238 119 12 103 56 179 84 163 86 153 200 123 158 54 58 99 50 240 153 237 168 219 151 20 112 252 95 91 211 96 191 3 145 251 129 100 6 114 170 231 42 102 29 58 89 243 11
137 49 219 153 161 122 33 170 164 86 235 80 123 126 128 88 99 135 177 108 116 236 72 75 213 234 116 114 89 173 96 151 174 145 158 161 15 57 52 139 47 78 182 247 147 84 10 86 171 64 24 155 171 255 217 145 138 24 190 189 215 40 76 225
82 50 148 245 92 243 174 176 188 133 213 199 41 250 106 48 172 17 13 115 146 113 104 62 180 166 59 218 173 105 24 181 192 35 120 148 168 203 100 176 119 86 153 136 229 36 61 145 21 113 210 156 118 109 69 71 152 51 253 150 67 210 245 130
109 200 248 136 13 185 36 120 145 22 39 155 45 96 110 161 56 132 247 246 141 96 179 3 142 160 183 150 7 25 170 239 23 154 98 250 148 166 31 24 24 34 201 252 247 132 113 67 74 239 185 109 122 117 36 45 2 240 254 133 223 8 153 209
157 26 47 13 206 207 198 135 246 69 166 207 153 148 251 11 197 173 141 176 142 73 226 136 30 43 118 143 0 173 41 196 189 253 133 178 111 120 145 222 136 88 57 195 141 150 152 23 213 92 172 56 42 10 163 239 221 240 171 174 217 90 109 148
135 180 123 140 203 24 28 25 123 54 71 203 115 230 135 104 46 96 16 122 185 250 111 15 40 181 213 205 230 180 237 175 243 192 92 102 197 108 20 193 33 4 130 167 235 120 69 94 203 4 242 24 197 173 38 215 103 99 27 22 128 238 147 126
29 186 93 175 128 128 6 237 153 87 208 199 237 19 101 63 208 127 67 18 253 67 29 47 22 95 222 9 87 119 178 190 229 144 72 30 150 178 165 174 176 64 203 191 228 168 221 40 103 220 71 214 13 126 109 89 28 249 82 127 205 178 191 222
33 14 69 43 202 173 52 45 4 78 223 89 75 158 220 153 173 1 192 234 52 76 209 140 28 240 22 132 36 111 224 117 9 22 46 215 89 17 200 34 0 239 122 6 103 111 30 159 21 16 95 171 20 137 236 64 202 174 175 81 131 47 96 115
50 3 53 227 57 50 221 62 123 159 68 42 31 33 113 136 205 7 20 12 95 54 227 23 239 221 4 93 58 188 134 207 184 161 239 177 156 54 186 19 163 171 179 175 201 67 45 127 198 70 79 147 169 103 198 148 23 68 199 41 230 93 246 77
191 18 221 9 74 254 75 142 126 155 85 80 132 25 174 117 19 209 183 20 38 111 73 123 245 80 238 109 238 254 228 32 221 191 87 172 110 70 205 111 186 135 255 14 226 242 75 104 17 90 101 154 168 150 215 226 203 166 66 234 197 85 112 101
217 203 72 142 88 152 109 200 12 37 53 222 109 162 41 23 81 77 150 88 28 127 53 43 18 48 155 182 217 221 86 44 29 37 225 172 179 28 9 172 174 231 74 143 221 249 33 40 78 239 56 204 25 146 17 31 109 126 170 150 175 126 41 154
227 200 108 134 197 91 216 154 202 84 110 119 160 250 96 133 242 147 131 195 243 180 173 183 143 178 22 94 135 246 129 174 5 25 114 12 70 38 51 74 52 93 213 132 62 246 107 92 83 203 166 13 190 59 98 115 72 147 99 22 41 6 246 185
155 47 19 142 195 7 110 184 143 223 49 153 241 35 10 246 180 55 41 5 96 42 182 212 54 1 209 176 5 3 236 140 53 200 28 105 98 195 78 42 116 247 179 171 32 156 86 217 229 2 49 17 67 62 25 44 223 16 247 250 46 207 143 239
192 25 158 118 221 117 191 41 158 92 101 207 148 63 58 216 180 83 8 139 166 121 233 182 223 206 135 229 71 139 213 158 47 211 168 1 242 71 214 104 61 159 197 195 147 6 139 135 50 68 0 110 232 161 129 105 241 3 87 144 1 141 0 88
82 150 195 23 221 44 94 121 141 165 133 201 245 44 89 54 113 13 71 157 67 98 189 2 19 241 121 59 53 252 76 87 246 174 135 250 84 139 27 226 46 139 210 178 231 88 147 64 198 105 103 184 50 199 250 19 162 32 163 132 71 146 81 112
92 170 28 28 208 125 108 118 222 209 228 120 70 139 187 211 210 98 71 39 213 243 225 36 236 169 18 237 160 194 36 116 217 190 221 223 199 198 6 168 172 246 82 9 122 174 249 23 174 207 147 221 70 75 15 79 27 143 21 187 249 243 134 112
134 91 149 69 122 34 137 227 159 122 177 22 12 142 217 167 154 193 103 13 80 195 92 104 185 81 132 226 2 122 52 122 20 167 208 221 121 137 176 144 14 160 143 17 12 233 245 13 178 52 248 169 235 53 69 106 51 103 185 239 252 254 37 51
117 39 122 182 24 122 6 62 37 176 189 156 9 102 72 44 116 160 229 122 11 91 140 44 11 117 41 18 246 4 103 109 10 91 207 68 213 193 41 154 21 9 127 130 243 78 151 230 198 145 246 246 222 38 215 214 6 88 244 111 239 179 158 148
43 215 84 78 228 107 224 78 216 37 205 245 89 133 91 247 115 139 17 144 25 119 241 177 216 90 179 128 136 49 26 39 233 248 56 176 154 238 233 115 0 18 22 30 159 122 78 2 180 116 197 71 59 219 212 125 145 15 182 156 123 117 2 128
77 19 134 182 184 1 104 106 66 231 252 254 241 62 55 54 176 227 193 223 71 155 143 141 16 110 236 143 89 222 172 188 117 199 238 233 228 192 239 6 146 143 71 129 77 46 44 177 126 250 151 214 169 99 106 74 193 251 120 73 101 196 243 17
4 155 181 180 116 217 132 22 212 229 232 93 69 227 224 240 222 89 167 211 114 68 73 139 180 134 25 171 140 120 165 98 145 91 58 103 55 167 103 57 25 108 92 233 253 134 75 130 230 53 116 42 113 146 174 231 89 3 62 247 236 216 215 10
153 198 171 11 185 216 237 75 103 95 71 156 237 52 208 60 222 235 11 86 1 195 134 228 22 93 105 162 33 220 238 226 160 107 192 86 222 86 94 248 213 203 46 21 50 127 221 87 223 125 223 213 62 116 176 144 251 136 253 28 241 18 202 205
148 232 46 138 61 20 219 212 48 5 25 205 244 210 168 13 86 254 57 64 146 251 59 139 119 78 227 166 146 253 177 191 48 172 101 205 40 55 206 18 135 105 224 75 77 104 211 196 177 158 137 12 41 159 59 95 133 148 228 211 0 195 113 183
242 30 109 177 145 100 111 136 156 7 171 11 199 62 221 31 57 185 53 129 231 78 205 68 17 109 241 159 56 72 50 87 134 149 76 30 230 63 250 40 113 243 120 67 100 193 222 194 234 176 21 172 162 202 25 248 224 60 87 87 150 159 86 206
189 235 130 149 19 32 17 207 61 36 145 103 144 91 127 26 233 58 217 73 146 202 61 28 242 182 71 62 199 234 67 203 75 177 1 32 26 1 85 78 194 127 178 190 126 75 136 228 175 146 199 64 165 217 67 58 121 30 246 229 251 17 30 248
217 140 144 232 43 185 27 107 236 159 82 203 248 77 213 163 71 58 56 140 18 124 42 83 117 133 182 177 166 18 244 165 24 62 104 170 71 118 133 76 151 87 129 175 47 156 229 93 159 81 94 35 229 153 243 133 54 161 98 52 208 32 95 201
