-274 -811 1245 -539 137 -125 -941 1536 -628 -71 484 723 741 -1061 681 255 249 695 -892 -132 592 -204 -1007 552 -825 713 683 -743 -147 260 37 440 -36 -519 -1094 -323 323 -396 698 564 -874 1014 -856 199 579 734 451 -689 1259 -1540 411 -1416 1599 -401 -83 -304 -76 -366 354 -392 137 -547 372 887 -960 1584 -109 -357 706 -177 70 -116 -29 -59 -679 -385 -135 -167 1252 -319 71 211 553 -210 -526 -59 -1494 1855 -691 546 -1452 500 1158 -730 -8 597 -283 -377 61 -1351 422 -419 447 -772 111 -366 7 184 -789 706 -16 -777 628 455 79 510 553 -58 835 80
-838 461 108 200 1555 -980 318 -1806 1221 113 -62 -327 -167 918 -996 -716 -664 784 -363 -659 -89 320 -203 211 -768 -188 166 673 278 -330 352 138 546 -141 448 -751 732 -879 52 -354 649 -546 -181 -934 1181 -600 -235 804 -8 352 1029 -801 -384 -487 1176 -711 551 -49 -880 -1119 -163 284 -511 -677 -153 -952 1191 -855 -337 -142 544 -260 -101 970 -530 654 -217 -1070 38 182 769 -359 679 -523 1784 -493 -1082 809 228 552 -336 -775 -960 -533 126 -836 1648 -1797 840 -199 14 -713 540 220 -942 559 298 -571 -115 -610 193 -1047 -108 -197 -620 -105 -492 479 -442 1220
137 -595 -678 12 1606 138 1025 -930 461 -1160 511 -107 261 604 1084 459 52 -960 -286 1382 -976 -514 382 688 -239 -393 -351 -199 28 -83 1042 -612 1106 870 -305 -329 -150 532 201 -817 -365 199 389 -1219 409 1465 -1693 682 -404 409 -537 943 113 -607 -11 -443 552 270 -505 -295 248 -503 62 978 -247 -552 -930 1742 64 -721 268 859 -596 -6 90 -294 400 356 -726 189 -840 152 -271 -373 16 15 -827 1 -133 -1066 1315 -710 991 -522 389 -399 702 -328 849 398 -78 -14 -806 -236 324 1403 -620 -571 474 -212 993 -409 255 298 -129 -753 302 446 -1305 755
321 -678 360 31 -1326 8 417 -480 652 934 196 -1366 -1216 629 146 -90 -598 970 -692 307 288 125 -190 217 363 -36 -663 1001 -110 -102 -1449 296 209 -829 992 115 -447 -521 951 687 507 -864 652 -964 -75 680 -945 1063 -1045 -94 23 -371 730 332 -624 387 938 -296 -353 -738 68 -168 -1372 885 -197 599 -844 -466 238 -895 175 801 -546 -317 465 -1058 -442 275 593 -291 -368 771 233 259 1198 -57 -752 769 425 227 -69 -459 -488 793 173 -336 -7 147 -439 -1045 1249 530 -108 -584 441 -114 1003 -464 789 13 -1176 736 137 29 436 -316 477 682 -824 727
-140 -226 635 158 -489 1084 -1332 -1051 -337 133 13 232 -176 208 166 -671 -243 -86 -914 856 -1249 238 279 488 238 189 -972 607 -552 985 2 -524 -259 348 -181 -1174 -8 -1065 -325 -371 790 -966 966 45 -1202 702 -41 -255 695 -150 149 -183 3 95 82 -558 305 1246 -1372 1069 -7 647 -325 -304 -455 -148 1855 -1567 489 -171 385 469 -914 819 -363 534 132 -1304 538 -148 1032 -1105 302 -1017 337 321 -764 963 227 -429 -509 1298 -1183 243 -276 290 549 -220 166 -1067 289 356 -971 779 -820 -443 -307 -422 -946 905 -665 -178 -178 -21 -889 409 -678 232 -265 -117
-1065 497 334 95 -415 -103 1288 -350 -440 -1037 803 -428 -150 524 304 -878 119 1116 -1093 -202 -195 -630 575 -1029 846 -230 -181 -11 -377 569 253 91 428 89 1147 737 -286 655 -79 79 -507 1544 -1234 1330 564 -430 43 -564 781 -1571 508 -584 64 1059 -412 451 -956 88 -1227 -327 -953 911 145 330 135 0 173 -141 -1103 32 -186 1164 -983 190 219 -565 52 1051 -1107 -285 -104 777 -142 190 816 -370 -724 343 302 -614 1205 -255 -509 -861 183 -35 552 -187 619 -1216 -244 439 -653 -63 2052 -1370 1520 -1263 870 837 -750 752 221 51 32 -247 612 -376 230 4
-1437 599 323 317 590 -673 351 317 795 -69 263 -918 928 34 -196 941 109 -1008 1836 -114 -207 -576 376 -83 540 115 -110 221 223 -695 -204 450 -298 -338 -926 422 -142 870 -24 -40 1099 -171 -169 120 311 669 162 482 1180 -485 285 -93 -961 -631 716 293 -76 993 -210 -336 -823 -1150 1333 -1295 -56 934 508 660 -280 226 -859 -200 -86 152 723 571 -465 685 231 -145 507 -602 315 -107 -295 741 694 -666 -235 -874 1109 -402 409 787 -162 -130 -635 1054 -709 -108 761 -1141 467 -822 804 93 299 -677 189 -305 622 674 398 -1011 783 -483 -236 459 -247 224
-1031 731 -1516 -131 -105 311 32 -502 11 358 -588 197 -528 -90 -285 432 -613 315 196 -1432 1486 -1150 67 -1140 42 575 86 383 -95 1137 100 -358 659 498 -383 -191 -345 -662 -91 -713 -231 341 221 -786 355 -967 357 -438 -956 357 -665 864 -489 -113 -162 1063 -1083 845 -799 572 -1061 712 -780 -127 -468 -74 310 21 -660 1259 1008 -446 -259 -378 -950 293 64 -254 -573 -66 -648 223 -226 74 138 -952 507 52 616 -31 -450 131 131 -626 -422 1210 -123 -1062 899 -926 317 -378 856 -1863 1154 -25 236 223 -470 -658 680 431 444 -253 -9 1498 -937 -70 -421 189
-490 1101 -651 772 -838 -43 -227 146 -7 226 462 -669 102 574 -1253 617 -297 427 -391 91 35 108 81 -762 781 -633 -80 -36 -1166 1291 -456 663 602 -922 323 223 487 -606 -15 -603 1396 -1324 1148 -539 -102 681 820 -62 -1304 841 -431 1109 -1617 938 -1315 195 846 -1202 881 -196 1003 -1050 1037 -339 511 -724 -185 735 -1078 382 -1139 324 365 -52 -96 551 175 -744 267 541 -772 511 -1071 178 -180 137 642 -1043 -586 633 -339 -328 -401 1037 -911 -236 19 -415 72 -265 -552 131 -630 -776 -351 -920 968 693 -699 -2 -1457 942 -1322 664 188 -845 1079 332 558 -583
-99 41 -38 321 -999 1041 -240 -148 234 108 195 -74 -190 198 -170 79 421 -870 -456 803 -635 -223 -173 -739 713 -9 556 108 -765 219 266 -757 246 -654 972 -328 -581 609 -419 -264 753 442 -522 302 -201 -1600 1322 690 -567 -13 181 233 -966 1808 -962 -364 476 -665 -107 -34 199 -576 481 -121 99 214 511 -564 585 334 545 -660 186 -906 307 107 -143 10 372 105 127 124 306 331 -136 -85 81 -1067 1001 -1001 632 -379 501 -62 1177 -1765 1248 -24 714 28 409 572 -1388 531 938 -1146 -373 761 636 73 180 -723 427 -159 196 467 -433 -781 427 486
160 603 -647 1063 -659 198 396 -596 612 -732 166 867 206 -138 -57 196 734 562 -635 815 -224 113 -434 -160 -133 926 -405 -322 405 42 369 31 -98 -437 -996 581 34 -43 -700 405 -620 884 384 715 826 -395 -825 591 -494 1264 886 -817 1050 244 673 275 582 940 -1224 594 -686 720 -176 -1169 582 -1218 271 289 -609 414 -573 540 -319 339 99 -26 287 -668 -232 387 302 -72 -194 774 -684 1208 -88 96 -58 -329 -97 1231 -1387 854 423 316 -860 -680 1150 122 -78 319 -330 -62 -298 -262 27 -696 -126 584 -566 -387 -144 -449 -433 238 656 176 -296 -142
-222 341 129 -198 -1252 999 590 102 -106 557 692 -807 453 100 -504 469 43 -573 -787 681 -345 -23 -188 257 24 -462 251 -356 112 -40 527 -861 519 1152 -1293 816 -892 -110 34 -403 29 -590 465 -265 1123 -780 846 -949 -812 304 -189 680 -735 -1238 -214 -873 390 400 857 -772 49 930 -78 210 -1081 413 294 -168 298 528 -160 -388 -100 -682 737 246 -507 609 548 -582 453 -673 518 -394 -577 -397 -84 474 350 -768 390 183 455 177 -585 242 241 -69 298 1091 -1128 110 -166 227 -950 1007 -41 13 -242 -432 759 -760 284 -936 -767 632 183 -620 1068 -206
-162 539 323 259 185 -420 -87 147 -546 370 -452 -373 756 675 -340 182 201 -280 319 -736 591 570 179 -1237 57 550 82 -883 103 550 -1190 647 -1280 781 834 -770 1148 62 -575 510 -783 328 -604 -139 818 824 -734 -665 808 -555 -731 162 1154 -497 -282 155 -606 94 -327 1058 -380 362 -90 768 660 214 -867 451 -875 547 -240 52 -285 -173 -965 413 -103 19 -24 -1396 658 770 -129 58 647 -581 101 -1369 545 -657 79 571 -406 -23 678 484 -81 -909 551 1673 -170 -551 846 274 -840 26 489 -1464 761 1260 -629 -206 -118 -289 169 58 -8 386 -796 1027
5 -442 521 -231 381 232 -58 104 528 182 -195 -665 -586 1207 -698 -452 -135 63 -60 -133 -489 178 44 576 974 -1144 390 649 -2288 265 129 259 -1007 -487 1092 -1135 107 -587 1769 -269 -373 182 -122 12 -401 833 -77 338 -138 -496 1514 -857 268 -848 -44 875 -577 -59 -799 -68 -23 -1079 -492 -519 -116 151 197 748 -136 -99 306 316 -653 1204 -1348 918 -1069 1151 512 -836 -447 -31 -348 -333 543 -694 857 -509 111 -81 100 162 795 -550 -192 -612 1069 -531 -493 194 423 -2 -382 47 -269 651 666 -221 -371 575 -688 432 223 -720 -1440 316 175 719 -296 -678
302 -639 923 -84 502 -18 -571 -106 1579 -712 -143 97 -747 581 622 516 -566 -5 -11 221 517 -61 -1013 -7 358 751 -269 179 1125 -1075 -390 -391 1405 -941 -558 389 491 -1112 -84 612 661 -348 -292 838 -455 6 28 -183 -118 437 9 1166 -432 499 -999 128 -24 -4 -980 526 -256 847 1109 -1547 -781 1220 383 -1118 399 383 185 1042 -1057 814 945 -1069 576 -4 139 -1339 996 763 -595 341 -687 240 371 -450 -295 -447 8 -531 -29 273 631 -1474 293 1056 -78 -40 949 -246 198 -450 385 -1444 314 329 608 11 304 244 -398 656 -96 -151 727 -579 706 -198
983 -913 -104 836 -1407 1301 -1476 -197 -18 612 -607 -366 -249 440 348 188 710 -1174 316 277 843 1256 -905 561 -449 135 286 -308 564 240 28 -341 -435 126 620 -305 -150 518 -1172 -1257 975 85 -78 -92 970 -465 62 -941 376 -255 -456 -404 866 -1120 716 566 -76 -614 274 -142 -821 -568 109 929 -1199 386 -728 694 130 303 -1239 1924 -1196 -173 -157 -356 -312 369 158 -407 1504 -1615 1054 -154 -284 561 -979 808 -218 303 -711 481 309 165 -219 477 -1509 938 -1108 221 880 -927 -164 -43 -129 -209 292 -1303 1030 -303 -25 -235 371 -680 145 144 -808 255 -400 -649
65 -822 -204 573 -118 47 -551 1136 -1084 847 310 -1528 -92 -136 -498 139 771 -336 -62 -315 189 778 -410 1340 232 413 -728 985 -425 -133 -158 980 -1171 -349 197 97 1065 -1112 805 -474 -302 632 -1178 500 -387 -75 80 354 -605 942 -83 652 -1025 1086 -206 -74 698 -544 -553 28 641 -1294 -420 662 134 468 -973 1125 -130 387 -589 332 135 242 660 -485 -533 -310 -793 -198 -559 733 503 -47 16 -355 123 -631 156 -105 -1475 1297 -1534 1156 -446 -457 -187 49 -121 460 209 -92 51 1351 -1612 -431 1420 -883 1309 -626 1307 -281 -341 158 978 319 -28 398 -237 1318
-1822 924 -849 -89 967 -390 -94 -632 804 -138 308 -686 706 -239 -76 -506 -36 56 -656 262 -420 -108 -165 -90 690 -659 695 -126 141 -277 1109 -266 -100 920 -1325 281 887 -739 -277 -747 347 68 330 199 -68 824 -263 490 -1670 915 98 594 -166 -857 1111 -382 455 -393 22 1428 -520 -252 424 27 -64 -636 407 50 -580 -181 550 155 -705 15 16 1261 -907 720 -767 739 -1374 112 -682 1009 671 -756 -123 812 -1300 814 791 -1336 -275 -169 940 -586 -1108 762 -1247 2022 -709 963 -684 1113 -102 -513 547 -706 709 -252 -300 348 298 203 -813 547 -547 -206 -1500 1639
-966 153 -123 -638 735 -803 -257 -115 267 -526 364 -1180 1088 -1300 913 758 -1274 -63 -408 915 -1332 -139 -459 -872 -78 248 1068 197 -310 -237 142 1059 -641 -123 -136 -276 469 -792 392 719 -492 -409 -256 277 1143 -589 1240 -314 -269 -219 -519 908 263 -1334 1129 -948 745 166 345 -607 -567 864 -836 202 753 -441 -667 507 308 -245 -284 -449 -1315 384 -1071 557 -318 299 -916 686 -610 62 -731 -481 1278 -192 472 -524 -505 167 -600 1091 463 -1219 101 -692 1393 -932 -1065 993 -521 458 303 117 402 -553 -431 664 -179 -57 296 -442 571 -287 516 208 32 -1100 510 930
1400 500 -999 1545 -728 1111 -452 1102 -690 172 -129 -93 -753 1131 590 -156 1050 -1593 372 917 -699 370 422 -128 111 -614 -196 -54 -279 -298 247 329 -577 1162 590 -321 220 -517 -113 506 -636 411 -371 221 67 -394 414 317 -229 577 -428 70 -140 1373 -1067 66 -369 -480 693 -1064 659 -272 -1127 1546 -720 97 504 -532 196 -247 1221 122 -865 334 242 -670 961 -704 -550 1265 -74 -219 348 -862 -5 274 546 -1524 382 -450 627 -409 1065 -376 -100 -868 1184 -510 172 -425 -266 -112 428 -42 325 -512 656 -217 -132 69 273 -1177 305 568 -419 40 1409 -1415 786 -1401
-157 -782 918 -39 -298 -883 1426 -147 -167 -281 -30 548 -871 -833 866 110 36 385 -207 167 -884 1171 -906 302 574 141 349 411 -1011 1063 -616 196 -554 -384 419 -118 -11 159 -1111 428 184 9 -167 494 204 -805 752 2 -988 570 -119 596 -635 312 795 -292 752 -827 1045 -544 314 179 43 -339 86 409 -1420 1069 275 -136 -701 605 175 434 -620 -404 92 739 -23 -327 199 70 425 151 -302 -350 1032 1169 -2109 -128 80 622 385 537 32 -38 256 -859 867 -258 -368 107 -129 -966 744 -79 102 -171 255 495 88 -224 -608 -146 -726 671 -1094 649 741 -45
1026 -874 879 -655 125 -636 141 567 903 -316 -1724 471 1085 -344 -80 -113 -29 -34 -340 1158 -787 1014 -794 30 -134 87 -131 36 -461 -439 827 392 -679 462 -908 1242 -565 -498 907 -937 687 -600 774 -13 439 58 -1051 761 -247 -267 -461 -222 790 294 401 -414 579 -788 836 52 -391 -233 482 570 -195 40 692 -868 396 280 96 -357 -346 960 535 -931 -563 374 778 621 -1130 709 -159 -164 155 -674 -26 780 -918 917 -1795 -493 253 -348 1520 371 -1008 338 -215 544 223 -141 1007 -881 168 -1071 1029 -37 -1208 1274 847 -290 740 -756 609 -930 424 -496 249 154
-983 -262 857 400 -78 -402 -751 831 -995 791 -78 -880 534 275 -611 -575 460 463 -618 862 -475 665 1025 -660 68 207 -720 784 226 -1093 355 144 878 48 250 -672 1152 -1311 260 -151 1024 121 -511 266 77 1035 -36 -392 -302 -638 688 -1030 562 -512 1043 -161 69 -936 -227 990 328 -701 -914 691 73 -427 318 -217 560 -28 -365 104 -540 235 419 -803 -582 -87 422 443 -335 -225 356 -311 -422 -646 489 27 137 615 46 -78 -576 -97 -985 635 14 416 -419 -624 714 -477 319 542 -255 299 -130 541 79 -510 42 -335 2031 -905 13 -515 332 144 -965 136
179 292 -865 -40 737 544 890 -399 406 153 496 600 -375 -2 445 84 -761 621 142 -683 210 349 242 -45 -334 611 45 680 -433 -164 -312 -149 1180 -1241 809 -259 -487 -330 340 -493 852 -721 1279 -1544 -62 941 -120 980 962 -439 870 -1067 -87 484 92 -568 884 69 -419 -1170 1192 9 -6 -836 989 -673 -862 936 -77 595 1036 -1023 392 0 649 -905 1200 -1499 202 68 -434 726 -89 381 -201 -242 -172 -240 -94 39 442 988 186 -730 195 -169 -518 -30 552 174 -356 415 -1606 484 -55 -291 -702 413 356 -16 -593 508 -1245 780 48 -646 183 1000 -1318 1117
85 -157 2272 -1564 -351 1060 26 185 228 -466 -151 436 515 179 -801 -567 372 137 148 299 -1552 849 866 -833 81 -95 -899 193 1028 150 -2440 1501 -399 -207 -709 244 269 93 -640 483 166 338 628 212 -110 -367 -247 -543 -230 355 905 -249 -746 -280 -396 -1212 712 -499 -604 525 -1294 -50 964 -351 92 -361 676 -422 661 73 -72 185 796 -1152 957 1009 -125 1428 -588 -287 -140 -156 -607 1054 -1093 129 112 -53 -520 -67 -462 -125 -393 295 -258 -1096 414 343 -102 -1004 15 1765 -585 -430 -38 -870 909 317 527 142 166 287 -239 240 103 -354 97 -12 -759 430
-1064 -295 170 867 -1137 578 -503 302 -815 906 -644 534 -195 -562 670 339 65 -726 -155 299 -589 -955 377 -47 368 473 579 -1683 -256 1039 -1052 1092 -297 -801 -164 -233 -230 -1130 59 586 60 -1091 1056 -1122 97 653 -569 446 -265 -950 1124 656 803 -134 -825 1246 -449 416 352 -28 -974 -317 366 448 -256 -241 -928 313 25 60 -501 29 639 -1165 707 -1218 433 474 522 412 1 493 411 -392 -50 -308 -318 -719 -924 -81 -238 -76 1005 -106 -37 -621 -639 -39 663 630 -769 153 -468 257 373 -478 -458 -294 -475 1245 125 -60 630 67 262 156 -20 689 -38 -453
-50 -319 -459 143 143 400 -455 -43 -417 652 -444 481 747 -1477 463 -316 480 -82 -241 610 -79 -215 734 -144 -997 301 -535 429 -318 284 383 -129 1539 49 -873 498 132 -10 -803 -411 74 -179 -323 -300 79 367 -85 -706 657 -646 -182 -113 115 -413 -66 -149 -11 -551 1036 462 -414 189 83 -402 281 60 1090 -904 1008 -1406 -184 -1162 976 -635 -338 -145 524 -1124 -112 -379 258 -311 654 369 441 386 293 -392 1102 -157 -116 -1007 -1336 687 1563 -1329 -387 16 708 80 -240 1497 -613 -108 -822 731 1157 -1154 -393 -8 -1755 218 1330 -1134 201 218 -934 -228 1205 -458
376 -887 -405 275 -66 405 -509 308 59 6 422 -55 243 260 -1322 296 -1 670 -1175 315 79 -790 195 1306 392 -229 -646 41 -807 134 -817 -1016 464 31 269 17 82 149 550 154 53 666 -651 -806 -31 1297 558 -1009 545 137 755 -514 695 72 -939 -84 1020 -286 -1223 863 -748 1370 -593 673 302 6 -244 1050 524 -58 1028 -1038 -531 737 -1 -170 970 -412 786 83 113 -651 268 -841 827 -201 1290 -1817 686 91 951 141 -1015 932 -5 -715 128 148 -915 91 -372 217 272 325 221 -368 -359 829 718 199 4 -895 395 -1200 810 -397 63 -320 -624 500
965 -261 -539 -404 429 -109 615 -174 -641 -90 881 165 -340 -931 693 -452 -816 -485 552 -40 -103 452 -485 -230 1219 -190 232 535 943 894 -504 -230 189 -416 -928 -395 136 500 -446 -762 1043 543 -388 -369 669 -397 552 285 -484 708 -510 -323 1148 27 360 -1020 -730 916 54 -479 -440 373 -1116 358 -884 30 -299 -204 -88 -852 1349 21 130 56 758 -826 -167 -100 668 -744 -165 224 701 -750 -180 -1128 645 -116 148 113 41 -41 -299 539 -444 78 1038 -33 -77 521 -877 681 -761 189 1161 -856 86 -559 140 271 547 191 -380 -175 158 226 -1123 -126 586 250
-937 1133 33 607 -777 925 752 563 313 -528 321 -124 1117 366 -547 440 -915 -532 707 -962 635 -1 -854 908 -74 356 -434 -681 179 1529 -257 466 -968 1550 -1015 -61 -864 285 -137 640 -1577 464 531 -942 268 -216 -347 474 249 -403 -39 -223 -514 -762 1170 825 242 -1163 474 -572 377 -11 903 -650 599 -738 473 -13 1194 -988 -381 -555 92 -472 -303 819 -204 1061 -823 185 -249 -957 523 82 448 -116 -264 -631 -407 534 -204 -278 -394 674 118 -778 244 84 344 212 493 660 -1002 -274 -840 1606 -1119 -489 -562 265 -30 -328 1905 -963 64 176 -341 627 116 363
292 -1371 105 402 -1107 526 -302 -1066 769 21 -52 -1697 365 664 232 -653 -170 164 -543 957 -8 -251 -261 -18 -892 520 317 -145 -655 421 340 249 -88 1031 97 688 473 -230 -633 -757 395 -350 -864 787 -703 217 -165 -274 -222 -378 272 179 -339 347 -97 -273 1357 -194 -785 938 -338 -505 -97 113 160 502 -989 130 1225 -428 366 27 4 -903 151 -215 -667 1363 334 92 -26 416 -704 218 -987 864 1182 -718 896 -467 633 -584 4 -311 123 76 887 -1188 1103 -881 305 287 720 -45 -236 -538 1516 -894 -750 -185 135 -331 784 -304 436 -1167 150 -223 433 213
952 -692 -194 228 -773 1241 483 -959 666 -527 1169 -781 770 -1213 1069 246 -681 518 399 -1040 384 328 -325 -339 -486 -284 -932 -234 -376 -32 246 150 -433 -223 -168 391 9 -227 1958 -1043 673 -264 370 -308 -64 -171 307 241 -784 193 9 -861 746 -1625 678 -1 -471 -449 634 -1057 557 269 -1196 228 -515 -400 776 -837 892 323 974 438 -1093 530 451 -612 651 -196 -370 1181 -1002 128 -37 136 185 -937 -249 810 -1336 -305 1113 254 -1246 241 1005 -1389 -562 318 438 -130 55 421 -1185 1041 80 -301 504 679 -1140 658 -1213 464 179 494 500 253 -964 253 -12 -180
127 -527 -915 477 129 -1045 292 -585 1132 22 -10 403 89 133 -634 686 -240 -30 -170 327 567 9 -258 601 -300 893 -479 -75 418 -3 941 -734 850 1058 -440 -1369 1415 -1030 364 558 427 2 118 158 -603 588 109 944 -381 -127 62 84 527 130 18 30 970 -1303 -322 887 375 226 -83 38 644 -337 -76 380 -740 459 57 640 -559 -423 -100 -437 -697 1008 -148 -210 345 -466 -760 -404 709 -728 344 437 -289 106 -28 -638 473 -625 1028 -298 290 -616 63 -414 -775 1687 -1643 447 -244 271 641 605 -157 -604 1146 -325 -279 -358 363 290 -107 -434 -89 91
1358 500 -792 786 -121 -345 239 -1182 -349 392 136 584 624 -327 186 561 -442 894 -83 -766 870 133 -1007 940 187 -259 405 -930 -540 -108 948 -715 -117 204 1111 -469 -1431 265 -348 462 -514 539 -700 -159 -249 -762 289 796 -853 506 -301 143 453 71 326 -1446 518 567 -1327 303 -366 1169 -397 375 1205 -830 140 -597 479 190 50 238 -442 -300 -353 969 -1582 -316 1628 -694 524 -102 260 -309 408 -815 -409 557 -53 296 496 810 -1000 261 -1881 404 -101 177 1228 -846 363 -904 533 -286 -15 293 -637 191 818 -93 62 339 -555 1201 -175 -644 -57 1582 -827 -179
243 -334 -170 -53 62 366 -664 552 485 -747 -445 -914 556 -992 -131 1587 -329 -149 -371 1034 -910 106 -524 178 215 -642 711 146 -695 -549 395 -233 -520 94 -1064 349 84 524 -253 650 -67 894 77 -406 -27 -444 803 -1520 329 172 -750 152 60 677 52 157 -124 -135 -548 780 -527 -66 -369 -811 631 35 -289 -140 944 -1287 1550 -839 1074 -208 -59 733 -796 -216 -371 1281 -92 612 -473 -342 330 179 357 -231 -143 -666 434 988 186 761 63 -1690 868 -1101 424 -413 -153 173 -778 339 9 -277 -258 -8 -895 679 709 -1460 298 -593 842 621 -536 232 64 -116
1063 -872 -818 577 -239 -861 64 -781 667 607 -276 262 -539 -719 -475 603 136 308 -512 389 351 -38 137 -451 -678 -259 -275 463 -80 -1312 -59 1503 -512 -598 706 -81 -1437 1263 -165 -362 738 -256 -70 332 -372 163 752 -712 235 61 -384 -728 -94 289 -401 602 591 -502 -21 -875 -57 -495 676 -412 -683 632 406 -343 -353 508 31 173 215 274 -614 572 292 -670 -121 192 -553 235 1014 -954 212 -716 -354 820 -403 125 -1229 -753 991 -483 509 -122 187 1204 -261 264 -398 529 -249 -991 421 356 -610 151 306 35 -362 500 -90 139 -541 62 182 23 -722 737
781 1715 -1512 -219 426 691 -435 422 -689 755 -78 -160 -167 -404 -1226 -484 708 175 -64 -1820 951 32 778 -770 360 368 -390 303 488 -428 -1164 145 1122 -1050 -482 -1079 1012 -952 215 -239 -625 227 -20 748 687 -46 -654 532 -718 296 515 -433 -1555 -57 -1035 249 -5 -1009 1460 -569 -771 -230 241 186 -532 -849 -181 391 373 -71 -1064 163 104 -1120 826 -191 -286 -432 394 265 -94 -240 1032 -846 146 -121 665 -295 215 663 518 -57 -942 534 378 110 -398 787 -617 1234 -608 798 199 284 -574 815 -227 136 659 584 -789 -117 152 -742 94 -57 -151 -582 -758 616
392 175 739 -1015 346 -1045 -408 1016 -1353 591 374 -295 401 -1586 901 -360 579 -313 480 772 -644 446 224 545 -811 196 777 -362 -714 320 -449 669 -1161 620 -331 445 103 -650 38 334 -395 -445 -1369 -459 211 288 -596 801 557 -208 644 807 203 644 -1757 1209 -778 507 197 542 -315 -338 782 -185 1111 -319 65 -134 423 863 303 -1580 738 376 75 -487 297 -498 129 -346 72 -263 253 664 569 -271 -109 417 188 60 -464 289 323 -713 1111 -710 -977 1719 -1689 224 279 485 -853 95 138 -1362 388 -813 783 405 1028 -792 1316 -713 413 626 566 149 -403 161
658 23 285 391 339 -530 1185 -1424 325 177 -818 1112 29 -414 -798 192 759 -480 -443 -230 431 -10 -319 1075 84 -475 218 1192 -558 41 234 -618 312 -1025 -134 259 183 -243 1018 -381 -286 77 266 20 -224 -422 -49 -271 85 -166 -523 -78 675 -446 -251 -199 -139 71 -158 -1546 260 482 -153 21 -487 689 751 -2063 318 -411 924 603 -2413 1163 387 43 -92 38 -475 434 -89 -593 -31 -537 401 324 -883 -539 165 490 65 -535 462 -952 260 1245 -903 -798 19 -39 366 -84 590 -123 454 754 -333 -356 249 -981 -929 1446 -82 387 88 377 -357 162 647 -584
320 -944 765 -88 126 431 -586 -197 75 -39 -3 -193 752 -793 208 -30 920 1134 -508 -462 -696 1291 -889 454 851 -999 59 -118 -235 286 507 -43 702 15 -171 -383 -290 -157 26 -25 1408 -1137 -37 902 141 -136 760 -383 1130 -918 1143 -118 -249 -757 86 1187 -359 797 -160 -55 346 -451 -405 612 -1326 -43 718 160 526 -1422 716 1288 -1035 -299 -173 90 -392 957 -589 -923 463 -410 -672 53 1296 -29 453 -503 -156 791 -898 569 513 412 91 -476 280 16 202 31 -974 504 -48 -927 1134 -417 -591 566 149 482 -857 -277 80 132 -524 111 -509 405 -41 -1485
-586 355 95 -136 369 -205 256 456 186 -242 -145 -198 98 -17 -423 -858 -106 1566 30 114 -543 -512 510 629 -1073 894 -472 -147 119 -471 -526 -477 680 -510 1745 -1694 1053 220 -1158 39 -992 983 -307 -148 -358 326 -421 -449 -206 1087 -895 414 583 -579 58 49 837 221 -81 -390 869 -765 -141 243 503 -233 91 50 485 105 -326 680 -666 217 -229 328 -382 609 -319 897 -264 1022 -584 -265 -840 40 157 -158 -230 -535 211 -689 954 -316 238 321 -948 494 -483 430 579 -1227 -148 148 662 -336 -352 69 685 -315 1128 -191 -1468 1155 -390 -44 524 -1029 297 -116
40 -956 -643 769 -1145 -502 -396 -460 143 724 -95 -50 385 540 -935 -74 -412 313 -197 571 -50 -828 441 578 -275 329 730 -206 566 -122 370 -173 354 -420 1257 -393 18 995 165 -1160 496 167 290 -359 821 -123 766 -474 383 207 -324 516 99 -965 762 -421 -308 -509 -801 1408 -612 1382 -593 -1222 394 -86 624 672 -90 -875 1196 -685 695 -232 -710 128 37 -46 -819 748 237 -788 263 17 -197 943 -353 370 251 34 -955 -830 705 -141 284 -576 -443 54 153 -812 198 60 -19 -64 377 -144 0 -173 -221 225 307 157 -291 836 112 -611 1026 -809 -630 -628
28 731 571 155 255 -348 -300 -290 -17 -21 -74 -596 -537 1056 372 -341 -667 789 -670 1005 52 972 -759 526 862 -635 53 637 -314 342 139 -470 -885 -44 1246 34 -875 242 -397 -229 314 -445 473 182 -1009 1078 -958 513 -29 -664 -44 216 97 -83 232 125 730 -543 -328 -452 61 -46 311 652 -1070 690 -691 -1329 2149 -76 -132 84 -1352 1912 -1187 454 -244 -586 1150 155 362 -634 850 -661 -718 312 -314 -28 -358 1690 -514 -70 -337 655 179 107 467 -975 1257 73 215 -1063 -156 -95 135 -561 154 297 -431 243 13 -287 -822 56 483 423 -273 909 872 -937
113 -206 -866 -295 -594 1211 -1128 846 -399 837 80 233 -1383 294 256 -118 684 -257 -909 301 -61 297 -169 -396 318 -217 646 -879 503 -133 371 -4 -307 -872 535 499 -350 125 -877 267 -386 -123 -547 64 -485 1265 -614 550 -220 -316 -133 536 -5 -674 527 -701 384 -268 111 209 -20 -1004 -88 -282 -248 179 119 -434 -240 54 299 -751 770 -319 -264 102 -389 204 -471 905 -905 603 132 -235 -316 -24 408 -719 -163 -1211 147 283 -1619 538 919 -1040 -967 1021 -1215 1285 366 -557 92 541 -292 -738 -236 -531 396 659 97 -990 -66 -331 926 -601 -773 756 -637 643
511 907 466 -777 -1072 717 -907 -232 -77 73 -1116 604 -481 122 -317 -117 62 256 385 -394 410 -799 855 954 -824 -263 793 560 -1009 680 271 925 -1104 172 -121 310 628 -1038 59 -403 77 362 373 -614 -184 -270 1211 273 172 353 -812 -1126 1177 -91 223 538 -344 -928 437 419 -187 209 -384 238 78 -208 -106 -791 792 -489 264 -306 -224 676 -710 459 932 -95 -994 -59 878 70 -909 715 -556 20 -35 806 231 318 -542 -373 347 -679 -420 1914 -869 -149 -472 -322 494 430 -1144 1086 62 -544 726 -704 1 -834 1214 1326 -1229 42 508 470 -280 200 591 -816
293 946 -232 144 661 -608 465 -103 374 710 -739 -147 -225 711 -1103 -273 640 -946 1086 -353 643 386 -1465 549 824 -87 -121 -201 520 195 -959 781 384 541 -989 291 -433 1187 -465 -37 -362 447 -97 263 651 -1542 -87 174 408 627 -400 -554 -37 -612 307 -981 -124 928 -1018 981 -64 -261 1648 483 -583 505 816 610 -324 1280 -1947 1409 222 -285 -195 -245 756 -442 -199 137 -645 681 -817 303 526 -98 -688 208 -386 530 -359 607 -1345 1586 -1146 391 -648 994 234 -187 -345 -844 93 -357 87 221 61 -373 -7 -45 70 721 -218 407 -857 267 -615 -302 397 403
-532 -168 1404 -1293 588 1229 -940 196 524 -84 804 -277 2 1086 -455 236 -198 -158 -110 -43 306 840 -660 -566 -345 -551 -113 666 241 -71 -462 -438 -306 632 -34 295 -508 243 -352 -1272 1577 -130 -430 514 -271 310 -544 787 -1354 1110 -696 -650 670 -524 948 -135 -585 551 -360 -21 -261 -688 671 950 -1396 494 309 -200 -632 1281 -235 -702 553 269 -155 -528 1086 -185 -375 -576 177 -205 62 -95 173 85 482 -299 -276 208 427 -501 385 -497 660 614 -784 -168 415 552 -1390 898 -1198 1135 -483 -161 -196 129 -97 -673 108 78 -426 296 675 -212 -867 360 -247 184
-316 -529 12 497 -1079 -170 477 -108 -348 51 666 -330 318 -71 495 -737 -731 108 102 -1018 557 184 -361 540 -545 643 -542 -791 624 -189 1283 -886 -775 1003 -218 85 1549 -211 364 -425 95 98 -113 182 747 -213 365 -343 481 647 82 -139 588 312 -422 10 -15 -205 1085 343 -1196 310 155 -804 -242 433 -535 -7 -400 -372 -208 570 -251 -497 1307 242 -374 79 547 -55 281 243 -851 -499 579 46 994 72 -221 -514 320 1122 -1602 249 -255 171 -787 992 -270 866 -628 248 238 -113 973 -661 214 266 -281 -308 -646 1908 -1288 718 -245 487 -152 444 -483 642
-66 -761 -414 666 -96 -344 105 -260 -1713 375 1091 -96 -776 343 158 719 -919 -841 611 -1054 131 322 138 41 -148 636 -705 368 137 -870 217 1110 32 -918 -802 543 -476 -90 272 650 -235 -448 686 157 -391 681 -13 -554 1144 -1362 1706 -468 -193 1099 210 1094 -733 -587 292 -555 339 -54 -386 657 -1611 -203 1261 -91 230 -151 -166 135 -372 174 -362 206 -217 222 -827 -82 1029 467 570 -776 64 243 -128 3 -639 -186 -129 -238 414 -482 -17 -249 603 -206 -357 160 121 -827 -385 55 -196 618 431 2 734 -725 -708 -39 -118 239 -886 1201 -774 -583 181 -716
-520 1034 -1265 -11 891 -448 222 1105 -1760 174 23 1407 -432 47 253 232 1080 -224 590 -704 -770 -278 -3 -620 -216 979 -705 943 -1002 -64 -666 402 -70 826 73 46 -862 -324 -497 1477 -418 338 -170 1 -1111 1279 747 -1241 -89 357 -756 32 -105 -791 498 -753 -569 543 -153 -260 776 941 -885 813 -274 298 -663 1052 -1255 766 -811 -789 136 173 495 -1529 589 -363 382 -1309 1358 -949 1324 -105 -305 700 -479 240 440 -13 727 15 -580 760 420 -584 -343 -927 903 880 -468 750 -351 2 -484 -827 122 87 1177 102 699 -531 557 101 535 -194 1030 63 -1144 -225
-250 853 150 -959 577 -505 40 231 -159 -534 0 319 -548 -42 68 -567 -171 1115 1272 -408 349 -101 85 -249 -509 -1052 909 1047 685 -20 834 229 241 53 62 758 -216 -187 99 -765 196 -518 931 74 -309 -390 584 566 -1009 -246 390 138 402 -561 158 45 -557 -260 -66 -394 147 -88 208 -498 452 288 -301 448 1009 -907 226 756 -423 135 568 -214 867 -67 -1338 463 -201 383 370 309 -425 343 1162 272 -1148 950 116 -347 232 353 -52 378 1354 -1077 -533 1004 -797 861 -336 19 701 708 86 -586 523 -813 -105 87 -603 -682 869 -122 -163 118 593 -712
402 -1177 223 459 341 -1542 972 -390 -48 1333 -16 321 397 -999 1084 -1228 33 -732 160 36 731 -590 851 -438 736 638 -1411 -554 -22 -495 609 -1011 589 -593 -176 -488 896 -988 -279 1381 483 -1282 -70 -1 436 515 -503 418 298 209 -988 154 -537 77 1332 -452 -1081 527 -120 -526 596 -496 559 -165 104 -214 358 -573 -234 -72 -146 -1032 722 -365 516 203 -665 -294 136 195 -268 -151 -300 285 -778 775 -187 -115 289 527 272 -273 -341 -820 267 -1042 689 -151 249 -216 -144 196 -138 -459 -184 -902 792 -270 329 638 -180 -96 111 74 -785 37 524 610 -1771 1384
-953 470 -348 130 376 -638 -556 368 -725 855 -220 431 1390 4 -1047 491 -1057 836 -297 -326 -268 -1180 1587 -932 42 -57 926 432 723 368 -514 95 194 -16 -536 522 -223 333 -493 -317 46 55 -357 -601 -313 505 -51 436 -997 1450 -43 51 -549 -220 -268 1083 -382 -183 905 -291 -768 693 -156 -291 497 -849 1080 -901 49 275 43 -1346 210 -601 -8 1394 -467 -829 -235 -163 71 31 -968 317 -896 -217 133 -231 -816 640 -360 371 482 -423 749 -825 1404 21 206 -124 -210 -653 77 -219 -927 607 -420 -601 471 -31 382 -132 -383 78 -1155 -140 229 -6 -244 431
219 -1185 1170 43 611 -271 -40 -722 -293 -44 -1052 676 309 257 -304 489 -911 -1200 479 -120 826 -533 1298 -400 -196 -85 -36 -780 398 225 990 -711 -290 1150 -640 914 -1227 -150 420 -832 298 -765 391 -281 -124 24 -754 -155 -49 -439 1247 -801 908 124 -1124 573 -528 232 -199 243 -519 226 132 1080 -944 49 367 -487 -102 -187 1277 -1216 740 -580 -525 59 659 200 55 331 -201 -258 319 370 -1 -378 422 70 -804 -143 -126 242 -1298 1163 -1173 -243 613 -378 543 53 528 -156 323 250 -1255 548 -688 526 -297 -892 252 1183 -117 573 -45 -86 -257 15 486 439
-486 -1677 13 -57 1002 161 84 411 156 1063 -1464 326 144 -530 -153 173 -71 364 -609 53 -653 217 2066 -1123 998 -1015 741 272 -487 -297 -214 -128 -475 -1050 1074 730 -943 818 1051 -1100 -126 205 -263 398 -181 -697 1631 -524 -593 -387 -630 -282 608 -467 -165 -68 -335 81 -371 473 -254 -863 -636 1749 -253 -457 -23 -240 -129 -1059 1243 -536 -47 155 -28 -258 17 -609 -266 175 1117 -1808 -66 -416 155 -33 422 412 -972 41 -732 938 -1245 538 -77 -540 233 48 -411 317 -267 334 -1065 -81 619 306 -77 916 44 -657 354 -204 993 96 -192 -627 462 140 46 -623
1020 -759 -927 -316 199 167 -261 705 25 746 -9 -441 354 934 -281 -1109 499 -908 98 702 -1255 -97 7 -179 268 -472 293 893 -7 429 -275 115 -109 -622 -227 -88 -1309 201 -52 519 -1199 -208 -74 531 30 -1039 321 586 -432 -68 389 -939 999 215 863 -579 187 725 -17 168 796 252 -1574 848 -211 -30 384 4 -406 345 219 897 -581 908 -1003 1251 -1377 1227 -1182 -20 603 238 -140 683 -313 -671 597 -1078 524 -424 -86 -982 -263 -24 -42 243 -702 779 -710 -214 381 -130 1166 -1014 -276 -357 313 278 1569 -1119 206 -158 -294 406 302 -517 -246 -439 -220 990
320 381 -656 -140 -266 710 -119 -414 349 98 494 466 -1662 830 143 672 -1156 1227 -1325 23 -278 304 513 -1445 655 -823 129 274 -310 315 834 -462 815 474 -404 638 314 -151 708 456 -55 -761 -36 -524 873 -501 -14 -143 336 214 -572 -511 -207 -342 404 -462 -153 213 25 -535 215 -93 530 583 -442 -439 256 -987 548 -877 437 -479 -17 335 -535 970 89 160 -298 -449 218 56 -741 9 859 373 191 109 -620 453 649 125 -625 974 341 -566 470 -108 19 426 -467 -429 -230 -427 -662 1692 -609 -1094 512 -117 -93 1300 -967 -894 -27 224 430 -85 -797 945
282 -261 -161 -254 -956 714 -1068 1048 -359 760 -536 694 250 -541 452 244 -511 501 639 -812 353 513 -563 357 -691 594 -785 49 -188 -177 -220 -17 -433 377 -771 498 -908 -76 79 -292 902 201 -626 149 -62 -20 351 -150 -358 -416 546 563 -893 -472 214 -158 -81 159 84 887 -1352 654 563 -385 187 -169 353 28 -730 513 -292 575 -35 -354 -60 -300 425 -239 235 -553 -10 -378 -238 -235 -576 517 -351 261 245 577 -501 -637 -48 2 651 -255 415 -872 630 -524 408 171 -68 359 -381 -810 1625 -71 1334 -1438 -61 208 403 672 -257 939 -1187 306 107 589
1057 -433 129 646 -976 -543 694 -1200 -463 240 7 570 94 -125 -283 1171 -766 1454 -632 -493 621 237 -314 1058 -1094 1140 578 112 -452 -158 272 -47 -645 646 -792 -127 -648 1020 239 -982 186 381 316 214 -440 892 -419 5 55 -788 143 400 -757 -61 -447 -912 -690 1423 -651 -688 364 632 187 356 256 -935 330 527 87 -978 -239 761 -280 139 379 -1105 786 -94 773 -134 -1189 523 -108 -344 621 -242 -608 612 176 -97 178 -127 -249 110 -574 768 43 731 -584 -424 351 167 129 595 -320 -274 -505 1270 540 117 74 -1572 971 -151 276 -860 786 -430 -386 -693
1072 -80 105 355 793 79 479 841 -168 -81 -430 32 -787 1049 -845 -583 504 389 597 -220 -975 -461 931 -664 -371 -942 710 467 308 400 460 371 426 213 -134 -533 340 -229 -23 -175 361 -662 -144 392 423 -325 1118 -628 753 -695 -136 356 -216 522 -823 1211 -694 -195 2313 -1716 -510 305 -214 544 -48 722 -685 54 1408 -1036 232 341 -726 -407 63 531 -378 1189 -719 1004 -801 -1215 828 -96 -981 568 1334 -1425 645 1134 -853 352 -1115 1594 -990 -438 48 954 63 -1065 -47 -12 330 34 980 667 -611 -77 -26 -102 840 -1879 719 -676 243 -135 565 -590 -116 428
-114 100 196 1063 -1393 909 -1429 -177 900 -564 1257 -270 -122 15 641 -1394 -539 946 143 433 3 -208 858 -195 265 -43 4 -432 -891 286 -467 629 -138 1055 -367 -45 616 264 79 -248 245 336 -1003 136 107 54 -576 945 -262 977 -1056 655 -1300 276 -223 -320 396 104 756 -193 282 683 -622 -543 788 -746 22 133 -55 659 -157 105 330 -317 -210 -787 218 415 608 185 -515 -190 -672 127 164 -765 455 213 -961 719 -170 247 -1162 59 112 487 172 -623 -125 341 -35 -668 454 593 -603 -459 1750 -599 924 12 -550 -609 918 764 -868 -187 979 -625 -585 -126
-670 -216 572 -711 374 150 268 9 -454 1102 -949 -182 1305 -1432 801 -311 -28 -59 -461 476 -55 583 -380 -415 -206 345 759 -330 638 -684 870 278 -969 372 -605 217 369 -146 224 -232 -175 -173 -610 362 -856 -672 1464 -802 -546 863 391 -94 420 -56 -631 784 -138 932 416 -206 272 553 -149 -1020 44 599 -515 214 -249 108 55 -917 492 125 1366 -1380 -282 120 -380 -175 102 -281 -888 -705 124 286 592 -605 496 -220 469 299 -194 793 -787 23 894 -627 1065 -1461 794 -687 1094 -158 -53 1090 193 81 -169 464 84 193 -504 -139 59 289 653 -13 899 -474
-898 652 -295 -106 1368 -1208 -285 289 445 -645 259 570 143 1156 -104 -502 -328 -364 335 -1723 441 1323 -58 245 -576 835 -780 489 360 -1668 935 645 -664 358 -1018 -647 54 -428 1325 -638 1367 -579 -61 154 365 -688 -13 265 -255 -237 304 -473 -789 96 -651 154 -499 209 928 -928 181 -30 761 -913 131 -137 308 -17 292 250 417 -329 -62 -657 52 647 160 253 48 457 512 -64 71 -27 -948 100 -573 148 -311 177 -168 74 -336 -406 397 399 -268 434 -364 -207 -545 554 -1319 -634 -147 284 -138 -644 1152 -757 -381 -346 286 274 -600 -840 463 24 -871 1126
-108 505 292 60 468 738 -789 426 -647 636 -1389 -294 453 121 15 1128 720 746 231 -652 -496 -708 -399 368 -958 292 194 -1232 292 -268 -217 10 458 -598 610 127 7 -661 1187 -931 -628 201 452 -349 89 1072 -2475 576 449 -298 1465 -473 227 -926 -47 284 140 -108 189 -384 857 -312 611 -428 270 -272 73 -1212 641 108 659 -639 621 467 -316 -298 -377 -606 -176 103 510 103 48 -261 1256 -1052 816 -545 -906 260 -327 -361 767 -208 -325 -24 16 349 -606 -534 1510 -392 -46 -709 418 -630 973 -588 798 186 -790 253 -232 -478 -34 -701 1543 -1053 405 -837
-411 -440 -96 -483 344 -498 524 756 -1545 1116 -317 -341 375 -569 -714 276 -494 -407 191 1028 130 -160 -352 -994 612 -334 342 723 -471 397 67 195 65 -16 1007 -562 571 -821 -251 1245 -501 -663 -72 230 -273 58 757 -565 -678 -496 682 271 215 192 -546 -765 158 881 53 -358 -334 274 27 642 -438 589 35 344 -411 30 -573 433 191 92 351 -294 156 -116 -471 -356 -268 314 430 -562 1159 -1121 1451 870 80 -753 617 -667 717 -719 695 271 376 -836 1391 -573 35 699 -16 -658 805 -122 -10 1251 -357 121 110 -124 8 659 500 -1064 749 -361 -961 474
2003 -554 498 100 1353 -774 -199 1090 -38 -520 540 -640 1192 -331 108 -1517 992 -510 772 -593 -114 1681 -587 -918 308 -719 -163 325 29 -778 251 1055 220 -446 101 -439 960 -7 5 755 -1245 707 94 105 -113 -83 -241 716 -230 -274 -145 -124 -827 671 815 -19 -996 473 -77 483 -415 626 -939 -1 488 50 -571 -932 729 -630 -263 -133 604 174 -95 258 20 137 1265 -644 189 -623 516 166 -650 45 -877 1417 -776 644 103 -455 236 313 -559 230 29 56 100 402 653 117 -318 400 -264 -39 -229 205 781 -671 64 -743 -24 301 -1366 121 941 -195 -499 365
-433 -250 -230 -705 1015 -199 304 113 436 -284 46 -142 562 -713 935 -420 -255 578 -197 -309 385 401 -466 1482 -805 324 326 -46 7 -1 -1150 468 342 350 276 574 -2369 -35 22 330 175 -662 625 -775 -684 1771 -15 -673 676 655 298 -112 -231 281 -225 574 148 -141 -1135 406 335 -404 -203 472 -91 50 867 298 350 28 239 -986 246 -23 130 -717 -103 690 -106 -267 328 621 -656 79 1039 -700 -151 -350 504 462 -329 77 354 -442 -157 889 -1038 82 124 -547 467 -5 -138 229 1044 326 -574 239 361 877 -636 2039 -1349 285 951 462 -608 981 -655 747
970 96 180 -246 -485 -768 170 -463 1176 -963 409 1066 -537 -31 751 -474 -898 337 -443 846 -1200 287 -816 -175 828 -1012 1287 -918 569 -171 454 -28 -1064 438 336 1313 -186 -89 -10 -469 -653 1005 -568 800 -511 -701 853 -79 -934 1219 169 186 293 -480 382 145 64 650 -50 -65 -358 -886 372 -301 626 528 -893 684 -74 543 327 -190 -160 -278 2 -61 -310 -756 1133 -404 166 502 -549 260 503 598 75 -72 -742 -251 337 -480 558 1084 -442 261 -625 760 -1058 117 -932 336 -863 -110 -316 530 106 594 -484 -359 -150 -305 -167 -327 -266 496 710 -1097 839 185
-566 277 -235 303 -890 444 -661 -88 829 -1200 161 67 -307 43 -885 -79 2045 -896 -521 1619 -228 -912 184 732 -353 -498 -188 547 -1765 770 -106 636 -491 702 -824 -131 500 -24 549 515 -659 -576 207 148 429 -186 -97 -459 515 -922 358 33 -371 -192 -366 -1101 1187 -665 235 481 -679 -1135 751 -1146 42 335 -213 -1098 80 518 338 -394 171 -307 -297 -521 -176 -423 -275 -110 -152 -36 654 -414 -57 -1420 -429 1055 15 373 -426 -759 -747 -41 -436 651 -480 -118 540 71 -116 309 -807 364 -657 -793 182 -826 1289 705 -558 217 197 644 536 -1767 1709 -32 -483 -80
-598 577 -556 1827 -1723 -395 858 -551 59 911 -268 -609 927 925 -520 347 221 -87 -239 1289 948 -700 -1192 509 50 359 71 -282 -123 -942 653 -179 -120 7 118 214 -535 -473 305 97 -133 -1122 620 831 -858 653 674 -953 235 -1568 197 558 215 -761 -317 907 -919 228 -56 726 -623 758 -81 -191 552 -222 637 80 -535 7 -277 -119 552 -608 671 756 -685 630 -285 -847 -113 -158 -327 679 689 -479 -850 447 -561 -113 -1001 1422 168 -10 96 86 -250 6 -445 93 -261 3 -354 118 943 -339 516 -568 -291 148 -588 -363 -585 979 -271 -251 432 -515 882 -377
493 -638 402 -642 932 752 -1518 457 831 605 -448 -405 -585 -491 55 -89 156 620 -708 -374 483 643 -605 -287 351 53 -108 -64 147 -1085 782 171 -199 65 -279 690 350 -884 985 -363 -781 796 -932 186 957 -153 466 415 28 -25 -612 -115 -89 -695 33 -47 54 -357 129 -603 789 -1391 273 -287 -945 97 42 299 -553 598 -259 1111 652 -1613 733 326 129 139 873 -426 -262 -251 298 -706 -28 -1 -254 552 -585 727 -370 -1488 -924 790 -774 -557 -590 1254 -535 -673 1360 64 -296 -29 -629 2203 -1575 1285 -325 -750 260 -102 -1338 745 -119 16 754 -968 179 625
-271 235 -835 376 -1574 613 -254 870 -1139 347 568 279 744 -1050 126 559 -465 -681 196 -244 -163 896 -837 -1070 648 -173 -85 1280 -1088 1098 -410 690 143 -139 -822 655 -1061 -382 237 -82 183 -374 -404 -777 643 -424 116 -511 724 -98 -546 290 -568 388 -175 -394 1714 -1784 -709 136 116 604 305 -444 -103 418 -197 -291 -777 -113 -669 592 1012 -1237 -178 933 -574 -418 272 410 -181 566 250 -383 1364 -637 472 -106 685 402 -143 -107 482 816 -479 1454 -1139 929 806 -904 321 236 65 -397 -799 1205 -178 -143 831 -889 -1121 979 -283 -1328 -249 -510 516 3 142 -611
1316 -433 598 -571 879 17 -561 221 -111 -1733 912 -1099 110 -36 -452 93 1602 -959 -838 495 -249 -1039 1388 -1772 510 -804 -1164 -148 1386 -1046 -510 979 79 425 -304 840 316 -863 845 -99 467 -62 -197 327 532 376 -606 783 164 -400 1550 -1150 -63 -672 691 -1514 793 529 -221 380 -1283 353 -566 656 -74 1118 138 -925 424 -272 -932 119 1151 -462 -37 15 -496 -189 -490 141 -787 566 -816 -56 -332 165 534 207 -459 956 -963 736 -1580 523 -132 -97 -226 413 -274 623 284 -315 -116 45 -451 -437 289 29 -57 572 -216 428 57 744 -1094 -22 -243 22 -175 -121
379 -116 607 57 -1448 388 469 -35 554 -757 -415 471 -760 -310 927 -445 1179 599 -1009 -238 1409 -1407 805 240 185 82 48 -872 2 1337 -215 -955 421 358 -561 -48 -323 661 -191 -628 1033 -447 -800 536 439 -1376 155 575 519 -1553 829 -463 1152 -127 273 -822 116 -331 641 752 -155 431 -736 602 -578 272 445 1417 -1109 1052 -195 6 -1035 1239 -375 116 666 -760 193 -226 205 654 -446 -191 1193 -672 947 -614 -236 106 587 -454 -533 226 -1229 778 -571 209 325 -19 -641 1321 -149 974 -435 -698 1159 -244 -429 -847 -206 360 767 -1027 763 13 -359 -228 595 -1943
799 -293 86 1065 -311 -407 852 -25 526 456 268 557 -1013 -320 -532 921 900 -738 219 124 1193 -444 62 -201 -19 573 -1309 480 -1116 -40 1607 338 406 -1282 42 565 637 -249 -443 621 -30 -265 242 -626 839 -467 -23 481 428 -85 -828 676 -838 -492 -213 -558 761 -1154 -153 602 -958 -12 -233 649 -517 651 -879 -521 1215 -835 205 -544 1082 -639 622 -1707 1092 -28 -576 -940 -225 -102 -716 528 -1784 1860 -1173 1068 -343 -856 803 156 308 114 628 -946 201 -61 -744 794 368 -1678 158 324 1184 886 -1357 1300 179 562 -1050 -87 -293 398 524 -823 2 856 4 -397
874 -810 -661 1405 -1080 58 -707 -105 515 -281 324 623 -128 289 -942 -321 187 101 -521 -233 918 374 20 120 76 1006 -315 427 69 -734 -429 136 2170 -601 -247 -278 -281 1057 106 478 -145 -324 -86 703 174 -1017 202 101 254 170 190 -476 1100 592 -1545 539 -663 -110 -316 98 689 79 -518 -166 -316 1248 -533 402 -660 274 581 488 -1235 1367 -410 -725 496 -640 878 776 -1784 1110 174 -224 499 -1170 510 -468 351 -499 746 -1060 -306 186 -156 -178 170 -598 264 -574 328 418 -366 -215 -232 544 618 -523 414 444 1301 -857 -337 -301 342 -592 -17 488 -415 212
-128 446 -213 313 -122 -427 1343 -1273 402 -432 -861 680 114 -261 -286 572 54 -146 -1492 1086 -182 -428 763 -475 55 -392 657 -551 -158 549 -1355 891 -89 -516 1092 -118 254 165 -839 788 78 212 -181 298 847 -425 -1204 245 -314 -326 163 -359 -142 867 -438 40 225 848 -300 -112 479 -442 436 -348 -678 481 -274 318 17 -1048 223 576 159 782 -803 684 923 -1451 522 -935 199 -624 361 565 -625 486 240 -621 94 -276 563 172 -194 854 -535 154 326 115 677 -408 -29 -163 624 -662 -498 -517 483 -39 -101 -134 -251 1084 1221 -529 221 -649 -36 33 147 -330
-135 23 -617 571 -385 212 -38 596 -51 149 71 323 338 344 -596 -545 433 326 -537 -174 -244 -1471 1311 -986 825 -59 -199 643 1064 -825 349 -604 1249 -1214 -117 -413 722 272 149 -559 -245 -889 608 -711 440 940 -792 -1056 881 -782 235 -484 384 89 -61 -188 -596 615 -272 48 410 156 -21 421 -271 1081 -1182 499 42 -534 -430 -205 698 -43 711 -175 627 -11 52 67 242 -1148 1008 632 -990 190 375 -273 727 -756 -53 -273 539 -539 -242 -905 -401 208 -324 561 32 955 -764 708 -394 480 -286 -289 706 -1119 428 -918 215 1544 -960 680 241 -383 -56 -838
1008 -214 -91 110 -197 -103 -244 119 -130 456 -244 -80 -157 91 595 116 427 -1177 176 884 -134 -783 341 -680 -393 1250 -1147 167 -358 111 339 88 296 -163 -363 -1047 463 -472 -160 878 -963 -185 -297 -157 -191 490 1143 -364 -1333 1075 -583 -1108 -237 1212 -69 50 -860 622 -140 -680 737 -601 602 -626 304 348 16 781 492 -558 692 291 -632 363 -833 -467 70 1481 -983 235 -566 -152 569 -43 -18 -263 608 -838 -153 477 124 -25 -183 1892 -637 484 -122 -896 45 41 -235 1141 -62 -907 237 560 726 -1658 897 -1020 1255 -1026 -511 83 42 230 427 -304 1357 -1149
454 225 202 372 278 40 110 -1294 -91 794 44 197 -1326 841 -490 567 -582 658 -704 -380 671 6 242 -862 1478 -1833 112 1385 -314 508 -210 29 457 625 1066 -1322 824 -1128 542 90 704 -752 -635 180 -93 37 -406 -220 1326 -130 -179 -649 -785 57 489 500 390 8 -100 -226 1175 -380 -253 -828 1209 -48 -449 674 -847 -779 776 -239 -177 769 -131 -354 -136 729 -1131 307 -125 -674 1139 -695 147 273 -350 981 58 -190 -35 -998 256 509 -746 -348 395 -31 28 -526 287 -82 731 -200 -12 569 387 -627 1027 -794 731 -526 347 -289 -663 53 -451 -139 269 -341
-1671 149 -229 192 744 -31 536 749 -1091 -60 -225 384 -188 -919 395 1072 -510 485 270 -570 626 -1130 -42 -427 206 170 -514 -253 -344 218 267 55 -721 518 -24 1010 -243 -89 1304 -454 258 351 557 623 64 -200 -591 157 -374 222 995 388 -818 -649 69 -660 776 534 41 -1240 693 -1160 223 -549 32 63 -466 852 107 705 -1348 238 501 -510 -635 463 -413 26 -166 1171 -853 -261 -355 1256 -331 -1020 702 568 997 -388 129 357 622 -943 791 -54 -398 -1435 341 189 12 471 -1095 393 -933 -1279 993 -213 -1398 799 -230 852 -314 317 487 -12 -278 73 605 -268
111 -394 -190 895 -1725 411 -64 -579 441 -244 271 1120 -1576 344 -109 -1085 132 -622 232 534 861 409 -223 -95 254 841 -890 1342 -1257 -95 247 882 -250 -338 283 -565 430 509 612 -239 96 254 -1106 843 172 656 -59 41 -489 -362 476 130 50 607 -1218 -804 902 405 518 -596 1215 -756 307 405 -747 -960 1098 -248 1162 -993 1375 -437 158 225 -158 348 -153 -885 -696 383 130 -528 178 33 -1062 344 -705 58 -12 -591 565 -223 599 -70 -1130 323 -199 -1004 107 -186 -143 -359 278 819 -558 435 215 -166 3 144 522 -852 807 -211 549 391 110 -313 -384 651
-312 672 480 29 222 664 -606 638 -519 925 -1223 -32 264 -14 796 -666 771 -1224 500 -1246 -29 607 -625 135 -463 -116 -197 595 1326 -533 -137 -543 1577 -152 -752 -125 897 -851 -242 1243 -1140 1743 -790 -299 271 333 135 -704 -486 -1198 277 75 209 -85 440 -390 -694 200 850 -242 -109 -166 -130 1121 -951 -195 -1103 1166 -366 -344 -37 -840 976 117 -824 741 286 -113 249 -311 218 288 137 -58 1000 -659 -84 156 -504 209 -848 241 -3 744 765 -465 324 -1122 850 -512 68 1498 -1351 824 722 -1042 778 -216 -554 810 -393 -87 73 -736 619 30 -672 637 -585 563
621 -157 367 -757 1016 -185 -618 1063 -1033 -470 970 -52 -1922 429 249 1715 -1913 892 529 66 813 -496 -278 971 -291 126 -16 -577 127 -1050 272 -199 -504 884 502 154 -1203 1188 -1148 253 -296 -900 1363 -689 -510 260 1558 -270 646 -202 -1003 198 -989 366 287 -172 -824 383 1132 435 -887 -354 -840 546 -298 171 -250 587 -129 256 330 -860 1421 -1555 127 -465 9 204 -1380 476 -449 -239 179 1257 -491 747 452 1005 -726 -220 350 -893 -648 943 -1220 1371 -50 -382 729 -188 -185 -274 195 -245 510 103 465 174 -105 -168 175 1350 -1377 78 89 491 -823 1260 344 -700
-2 -73 164 -157 -236 -475 -119 443 344 -53 -264 87 -371 -692 -873 776 793 -1359 185 -181 -14 228 221 -730 573 -323 -563 825 23 -61 119 691 -70 -681 140 1193 -867 559 356 -981 410 -304 -1143 255 795 -540 532 -180 -7 902 -666 955 -938 80 313 -382 -1 -1664 690 805 1523 436 -138 -803 919 -877 724 -335 1106 -565 662 -789 1103 1134 -379 315 219 755 -736 399 281 -164 -439 143 187 -293 -589 279 717 1207 -819 589 -213 570 -706 154 678 -17 -257 -700 1307 -456 587 -577 -837 411 889 -411 488 -1469 877 187 1011 -591 -754 458 -271 -806 28 187
742 220 -1527 384 602 -750 596 322 -734 1174 345 298 -250 -958 1196 -1008 358 161 -1083 -119 535 93 506 -638 266 -789 376 111 -621 -487 200 -250 955 467 -1207 577 1194 -427 -103 1574 -194 -240 -596 -329 107 -1 486 -685 -66 423 53 191 -732 478 447 -1184 1358 -921 -404 -818 -392 -49 92 -284 -804 870 -251 -717 52 227 -1000 1182 -160 -572 263 -162 131 -383 107 -546 123 -1326 229 -169 -850 1802 -942 -44 -438 -922 970 -112 -293 281 -67 -1178 261 403 1222 -1493 302 237 -511 1061 158 -685 -563 1909 -666 -139 101 -1077 -75 295 -83 -1279 1340 -8 97 432
329 496 50 -1156 547 -798 -498 265 1074 -72 280 446 370 -47 330 -172 -685 1472 760 -1184 -20 -17 718 708 -149 551 25 -532 -702 681 -380 -16 -338 563 33 -1191 1121 -399 253 -729 700 504 -600 287 -713 857 934 -289 352 -329 1118 -422 -625 615 444 -48 -332 296 1413 0 -331 369 -652 -144 -389 -92 -370 -1 -954 1315 -535 -265 201 210 475 -187 77 -577 865 -792 1197 476 56 -768 872 -95 521 387 -400 -852 602 95 -1388 1002 -499 780 -164 -316 -502 -134 835 -538 -113 -369 367 805 -503 253 560 319 257 253 -922 -1 -245 -318 534 -228 -385 988
-718 7 912 -251 628 124 -984 -322 108 -663 732 -366 594 -192 435 797 -1590 12 218 16 -470 704 -698 338 245 -392 793 169 -286 -482 637 -520 798 -136 241 -980 174 516 -568 -370 650 -403 284 61 -752 786 -1928 855 612 367 -700 191 -679 333 7 145 -1 -156 -721 542 -138 902 -1114 529 458 1241 293 -1590 -110 684 375 -260 498 -439 -8 212 29 -1277 203 181 -216 139 -139 -229 673 493 -23 1249 -1189 -81 559 -259 -158 -517 -883 1661 502 -404 1327 -254 295 -199 -238 -277 -695 347 1093 -974 2 572 38 64 253 192 -1683 -279 857 -195 503 502
1014 -84 298 -575 124 -9 1040 286 -201 618 405 -1534 934 178 -51 -911 463 -210 387 -1041 -261 713 -983 -230 -92 313 -211 -477 176 269 -145 47 -191 150 481 851 -1145 1510 160 -607 -141 639 -963 1112 -253 301 -661 -61 -738 1511 -166 -718 -131 818 -1364 72 79 35 685 -579 136 -68 -161 -672 85 244 839 -1177 -300 -165 -521 382 -536 326 -408 1193 261 -1278 253 -776 1009 -1439 1052 -2120 262 -456 -350 215 1271 -457 1163 -386 335 -345 -552 -283 868 -202 637 -1085 187 -840 600 -5 -1067 428 -249 -425 -82 641 132 -385 562 142 899 -159 -1393 782 -532 486
390 -35 -575 529 -68 -1041 -20 -555 -185 346 845 -1118 985 -65 567 631 -1038 266 790 -990 147 -77 52 497 -162 -176 -415 -57 -284 -692 398 69 279 -44 -357 892 -993 160 278 718 -440 185 -830 1140 -504 395 47 418 -595 -405 910 -143 -440 -94 -99 268 -196 896 -1278 497 53 0 866 -444 465 -335 -471 1375 -117 -583 80 582 -507 -921 871 683 -72 -614 -319 -322 729 -274 87 260 -172 271 -944 -1037 436 -1499 591 1001 -545 54 -376 -401 186 -486 610 645 1016 -1830 297 -51 580 -1610 889 -329 -55 -443 664 -278 265 304 -615 228 839 97 -92 -666
421 962 -556 114 -366 457 1000 -1061 -334 -373 -155 103 57 -138 -1234 337 625 275 -616 -24 -179 65 193 -952 334 479 -451 162 720 -667 -358 1061 -540 -372 -852 477 -742 -441 737 -1094 62 976 -431 -212 599 -191 713 -561 270 615 139 -672 893 -764 -43 -614 -112 743 -16 -137 -242 402 -553 124 -969 1088 -1249 -1029 631 404 -1209 1169 237 -729 574 70 226 -273 550 332 -1118 844 -544 -471 671 -304 1936 -1579 942 -129 -675 392 -39 587 -410 306 -756 711 -1212 422 315 904 -493 -194 1713 -454 -469 751 -105 -697 254 -626 -105 1522 -1484 783 -1692 -69 629 -23
85 -442 -272 1698 -1032 -418 367 152 -207 164 116 -323 220 -20 85 -1642 158 266 1037 -825 727 -386 -398 1435 654 -486 90 -466 831 -377 999 -580 487 873 150 -718 -701 1038 1231 -715 -236 -124 110 497 -41 869 -1180 286 -123 -291 686 114 -405 1118 -410 449 -868 14 336 -813 -256 452 708 -241 917 1002 -1075 40 -159 119 125 -1331 -221 61 1149 -106 -646 -1436 434 569 -2 770 -1715 881 -1478 1260 579 -1101 -444 36 -363 850 -967 -103 692 -494 836 -1207 1692 -852 -77 -49 -42 -156 56 -212 455 -823 265 749 -357 362 -95 806 161 184 -112 487 -194 712
691 808 -1557 74 437 -654 -704 -167 372 -464 -67 655 423 -431 -46 -693 504 -72 -193 546 65 -390 -424 -469 165 -89 -983 760 207 -1310 -245 708 -978 585 86 1158 -866 -250 407 1841 -443 571 -1787 531 -453 -630 866 -857 -145 251 -1168 1001 -701 734 -92 401 -936 1710 -1213 616 -1026 574 -1644 734 -888 816 902 -930 200 205 -117 980 -452 -952 -585 890 -510 -47 584 -134 -688 789 504 -597 -337 256 -723 378 309 -1277 572 -1134 527 495 -559 -244 714 -331 -357 1072 -468 449 126 -848 -291 772 -519 -271 -705 247 -229 -305 -609 -315 421 -746 738 -1478 463 77
751 -225 -191 454 3 -652 645 -93 -602 -894 591 -551 607 -116 -329 -69 325 63 133 362 -60 49 826 -532 -425 856 -792 532 -2 -35 -363 224 -1076 -524 -543 282 -1407 1393 -1263 -403 967 1124 990 -228 -92 -170 -112 661 -50 -419 559 -347 187 -225 -265 582 -267 -191 463 135 -486 -210 -234 865 -609 -1180 53 95 -1121 1028 -1658 1346 -1097 463 239 -54 -244 -36 -112 430 -204 173 783 -392 459 547 -120 613 448 -766 2 292 208 477 -1095 1073 -770 -229 195 -152 -150 -1123 924 -867 253 1488 -139 -1468 478 -201 685 1000 -219 596 696 -1214 371 -191 -174 -609
157 1547 -825 486 -1523 -353 -167 1116 -928 385 -119 1067 -736 -480 -266 -79 479 692 421 714 -845 -1576 970 224 -839 277 -450 561 726 -270 781 634 -34 207 464 -337 -263 -477 -330 649 -1598 207 1014 984 338 -299 -329 -116 272 63 -30 -190 297 1075 -264 -1354 50 198 136 -184 680 -1858 -612 1403 36 1017 199 -1066 898 -570 -54 -57 1044 -438 25 -942 -503 -740 -460 390 -160 152 -434 -111 900 -427 761 -741 -663 1119 54 -482 -796 645 -150 -175 -80 -794 696 435 231 -119 -84 -304 -478 -955 804 229 -347 -853 -38 215 -705 710 195 309 202 640 -1216 934
1025 -280 485 1090 -320 301 -1251 391 490 -110 -273 1125 -80 287 -837 86 -1731 1433 278 -326 1370 -306 -560 -318 299 428 -283 -118 80 -244 -99 -237 398 -689 502 452 135 162 -96 -310 -129 -117 -820 -429 481 -37 -996 815 -255 -769 -11 -146 669 94 356 247 -736 426 5 -205 1462 -71 -1421 771 -451 -206 992 574 -390 568 -788 -470 397 -22 532 454 337 -1278 1032 -1299 264 1242 -845 -911 -207 271 475 393 -1109 -407 792 -49 -363 -84 353 -923 503 -908 402 -788 73 -388 543 154 101 834 -140 -228 79 1400 -1466 585 -794 278 -190 -514 -110 647 -291 313
-475 226 -67 396 -528 1014 443 -1286 -37 -9 -81 -13 -8 -85 -11 1326 -1600 104 448 -833 620 723 -462 -244 -455 -285 -430 515 -537 722 -944 -160 -193 -526 -216 -779 -198 670 -514 454 -128 920 -571 -67 -260 -353 -1331 695 535 -327 173 -1352 1373 348 -34 -192 -302 305 -918 413 -35 -420 -47 -619 411 87 -1156 1227 -448 -50 106 -581 -288 876 -38 -168 384 -29 -464 689 -1141 488 -159 -405 853 -573 -967 652 473 -1245 1194 -567 576 628 305 -205 -386 340 89 20 -253 -124 -918 851 -915 -466 -217 313 -46 52 -161 -912 263 393 -515 -61 -784 166 311 407
320 -121 -309 13 -191 -828 844 -177 -818 102 1446 -1703 948 -621 -300 -54 742 -69 -314 -1100 800 47 -174 146 423 509 -1161 377 564 -283 72 -44 484 -379 934 -308 -215 -927 214 29 -350 128 208 603 -197 -320 212 -717 -371 -59 158 210 -192 310 -772 -27 413 -938 762 165 -149 -84 24 -11 514 -806 -145 -488 161 921 -226 296 -245 -263 960 -521 492 -695 471 1037 -558 -307 -78 258 -330 979 -142 507 -274 -11 -12 -745 451 646 -654 -69 631 -930 737 -188 510 936 -908 132 604 -762 653 132 -324 1138 -302 243 -1175 980 640 -1600 455 675 130 -911
-279 179 -13 336 384 -1116 514 -478 -27 194 -200 405 -618 470 -17 -925 408 -243 224 -532 7 1340 -582 -40 233 -216 259 -218 -468 711 197 8 -604 -318 741 177 744 45 -413 785 210 -104 817 -613 1518 -335 87 1048 -682 623 -1109 402 -596 1336 19 126 -1361 -115 302 -277 285 1033 -588 -218 266 837 -405 -165 -94 -420 -458 922 -928 -131 918 -1153 1060 66 -1371 949 328 -498 -786 39 606 -422 -11 -4 -781 325 395 -85 -51 190 5 404 -194 -183 -764 -329 974 192 -112 355 -291 -418 256 -373 -1078 692 -86 -282 -963 1353 -1306 1275 -826 374 654 -314
-456 -816 866 96 848 -39 76 -74 -17 -31 -118 62 919 -2173 1110 10 -1555 2 1104 -490 -1360 -63 145 158 827 -242 520 767 -840 471 -720 367 1465 -1727 -799 250 76 -873 -311 151 -154 -370 18 -482 275 315 247 -525 949 -953 406 -15 -1 -740 509 76 529 -33 16 -360 -686 63 -57 -237 62 -226 -306 584 464 -238 497 -253 701 -527 626 123 541 -249 90 551 137 986 -1267 959 -9 -166 150 -182 620 -348 -35 -35 951 -1097 317 -57 117 1056 -843 -560 950 -611 473 67 -743 1394 -38 711 -788 502 -457 211 -256 -615 -15 -105 997 -275 1012 -794
408 -323 495 -1422 267 -396 428 -616 1090 -546 -608 841 586 -72 668 -101 -235 -48 231 427 181 993 -1170 -258 -208 129 -333 -321 1006 -446 -767 788 58 203 -610 977 -198 -981 556 -496 -707 281 -610 -605 55 -475 -198 863 -1063 276 -297 550 -238 420 76 -1158 623 62 121 1095 154 174 -27 320 205 -1012 392 -286 -492 994 -732 -522 881 74 -221 -228 587 -212 -707 447 -551 233 -303 -132 462 660 788 -1198 765 313 171 -926 1473 -443 -971 777 240 -38 652 -453 154 -847 -519 374 -672 407 -996 860 -53 -613 203 492 442 -851 -213 -295 -604 876 -414 -382
942 -253 -950 1314 229 -508 324 -707 475 1210 713 -589 205 -974 725 371 234 -795 -77 227 -303 544 -359 -1439 450 -336 825 -251 1300 -600 -1290 161 186 -39 463 -741 620 -251 -337 717 -23 -234 371 -284 193 884 -987 -1124 1264 546 -222 -955 1441 -1173 134 422 777 -1101 271 7 -480 -5 357 481 298 -657 839 -1361 1157 -271 712 -894 -204 -112 -8 113 38 375 -1023 152 548 -277 -706 73 -311 -689 -23 -754 1132 -1572 493 110 513 -359 -53 -404 -590 761 507 564 275 -12 376 -556 -886 767 -301 -90 943 -380 -1752 608 459 -420 398 -240 -608 759 -489 484
697 224 419 -720 159 345 -667 -319 -1734 -985 496 698 -434 677 -268 -408 486 -907 -34 181 -836 17 377 -327 -925 1041 -1474 792 326 617 -843 207 -122 -27 -461 773 -484 -115 681 -725 -249 374 -36 686 647 633 -323 331 -1109 265 -735 -614 231 900 -1114 477 -940 14 12 1062 -1399 -505 -562 907 571 -675 86 1 -858 -31 1131 -516 133 -27 1305 -408 -695 209 277 -438 -282 68 873 -318 -106 770 87 308 -947 1050 -29 -555 669 263 391 842 -1457 717 -35 -6 157 113 189 46 939 -604 52 -408 884 748 -530 541 212 -226 1261 -698 -457 213 976 -741
911 -1162 272 -45 721 -925 649 506 624 -171 -369 -759 185 -542 277 -29 495 -621 938 -447 1433 168 -237 -11 -840 66 -503 -137 163 -243 -115 -103 -529 1436 -248 705 -310 121 1346 -12 -1540 980 -1404 672 599 510 -143 1077 -1020 948 312 387 -458 184 1082 196 198 397 -961 1248 396 -370 76 -109 178 40 -1057 601 421 111 -1499 -4 -593 -356 -600 1224 -79 497 -39 -912 1261 -1158 460 511 1004 -172 432 -196 -323 -1011 580 -40 -313 562 -30 1289 143 -89 -167 381 -1017 -85 322 -283 -462 329 -485 156 -626 474 62 -667 151 138 558 -760 1228 -690 395 680
454 58 175 465 -891 39 348 -1476 662 889 -351 140 579 1017 -603 315 240 462 -604 -326 18 250 -442 1436 -588 -406 476 -336 -354 -310 469 31 -731 659 -344 -131 227 -570 255 336 99 -465 -668 -96 -602 -569 -62 1308 9 -169 -571 -1477 2155 -1135 75 -460 573 -200 170 -699 -671 591 -764 1303 118 602 -1475 -256 313 -28 1292 -496 -240 -528 -835 -200 18 -78 304 -374 849 -236 -916 -24 -78 247 1042 206 -242 -416 127 -297 744 -165 -627 -330 1151 -9 456 -385 421 -557 372 -704 359 -580 399 -472 410 -105 -229 756 -31 367 -805 369 14 -900 784 658
26 -500 870 251 87 788 -137 614 -335 -2 824 -225 575 -378 618 -229 669 434 80 -1416 793 -1437 1109 -277 815 -568 1083 -469 -40 -212 -11 294 -233 -320 -198 218 -563 1131 -831 369 -768 769 -313 329 -262 -578 -1049 558 -15 843 73 -102 -515 460 534 161 -221 439 -474 1121 -1110 -276 -933 159 -199 640 -406 42 -1638 389 -1153 582 289 726 -548 -540 -185 -11 -403 599 -289 -151 1058 -1201 315 575 -606 -531 151 227 -384 252 -571 1485 255 343 -739 159 -57 194 153 328 24 311 -568 -234 -637 367 11 297 -718 1110 -1009 444 661 58 -916 99 168 -682
425 -6 1109 130 -694 280 -932 816 577 -970 -1353 1403 -1389 -100 -425 532 -1360 1421 226 451 220 -46 -1198 714 -579 261 342 92 -246 -384 -66 -440 446 156 -10 17 -1078 1472 208 22 -16 726 -1119 453 -592 181 211 -88 -382 -29 95 857 -610 -1000 24 -77 270 788 -423 453 643 182 -1020 -156 226 74 -153 1105 -789 581 389 -149 90 512 484 -172 -275 240 -453 280 76 514 -405 1184 -570 461 243 99 118 -284 60 -447 -458 -1187 238 830 389 -537 -618 443 -83 -3 308 831 -140 -337 575 -744 927 -313 -1197 1282 -766 -555 -22 1367 -190 -250 315 -523
-839 344 -850 -370 614 -684 342 3 -232 -475 -250 624 495 -625 -1052 34 -167 -436 -1149 -544 1288 -291 63 -390 -412 247 -389 -811 -108 590 -909 369 -812 -176 -765 729 -247 -1102 661 136 -342 568 183 -73 223 116 -775 1003 -557 325 291 -719 324 -576 898 -891 -11 272 -1190 800 -1143 1816 -1010 306 -572 72 709 761 -1321 607 -109 102 -163 83 432 -691 534 559 -336 -649 123 -49 -473 -31 219 -1159 380 -374 991 519 178 783 -223 -4 -844 1017 -328 -54 -512 432 307 -915 763 448 -482 -715 131 -195 143 -11 -272 192 -81 88 -1123 116 540 -316 1477 -813
24 -233 951 -650 531 203 20 -437 426 -913 -198 299 -1187 1335 -826 1250 366 -257 786 -568 -427 111 686 -454 637 310 218 -292 -398 428 139 57 -423 -326 689 -531 257 -80 -964 380 32 373 -8 -795 -512 267 178 581 -76 -357 -92 779 234 -792 674 197 576 251 598 -646 252 159 363 -324 966 -465 480 268 -638 707 -349 547 -932 967 244 -655 325 -743 1013 3 -462 632 294 66 203 -511 383 -806 191 -752 577 919 -1080 359 -1280 761 -771 599 -148 -489 -337 161 -694 396 -473 430 460 -375 -667 198 -62 1239 608 25 166 -476 204 -205 735 -298
430 -378 -393 -593 488 -582 1241 -547 572 84 166 331 -550 259 -1094 -214 1655 -1070 164 190 -54 -868 -341 -350 457 -81 938 -714 34 734 591 -477 287 306 -2011 908 1123 -779 255 -943 339 -777 1024 -394 -133 -460 -2023 177 187 100 381 -388 -469 -545 269 608 -432 -252 -43 -603 655 -876 490 -1315 -226 -209 955 -909 987 -998 837 -537 -619 854 -527 1345 97 -2 -766 21 536 -1275 1364 -1085 689 -260 -602 1743 -1233 818 -853 1249 -419 584 764 -511 652 -41 89 601 -590 -22 -102 146 -739 -54 370 762 -1062 -677 -498 -747 945 211 22 197 -259 46 -585 -553
-435 249 471 -1102 765 505 -1077 -420 731 -1220 -84 -645 591 515 -674 -643 1229 133 391 -573 78 361 966 -670 81 875 -449 -605 27 613 0 352 -470 965 -514 278 -887 421 407 438 -182 -1543 -96 1393 -481 -98 -67 226 -457 -1119 851 -494 -239 812 0 1 487 430 -252 142 447 -1331 861 834 -931 95 129 -420 -225 1055 193 -349 -491 82 -1274 221 398 277 751 -281 789 -1000 813 -872 463 -903 113 -266 -363 -124 -285 -80 106 -837 558 -761 -364 319 267 706 -367 -286 -159 605 497 615 -302 314 -267 523 240 -339 -978 748 -369 396 -317 611 -202 -53
98 -192 -265 990 -1329 125 996 -1035 1278 -86 850 -1003 -533 1176 -225 -373 -589 320 52 190 -1431 -556 -418 -241 -315 1060 -17 -406 -541 -312 315 -765 535 -126 832 -344 -343 498 -476 1022 -392 -102 -667 -768 924 -168 -299 88 -696 1562 -772 1339 -792 69 -14 721 -400 -617 948 -553 408 -1008 786 -184 129 68 890 -822 -134 -1207 1395 -1255 35 273 -206 -192 450 -747 66 -700 335 715 449 814 77 -379 -408 522 -505 1461 -489 415 -151 -359 853 626 -31 -369 252 -25 700 -719 -311 -581 155 1227 -606 -371 -36 389 -253 955 -590 -180 346 315 -336 -1035 333 1111
-350 -75 -582 -498 1657 -1279 -166 -382 97 -792 334 204 72 -825 605 173 748 128 -210 608 813 -127 -220 -475 -440 -267 854 271 -612 414 -588 -658 772 519 -1939 1195 63 -601 127 -133 334 781 69 -672 -79 57 -270 876 -640 -756 -167 -437 49 -286 794 -163 1481 -988 1055 463 605 403 -1696 1739 -469 -1197 844 -811 1827 -620 -600 588 -196 -1214 752 -136 -92 494 -593 179 25 -460 -1030 1084 643 265 -390 55 -1810 243 -348 1145 506 -962 460 -257 384 611 227 -346 283 431 339 -201 -512 522 152 384 -866 -398 809 -646 658 117 -283 176 304 -426 863 -889
277 463 -797 -834 104 513 -591 -371 891 -296 -188 -1031 1636 -1177 -615 441 -1077 -420 -333 146 -256 1294 -703 587 -318 -453 95 221 504 564 905 -1140 -1330 801 -154 -537 1289 -267 -471 -41 -827 268 -241 -491 864 -169 -186 511 -883 293 -81 -185 -566 -88 -1415 -236 -670 -51 1166 -900 13 190 124 -277 826 306 -74 783 -116 198 405 274 142 -263 -317 123 201 807 -32 -1149 597 -892 -937 1171 -701 -310 10 851 -596 88 53 203 -741 1421 -32 -46 722 -687 1142 -338 310 -349 567 284 214 8 297 825 207 -604 594 -1069 -130 -237 474 212 -635 308 426 -984
-846 1390 -1607 895 476 138 610 -849 575 -336 945 -888 672 -714 363 -170 646 -419 442 -373 1042 -450 -109 872 -229 -328 -1003 -230 -162 -548 348 962 -788 310 -281 53 -849 -94 427 -464 -32 -37 305 730 -1360 -39 870 682 -147 -84 710 -160 1392 -825 1088 -619 -822 -1162 1146 -493 362 -151 316 -395 -167 -314 647 -217 -350 -583 83 30 193 271 37 270 -1423 1554 -986 418 343 -86 -705 -617 730 312 -376 -166 -151 -433 -536 -284 442 241 -1060 1214 -389 473 -458 -385 370 923 -1091 -403 166 -159 198 369 -357 908 301 -108 -300 4 -612 1110 -523 -93 3 397
-583 1020 -113 -976 461 -1217 -192 290 328 91 -129 268 233 117 643 -1214 925 -320 -431 -368 -102 -9 376 -380 -438 204 868 -1219 438 2 212 180 -153 -595 867 232 -69 -270 -531 477 731 -547 2 -407 145 418 -624 640 -974 -154 605 -194 393 296 -326 -178 306 369 404 -708 -1127 621 84 -413 -460 574 -248 873 408 22 -259 759 -1726 403 -265 535 344 387 -172 546 681 -438 417 -567 -365 -949 1281 -1178 201 208 -444 -481 -823 514 -318 -577 89 271 -1008 1078 -947 132 -270 66 136 -627 -332 -654 916 -1058 840 95 -31 426 -487 310 490 -1001 70 1377
-1542 385 130 526 1014 532 -157 37 -697 777 32 -214 54 -346 417 222 -618 947 136 -515 49 156 -629 436 1018 -169 -20 -865 -534 413 -269 -215 538 -617 397 313 581 464 -678 40 -174 -259 789 890 -1210 1007 -371 745 -466 -741 -546 221 -271 458 -1278 -103 -285 -989 1443 801 175 -863 -773 -495 -232 10 -256 -879 -169 1010 -602 824 135 -831 377 -1147 -760 492 -117 831 -1074 357 24 1129 -9 102 -518 765 -943 -107 678 71 -601 336 -687 1914 -1595 393 1462 258 -258 548 -383 356 -940 1391 345 -594 447 -329 -88 279 594 -721 1455 1088 -1312 881 -476 183
380 -797 -107 -514 200 544 -293 450 -544 295 80 390 195 -349 -182 489 -924 267 1362 -375 -363 528 195 -227 77 545 953 -89 -350 -70 1023 95 -1442 347 -117 581 -629 -707 279 252 167 -183 -37 -1133 1103 950 -1454 -742 982 -86 349 8 -290 633 -634 1314 -1092 110 -732 -74 446 397 1221 -391 -820 226 -303 146 -343 -295 231 -13 849 -139 -419 -91 -357 403 -1745 934 -1164 -169 -419 -206 318 120 -730 1177 -720 -274 -199 -47 252 -175 566 -644 421 -1130 187 1171 -81 524 439 -1023 -113 230 76 -581 381 -73 123 174 -52 -168 -1517 744 877 -593 -184 553
-389 -816 1452 -638 -639 789 56 -644 155 -195 357 -585 1013 -296 330 -498 -725 -611 17 405 420 -1724 628 342 289 -122 324 -1171 984 -1635 283 1174 -744 415 -1620 486 -200 255 509 -1743 376 488 -677 334 4 661 237 908 78 -778 42 849 -396 -384 -240 357 204 -251 661 -343 -240 -455 -629 1839 1 882 -156 -546 -195 -359 51 4 123 -360 1120 879 -595 642 436 487 -105 -687 566 -566 323 345 -485 924 -341 -171 -784 940 5 -771 984 -529 1058 -669 -1156 100 744 -406 966 -932 102 -1066 1008 -271 -1148 129 549 -547 81 210 -162 -129 354 145 425 -105
507 -602 -688 86 551 191 -112 -619 -421 262 -720 311 184 447 -577 280 -170 -739 -1222 412 -54 -1265 1121 -1551 1147 -539 -140 807 -125 -766 71 -61 -133 1170 460 -619 -438 -336 290 913 -1169 832 -1196 58 -544 246 -1357 562 323 -282 1405 -598 -302 1015 -106 -1420 2094 211 -1558 1015 18 -354 -755 -359 20 9 1183 208 -1074 1206 -577 594 -612 291 -702 11 985 -822 245 638 151 119 -124 -489 253 -857 1578 295 322 -240 -563 -196 1192 -497 -907 -351 829 76 224 -386 -278 -870 -349 -675 532 172 -1326 817 -235 318 -332 61 596 -24 287 -557 -51 12 -1292 1194
