1007 93 658 -761 121 292 1594 206 313 -360 -256 792 204 91 -707 218 12 128 -40 -410 428 1178 -6 -843 -297 -223 -609 843 1003 829
1906 -731 -20 -457 153 897 249 374 -862 -207 491 -666 -1288 -1679 144 175 -304 290 -168 -1228 -150 735 -291 -31 442 162 -22 -1231 -484 649
542 21 -1064 987 692 -369 -453 833 -631 -1374 -263 723 756 -178 715 -1153 181 656 -810 501 -223 595 -735 -454 170 -853 512 -139 -19 619
195 -536 -870 -822 -167 -1115 40 168 244 44 509 1162 -257 210 996 -272 -617 566 -564 -1342 54 -46 -64 -315 -694 225 -560 -929 724 -96
588 -1247 235 259 -811 416 718 -348 -720 -409 -147 379 958 30 315 586 -129 123 -677 -378 -96 174 624 110 -352 -865 58 12 901 -5
-1029 141 576 -525 366 513 243 -1316 -321 730 -577 -1489 16 200 -14 281 -384 495 -372 -586 1022 551 98 -190 -240 1030 306 -390 809 -484
715 -400 -758 -785 126 1845 172 -1203 40 -483 -312 21 966 -1036 -360 -571 76 -273 344 -383 256 294 468 -341 -147 1576 -721 1086 495 -176
499 909 869 -460 147 726 -186 -444 204 -21 1161 567 243 594 336 640 -232 -59 -588 408 -488 -1169 634 352 446 -542 203 312 -595 -1141
-515 447 -466 -314 -101 -390 -459 -279 -597 147 970 573 -447 -750 758 1376 -501 -250 704 1074 -77 -775 1056 -620 -96 667 -959 -1696 -1033 -713
-204 922 293 -524 -914 238 737 2149 -412 528 1783 -946 -794 -1391 584 149 -1565 -453 305 139 -597 663 795 -996 172 1128 -484 215 -403 602
631 1133 525 339 -595 586 1807 113 -748 988 757 -960 -375 386 -135 578 -143 244 271 526 -572 150 692 -959 1542 699 -1438 -315 12 925
602 363 -1008 -1387 1392 1189 -249 -638 -2464 252 738 -914 458 280 588 -182 -609 476 164 1257 777 447 -842 -1861 1043 9 -1784 -217 -420 72
-180 -1306 -517 655 433 -329 -850 -781 -297 142 -858 90 546 -1153 -1028 -367 -1110 -174 666 1164 419 -845 -1953 -596 456 -40 -743 -1082 838 230
-238 -1070 -338 557 336 -1114 -1431 -584 -307 657 110 789 -594 377 -466 -1003 974 1336 245 251 278 -1017 -1750 -7 1190 -82 -153 -320 312 744
887 672 469 -37 -803 -1065 -528 269 461 404 683 1832 205 -1018 -917 91 -91 660 -853 -107 150 -918 -1553 1470 208 701 694 372 -22 376
-206 296 -1462 1110 863 200 -267 428 798 226 647 782 -227 -957 95 616 -322 -978 -970 279 1217 61 -965 987 882 -431 -702 1204 691 290
680 482 -949 1070 852 -112 122 1107 34 245 -211 -801 -2220 -1085 696 845 488 -150 -558 52 -744 -143 -185 516 1013 -85 -267 -523 -530 -381
73 588 -440 1382 -608 -1362 -882 617 -231 -38 -607 -315 -786 -628 306 251 137 -479 1119 187 -74 -199 -274 258 960 17 -385 788 -256 76
-591 182 147 -223 16 -1420 -1059 857 -1262 -100 -646 -1430 159 627 -525 313 427 42 -695 647 -236 340 300 336 849 -1548 -961 889 -1085 507
-693 854 -200 449 -604 -337 111 321 323 -712 657 -86 -696 795 794 -76 408 101 -217 -623 -672 -1002 355 522 -238 -702 -621 349 182 -1066
141 333 826 -1069 327 -69 -272 825 311 353 -765 -1022 81 407 -541 684 1459 -853 -937 -294 -522 -325 -514 927 1152 -277 995 43 -369 41
-356 -255 -162 926 -121 -1332 396 1164 535 -797 -1184 -102 801 -4 -799 34 22 -750 42 1076 90 1106 148 658 -209 -178 87 186 255 -481
38 -28 397 -934 354 -816 513 1294 317 -50 -948 -220 1702 323 -950 694 -235 -104 -486 -218 1489 59 -1049 -72 -162 -150 -1236 -798 710 527
-124 328 126 -272 330 -199 775 241 447 -1855 -60 352 302 -1234 -195 588 536 -1187 -375 270 -211 -127 -1025 661 -593 781 -859 217 -448 -279
-373 790 384 -18 288 209 199 184 -756 -311 -142 886 925 -961 -349 67 -403 -638 -567 627 608 587 -320 1561 606 -29 -157 -420 2114 -28
-361 70 1068 -759 -261 205 1111 -282 -71 358 1000 671 595 -1181 1062 -314 296 -331 1147 1390 199 -65 -596 -838 -434 308 -882 209 -44 1086
-550 994 860 -1144 99 816 704 -119 608 -1292 -604 -116 -434 -264 -97 -781 684 168 19 591 388 -783 527 -124 -1238 -418 -303 509 969 -461
981 763 631 -470 -803 1133 771 -710 -1472 -205 -331 34 162 -55 -406 177 576 166 -330 17 101 -432 277 -188 399 277 -550 173 -322 26
374 75 -259 -1214 -171 -207 -288 -467 -433 365 -187 392 793 24 -242 103 379 -163 -66 435 -122 -488 -133 -961 -1104 1085 240 -915 896 -67
-130 -433 -420 -1423 -1076 -540 740 510 -540 570 -232 -25 -930 159 -202 172 171 -460 666 -1064 -957 101 -384 -191 121 983 530 -946 -197 -300
