52841 52419 50411 40412 38893 37498 49634 43869 32770 23306 25780 37999 45313 43252 35631 50530 43657 34471 36557 49611 49088 35519 33282 44921 47774 42627 50249 52586 39730 38006 46195 49675 37710 43509 51108 50947 45661 41881 29465 44780 46051 48389 31314 29298 40914 54630 53292 35033 45769 46991 52269 56719 55401 62294 54917 37926 33757 35117 35229 36383 46747 45744 44234 43502 38276 40853 36457 31430 39448 36304 33713 38182 35901 38292 46332 54397 37011 27822 22137 35238 40176 54305 48393 52413 45150 32862 32888 32882 38313 36529 44881 49723 45146 39351 40695 43625 50274 41671 39223 33233 31054 34805 26439 27905 35311 35823 42158 34790 26135 20998 34357 35121 40026 45064 53272 41669 34847 50281 51730 41196 43037 39460 27082 26298 36388 39442
43034 47734 49759 36768 26069 43751 37319 36006 30703 36195 27451 33845 25849 32655 41750 43581 44857 36022 44260 36273 27621 32546 33509 28561 38860 37356 42377 50132 47365 33029 39285 50022 32036 27340 40737 59546 36648 25139 33795 44040 52122 37691 25937 26121 38909 59877 56674 54723 43772 56208 49321 37333 40079 54229 64735 51425 40480 33924 34867 50205 51971 56917 58960 64813 43780 35659 35488 45652 31800 45976 42242 32615 22789 37643 44077 49129 47166 38820 30123 30440 42713 45488 53240 41928 37911 24044 34137 47820 52510 55819 45479 47624 42242 26489 34762 51796 46254 50017 45996 38521 30190 26722 31186 33349 29067 41911 37417 44978 27622 26309 34680 42959 34304 46256 51425 51689 40997 39606 48049 47979 40056 39336 37383 28844 30472 48756
55239 52481 46640 48986 39094 38681 49595 39140 28423 37898 46315 37011 26519 29283 37847 34788 30382 51729 45088 38775 28095 24999 31497 38546 36820 48915 46594 55427 57369 48422 41149 50543 50540 44839 43835 48792 39213 29349 30932 38414 34267 33060 27505 25743 43559 58643 57773 44908 48333 49255 40313 34908 39597 46404 47309 41961 26161 30128 44840 56858 63416 54485 54685 41922 38716 33685 36125 43521 55303 39993 40808 35434 30420 28888 50266 52760 37952 28125 20700 31735 40657 46317 57669 50871 28840 31953 38852 55197 61361 49112 49983 48588 39776 36154 40717 55192 53107 36074 39277 29117 21446 22596 32678 31602 30028 41667 51897 38114 29449 32563 30979 40468 40279 43068 63534 59377 55987 47858 53211 48530 43307 38278 38902 36758 45867 43528
47273 48635 48744 43958 39244 33732 44082 39251 25574 47589 58186 43536 29599 29604 32388 36303 36058 43049 43750 32276 29172 27500 27156 38985 42026 39828 55449 54565 57406 50112 50750 46760 53539 50925 45559 32004 33406 39680 31686 29492 29889 33746 23869 31343 47867 59302 40372 34043 32337 36892 28861 25275 21059 35917 43718 36880 39493 39755 41638 52387 67013 62686 51607 40861 29841 35997 44192 47317 53814 56241 41088 44371 35434 38563 41396 50350 47046 31743 34937 30640 29601 37191 41990 40064 22749 24105 44080 66514 71045 69990 50107 45575 48982 31969 34714 37254 52165 46684 34117 26080 25757 35829 41848 49013 41295 54956 50529 48520 43282 41326 57869 49043 47782 45972 50786 52091 43569 52619 51451 46689 48225 36757 31657 43942 38573 40786
47385 49975 51427 49997 36237 32981 39628 53488 47581 46784 50955 37865 32155 36542 27379 26288 34450 40834 38150 35686 33960 31094 37257 46559 51849 48069 50355 52270 46291 55083 48317 44273 47297 60272 47388 37426 33474 33920 29916 24633 31995 33681 28560 28414 43892 42460 31885 20716 28554 27807 27687 29472 33285 33191 26979 29771 33718 38364 42060 36259 51920 49928 36542 30549 39654 38151 45371 50583 54940 50647 37917 40984 57972 47666 43427 43528 48260 38008 28300 20602 29001 44117 38794 33881 31076 34619 45684 67428 73731 56942 54440 40150 42200 49341 41884 45476 47788 38430 32133 32748 35683 38257 37317 37160 39385 41912 51310 37874 39868 47150 53695 63712 50638 50144 49143 45865 40849 50066 58692 50496 42433 38889 34506 45477 36101 25182
48627 31885 45003 50710 41540 33955 40709 55047 56687 50328 28857 35964 39138 37931 41804 42623 41636 36440 34322 42463 56197 47859 49833 45955 45909 43225 54620 42576 31504 37939 48462 49393 40092 38931 39986 45038 38671 34560 29203 21559 27481 36724 36557 26173 32080 33721 31307 31750 41748 38101 41601 41170 35528 32533 32451 35203 48571 37869 34679 37602 36793 35585 38849 40164 38606 50247 43549 47363 50429 40931 31044 38297 39969 40997 44612 39061 41598 50292 44741 36980 30856 45479 46573 38676 26861 36356 43815 54643 57859 56695 50312 51176 44392 46286 38419 35684 49500 46042 38876 34528 41697 33180 35863 30333 33700 39092 51010 52435 56605 56187 47419 37834 44025 30649 38650 37873 35825 37412 53112 55566 32280 26563 42254 38298 35699 35017
41071 45014 43453 49005 48527 41485 41604 46130 43317 35822 29072 24050 37124 34984 26127 35922 46383 39241 33930 44623 40216 39593 40031 44551 38312 47509 39703 31308 17935 22277 25669 38461 49290 40846 42495 44113 57383 37222 26326 26435 27136 41527 32129 14298 22281 32703 36359 47577 60170 51964 48749 51942 51396 39309 38702 31967 41995 45030 30768 27797 28296 37106 32919 38272 40713 45138 43073 49536 45472 29498 29067 30400 43530 46815 43173 34724 44841 39946 39402 30613 30502 26473 38051 40287 40634 41502 53614 43960 45267 48157 48934 42633 46494 45691 44702 35509 45592 52968 43732 43237 38595 45490 34519 26660 29754 48963 45612 53855 45262 51113 29638 32662 36618 47601 32617 40365 43533 44334 44324 45991 45637 41432 36662 46660 40986 34349
50303 47458 47575 44442 44558 38529 43163 41598 29754 25825 27284 28736 23410 36922 40732 48211 55515 46017 37858 30280 37802 40686 45851 32303 31034 39477 39713 28755 24082 17726 30585 43095 49052 45584 44179 52317 50805 39472 19854 27222 31044 21647 27533 21424 27328 34936 42538 48746 51415 53792 46867 53149 55783 44836 33316 36871 38870 52296 33225 38906 45782 45553 43081 37504 47966 49416 57923 51770 43228 36309 28179 25618 33502 40559 40489 43700 44477 49467 30800 35545 32590 38268 36379 45659 45671 42998 43834 42987 24998 34485 49706 49330 50196 37529 27777 36079 46822 58736 51211 36629 32829 42775 51715 39962 33085 42596 55502 51306 55651 44587 43172 32198 36028 46518 52114 53788 55207 52594 51474 41988 43367 43554 39657 38652 46550 41293
44532 43606 47639 37084 39641 47980 47647 48197 34206 29456 32827 36820 41030 41646 50709 51774 41081 43280 37974 27168 21057 31388 37677 35200 31050 27452 33369 26276 31520 29654 29684 45000 53301 55733 59521 55792 52784 43754 44206 34705 35316 25691 27294 31506 43075 54858 54662 47561 45594 41505 55136 50124 45918 52792 38683 38167 37218 37147 42171 35917 37777 43603 42211 47282 44239 51262 58805 57839 40122 42059 41665 41531 51804 56147 46586 45585 45343 47520 45356 39293 55649 42984 35380 31221 51276 47347 39398 37252 33115 36863 42757 57231 50693 36905 27550 33268 44120 46784 47583 35002 40774 45228 41970 40701 35625 43154 39994 39432 39511 47544 45904 45909 40326 44276 47477 51386 52855 40298 34435 37250 43948 45150 40872 42702 41816 28672
48653 52386 48671 44542 43400 47440 51291 46447 43439 32092 39827 49806 48194 51794 55996 55862 48371 51736 48672 30457 29375 44699 46741 42392 31030 26661 28603 47970 51721 47382 33193 35454 40976 41538 47483 61948 62951 47992 43914 43378 36633 45455 36032 46061 54490 51993 44767 33679 31758 33350 39993 46139 43611 42139 37305 35253 42893 50541 44235 48828 36456 39859 50046 48246 43336 48310 55691 54104 44303 42396 53275 58503 53111 52671 35595 49840 47986 45719 46723 54533 51479 46294 31046 32485 44087 50936 44826 36502 26738 29557 41673 43784 42636 31334 34469 38952 41337 43902 38282 41657 41580 38657 36667 36565 37146 21956 28002 34069 32899 47926 45047 47105 41827 37367 44326 57139 55153 47757 45317 39228 33685 35311 44467 46965 40673 33798
34031 35856 40137 47993 56571 51319 52624 46259 47372 47645 44671 49355 56762 48509 44131 44768 56556 45048 42992 46958 40895 47833 49400 43644 31164 41483 36664 43694 47045 41795 34420 28639 29957 40038 43391 54603 51168 56181 47766 49462 49318 48019 47206 55061 61950 57397 43031 33348 26464 37571 33919 40435 37080 42603 33339 45655 33952 35899 42145 39846 36187 38794 39950 39566 31582 43015 52958 54261 47720 37418 49554 55596 64008 55792 48571 39431 46822 46365 49614 48140 51081 48075 34857 32692 32438 44810 41687 41226 31009 26441 31565 29426 32039 42466 32486 35837 51585 42740 30086 40757 46339 39032 29388 47020 45221 36253 28329 22081 32896 43283 54834 37714 35815 27148 35733 48739 59831 49604 46783 47608 37767 34977 52290 42351 43634 36399
43981 44857 48338 53056 44651 45867 46643 49321 43448 48510 49123 43063 41424 46186 41456 47098 49108 60144 44787 44884 47021 42620 35268 30969 22910 30380 43794 50487 56842 52086 39913 28798 38019 24355 32135 35634 49098 38817 47425 52998 57239 47298 48994 53518 59579 44464 32614 22863 39900 42581 45534 37830 45458 38990 40193 37058 40667 39999 50822 48083 38693 42713 42220 33220 39818 39213 50882 51083 49179 38818 45741 54028 56785 53558 50744 42333 43380 33941 36933 36959 38837 39782 33463 26416 38477 38359 58333 51676 45357 29495 16749 29339 37617 36708 37178 37221 41155 42636 43394 35926 35405 33754 40060 43945 52120 41647 43086 38441 32559 34965 40273 38600 18842 23396 39242 51330 57708 55755 50238 49523 45483 34789 36641 48197 42779 46830
36374 28368 41803 53279 48909 52299 44170 35560 40785 41602 38738 37855 42148 37526 35614 48923 57735 61883 54113 43358 36658 37863 36666 35472 44932 46914 51768 42024 52976 52952 48057 32342 36009 35357 22852 31444 42513 45232 45300 51070 49074 47583 48794 41986 52335 37272 32944 44030 43489 51236 47802 46626 34308 32967 35568 35172 29663 38606 38099 42658 40427 41275 55514 47673 36018 49245 54777 57610 48091 50019 42474 45348 48511 48497 55953 45021 42131 42360 50358 36004 32636 31750 38676 31690 35059 41537 41228 55728 53278 42903 27431 17818 33016 48191 48498 56030 47094 47633 46636 45011 37288 36754 42149 45983 53368 55575 45234 39860 38475 43210 40923 39513 20536 23497 44497 55522 47198 32623 32990 37750 45253 45647 49821 46466 47783 36300
38624 39298 46697 50714 54304 46025 50805 43025 42907 37885 45570 45611 50479 56052 47194 56898 58014 52967 44554 29025 26875 40743 39876 50716 46087 53706 47757 41345 44011 55710 43000 36233 34412 43398 34092 29852 33494 36978 39598 39054 33763 38454 43099 41546 38818 50537 38332 50427 51608 52065 48466 38681 42206 45598 28962 27208 37087 32127 37391 31712 35644 33968 43036 54418 49148 42518 50161 40477 35835 36748 44138 26051 36431 37827 51823 57135 55679 53943 49273 36761 34459 36570 43510 46833 53457 41994 40177 33585 44153 44808 34484 36351 46850 58943 64130 53720 49334 40743 53797 50838 42949 32348 37996 45353 46917 48044 52290 46120 38389 36663 40734 41085 25865 21379 39274 56166 44877 26422 27675 29134 40999 45752 41238 48504 49060 57421
48996 39543 49771 56970 58047 47525 34780 38780 36998 31279 27076 46540 50649 47510 42193 38213 53376 50049 44421 42722 31632 39789 49599 49536 61136 62211 45840 41600 36977 38184 26522 18290 23009 34305 49687 41410 37073 37555 33399 28257 40619 49268 50182 46339 46164 48186 38607 32750 46784 55610 43682 39872 37185 42703 40935 32102 28799 34824 34582 34310 34927 28071 32452 47859 49286 46527 34771 40687 44744 38746 31378 31058 30903 43471 42201 55620 64623 51193 53737 46383 33631 39860 47759 60896 57170 44804 24116 33473 32447 49936 43652 40258 54256 58543 52738 52956 42942 48572 48304 39298 45943 34683 46093 34510 46405 37716 39037 39879 34285 45724 44537 39102 39803 40055 46905 53350 45951 38670 31647 32884 32922 37932 44858 50642 55170 47903
43778 39038 42199 54439 33761 33599 37871 46087 44101 41638 40544 45427 45813 43998 41861 41466 38447 44101 41952 36470 35953 32229 35260 42122 50220 50684 37919 32646 28386 24546 20683 22140 31064 40441 46396 43679 28554 35352 32421 37941 47927 61988 44102 39787 41622 47782 38073 27809 47651 53625 57693 41326 45933 47269 43610 35425 25614 22025 34877 40940 39365 28164 22009 38380 59670 54829 36212 29543 40105 39404 26772 30721 30765 36573 43463 39353 41383 51785 47510 44745 37489 42357 51427 55797 49508 45187 32586 29830 39278 28401 42173 47610 47493 46463 49666 40657 41588 39422 36965 32944 43796 45614 46133 46113 33254 40698 47081 47547 47850 36422 42519 29641 37907 37143 43332 50437 43432 43553 36985 33340 46311 52412 46038 44228 57985 52200
30605 39879 47682 39362 37043 26676 34808 37083 30017 34066 40071 36110 37521 38817 38311 30698 44196 45765 52476 41260 28932 24216 37906 46056 50601 35858 32088 22378 42220 33331 27804 31059 39875 34396 44547 41301 35056 23999 29068 45735 57248 64211 49641 31356 29900 36254 37158 26768 39384 55586 54368 48502 41943 43846 46404 37169 36567 31637 34776 53164 49880 34541 29463 41047 47199 51040 42563 35722 34360 36589 27558 33973 44052 46159 44746 38085 35541 47340 42167 33845 34199 42567 60016 57461 52758 36197 35733 31261 36686 47022 38704 54183 47936 45278 36175 41854 46617 39297 31370 33113 44376 46184 34498 39599 34101 30310 42499 38329 30471 37425 44217 46598 44665 51638 42674 37428 34972 29758 42723 48695 48006 44337 35873 31557 33902 46836
42682 47362 48064 37359 29834 31135 39843 30374 36136 33297 33850 31955 36457 31486 33026 35157 36037 50754 46145 42676 41670 38246 41165 42916 31565 21952 33251 39601 34075 33880 34369 47284 51169 42005 28927 29678 28450 28286 35746 47396 52222 44730 35512 22399 22593 25958 35326 40291 38088 42348 51193 49023 46634 50317 50502 49326 34269 27494 45188 59552 51765 35062 26229 39580 45199 38572 40394 31303 32874 35393 43021 35294 44034 46444 50656 48006 38481 39486 35927 30883 28845 39203 44275 43747 36151 39234 29513 50947 54913 45360 46087 46065 43128 26464 34324 47784 49722 45062 39459 46506 44484 52096 35020 43176 39216 38968 28351 27934 30863 36880 40807 44989 37821 37066 34106 28824 35307 35702 28651 40980 47857 43331 39065 40449 40883 49623
45790 49923 48362 51733 43873 44677 33665 28230 22894 36209 30065 24394 25963 26365 23923 32640 41720 54342 63144 57426 50875 39876 42801 39020 39257 38365 36673 39277 39631 37572 41795 42669 45831 38861 29399 29857 34276 32219 28287 34972 35126 37091 27984 23378 24948 30351 27067 35299 32094 33455 26799 32237 40641 41081 38316 42837 39855 41895 41090 51053 43706 36096 33232 30935 27874 33228 44618 42639 31700 36821 39806 34376 22038 40673 45748 51859 46736 31189 25736 24474 34713 36406 50215 55084 47209 37228 36337 33928 48926 45994 48473 43327 39824 30542 33636 38390 55264 42337 36290 48450 60046 42844 38448 43540 52417 40957 27421 24006 24084 29956 29289 35416 42519 38351 29192 35831 27913 26558 36375 29877 45043 50029 49483 43182 44748 35480
45736 52528 61711 55342 48910 39369 36019 34748 40264 38887 40252 36892 37830 34039 41006 39645 40208 47978 58791 60390 64539 42636 28145 31084 39654 36729 46092 35812 45615 39218 46011 34775 41003 35993 34546 34361 28947 38701 33459 32134 34848 27170 33553 32153 25416 28017 29242 39100 48729 33847 28089 36348 43950 57245 52897 49718 39515 48325 48631 48630 35615 30340 33390 29092 22941 31120 36972 44114 42126 55663 55016 36227 25570 34060 49602 57158 53147 41312 28837 33393 29140 44144 38951 44361 42183 31716 33751 42377 52067 51227 52051 38146 34968 33964 42097 40404 36265 42602 41346 46854 52628 46507 37044 42258 39054 34492 28633 25293 33427 38384 39404 36658 39710 33628 40059 39447 44523 33448 40523 51220 47289 54090 53543 45448 49177 52916
34840 52090 57534 56703 56248 47588 41789 37832 48111 47106 41642 46418 44876 55422 47207 53467 43636 36065 45090 43771 39979 30710 20527 27846 41604 52927 42937 45727 49575 55632 38716 39831 41466 43215 38524 36750 35985 35036 39367 36576 36390 42677 32981 38621 40668 30247 38430 41723 38263 30328 23920 42610 49181 62111 51314 37476 33744 38908 33586 26998 35384 43189 43237 34120 26138 21003 33719 35561 53080 60474 57852 42936 35473 38761 45074 52894 54238 40793 30901 26564 41284 35071 45351 49328 48079 47770 30491 28292 45691 54641 52043 50436 38859 30476 34906 42844 47562 36481 33791 36802 43203 51681 49036 47809 40971 36176 31698 48088 47365 49151 41038 47645 37947 45392 41545 42953 41476 48861 53854 51644 55432 56131 48572 43802 39742 48104
31710 40102 45866 57250 46826 52719 49257 47171 35522 43553 53046 45123 50823 59299 66450 50924 45217 30843 26184 41197 36874 40907 37543 32692 36039 55066 50295 38013 43238 35226 33096 36856 45095 38106 41117 35482 32456 35408 44968 34959 39987 47990 52142 40739 44042 36155 36608 41051 39952 39562 40852 41788 51037 53052 45870 44385 44972 42806 32809 39807 34036 44342 48723 33970 26824 41503 41197 46971 42028 54119 51240 43837 37337 45101 45545 49729 39584 40947 41793 42166 37139 50643 47610 41610 44711 36648 31142 38967 54555 58682 60013 57102 40957 34119 35639 46265 40196 35369 29367 37798 47817 50078 41714 32520 25980 21778 25721 39800 47223 45354 46397 45376 35964 25378 26851 41941 57148 60486 47994 58680 58779 53138 41170 33261 39050 44989
41545 37723 40234 39017 53570 52453 55468 42808 36921 49875 50959 48970 41567 51982 56711 61840 48181 26156 25801 35556 47047 45936 37606 29127 35520 42353 46492 42994 34620 37516 28513 37144 33639 41961 45028 41615 36918 26186 39241 48764 47684 46818 58229 50004 50941 54204 45236 33965 34324 39317 31943 34196 48956 48090 46820 46352 50975 47560 39330 22951 34988 34847 44626 56376 41824 41462 50501 43497 44649 49498 51012 59973 52424 43558 38444 45712 38937 40485 43352 41672 45466 58571 46101 41050 31690 26342 31991 49782 58005 57995 52087 49725 47213 40535 46310 37146 40430 25851 27082 35055 46049 47363 37271 33161 38144 33697 33040 30295 30740 42426 43566 29420 33401 33879 36354 42019 47633 47896 52185 47751 53714 43482 44418 41853 46661 40230
28006 29404 33801 31243 37157 47344 41023 38537 32891 43139 50043 47521 41385 46148 50790 39862 41514 33423 30150 46210 56964 63123 55295 38755 39755 39588 37880 40200 35763 31656 34528 31169 35743 47077 55369 44969 44008 37646 43558 48661 51913 49319 55307 52494 51451 44126 32407 29754 38230 41620 38818 38948 44841 44250 47371 57839 50968 47850 48141 38915 30410 34863 37413 49495 58140 53066 60424 44328 47789 45909 45429 37872 54089 53916 44106 38371 46009 41141 52218 51203 35425 45878 52414 36785 27457 29656 35447 47980 50441 44864 46379 35933 44080 47905 55590 41709 26973 26504 37402 42916 38010 33256 41697 36119 28701 27641 22770 25902 32356 38980 39094 31762 26536 37666 20314 23604 36119 43173 45585 59749 48822 49502 48281 54197 47784 36505
32629 24601 35107 28904 40707 45982 40399 30447 45288 53176 56863 42866 32226 35604 38421 37416 33375 31447 24055 37686 54351 57036 53023 37649 40606 41281 35570 41109 49952 44897 41713 32735 36652 50624 62526 57071 51643 42482 50753 51498 56668 60672 53458 56220 46029 45721 40145 38409 25929 31097 33296 43269 47341 53451 46803 42331 50132 43184 37207 29159 25210 43611 47175 53606 49608 54621 52637 47216 34466 44874 51194 40907 50675 52430 49239 41656 44468 44881 31250 39612 34654 30981 45947 42222 38024 35068 41059 46358 34764 33280 30723 38823 37778 42495 44431 46663 35642 23318 23173 32123 38538 41949 41935 55802 38490 35680 26576 26289 38675 54250 46148 38713 32217 37213 40393 34118 39208 35598 50427 52104 48804 40577 52281 41814 35997 29572
23728 35617 35347 44669 41774 48144 48109 49853 46021 43756 48811 39034 37046 33077 51787 42013 38063 28076 30933 44219 59294 61086 56936 50336 47978 46683 41848 35498 42494 55360 50654 37159 39990 47278 61620 60817 55627 57199 53363 53352 50383 48860 54581 44685 44750 34813 42087 43723 35093 39679 53183 56860 56408 61146 54287 47288 42995 43713 37500 39206 38438 44038 56656 50027 47346 48793 50405 43409 32559 34619 39739 34206 34502 39895 43525 47722 41750 42382 40366 34674 26971 35125 38088 41316 32821 36613 36817 39872 31122 28663 26243 26680 28211 45021 43383 39603 36602 27632 30504 37527 51543 52490 48468 48390 52952 33017 44713 44378 43976 45636 47467 45890 47801 34276 35721 36338 38412 51884 56010 58173 41045 39453 39867 35390 19535 35640
42887 33341 46032 51669 52670 51174 60501 61031 54015 43639 47653 42785 35450 37925 41549 52115 39963 42327 41291 51508 49518 53556 43479 44547 51205 66726 55654 48172 50930 52472 43281 36843 40707 49209 53336 56429 58236 61065 58052 43945 42136 51940 54380 56384 40653 33592 43278 43271 45766 35990 49364 42673 57445 54348 49352 41214 43513 45164 47199 38362 37239 54200 60576 51530 45081 46111 50348 43039 38790 29648 32794 39947 41707 40376 39826 47521 49483 41748 32087 34725 35489 23231 40180 36308 41656 46679 52504 44881 45482 30627 38383 37394 36978 35589 43400 33060 31839 36117 42617 48960 49961 42821 37168 49791 53490 54354 43566 46363 38155 53093 64264 53987 49289 56374 48937 46032 46264 46177 57953 50180 34423 26661 36276 30271 20151 26459
39524 45568 43415 57442 49724 47010 53943 53689 52696 45438 43623 36489 39836 49191 54102 45967 38279 43221 44290 42359 38397 36740 36183 41057 58944 68380 53101 48213 41006 51396 53589 45453 49008 48284 47889 45632 43395 44754 50419 33804 29114 30209 44741 47016 42005 29770 41584 54468 44692 40068 33780 44855 51131 59363 42450 46296 45694 45775 46622 58525 45673 47302 57880 49059 47418 50910 57903 43198 38033 42662 37216 45433 42339 32000 43672 46275 46061 37103 33128 26293 29127 33818 36336 41642 53078 48983 49962 42812 43794 45557 40187 42889 34864 43236 40044 40008 36937 48355 50306 45801 47659 38837 40019 45825 49901 52315 51775 40246 45853 49228 49786 53737 48440 55015 50902 40620 38254 43451 45951 51961 50257 43269 33500 32166 28268 37184
44546 55059 53149 46056 53728 53573 50796 49119 45595 43213 37503 41372 36890 39100 44452 30662 38894 51589 56670 45924 41843 40084 35622 40118 52790 57378 54287 46635 41176 49399 48386 47651 39523 49667 50673 40435 44791 41056 44580 40466 36780 27575 40709 53453 55515 43213 33304 41274 39969 44451 25886 33992 45387 44262 41073 37282 33856 30090 32551 41381 43927 43849 54264 48670 44042 54279 49847 49278 45837 47893 51981 57112 54682 45199 31969 50781 36968 34339 37369 37195 26698 23347 35722 54520 59897 52634 49231 58142 51160 45305 49359 47891 50854 44800 46515 38539 37316 34292 44126 38734 43590 37419 40054 35506 41960 43715 44849 40575 36646 50741 57901 44120 44310 43610 51989 31272 34508 48620 56234 54869 49351 52719 31890 26572 29648 38668
33942 42269 57488 52641 40994 44788 41751 42278 31509 38138 44100 38846 40770 42079 40480 38655 42631 61213 54533 40504 42555 45819 46884 49772 47955 45690 33370 29593 44280 44133 53201 44608 40231 46920 46210 43399 36963 47099 33067 36602 37225 36034 46804 51937 44669 32822 37171 43011 46914 46053 34054 19637 27447 38968 25908 20188 23720 31421 31754 36979 39438 44488 43934 44393 36958 41212 44895 40331 46597 54122 58992 57825 54328 49400 41345 35764 40981 36539 37990 37711 35686 35787 44792 52898 52939 33264 35162 41581 50925 33206 34426 42215 35986 37767 48130 41342 38583 33940 42572 42947 42690 46123 37692 35442 40380 45272 42380 35401 27353 31109 37532 44533 51056 53335 36450 37434 40889 59000 51098 45888 48715 41808 38678 33264 38139 38913
33188 40601 54326 52770 45912 44472 41782 44342 40578 40009 45246 50396 42127 45492 30859 29160 39341 49869 59366 54836 52542 54764 59309 48904 40440 33114 41473 32570 37775 53260 43737 36397 29854 38098 43904 39553 40866 47411 41613 32522 30669 42919 45736 57752 40848 41407 34102 25652 31435 37274 35409 34149 39450 40748 34294 29391 25589 35287 42177 29648 26368 40153 51295 37529 31577 26196 28785 33220 31049 41784 46720 43904 45997 41758 26898 37998 36319 46786 51573 53549 39917 34291 40083 44842 33809 23465 33777 43813 48978 43926 33325 30056 38041 42222 41418 34091 37588 41122 32573 40189 48794 38963 40315 32805 32829 25182 37334 38399 38209 37593 47814 50911 55263 47155 36269 30691 39413 47829 54134 44686 34498 47613 34033 25255 27077 38814
36268 37861 40375 54612 46722 42054 50650 37616 33254 41856 49610 50291 60348 49854 43306 27208 39507 54242 61872 59777 54504 45448 53025 51853 43076 40675 38631 32916 26153 36669 40401 34099 38601 33976 37617 37464 43010 46029 44704 26479 29028 48826 53836 42160 37802 28285 31720 31768 37200 38972 36971 34241 31890 35629 31616 35826 46789 47178 42210 40004 29823 30841 44073 47465 35840 36870 37018 43206 41369 34134 36230 45270 43919 40638 37053 31430 33590 42790 55230 50521 46224 31033 43895 44144 40612 30730 29206 37545 43013 45055 39593 30220 32985 41484 37652 41569 51680 62081 53506 47265 54533 49643 36810 31529 38133 39773 42116 46964 38546 27911 30974 40994 50002 58371 42525 28891 39226 50682 49239 48258 41834 43279 42047 39345 33402 41145
35464 29527 34210 36560 46134 52077 49931 29967 32361 50814 49523 50656 56597 59239 46221 45949 34168 38646 47539 41815 43272 48048 50531 46139 36738 47731 46914 30506 25003 34357 35229 32437 43116 45760 52546 45197 34130 42418 54033 41972 35598 36331 49412 36418 37078 50371 42580 36731 26899 23712 28584 45209 43157 42488 52463 39003 35686 40142 34668 39613 38817 35283 40431 38823 35847 40746 50978 37607 32496 21511 19421 31370 36880 36517 45131 33105 38051 46320 61690 50474 39357 25735 27169 38945 37810 33304 43296 36647 42134 38122 46109 42366 45719 40277 39403 49900 48294 41736 48810 50298 39962 32044 36380 32598 36534 38907 36801 47294 47917 40516 36177 45343 48886 49353 49419 40305 34112 39367 49323 52638 56704 49089 57636 46679 32152 28550
46674 32650 41960 39660 41236 46663 42331 28565 33002 37088 41115 37887 49077 56281 55274 41628 36146 30649 38024 38995 46748 45283 39679 40853 57367 54644 41731 30986 33011 36826 44516 48846 58368 50990 39769 33136 33438 35086 46471 54815 50777 43075 41209 46508 31901 39455 39427 35742 32869 34223 28220 35030 43507 31697 36940 44702 36612 29891 43077 51830 52277 40724 29026 29111 38293 37868 42383 46941 37226 35908 35929 39458 45909 53404 47033 44789 39409 50113 54071 42673 29353 32501 38280 49393 50377 44238 32487 34547 44941 50183 54718 47898 42149 34381 43774 42227 46476 45760 51092 43776 26783 33483 38120 46839 46469 47834 42079 36761 41745 34706 30566 34724 48534 48588 32401 30753 36290 45642 58042 61591 50940 47227 42248 42984 39004 40818
41638 41583 49884 42685 35838 45353 38608 30676 28996 43864 38608 38325 48170 45597 33735 32421 30093 25532 34923 38946 32696 42046 51613 50705 53048 49530 38193 31716 38013 40995 47971 40951 43887 34032 28524 36423 37036 33345 36454 51027 52436 40176 33492 37789 40865 41778 41430 34617 24275 35273 37621 32161 34590 33057 33022 38690 39442 35954 48247 59946 66343 49469 33447 26671 22767 25205 29037 33565 34115 38189 39887 33674 44119 46240 56924 53998 53418 47149 49300 42263 32083 32005 45980 46980 43733 38304 48121 48952 54711 49038 42860 35664 27639 31918 37857 49578 33321 37943 49978 54073 40009 30722 36344 39446 39568 34330 27223 32833 32624 51988 53071 44618 34542 39386 46538 40241 42155 40148 46225 54543 46918 44158 41254 38803 35315 42188
39763 50235 41478 45273 49283 39166 38646 44566 53584 48849 47482 45836 45036 47409 43310 33424 24137 32397 39558 48282 43400 45601 45621 51364 48418 39508 24141 30009 39110 44936 48844 47896 35147 32656 31688 38128 48874 36586 38718 39824 43232 39617 43535 45982 42302 33973 38784 41574 43771 37153 36458 33331 25889 30117 36932 48439 40848 41985 54748 58919 52406 40217 31300 37347 31846 30363 29169 35660 42645 48369 51358 58142 54563 52005 55279 58693 54619 42828 38965 44050 52819 49916 41029 45035 54236 50998 55767 54240 46858 50803 51353 56022 37165 35202 39391 48887 53360 49855 46129 37646 31128 28453 33671 36735 33229 37566 29458 39747 47974 50054 49569 40070 34466 39967 45500 43408 35782 47716 49415 48060 52499 36331 23310 17018 32747 47826
39057 34437 39514 44736 49464 34443 40681 46700 56950 50313 48436 45745 51670 50957 54957 38554 31560 32417 50439 49260 39867 33728 34606 35199 33201 40124 43689 33821 35306 50838 45216 50670 38313 35147 41038 47480 42689 39582 40738 42971 39456 33906 40902 44227 44325 44594 54296 44697 40749 40501 30601 34169 27670 33921 42032 43032 52611 52873 47364 54420 56270 46980 41340 44375 40568 33437 27122 34360 43382 42318 47038 45700 53623 54448 50168 44288 37282 37636 49061 58448 64399 53290 38766 34152 47369 51985 58903 64027 52762 54042 48836 47589 43907 39124 38866 49167 51839 49781 42547 31864 31419 35754 28780 36323 45990 47595 44844 41347 47105 47610 52255 48171 48476 57404 60939 60238 50917 39149 45016 49973 48112 42722 31571 29590 40288 44925
43962 36066 43059 35419 24356 26438 37218 43842 39102 45519 53546 44816 48924 50647 37147 42242 35009 28974 33228 53780 43395 39951 39628 39335 41520 52345 46182 38781 39692 41415 49125 47873 53724 49317 34387 38265 36346 31352 37514 41339 33189 29999 45996 58784 63037 59360 42520 49031 47160 36153 25701 29070 38346 34322 39626 56355 62673 44404 45227 44901 45381 37682 33862 45712 54030 35779 37396 44158 47669 45542 45760 47821 46665 37376 41271 41038 40445 39688 39055 51765 49694 44150 34871 28433 31021 43149 46783 49204 50307 56002 51015 38214 36642 39158 34480 46183 59161 50728 33350 21185 27883 39202 46114 40160 53655 51970 49643 45813 42296 46724 51746 59787 62240 56219 57035 61202 57123 47370 31302 40934 44620 36021 31962 43632 35205 43156
47600 44178 34747 31901 26986 34352 47322 34648 35573 33826 40526 39960 33228 42012 43719 38521 46009 43734 41692 51938 43438 34420 37102 41826 41005 46748 58414 54258 45979 36371 42378 47303 52835 48103 43887 32745 28270 26030 37074 32499 32280 39001 48973 48058 42048 41371 48092 50572 51884 41443 32396 29055 28235 32912 40890 52082 50622 55239 32006 46137 54075 41815 34096 47609 42088 30520 38922 51681 49493 36781 33535 30902 37894 43668 34504 33379 28566 31564 34144 46243 54116 51341 38587 36889 32110 42721 48236 39276 37534 35600 40115 31476 32452 32409 31992 38090 50508 54781 41021 29740 37778 45334 45133 43297 49708 48549 46614 38034 45863 45027 55707 64973 60519 63027 53872 56866 53003 35467 32766 31918 37167 41708 41351 56761 55811 43755
49077 41404 40191 40861 40219 48578 42316 31252 22060 40762 30756 42052 48903 47279 44656 48962 43546 43121 43187 41618 36139 30250 44453 52879 52996 43939 45990 44043 45799 38797 38671 45362 45251 39353 39969 47271 37697 28038 23497 34191 26890 36140 41447 46723 45091 50560 38997 45573 42251 42186 44322 42991 27616 25061 33239 44460 49107 42210 40697 45136 48541 36785 36077 47154 44096 39282 43116 46066 48428 48418 41691 44586 37907 39000 36037 53009 45717 34300 35279 41195 50316 43057 27994 22934 44589 32379 40584 28567 34862 39601 39685 35120 21503 21579 22465 38214 43453 46763 54020 58312 47677 38896 39628 33551 35787 37509 38507 40945 49912 60817 64737 56290 56600 49739 49532 49986 52878 40995 26102 26326 29693 41139 49107 52573 54164 33423
31131 27162 33671 43000 47843 48217 41519 40272 42944 40773 49879 48748 51734 48059 39648 49039 54001 53954 52478 37436 28607 33138 40732 50356 57890 40519 40954 54341 52165 54823 42797 36822 36363 44311 43189 38641 36097 29234 26995 30026 30543 42340 41241 42945 43972 39228 47613 43875 48941 54492 54837 51218 43791 38909 35962 33031 43338 42076 38149 36765 43191 40447 50368 43848 47598 48734 58514 47515 45685 48315 45424 34728 51303 44223 43299 40285 40929 42349 45374 51265 53330 46213 40164 42473 39570 44849 40850 43957 28946 31028 41798 45635 39769 24731 31205 31637 43532 45476 53273 46839 39545 40307 26750 28859 36843 41331 32870 39907 44043 54721 58476 61643 51162 50026 41603 37879 43080 36780 30152 23834 40096 48852 57524 65474 62728 47011
30413 32431 40782 45610 42698 35415 35202 26883 33534 42220 38289 40688 43012 37706 34801 42856 58807 51152 43163 40870 37214 37852 47416 48646 52527 45640 32205 37157 49775 58206 53848 42607 33310 30425 31058 36947 34879 40989 54604 53835 51262 45973 52960 53489 50890 51597 49797 46955 33343 45426 50849 45667 47443 52777 39016 37074 31687 49394 51043 44813 39861 59835 66282 59443 43625 40589 37941 40587 42458 47477 44551 41733 40785 51525 49565 44648 42516 47535 57130 48592 48973 44328 34944 25571 39056 40760 37328 27487 17314 34061 39371 45432 43585 36190 32076 28360 30767 42467 48454 45408 39228 32060 26340 31476 25842 28510 28964 29938 33476 37375 46050 45698 44900 34924 41413 41570 45312 48540 32496 28525 37919 56260 61444 62168 58529 44559
25629 36880 44900 38334 30059 34441 38038 40006 43480 45875 41832 41800 42615 32987 18248 25674 33559 45743 39038 49378 50844 53923 55064 58933 44009 41501 38729 39118 43692 43548 47084 39563 35159 33307 32665 35769 47326 50102 52812 45161 49353 49196 49097 49896 45262 45387 50526 45618 39078 42842 36829 33266 43595 53696 50177 34490 34557 44111 49597 43249 47692 63662 66359 49723 34323 37215 37468 37581 47098 47857 42792 43422 42901 43473 44332 38043 39198 43566 57123 54517 45999 40835 49798 47112 36170 47109 37564 26757 33348 33095 42192 55050 55576 40219 28008 37109 40349 52070 38152 33580 30232 31455 28204 37872 45760 43175 35979 36684 39173 33192 41910 44032 40735 32270 37698 37322 41061 43132 35214 31073 39970 39179 58665 64779 60844 47743
32320 31073 43735 42215 46411 48823 38320 31390 34343 36001 31789 42534 34018 24443 14054 19180 28025 33065 41974 51891 46733 57482 56994 47088 56743 46770 45827 40344 40667 37239 52101 44971 37754 39716 41672 45278 53029 53784 42734 46244 48397 52388 46390 32724 30659 34056 44053 47975 47266 39803 34724 37325 44578 50880 50144 35760 27767 41639 48582 55051 56120 56034 54276 47959 43696 31755 30579 35338 39593 29393 34855 33030 35259 33014 39794 50805 41570 39024 48298 55346 38669 37309 32155 33427 31676 21142 31051 23340 30714 42275 46006 45649 55641 50830 46178 41372 39640 33151 42301 23786 35494 47279 43976 42835 52704 52707 50770 42827 38876 27670 36444 50134 43225 34830 35968 37738 46378 52971 48198 33167 41925 42392 43865 57808 54097 46489
33515 36751 37913 46194 52270 51312 43941 35496 31993 45349 45718 30231 32517 29826 25732 21618 19573 37934 47261 51561 48449 44065 49729 46435 41777 46143 51781 51636 48788 40450 50500 50564 43663 45669 41862 37373 39949 40148 34665 29342 46279 42421 32209 28467 26250 22522 26625 32711 44705 40898 41893 39261 55117 65077 46822 39690 40775 38329 40592 44540 44180 48869 45685 52890 58459 42922 32437 44692 39137 38503 44940 59669 38369 31915 29535 41618 41871 33500 41174 42778 35303 36659 45376 33584 32676 32461 29345 40048 45157 48041 49256 46863 53762 44719 34185 34758 27351 31062 35906 36240 32123 43377 52754 44862 59178 65658 65300 56724 36820 36592 34820 46686 40028 34028 27749 37147 46998 53519 44602 36804 33813 35391 36200 30736 41542 53437
44640 42916 43045 45529 46017 51944 54256 37240 32495 42906 58170 46381 35505 34306 38780 26292 29722 50067 63010 50075 54284 40645 35943 45287 49168 46828 35693 39525 35668 36432 29971 41350 47480 35647 31651 35696 34210 36365 41940 44572 49053 45436 39703 32623 35415 24207 28471 36885 52596 49047 54258 56852 60653 57275 57646 36793 46897 46038 42643 35490 41140 35664 43372 48381 50976 45090 34232 31856 37776 33734 43849 50703 48695 37971 37562 39029 38646 34601 49417 44226 40034 40837 44109 36677 32599 33369 29364 31633 40306 40070 35282 44097 40052 49503 42351 43344 30778 22906 34390 32317 39428 49137 46378 45863 47751 55731 52407 50883 34106 29534 35844 35326 42056 38574 36402 34558 42993 47836 53071 41040 34084 42779 35406 34027 32679 47209
52622 40890 35648 37635 44040 42091 41011 52746 41790 45918 50182 46269 30333 35176 37394 38652 39904 56724 56710 52256 41220 45956 36618 33627 41611 38607 32404 35138 42377 37251 33388 39017 45484 39036 38456 37456 34250 29861 33153 42778 38488 51015 47047 38491 30926 28326 24424 32228 32615 41306 45050 46844 45954 51478 48276 45370 43598 39135 33521 37578 37432 45527 56982 56035 60702 49426 39789 30282 32006 41470 46254 48604 50666 40369 44485 37401 32325 36026 43649 55053 53499 60486 58215 54057 43774 39238 39590 35493 33454 45407 43829 46747 42061 41442 41914 42908 45253 36957 34493 38012 35458 42674 36802 35212 43510 45748 43053 39477 34549 35364 29442 33212 35230 42249 31060 22515 31259 34767 47023 48202 38722 41605 48780 28473 28581 37152
55368 40321 46170 55190 48028 40848 35495 38649 46177 46480 56194 57744 40428 30501 28860 34824 42417 50297 47239 36257 38790 44548 48310 53698 54501 46306 31105 18501 22923 23825 24577 32719 33309 47257 46959 46756 37309 44972 40223 39539 39368 38035 40035 36210 25151 29652 38571 39004 49240 45413 42844 50849 41559 34824 30098 39315 34003 33131 34473 42560 52148 42161 51575 59158 47062 50157 42017 23185 18392 28343 44896 40929 43972 44007 35431 29238 21956 29313 42578 49536 56792 57317 56950 43783 44113 41359 29293 30465 21255 41995 34028 29175 27165 35267 51541 49077 45240 43903 42022 46350 44675 45276 34391 38786 33490 41860 34788 33477 36157 35197 51291 35058 40715 41712 43474 33406 37705 35342 41053 48893 54034 51497 53052 49273 31765 30705
49243 53905 38131 42078 41893 32524 28082 40614 42876 45645 43914 51439 46810 31626 24387 30981 33933 40936 35678 32750 36756 40487 51453 48212 51940 46830 39035 30530 30179 31436 28442 22286 39985 55820 49177 33483 38514 38554 38667 43356 39024 38189 41761 39653 39202 32319 38997 41603 41392 32596 28563 40280 37616 22222 20296 25691 37515 33710 30497 42125 51897 53178 50775 50163 59007 47566 42548 31234 36744 47522 41490 48331 38650 39700 22076 25971 29619 38777 29810 44043 49456 59147 47234 49943 40603 28045 26033 24890 32369 29785 38965 28099 33370 43220 50922 54095 45370 35001 35363 36338 31739 40594 29031 38676 40909 31392 35697 41794 38248 43387 45327 49050 34549 31797 41899 44660 40061 34261 32944 40804 47233 45656 45220 43596 37128 31577
50315 44230 45079 38267 53178 43995 38257 31193 50940 39155 43881 49436 60773 49016 32058 34063 45032 42126 45552 49347 46185 36065 35124 46687 42887 43045 40447 27147 25432 25356 36332 39002 39432 44860 36939 19242 41830 54599 59084 56278 63187 49083 41163 33546 35167 45280 32526 49049 42521 35864 34707 33812 38077 29945 36120 38206 42297 42325 42270 42451 52816 55714 60360 47784 52103 62664 43069 32192 38867 41009 49118 43285 46603 38184 35101 24247 35134 42061 38919 33664 37006 37692 43693 33396 33150 21833 30462 36064 28401 32653 39217 38957 40830 50421 47330 46204 45021 44927 40460 38167 34449 39055 52231 35896 34789 38846 31866 45083 37771 38186 47755 52840 38620 41317 44913 54133 42788 42177 34995 38689 44117 52261 38622 38780 39521 47614
45134 50638 39006 41717 44461 42525 38059 46279 39141 39505 41815 47879 59091 53382 47125 45313 47862 56087 55503 49111 40416 37604 36792 30217 36801 30642 39775 42784 32670 32601 34935 40570 30603 43438 44744 38300 31015 44736 53044 52076 46820 43548 32343 38966 45692 44076 43452 38480 47412 45883 44020 43022 36592 34593 39722 49510 49452 50919 43970 44383 45814 51150 44320 45762 44541 48676 41019 31223 45814 59703 54168 52505 50318 48408 46874 48818 35241 48143 57273 55147 44137 31638 37538 46998 40944 33583 32686 33966 38156 33815 41819 46342 54684 46081 48671 58614 56617 48204 32635 26479 34950 35415 40307 44964 34173 30498 32849 35479 38633 36085 39377 48965 36864 34558 46453 34968 40881 47299 39163 41939 36980 41281 39653 36354 34600 39573
43280 47614 43545 46094 50468 59570 51682 37092 40857 45048 41616 41792 54356 53831 40010 52342 57316 54682 58250 48379 48377 41984 46313 34824 27776 28419 46344 43014 33627 33146 31287 31821 41488 41168 46092 40351 33824 31679 47991 48750 45600 40384 39686 41189 47463 40115 37015 48975 49667 46759 42054 36280 31473 30152 43108 55776 47329 30929 35799 37505 35240 35471 32637 37823 46183 44874 36177 40319 40471 47846 48683 48203 50865 44716 45312 43840 43205 46411 61158 46793 43350 38778 42215 51738 40126 26088 16301 24425 35166 49021 47724 47008 53454 65555 54968 61080 61537 55140 43128 40833 33995 36778 30278 35388 41274 41312 33148 31494 31765 25724 28421 34028 38379 42377 40168 45501 43250 53775 55257 48322 45630 36120 38882 37886 32450 35190
45409 41547 41970 43530 46436 35650 41228 41506 32662 36853 38294 38649 36455 44579 36047 41089 46191 41611 34574 45682 41630 37478 36231 36006 25896 32341 36619 31572 20289 34980 37876 28432 35532 43394 43997 37506 30114 25188 27520 32691 34332 29212 24466 33652 31469 47566 40368 42570 47559 56394 46290 49885 42648 34610 42494 41387 40002 41354 47301 52923 46173 41679 33741 36688 45724 52116 40919 40540 53255 48288 53257 51180 39732 46763 48771 39608 39615 51179 57021 49298 32499 38156 48522 53146 44668 31453 26339 34123 31429 44785 38783 34903 39130 45759 48562 44833 56869 41741 35394 42960 41786 31485 18847 31401 40051 36894 36230 38288 39441 45305 43207 36322 32650 26800 31862 30245 48413 53590 54432 41116 33657 36594 34926 41616 38673 38419
45319 56126 54338 45271 33384 32962 39871 51764 44616 48352 47559 42517 36881 45085 45933 31423 35625 39242 35235 40579 32741 39287 30004 36166 37105 26990 39229 34130 30519 28798 42263 48896 41761 37764 43140 40327 34239 34579 44400 54011 50388 32087 28502 30252 36495 35156 47146 41482 48232 46294 52517 38971 35960 35407 44997 47919 40514 49316 55899 56314 42207 40147 35627 39847 40018 46548 45246 46449 45846 57876 41586 33978 23125 33171 42784 49488 48773 55153 37009 34335 38843 46351 46601 44058 40199 31717 30705 43656 52551 47056 52606 45384 35995 39514 31766 38785 43229 50525 52402 55400 44661 32264 29999 25807 28018 41417 33048 39295 44466 55423 46302 39527 45280 38593 32888 39189 46060 51955 61712 59921 53632 42532 54854 48001 32399 47594
46719 55455 46664 39144 29916 32079 38687 46302 52115 43379 44114 38135 45931 54967 50329 39079 28387 27011 21469 25449 37703 42583 41272 22753 31249 44055 32759 29167 28665 36393 40952 41918 46335 40377 28838 36181 52756 52100 56314 47635 39520 32719 30007 24296 25341 28451 42943 41498 48354 42507 51463 50426 46408 46058 37899 42158 51542 54593 59091 53015 49440 48096 46558 45775 41846 47855 47377 48176 59290 56354 49031 37624 40790 46603 57128 54810 60700 38686 37308 30309 34316 32833 41361 40116 45846 40776 44477 57327 56237 51731 40547 42186 31133 24326 34786 38304 50971 61536 53280 41451 44998 40695 34667 33267 41348 34756 36256 26517 45552 58436 63410 51042 39866 39049 32752 35181 46810 53752 65513 53448 50829 57341 50278 48709 40296 42238
38737 45809 50668 46872 36863 38692 48665 39252 43921 52239 52087 48035 49969 43744 40772 33603 35988 41899 30686 26020 44919 41273 38639 33154 37568 44449 48180 32732 26635 37670 36370 35886 40775 34383 34160 43245 60847 53106 48811 51734 36369 29228 37134 35205 26726 34151 41450 57696 42013 46957 42060 50262 40692 39401 44941 44620 51928 56940 45148 42218 37629 39738 37315 27929 31647 29573 38962 40815 43550 50178 38840 40763 40399 36694 48003 49248 43229 44098 29493 37969 47392 40711 37922 48213 35461 31818 34308 50982 59432 49723 45031 42427 38755 33372 31293 41631 46521 48953 51597 52817 40294 36815 49861 48293 51511 34791 25475 34837 44077 45640 41539 40289 40226 29788 42321 45988 46861 51609 59864 48035 46832 54035 55284 46118 47667 52146
30928 42732 43530 42248 36488 42935 51026 44213 49978 62514 54900 36353 46731 44434 35806 33734 40680 42687 34604 33154 45450 52957 37467 31180 35674 45918 39530 26799 27831 32982 33109 25824 26643 28801 21329 34394 46489 50059 32063 31798 19476 20839 35110 42013 37929 40154 47534 47156 55874 43853 50985 51121 49800 49750 46544 48256 54890 57824 45780 34085 47403 41385 43932 40726 31967 35220 36051 42240 48230 43322 39125 47065 50647 45870 40513 49149 42250 45400 56134 48741 40505 44091 38360 30306 28602 21850 25728 40649 49085 42281 29872 34343 34869 38664 29511 40554 54159 50078 42665 42523 45717 52698 59687 66312 59389 39506 34093 31782 34149 33056 32810 38754 35633 38693 40465 46601 48053 54015 54983 42833 34877 41463 49030 45935 46785 44606
45360 34573 47364 47941 44507 43534 44003 48054 51194 50561 35526 39570 39372 40399 39009 35237 47379 40322 40022 43187 43989 38652 31125 33069 36468 38913 33782 34320 28930 27934 35932 26816 22545 28927 31895 35473 42827 38728 32171 27694 33245 30109 39043 37035 53069 60100 61649 49944 43602 45703 41511 42222 45284 55176 57188 43681 40227 42478 38950 31649 36676 47414 51499 42491 30432 24480 32727 43396 42002 35336 29060 38565 49653 41772 35408 23817 31049 40658 39937 40295 27623 31133 35944 34550 32532 31801 39103 44012 40076 28440 30745 26064 53008 45483 36017 29439 42958 43610 45327 43143 46501 60565 62066 62919 48670 44326 40766 40293 32765 29234 40757 39775 34764 32684 41361 41838 52035 43959 46351 36689 38466 30428 44500 43338 41966 46521
42974 51129 48963 46456 42316 30747 46118 56628 62915 53531 48057 31974 41188 49163 43130 47272 45829 47337 44299 57876 48991 41045 30407 28995 28846 25686 39025 38200 41189 40892 38843 30114 23554 31282 37171 35853 34420 41422 33934 34574 32798 33883 35267 43577 54769 62475 42777 44990 41728 39060 34600 39812 44019 50833 44263 32414 31140 46207 39840 29775 33224 38380 44559 41732 40682 39711 46440 47980 34026 30978 29550 35275 48458 43678 29355 17436 35260 41623 50917 38678 33476 32048 40789 39800 35588 38401 39368 42083 44775 33636 27270 32059 44196 47180 29791 23336 24837 45344 39779 38480 46439 58624 63396 58020 51938 38544 38522 41308 35504 33707 48066 39842 34643 35497 45354 39374 38556 48233 47088 44330 40230 47603 47233 46327 34193 28961
54197 41649 44059 47882 39857 40100 38095 53661 49582 50411 41926 42307 35354 47223 58501 50763 45570 39805 46374 46168 40607 25065 19387 21007 24981 27032 36082 45833 32850 30083 39225 38003 42982 51039 41721 37598 37884 37121 40859 26687 36573 40156 35745 49895 58825 55340 45109 27010 32985 33814 32637 31737 42462 44095 40770 25218 31015 36538 37376 38464 34886 46629 42852 45922 45043 47221 41295 39460 31992 29459 41048 34531 32130 31652 30569 27270 30223 44295 37109 38940 28869 26605 39169 49307 50710 53208 49236 47099 47467 48864 35037 36612 42396 39811 27084 18850 23302 36350 45969 41810 38551 57948 50192 51910 52178 47792 42198 44512 45553 39990 43693 41475 29154 16988 29055 38168 44493 45276 36009 24607 27199 44659 50515 45763 31825 21315
34985 40385 28514 33149 38241 33637 39879 56460 65945 58014 47202 38475 38227 39289 43779 52312 39107 35472 51419 57737 39058 32489 31642 39211 27737 30637 41797 46386 45809 36245 44160 55674 51088 48665 48568 37140 31488 42950 32398 33129 33749 48307 53677 48916 50032 44638 34725 37044 39937 37197 38813 38007 28152 37147 42926 40742 36735 37858 37770 43379 55255 46285 40094 42291 44598 47199 47148 48890 36643 35099 34834 33321 39576 33585 31164 36371 46378 49715 52566 41509 38167 37865 40291 49742 51589 46200 30357 26591 47384 53282 50679 47236 42939 29884 27109 32217 32866 36964 49665 54829 49563 34933 45433 50386 44235 38839 34774 51364 53416 47130 32786 35258 27524 21445 27404 41213 49838 47457 42163 44393 41706 40883 56348 49916 39033 32358
28878 34065 27164 27960 35455 39098 34784 49754 52430 56508 41864 40164 46580 57715 51527 41482 36122 42035 45841 49392 39831 37944 42685 45382 44726 29866 36562 46721 45915 29725 37288 42123 56201 58791 60461 45860 39256 36256 42944 22971 34398 47636 48687 54020 42052 38668 31867 40355 34801 40466 34966 25276 19419 33931 45537 44780 24589 20978 28512 40594 63568 50360 46595 42212 55837 53830 49598 45621 47177 44575 48522 36302 31113 33267 39236 42029 46887 45106 43848 40369 39898 33613 42548 44323 44275 43115 41544 32339 40156 54844 58509 49242 41731 29066 29271 34512 39763 45088 51857 51513 47735 47665 38681 32029 35654 32376 43835 57459 53949 39462 36002 33241 37611 31089 27991 38741 45611 44248 43448 40727 46549 41955 45037 51513 41139 37505
28360 28782 35027 34917 29617 45958 42434 42579 47637 57349 54347 41502 38936 41549 43926 36100 32985 41267 54338 53678 56903 55802 50366 40026 47035 42067 35808 52620 56267 40393 22799 43078 56795 61966 55314 44018 32305 36464 48864 51613 45435 47756 55575 55927 50508 31744 27483 34786 53596 48915 35309 23932 24748 45216 54217 49090 49993 32775 26422 35941 46064 54433 48959 48716 48666 45685 43634 46651 55255 53714 43873 39731 40147 39968 47986 37883 36182 36170 51429 35523 37831 44255 40344 29680 38801 42286 47827 34782 41536 40353 50644 51198 44203 37713 37711 36079 41457 49332 50414 49723 50801 41483 36993 35088 26297 33474 38946 44601 45018 49819 44869 47173 40272 45759 35462 27201 37406 47739 54663 48823 49923 50594 44528 42137 47407 40703
33060 43933 40743 28993 31436 42902 45998 33806 33422 45373 49939 51967 44269 44777 43745 36665 37565 45396 45921 46648 44903 39754 36961 39748 46916 51575 37946 40056 48239 43632 38931 39054 45462 42041 43344 35531 32144 40023 46122 52165 42991 42201 50135 48096 49485 35771 32632 38289 37176 42653 49010 47281 41256 41124 59248 57951 40966 33892 27874 24088 41596 45460 46450 48873 51935 50725 55645 51472 45131 41421 44322 27917 26671 43267 38387 33248 31596 44432 50142 40230 35546 43608 44338 27504 30520 50420 55368 50174 39380 41308 39958 39314 35469 38358 43744 35070 36930 45604 44190 34585 37741 46901 36148 30911 23319 20983 36014 47913 45784 40907 39082 40682 47984 46005 50741 40059 37865 48442 39898 37168 37916 42849 38412 43464 50710 53482
34960 33796 32935 31521 47064 56968 45792 30111 35691 41343 45605 36680 34509 30584 25512 30103 41443 32157 38565 44024 45374 40010 42643 48421 49030 42863 37463 31534 38671 41752 31938 40207 31831 39846 38589 35028 25367 35885 43903 38433 48926 43809 45577 49685 52462 44090 39012 35879 37498 44013 57807 58879 57614 51903 48042 49126 40143 35530 41172 31235 24775 35921 37724 33894 35703 41346 51381 55397 51079 43461 40089 41220 43068 49852 50994 40009 35373 44778 47878 40353 36541 49425 48631 37604 41326 50728 56663 56814 36347 31427 27532 39616 32316 43947 43048 42422 48326 44521 41221 43073 47669 32400 39108 33044 41081 47697 52289 49002 41669 30954 36888 51088 53659 53860 53616 43911 40494 39611 51903 35868 27778 23381 34616 47463 49536 54300
58992 37731 41154 33554 48628 49019 36790 29799 20945 30635 28632 34888 37681 28455 38947 45219 50440 40261 42242 48210 44246 47596 42199 42244 46258 44372 32217 30707 44296 47153 31879 24347 36445 46097 37862 35737 42918 38043 34780 35412 30671 40178 40795 42708 39742 40641 46257 45175 36373 41487 48421 49218 55012 54474 48092 33450 29998 35535 41981 29889 25903 27606 31210 31212 39118 45536 44056 42514 38686 38676 28538 32835 44192 62434 57068 43394 28704 45904 46141 50465 41365 46827 51212 39719 34285 48587 51474 44181 35956 25014 29556 33758 37638 28938 39303 48580 51391 50713 45804 43811 46433 30529 23619 37409 35907 45949 48309 57493 48215 39376 41624 52512 59856 52740 39131 39792 32598 38560 37385 29147 17003 20954 31470 54729 62552 57596
59524 56386 29768 33897 37280 44984 41894 39057 37058 23351 36812 32565 41732 39134 30866 35835 41711 43759 41631 44135 48062 44564 47332 49290 39076 36336 31977 36869 38836 41560 26648 29729 41913 46251 47863 42371 45148 43076 31990 25160 36527 42337 36289 43566 36219 49816 42878 41032 37494 33591 39864 38930 50128 58546 46004 29982 27439 37124 50575 40638 22741 25728 27234 31596 35835 34612 40626 36196 51162 53029 52635 47345 51957 51980 52692 41936 37272 37229 47849 41694 57946 59781 41408 30696 40315 51796 52089 50531 39191 24936 24337 35163 27048 22527 24064 35987 38919 29823 45924 45257 44724 43588 39385 38894 37736 47952 45214 40930 40814 39501 45105 58970 61894 43320 37136 26043 29186 33466 35629 30165 29323 32968 48684 64118 62801 59399
55018 50097 40943 27119 33009 36914 46870 47679 38510 33580 25498 42850 40845 38538 41903 46031 56937 50124 31523 30918 42542 43267 45586 42845 39033 46592 40400 42390 53338 48383 40956 38098 42343 47858 32091 44802 42766 51626 37157 33591 35413 51390 36449 35333 37202 29776 46890 38347 42028 44575 40671 48434 45286 43842 45558 34320 28354 33599 43188 45211 35237 40894 40894 45457 44500 41824 36542 37175 47253 46360 52398 46947 48141 45208 42473 31280 41010 34424 35858 43666 58218 55156 53296 38600 44778 50026 47970 44558 42160 36169 38165 33044 24862 31824 41143 29949 33645 30034 37963 47778 32127 41932 35838 31035 21775 26854 34570 38289 48126 50128 47441 45502 45804 31083 29618 38218 28049 26375 36482 35362 29944 46782 53018 60896 61438 46644
47977 50273 43555 39026 40612 46049 40074 47879 37130 32422 35412 44718 40972 42767 34812 49098 39715 39162 22744 16998 36849 60448 56907 47990 46817 53365 43081 36526 41023 51127 36323 46235 49095 43363 36187 38396 52380 59715 44606 38015 47504 45569 48296 47770 49961 48203 41381 39521 32371 41199 51255 41896 43659 35180 40291 35241 29872 49041 54998 54842 47298 37716 52216 42183 47570 50058 39162 37752 48248 57259 51322 53434 52102 47314 36734 34262 34837 28559 21076 45954 64315 55964 43415 42879 39467 33226 37823 42859 35505 35151 27046 27850 32424 40777 45712 32511 26593 39378 37282 38575 42692 42079 48308 32307 37665 44428 35724 44447 50054 53892 33802 35162 36415 38521 25705 34171 43911 45071 48106 49705 34378 39955 46602 45617 40064 33635
38802 39457 41666 50623 41895 45190 46282 47376 41531 34581 34561 42029 51177 44798 40499 45889 53257 45393 38459 24999 32275 43885 57033 45683 40186 36002 53824 50726 52355 48587 41441 39579 45672 41293 39693 47075 47238 38583 35443 34124 35752 53545 45484 43842 48991 57490 52881 39841 39359 47139 45037 44820 44714 44708 27656 38834 50277 54581 56561 43816 44548 44729 51783 57909 53438 52167 45235 45173 49111 56444 53646 50650 49579 45731 46672 52420 44601 33474 25984 45278 50307 53648 46608 47810 43361 44921 36420 32053 28182 38341 46582 38049 44062 57534 45392 27045 30081 38417 36206 26584 40967 45612 38105 43610 38868 36426 31065 42850 55781 49714 36732 32658 29399 30387 30248 41524 38713 46706 40591 36743 28081 23580 30422 34568 32271 39757
45968 44626 50800 52536 46768 44131 39433 41147 43394 39833 31912 34845 32536 35921 26925 32216 42367 43286 35934 34351 31472 38175 43530 47620 50662 45404 48191 47742 51168 38783 20429 25823 44385 47065 50348 36994 35509 28788 37399 39717 39871 36630 51111 46224 48391 57547 52402 46748 36577 41596 49096 41058 40743 41006 40028 45399 50132 50103 38522 45202 35662 42336 47311 64323 53988 53768 47584 51240 52726 51804 50344 45742 48450 43183 48195 56550 42095 27891 26363 39577 54440 42129 41627 31266 44020 45900 33828 22890 28302 31120 37207 48729 44430 37208 33351 23640 26896 29486 42190 27534 36098 47504 50161 41816 50504 31207 39904 51651 58239 52481 37055 44194 39040 35085 36572 29803 36272 26356 39212 32698 27152 18599 24408 49223 39894 32358
27258 39064 37728 38897 33673 32230 37375 45186 50313 39843 32748 32192 31417 28739 34573 40477 50132 53692 38981 24875 22137 31233 37127 31934 39815 42033 37423 47780 49048 41588 30068 25335 34775 39365 42132 45528 34631 37386 38383 34541 37742 45362 39491 44354 41327 52298 61324 53101 50432 49425 48050 39757 38248 49072 39523 44096 51859 35365 34837 30535 33239 48720 58091 50137 42861 32724 38191 47372 51916 43227 40952 46013 38317 38675 42625 53302 40130 26764 23800 31865 38988 43729 35994 45116 46011 46407 40804 37966 41381 34529 42131 47573 44463 28848 22215 23022 42268 41154 38536 25431 23159 41378 52944 46168 40502 31042 35361 57149 52897 45030 46610 41763 37729 35414 40555 47325 27025 28722 27667 32691 32846 33962 39744 53197 62952 37094
32127 41317 37809 32765 33361 26340 33956 36640 39676 43670 38816 30711 20317 27179 18216 17459 29983 34438 23498 31870 37984 28168 25852 32891 32794 45451 47391 39635 46733 38953 33608 26419 27913 37903 42005 55117 44544 47137 36629 46754 41847 39908 48052 35802 44674 46303 55147 55672 44369 48060 42391 43034 40138 39734 39273 42617 44090 38461 39442 45562 41359 38315 55204 50450 41647 30502 44789 35959 33495 34432 29298 26691 30737 29180 38514 37562 28286 17593 29754 35459 38373 51253 43392 33424 39249 43519 37556 40426 42169 34585 28417 43090 37831 21920 22010 25319 33944 45917 42310 41569 42655 54044 50137 37163 28890 29194 29393 44712 51056 49560 51326 38228 38629 43624 41468 41714 34570 23047 29554 45468 44658 41698 35549 45842 54839 46357
38688 44630 44503 44361 32800 32268 23988 28448 44357 55159 51381 34599 30243 23902 28251 33782 41190 38975 39560 33006 36182 41180 34177 30243 28583 24136 36017 26505 26481 33978 36640 40218 37744 45122 45962 54202 56720 59679 57499 42467 32372 35700 39253 51084 42505 54888 49431 49761 50680 43348 42588 39241 34922 27827 40684 35327 37573 44110 48533 43009 41097 37226 48100 50734 39488 46101 46373 45093 33661 27529 36385 40305 40812 41772 36753 36049 36557 33862 33368 32311 30181 42944 45260 39403 31240 34996 39069 45219 45916 41424 45389 40693 42897 32222 26781 29069 41796 53496 56810 53374 58368 54455 51875 41069 25505 22277 27748 39550 39203 44832 52813 50157 34410 45643 39749 34546 33292 41153 41569 39418 48993 43254 45553 38066 48625 42228
52512 43806 49002 49371 43780 29839 32116 31942 44932 46039 45379 41928 38827 30898 28170 36446 40585 36586 40772 49374 47808 42570 37828 36629 29917 30718 35616 34805 35747 39321 42139 49483 57738 53045 42663 44514 54869 59169 47475 46500 34042 40658 43539 49072 57253 48585 55030 46868 47581 40132 37661 38820 30375 33094 30484 37581 38821 48395 52295 39074 33918 24308 41367 56374 58629 45562 50048 48804 33368 34374 34629 53438 38607 34731 30059 39906 41739 37745 33759 37542 36993 42680 54438 43776 41638 42792 47331 43064 49047 45177 52014 55040 46429 45638 47136 41950 41238 56325 63774 59769 62533 71340 64342 44952 23694 17710 25212 28059 35380 39426 46518 50967 43876 34635 35307 21477 39287 38339 50245 41697 50976 39596 39073 35266 36403 37261
36713 48810 51433 52923 48985 35186 33264 28832 40595 47727 51414 43310 43853 43705 53370 49524 55668 57404 62066 57163 42385 39800 42648 38749 55180 40148 28960 25889 32429 32149 37517 41068 55144 50379 47959 45402 47048 61214 57478 34696 29842 35713 48015 46120 43803 41945 36904 50321 43727 44716 33673 29539 24789 32477 44217 44117 38377 37948 38781 43612 35934 43539 42675 46691 44633 48908 44695 48967 35138 27239 38662 41350 39489 30762 35418 48866 45841 39659 51316 56878 45475 41475 54746 54018 55172 44484 48008 48690 46256 55525 57272 50352 57716 42438 45477 49484 46275 53060 52279 52710 46907 55113 56231 45099 29694 29567 43841 32468 28553 28510 35767 39245 52293 42679 36273 33489 39488 45931 37728 46281 39734 37286 32549 41009 31509 28810
37230 41134 46021 53871 44496 48843 41295 43635 41403 39357 41134 51700 56834 57890 58251 60004 50739 62224 66184 57583 49856 35727 54193 49280 45959 46608 34419 33797 45353 49367 47160 47308 40864 46504 44316 35770 37821 43369 54630 35586 37554 45778 52825 46179 28800 24578 35938 44742 54668 42961 35664 22637 32097 38432 42523 42804 32745 35585 40441 50351 49997 43913 44635 48017 41239 30711 39295 30655 33656 28574 32436 42972 43405 41031 38836 35907 33490 39628 51033 49707 34838 42898 52785 60300 45311 45225 42756 34606 42897 38247 46977 38622 35262 41591 37499 51864 45735 48106 51910 42354 42233 40137 44397 29977 35551 37092 40127 46016 39791 40856 40547 39401 45103 37664 25199 28390 38189 42744 44527 37634 38522 44967 30708 34107 40406 34552
30402 38487 34586 42185 36304 38825 41738 52252 39963 40981 41691 45434 52496 54213 55091 52576 52118 56528 68483 57874 46185 42428 43969 57138 51231 50586 40531 37554 42402 45782 42407 41350 45055 36154 38311 34148 34241 47849 54126 42372 42952 51818 50855 44367 31651 24371 36744 45549 50280 31758 27068 17297 32267 49876 53492 39883 45198 47589 59242 64469 60794 44876 39526 41401 44121 38810 31457 37536 34117 30282 36725 44930 49857 43958 41331 33998 32012 39632 51840 48347 44686 43530 55317 55679 58352 44664 38936 34892 38387 43827 35391 41746 30595 28479 31071 28080 33789 34211 35707 40947 45199 38980 33173 29647 29286 48106 51695 50984 40111 30772 31792 33264 27434 35875 40741 44799 38924 42406 42350 39605 43205 45865 44761 34327 32838 42505
46881 32150 33929 31483 30303 28517 35351 31927 39108 29746 34299 44258 60091 67235 55517 50310 56071 51352 48583 42327 37388 47985 56464 49361 50274 47260 37391 34148 38145 43296 41125 55380 50718 41433 27444 31988 44754 50773 47427 56883 62697 68147 55910 51833 37762 37807 42098 47642 33105 29083 22306 37785 41554 53449 48470 36674 44411 45253 51526 59040 55070 44365 36358 46643 38256 31947 18659 25340 39166 43804 43647 45552 46544 41459 38504 36019 40222 41077 35612 46698 42426 37428 49676 49799 47471 38857 37132 39119 46822 39794 40200 37651 31103 29695 26750 29050 35797 39903 47075 41389 43729 39227 35268 31590 29291 46850 55523 47110 52691 48777 45083 34240 31966 33893 43952 37005 32580 40322 37627 36439 49020 58462 44260 31470 37757 36007
39421 22916 17807 31727 32212 22848 26118 31165 28540 29976 24675 47322 52504 49302 41787 36396 42834 50016 44456 40403 37960 51375 51218 49053 52704 46580 39685 33417 32374 34130 29681 49764 50435 38951 38621 34159 42808 38816 44434 52013 71759 61548 53918 47296 44085 40205 43501 35667 31227 32219 35733 22794 37362 41380 45601 48642 34517 42002 45339 57799 54271 49570 36779 30743 36775 31409 33055 38146 48227 46582 37528 35813 39114 38540 44309 47094 37469 32575 38647 48048 51927 47792 51333 52354 39829 49213 40314 38450 43044 52070 49267 57621 46140 31783 33800 25747 33995 50243 40325 41733 41093 48118 43338 42002 43514 49398 57681 52737 41303 34968 32775 35129 27034 38016 49872 44500 39903 27157 29867 37969 50881 53221 47879 39255 29011 26642
35867 20319 25163 35203 40732 38226 34538 22692 30723 32270 29348 28455 46973 46769 48153 46606 49509 49780 32999 25870 31951 41600 49356 42193 38314 45870 41166 38549 38336 33039 32092 37336 51055 49009 36196 34077 38216 32396 36782 46630 53249 57803 48124 37998 32689 44225 47266 46794 35817 39767 31635 34688 38082 46364 34831 30878 41165 41237 43179 38008 42306 43836 42393 40900 41090 33586 26541 42875 50768 48347 35196 36503 30189 34030 34819 31048 35365 38198 50871 57609 50708 57017 48933 47752 35398 37458 41379 50118 50150 54778 54317 46651 48880 46012 37822 41507 43185 48163 40374 35916 38737 42091 30441 29290 40100 46270 51108 39607 41632 49291 43681 45644 42838 36800 39406 35324 35107 28570 25420 30636 30101 35046 48077 44133 41100 38873
44696 31947 26843 28543 44882 50639 48904 39584 32878 36958 27278 31427 28298 36975 42302 45146 43642 42354 40492 31751 32181 39555 47901 31455 29902 30635 40833 36307 32308 26667 27605 32648 51484 51609 50908 41676 29192 23849 35503 50697 48635 44864 43028 28047 38663 50748 50584 40866 47807 46276 32453 30492 42738 39488 39936 40906 45629 51694 42668 44883 47168 47028 48161 54752 47352 38715 42791 47324 48834 38771 23199 26353 33198 41333 31930 25082 34087 41444 50686 46302 53227 55578 65593 50507 45128 36947 44849 48490 57706 44619 48503 52313 59607 53364 37509 26842 36763 38928 39639 44512 41179 49427 39267 39772 37699 33379 27324 40205 46529 36361 35305 28451 37445 28494 21588 39181 45329 34548 30715 26101 29245 28713 29843 41752 42643 48282
50682 47948 33557 18585 29510 46075 44204 36001 30794 31910 31173 35627 44807 44365 45044 45547 34639 37928 38181 32281 25671 31464 37424 43684 33408 36295 39504 43643 36166 35837 37988 38340 36602 54257 40286 37303 35191 31958 48308 56514 49466 38607 40826 40353 40607 60733 58819 53254 42676 43747 49058 45814 52799 44201 28625 34483 46745 43551 47501 37735 35617 51298 57479 54404 51250 41161 26901 40831 37758 41336 42403 39830 39921 40717 39170 36859 49747 56872 48500 52812 49227 51070 58981 55693 52037 40988 34942 43100 39932 50030 54940 50968 51672 43137 31446 32495 24480 31013 31677 42558 54287 53597 53951 44259 34422 20725 32540 47891 52472 39988 33070 38217 36393 37855 34796 38726 47190 42889 23468 22601 20080 25039 35887 41558 45148 47516
43822 40018 37022 26191 26749 47594 55407 42229 27319 38612 52539 58309 58650 52177 41721 38131 38456 36353 48551 39449 30212 33844 44576 35312 36904 31445 28854 39064 46088 44393 40217 35117 32128 40723 45570 38864 46101 50420 50019 55506 44596 44440 41637 52098 51880 51295 51426 48684 46287 50055 50659 50578 35067 28653 35060 44574 51496 54646 36578 41216 42428 48590 56752 57094 47512 33703 34734 29520 41629 42411 40759 29391 36863 44275 46236 45563 37647 41301 31522 28245 34566 34840 55169 59769 43478 34321 43965 33278 40634 50455 54927 50933 44547 29763 31612 31935 23905 38577 59227 64976 56193 57413 62406 52765 41671 32960 37546 50752 45327 39179 33450 30868 36654 31455 45000 45916 44761 43674 38733 31005 39840 35611 30508 32102 34066 36291
37629 31750 23734 27543 47344 52725 49730 43643 41240 37410 50595 53937 55270 43089 39841 34741 33920 34449 40220 53120 42222 34657 34762 33089 30485 41254 45721 53020 59379 61336 50022 51622 48979 39215 38181 34774 36254 44137 53543 55490 56739 49153 45778 55999 58605 46085 41979 49035 39377 40391 40573 45329 32373 26829 30074 45632 55644 46446 41545 37894 35659 39106 53082 63556 46453 31041 22879 34192 34242 46243 52826 43914 42521 51380 45387 35664 34712 36573 37936 22984 21974 23188 39928 59781 42060 30032 40706 50801 43632 42507 41677 38472 41385 41859 35758 45648 40759 41399 55262 52870 55830 42440 50802 60082 46771 39677 48357 36321 43416 45687 44340 36734 34274 48558 49458 41015 46128 43633 47187 41770 45142 41060 42736 29315 36647 35937
27409 21951 27904 40546 55690 62244 57924 57652 52432 37220 36317 40647 38738 41039 38342 36048 35138 31691 38302 45206 41910 32377 33783 28955 39365 45776 38136 37686 52825 51303 55554 44253 35727 38584 42914 36150 28717 39059 52300 58258 45731 38616 41870 46454 53253 54469 40877 45244 39101 37503 46313 42480 35414 30990 39544 53196 54037 57894 43080 35305 35812 34655 44664 40661 41514 36120 41222 40814 36103 41452 46333 41183 39265 43059 30668 27225 35609 26815 29296 25821 25683 30265 37792 48098 44762 32307 48052 59833 56250 38150 36435 37810 35282 42599 42658 36466 48787 40149 42384 52254 43830 47327 37356 39509 25768 31787 42758 54604 45149 42352 49245 27256 28580 46000 62244 49689 36354 40797 54553 61113 48424 39626 36908 22585 33734 48281
16270 24326 28639 37320 49790 56985 63586 54965 49980 36115 36072 25532 16254 19223 31206 34918 33298 46334 38734 44821 43823 33727 30511 47055 44838 42538 39430 26346 37498 51273 49292 42973 42224 40269 40675 32111 33400 43521 42051 48466 41799 40080 34113 37783 44043 45544 39072 23549 25377 43795 31104 36488 30493 45308 51612 52416 52510 48063 50988 41782 30592 32965 40555 42391 26701 28237 37057 42336 46538 45810 49835 51153 46324 43584 38526 30190 28240 29531 26563 32207 24491 31484 37339 45033 45958 35884 38825 60500 45161 30039 35847 44932 44709 49384 45513 39049 32078 34392 30582 35801 32876 25616 37126 25222 26314 29690 49878 43673 40384 35691 43740 28897 26937 42779 54629 48902 28761 35978 48368 57544 51677 28321 33675 29683 34887 50965
34259 35088 55267 53520 46928 48097 54499 57522 49080 47969 45655 39789 33898 30832 31649 45901 47163 45451 55043 44619 32980 26803 29914 44615 62204 45882 36638 28992 36245 36730 41371 35079 34038 33789 41341 45289 39036 38017 45947 38108 38787 23878 27595 30947 41674 40926 28398 29552 31572 34460 37186 30574 46359 45357 48733 50686 48463 49578 50641 39572 34302 30688 38204 36233 23930 31449 47443 46716 43432 45962 49063 40131 42474 47777 42895 39977 43786 32874 33298 35963 39985 33878 45410 42387 35056 28099 35909 40213 48227 45048 48633 47742 48889 42868 41026 38849 29688 34917 40183 33148 27094 33870 28651 27349 22529 32489 43848 40301 32933 39780 37423 34144 27229 32982 45642 52921 29591 15402 32792 42190 47285 48504 33406 42478 42803 54815
43298 54081 44612 43676 31150 35825 52354 53618 53868 48645 46586 43197 36047 34126 31542 35691 50351 56918 60620 52346 27890 19953 40309 45079 49225 55465 41041 32262 28056 42479 34182 44606 36294 31815 31139 48589 40535 43010 47401 52061 38748 34861 28890 41726 31981 28269 20663 20323 33489 42576 29045 25844 31258 47820 45770 55285 47647 48877 36870 38350 31482 36349 42324 40572 28310 26287 46278 41425 29568 44660 54368 50907 44379 43310 51246 49674 39224 40436 35396 37137 32275 34770 51859 49795 29725 20764 29934 47295 38515 43815 49218 60924 51738 53656 41153 40646 34034 30969 33795 33419 24874 23709 41031 36710 40842 37189 28132 24473 26274 42332 37050 37034 34012 37946 39248 45757 35218 22466 31464 45603 48365 49563 47744 37946 54400 55929
56785 54821 54153 50414 50343 36732 40334 52956 35621 40050 39332 52594 46088 39010 34753 43355 51541 51568 55297 49113 38989 34542 41800 56508 52028 51581 32879 27748 35452 30605 44773 50166 41371 36501 37135 56391 61322 52640 50126 53871 47220 36122 50945 42238 35205 26320 29245 29813 28229 39659 41837 34549 32917 45982 53341 45938 51724 41918 37063 40837 43301 29948 41399 43711 39924 34226 36757 41565 37627 41883 44307 38153 28417 39519 43924 50025 43360 45057 56157 52590 51173 39363 44460 45646 35378 20737 24193 38325 40137 36208 50186 49896 49317 38880 52683 49327 46384 41621 43968 43476 37796 32918 36104 41952 44519 37688 25689 27666 41300 41063 48388 48158 46165 29518 31886 30280 36120 33159 29962 36129 52517 49206 53300 41094 35578 43413
50315 41799 41884 38738 43647 48722 40042 35624 40294 36227 35190 35018 47440 37896 40923 47457 57347 46150 53202 47993 40489 48778 53948 56929 53606 40084 36488 40886 34168 41018 40834 40096 28946 29914 48414 54298 53973 43555 50858 56931 59290 46733 43535 53254 35591 39114 34832 26721 28844 31449 40018 39408 39659 43459 43277 55440 43531 42816 54974 49205 45690 46225 44790 57670 50942 41197 33374 42628 35749 35974 35699 25681 24772 33571 39941 41247 46305 49772 51649 54894 50231 45599 39493 46924 32604 27153 26868 26334 37394 33968 38021 55425 43514 39482 44702 49772 38376 40164 51444 39471 32968 26011 36044 34425 30161 26463 24276 32286 39011 39289 48243 51361 44157 43208 38949 37766 38401 42286 55954 52158 58189 58708 48092 40901 35397 43648
48703 38448 41882 49850 54822 47315 30862 18560 36928 45397 51103 54915 51715 46734 46629 53116 53223 38750 26379 41898 51386 52350 52748 56171 45328 33509 40768 41912 39682 24636 35862 33208 42223 45094 57230 57605 40621 38287 50957 66518 54882 43479 36281 43433 49579 46208 48214 34183 31660 44558 48101 44593 42258 41460 51308 48643 56999 48870 50075 55037 44194 53387 55751 51727 47982 41294 40226 40748 46761 41226 34872 28532 33992 42508 41749 37170 48106 52098 46650 45702 38740 42419 43148 44179 43094 30366 31244 31841 31265 27644 29556 46572 50128 41430 46398 48376 39836 42829 55948 44247 35932 27269 17691 18229 27994 31752 37000 37639 33106 38801 49058 61579 53449 37921 28621 31845 40856 39394 49731 56959 55938 46313 48978 44258 40365 35544
34920 38351 43514 46192 56199 46250 32751 20753 39561 50926 44408 40190 46678 48303 56259 52385 44474 45414 47698 45239 53975 49088 39159 43603 41421 37635 40743 49211 46454 39337 32542 32648 37730 41515 50077 46663 29399 30258 52910 65796 50389 40438 38994 46372 52126 53968 51821 46394 42574 48309 45937 37001 50914 44154 45102 52547 48642 49489 52542 55081 46668 40294 44788 50493 52140 37855 35860 40156 53448 36980 22734 18510 33628 44191 34835 36544 40274 40910 34632 36531 47282 46480 52797 41965 42661 41064 37210 45276 28190 37218 41338 48698 41028 45045 41473 44250 48606 39078 41521 46662 43650 32192 23759 14872 26875 32760 44553 45744 37236 39275 43917 48765 48438 51279 40671 35580 32844 32142 27828 44491 46463 47302 46203 52424 53721 49424
30035 42906 44516 44431 48955 40052 35126 30276 34405 54980 52495 49378 52820 54387 58475 56175 43055 41991 42756 52606 41334 33698 35462 26194 33758 29674 25513 25638 38945 40540 27135 34315 33687 49120 52238 38554 27062 29592 37766 50761 48618 35940 43516 42368 44580 48116 52767 44880 32079 43203 43720 46049 45251 55005 36662 33965 49868 51770 50687 47785 45122 28533 34887 38497 45361 46316 42800 53020 48847 37001 25188 35364 51995 50773 41645 42686 44900 45677 42724 44883 55726 57415 50561 50935 49131 58821 44764 35991 39563 35715 40861 45539 40719 25808 34563 46723 41360 29122 37709 51925 51207 42169 35436 32815 34305 46632 47306 53980 56930 42614 54624 53832 54654 47432 33265 19857 22644 23655 31267 37585 42073 46444 46073 51584 51604 38437
39705 28312 25519 28803 37163 42396 35999 42215 40476 36113 41555 33972 45716 43801 50028 39644 28411 23088 47466 48643 52800 37216 33417 35957 41178 37938 29182 28724 46702 44874 42803 31642 43840 39301 51072 37207 24471 23901 27033 31033 36329 38771 50137 48313 37596 46528 43298 38121 29461 31714 38393 53817 58986 43499 32594 28384 47308 58448 51196 45197 34360 25796 25564 27038 40004 40377 45692 43755 49428 36058 29066 32381 36790 52156 56589 56466 56267 46607 40764 52383 67560 61468 40255 38017 42891 44666 43849 27775 40179 51873 54281 46918 34879 21412 23907 35352 45789 41472 46470 56998 53036 39032 39989 43692 41533 43274 37408 44038 46655 47576 33446 46337 42488 47598 40998 31743 31479 43915 35801 29975 43775 49275 47899 52819 43749 47447
40385 20712 11086 16599 27673 40592 44229 45944 54807 38331 32713 46155 51386 45060 39640 41604 36789 41258 44312 49577 44988 43273 38212 40231 40531 42705 36386 34112 45687 49083 38170 46667 40593 41295 34367 35311 26923 27065 32844 33551 33650 46119 49863 58695 43597 37995 43999 47805 37548 28273 36539 50965 58103 48787 31623 40224 48270 58036 58700 40093 30951 20641 27459 28975 25266 34361 47879 60974 48218 51056 43009 51686 49180 58283 52788 57964 54652 42611 31242 37317 61433 50897 44630 29628 43908 39906 38410 33913 43764 63376 63800 48559 33785 23392 24968 25863 25724 35105 47628 53024 41431 35382 24203 44999 49753 38105 34407 32522 47913 46752 42842 34242 44570 44624 47569 37124 35103 41269 41861 40019 45423 55258 52885 53744 56800 48621
58913 39941 24869 29180 46745 48218 47098 53132 53622 41252 29920 31933 43745 45678 43644 48890 43962 33737 36843 41152 40086 43707 48542 51109 56855 47684 44674 43052 44714 39610 41651 38486 45790 49162 41686 28924 32206 31748 39754 43202 49033 49291 53524 46098 47550 41751 40873 39368 36811 36685 31678 43444 42466 44658 40530 46794 58705 53709 41694 40023 29506 33133 32542 30550 19462 32427 45939 40545 50933 45121 51328 47198 51920 45053 58546 60763 61585 45172 32222 34960 51785 58524 40278 31373 25600 37311 44139 45029 50756 56744 47495 45093 31049 22571 27758 43805 31038 41345 49536 50276 42258 42091 36304 34916 46921 39223 27334 39981 31661 41416 35610 35063 29829 40291 44404 45428 41839 52716 41485 35290 44271 53530 53417 39930 43648 60914
53625 47365 40352 47254 49081 48805 37918 43822 41549 36655 35917 38831 45448 52993 53481 51812 53420 49070 40325 34549 36236 44954 45487 44912 39570 43055 44228 38564 28263 37967 39551 47291 49450 52200 43646 31368 27355 45559 49523 45550 48013 44925 41143 39980 44241 50830 47083 43798 33101 32695 29387 35765 38879 42125 51452 62976 57549 53133 43108 32203 27905 34133 38576 39394 22239 27424 39889 42836 39805 53755 55691 58142 60070 50089 51217 58362 47052 39647 33212 38223 42044 42296 37357 28119 33131 43883 42544 50167 47399 60961 53200 46742 35736 31543 28804 40056 37862 34068 46998 48607 40747 38592 35431 28991 30243 41130 39016 38695 39341 38672 35230 35510 44787 51056 43520 29485 36209 32836 36052 30058 29015 40507 41880 47203 42192 49718
51920 52160 54655 48448 49714 45381 52898 37460 43801 40595 38082 44746 41082 51356 43510 43686 30309 21597 28742 34854 44330 49686 52082 44033 44690 47611 34594 25953 25759 46203 62837 45635 35819 36692 47164 40051 44427 51828 44468 34358 34311 36289 32779 36087 41895 42320 31176 21525 27469 34276 37715 32019 36161 43965 48470 46004 54674 48439 36700 36929 35528 37687 44194 46432 32808 32170 32659 29637 34301 45200 48434 47954 44741 34125 41957 40727 43240 43499 53643 40504 34363 42933 33809 40623 34076 44634 47859 50387 45205 43890 44966 49293 46975 25660 35097 51598 43139 41236 47432 38490 31682 31496 30160 36272 33801 38936 44723 49240 35773 25403 24470 44052 57284 56319 50145 44540 35748 46298 38299 34886 25786 35691 39314 42540 41777 50942
38169 39885 50132 35755 41241 42086 38678 41184 25523 24098 46114 53155 50990 41960 47498 32588 31296 30935 27476 31931 36100 44518 39102 38333 27925 35635 39075 35543 40867 52385 53649 42522 41591 40981 44148 43220 48426 52041 47289 25262 21436 16360 20019 22108 27399 31719 22193 31085 28574 37083 39477 49283 35371 37035 40876 40201 34679 37515 42595 31581 25143 37987 57206 58508 41910 41694 42522 32980 39397 49732 50864 34803 33617 39508 36336 42345 37077 46130 47507 36644 39016 31812 31551 29110 43729 52098 53084 35495 36168 41006 52600 59360 57973 42506 30413 41168 50029 44290 40411 37006 17889 14162 24476 31164 39014 40299 48299 42364 34068 22405 34103 43641 54144 54822 49262 45064 38821 31914 34940 41186 35107 39335 52841 52492 38975 48162
40010 42352 34224 35226 32885 41593 48034 48144 41717 31075 46529 52786 55791 39432 49397 42939 35708 30318 34060 33990 37300 40919 41562 32599 36751 37999 37410 32838 40210 51647 63041 53899 40617 47521 40641 35214 39380 43197 47186 37916 28983 24158 21087 26324 21581 25378 28621 29991 40618 48040 54197 51064 51506 49472 43852 33791 34535 38908 45297 37078 32502 37815 58492 57191 54872 48943 44583 45356 41358 45965 35596 35258 38863 46354 43011 32812 50187 60264 58383 46821 42801 37740 25579 36027 41495 43844 45438 46099 31190 38564 46887 49039 41799 43014 40421 41536 49081 49587 37523 29569 20830 24947 24743 39908 33226 37169 30779 39340 30232 28067 24699 41003 47995 47590 35152 48981 46165 44631 42321 51369 57451 50576 49802 39499 40089 37903
34352 32432 34658 26800 20432 25666 40848 38765 33070 34636 37191 47730 47891 48810 43417 42302 48598 52296 40141 26752 39191 40230 26635 27379 27157 34730 38090 35226 30654 44867 46545 48416 52258 42940 42983 35595 30947 40707 45319 45606 36229 34112 25651 25114 26486 24120 31806 40467 39104 49167 44427 53488 51702 47156 31793 29067 33846 41117 37643 29918 22318 30571 43745 50579 48496 42667 41889 42831 43157 45519 35517 33145 55054 53293 52293 37938 41495 54019 54544 44147 43141 36578 34897 33821 36160 38266 49880 46053 41663 51112 50268 42159 46819 38473 41530 35998 43091 60969 44617 35749 28013 32187 37103 31058 36069 36063 41192 39182 44308 37351 36046 42880 44750 35651 32152 36141 41090 33311 43691 53285 50057 44557 42215 40775 42102 41849
44618 30708 29951 29126 39576 47121 48901 42010 40630 36075 40650 33238 32822 33390 46673 57384 61151 55170 52334 41703 44693 47364 32191 19643 31202 48085 39054 23708 19071 27712 53669 57945 51917 51456 41746 35611 33145 38592 46900 35330 35640 40848 48520 44843 34601 42435 38793 35021 35738 44706 52743 42473 42726 41756 34752 30217 35147 49636 39421 27095 22788 36356 42015 39455 32627 52171 51568 54063 44630 43799 50307 44856 45640 50033 39219 40884 42889 46620 53222 49906 48535 50286 37634 38150 36134 36588 50867 56472 41047 39491 39876 32279 37308 43884 37023 52184 42853 49341 46728 30554 36519 45598 36080 24669 39795 36656 35035 34718 41955 34065 43437 44676 40765 35006 31333 27825 32296 29340 44432 49905 44684 28855 32047 42388 41165 48924
36462 34567 33780 46325 45865 51786 46197 42708 42092 45578 34299 29743 33531 36859 49659 54480 62867 53694 42841 36584 44220 45857 45373 29322 41703 48804 50621 29876 26995 37506 50622 47041 43411 32937 36979 29584 36641 43158 45754 40311 35262 51593 45263 44162 54895 43355 41273 32164 35645 40892 40912 42057 34471 41144 38895 36036 36213 42251 44200 25804 19222 34867 45701 39228 38421 40013 55485 48769 41181 41010 40484 47952 42111 47501 42288 37630 38031 48214 49085 47277 46605 48536 45673 49355 44988 42781 39058 44219 45677 43048 43080 46969 43051 44488 33079 43236 50909 44273 40031 41972 36535 32169 27568 29054 30887 34161 30769 41652 44695 44712 40272 42027 45707 41081 35929 29254 37740 39475 41266 54586 42134 33998 28078 48504 46209 46886
45326 35337 41001 44657 49539 52993 53847 42825 39685 47656 43992 30928 27457 40035 52569 63402 60417 54518 43657 39201 48817 49475 41695 38988 41917 53616 47158 37908 22839 34967 41747 41133 41843 43715 38844 35481 38120 43516 36746 34298 40550 43505 45216 41643 42046 51181 43731 47778 29808 37533 37592 48925 46246 45865 34492 28057 40884 46368 41207 37379 38549 43668 51205 44008 42907 48828 42397 37232 29082 36416 51167 49543 34155 24074 34957 38297 42959 40274 38593 44918 41202 41271 50394 56226 50038 47849 39153 31795 32572 37747 40123 31869 43094 35566 38897 48110 50853 42839 38945 36287 29655 31160 35568 33578 30988 29712 38469 28082 26280 31946 34063 39764 50486 39566 39414 31545 37707 46747 39291 39311 36455 27684 30809 27173 38894 41821
47721 52037 49728 61584 57523 48321 42949 42089 39733 41748 46275 44650 37516 49802 65069 55756 54354 37040 39207 44033 47797 50549 38214 38107 37238 38507 40449 29074 34628 37637 32815 24686 35191 44830 35400 42717 45175 38736 31700 40989 49485 37402 22533 24461 39980 50215 51823 40212 35294 31281 50952 50754 52901 44907 32650 35688 41477 40245 31483 40884 45049 46029 53509 59426 42334 45999 46423 36740 25503 25908 32957 39676 38801 35739 39681 42011 29625 36418 38033 36372 28921 29503 46299 43121 46243 43385 33445 18963 29120 38939 41604 40819 32444 38187 45031 52355 48348 46201 33268 30774 23771 30075 29454 33317 36317 35237 32411 36523 23358 21088 42762 47213 37342 44129 37055 47660 50839 54808 45906 35749 31437 31302 32067 37125 28121 41670
51814 57151 49848 47210 50643 47338 39058 36169 23884 31777 45439 43483 37524 47646 50351 56097 47133 44712 37007 45101 51138 44135 39087 35258 52678 49735 44657 34559 30403 33814 32097 32603 41632 48603 51428 41555 47513 42759 38261 32055 40628 32827 23388 28438 31203 31546 35146 33147 26103 41783 50779 46043 39202 39035 36044 34102 35588 32412 24680 48036 62180 51117 56596 63642 50326 40636 38327 35449 28652 31415 43237 53665 43800 41329 27148 35953 23130 28807 35854 40064 36778 44274 41981 50268 47626 46396 46542 32240 36374 45967 41952 40610 42560 49597 52198 47406 45226 50734 56386 35934 35626 30144 31183 35800 44161 47855 34655 35293 28098 30295 27823 34065 39156 45369 42808 32830 43677 43427 34949 33361 22711 27924 34832 30099 27665 40477
46448 40433 49380 54545 53201 54005 53390 44645 32097 27308 32945 53648 51301 51468 43933 41124 38824 41838 45843 38657 44945 42691 42328 44804 50531 47333 39430 37136 42454 45480 39316 38173 40636 30796 41451 48653 51885 41129 45232 36316 40429 42825 31459 23299 33826 37723 35909 28463 38343 50683 44711 43978 42513 50824 50863 49286 36981 26262 25889 37545 48269 49817 39418 41577 31350 36411 44976 32695 28143 33297 43571 39221 44995 41474 38769 31532 32952 35865 53239 53076 49876 43353 49689 40186 40397 52092 53816 60800 49300 52179 53838 55378 50347 51491 42262 34607 39234 50538 52454 41567 26335 23789 21041 38367 44374 43331 43833 35839 32692 30634 32444 26805 53269 45786 31990 39387 47559 38227 38337 39091 41634 30016 29991 36642 38674 37113
38905 38714 28972 46962 53141 50101 49690 53475 40570 29244 39238 52217 55646 38658 38848 34527 51613 50438 51964 47248 42505 44927 39739 32322 44186 47281 37862 49282 52667 35809 44070 49302 50543 44696 41761 56291 54739 41109 39424 49238 56245 57250 49557 44652 32373 38901 39249 31617 38574 50244 50319 30162 39610 53322 44229 40271 28551 20082 18969 34028 28737 33609 37646 29093 37256 39908 42026 33138 34395 37682 43907 43778 36579 41247 43408 37015 27233 33790 53468 60450 46920 43985 44298 41211 45498 56245 62312 60055 64963 58544 57307 56051 47825 34528 38836 28410 29691 47405 61704 50081 37598 29899 36106 42347 54950 59671 44515 32469 40289 45452 43446 38929 46516 52961 34112 32681 36556 33759 29307 30286 40271 47241 42103 40529 39617 38590
42048 33516 32764 39724 44788 45252 37884 36419 37363 31614 42378 53415 46827 40129 36511 43587 45370 52426 51080 53919 38434 29690 30159 31534 25892 41858 42653 37972 45884 43976 34025 46302 43079 40433 36785 38886 41036 44654 37122 57674 62810 56010 48667 40850 37089 41502 45073 44811 35002 46811 56146 51138 44391 46883 48494 35255 33713 27420 31962 37740 44773 31995 31590 29906 42824 41204 32817 34516 27617 33993 32166 34892 39245 43045 45367 30423 31123 31675 46150 44358 33078 25512 30532 32611 40130 40134 49636 55989 56610 65998 61228 47721 26243 20769 28788 40881 44255 47932 49808 52032 46371 44050 44416 48952 52559 48804 41930 36196 43160 45749 46504 54676 51652 44361 43368 34992 30790 20860 24434 24422 34196 47048 55631 43459 49220 44792
32324 38795 31307 44041 54210 41627 32028 32282 44724 41013 43215 47316 33934 32557 47305 53285 51513 54839 51758 45217 32487 20323 23334 26034 40204 37892 36273 35181 32231 44917 46294 44300 43064 35664 37021 44690 47233 36638 42764 51248 69308 66132 48896 39985 44956 43508 58681 48448 39793 33236 48088 41388 42186 32783 27170 28045 32579 28181 34015 34701 36522 27482 30030 39255 36071 41713 44653 39253 38044 34364 37867 48830 40654 38463 33304 34689 25174 34808 41846 37192 32534 40297 41250 44136 36632 43392 35058 41667 50083 60000 58669 46153 26576 27024 35768 52527 52784 37965 33267 31696 35399 40961 39348 44146 46160 39752 31957 44504 36513 34340 38254 55202 61249 49350 39169 33867 29386 25091 25341 24692 33206 46101 51100 43409 45156 47965
43572 44752 54808 56653 55919 42532 32469 45219 45966 52568 45491 39064 34571 26089 34444 54657 53969 39678 33436 35938 32950 33432 30350 40605 34136 39793 34148 44005 39568 34891 42507 40523 41694 39441 39685 37085 36591 35048 39571 47717 55661 51019 55704 41474 47352 43772 43921 41323 34120 29796 28531 39049 35322 28618 19528 28272 37827 43949 46254 48377 44137 49704 44890 32789 39530 48969 58006 52623 55568 50906 48935 45321 41207 30565 27325 37501 47691 36392 39001 34092 42480 44795 44241 30213 31839 30091 45503 43246 42397 53120 63269 50889 45883 28964 33987 47637 46480 28635 19840 28903 33927 34848 47394 48762 49014 46328 44441 49103 39968 35499 43355 54970 63187 49947 40463 42248 38005 39765 43977 35954 37942 52450 46960 47771 46362 46338
49532 46574 50321 55683 47019 55752 50393 36341 49683 54450 52842 40878 32475 25294 29486 37926 40834 40351 33404 29834 36392 35700 38724 30299 37907 25432 45617 41302 37553 30860 31348 38754 35420 32658 45804 40371 34900 26689 36334 36670 47345 47010 42977 48222 48899 44731 40252 39618 32806 28691 31187 29162 29540 30709 23293 22004 30932 43470 44485 38429 38632 41909 39247 31085 32255 45491 58646 52714 50954 45987 39818 43351 42798 38721 37193 49543 52501 58912 42015 31366 29650 45714 49296 42702 28257 37970 36345 39191 43311 46631 39460 38541 42919 40325 42602 52590 40505 29548 24433 29832 35947 26822 25500 37787 45799 42734 47285 44624 49829 45406 44819 51491 56050 54394 41729 42687 54969 50365 39114 37916 32526 36962 36978 33748 39516 37009
46955 53830 59281 49994 38429 43556 44621 35874 39549 58943 61464 46835 31911 24459 28635 39671 45763 35237 26257 19753 33146 40321 40415 36711 33242 35574 44310 44548 33637 28089 30751 29236 28202 44942 47374 42114 32020 33250 30719 29740 25156 42024 45425 42269 27605 25298 28875 29288 34840 39728 35974 33464 32131 34712 30147 34227 42838 50070 54003 49455 55804 65521 53497 41654 35157 33533 37498 45208 38645 42780 42924 42477 38570 33054 35809 36483 56965 57482 45578 35053 30760 37659 43056 36066 26824 34470 38295 35247 38108 44410 44568 39155 39007 38830 39625 40142 46259 36305 42449 32731 34225 28164 29229 31859 46825 48997 49619 60171 61873 57948 66366 59695 59267 50007 39425 27466 37463 46123 40709 31376 36755 40063 39978 39470 51130 49271
50440 61054 50241 42883 39721 46038 45584 34831 36126 44332 46387 50218 27673 29472 37031 42208 34986 31509 27241 30134 30114 28893 33209 29579 29531 38437 33701 33931 33422 40865 41030 30683 27062 38007 51754 50376 41528 29721 26891 32965 42366 41429 39324 29881 24792 27461 22571 23321 31605 48444 47532 47005 46564 44251 40324 40037 40436 48737 39260 52027 56276 57299 46131 32079 28466 18828 32054 27643 37268 38733 44705 46561 47866 31518 29669 40066 50426 61395 48019 34575 25655 30538 45487 47242 35652 33640 34220 30267 44726 43168 42471 42800 34004 40433 44846 50032 43393 45975 30571 29818 25292 22839 24099 28465 31823 34565 44842 51604 57099 50436 42877 54163 42293 42709 43601 39684 34436 39729 33039 33645 28025 25830 26760 35390 41699 48890
56729 63006 57388 40845 35298 38100 52188 50401 43068 43254 48246 40081 31688 29862 40239 53258 49175 35350 35699 37240 46980 34166 31760 32614 40624 39082 45304 34960 44287 45762 41086 35280 38033 49922 49460 37868 41590 43004 43930 37246 34620 31821 40398 33015 22227 26023 27081 30132 35366 37045 49265 54956 45809 45511 40109 36688 37942 50937 44287 44304 54214 52064 45613 34996 35886 28693 17857 27142 22003 31516 44474 50847 43727 27290 17877 31274 49196 49863 38469 40466 38862 50743 43030 41108 32236 33511 41396 40320 46510 51689 48330 50231 38282 36282 49957 52285 50407 38590 29268 27465 26679 29276 24664 39890 41465 44851 40932 52579 53622 49645 46737 41603 46121 53512 48388 35968 37877 33902 41138 32376 34779 32826 38401 52797 48631 42015
47533 46534 40486 31826 40197 46651 42420 38716 38838 37648 35181 35045 29139 36551 42034 47036 37420 30700 31961 43056 39355 36330 28395 27351 36151 38622 42857 46490 35754 36486 29800 30713 41099 34443 41203 31690 38188 45172 33754 30901 33785 37708 34175 41661 35287 29604 37949 36398 26691 37118 51910 63180 54329 48645 41376 51529 44978 45896 28921 36938 45334 44978 31771 27004 32564 37772 36082 22828 24710 28792 47030 52940 39898 21525 22668 31354 34707 44076 47193 40517 49607 49487 55053 40171 45815 37811 29431 34989 49256 51566 38274 34767 50124 47551 58778 58461 41333 32055 25189 20651 25281 24886 37380 39230 50129 40813 35859 43363 50353 54418 41605 40197 29498 47115 41835 33177 26349 35871 32159 48145 45770 46978 50311 57988 43866 48386
37524 36054 42084 27280 33772 46110 43178 32099 35454 36241 35368 21235 33866 41734 54699 48891 29717 22967 37805 46114 47547 28914 24089 22367 39809 54991 55331 50545 45097 40551 37906 37327 42577 36108 34326 38582 32964 35776 43585 34921 37056 35305 39648 38341 48502 41872 39807 43607 43596 47303 55049 52769 42079 46594 38996 43441 50361 37095 34163 34325 36094 31686 26342 39435 39293 44562 39664 29951 15251 21853 40502 44501 39020 29087 31166 43777 40430 43758 45278 46136 49719 55153 51474 49423 39542 30286 22205 33764 44300 55876 51262 29902 38666 46887 53340 51306 51687 35968 29534 34180 33843 38806 45039 46743 41752 45597 46099 45936 59014 54983 50098 40633 47895 48660 37305 27989 25296 27474 38241 35836 38632 49425 59792 59862 51814 28345
45399 35043 42643 35620 37979 48562 44706 23692 26007 34574 31202 25295 26731 50542 53105 47719 42608 41748 47086 45206 35476 24910 18362 24226 33681 47743 48678 53654 52878 55542 50232 45459 29841 30871 39636 47858 47873 33436 43200 45282 44298 56780 48178 38490 39484 43336 35689 29582 28568 42442 46918 34826 39473 41322 50155 48049 37918 32770 27065 38850 40021 36571 30360 32380 41123 41068 33294 37439 32194 28764 48482 50292 39247 46740 54903 46463 44523 37823 39210 48352 42106 47313 47607 59220 50449 45546 23944 30775 37139 46912 48541 36235 33784 56104 60180 48667 52833 47267 34609 38930 45955 38997 39894 54085 48573 56614 52089 48422 44633 53819 41651 47173 46815 45400 39657 32962 29716 34586 40982 36619 33987 46252 58736 61924 57381 43255
32713 42656 33626 31222 32267 41978 40210 30164 27231 35395 34937 21821 24408 42135 57930 48754 42506 44879 47440 44262 44774 36992 22268 21762 22363 37305 48698 56281 51357 53443 55200 48713 34992 29838 43642 53016 47737 48330 46337 38362 43695 40531 36950 35880 37931 45791 41729 33267 33613 43022 33039 32965 30626 40711 49695 42264 40189 30548 43649 32623 42409 37797 32214 44908 44301 39468 43114 36850 39693 36061 33979 45161 39311 44467 40502 46460 42821 40391 27655 30750 35108 44934 45579 52421 56297 51469 33222 25113 40533 44669 47040 39338 42058 42933 47783 53212 57964 57308 40223 44883 43373 42150 39609 46332 45538 55177 52166 50345 54726 49321 40150 40617 46099 45547 39730 39739 43814 47475 41993 31440 23295 39806 49919 58015 53039 45543
29584 35045 35819 28063 39717 39599 35929 23559 26826 47314 49763 39390 32825 44787 48183 45737 40558 42661 44708 51437 40291 35593 37377 26472 22353 27090 49115 56120 59171 46002 45133 41518 37237 38550 36120 46848 55780 56932 40973 28658 33424 50832 45164 39322 32924 43563 38167 29800 36312 31813 27586 24931 39304 33887 48480 41723 33819 29242 38854 44817 48317 38567 35551 37710 44419 32985 43132 53011 41578 43765 39381 38717 44820 38325 44079 44450 43338 42917 38459 35509 34741 44933 45531 44950 49717 51941 41592 37657 42758 41909 42409 52948 44710 43344 40865 56514 55819 56241 54770 39025 37743 37743 47667 39659 38762 45832 56324 50157 42516 32190 20483 28018 35952 32004 45992 49702 50903 47834 45402 40021 39773 31757 40608 42153 55918 44812
49004 39204 26267 27656 26392 37240 33671 17338 16485 32536 41479 34350 32458 29383 39423 31554 34229 26304 38691 42555 48455 42703 42305 41910 28015 45368 57743 64697 55580 47361 33625 44963 40612 38814 36149 29533 38995 42029 34984 28921 32905 42850 43747 41892 46058 33182 35421 39773 35632 37291 28428 24071 28240 38229 44487 35166 26957 37344 36739 40569 36954 34154 35186 37859 42321 46043 57893 61048 57912 44557 36017 31798 30948 43097 33016 43230 41111 50093 45329 32780 25408 40192 31134 37709 32511 44422 49295 45843 48142 58279 55872 50905 50793 52047 43615 41325 44880 45839 49349 41529 30833 38751 41251 46000 44240 39470 45840 49711 36441 30980 36258 34263 37759 47602 45374 47215 52472 46509 42273 43015 48070 41666 30349 37196 47342 54314
46410 31129 30221 21193 30288 28213 32759 23343 27696 35201 40171 40436 36372 28841 38295 33520 24234 30300 35647 43589 43610 50532 36229 38937 41620 44770 51625 55471 56559 47247 48122 41113 34342 37136 39232 32216 30094 37313 25017 25429 35882 46624 52896 45684 46379 28435 20375 36659 47764 34293 29025 40659 38709 43203 42186 40438 33844 46717 47838 38124 35305 24669 31077 29508 35577 46195 54922 58398 53830 37673 37555 46520 48065 31806 38243 38120 44744 56419 50293 38519 29347 38201 42284 24400 30645 30344 55014 60137 53768 46376 49643 47994 38906 43815 43994 49523 37462 34734 42890 45074 40230 48446 48705 49741 40404 46124 44368 50329 36708 26209 27939 36984 42381 43419 42604 43370 44140 35416 41171 49847 44826 45953 46060 48834 46069 45764
39706 23672 23051 23046 23509 32022 30229 25402 17180 29672 29970 31815 34569 41043 40712 38740 31979 23386 34721 48688 49175 37420 44724 37651 48201 42566 45102 42115 45399 41979 45568 51471 38852 43291 45975 35262 19220 18600 22861 24559 41879 46730 44922 38080 37410 33373 29239 32961 43850 36293 43966 33804 37148 42143 49401 38575 31276 36241 36108 31178 31104 43474 36990 38144 30787 44331 49629 52342 44752 39182 37922 40725 41704 30257 22928 27791 46867 53355 52163 36141 41157 46246 40916 27155 19215 42548 55626 50970 42652 35135 47699 45813 37073 32868 43741 41534 34162 31103 37902 47968 48566 47529 48862 44903 44394 36854 46300 41879 45598 38679 37061 34992 44218 32919 25270 31024 49446 50920 45681 38763 37633 36468 48957 49115 49748 45206
32277 22572 36974 36352 27469 34793 38517 34610 33991 29426 45956 48334 48246 45177 47501 36316 33496 30895 37601 54328 44147 42353 33065 37784 37228 36875 30715 37292 33983 49452 52072 54209 52326 39709 34050 33018 24141 18310 20751 20778 30840 31750 35616 35760 23927 24667 24189 34550 37804 46792 45265 51879 38405 41342 43892 35314 31244 36238 39991 37099 35494 34074 36533 34730 39700 38854 43598 33451 26337 36279 39545 38853 34583 31784 23649 36053 53065 63500 52234 46520 40838 41517 34946 40351 42372 43556 59950 48359 34006 27917 36054 35782 20185 23874 41377 46220 28616 32332 34232 44842 46632 37094 47558 49037 46480 38885 48667 42833 52496 40863 29143 28660 33709 29008 20931 29092 36675 36592 32078 33015 36301 44876 50813 42228 51221 50947
31549 25144 45114 49920 45189 47144 49834 41444 28801 35229 46913 58894 49569 37911 39440 48033 41946 36383 42753 44349 44351 33086 33284 36144 43189 39329 29202 41558 47566 43045 50182 47488 55676 37610 39795 37239 36431 37483 29163 33838 26590 33962 28517 29601 24184 25777 34354 31413 46751 46312 47392 43656 39015 34297 37760 39352 28825 35267 28991 43986 49365 50632 41499 47315 37262 34274 30851 24576 27875 33167 32538 32048 24076 26009 29529 48166 56487 55631 51815 50395 45850 51900 50631 43416 51169 46355 48815 37492 28210 40370 47236 34766 26269 24236 34868 41629 33127 29657 30420 38596 41639 40676 36378 45719 54458 36871 42132 49906 40731 39453 38713 36944 39835 49102 31252 35498 43847 50148 47500 44171 52543 50145 42239 44096 49995 57303
