2026 2062 2098 2134 2170 2206 2242 2278 2314 2350 2386 2422 2458 2494 2530 2566 2602 2638 2674 2710 2746 2782 2818 2854 2890 2926 2962 2998 3034 3070
3178 3214 3250 3286 3322 3358 3394 3430 3466 3502 3538 3574 3610 3646 3682 3718 3754 3790 3826 3862 3898 3934 3970 4006 4042 4078 4114 4150 4186 4222
4330 4366 4402 4438 4474 4510 4546 4582 4618 4654 4690 4726 4762 4798 4834 4870 4906 4942 4978 5014 5050 5086 5122 5158 5194 5230 5266 5302 5338 5374
5482 5518 5554 5590 5626 5662 5698 5734 5770 5806 5842 5878 5914 5950 5986 6022 6058 6094 6130 6166 6202 6238 6274 6310 6346 6382 6418 6454 6490 6526
6634 6670 6706 6742 6778 6814 6850 6886 6922 6958 6994 7030 7066 7102 7138 7174 7210 7246 7282 7318 7354 7390 7426 7462 7498 7534 7570 7606 7642 7678
7786 7822 7858 7894 7930 7966 8002 8038 8074 8110 8146 8182 8218 8254 8290 8326 8362 8398 8434 8470 8506 8542 8578 8614 8650 8686 8722 8758 8794 8830
8938 8974 9010 9046 9082 9118 9154 9190 9226 9262 9298 9334 9370 9406 9442 9478 9514 9550 9586 9622 9658 9694 9730 9766 9802 9838 9874 9910 9946 9982
10090 10126 10162 10198 10234 10270 10306 10342 10378 10414 10450 10486 10522 10558 10594 10630 10666 10702 10738 10774 10810 10846 10882 10918 10954 10990 11026 11062 11098 11134
11242 11278 11314 11350 11386 11422 11458 11494 11530 11566 11602 11638 11674 11710 11746 11782 11818 11854 11890 11926 11962 11998 12034 12070 12106 12142 12178 12214 12250 12286
12394 12430 12466 12502 12538 12574 12610 12646 12682 12718 12754 12790 12826 12862 12898 12934 12970 13006 13042 13078 13114 13150 13186 13222 13258 13294 13330 13366 13402 13438
13546 13582 13618 13654 13690 13726 13762 13798 13834 13870 13906 13942 13978 14014 14050 14086 14122 14158 14194 14230 14266 14302 14338 14374 14410 14446 14482 14518 14554 14590
14698 14734 14770 14806 14842 14878 14914 14950 14986 15022 15058 15094 15130 15166 15202 15238 15274 15310 15346 15382 15418 15454 15490 15526 15562 15598 15634 15670 15706 15742
15850 15886 15922 15958 15994 16030 16066 16102 16138 16174 16210 16246 16282 16318 16354 16390 16426 16462 16498 16534 16570 16606 16642 16678 16714 16750 16786 16822 16858 16894
17002 17038 17074 17110 17146 17182 17218 17254 17290 17326 17362 17398 17434 17470 17506 17542 17578 17614 17650 17686 17722 17758 17794 17830 17866 17902 17938 17974 18010 18046
18154 18190 18226 18262 18298 18334 18370 18406 18442 18478 18514 18550 18586 18622 18658 18694 18730 18766 18802 18838 18874 18910 18946 18982 19018 19054 19090 19126 19162 19198
19306 19342 19378 19414 19450 19486 19522 19558 19594 19630 19666 19702 19738 19774 19810 19846 19882 19918 19954 19990 20026 20062 20098 20134 20170 20206 20242 20278 20314 20350
20458 20494 20530 20566 20602 20638 20674 20710 20746 20782 20818 20854 20890 20926 20962 20998 21034 21070 21106 21142 21178 21214 21250 21286 21322 21358 21394 21430 21466 21502
21610 21646 21682 21718 21754 21790 21826 21862 21898 21934 21970 22006 22042 22078 22114 22150 22186 22222 22258 22294 22330 22366 22402 22438 22474 22510 22546 22582 22618 22654
22762 22798 22834 22870 22906 22942 22978 23014 23050 23086 23122 23158 23194 23230 23266 23302 23338 23374 23410 23446 23482 23518 23554 23590 23626 23662 23698 23734 23770 23806
23914 23950 23986 24022 24058 24094 24130 24166 24202 24238 24274 24310 24346 24382 24418 24454 24490 24526 24562 24598 24634 24670 24706 24742 24778 24814 24850 24886 24922 24958
25066 25102 25138 25174 25210 25246 25282 25318 25354 25390 25426 25462 25498 25534 25570 25606 25642 25678 25714 25750 25786 25822 25858 25894 25930 25966 26002 26038 26074 26110
26218 26254 26290 26326 26362 26398 26434 26470 26506 26542 26578 26614 26650 26686 26722 26758 26794 26830 26866 26902 26938 26974 27010 27046 27082 27118 27154 27190 27226 27262
27370 27406 27442 27478 27514 27550 27586 27622 27658 27694 27730 27766 27802 27838 27874 27910 27946 27982 28018 28054 28090 28126 28162 28198 28234 28270 28306 28342 28378 28414
28522 28558 28594 28630 28666 28702 28738 28774 28810 28846 28882 28918 28954 28990 29026 29062 29098 29134 29170 29206 29242 29278 29314 29350 29386 29422 29458 29494 29530 29566
29674 29710 29746 29782 29818 29854 29890 29926 29962 29998 30034 30070 30106 30142 30178 30214 30250 30286 30322 30358 30394 30430 30466 30502 30538 30574 30610 30646 30682 30718
30826 30862 30898 30934 30970 31006 31042 31078 31114 31150 31186 31222 31258 31294 31330 31366 31402 31438 31474 31510 31546 31582 31618 31654 31690 31726 31762 31798 31834 31870
31978 32014 32050 32086 32122 32158 32194 32230 32266 32302 32338 32374 32410 32446 32482 32518 32554 32590 32626 32662 32698 32734 32770 32806 32842 32878 32914 32950 32986 33022
33130 33166 33202 33238 33274 33310 33346 33382 33418 33454 33490 33526 33562 33598 33634 33670 33706 33742 33778 33814 33850 33886 33922 33958 33994 34030 34066 34102 34138 34174
34282 34318 34354 34390 34426 34462 34498 34534 34570 34606 34642 34678 34714 34750 34786 34822 34858 34894 34930 34966 35002 35038 35074 35110 35146 35182 35218 35254 35290 35326
35434 35470 35506 35542 35578 35614 35650 35686 35722 35758 35794 35830 35866 35902 35938 35974 36010 36046 36082 36118 36154 36190 36226 36262 36298 36334 36370 36406 36442 36478
