1771.000000 1807.000000 1843.000000 1879.000000 1915.000000 1951.000000 1987.000000 2023.000000 2059.000000 2095.000000 2131.000000 2167.000000 2203.000000 2239.000000 2275.000000 2311.000000 2347.000000 2383.000000 2419.000000 2455.000000 2491.000000 2527.000000 2563.000000 2599.000000 2635.000000 2671.000000 2707.000000 2743.000000 2779.000000 2815.000000
2923.000000 2959.000000 2995.000000 3031.000000 3067.000000 3103.000000 3139.000000 3175.000000 3211.000000 3247.000000 3283.000000 3319.000000 3355.000000 3391.000000 3427.000000 3463.000000 3499.000000 3535.000000 3571.000000 3607.000000 3643.000000 3679.000000 3715.000000 3751.000000 3787.000000 3823.000000 3859.000000 3895.000000 3931.000000 3967.000000
4075.000000 4111.000000 4147.000000 4183.000000 4219.000000 4255.000000 4291.000000 4327.000000 4363.000000 4399.000000 4435.000000 4471.000000 4507.000000 4543.000000 4579.000000 4615.000000 4651.000000 4687.000000 4723.000000 4759.000000 4795.000000 4831.000000 4867.000000 4903.000000 4939.000000 4975.000000 5011.000000 5047.000000 5083.000000 5119.000000
5227.000000 5263.000000 5299.000000 5335.000000 5371.000000 5407.000000 5443.000000 5479.000000 5515.000000 5551.000000 5587.000000 5623.000000 5659.000000 5695.000000 5731.000000 5767.000000 5803.000000 5839.000000 5875.000000 5911.000000 5947.000000 5983.000000 6019.000000 6055.000000 6091.000000 6127.000000 6163.000000 6199.000000 6235.000000 6271.000000
6379.000000 6415.000000 6451.000000 6487.000000 6523.000000 6559.000000 6595.000000 6631.000000 6667.000000 6703.000000 6739.000000 6775.000000 6811.000000 6847.000000 6883.000000 6919.000000 6955.000000 6991.000000 7027.000000 7063.000000 7099.000000 7135.000000 7171.000000 7207.000000 7243.000000 7279.000000 7315.000000 7351.000000 7387.000000 7423.000000
7531.000000 7567.000000 7603.000000 7639.000000 7675.000000 7711.000000 7747.000000 7783.000000 7819.000000 7855.000000 7891.000000 7927.000000 7963.000000 7999.000000 8035.000000 8071.000000 8107.000000 8143.000000 8179.000000 8215.000000 8251.000000 8287.000000 8323.000000 8359.000000 8395.000000 8431.000000 8467.000000 8503.000000 8539.000000 8575.000000
8683.000000 8719.000000 8755.000000 8791.000000 8827.000000 8863.000000 8899.000000 8935.000000 8971.000000 9007.000000 9043.000000 9079.000000 9115.000000 9151.000000 9187.000000 9223.000000 9259.000000 9295.000000 9331.000000 9367.000000 9403.000000 9439.000000 9475.000000 9511.000000 9547.000000 9583.000000 9619.000000 9655.000000 9691.000000 9727.000000
9835.000000 9871.000000 9907.000000 9943.000000 9979.000000 10015.000000 10051.000000 10087.000000 10123.000000 10159.000000 10195.000000 10231.000000 10267.000000 10303.000000 10339.000000 10375.000000 10411.000000 10447.000000 10483.000000 10519.000000 10555.000000 10591.000000 10627.000000 10663.000000 10699.000000 10735.000000 10771.000000 10807.000000 10843.000000 10879.000000
10987.000000 11023.000000 11059.000000 11095.000000 11131.000000 11167.000000 11203.000000 11239.000000 11275.000000 11311.000000 11347.000000 11383.000000 11419.000000 11455.000000 11491.000000 11527.000000 11563.000000 11599.000000 11635.000000 11671.000000 11707.000000 11743.000000 11779.000000 11815.000000 11851.000000 11887.000000 11923.000000 11959.000000 11995.000000 12031.000000
12139.000000 12175.000000 12211.000000 12247.000000 12283.000000 12319.000000 12355.000000 12391.000000 12427.000000 12463.000000 12499.000000 12535.000000 12571.000000 12607.000000 12643.000000 12679.000000 12715.000000 12751.000000 12787.000000 12823.000000 12859.000000 12895.000000 12931.000000 12967.000000 13003.000000 13039.000000 13075.000000 13111.000000 13147.000000 13183.000000
13291.000000 13327.000000 13363.000000 13399.000000 13435.000000 13471.000000 13507.000000 13543.000000 13579.000000 13615.000000 13651.000000 13687.000000 13723.000000 13759.000000 13795.000000 13831.000000 13867.000000 13903.000000 13939.000000 13975.000000 14011.000000 14047.000000 14083.000000 14119.000000 14155.000000 14191.000000 14227.000000 14263.000000 14299.000000 14335.000000
14443.000000 14479.000000 14515.000000 14551.000000 14587.000000 14623.000000 14659.000000 14695.000000 14731.000000 14767.000000 14803.000000 14839.000000 14875.000000 14911.000000 14947.000000 14983.000000 15019.000000 15055.000000 15091.000000 15127.000000 15163.000000 15199.000000 15235.000000 15271.000000 15307.000000 15343.000000 15379.000000 15415.000000 15451.000000 15487.000000
15595.000000 15631.000000 15667.000000 15703.000000 15739.000000 15775.000000 15811.000000 15847.000000 15883.000000 15919.000000 15955.000000 15991.000000 16027.000000 16063.000000 16099.000000 16135.000000 16171.000000 16207.000000 16243.000000 16279.000000 16315.000000 16351.000000 16387.000000 16423.000000 16459.000000 16495.000000 16531.000000 16567.000000 16603.000000 16639.000000
16747.000000 16783.000000 16819.000000 16855.000000 16891.000000 16927.000000 16963.000000 16999.000000 17035.000000 17071.000000 17107.000000 17143.000000 17179.000000 17215.000000 17251.000000 17287.000000 17323.000000 17359.000000 17395.000000 17431.000000 17467.000000 17503.000000 17539.000000 17575.000000 17611.000000 17647.000000 17683.000000 17719.000000 17755.000000 17791.000000
17899.000000 17935.000000 17971.000000 18007.000000 18043.000000 18079.000000 18115.000000 18151.000000 18187.000000 18223.000000 18259.000000 18295.000000 18331.000000 18367.000000 18403.000000 18439.000000 18475.000000 18511.000000 18547.000000 18583.000000 18619.000000 18655.000000 18691.000000 18727.000000 18763.000000 18799.000000 18835.000000 18871.000000 18907.000000 18943.000000
19051.000000 19087.000000 19123.000000 19159.000000 19195.000000 19231.000000 19267.000000 19303.000000 19339.000000 19375.000000 19411.000000 19447.000000 19483.000000 19519.000000 19555.000000 19591.000000 19627.000000 19663.000000 19699.000000 19735.000000 19771.000000 19807.000000 19843.000000 19879.000000 19915.000000 19951.000000 19987.000000 20023.000000 20059.000000 20095.000000
20203.000000 20239.000000 20275.000000 20311.000000 20347.000000 20383.000000 20419.000000 20455.000000 20491.000000 20527.000000 20563.000000 20599.000000 20635.000000 20671.000000 20707.000000 20743.000000 20779.000000 20815.000000 20851.000000 20887.000000 20923.000000 20959.000000 20995.000000 21031.000000 21067.000000 21103.000000 21139.000000 21175.000000 21211.000000 21247.000000
21355.000000 21391.000000 21427.000000 21463.000000 21499.000000 21535.000000 21571.000000 21607.000000 21643.000000 21679.000000 21715.000000 21751.000000 21787.000000 21823.000000 21859.000000 21895.000000 21931.000000 21967.000000 22003.000000 22039.000000 22075.000000 22111.000000 22147.000000 22183.000000 22219.000000 22255.000000 22291.000000 22327.000000 22363.000000 22399.000000
22507.000000 22543.000000 22579.000000 22615.000000 22651.000000 22687.000000 22723.000000 22759.000000 22795.000000 22831.000000 22867.000000 22903.000000 22939.000000 22975.000000 23011.000000 23047.000000 23083.000000 23119.000000 23155.000000 23191.000000 23227.000000 23263.000000 23299.000000 23335.000000 23371.000000 23407.000000 23443.000000 23479.000000 23515.000000 23551.000000
23659.000000 23695.000000 23731.000000 23767.000000 23803.000000 23839.000000 23875.000000 23911.000000 23947.000000 23983.000000 24019.000000 24055.000000 24091.000000 24127.000000 24163.000000 24199.000000 24235.000000 24271.000000 24307.000000 24343.000000 24379.000000 24415.000000 24451.000000 24487.000000 24523.000000 24559.000000 24595.000000 24631.000000 24667.000000 24703.000000
24811.000000 24847.000000 24883.000000 24919.000000 24955.000000 24991.000000 25027.000000 25063.000000 25099.000000 25135.000000 25171.000000 25207.000000 25243.000000 25279.000000 25315.000000 25351.000000 25387.000000 25423.000000 25459.000000 25495.000000 25531.000000 25567.000000 25603.000000 25639.000000 25675.000000 25711.000000 25747.000000 25783.000000 25819.000000 25855.000000
25963.000000 25999.000000 26035.000000 26071.000000 26107.000000 26143.000000 26179.000000 26215.000000 26251.000000 26287.000000 26323.000000 26359.000000 26395.000000 26431.000000 26467.000000 26503.000000 26539.000000 26575.000000 26611.000000 26647.000000 26683.000000 26719.000000 26755.000000 26791.000000 26827.000000 26863.000000 26899.000000 26935.000000 26971.000000 27007.000000
27115.000000 27151.000000 27187.000000 27223.000000 27259.000000 27295.000000 27331.000000 27367.000000 27403.000000 27439.000000 27475.000000 27511.000000 27547.000000 27583.000000 27619.000000 27655.000000 27691.000000 27727.000000 27763.000000 27799.000000 27835.000000 27871.000000 27907.000000 27943.000000 27979.000000 28015.000000 28051.000000 28087.000000 28123.000000 28159.000000
28267.000000 28303.000000 28339.000000 28375.000000 28411.000000 28447.000000 28483.000000 28519.000000 28555.000000 28591.000000 28627.000000 28663.000000 28699.000000 28735.000000 28771.000000 28807.000000 28843.000000 28879.000000 28915.000000 28951.000000 28987.000000 29023.000000 29059.000000 29095.000000 29131.000000 29167.000000 29203.000000 29239.000000 29275.000000 29311.000000
29419.000000 29455.000000 29491.000000 29527.000000 29563.000000 29599.000000 29635.000000 29671.000000 29707.000000 29743.000000 29779.000000 29815.000000 29851.000000 29887.000000 29923.000000 29959.000000 29995.000000 30031.000000 30067.000000 30103.000000 30139.000000 30175.000000 30211.000000 30247.000000 30283.000000 30319.000000 30355.000000 30391.000000 30427.000000 30463.000000
30571.000000 30607.000000 30643.000000 30679.000000 30715.000000 30751.000000 30787.000000 30823.000000 30859.000000 30895.000000 30931.000000 30967.000000 31003.000000 31039.000000 31075.000000 31111.000000 31147.000000 31183.000000 31219.000000 31255.000000 31291.000000 31327.000000 31363.000000 31399.000000 31435.000000 31471.000000 31507.000000 31543.000000 31579.000000 31615.000000
31723.000000 31759.000000 31795.000000 31831.000000 31867.000000 31903.000000 31939.000000 31975.000000 32011.000000 32047.000000 32083.000000 32119.000000 32155.000000 32191.000000 32227.000000 32263.000000 32299.000000 32335.000000 32371.000000 32407.000000 32443.000000 32479.000000 32515.000000 32551.000000 32587.000000 32623.000000 32659.000000 32695.000000 32731.000000 32767.000000
32875.000000 32911.000000 32947.000000 32983.000000 33019.000000 33055.000000 33091.000000 33127.000000 33163.000000 33199.000000 33235.000000 33271.000000 33307.000000 33343.000000 33379.000000 33415.000000 33451.000000 33487.000000 33523.000000 33559.000000 33595.000000 33631.000000 33667.000000 33703.000000 33739.000000 33775.000000 33811.000000 33847.000000 33883.000000 33919.000000
34027.000000 34063.000000 34099.000000 34135.000000 34171.000000 34207.000000 34243.000000 34279.000000 34315.000000 34351.000000 34387.000000 34423.000000 34459.000000 34495.000000 34531.000000 34567.000000 34603.000000 34639.000000 34675.000000 34711.000000 34747.000000 34783.000000 34819.000000 34855.000000 34891.000000 34927.000000 34963.000000 34999.000000 35035.000000 35071.000000
35179.000000 35215.000000 35251.000000 35287.000000 35323.000000 35359.000000 35395.000000 35431.000000 35467.000000 35503.000000 35539.000000 35575.000000 35611.000000 35647.000000 35683.000000 35719.000000 35755.000000 35791.000000 35827.000000 35863.000000 35899.000000 35935.000000 35971.000000 36007.000000 36043.000000 36079.000000 36115.000000 36151.000000 36187.000000 36223.000000
