453376 462592 471808 481024 490240 499456 508672 517888 527104 536320 545536 554752 563968 573184 582400 591616 600832 610048 619264 628480 637696 646912 656128 665344 674560 683776 692992 702208 711424 720640
748288 757504 766720 775936 785152 794368 803584 812800 822016 831232 840448 849664 858880 868096 877312 886528 895744 904960 914176 923392 932608 941824 951040 960256 969472 978688 987904 997120 1006336 1015552
1043200 1052416 1061632 1070848 1080064 1089280 1098496 1107712 1116928 1126144 1135360 1144576 1153792 1163008 1172224 1181440 1190656 1199872 1209088 1218304 1227520 1236736 1245952 1255168 1264384 1273600 1282816 1292032 1301248 1310464
1338112 1347328 1356544 1365760 1374976 1384192 1393408 1402624 1411840 1421056 1430272 1439488 1448704 1457920 1467136 1476352 1485568 1494784 1504000 1513216 1522432 1531648 1540864 1550080 1559296 1568512 1577728 1586944 1596160 1605376
1633024 1642240 1651456 1660672 1669888 1679104 1688320 1697536 1706752 1715968 1725184 1734400 1743616 1752832 1762048 1771264 1780480 1789696 1798912 1808128 1817344 1826560 1835776 1844992 1854208 1863424 1872640 1881856 1891072 1900288
1927936 1937152 1946368 1955584 1964800 1974016 1983232 1992448 2001664 2010880 2020096 2029312 2038528 2047744 2056960 2066176 2075392 2084608 2093824 2103040 2112256 2121472 2130688 2139904 2149120 2158336 2167552 2176768 2185984 2195200
2222848 2232064 2241280 2250496 2259712 2268928 2278144 2287360 2296576 2305792 2315008 2324224 2333440 2342656 2351872 2361088 2370304 2379520 2388736 2397952 2407168 2416384 2425600 2434816 2444032 2453248 2462464 2471680 2480896 2490112
2517760 2526976 2536192 2545408 2554624 2563840 2573056 2582272 2591488 2600704 2609920 2619136 2628352 2637568 2646784 2656000 2665216 2674432 2683648 2692864 2702080 2711296 2720512 2729728 2738944 2748160 2757376 2766592 2775808 2785024
2812672 2821888 2831104 2840320 2849536 2858752 2867968 2877184 2886400 2895616 2904832 2914048 2923264 2932480 2941696 2950912 2960128 2969344 2978560 2987776 2996992 3006208 3015424 3024640 3033856 3043072 3052288 3061504 3070720 3079936
3107584 3116800 3126016 3135232 3144448 3153664 3162880 3172096 3181312 3190528 3199744 3208960 3218176 3227392 3236608 3245824 3255040 3264256 3273472 3282688 3291904 3301120 3310336 3319552 3328768 3337984 3347200 3356416 3365632 3374848
3402496 3411712 3420928 3430144 3439360 3448576 3457792 3467008 3476224 3485440 3494656 3503872 3513088 3522304 3531520 3540736 3549952 3559168 3568384 3577600 3586816 3596032 3605248 3614464 3623680 3632896 3642112 3651328 3660544 3669760
3697408 3706624 3715840 3725056 3734272 3743488 3752704 3761920 3771136 3780352 3789568 3798784 3808000 3817216 3826432 3835648 3844864 3854080 3863296 3872512 3881728 3890944 3900160 3909376 3918592 3927808 3937024 3946240 3955456 3964672
3992320 4001536 4010752 4019968 4029184 4038400 4047616 4056832 4066048 4075264 4084480 4093696 4102912 4112128 4121344 4130560 4139776 4148992 4158208 4167424 4176640 4185856 4195072 4204288 4213504 4222720 4231936 4241152 4250368 4259584
4287232 4296448 4305664 4314880 4324096 4333312 4342528 4351744 4360960 4370176 4379392 4388608 4397824 4407040 4416256 4425472 4434688 4443904 4453120 4462336 4471552 4480768 4489984 4499200 4508416 4517632 4526848 4536064 4545280 4554496
4582144 4591360 4600576 4609792 4619008 4628224 4637440 4646656 4655872 4665088 4674304 4683520 4692736 4701952 4711168 4720384 4729600 4738816 4748032 4757248 4766464 4775680 4784896 4794112 4803328 4812544 4821760 4830976 4840192 4849408
4877056 4886272 4895488 4904704 4913920 4923136 4932352 4941568 4950784 4960000 4969216 4978432 4987648 4996864 5006080 5015296 5024512 5033728 5042944 5052160 5061376 5070592 5079808 5089024 5098240 5107456 5116672 5125888 5135104 5144320
5171968 5181184 5190400 5199616 5208832 5218048 5227264 5236480 5245696 5254912 5264128 5273344 5282560 5291776 5300992 5310208 5319424 5328640 5337856 5347072 5356288 5365504 5374720 5383936 5393152 5402368 5411584 5420800 5430016 5439232
5466880 5476096 5485312 5494528 5503744 5512960 5522176 5531392 5540608 5549824 5559040 5568256 5577472 5586688 5595904 5605120 5614336 5623552 5632768 5641984 5651200 5660416 5669632 5678848 5688064 5697280 5706496 5715712 5724928 5734144
5761792 5771008 5780224 5789440 5798656 5807872 5817088 5826304 5835520 5844736 5853952 5863168 5872384 5881600 5890816 5900032 5909248 5918464 5927680 5936896 5946112 5955328 5964544 5973760 5982976 5992192 6001408 6010624 6019840 6029056
6056704 6065920 6075136 6084352 6093568 6102784 6112000 6121216 6130432 6139648 6148864 6158080 6167296 6176512 6185728 6194944 6204160 6213376 6222592 6231808 6241024 6250240 6259456 6268672 6277888 6287104 6296320 6305536 6314752 6323968
6351616 6360832 6370048 6379264 6388480 6397696 6406912 6416128 6425344 6434560 6443776 6452992 6462208 6471424 6480640 6489856 6499072 6508288 6517504 6526720 6535936 6545152 6554368 6563584 6572800 6582016 6591232 6600448 6609664 6618880
6646528 6655744 6664960 6674176 6683392 6692608 6701824 6711040 6720256 6729472 6738688 6747904 6757120 6766336 6775552 6784768 6793984 6803200 6812416 6821632 6830848 6840064 6849280 6858496 6867712 6876928 6886144 6895360 6904576 6913792
6941440 6950656 6959872 6969088 6978304 6987520 6996736 7005952 7015168 7024384 7033600 7042816 7052032 7061248 7070464 7079680 7088896 7098112 7107328 7116544 7125760 7134976 7144192 7153408 7162624 7171840 7181056 7190272 7199488 7208704
7236352 7245568 7254784 7264000 7273216 7282432 7291648 7300864 7310080 7319296 7328512 7337728 7346944 7356160 7365376 7374592 7383808 7393024 7402240 7411456 7420672 7429888 7439104 7448320 7457536 7466752 7475968 7485184 7494400 7503616
7531264 7540480 7549696 7558912 7568128 7577344 7586560 7595776 7604992 7614208 7623424 7632640 7641856 7651072 7660288 7669504 7678720 7687936 7697152 7706368 7715584 7724800 7734016 7743232 7752448 7761664 7770880 7780096 7789312 7798528
7826176 7835392 7844608 7853824 7863040 7872256 7881472 7890688 7899904 7909120 7918336 7927552 7936768 7945984 7955200 7964416 7973632 7982848 7992064 8001280 8010496 8019712 8028928 8038144 8047360 8056576 8065792 8075008 8084224 8093440
8121088 8130304 8139520 8148736 8157952 8167168 8176384 8185600 8194816 8204032 8213248 8222464 8231680 8240896 8250112 8259328 8268544 8277760 8286976 8296192 8305408 8314624 8323840 8333056 8342272 8351488 8360704 8369920 8379136 8388352
8416000 8425216 8434432 8443648 8452864 8462080 8471296 8480512 8489728 8498944 8508160 8517376 8526592 8535808 8545024 8554240 8563456 8572672 8581888 8591104 8600320 8609536 8618752 8627968 8637184 8646400 8655616 8664832 8674048 8683264
8710912 8720128 8729344 8738560 8747776 8756992 8766208 8775424 8784640 8793856 8803072 8812288 8821504 8830720 8839936 8849152 8858368 8867584 8876800 8886016 8895232 8904448 8913664 8922880 8932096 8941312 8950528 8959744 8968960 8978176
9005824 9015040 9024256 9033472 9042688 9051904 9061120 9070336 9079552 9088768 9097984 9107200 9116416 9125632 9134848 9144064 9153280 9162496 9171712 9180928 9190144 9199360 9208576 9217792 9227008 9236224 9245440 9254656 9263872 9273088
