-3630
2284
1596
1643
419
-2883
-1599
2140
-164
2051
1323
2241
1352
-894
419
3471
1032
2205
-1591
-953
3318
724
-601
237
-1158
-53
1277
1166
2765
-346
2296
851
-2003
1122
326
-2011
-50
-2559
1901
770
-863
2400
-712
-1544
-755
-2395
407
724
1913
-2056
-913
1157
-1770
1448
230
-3595
449
-291
-393
-1894
-1054
1457
-1322
116
3005
-478
2048
2402
226
-1425
-2668
1486
1600
-738
-1333
532
1112
1673
2998
-320
-1544
1860
1797
675
1621
-1497
-211
-1348
69
2863
1119
93
-1653
-328
329
940
1203
-1731
-896
225
-445
948
284
-2202
317
-1553
-2326
437
1570
-3380
-1954
-1656
-1867
1848
183
2359
-876
-1853
-1545
-621
-3343
887
-1236
-1511
2990
-1046
-1357
2485
-213
739
-1126
1370
1309
-3466
-1655
1789
-1028
-971
1774
-1957
-6
1345
1704
1953
677
-897
2032
180
-944
-76
-181
2038
1098
-840
659
-4310
2074
838
-1446
-255
2196
-427
2549
2948
1703
-1521
-3549
3401
2747
-3865
285
242
-507
-1784
2018
2462
-487
725
-4
148
535
2146
-1495
1018
2584
-1101
228
450
-823
-885
-1962
1823
816
974
-3882
1405
4
-977
-2637
35
-3309
-1230
-991
2076
3200
640
727
-217
1399
1569
-1187
-157
-2351
2463
1031
-1672
-73
808
1476
-152
-494
-4132
431
884
4314
-756
236
2176
3373
373
162
-494
540
-814
-812
-705
972
-2339
-1807
109
-240
-157
-1291
2117
566
-835
2233
-2466
2044
-2161
-3126
1277
-919
2612
2507
-265
60
-1870
2141
-1021
-367
-1535
1757
-1965
-1612
-738
-544
1281
80
1367
1121
-1247
-79
-1803
-424
1453
-1567
630
-1698
1184
-180
-192
-2877
-890
621
-1209
-388
1028
-457
2707
117
283
-680
857
1735
1502
1477
-3592
-2069
1013
-2570
2496
-1154
1350
1481
-270
341
3120
-1129
1699
-1021
-3531
-2332
216
1041
540
-1629
-978
-334
1363
1602
-1712
1335
2088
124
-3073
-677
-1097
-1007
1102
289
2896
1783
-53
979
379
956
-953
892
2145
1489
-332
1907
-2748
-974
1214
1761
-1840
-3429
2164
-1837
-347
1283
-2159
1276
3436
2261
-651
433
-1855
-753
1803
1068
-297
835
-5730
-941
1101
-767
1730
1435
-1294
937
1618
477
430
577
457
-1200
1718
2602
-232
375
-2010
-567
-567
111
-835
-1059
767
-3720
226
878
777
758
1466
-1660
-483
1537
163
1665
2294
750
-1281
-945
-1359
232
-499
-3214
796
-1306
2110
-1058
705
691
345
41
-823
729
-574
-378
-1754
-74
670
3095
-153
-1190
63
-751
-972
-140
3616
-247
735
1208
-711
1451
1317
-1288
-716
-1428
-681
1334
-786
-1724
1791
-1722
-2851
-2531
-106
-391
15
1233
-984
-1398
2763
439
-1589
-2498
-520
402
-329
552
-816
-1746
1273
-3395
2687
2594
2087
1153
255
1937
-288
2858
1065
945
1711
-415
-927
2213
-94
513
-2083
604
-707
704
2116
-651
-915
425
191
122
-1439
2140
-258
-1456
-2163
-1084
814
-36
1437
863
349
-290
765
633
-737
-1681
-3060
585
-1021
266
1202
-3767
-919
-351
1481
2643
-3062
-1483
4645
3326
-1513
-1213
309
940
982
1039
2203
666
-1802
-1265
2412
1936
672
469
3274
1759
1370
832
-851
-1281
1082
-190
2363
-144
-1204
980
-1659
-2323
-103
1054
-2566
-1629
-883
-581
2803
-324
-9
-2502
-34
-391
2130
886
1709
3492
-1697
680
2534
1251
295
195
592
1210
-704
-2981
2897
2263
-2828
-1806
4773
3759
1574
794
1069
1623
61
-1310
-680
2436
193
-2401
-2523
393
526
-1169
302
29
-36
626
-680
-859
-3495
-1537
1897
238
-2966
-1313
2138
-2300
-664
-136
1499
17
-737
-2724
2849
1979
136
254
816
1593
-253
-1850
1345
1780
-12
1229
-1038
-483
970
2528
-602
-1252
193
-1437
2821
1212
-2632
1270
-243
2184
1975
440
-21
929
-2194
-316
-3567
-374
1539
-65
-167
-794
-1516
145
-1015
1284
1812
505
-2505
1410
-1
-1385
91
641
-925
-753
2263
-1318
548
-663
-1642
-1703
-138
-66
-602
687
101
-509
4
1694
33
-1361
2637
-3583
761
2415
-2282
920
1474
-472
1395
1731
1023
77
34
2136
-1847
-1752
2283
866
513
1480
502
-1239
343
-1436
-667
4095
-1142
-780
-356
246
362
2125
-785
-1390
597
-1590
-108
564
1767
1034
451
1735
-1167
188
-261
1434
300
-2380
-1687
-1749
154
565
-1094
421
1968
-1527
909
2544
668
-596
2020
-394
470
480
-1150
-1824
430
-1851
-181
-60
-1032
104
-2695
1289
-155
-1637
-1089
-395
-1246
-2359
1608
-273
-1382
1201
-181
-34
-870
-2164
3131
41
-313
-164
15
1104
1145
-1569
1782
-2496
126
-684
26
754
-949
3674
2137
-1356
879
1563
-303
-1375
2086
-1652
-107
1642
104
-376
411
1856
1370
2187
-2015
548
-120
2615
-863
4137
753
1007
665
877
2779
-2499
-1319
-1243
-11
2111
-2118
808
94
-868
2229
-1233
-699
523
-1497
-139
-332
-2465
-166
1367
1045
-2078
1599
-2268
1534
-1041
-1586
-3143
690
2611
-1228
1315
629
-926
3232
-904
536
1339
980
-1416
-1015
20
1108
1030
1
696
783
-343
702
1337
-1698
-1112
-235
-1563
672
886
-2853
682
65
846
734
2700
-1038
-1645
-796
3744
-1528
-1681
1641
102
-192
302
-1201
-280
-1414
-107
-1085
-366
216
156
625
642
-1397
107
974
2279
907
-2202
-3441
-1020
-698
-1923
-1570
1640
1617
864
502
-1388
-2148
87
-696
-930
-1098
-1790
-1252
2072
551
-1008
218
1309
-507
1352
-1563
-1762
-362
26
-2568
-1993
59
-1271
-230
4059
495
524
2717
-144
-3363
1464
704
706
-935
-1152
327
2169
246
-892
-446
-1893
-1217
2280
1226
790
542
229
-735
-3904
976
-328
1450
1982
-2192
-1273
-3992
-4035
471
-1230
1317
-1804
-44
-2328
-334
-954
82
99
588
-1072
-2
-1838
-944
-416
-2586
-199
-487
206
1852
-2936
-2661
1455
1437
-1178
780
-2167
-2592
3387
636
-4407
455
-1323
-922
421
2286
-2772
-1546
2641
1041
-1175
1519
-541
506
37
1131
3107
-472
-356
2349
-2840
349
2231
2329
-2645
-3715
-2776
2944
1650
-890
-1434
287
1729
1685
-301
-2892
-2514
110
670
-805
-391
1165
560
-121
-631
-1833
-623
-767
-1295
-14
68
189
2270
-148
691
-1382
-1908
1196
-1880
-536
2072
390
291
-499
-662
-2485
1906
-856
703
856
1272
-1323
-3587
-150
975
339
-612
514
694
-540
327
1622
1214
-2124
2610
609
511
84
-252
-530
-2718
2607
1391
-621
-964
892
1685
2491
211
-2437
-990
1493
3911
1472
3221
-1447
-2320
-1617
-915
-496
-415
-631
1722
2555
3485
-42
-3197
237
578
-926
-227
1724
-2395
1464
759
-3309
-1571
-1620
2118
-1350
-810
3956
2726
-2664
-1370
104
-489
1095
-1169
-274
-2815
-1066
-300
4460
1403
-2566
-2907
-1328
-940
-943
427
1000
1103
2450
-222
-1346
1999
-195
-1823
-1832
-642
1232
233
-1417
-2686
2401
-229
-181
-2477
824
762
986
-1332
-64
-2242
-1263
-554
-394
55
1912
3694
349
1499
-195
1067
3566
-2659
-514
-112
-275
3466
1511
-2262
-544
-458
-1617
-763
-595
-200
1316
394
747
-404
-2187
415
-484
-400
328
3628
-184
-492
-549
-1509
-2139
587
1002
2054
1339
2556
3059
1274
-2007
-1404
-1522
2300
2360
388
-396
-1173
-1342
588
-681
1732
-2624
590
-206
526
1009
-387
-1493
636
-745
-1427
-585
2005
-628
2101
1261
-686
3010
-1188
-695
106
-93
-2829
92
1959
-595
989
591
-676
1099
1769
31
-1420
-4130
-40
1983
-3120
76
2333
584
-2424
-1657
-1430
-281
2837
-8
-1025
1269
-179
-1125
-991
-2343
1112
-54
508
2315
2273
523
-3323
3324
275
-1420
509
-187
-366
1888
-988
-1095
-1482
-2920
1325
-273
-4194
-42
3553
1268
-2660
-676
20
1867
207
-2562
1190
690
-62
-388
2194
-748
-862
814
1305
744
-358
-1704
735
-379
-595
-531
-884
1979
-485
1621
659
-1136
1244
-1302
65
-1542
-616
-1482
-520
1021
2645
678
363
-1954
-553
2747
1347
297
-376
-1895
-2767
1128
-1497
-1858
2934
2327
-1057
478
-1313
-3882
2993
2754
-1632
266
1369
-904
-2648
-1147
-2038
-426
1719
-3011
289
218
639
4244
1728
2102
1128
1072
1431
1750
-2397
160
1071
-465
-346
-928
297
1333
-1910
-761
-1875
28
3836
2855
-2847
-1012
2408
1334
-1499
-2300
490
-596
2403
2370
-495
-1472
-686
2780
1160
2201
-1958
-1153
483
2675
85
-1805
782
-138
-1775
-123
-1368
-383
-722
-649
1359
741
-485
-214
-2629
-2865
-2191
1132
2210
38
774
-2604
716
3715
-2238
-4099
1466
1724
-289
-707
595
4769
1981
-3796
-1049
-1114
203
1856
-2204
-294
1278
2778
-2462
-458
2506
886
-2518
-628
-513
-2031
2298
84
-923
77
1444
-239
-878
-2611
2779
2193
-5029
590
-378
-3914
1089
861
548
849
-571
-382
-59
-1105
-309
1252
-200
1021
-2241
371
-1736
-928
165
258
-1468
-2181
-2375
1846
159
-116
764
1359
1513
1350
-409
130
1012
-2912
-1731
-1077
619
-260
2666
1460
-2233
-1909
-247
-689
371
449
-2536
-1114
-1085
1295
-1494
-292
-866
14
-2114
2822
287
-2704
2757
-833
-1987
-1245
-381
-55
1569
-163
360
-1009
-1213
3721
41
-3843
2261
3512
1372
1374
-2748
712
1313
-328
-81
-630
912
1227
-323
55
381
1773
-1216
-2842
1241
2936
-879
980
-3477
-323
-834
197
3779
1592
-2216
-640
937
209
1654
178
1849
602
-952
-1738
950
-353
1430
2313
-1184
-1033
-1290
257
-102
-1444
778
1310
722
-880
-1148
309
816
586
1008
-1783
-3071
914
642
105
640
-2981
-540
1476
-1647
-2431
807
-96
1587
264
-896
-2672
266
1246
-926
282
1760
1301
-901
588
3531
1350
-2762
-618
-185
-371
998
-443
-2694
-920
-1564
-988
890
-354
-1164
-876
-875
591
425
-2127
743
2572
-18
-2067
-2056
1625
1274
2127
2468
3164
1101
2462
-2163
-2211
1092
84
1479
1484
-2440
-1814
330
-234
-2091
-2329
445
791
-441
290
-2708
346
79
-2625
834
-1275
-87
377
-17
-984
-1441
1394
-710
-191
262
-470
227
409
-1394
-291
1259
-883
-2139
485
-199
-4386
1155
-2453
-904
-942
-1457
-1266
2368
-1268
356
702
-160
-1543
-956
-432
-683
-1429
146
-345
1080
1727
69
348
-1465
-135
-1341
808
926
-308
-1896
1710
214
-590
-623
681
2583
-147
-2505
-3217
-2294
-777
3721
2221
-3611
-4624
-1344
-912
144
-348
1217
508
-7
-1449
-2828
1673
2759
-2859
986
118
-1989
2138
1314
1844
-900
240
-1013
-2124
-887
2241
-215
-1150
1141
-508
-1853
1284
-483
-371
-599
-1870
3077
221
-275
-150
368
440
-860
321
199
434
-2874
-4272
-903
2554
517
-275
-2407
-495
-279
-698
-748
1227
-952
152
-1461
769
-956
837
-859
-456
1085
384
-936
-1638
-1817
-198
-2554
-140
-1267
-1534
-1223
540
-586
1061
1122
-529
520
102
154
2055
-320
22
-101
-5
97
-1169
2520
583
842
868
-1560
-116
-1017
999
747
-446
-930
518
-675
-10
146
574
957
-296
111
-1445
15
1240
-1094
1736
-1150
-980
271
923
-267
602
-931
327
333
158
-1413
-561
-2591
1301
-258
-1892
458
-1528
-848
-710
-268
-349
187
-826
-781
400
1297
-170
-23
-1127
512
-225
76
-308
423
-1479
-853
425
1379
-593
252
-592
-196
179
-411
1792
-579
-81
-1810
-678
-654
-558
892
495
664
75
447
346
-1461
1640
191
-347
248
-875
-1310
831
-1351
1496
1374
276
-557
768
651
2621
-1450
1071
85
-300
736
1041
-1105
1915
-490
-427
-374
-541
1633
880
235
-2
268
102
903
154
611
-780
-1725
-554
237
163
708
-1158
1831
176
1053
1103
-840
203
-90
488
379
-1095
-838
792
772
589
-251
-176
-1245
254
392
2201
-1525
640
868
-835
-2
504
-471
-294
28
885
137
741
897
250
-1144
762
50
507
307
-412
-992
113
-280
398
-403
1477
190
1280
-402
-765
597
-245
1986
1112
-29
-1316
275
656
1831
-76
-693
-1990
1881
464
782
-138
168
-270
201
505
643
944
-1144
-115
1378
-747
673
-1376
-548
-1052
-1703
360
-8
755
-1178
34
378
341
360
-6
930
-345
322
955
-69
2371
-962
1497
212
193
1964
36
-479
-182
-1384
-61
-836
-1067
-1241
-1288
686
-2396
3020
919
-9
534
-73
855
-28
1073
-496
376
-854
869
111
-1008
-446
-502
-87
545
-649
1133
1201
-122
1237
1246
458
-681
1423
-1494
-393
-97
463
814
1173
-142
731
180
210
-1691
489
-543
1841
-414
1485
332
-666
1730
464
163
723
558
1914
819
63
213
-733
-750
0
-217
1091
-1056
-868
-478
358
1468
-1793
-134
-1725
294
2024
776
898
1841
-407
-262
350
-1765
-235
1610
-521
-595
-358
-1949
-168
859
324
2394
599
-451
1061
1395
-1750
1203
-2465
-226
-610
-607
1101
609
1152
-987
-578
1222
1724
533
149
276
-1499
-66
823
-187
759
-50
-815
-1098
1804
1964
-353
1803
657
791
-206
139
-174
-1335
-423
-594
68
348
-564
-1174
791
570
-558
-339
-124
-1762
-291
348
262
1257
-406
784
-160
-1625
-763
-181
791
1348
1050
13
-485
-2103
-10
-465
-2049
551
627
-17
2317
1186
1252
1050
-922
69
-670
2212
-1266
246
-531
666
-2
2192
-417
-282
758
-1869
739
300
-206
-617
316
525
-389
711
-317
-182
-176
-629
283
-352
409
-1636
-99
295
331
-1615
-1748
-1000
1217
-707
1148
-50
-162
1176
-1068
-1021
434
300
1032
1376
1761
1580
1231
-1538
926
-62
909
2530
1258
659
284
483
407
-212
1803
-625
-745
478
2251
914
-362
1
-1170
1299
1965
-381
-835
-1136
2084
1035
-694
301
-568
1062
143
-542
126
-1131
-947
95
879
784
260
1644
-1542
-117
-1048
-434
-644
132
-777
1486
1560
333
740
-3
-308
-1112
189
334
-354
1105
50
1030
292
1788
-1069
170
-435
1002
1679
918
1237
-920
386
1451
1104
-122
12
-407
472
243
-384
-1494
-734
101
331
-169
-244
946
32
-279
578
146
-1699
-49
234
-150
975
-330
978
1189
-28
1396
-674
213
-303
-780
151
153
-357
1190
-126
-1703
-580
-32
-475
233
-28
-17
1285
827
-483
-1075
827
98
1083
639
-557
369
-1080
963
-1074
1244
1604
-491
85
1624
-1090
1545
-570
-910
-1083
-805
-1438
-2021
-201
-2063
1531
976
1441
718
1384
-1582
1785
-1246
1677
374
-716
976
1209
-1016
-86
401
2031
1804
1117
362
259
859
1474
297
-463
-737
40
1048
-1392
1511
-113
-145
773
-422
519
1591
-438
-662
940
1363
213
819
918
1742
-1340
-1224
1183
596
-63
6
-346
300
681
957
-1472
557
127
121
-389
-74
550
652
1546
693
821
-497
-338
-1611
1636
52
1280
669
-595
-406
852
-1534
469
-607
1191
806
1059
-115
1630
195
340
-827
1058
-450
490
-194
-616
-711
-1298
-920
756
-907
-519
148
710
1529
-270
415
226
1001
-811
-35
-205
-2432
985
273
-147
-376
-257
-229
933
-228
1229
687
1303
-602
-900
-841
-939
-650
896
-415
-316
1030
1584
-79
121
1219
1261
1695
-841
-63
313
269
141
451
-380
243
237
2553
-680
-482
-872
396
-2071
-613
-1792
-342
-1314
763
-1025
-96
827
396
510
-1359
920
-113
1028
-947
716
340
820
-463
1037
-842
308
-412
307
943
-982
-835
-515
-887
338
-343
-117
-299
-77
478
272
319
1781
291
1039
541
480
1001
1230
734
-292
1430
-1467
197
1150
678
-1487
508
1345
1174
1579
527
571
802
-435
906
-2193
219
160
-1737
1154
14
1318
-1190
-1172
-1540
982
7
-303
-54
-469
-492
-352
-464
-609
-44
717
-821
326
797
754
1907
-332
-1152
48
-530
-315
-767
1358
-518
1057
-777
1046
-883
867
-1709
-145
-681
-423
853
-542
-731
-2075
-348
24
-239
