0
0
0
245706
0
0
0
0
0
144707
0
0
0
491723
0
450305
0
147403
52249
0
599164
330511
0
110744
0
0
0
93733
0
215403
348707
842523
0
196233
164570
0
0
0
29089
42240
36951
0
292077
0
0
193381
0
0
160349
314326
40213
0
58067
0
47503
31310
0
563634
304727
0
448538
366856
517381
0
0
423312
0
352487
0
698286
982154
142357
309183
877119
154785
338160
230607
0
0
535109
159192
0
475843
191908
0
166868
271204
0
253904
309546
0
0
0
553403
0
576407
558710
0
0
0
25735
131630
0
0
0
35620
0
0
205388
0
0
0
0
0
0
188074
0
0
0
392679
82479
0
145805
0
17756
339938
0
0
257717
6171
101064
469310
0
690931
0
0
0
0
0
136136
211704
0
189917
0
254442
0
100820
607392
0
332430
0
0
310999
639600
655951
27270
233675
89678
0
275548
0
0
517920
0
449834
497003
0
797156
130037
331363
0
807858
259784
515784
828710
50709
50988
0
54696
0
513121
0
0
0
0
0
0
300233
0
472616
208086
0
580847
363163
306449
0
570758
0
0
0
0
416460
0
121645
0
0
0
207769
603455
236200
0
0
0
122635
349545
0
0
0
234036
0
0
307419
0
0
1110455
0
793067
0
905249
0
181160
0
0
748362
0
697610
0
156573
0
0
158316
503679
898366
0
0
475847
56552
619927
350673
387314
0
433259
0
595417
0
376823
0
314676
0
0
0
431875
479669
15186
0
231856
0
359517
1344
473838
0
0
314572
21347
0
886016
0
308333
0
0
179086
0
0
456335
0
574170
83494
1042866
221559
0
212438
0
0
0
489014
0
182750
367865
0
348159
71323
105432
0
0
314869
0
576091
0
475510
0
0
0
5199
0
337349
0
452373
0
702493
0
135492
0
465269
0
228034
502203
0
134092
56580
0
398265
0
659042
792818
143440
506986
0
0
233015
143373
283427
0
484294
58062
0
0
0
0
0
422445
0
269400
221381
0
180800
0
389778
0
739151
470967
530074
613972
0
135830
0
549520
0
692570
512608
0
0
0
0
0
287655
0
89015
416332
459362
0
0
859544
0
0
256349
0
121904
18358
0
0
0
364629
0
0
511014
0
0
428849
94371
418034
338637
56602
347056
0
306146
0
141943
102808
0
918374
0
543754
0
196517
0
470747
37524
0
0
90821
0
0
642002
0
586611
0
0
282715
0
121589
210508
464347
256648
10270
0
389676
0
32810
0
198206
667366
0
582225
201713
0
0
0
545742
0
389419
35671
0
38420
376033
0
0
620639
0
0
153423
0
0
0
0
0
83406
0
205295
559789
345509
204492
17210
293240
0
551469
97268
519850
0
0
465248
515634
387351
0
376587
77364
18048
0
0
160057
663770
0
424759
0
0
651647
4575
733822
0
302352
0
0
98075
0
808121
0
0
39011
322708
0
229735
42586
274709
0
65999
0
506519
95929
0
321875
0
63560
0
744566
1175497
0
685
0
0
649337
552893
66355
0
0
0
530465
104408
0
1999
0
0
0
0
219153
0
0
418778
78592
137188
0
324781
1127524
0
0
112344
0
0
111435
499728
76569
517263
0
0
935153
0
501518
0
229439
0
654314
765697
0
0
355528
660
0
0
0
186898
0
61798
0
698909
587629
0
316864
0
0
90314
0
0
673498
0
0
185222
68714
505085
0
0
36056
0
0
103938
0
843464
832881
69915
434528
97904
0
0
371437
169356
0
0
281548
0
0
62288
373549
0
419799
442642
0
379280
116358
0
396711
700633
258261
0
323140
311612
7742
0
0
183584
0
0
542641
0
16518
0
312055
733056
238978
0
118386
0
0
0
0
797048
0
0
0
492460
0
18688
709381
0
0
0
0
0
72750
0
335764
175750
0
358380
0
225758
0
395954
0
695317
0
203141
0
347274
238925
0
428565
0
0
228181
0
0
258782
601384
178515
0
44964
0
241340
86735
177866
0
315459
0
0
0
623277
0
277612
178548
0
62909
0
0
537498
90394
269287
0
108732
0
225808
0
0
0
271978
0
82859
0
221490
0
0
304793
211784
274903
808127
0
0
0
267821
142702
180328
0
0
95315
0
0
0
734999
0
37289
124565
187796
0
677599
0
578968
0
636934
0
96575
305067
0
726895
0
0
0
0
0
0
0
206956
0
734465
0
208334
0
0
0
754381
0
0
0
464610
3765
231060
0
0
408659
0
99452
0
162697
93183
160043
0
0
0
420608
294140
0
0
32740
249914
324176
398242
304225
972122
272696
0
161302
445925
0
0
0
725372
0
666487
0
381861
7145
0
940003
0
420849
805418
369286
0
0
0
95562
114441
0
75435
82766
0
626688
0
333469
267624
550475
0
917520
0
0
0
54839
23067
0
771129
0
132847
238526
0
0
0
144446
10485
424380
124973
58520
0
0
0
0
106067
179215
15129
0
144714
0
842960
0
327490
0
0
114090
0
914177
0
886845
554934
0
334225
0
495649
763122
0
0
364531
0
52106
304196
0
0
29555
455201
0
147474
0
0
0
0
189283
178589
481328
173665
34574
100219
0
52912
0
0
61248
515117
794940
836241
0
306146
0
132257
0
221950
311290
0
1027778
506703
0
565417
0
564188
118616
323309
224810
793246
0
0
0
0
4185
0
684820
612139
0
543191
311406
0
341929
287121
365028
284157
0
419126
474520
291085
0
0
178869
1039921
412730
0
0
34267
66179
540412
0
0
0
199910
399724
440926
189377
527295
0
0
0
0
0
0
0
0
299303
13100
0
575977
0
0
0
335439
539631
0
0
0
222798
0
0
52284
343460
231466
0
97928
0
0
702304
0
0
0
0
0
0
0
0
0
287045
273517
7034
0
0
0
262870
497782
508118
0
0
870798
0
0
280565
0
0
0
0
374874
72292
0
0
0
283185
416371
366611
0
0
0
263391
0
495955
245876
14857
0
196896
295487
570386
474136
0
138301
337858
0
137689
0
0
0
0
523830
0
339099
30702
166343
429127
0
95624
0
546349
217386
0
0
0
0
0
25738
225941
0
384016
231213
296399
0
338431
391764
0
0
0
441483
196128
0
0
351908
0
59379
0
0
0
0
454854
413984
568330
19070
0
0
0
353709
99684
0
0
181569
118407
12609
793278
793134
238984
386535
766164
137794
0
22174
96058
0
0
20456
0
229452
491359
0
152815
278903
356094
0
281189
1238512
552606
658735
0
0
0
202319
0
654322
0
0
601077
135277
141692
0
0
0
0
301953
456022
144333
0
378919
0
502167
0
0
377082
511852
837228
281360
0
0
123906
0
101368
0
0
48527
86019
0
0
133555
0
0
0
0
332105
603262
1251820
89154
584995
82117
0
0
0
0
61570
0
484918
0
0
0
263880
0
0
0
0
304392
659071
814508
41617
0
217686
0
58948
0
956363
0
0
231792
37927
0
1197549
0
0
0
0
180011
16066
64610
218804
0
169550
0
0
617990
0
0
482122
17480
256409
3984
251668
353232
0
655233
513525
0
401196
0
0
202732
759143
427359
641596
422482
0
731529
0
0
0
0
0
0
98468
0
212019
0
0
0
0
66691
0
61066
0
477777
0
0
817773
357374
0
299675
0
81852
511251
1463095
472426
0
0
114870
0
604841
51573
0
261389
0
272584
0
0
580219
0
0
358579
0
0
0
0
0
0
0
0
0
0
600286
373489
0
0
0
0
411986
487006
436597
339936
83785
167411
197201
229936
254958
40871
0
0
0
675299
0
32284
85346
0
51746
0
0
224674
0
0
454676
0
0
0
0
922431
0
0
0
606988
732738
31176
137497
0
72574
463838
248386
172063
0
0
447140
128047
0
686618
295671
227651
598715
0
758043
24785
728815
331102
326780
274115
0
0
0
0
263563
628601
56409
576211
0
194233
371218
194897
0
0
0
0
0
0
0
209399
187829
0
467778
0
0
633970
0
0
0
389307
0
0
84495
243757
452694
0
0
596004
245450
697669
65551
0
119362
0
364669
0
0
0
205165
0
0
182935
0
36178
0
0
0
0
0
35108
0
703246
531113
0
0
0
0
77003
793296
439986
0
0
775382
1310815
550969
57969
0
35809
0
1076
0
26223
0
564590
210987
0
299323
384921
198689
0
0
0
67250
0
0
0
0
250531
431678
0
0
0
0
464607
194276
146824
333442
744156
65534
0
0
0
774031
0
0
687883
0
295213
192364
33941
448964
49043
0
0
527875
0
0
0
446130
338301
0
316792
97195
0
0
90002
0
0
124121
794449
295592
0
0
0
0
690759
178810
0
0
0
371680
0
0
0
690101
0
0
0
0
0
18411
276878
0
0
0
0
0
0
346890
748430
0
303005
0
0
469274
72880
0
685336
345886
0
277854
153749
389033
335889
0
73360
0
0
0
0
0
768629
0
49321
201394
0
247181
704246
0
0
311228
0
0
0
0
0
0
0
187231
0
208964
585204
0
0
0
611570
562016
165378
0
23130
41478
0
0
283396
453426
351189
28660
32867
3594
0
158727
77032
0
50057
0
0
0
0
473168
168713
474126
0
0
0
567800
391786
492336
397494
0
301489
0
0
0
162984
60951
390349
13812
0
98526
0
0
0
271744
241274
0
0
0
133314
467245
295446
273562
0
0
237133
421634
0
0
0
346118
729018
411592
0
114830
0
616964
0
0
0
221835
163914
0
0
497982
732135
88956
682987
292306
0
0
0
146368
346835
399191
242549
0
22822
0
0
0
0
0
0
0
502007
541069
0
0
289030
522677
0
771257
757058
404244
447809
720389
611078
219065
460729
0
0
0
0
0
0
0
0
0
76544
0
0
129739
262749
0
137686
0
307530
263986
540848
213205
0
74143
0
0
0
0
146195
505972
0
117038
0
350010
46431
58643
0
36352
0
0
313869
191060
0
297322
0
0
0
0
267022
0
0
146204
0
0
0
493321
0
0
0
54768
155610
157239
183193
0
64074
102175
0
0
107488
0
0
0
615484
41343
0
0
0
57272
0
0
0
0
505495
425296
0
0
0
0
166957
0
0
481547
378654
0
0
179883
399921
697980
0
102044
0
0
113547
308985
0
651694
470108
199051
0
0
0
177198
0
132894
0
0
0
426396
1362
320533
0
0
0
0
0
0
0
406169
0
0
314306
0
0
0
616813
299544
0
0
0
208840
73050
53022
192487
0
58375
0
0
0
234587
37940
35387
0
0
0
0
200244
0
57586
0
0
0
42639
335895
228315
91620
251392
215410
0
4208
404042
59413
0
0
0
16946
356091
32454
116936
0
0
0
55608
0
0
0
0
0
0
251572
0
0
0
37675
0
0
0
0
135085
98575
0
736796
77000
0
29796
413353
182116
247862
0
180504
278897
0
0
210138
0
375690
316512
0
400555
0
364697
0
0
141602
156588
177436
0
0
0
0
224052
0
61527
0
0
0
79773
0
146032
0
0
109872
146835
0
25922
0
427434
0
0
340748
0
0
0
0
169215
378157
0
0
0
220563
0
568679
0
0
0
0
0
106113
81374
482516
178938
194316
0
0
0
816598
52690
0
115170
0
50223
72859
182645
266820
0
0
0
318190
60969
115475
185842
0
0
125393
306292
0
0
0
208830
25743
254805
0
320971
110345
232419
0
237192
0
248724
0
0
0
0
0
0
241450
0
132556
41435
0
328098
357907
158510
364079
0
422256
0
0
0
160665
0
0
359294
387295
0
0
0
0
0
254575
0
77151
158828
148431
306672
58033
243547
0
0
493505
0
13512
0
0
0
0
286881
0
316047
0
0
261090
178872
600299
5328
0
0
436922
53156
81703
511185
0
36596
0
0
153499
117853
283495
163088
164010
332703
0
0
0
0
171559
0
94582
166100
0
0
88412
383868
0
341206
0
81528
320353
99346
527693
0
398545
0
209954
235908
0
290851
13807
300927
281393
0
0
0
305643
0
0
176700
0
0
58848
0
230270
91907
231251
0
68203
187861
295683
0
52785
46366
0
245014
0
0
252866
226704
0
0
60078
0
0
0
93549
0
0
39308
21183
0
14387
26973
0
0
0
354972
93418
287303
0
8265
0
104670
207449
0
0
0
0
0
260457
187208
253139
41841
0
184094
752926
253045
201745
736916
25082
169920
0
0
0
0
0
0
779075
50884
215323
297012
359958
0
0
0
0
0
0
113781
0
0
39347
74037
240659
192048
0
148669
147599
138440
47201
0
0
199381
369964
22795
278281
0
2976
0
159434
278314
120646
0
118140
0
0
0
0
146072
195834
199328
136071
0
0
0
256606
295686
390853
0
0
0
0
0
39744
0
437766
65364
447657
296340
269126
286482
14903
77689
0
357707
0
0
2399
68878
254838
431468
0
140026
274391
0
132174
78334
76874
4384
96125
515132
0
0
1409
0
118463
254538
257505
0
0
0
270645
0
476977
0
149095
146327
440069
224402
126698
0
0
0
303042
346170
0
0
287790
274759
421700
291440
125203
0
0
0
129664
297742
410779
0
0
168989
347273
104449
523184
0
0
65444
251254
346587
144612
136822
3508
233840
0
0
0
0
240112
321616
129045
320698
0
203040
152365
37442
257166
0
0
47606
105083
342333
0
17550
0
74486
241237
149544
0
167955
0
79807
145564
0
109426
0
0
0
0
0
0
415059
160311
0
0
0
566
486202
109440
290677
0
246831
520870
0
51436
0
612131
5298
128859
0
433303
111498
143422
0
0
0
0
0
214324
132404
0
288818
229991
0
60548
0
32781
126839
416148
224137
326017
155565
0
115009
0
0
455712
415672
29784
0
0
170710
101167
0
110765
0
0
0
0
255340
35755
269639
0
309604
26410
0
0
102055
243423
0
0
279213
0
24336
244794
101748
14733
193695
175485
129896
0
202567
143636
0
105877
0
75086
0
113009
35458
308660
122979
0
0
424607
0
0
0
343621
362564
304333
129294
284872
0
0
327968
98739
58629
209336
0
0
0
0
0
0
164191
0
298381
293707
124567
179784
181045
8063
550692
358464
119102
0
11067
168975
410834
0
74212
0
0
0
286094
43305
108318
0
162049
0
0
0
0
70012
51675
285890
0
133824
158337
0
0
0
0
0
0
227929
0
133768
222703
163219
0
463088
0
0
0
0
302330
230816
0
260899
0
162387
87900
0
51946
0
117033
0
0
0
51408
37276
63317
46452
27055
225893
377975
0
432548
179676
115567
146892
174320
260180
12753
0
0
395023
0
0
7721
0
45609
0
145990
54161
0
80497
0
0
179125
1344
39893
0
220728
652299
29558
0
367254
297938
331981
0
152651
42022
159271
0
166014
96439
214430
0
295915
209885
9280
0
84996
0
31354
0
121677
0
0
0
227847
929
502756
236420
68503
187560
194666
0
0
272087
0
277949
18056
201496
0
71698
0
74906
202058
58651
0
35167
51163
251440
0
79360
0
0
0
247938
86025
0
205657
0
0
0
461724
137828
112961
0
196561
0
175462
0
0
0
0
3078
0
193573
79815
0
0
0
0
0
444009
133632
0
0
139333
0
289777
0
0
90040
0
0
0
264586
5327
0
0
10288
280739
525982
0
94879
92401
0
248033
252595
0
14581
0
0
0
49306
0
0
0
0
0
0
0
0
0
262131
66917
0
247150
132529
0
57547
3407
