-428422
-143344
-913405
245706
-271571
-193315
-57830
-147575
-244690
144707
-250976
-163471
-525061
491723
-585939
450305
-380857
147403
52249
-163457
599164
330511
-428716
110744
-379319
-61191
-90285
93733
-526156
215403
348707
842523
-285281
196233
164570
-479110
-61052
-257035
29089
42240
36951
-324362
292077
-338709
-17400
193381
-68315
-177011
160349
314326
40213
-443313
58067
-383156
47503
31310
-211457
563634
304727
-297684
448538
366856
517381
-212370
-372418
423312
-333871
352487
-160279
698286
982154
142357
309183
877119
154785
338160
230607
-167140
-130948
535109
159192
-309422
475843
191908
-467280
166868
271204
-516509
253904
309546
-280502
-202042
-555659
553403
-61231
576407
558710
-364017
-69892
-666924
25735
131630
-110328
-615880
-398117
35620
-63724
-54912
205388
-573387
-451915
-49167
-99967
-107007
-86475
188074
-479670
-153927
-258072
392679
82479
-289422
145805
-66695
17756
339938
-18035
-82303
257717
6171
101064
469310
-37414
690931
-564582
-69016
-356985
-207939
-309593
136136
211704
-30333
189917
-627668
254442
-282876
100820
607392
-290400
332430
-270800
-466686
310999
639600
655951
27270
233675
89678
-1022968
275548
-237980
-485532
517920
-746120
449834
497003
-625579
797156
130037
331363
-395003
807858
259784
515784
828710
50709
50988
-309677
54696
-551351
513121
-248930
-450209
-152498
-710540
-154523
-35194
300233
-268198
472616
208086
-473252
580847
363163
306449
-678646
570758
-125274
-1278746
-82663
-195634
416460
-883187
121645
-39224
-140469
-261034
207769
603455
236200
-365890
-262807
-719047
122635
349545
-52055
-120964
-546597
234036
-282081
-46508
307419
-180421
-567038
1110455
-319511
793067
-514619
905249
-496020
181160
-368472
-300410
748362
-607094
697610
-31144
156573
-305217
-464384
158316
503679
898366
-207187
-27910
475847
56552
619927
350673
387314
-479309
433259
-595511
595417
-605604
376823
-323344
314676
-470005
-246413
-261815
431875
479669
15186
-165865
231856
-267271
359517
1344
473838
-208048
-626749
314572
21347
-172737
886016
-828882
308333
-418870
-496662
179086
-543713
-306305
456335
-360926
574170
83494
1042866
221559
-241905
212438
-515237
-109599
-515163
489014
-187771
182750
367865
-473544
348159
71323
105432
-564777
-489336
314869
-996450
576091
-945204
475510
-40178
-475684
-49817
5199
-641140
337349
-442203
452373
-399121
702493
-171662
135492
-368989
465269
-263027
228034
502203
-699135
134092
56580
-492990
398265
-382424
659042
792818
143440
506986
-235848
-502765
233015
143373
283427
-111782
484294
58062
-153405
-571261
-70233
-22279
-923617
422445
-277342
269400
221381
-126611
180800
-175870
389778
-156808
739151
470967
530074
613972
-123191
135830
-700549
549520
-339307
692570
512608
-857213
-39357
-11825
-786873
-43897
287655
-135896
89015
416332
459362
-374410
-368923
859544
-1054219
-520134
256349
-361245
121904
18358
-389083
-628746
-731718
364629
-31969
-112772
511014
-912771
-47352
428849
94371
418034
338637
56602
347056
-121380
306146
-89221
141943
102808
-425017
918374
-439877
543754
-563294
196517
-216778
470747
37524
-245785
-275138
90821
-120914
-312111
642002
-835224
586611
-213406
-178488
282715
-57450
121589
210508
464347
256648
10270
-264085
389676
-300844
32810
-351575
198206
667366
-343930
582225
201713
-236404
-261063
-1091985
545742
-231560
389419
35671
-471992
38420
376033
-171058
-114058
620639
-347741
-657499
153423
-51683
-64351
-305112
-134656
-968405
83406
-432854
205295
559789
345509
204492
17210
293240
-621944
551469
97268
519850
-341428
-302781
465248
515634
387351
-1663
376587
77364
18048
-309641
-376028
160057
663770
-80129
424759
-73316
-518406
651647
4575
733822
-134765
302352
-169926
-340190
98075
-30117
808121
-158787
-613266
39011
322708
-367610
229735
42586
274709
-414252
65999
-1075900
506519
95929
-198435
321875
-175609
63560
-313317
744566
1175497
-635876
685
-184411
-401605
649337
552893
66355
-244068
-423882
-89521
530465
104408
-132685
1999
-70118
-499794
-294713
-130811
219153
-256623
-343616
418778
78592
137188
-645793
324781
1127524
-450913
-436161
112344
-195015
-155879
111435
499728
76569
517263
-3949
-61307
935153
-211379
501518
-227723
229439
-123945
654314
765697
-83032
-35752
355528
660
-110770
-374157
-264975
186898
-511771
61798
-208659
698909
587629
-641116
316864
-178826
-81057
90314
-302664
-1051276
673498
-334841
-465885
185222
68714
505085
-14654
-40940
36056
-863028
-90805
103938
-166409
843464
832881
69915
434528
97904
-212821
-305572
371437
169356
-58934
-594195
281548
-44888
-66890
62288
373549
-73386
419799
442642
-565473
379280
116358
-477966
396711
700633
258261
-28903
323140
311612
7742
-479960
-437064
183584
-486912
-473328
542641
-330231
16518
-46957
312055
733056
238978
-346096
118386
-272473
-365699
-79073
-164150
797048
-87196
-318986
-630180
492460
-419856
18688
709381
-521399
-196541
-635762
-381816
-112838
72750
-274554
335764
175750
-198948
358380
-147995
225758
-149924
395954
-631515
695317
-398262
203141
-410888
347274
238925
-90565
428565
-222394
-385825
228181
-178108
-311566
258782
601384
178515
-65437
44964
-2117
241340
86735
177866
-650558
315459
-274154
-342582
-391523
623277
-76992
277612
178548
-9839
62909
-698828
-334625
537498
90394
269287
-217396
108732
-461402
225808
-57615
-267321
-511136
271978
-384626
82859
-291035
221490
-192867
-9854
304793
211784
274903
808127
-412215
-701
-155965
267821
142702
180328
-128332
-331601
95315
-90599
-108788
-210201
734999
-172767
37289
124565
187796
-219429
677599
-673067
578968
-641156
636934
-233104
96575
305067
-231260
726895
-244214
-180624
-187128
-122250
-557922
-750153
-565296
206956
-249568
734465
-325498
208334
-357592
-91426
-333444
754381
-224143
-326620
-124341
464610
3765
231060
-379213
-332952
408659
-358099
99452
-700729
162697
93183
160043
-614817
-440738
-434998
420608
294140
-113806
-41332
32740
249914
324176
398242
304225
972122
272696
-45931
161302
445925
-272770
-82264
-330921
725372
-424561
666487
-240663
381861
7145
-777299
940003
-701475
420849
805418
369286
-6694
-263114
-323444
95562
114441
-1272
75435
82766
-370766
626688
-824331
333469
267624
550475
-549264
917520
-687956
-228440
-339353
54839
23067
-282507
771129
-572482
132847
238526
-216089
-34353
-336067
144446
10485
424380
124973
58520
-246568
-137690
-56274
-80151
106067
179215
15129
-215426
144714
-334933
842960
-336926
327490
-709223
-289956
114090
-744512
914177
-427059
886845
554934
-32506
334225
-286220
495649
763122
-129183
-156527
364531
-186657
52106
304196
-299473
-32613
29555
455201
-247638
147474
-555204
-36256
-39042
-297851
189283
178589
481328
173665
34574
100219
-837404
52912
-71783
-271230
61248
515117
794940
836241
-64285
306146
-996604
132257
-895386
221950
311290
-530857
1027778
506703
-103364
565417
-507647
564188
118616
323309
224810
793246
-45634
-327099
-613930
-18211
4185
-30315
684820
612139
-260519
543191
311406
-343640
341929
287121
365028
284157
-294693
419126
474520
291085
-11898
-80328
178869
1039921
412730
-261680
-514224
34267
66179
540412
-946913
-1038157
-252966
199910
399724
440926
189377
527295
-548782
-190112
-452697
-566163
-312783
-395037
-693776
-13786
299303
13100
-18956
575977
-986378
-277999
-439612
335439
539631
-401593
-417282
-273171
222798
-112349
-671580
52284
343460
231466
-907372
97928
-154711
-1210777
702304
-314570
-507999
-115192
-49206
-475627
-328065
-252820
-646176
-277319
287045
273517
7034
-194876
-306404
-68514
262870
497782
508118
-224080
-29027
870798
-606345
-601377
280565
-241517
-373141
-776152
-252896
374874
72292
-661756
-457230
-142042
283185
416371
366611
-32877
-478891
-36242
263391
-69190
495955
245876
14857
-713062
196896
295487
570386
474136
-290201
138301
337858
-27391
137689
-806608
-649914
-697383
-120167
523830
-193629
339099
30702
166343
429127
-497681
95624
-251050
546349
217386
-504242
-591733
-75991
-312141
-895974
25738
225941
-562731
384016
231213
296399
-501873
338431
391764
-314818
-395089
-101655
441483
196128
-406770
-485019
351908
-132741
59379
-218273
-1009770
-280470
-461407
454854
413984
568330
19070
-344863
-355698
-475616
353709
99684
-203618
-638223
181569
118407
12609
793278
793134
238984
386535
766164
137794
-527104
22174
96058
-711909
-209499
20456
-1132453
229452
491359
-665677
152815
278903
356094
-414469
281189
1238512
552606
658735
-625811
-277364
-387885
202319
-17098
654322
-806816
-450515
601077
135277
141692
-229772
-514889
-93850
-332295
301953
456022
144333
-174312
378919
-990225
502167
-464150
-255610
377082
511852
837228
281360
-361985
-636262
123906
-77172
101368
-221203
-451767
48527
86019
-101078
-46285
133555
-638325
-367952
-345883
-76246
332105
603262
1251820
89154
584995
82117
-671267
-72566
-966627
-554230
61570
-58513
484918
-97860
-556409
-719625
263880
-509452
-366558
-427206
-471100
304392
659071
814508
41617
-384043
217686
-85267
58948
-287655
956363
-89565
-75800
231792
37927
-68649
1197549
-38318
-294714
-1104861
-1010
180011
16066
64610
218804
-100137
169550
-396653
-236027
617990
-233433
-353991
482122
17480
256409
3984
251668
353232
-48679
655233
513525
-27864
401196
-329226
-454146
202732
759143
427359
641596
422482
-165409
731529
-443887
-322501
-205786
-42954
-435246
-85443
98468
-575303
212019
-469018
-789121
-634756
-605397
66691
-335136
61066
-28305
477777
-76266
-266056
817773
357374
-126601
299675
-206990
81852
511251
1463095
472426
-468903
-396098
114870
-118312
604841
51573
-390479
261389
-59331
272584
-154043
-546682
580219
-290861
-388715
358579
-779240
-194716
-638805
-507842
-199739
-792390
-614503
-14569
-139172
-336898
600286
373489
-408336
-618111
-268086
-26935
411986
487006
436597
339936
83785
167411
197201
229936
254958
40871
-261759
-263738
-455345
675299
-22874
32284
85346
-421628
51746
-1116453
-616471
224674
-351958
-218891
454676
-90210
-86760
-366014
-16730
922431
-800044
-477420
-10385
606988
732738
31176
137497
-351104
72574
463838
248386
172063
-615664
-874120
447140
128047
-418135
686618
295671
227651
598715
-29756
758043
24785
728815
331102
326780
274115
-673126
-800729
-654495
-259112
263563
628601
56409
576211
-518377
194233
371218
194897
-335226
-303997
-298278
-414648
-8440
-203006
-142822
209399
187829
-98898
467778
-594608
-197826
633970
-864614
-191806
-1080824
389307
-154303
-232985
84495
243757
452694
-474394
-495388
596004
245450
697669
65551
-283935
119362
-483316
364669
-100704
-100879
-559060
205165
-108622
-342302
182935
-864226
36178
-274655
-528217
-183482
-309759
-161110
35108
-173470
703246
531113
-358296
-209359
-527514
-225882
77003
793296
439986
-118087
-51365
775382
1310815
550969
57969
-132403
35809
-123454
1076
-13579
26223
-216573
564590
210987
-125017
299323
384921
198689
-501018
-644859
-28583
67250
-597197
-854697
-85202
-41654
250531
431678
-123132
-640211
-241881
-134277
464607
194276
146824
333442
744156
65534
-578482
-211721
-11209
774031
-217320
-783962
687883
-332137
295213
192364
33941
448964
49043
-614986
-203282
527875
-459518
-721410
-341703
446130
338301
-801
316792
97195
-594358
-900690
90002
-165158
-620929
124121
794449
295592
-323833
-633989
-423293
-379715
690759
178810
-488950
-122776
-325572
371680
-82709
-203544
-111596
690101
-218190
-234026
-275175
-586988
-387255
18411
276878
-156637
-574037
-902431
-98070
-83195
-153827
346890
748430
-65746
303005
-123784
-625019
469274
72880
-124332
685336
345886
-206130
277854
153749
389033
335889
-112975
73360
-166333
-341167
-405639
-196523
-463129
768629
-175675
49321
201394
-94571
247181
704246
-211879
-322127
311228
-485882
-692289
-151678
-428492
-225629
-108170
-7081
187231
-138465
208964
585204
-135103
-601970
-429165
611570
562016
165378
-395490
23130
41478
-56890
-179105
283396
453426
351189
28660
32867
3594
-197611
158727
77032
-386587
50057
-496617
-68019
-793778
-302316
473168
168713
474126
-425187
-769076
-456239
567800
391786
492336
397494
-8329
301489
-4744
-166607
-145555
162984
60951
390349
13812
-487931
98526
-165070
-459154
-282677
271744
241274
-341051
-566336
-95723
133314
467245
295446
273562
-312372
-93370
237133
421634
-170091
-327807
-504196
346118
729018
411592
-125775
114830
-164981
616964
-125935
-411904
-415101
221835
163914
-522396
-96655
497982
732135
88956
682987
292306
-113338
-671848
-254850
146368
346835
399191
242549
-78565
22822
-248466
-172559
-12374
-279394
-574692
-8404
-226060
502007
541069
-437395
-100047
289030
522677
-368087
771257
757058
404244
447809
720389
611078
219065
460729
-736289
-919590
-128103
-296215
-335144
-133060
-617659
-632743
-7847
76544
-166240
-538795
129739
262749
-497310
137686
-555573
307530
263986
540848
213205
-939012
74143
-151186
-169895
-322880
-31117
146195
505972
-33581
117038
-66808
350010
46431
58643
-727418
36352
-379997
-647210
313869
191060
-575021
297322
-1018996
-257989
-409865
-227600
267022
-530077
-16444
146204
-29568
-133675
-135766
493321
-2832
-16653
-277939
54768
155610
157239
183193
-119003
64074
102175
-386121
-58550
107488
-335599
-373898
-552027
615484
41343
-15489
-259979
-315355
57272
-633503
-572908
-922105
-268144
505495
425296
-337350
-683637
-569766
-377529
166957
-285042
-255671
481547
378654
-227411
-162734
179883
399921
697980
-111479
102044
-252554
-697002
113547
308985
-69984
651694
470108
199051
-552599
-53529
-43183
177198
-162592
132894
-121129
-235800
-329782
426396
1362
320533
-233112
-308683
-183990
-205051
-219151
-499105
-364064
406169
-555002
-199430
314306
-34716
-623024
-443685
616813
299544
-5451
-117778
-253696
208840
73050
53022
192487
-325328
58375
-11955
-161075
-212946
234587
37940
35387
-49512
-20463
-146915
-434408
200244
-134611
57586
-30688
-94731
-99716
42639
335895
228315
91620
251392
215410
-42358
4208
404042
59413
-318675
-267718
-154439
16946
356091
32454
116936
-188101
-228865
-143866
55608
-101232
-11758
-490092
-116134
-80123
-367703
251572
-317534
-424719
-121029
37675
-11477
-154081
-296137
-82046
135085
98575
-34624
736796
77000
-261376
29796
413353
182116
247862
-228864
180504
278897
-159147
-194292
210138
-88572
375690
316512
-87480
400555
-118183
364697
-209225
-232388
141602
156588
177436
-295434
-370085
-41570
-47637
224052
-199634
61527
-182238
-191859
-270410
79773
-454192
146032
-101656
-179929
109872
146835
-196876
25922
-273453
427434
-221599
-12657
340748
-282792
-102334
-98945
-189541
169215
378157
-187085
-441664
-82949
220563
-51335
568679
-218034
-162007
-29409
-109482
-201396
106113
81374
482516
178938
194316
-12373
-1162
-258293
816598
52690
-244641
115170
-23295
50223
72859
182645
266820
-270415
-10172
-123964
318190
60969
115475
185842
-36459
-178367
125393
306292
-290079
-71229
-76344
208830
25743
254805
-79523
320971
110345
232419
-298134
237192
-204837
248724
-54281
-90549
-82457
-148729
-199861
-100038
241450
-5385
132556
41435
-572005
328098
357907
158510
364079
-20982
422256
-118503
-221663
-3573
160665
-276963
-49658
359294
387295
-379207
-13402
-245966
-175705
-468958
254575
-74503
77151
158828
148431
306672
58033
243547
-319318
-18176
493505
-303087
13512
-469505
-101495
-193268
-357799
286881
-48786
316047
-13847
-18715
261090
178872
600299
5328
-105235
-11034
436922
53156
81703
511185
-47889
36596
-12930
-22434
153499
117853
283495
163088
164010
332703
-58276
-3732
-120556
-90605
171559
-490110
94582
166100
-49017
-174708
88412
383868
-47898
341206
-431599
81528
320353
99346
527693
-72308
398545
-24400
209954
235908
-127534
290851
13807
300927
281393
-25155
-246851
-313557
305643
-102225
-406987
176700
-301909
-87843
58848
-273409
230270
91907
231251
-183293
68203
187861
295683
-343002
52785
46366
-258121
245014
-90879
-450076
252866
226704
-267642
-261091
60078
-246548
-407333
-304544
93549
-1505
-60221
39308
21183
-162846
14387
26973
-283424
-207995
-363821
354972
93418
287303
-54032
8265
-63397
104670
207449
-238398
-162971
-54788
-146024
-37298
260457
187208
253139
41841
-298550
184094
752926
253045
201745
736916
25082
169920
-333788
-13775
-74686
-423392
-33306
-39237
779075
50884
215323
297012
359958
-248581
-460192
-149009
-230635
-25884
-51767
113781
-241299
-52099
39347
74037
240659
192048
-174286
148669
147599
138440
47201
-232896
-89037
199381
369964
22795
278281
-103742
2976
-44274
159434
278314
120646
-56279
118140
-334540
-260355
-53783
-157374
146072
195834
199328
136071
-153815
-413464
-232304
256606
295686
390853
-77264
-338226
-34022
-637040
-157461
39744
-188299
437766
65364
447657
296340
269126
286482
14903
77689
-41703
357707
-209076
-230834
2399
68878
254838
431468
-489051
140026
274391
-455064
132174
78334
76874
4384
96125
515132
-254973
-420392
1409
-215589
118463
254538
257505
-270354
-32474
-250805
270645
-135989
476977
-26042
149095
146327
440069
224402
126698
-65154
-230227
-10328
303042
346170
-170540
-156259
287790
274759
421700
291440
125203
-480590
-85452
-43665
129664
297742
410779
-219580
-186117
168989
347273
104449
523184
-296949
-182832
65444
251254
346587
144612
136822
3508
233840
-158085
-356803
-34094
-281316
240112
321616
129045
320698
-89709
203040
152365
37442
257166
-498651
-15297
47606
105083
342333
-224313
17550
-24397
74486
241237
149544
-66621
167955
-39363
79807
145564
-197612
109426
-197755
-125077
-83785
-6634
-102155
-14543
415059
160311
-107204
-137479
-127705
566
486202
109440
290677
-73368
246831
520870
-335216
51436
-133311
612131
5298
128859
-158360
433303
111498
143422
-402299
-153166
-17655
-358847
-242756
214324
132404
-79454
288818
229991
-180150
60548
-193469
32781
126839
416148
224137
326017
155565
-170712
115009
-87379
-48399
455712
415672
29784
-479034
-261950
170710
101167
-45867
110765
-295392
-125480
-168901
-125868
255340
35755
269639
-270812
309604
26410
-79620
-588939
102055
243423
-108497
-228232
279213
-205922
24336
244794
101748
14733
193695
175485
129896
-55614
202567
143636
-33748
105877
-112882
75086
-327416
113009
35458
308660
122979
-186126
-37077
424607
-236147
-192446
-395089
343621
362564
304333
129294
284872
-254177
-81711
327968
98739
58629
209336
-19635
-172796
-356415
-99250
-289365
-211118
164191
-204268
298381
293707
124567
179784
181045
8063
550692
358464
119102
-187339
11067
168975
410834
-125101
74212
-32385
-237646
-94621
286094
43305
108318
-288303
162049
-123524
-13739
-226804
-72158
70012
51675
285890
-63385
133824
158337
-111269
-113223
-187599
-313874
-21695
-299939
227929
-69980
133768
222703
163219
-135434
463088
-161303
-163255
-386682
-137494
302330
230816
-14756
260899
-128858
162387
87900
-147385
51946
-36272
117033
-292850
-507212
-111821
51408
37276
63317
46452
27055
225893
377975
-66091
432548
179676
115567
146892
174320
260180
12753
-35294
-141207
395023
-64471
-165680
7721
-48478
45609
-322053
145990
54161
-7160
80497
-150546
-308158
179125
1344
39893
-115317
220728
652299
29558
-9750
367254
297938
331981
-116396
152651
42022
159271
-65528
166014
96439
214430
-232990
295915
209885
9280
-158044
84996
-24905
31354
-170234
121677
-292609
-98617
-8219
227847
929
502756
236420
68503
187560
194666
-18298
-13295
272087
-427154
277949
18056
201496
-167014
71698
-529273
74906
202058
58651
-136861
35167
51163
251440
-161169
79360
-23755
-58738
-241991
247938
86025
-239522
205657
-205450
-391477
-35324
461724
137828
112961
-82681
196561
-342767
175462
-274968
-19575
-238336
-2302
3078
-149781
193573
79815
-121293
-119762
-291431
-148715
-323787
444009
133632
-405194
-183406
139333
-105869
289777
-71140
-224378
90040
-103224
-348412
-244563
264586
5327
-232366
-463402
10288
280739
525982
-459039
94879
92401
-208385
248033
252595
-359757
14581
-598730
-84348
-58314
49306
-7469
-40581
-26466
-396625
-136300
-5209
-595654
-182771
-83015
262131
66917
-37598
247150
132529
-171236
57547
3407
