26 119 229 32 246 237 168 194 199 16 217 154 35 245 101 136 5 56 225 212 165 1 95 219 75 240 128 74 219 172 103 247
75 1 117 173 71 92 218 155 0 143 169 22 114 61 78 249 125 4 29 49 24 49 152 45 178 102 89 29 169 101 178 46
214 33 22 218 47 71 96 11 199 62 108 29 12 150 92 239 28 187 78 240 216 212 30 185 55 43 230 100 63 166 2 166
208 83 75 52 6 58 214 3 223 178 21 198 158 46 200 108 2 20 77 11 36 93 20 62 126 225 188 155 7 60 103 3
156 225 238 83 161 117 177 229 139 163 184 159 250 239 210 146 69 3 6 89 233 1 150 73 39 192 134 129 216 212 47 177
253 242 57 189 66 164 156 135 189 94 253 246 125 149 53 62 197 12 6 86 7 30 70 170 20 15 222 237 167 197 8 164
135 223 45 19 59 78 149 140 212 35 66 171 187 68 58 162 108 197 29 160 136 252 62 253 182 200 64 71 121 10 34 46
10 89 156 190 70 235 250 142 52 118 172 232 248 11 249 37 58 101 99 234 4 35 107 53 195 32 89 140 91 66 182 26
80 169 239 194 225 1 141 13 204 142 132 95 69 183 15 221 230 121 19 31 173 34 229 130 246 50 230 8 215 189 37 232
110 241 131 92 41 102 232 36 119 190 96 228 212 105 214 81 43 205 9 114 161 214 170 112 114 83 82 179 96 94 44 103
6 103 218 71 172 102 78 239 182 248 214 194 98 41 252 244 141 145 189 0 128 51 30 238 30 231 188 232 9 59 34 146
120 204 225 52 174 229 196 161 81 148 211 238 168 249 74 250 201 246 189 241 27 110 144 186 128 252 198 117 218 222 179 245
245 146 10 229 98 214 145 26 228 180 27 174 218 102 140 250 64 99 204 143 132 121 187 30 199 230 63 40 159 199 24 130
117 210 241 118 93 173 195 95 198 215 252 159 17 132 219 138 241 130 212 249 56 133 177 168 10 238 168 33 206 243 37 76
133 234 47 171 13 183 161 167 200 233 205 65 177 113 170 174 125 23 22 38 30 185 55 242 1 215 140 181 146 157 84 239
100 122 144 40 233 71 121 136 200 167 231 185 40 146 209 68 2 62 251 56 211 93 37 252 216 79 188 193 63 83 169 156
47 60 70 176 184 220 144 107 55 38 165 31 109 232 192 171 146 122 247 227 91 2 79 82 206 158 207 150 220 206 95 161
195 50 171 145 52 21 111 248 172 60 134 193 36 224 198 147 58 56 216 214 213 171 136 226 106 119 193 218 15 113 106 185
186 233 82 84 151 3 16 89 189 122 36 235 208 125 131 65 109 119 174 29 9 178 32 125 96 151 199 117 20 160 168 20
41 184 211 20 165 126 44 64 171 140 19 192 70 117 17 210 14 241 9 30 13 171 61 170 149 253 46 140 120 23 86 202
177 158 97 150 28 184 143 49 175 93 107 55 40 39 146 178 33 178 219 6 224 175 131 188 27 216 235 33 124 226 97 215
84 69 28 135 78 173 9 1 56 117 211 48 240 66 12 35 37 100 102 22 4 78 144 105 15 53 215 38 191 74 154 71
239 182 32 209 207 61 2 201 77 159 2 237 196 40 76 24 121 229 22 177 83 53 20 218 199 12 70 38 218 24 143 202
251 31 162 135 223 213 30 208 75 38 15 210 197 118 51 111 168 229 93 82 85 189 37 42 112 172 75 145 55 115 108 98
217 229 215 5 90 229 207 48 103 186 49 95 131 162 121 99 56 236 227 25 7 18 152 207 112 117 186 155 122 126 235 119
100 77 75 114 160 36 139 146 50 223 196 142 240 114 209 223 133 133 10 210 110 83 248 207 60 173 121 76 213 86 187 121
85 150 119 170 214 113 235 124 24 183 158 1 29 54 183 63 248 37 228 208 165 238 96 161 100 106 66 70 50 130 134 35
52 78 232 107 102 238 60 55 128 169 69 195 76 42 6 239 194 252 72 142 214 33 29 166 78 43 91 114 224 124 174 206
198 62 17 131 227 140 147 176 80 68 29 123 1 156 88 17 22 21 222 176 218 224 169 60 93 253 249 87 254 202 204 97
131 205 52 70 213 138 165 175 185 236 115 46 87 124 138 109 238 135 9 216 112 5 41 30 178 173 36 12 129 213 180 149
21 114 193 89 21 148 88 74 108 181 167 142 5 100 177 159 149 33 132 241 35 57 142 185 195 196 0 9 242 18 136 1
232 36 228 155 192 118 27 198 205 139 117 179 194 224 83 50 121 199 163 140 241 235 40 247 152 34 90 93 222 239 54 223
