-0.348894 0.983703 0.580923 0.070284 0.777533 0.581959 1.471791 1.663181 -0.261177 -0.688677 -0.694923 1.940423 1.805415 0.456314 -0.574812 0.114181 1.513581 0.351132 -0.088933 0.916954 0.505645 -0.815271 0.389151 -0.424962 0.039623 -0.527964 -0.510304 -0.888285 1.087625 0.673392 -1.067317 1.218050
3.363713 -0.832253 -0.340348 -1.858572 0.000823 0.351574 1.521509 -0.680474 0.938058 -0.681415 -0.201098 -0.017489 -1.787912 -0.851740 -1.628303 0.966998 0.053116 0.289713 0.062444 -1.098129 0.130533 -0.185337 -1.340735 -0.324020 1.484363 1.313088 -0.632164 -0.391573 -2.368496 -0.590684 -1.713002 -1.312851
0.453780 -1.783325 1.425516 -0.345699 0.998657 0.725386 -0.928410 -0.679983 -1.112628 0.012475 -0.526311 -0.679531 1.459948 1.366574 1.708101 0.239030 -0.459935 1.158312 0.253674 0.203743 1.773202 0.988609 -0.811427 -1.523259 -0.300994 -0.390611 0.468037 1.513548 0.424640 0.122346 -1.387647 -0.467041
1.273597 0.121722 -1.217464 0.403288 -1.473095 -0.807468 -1.032756 0.852845 -0.795059 0.932160 1.701165 0.114540 -0.280695 -1.159797 2.007743 -0.007124 0.594403 0.086778 -0.310212 0.387109 -1.311671 1.868221 -0.583792 -0.063660 0.003955 -0.233572 1.314822 -1.865235 0.389152 1.459780 -0.360319 -0.452692
1.375829 -0.145927 -1.494453 1.749575 1.449171 -1.006820 1.258568 0.529147 -0.514235 -2.378744 0.357096 1.513356 -0.586545 -0.691655 -0.299827 -0.346989 0.590325 1.759553 -0.803791 0.524631 1.214816 -0.073696 1.046753 0.146184 0.796793 -0.433942 -0.855804 1.312638 1.209319 -0.260683 0.483649 -1.739011
-0.452153 -0.494040 2.735992 -0.194406 0.608724 1.492002 0.094666 0.091541 0.218313 0.839430 0.391333 -0.389246 -0.895987 -1.071919 -0.345933 -0.508737 -1.549690 0.558031 0.178488 -0.132529 1.089226 0.978082 0.630600 0.091378 0.087856 0.301408 2.572810 -0.387429 0.331685 -0.002755 0.246347 1.154803
0.316328 0.286953 -0.786582 -0.779752 0.248113 0.307956 1.108790 -1.413354 0.687739 0.737344 -1.120832 0.055002 2.568425 -0.358570 -1.707029 0.084508 -1.754800 -0.063311 0.114939 0.394446 0.981626 0.421519 0.288670 -0.126423 -0.887991 0.884694 -0.255349 -0.950409 1.757540 -0.133025 -1.233041 0.916728
-0.139228 -0.458172 1.640854 1.186022 0.451708 0.642909 -0.455217 -0.458748 1.384776 1.037453 1.451798 0.072505 1.336107 0.509712 1.336323 -0.495823 0.384600 -1.065372 -0.024687 -1.736772 1.102200 -0.503151 -1.160094 -0.074259 0.386716 0.966510 -2.037521 1.800809 -0.905255 -0.078456 -1.174947 2.896559
-0.197709 -1.098334 -0.932406 -1.231814 0.790010 0.755901 -0.958303 -2.212721 -0.134932 -0.439709 0.813941 -0.511093 -0.061951 0.020759 -0.632396 1.069787 0.809503 0.203807 -0.135941 0.811003 -0.118196 0.330362 1.477091 -0.060838 -0.998159 -0.353933 -0.067168 -1.788566 -1.411120 -0.747088 0.154448 -0.913748
0.746500 0.491695 -1.284671 -0.854011 -0.172535 0.346017 0.206362 0.493985 1.077158 0.003722 1.226220 0.112603 -1.420770 -0.383679 -0.118490 -0.009128 -2.371081 -0.605961 -0.050793 -0.189406 -0.735225 -0.951422 2.044505 -0.743108 -0.585609 -0.087519 0.081836 0.720832 1.313988 0.275935 1.980432 -0.059210
-0.704385 1.595465 0.042856 0.268137 -0.544752 0.169278 1.041548 1.428599 -2.144404 0.076112 0.232254 -1.662239 -0.491610 -0.995617 1.658970 -0.124925 -1.099644 0.574030 0.918689 -0.162111 -0.821548 -1.460373 0.166813 0.306026 0.500857 1.412766 -1.775553 -0.334153 0.453827 1.524370 0.507481 0.336435
-0.897648 0.139800 -0.588990 -1.806616 -1.842328 1.779170 -0.005826 -1.347864 -1.849246 -1.770336 0.540365 -1.760810 -0.284954 1.524085 0.288732 2.049786 -0.642594 0.470398 0.271048 0.249693 0.143794 0.663942 0.439308 -2.344434 0.268048 -0.016467 -1.848681 0.289109 -0.347135 -0.149539 -0.045902 -0.124743
0.478335 -0.520094 -1.480740 -0.234574 0.651427 -1.379567 -0.964598 -0.263958 -1.030893 1.846058 -0.384674 -2.228098 0.560021 -0.862326 -1.898693 -0.184921 -0.477695 -0.957954 -1.171987 0.576727 -0.906153 -1.149995 -0.556554 -1.289115 1.401933 -0.137349 -1.210016 0.680592 0.276380 1.106611 0.592050 -1.307797
0.608116 -0.921426 -0.130160 0.506801 1.010061 -0.110475 -2.015856 -0.075698 -0.193548 0.870024 1.427462 0.532589 -0.519445 -0.754339 1.389883 0.239788 -0.273652 2.703828 0.956124 0.114308 -0.944125 -1.608686 -0.591647 0.467580 1.447630 0.897612 -0.854601 0.569064 2.034240 -0.595986 0.909378 -0.888944
-0.006613 1.005427 2.123156 1.279101 -1.015915 -0.809972 0.100865 1.230080 0.323368 0.944804 -0.568226 1.377028 -0.187536 0.513008 -1.342177 0.597043 1.292407 0.106989 -0.154649 -0.889812 -1.112845 -1.350250 -0.847123 1.369100 1.557004 -0.307678 1.238628 -0.793433 0.942207 0.886108 -0.423369 0.752188
-0.991684 -1.607352 -0.631283 -0.346662 0.860483 0.934695 0.747811 1.018047 1.061110 1.133896 -0.193023 0.833302 -1.001506 -0.206957 -0.301041 0.769019 0.479488 0.875333 -1.554190 0.626467 0.733144 0.396064 -1.319135 1.954279 0.271855 0.799554 -1.055632 -0.131476 0.162618 1.156115 -1.026088 0.076566
0.014174 0.706506 -2.090231 1.138505 -0.326076 0.058711 0.045761 1.541072 0.399156 -0.538484 -0.437639 -0.859674 -2.082650 -2.393471 0.402633 1.120470 -0.253996 1.336840 0.369977 0.692119 0.231834 -1.067983 -0.907031 1.730635 -0.216947 -0.820146 -0.102755 0.155416 -2.818411 -0.429638 -0.229492 0.705506
1.682690 1.303659 -1.320145 1.333967 -0.531801 -1.726889 -1.092064 -0.448127 -0.388016 0.427191 -0.158716 0.510251 -0.161193 0.651182 0.747586 -0.202350 -0.901072 -0.357956 0.730846 1.973710 0.225359 1.291331 -1.435888 -0.325883 0.225402 -0.407050 -0.321400 0.948500 1.026902 -1.138778 -0.725878 -1.123394
0.326949 1.258194 -1.495601 0.507672 -1.074929 0.206543 -1.567072 1.203195 -0.961014 -0.475130 -0.820981 -0.602752 0.006769 1.412664 1.403879 0.463247 0.326224 -1.471511 -0.325378 -0.639014 0.807533 0.793912 1.227645 0.254454 0.928308 -0.762517 -2.350952 0.358468 -0.849327 0.469305 0.528690 0.822082
-1.188043 1.356725 0.485096 0.371191 0.213586 -1.378310 1.363239 2.282903 -1.176638 0.948137 -0.186822 1.531569 1.365877 -0.032990 1.001833 1.584980 -0.514508 -0.072118 -0.005311 0.432070 -1.712959 0.385889 0.032867 -0.030788 -0.568533 -1.180458 -0.365424 0.761435 -1.193725 1.643788 -1.595202 -0.217743
-0.356517 1.705037 0.001615 0.150248 -1.276639 1.620257 -0.525353 0.923756 0.992579 0.076348 1.876032 -1.368748 0.325238 1.770283 -0.650668 -0.477249 1.889661 0.432364 -1.667152 -0.328738 0.600036 -0.835567 0.761607 -0.354333 0.688232 0.534791 -0.311696 2.373872 -0.836503 -0.420656 0.565023 1.139317
0.307792 -0.438240 0.132725 -0.670435 1.970922 -0.907184 -0.492326 0.865405 0.430904 -0.782321 -0.776134 0.725038 -0.001889 1.214834 0.510735 -0.383631 -0.270300 -1.349187 0.132094 1.094867 0.288937 0.707274 1.640791 1.569708 -0.494389 -1.756099 0.363576 -0.551593 0.511601 -0.061478 0.291523 2.310131
-0.481732 0.279902 0.650908 -0.118448 -1.448230 0.371938 0.689703 0.307505 -0.745038 -0.300633 0.299497 0.691973 1.372286 0.877275 0.031141 0.656940 0.302286 -0.866678 0.079857 0.223584 -0.369431 1.871245 -1.329961 0.666542 0.039949 -0.726026 -0.534253 -1.271492 -0.283829 0.171193 -0.086848 -1.694723
0.207384 -0.877279 0.867722 -0.713700 1.078821 -1.287696 1.461959 0.389190 -0.598517 -0.585109 -1.715767 1.086373 1.006803 -1.264207 -0.898053 1.892854 0.341057 0.961320 -0.659060 0.985587 -0.454489 -1.936971 -1.353037 -0.069864 0.113840 0.115455 -0.160591 0.301196 0.412107 -1.365610 0.192659 0.533905
0.525872 0.255701 0.299116 -0.551145 1.321827 -0.671752 0.225946 0.190161 0.083564 -3.120040 0.839578 -0.895997 1.455414 0.331959 -0.855144 -0.219522 0.159613 -0.840603 0.280481 -0.021604 0.675411 1.136208 -1.092564 1.851834 0.163892 1.671227 -0.719015 1.427319 0.887134 1.397995 -1.082384 -0.748240
0.549679 0.320566 -0.485227 -0.471255 -0.230397 -0.190654 -0.164834 -0.455697 -0.601131 0.631611 1.118951 0.703428 0.065259 -1.056146 0.830208 1.586301 0.006710 0.237724 0.369801 2.733279 -0.124392 0.707499 -1.656867 0.478070 -1.993549 -0.395291 -0.175538 -1.350863 0.975859 -1.471415 1.387435 0.285457
0.059766 0.241926 1.692232 -1.948081 0.375492 -0.289850 0.128802 -1.214374 1.108578 -0.021191 -1.143885 -1.163037 -0.093358 -2.542073 1.548304 -1.532289 0.404374 -0.027073 0.491705 -0.037891 -1.007520 0.153988 -0.995421 0.407585 -0.341490 -0.903897 -0.535563 0.690790 0.961202 0.788290 -2.742297 0.357129
-0.498597 0.891916 0.467609 -1.159626 0.033384 -0.129979 1.188403 -1.476147 -1.170049 -2.160141 1.457431 -0.365312 -0.184032 -0.896381 -0.099447 -0.492169 1.233248 -0.129296 -0.210060 -0.279504 -0.654918 -1.064606 0.388459 -0.168561 1.001405 2.072141 -0.388918 0.197832 -0.514870 -1.071431 0.377262 -1.039309
1.141658 -0.439085 0.530914 -1.087846 -0.292551 1.303818 -1.479481 -1.783538 -0.256111 0.627288 0.313387 0.992657 1.018783 0.492722 -0.078870 0.357844 0.147250 -0.210473 -0.939323 0.479956 0.398658 -1.811652 0.417094 -0.429660 -1.603232 -0.320640 1.003643 0.707912 0.240965 0.515393 0.115551 -0.599443
0.613222 -1.081923 -1.177386 -1.079959 -0.648833 -0.247888 0.591758 0.389250 -0.681524 0.753783 -0.409778 0.252482 0.494913 -1.171753 -0.248569 -0.588189 0.026258 -0.235399 0.015538 0.033787 -0.323779 0.384901 0.020446 -0.503345 0.501770 1.402362 -0.382002 -0.170129 1.314295 -1.247238 0.581497 -0.914685
0.253515 0.035357 1.362195 0.467197 1.766655 1.430714 1.463654 0.308118 -0.914344 0.953667 -0.754644 0.891466 -0.523324 0.755981 -0.278133 0.415678 0.962717 -0.555819 0.268889 -1.145133 0.489565 -0.430675 -0.853791 1.194640 0.509189 0.623740 0.080532 -1.812360 1.218326 0.641584 -0.153579 0.280816
-0.894058 1.059507 -0.746615 -0.688710 -0.424412 0.919972 0.548831 0.809177 -0.776316 -0.338224 0.165606 -0.726119 -0.478947 1.966927 0.068052 0.014244 -1.033528 -1.001748 0.597392 0.114420 -0.449851 2.251537 2.463223 0.009912 -0.319133 -0.061774 0.606571 -1.644647 0.238255 0.695600 0.340628 1.201853
