983 112 643 -756 133 315 1598 203 323 -361 -267 796 222 100 -686 210 22 132 -49 -392 434 1194 -2 -816 -292 -237 -600 856 1015 862
1912 -738 -11 -468 144 901 244 387 -863 -206 503 -660 -1288 -1697 145 180 -311 303 -171 -1235 -143 740 -285 -22 461 158 -1 -1237 -479 648
527 35 -1081 1001 702 -333 -443 842 -609 -1370 -268 732 771 -178 745 -1155 191 678 -812 530 -200 616 -739 -423 179 -867 539 -129 -17 650
189 -505 -871 -825 -159 -1122 39 158 233 45 506 1159 -261 218 1004 -288 -624 557 -570 -1343 55 -44 -72 -309 -699 246 -547 -932 724 -84
603 -1273 265 268 -833 429 715 -352 -734 -425 -153 350 957 27 319 581 -128 119 -677 -380 -94 173 618 111 -342 -882 83 21 900 12
-1039 162 584 -527 381 529 267 -1311 -302 755 -576 -1475 27 216 4 288 -373 508 -371 -579 1041 557 96 -178 -254 1044 320 -391 812 -460
718 -391 -741 -784 130 1856 172 -1199 53 -476 -319 37 975 -1050 -360 -564 73 -266 357 -386 284 309 478 -320 -145 1589 -714 1084 498 -172
495 922 881 -473 135 712 -182 -437 221 -19 1163 584 237 604 319 637 -247 -64 -610 420 -499 -1177 634 354 466 -566 224 311 -593 -1143
-509 453 -434 -314 -102 -384 -460 -277 -575 149 963 596 -431 -754 772 1396 -496 -223 712 1073 -50 -774 1055 -605 -88 677 -934 -1693 -1031 -705
-205 922 291 -541 -890 242 733 2151 -421 539 1781 -937 -784 -1404 606 151 -1562 -435 306 138 -590 671 782 -980 174 1116 -479 217 -403 614
626 1120 521 349 -601 623 1826 94 -749 985 751 -968 -402 394 -148 577 -142 259 271 526 -567 141 697 -973 1551 689 -1443 -316 16 927
610 368 -999 -1403 1419 1207 -234 -632 -2468 281 747 -895 476 282 621 -171 -602 505 172 1269 802 472 -847 -1833 1066 8 -1774 -205 -419 97
-171 -1297 -504 645 425 -344 -839 -786 -284 135 -856 81 560 -1164 -1009 -354 -1118 -145 668 1165 424 -840 -1956 -582 446 -24 -759 -1078 835 236
-243 -1079 -332 562 335 -1122 -1438 -597 -312 663 101 793 -609 390 -484 -1020 989 1335 255 248 277 -1015 -1754 6 1203 -103 -145 -311 294 757
898 684 504 -36 -810 -1065 -517 261 479 406 692 1842 220 -1028 -900 103 -98 697 -842 -108 166 -908 -1558 1496 201 711 686 372 -28 389
-198 286 -1450 1122 853 220 -275 423 796 223 647 784 -212 -942 131 617 -323 -972 -961 260 1229 58 -967 999 886 -425 -693 1233 697 334
691 474 -941 1070 860 -108 131 1107 46 243 -221 -798 -2228 -1080 705 846 500 -144 -569 47 -764 -146 -172 521 1010 -84 -255 -540 -524 -401
95 588 -421 1403 -622 -1341 -880 620 -212 -27 -601 -297 -785 -629 333 260 147 -459 1143 180 -46 -196 -269 276 975 31 -350 815 -259 113
-583 167 156 -234 46 -1418 -1063 857 -1268 -72 -668 -1401 177 619 -501 325 441 54 -699 660 -236 352 292 353 875 -1557 -930 892 -1090 519
-703 847 -207 474 -620 -297 125 301 341 -731 666 -114 -710 801 790 -92 394 85 -206 -646 -655 -1005 361 524 -241 -692 -612 342 200 -1074
157 324 854 -1091 345 -70 -271 828 323 380 -783 -996 84 396 -515 694 1471 -839 -946 -293 -521 -323 -530 949 1183 -279 1049 52 -364 59
-365 -249 -160 944 -128 -1301 401 1161 557 -814 -1168 -100 796 -13 -792 26 35 -756 57 1083 109 1118 149 680 -210 -179 87 203 240 -454
39 -31 411 -945 368 -817 521 1297 332 -38 -951 -194 1718 332 -925 698 -250 -98 -488 -233 1483 55 -1039 -68 -166 -154 -1241 -803 722 529
-126 335 140 -260 324 -168 786 230 471 -1863 -33 375 316 -1232 -170 587 549 -1184 -356 265 -190 -114 -1023 692 -590 785 -856 237 -468 -246
-381 807 383 -12 288 218 199 198 -741 -321 -144 889 916 -931 -342 74 -402 -624 -566 611 609 585 -314 1575 603 -24 -154 -422 2130 -30
-359 57 1080 -766 -263 198 1124 -293 -46 371 1010 690 607 -1186 1092 -315 302 -319 1162 1382 208 -71 -592 -838 -431 310 -883 215 -75 1087
-565 1003 864 -1134 112 844 712 -111 627 -1290 -604 -102 -440 -244 -74 -777 687 194 43 593 416 -778 545 -96 -1240 -421 -300 515 983 -453
982 757 641 -472 -810 1137 787 -709 -1449 -204 -338 46 156 -50 -409 173 582 167 -329 1 98 -427 267 -187 417 272 -522 186 -342 43
372 80 -268 -1219 -161 -214 -297 -461 -430 372 -185 403 807 24 -223 102 378 -169 -75 435 -144 -492 -138 -981 -1116 1096 241 -924 905 -77
-117 -439 -408 -1422 -1081 -529 758 517 -507 588 -232 7 -926 170 -184 173 173 -455 681 -1075 -951 123 -388 -173 135 976 565 -936 -209 -277
