679 422 661 869 610 722 491 562 649 714 395 272 631 614 898 456 544 718 737 796 789 681 712 690 520 598 770 690 714 561
520 594 564 227 356 798 469 549 982 479 384 780 493 793 972 342 186 423 492 394 528 458 372 541 771 912 758 591 361 535
635 936 729 412 664 655 845 1030 648 749 715 839 1070 1061 852 402 384 209 465 853 542 353 658 369 791 993 547 668 907 470
1137 725 584 565 713 936 733 1029 721 815 1310 988 849 799 335 457 382 137 360 403 236 298 597 659 512 718 1003 863 895 496
1102 773 363 463 562 803 866 912 805 679 851 1075 798 450 603 549 488 408 565 623 674 753 655 783 979 833 683 854 515 249
513 483 783 521 809 1102 1021 653 481 911 1046 1071 551 600 762 513 351 433 826 599 345 585 656 638 659 614 722 641 372 481
695 811 852 960 771 726 542 620 696 832 924 586 608 579 611 946 847 474 451 588 577 633 984 968 645 641 581 539 772 497
979 1091 806 505 620 890 591 513 865 810 900 996 655 905 728 504 659 526 484 478 815 948 795 754 489 556 700 755 608 532
671 956 736 615 624 571 660 1073 981 1026 1006 820 532 715 1188 933 616 609 552 636 648 564 788 710 596 979 913 801 340 311
939 977 611 571 943 1041 855 850 841 963 1199 868 981 986 791 982 1080 774 962 743 504 675 809 716 936 1122 831 621 794 746
1124 611 621 920 852 991 696 770 1176 814 742 936 854 913 1155 903 724 887 728 655 540 859 743 654 1305 911 517 540 925 693
884 1010 836 786 909 903 693 806 994 1123 1153 695 592 915 1067 948 997 967 1100 614 652 828 896 699 914 884 549 872 1123 748
948 740 791 547 796 795 772 1123 1069 1035 803 674 740 910 1004 763 651 628 475 346 729 704 711 778 799 673 736 1030 833 428
836 793 447 707 917 692 750 1078 1115 1060 883 546 697 1035 839 474 246 842 659 588 847 554 719 941 977 709 910 917 556 573
547 366 683 792 1010 905 830 775 657 779 544 512 882 1057 782 580 539 798 948 830 428 425 742 695 990 969 910 815 961 813
584 603 852 834 409 513 863 954 676 686 732 566 924 1079 747 508 577 976 955 954 655 678 1098 906 672 968 1062 660 571 704
875 828 631 684 543 366 509 638 722 565 606 1062 1073 847 620 488 698 1085 797 302 544 656 649 737 756 1043 877 540 583 822
633 980 572 408 530 552 612 683 685 583 799 717 804 496 603 466 780 839 358 367 618 624 725 697 1060 920 541 520 583 449
978 591 653 543 404 642 590 783 591 566 769 468 317 520 756 589 661 812 278 549 946 626 889 678 802 1046 607 384 857 744
712 441 427 651 720 458 297 484 457 713 624 580 678 425 442 309 699 439 370 396 525 649 786 559 584 681 635 667 635 756
871 499 622 888 805 165 451 703 687 480 577 935 519 446 313 339 983 583 391 754 519 409 595 785 801 492 287 848 719 528
610 520 858 855 885 380 602 710 518 371 731 1055 550 314 361 694 947 684 426 362 647 650 443 389 667 632 571 678 456 720
894 989 862 570 646 925 806 386 622 551 821 685 581 601 583 692 855 899 708 276 209 419 962 777 479 682 789 733 514 943
611 621 535 924 713 527 783 454 593 847 931 970 770 693 950 962 954 424 472 652 515 715 1023 724 725 777 601 693 807 789
728 638 571 949 875 871 733 546 764 821 642 488 495 787 662 849 830 674 815 675 933 1050 811 643 699 630 550 512 663 883
421 787 936 647 830 907 397 511 1003 646 645 709 480 487 785 957 954 839 827 920 802 573 640 600 509 387 509 860 791 776
776 496 592 975 928 763 663 662 667 387 410 298 428 716 593 613 343 842 1023 986 939 821 683 378 692 972 745 852 1058 981
785 726 456 889 943 666 786 822 871 747 533 311 489 602 700 805 941 499 861 995 424 363 374 562 956 714 482 750 935 1050
370 632 863 637 616 782 648 591 735 716 686 382 514 621 717 772 508 660 1042 786 387 444 649 1004 1142 540 184 972 858 680
730 621 812 890 796 504 664 1048 982 635 599 741 989 847 593 643 634 859 901 660 854 625 815 1151 551 176 451 889 1089 680
