182 110 0 170 69 101 228 16 248 90 118 107 119 142 174 164 197 93 200 129 80 243 15 251 205 253 80 147 94 243 163 158
2 38 6 22 120 254 53 76 188 94 227 190 164 218 19 114 183 88 238 88 83 235 16 104 102 108 154 112 67 149 118 81
199 23 144 109 84 184 104 8 203 201 238 145 249 138 216 228 92 100 45 170 254 186 151 143 3 9 21 52 216 209 201 186
45 155 37 147 27 41 210 68 190 111 124 43 188 56 180 21 107 84 189 98 214 140 235 65 220 217 242 212 66 199 115 64
229 159 185 31 26 120 154 130 110 225 204 34 130 63 8 241 136 197 125 200 38 122 122 49 173 219 109 200 132 252 58 65
85 37 246 234 217 84 181 22 184 96 188 13 26 53 230 59 59 253 89 33 109 45 15 228 151 236 99 170 139 199 157 212
2 178 251 0 1 209 148 53 122 73 98 44 192 184 130 24 250 191 1 91 146 9 208 96 164 38 110 130 176 90 104 119
199 74 83 242 173 152 143 143 82 51 37 74 180 159 179 71 27 142 245 73 114 126 41 249 133 116 3 10 110 34 39 145
68 72 104 37 231 221 4 6 224 71 118 148 166 127 135 27 13 131 195 193 36 236 240 94 241 182 237 166 139 140 252 197
82 177 222 83 43 165 49 55 56 70 188 117 200 152 233 175 105 211 144 127 249 202 76 56 243 241 61 197 5 191 44 134
126 245 96 67 115 134 123 61 26 47 101 9 185 26 181 110 97 147 121 8 19 222 91 155 1 143 88 181 30 241 150 175
250 131 51 233 147 121 3 155 94 250 141 24 78 243 21 143 73 134 73 230 163 104 191 246 118 96 244 173 166 33 104 69
108 138 247 216 194 215 199 188 47 106 123 101 31 211 60 233 76 36 27 94 184 188 158 107 149 44 157 245 81 51 27 92
250 78 62 74 53 143 171 208 107 148 126 44 1 191 112 96 54 66 125 32 50 158 116 53 200 146 106 103 219 1 98 155
102 123 88 165 233 13 204 54 164 73 254 169 129 230 229 210 165 245 218 51 112 214 55 5 115 37 127 238 0 94 116 105
131 37 200 45 90 125 82 167 44 199 65 136 135 109 169 189 156 100 12 218 207 234 117 51 124 202 216 151 168 15 152 254
213 201 114 184 125 141 31 68 63 2 39 135 59 164 206 204 103 161 76 90 9 132 124 45 118 225 221 198 50 60 97 130
126 16 64 151 70 37 255 63 48 255 167 199 2 85 55 2 130 13 12 101 241 140 74 204 252 86 106 150 244 120 136 215
131 16 181 61 9 3 171 114 57 212 247 154 75 227 220 108 118 217 164 113 227 0 161 57 191 41 67 177 4 122 182 153
94 178 84 43 194 66 161 19 111 183 220 8 71 166 83 35 241 6 60 205 46 76 184 151 132 174 124 65 48 204 236 214
236 7 52 182 36 20 99 69 195 96 150 238 245 213 186 77 107 207 11 252 49 181 87 79 52 194 233 185 170 47 15 87
137 25 66 194 228 200 236 170 37 246 237 240 199 97 138 240 196 61 139 121 174 197 89 104 16 226 249 187 35 237 82 183
55 101 250 37 184 77 71 154 172 175 173 244 179 159 130 170 115 208 172 254 71 127 254 255 76 215 120 33 6 109 150 220
146 175 232 50 64 105 184 233 145 82 23 119 192 76 174 240 83 76 229 197 222 71 122 222 105 36 5 104 107 116 150 233
161 182 203 124 224 201 245 231 208 117 245 113 185 29 189 128 71 145 27 71 181 125 96 34 186 35 7 200 135 103 116 54
4 184 6 74 69 173 217 64 215 191 168 122 203 224 53 9 83 173 140 67 157 109 102 34 60 30 158 56 160 135 47 92
191 183 228 163 251 205 122 65 38 14 210 74 29 48 175 101 66 221 9 58 252 74 80 253 88 217 131 160 154 29 193 94
195 10 250 161 162 222 203 248 165 165 180 43 100 160 114 60 181 186 72 75 44 162 154 232 76 104 179 192 92 159 76 181
152 173 68 154 207 219 193 171 253 23 8 82 162 109 166 150 87 227 141 173 194 215 88 29 85 125 231 35 192 251 208 222
88 172 45 50 199 197 168 200 89 96 151 247 126 52 31 74 219 70 154 234 193 16 209 138 15 126 22 252 203 102 38 35
0 136 76 91 185 94 179 30 13 166 164 174 147 202 20 30 250 117 81 12 46 23 185 130 26 37 214 67 57 237 77 162
82 185 252 201 126 14 213 227 168 183 142 48 28 19 106 18 21 94 153 5 110 77 92 75 26 109 135 65 74 101 117 168
