32301 47605 49967 53702 34637 34382 30072 23387 37055 31812 33490 42458 46439 31130 34193 32217 38607 41436 39998 38854 54006 28221 47787 29951 40669 32242 52652 42033 44968 35289
24741 45816 36883 51542 41767 29862 25075 29706 29678 31247 39678 42456 44549 38003 37262 25581 29299 37948 29460 31968 37281 31140 35175 23807 29673 34509 39808 38215 38975 29943
44398 44730 41507 34607 40236 32763 32277 25227 35305 32906 36587 43569 60929 50239 44944 29759 32458 34181 43320 36948 29137 27125 31852 32778 39358 31183 41568 29672 24767 27107
31251 47049 51763 29378 40091 47835 44845 33062 25286 17026 29813 41873 46731 59618 58045 36362 47971 34062 52600 44709 35655 33532 36990 32049 52060 48692 44473 41984 27787 37645
50424 46603 48309 45893 34278 45269 52133 44123 30332 24901 13509 29420 41219 42761 49310 45552 37886 41675 39118 51768 42205 42902 29787 33993 40772 41064 64036 50253 36640 41161
39967 41965 38997 32880 32877 43292 49788 54420 45965 35785 40144 22891 34651 42799 42234 49105 39767 31834 39414 24907 49158 39783 49290 23356 33266 35623 40025 47397 42111 30546
35988 29964 23562 38634 23514 42054 41443 60587 52647 45205 43435 42874 27083 34520 43886 37798 38859 31293 28607 28337 36064 43156 49074 33016 21826 16668 31848 28430 36354 25189
43350 27365 22523 15167 36677 24131 36171 44391 50126 56216 43686 41380 40595 26933 25713 26263 27273 25922 29829 35882 33832 37449 38714 38766 40965 17970 32223 29069 41203 33332
34511 39604 28020 21637 35683 38351 27957 22275 32066 45019 48898 35508 26916 38249 17589 23532 22434 28945 24707 43417 41599 39013 28858 41336 38987 33011 26970 27917 36091 41752
48986 34104 39516 31630 42474 38094 45896 18225 26427 30670 39827 41214 27448 30598 31726 36444 29792 33598 36330 43739 42046 45868 22257 31645 33092 43588 22019 31625 26422 43677
33481 44927 33311 43641 52389 49024 44989 34111 25414 27466 30705 40059 33211 30182 34440 42659 45380 43375 45107 44734 45278 42078 29684 34552 32325 38800 42502 33964 38827 41434
34819 36242 54824 46114 56260 46183 45259 42883 39592 34991 33329 38129 42910 36199 32687 32142 35907 48824 46292 51240 41262 55037 39642 32868 37527 42219 28209 49530 47824 54633
39198 42605 49203 56831 47180 57007 39587 39878 41386 39422 39733 38318 39023 45735 39079 24466 27419 28416 46196 37457 41176 35288 41395 37309 24889 40737 38748 46424 58734 57497
36198 36587 38041 39941 54196 46097 48120 46696 27221 39559 34425 47683 41288 33644 29077 19905 36725 32833 38750 28660 39989 37931 38638 45140 35600 43278 43313 56279 45929 59383
41685 42544 46898 43651 40208 55023 31261 34209 38312 24076 40450 33574 54430 39876 34013 28144 37727 55179 48327 36275 36958 38352 46160 43138 45028 43177 55542 57890 61362 56124
29477 39159 42905 59001 41734 43597 33165 36005 23958 49058 35585 46455 45162 53955 32711 38362 44357 42341 56291 37505 44848 33639 51028 33582 53846 45094 49902 44888 59497 46141
33916 31867 49495 50980 58905 53270 30998 36288 24058 36292 37687 49585 50147 38935 46778 28768 33990 45317 38144 47306 42024 42220 42277 38808 35681 36144 33048 36072 31905 39822
32672 33226 26818 45062 48033 60766 48634 35846 26596 30773 28789 35443 50233 53277 34166 39565 27518 30257 42849 34021 44951 45017 43532 50183 41891 28875 27767 27266 37437 27626
39893 36028 43891 26182 46593 49035 61897 51974 35048 30202 25966 30314 33224 51259 37529 29841 27274 26481 27164 40782 35580 40105 52369 43532 47134 35670 25272 24577 39613 29483
41435 29980 51430 28567 27265 42377 46296 62138 55181 49251 44831 28666 33377 29394 38546 27274 28092 28874 34730 42323 40042 39204 38406 43801 44606 37717 41059 42825 38730 47468
32536 29295 46065 37778 38369 22923 49617 49841 53728 51225 44202 39199 25763 29278 27852 29213 31455 37071 45598 51204 49793 40528 43332 36529 44138 29135 40147 46090 45356 45626
23774 32814 39113 40171 51236 34212 34338 41388 42948 37013 40189 32664 33800 21447 29253 29814 35409 41636 52905 50108 50216 50091 34601 47539 49296 27486 40133 34785 46102 44265
31710 38374 30210 55162 49081 47475 46764 38262 39534 37831 37650 33622 39775 35165 23311 36147 33786 52019 45873 47712 45788 37907 54333 43154 41733 47645 35622 32204 34209 28022
36126 35341 29269 42706 54765 52761 46565 44697 33293 30494 37428 41056 49420 45044 31870 32415 31938 54079 39362 38351 39673 41509 45962 63045 43335 36826 40277 39355 37251 35770
47476 49768 34084 34247 52180 53562 45928 39542 40195 37433 26204 44631 41158 41645 45533 31992 37334 49312 46449 32782 36255 41023 45242 39650 45191 27236 22842 34999 39824 28529
52169 47773 55599 42379 41476 51905 53738 50629 29282 36502 28657 20468 39523 27784 35546 42663 40121 43027 36544 39889 31501 38144 34370 28265 29878 27249 24718 17149 25757 34140
42339 42318 48310 53210 41290 44011 44092 44299 36522 30147 31657 27730 26112 36620 32384 42574 46914 45168 36168 29123 38289 44933 32463 28830 17916 23553 36898 24219 27442 18357
38337 21600 41667 51065 51232 46667 40767 47754 33242 37120 27372 36533 31837 31553 45196 45124 36103 49802 43161 38829 32223 36625 36268 35206 31565 27973 37987 24383 32982 18955
37424 24007 24999 31304 51099 44262 47126 39011 36803 36941 26041 35945 35457 31558 26395 38739 37049 42015 38958 50461 33284 36205 37872 38545 37074 37985 27215 26510 32795 29264
31662 21502 32348 23127 40590 37127 51152 45717 43229 32271 36290 31506 36092 33862 29137 20757 31497 37589 44541 38255 50800 27703 43907 45318 33068 40169 33289 27786 45539 30574
