296697 358872 370730 699890 733940 473327 725942 644835 855001 791113 791479 833691 717553 697956 811983 677576 798000 688495 657343 847766 592580 711148 602032 766954 646201 661281 513505 759500 770675 784795
323857 356373 416333 630587 637582 545395 577713 730926 956300 849605 935522 918490 749023 808381 651705 578412 648045 617609 815625 909378 728964 726180 440809 434218 469719 506282 617671 757274 798653 749049
605687 513089 444652 444025 592470 569252 664389 708950 902041 705654 799164 673880 771746 693172 675601 615002 574948 657468 808113 851192 923543 735410 607514 667230 650646 664879 689551 795527 890054 718596
626508 671037 413355 435768 592786 592612 701842 709147 843947 560038 529844 397889 515703 529299 645547 627809 761911 684878 686760 587099 714000 551817 783658 884569 985161 943304 803956 912338 715303 592495
851597 818090 690340 544734 661463 589800 600351 693427 776276 574345 453832 359243 536167 620124 526669 892470 749285 622369 471114 496094 362449 555115 722766 844533 755155 804670 731089 918090 737052 758609
772080 754280 731423 696670 808498 535966 610490 458280 590349 376090 499319 551930 728760 519353 605491 769922 633669 539966 482284 376213 441427 617121 718191 779392 579280 628064 642244 717324 620637 712739
594815 655095 672981 715857 686677 616078 556593 447038 401926 357909 630436 752080 827753 576903 503805 551046 761477 692646 537067 491286 644311 663829 834226 653263 541282 407381 548708 512977 505552 578127
579953 594397 700887 904354 694175 444665 518981 510156 447586 504744 671868 741775 812030 615940 389742 450895 757437 813030 715039 710324 763811 778514 767453 941411 761753 617294 547564 476005 631866 702226
713095 552941 552753 662390 596766 392574 367919 354405 615156 599044 730871 756338 805970 717138 538465 580738 714834 756594 696442 892226 817644 668795 820822 881148 918387 824923 677339 661225 757442 771725
795084 643237 581327 594830 502452 457316 320471 335785 540246 458802 640115 620511 803718 738269 686150 712832 679118 608081 602560 756767 757089 686089 618385 672048 688107 833159 508682 722271 571371 722375
684645 767195 732736 703910 579039 555813 481064 534719 601056 408946 444288 517007 675941 550987 602365 564274 501217 545965 580096 662511 677062 897016 639342 596118 585752 857907 713408 665749 505728 623785
762666 854005 802567 869882 724674 787462 573148 690578 661897 595853 373097 593188 571079 745439 521801 486562 337602 534706 632570 787533 821718 778989 750838 661114 697904 831001 873802 542267 373540 350552
664846 670271 743200 777322 824617 929228 713454 649215 597575 588126 375640 603072 633430 813159 559857 531878 463112 410733 420738 649282 757988 566256 619171 590935 625015 692767 764723 541889 341299 452650
583381 527682 589986 555226 630184 710134 690289 659487 733192 706249 564541 686273 770571 889588 730089 710918 724099 534025 515127 675671 648856 427784 487724 526017 659006 753409 705409 445931 502175 554558
615396 629904 669528 577062 654001 485242 588586 509588 658193 646181 738179 745675 851938 997973 928420 858565 694503 663080 729411 813258 719969 489298 405712 528945 800870 870531 698857 521450 420786 688020
684170 583966 654808 549730 488238 545255 382488 493468 408747 607911 528799 563334 721126 803500 751222 679279 447777 511132 531174 787880 721378 569192 568940 763835 929418 947437 816497 521764 533463 673331
547352 671610 561994 484631 541148 578169 373624 479266 637072 720395 490329 524539 602170 630540 591779 591310 435267 465473 555176 671184 522557 589416 753036 763663 716377 804753 794254 652796 565397 701705
487600 468405 386156 310374 554706 563340 522699 683997 909245 997725 559920 625623 628740 521073 517946 533654 538539 505292 750509 626566 625233 643764 788111 703306 599394 580206 611845 604376 796852 870161
572279 405786 510793 337215 471705 441119 497799 694590 883700 819471 646822 756305 782597 656569 688389 673154 587136 688515 746870 473061 667593 543955 691558 592427 678373 610878 430851 595853 695217 838426
410795 515365 614125 465445 606707 470614 605253 619462 832382 831552 889581 816922 754043 628620 684013 597706 537808 629642 578820 668681 618525 582230 537535 669089 871874 866448 675674 602000 589001 683416
458850 569367 666461 722242 666754 641223 657863 693224 917400 1031671 1098741 979425 856923 819766 827922 723262 588207 794090 645110 837893 650828 668939 433901 631355 924074 983948 728131 620218 546255 568291
661419 640851 704550 753794 777449 806392 770044 834188 803722 1015408 1025923 866952 736076 828749 845180 766486 783188 840368 828375 750466 773541 907904 642509 711849 716719 707679 458043 570420 567614 890416
883576 683681 670185 523410 692701 828665 862914 778855 645365 740529 833403 792761 705107 860576 726117 672484 738408 933617 865976 776293 690479 864820 800115 705018 384386 424191 423021 462303 562970 823107
895043 694581 689946 675196 884504 1009339 974062 833389 713431 657918 724840 638374 724310 711603 604472 608780 598369 585424 799825 730247 653746 535569 582583 496819 253592 411771 544454 624031 602502 618654
720089 639051 701200 812948 1014187 882325 870563 807954 896768 753299 818503 674738 700387 466845 449121 596844 567724 464758 563355 655241 603230 434643 506851 364695 485885 525623 604752 685988 548747 463844
635494 762234 691842 854176 874119 702355 678586 535301 765501 702467 590008 582379 641118 543252 405703 635476 617740 460224 624013 612865 595270 637943 608064 527112 642678 627031 737280 559937 583419 568552
854951 868218 978890 1001762 1004001 902933 750876 585892 628925 472218 484399 468921 588345 546080 601986 772883 604413 532049 528172 613980 727923 797687 646206 735939 706319 863381 720498 665533 715567 665228
727545 598770 848079 983406 1007538 1036811 1006434 798915 564892 482965 620226 590885 610546 594929 635603 765640 750511 731823 673981 759958 672976 705615 521558 559049 691041 709735 760999 886164 774827 829986
565561 509153 660586 912147 943555 910894 810029 568522 571154 620669 706728 611968 542359 454583 644589 780084 683700 828360 838234 712570 673912 664205 434134 388993 548546 657097 846629 803659 776546 689696
539376 560687 656657 679568 788462 778482 560590 595011 687565 826010 746158 695227 430140 279809 555260 616534 674565 538403 538802 422609 613401 611407 485139 365661 426968 677785 576190 747425 617968 522504
