797 512 1141 866 1410 -1016 262 -706 -252 731 137 1251 1394 121 -235 568 183 -1254 1505 -921 -2146 -1133 360 -293 1051 -439 -749 -131 -232 324 66 -333 -812 -2055 -514 -1383 1149 1436 -198 738 -1259 -1205 -709 423 -1702 -1659 -924 176 -892 -536 -400 -264 -449 61 -933 825 146 761 -383 -751 843 -596
-533 532 -946 315 -739 52 -261 -869 216 -454 185 1023 -444 199 -607 -978 -2109 589 -393 -496 1050 1031 79 -349 -210 980 -465 144 464 1206 1287 135 -234 -455 -326 553 1420 -490 1035 370 -632 -151 -536 -524 -266 1820 985 157 380 1378 41 867 703 1207 1368 801 579 1222 223 1135 -893 -82
1163 446 430 -340 -488 -1194 -1116 -387 1015 -441 -535 -1041 -135 1351 -716 1458 488 -165 -776 291 -384 -395 1514 14 -137 -2200 -476 -403 1273 -692 -65 -332 338 240 -34 938 -1051 1267 512 -760 608 98 850 -1443 1492 -146 -1059 791 87 137 96 935 521 -529 -690 -1280 1622 -165 -220 130 -227 571
929 1195 512 339 1219 285 1701 386 652 -417 -415 1193 462 -970 2364 -721 -24 -530 1009 -226 -13 1037 -415 -532 -359 7 597 -709 -712 110 -535 300 -1904 35 1004 -724 72 352 -890 -782 -887 192 -830 656 476 -1468 573 594 -430 1237 616 674 -664 -694 16 902 -14 150 872 -886 1247 -339
351 308 -555 1864 -524 41 -1225 -181 -1086 38 265 309 -287 1444 641 -844 1161 726 -617 -1721 599 377 -329 1564 471 493 383 16 -489 651 -148 164 -320 972 -298 255 2093 -675 546 -175 -360 491 -1242 740 -322 872 -73 547 893 -95 -33 -545 -343 53 -441 210 -20 688 -572 563 74 1045
881 461 1566 -765 -1334 -997 110 860 245 1935 758 -436 -248 -1318 -1670 -397 732 -606 -151 1168 2181 -900 76 -137 -98 1114 -685 -70 -344 -77 -1751 -1266 490 -1388 -1435 -386 -2323 1489 64 13 489 -625 1297 1417 -609 223 -53 57 -188 -87 555 -809 -317 -253 -685 561 1316 12 440 2 -467 -445
711 406 -290 -1364 298 -867 -519 -951 1304 308 171 366 464 1101 1100 -475 253 -1694 1684 1511 -170 809 1709 580 501 -805 -1698 -270 -546 -295 439 -742 -818 786 43 1634 776 812 -1903 30 -394 242 1914 -2326 -171 -1537 -1245 273 166 1158 -255 403 358 -623 26 31 254 721 764 1596 184 -992
1202 1068 292 -540 291 -652 -142 169 495 190 1335 677 -349 501 -1166 503 129 2061 410 -1133 -1017 680 506 -129 758 -573 1382 202 1357 623 -411 387 913 299 541 718 151 -1413 565 -393 -481 910 -1574 996 926 1215 2063 -302 -1047 -138 492 370 434 -352 190 -112 -409 -526 447 -373 -750 -318
352 -449 -989 645 1332 1348 -66 346 813 -35 -1336 424 1474 185 91 652 -461 1204 -1142 614 864 1044 -113 533 353 181 750 -214 1739 -124 915 1726 393 1092 1836 -1347 71 -744 -408 -678 409 -1258 -1 1038 -1666 1922 -1382 -28 1823 -510 -293 -1528 19 624 844 -189 -97 703 629 -902 625 -95
-808 -2022 -488 1624 -415 -946 -330 351 -756 -560 528 1057 -480 -1177 -405 341 528 452 919 999 1321 102 -169 -294 -237 302 -634 1036 -490 1160 -266 1973 886 793 -855 15 -30 33 -1220 49 75 -906 365 -1219 2255 358 -759 803 -1048 -2370 -489 997 1005 1453 -761 104 740 51 -1066 751 241 1134
-1706 -619 518 -1109 -698 308 273 608 359 140 -52 -458 54 110 -564 1122 141 -433 199 193 1206 73 418 -1134 -45 -707 736 1537 -317 41 -309 247 -781 -69 375 1221 72 -32 199 256 373 4 101 1127 -316 -1643 1613 -1420 -341 -399 109 -77 -323 -541 758 1296 111 -1314 -191 -184 -918 -73
-623 1012 802 -26 946 295 486 1011 -510 525 1142 -1240 -1483 -344 624 140 363 -682 543 960 34 304 452 820 702 238 489 177 -226 127 1529 -1000 -813 -492 581 -1095 -711 -869 205 1028 139 1072 -381 142 -979 860 -1160 -164 -947 783 344 480 222 700 202 224 -223 -134 -751 -1342 -7 -1003
329 918 -1183 108 378 334 -339 -1513 805 -855 -2264 -782 556 -276 64 986 37 1444 2312 525 106 1132 439 401 790 740 -584 -1374 -12 -1241 -308 -700 722 586 -772 676 206 -55 339 161 547 -616 17 742 854 -975 1226 -235 -339 717 -243 53 699 -188 -353 62 -683 753 -281 554 -579 1286
1177 -1071 -592 852 610 -369 71 -152 -390 -1287 1355 321 -1053 -270 629 91 372 1756 -1088 -524 -3 -799 92 -105 -284 -1566 -896 -113 -1162 -546 243 -232 -431 -1792 -459 -93 153 871 1177 542 -429 -985 955 -413 -937 -609 -1851 -1179 736 -1205 -104 -1623 -117 -380 684 -209 -567 144 -908 -294 323 -933
-1218 -861 645 453 -702 -280 -199 -830 -1165 940 -702 -1412 -595 -580 -1722 586 440 -719 -634 172 -599 136 -353 288 -483 840 484 -849 -839 1028 -1111 -449 925 27 318 385 -93 408 406 -569 -1000 479 -306 -485 92 81 852 2578 -356 653 -315 -124 -671 -118 631 233 1174 724 -240 55 -206 -128
-509 989 1554 236 -396 1006 -728 798 336 144 -858 -899 -711 522 933 80 -816 -694 -1061 -1278 -877 -874 47 654 -996 1331 -123 -28 -34 -1804 -1638 534 -269 -667 569 590 16 468 -814 172 31 674 -8 -102 -380 334 1232 -93 326 684 -1065 -19 291 2373 -987 318 138 -756 38 801 502 1481
489 -301 109 -160 1108 -399 -1777 -40 -167 -958 -541 457 214 -199 -637 -374 900 250 -599 182 -768 365 -1049 -927 456 -1252 -2000 -1032 -947 -345 1382 -376 -773 492 397 -520 -779 -1226 108 -163 711 1573 103 -632 -74 -113 710 -463 -465 -522 -782 883 1412 102 -1099 633 -795 -127 242 -1128 -296 -547
93 -542 -717 -279 -1456 -674 311 647 -73 -1190 -452 -452 -925 -883 -181 -1184 422 -782 490 884 93 -547 -1204 1132 -916 -626 575 -624 -1052 281 557 1239 1070 853 -933 -1149 -32 431 482 -540 1478 -1629 -1396 37 414 1328 776 -590 1392 -814 967 -928 1479 -1692 1265 -786 -1178 -340 -397 -344 364 26
-712 698 628 595 -56 124 -15 -630 -437 -161 -59 1123 -143 184 -594 438 -425 443 1209 174 125 296 1456 -507 -537 261 -773 350 55 -175 -369 418 263 707 705 -363 -23 139 457 2685 470 -280 1239 518 653 701 -2247 -492 -1213 -193 -83 370 -673 -266 834 -1919 1181 -592 442 -62 916 1984
283 447 -1551 313 806 -816 1413 -1319 -974 -942 -113 276 399 -293 551 201 -193 -127 850 289 1558 234 -250 -284 1728 446 238 -297 299 -679 1023 -357 977 -473 -414 316 466 346 490 -551 -600 508 145 -40 731 -1354 -962 293 -181 -547 -760 1842 -1140 1870 -626 1406 1148 -1432 836 -582 171 -356
-967 -14 530 859 -739 220 -1069 -422 -1461 -598 575 466 149 1133 1256 -202 -651 -373 384 -924 260 1018 -168 201 -316 -1660 -437 -411 -1187 -278 174 94 51 234 -440 -422 -254 -1512 -191 -1319 -1320 -831 -16 -89 -677 -749 629 341 366 130 689 464 539 237 -132 241 -960 897 -652 -225 70 -524
-734 205 934 236 906 573 161 1080 81 2652 2577 627 147 -128 -1952 -177 -900 300 -478 613 851 -1083 1625 1198 677 309 385 -614 272 1094 -846 -211 -14 -58 -1081 -207 -440 952 1791 -969 -598 757 -748 -504 -731 269 223 791 381 1203 1284 -1728 -545 -1863 1334 -858 986 23 -59 37 117 -695
1163 621 -651 28 -478 9 -1013 -614 1335 6 -731 -1153 -306 -1465 -693 -1630 -1077 239 1034 394 -268 409 546 -1096 -757 563 745 91 459 -722 126 1423 -85 -614 857 -323 357 1660 -2078 -4 2250 -251 -196 137 -46 625 -304 -210 -185 -866 -1030 -2043 -239 -809 -486 -96 542 -132 296 -257 1067 -419
959 -630 8 -510 -238 -251 328 1184 -270 -397 -36 -453 429 -262 351 -89 652 -833 -1232 -937 -12 287 -249 -610 -350 598 -9 -1119 631 -450 -7 -546 -373 886 584 604 2178 -900 -1343 406 -990 -906 677 -197 -118 -1512 1376 973 648 -498 -1127 -1094 239 930 321 1174 -2018 -299 -1867 247 -486 263
-833 251 1269 1119 834 -1033 837 -1306 1182 181 -1094 -621 822 1343 -55 -255 -529 -1497 -423 210 375 1008 -1130 115 648 -143 -441 429 -864 -827 162 -422 402 -432 304 251 -429 -221 1180 164 21 -466 53 -398 -235 327 633 -1380 -466 -722 -382 2307 520 601 413 -281 -275 1000 -820 276 -454 1347
-118 -546 53 -455 -1269 -284 649 -41 -90 -898 -131 1137 -370 -597 -2058 419 -307 926 -548 17 -1267 -812 -298 256 -530 1538 -297 -1307 -1738 739 -922 279 586 -102 65 371 374 -234 -290 -506 21 -543 35 702 690 -227 -824 483 299 552 1516 -87 421 -176 -96 -337 2053 -1326 1383 747 122 349
825 768 10 -1830 -1497 -967 -1166 -300 -1291 178 -93 485 584 -78 1988 505 1083 1216 1755 1103 -531 403 -1124 6 142 -289 -757 802 1025 -124 -166 673 -331 1309 777 732 -1806 -961 -279 138 -856 407 334 629 -1249 312 -362 -366 -910 -214 647 -974 -339 -224 633 763 -102 -95 931 -580 358 968
553 36 369 674 1180 1069 -89 879 -480 -431 -1201 36 -214 1062 890 -213 133 570 -477 -789 521 664 512 47 -591 172 1497 -18 818 -844 1217 -536 1832 -292 146 -1857 -435 399 508 1384 -973 1537 721 -625 -217 748 579 1039 160 246 -440 255 432 1671 -732 1087 -1302 -185 -1652 1175 -1070 -119
-2025 622 -21 -219 997 -279 699 -513 -208 -367 398 1098 340 -616 -748 10 732 1454 -1056 333 476 -713 -1232 -1018 1350 -877 -850 -1261 255 815 1066 -411 225 -78 -75 -255 11 18 65 -1983 274 -553 -642 -899 -329 458 675 -660 -277 309 -746 932 -158 -516 308 158 114 161 -315 -617 847 785
682 1454 -39 -15 -459 -156 -1888 -1185 -1039 -570 177 489 -356 -798 2 261 482 62 4 76 -831 -691 380 434 -261 -655 -1176 646 386 780 -392 1954 1449 24 975 -120 976 -210 -880 -896 27 -1381 -646 -1149 89 686 -714 -1288 -110 -642 -465 -391 -311 -470 660 -1655 57 -104 1489 914 972 -1199
2557 -921 690 93 631 -508 -221 358 224 596 -422 -886 -1937 1004 979 2145 1721 -89 1450 -864 709 877 92 -246 -956 -358 206 783 -1112 -769 -656 -462 -1155 951 703 1339 402 -754 -56 502 -945 1779 -1011 567 299 -460 -1096 1139 -1088 -1115 -241 -1022 -575 -837 -1486 374 377 58 -61 -461 -743 392
434 184 1556 304 -254 -1022 413 49 818 195 -284 -1346 -54 -526 64 555 340 -312 -337 -177 -1149 -1078 -1011 -444 196 -129 -113 -606 361 -860 -201 -677 866 888 -282 503 -310 1145 432 -1288 692 -534 -685 1051 370 -74 792 912 441 459 154 -549 -514 701 741 1 -1600 -1569 -399 -411 107 -337
-397 2273 1348 27 -190 231 610 -707 -374 -559 706 1251 1793 -242 646 -712 -1020 61 397 -945 71 89 1573 -211 -444 149 40 523 -621 401 798 1646 1972 66 -73 -1419 1004 766 -364 2254 359 -1093 1201 1427 -141 1140 1237 234 899 134 -290 454 212 1384 535 -405 1385 -618 -247 -1217 85 -673
561 -206 -1538 -616 1349 1585 754 861 208 -209 544 -341 531 -363 91 -326 409 1111 -696 -424 341 -618 1000 -751 1459 154 -732 -82 -699 -228 -155 296 -1138 -858 -472 -514 803 -197 724 25 -635 711 574 -666 -449 -86 -13 -96 -333 -1128 -272 867 214 19 -1255 825 -268 433 564 935 -312 86
755 -1483 -1142 1519 -287 894 -991 -292 -112 227 -616 -1014 -890 1314 982 1291 896 -992 -226 -483 -554 1827 -982 1268 -33 -666 1097 402 -230 863 288 6 -601 94 -971 489 -838 -1255 250 -657 1025 145 159 46 39 519 186 555 -425 399 1058 -1116 -192 -1353 -291 -502 -173 1999 179 1309 342 201
-859 22 802 -542 -781 84 -57 752 301 -927 -413 -848 864 -404 -722 -637 -2 703 1116 -131 -101 -1583 -957 809 -1417 226 288 -1253 849 85 411 722 1036 1141 489 -130 -207 915 709 -866 -497 -872 -1456 -1488 -803 -551 -62 -636 -439 1039 -464 757 -149 -563 1802 2179 2021 183 277 166 675 302
364 -970 -1125 1424 1647 314 246 54 -851 -386 -773 262 -591 -248 -623 -749 235 633 -666 256 -555 633 770 -257 -809 755 -170 -55 412 -260 -110 775 -719 -187 12 -1171 661 -224 74 -458 151 162 1128 539 701 841 -1222 -1935 -692 -1697 -590 697 -123 1309 558 -471 -1121 -293 -424 -924 -730 -1462
-86 567 1717 1207 111 -79 -1004 -264 -497 1211 -511 878 979 250 -391 694 -174 -1567 -1957 -1122 764 1142 312 -340 -53 -20 -681 312 129 -35 -104 -176 605 671 26 445 815 725 549 958 1646 1287 62 840 82 -350 -931 913 -1161 -75 682 98 1486 -14 -564 -293 -643 -841 -872 -549 -1582 -276
-1719 78 -488 687 111 -1314 -134 311 970 -565 546 2231 144 92 992 -233 237 -76 2037 1734 492 -143 425 -11 637 -1523 308 -492 -259 -379 -909 644 172 -585 -55 769 747 899 -363 176 -1653 -112 -434 674 -532 -860 230 -1912 -257 611 -220 -918 -47 398 881 914 254 -360 13 -809 950 -211
-444 -128 5 236 -1054 -22 352 405 125 -1165 -296 -1151 -451 1679 -352 136 -492 520 629 -116 1362 1382 -760 -748 253 1330 492 -269 -1179 -993 1023 769 -66 914 299 171 -819 89 -33 117 -64 767 238 842 1107 -377 893 -230 1669 596 -410 1277 -816 -659 -667 118 478 1228 1319 -510 -312 -958
-237 -641 611 -2247 -400 -207 495 199 -1528 -389 618 756 960 -323 795 468 -223 -209 -624 1097 85 -1566 91 1523 1761 194 -455 -65 -241 1764 1341 -1304 444 -952 -558 -223 428 91 -1790 -402 437 -834 951 -444 -886 -863 -510 -249 -996 -507 -984 360 -848 1350 1368 -503 -272 371 -194 1065 297 1226
308 114 -117 1731 1158 65 -154 -1120 -634 -544 206 112 2206 1955 1122 -564 384 467 299 173 -1267 -167 777 -525 -618 -722 973 528 1385 -161 -1184 -526 1198 -973 904 538 370 -727 1258 1691 -1313 -542 -127 -883 1459 518 -278 -194 76 418 35 -1118 637 -255 493 -712 -412 -1299 -63 -272 1188 1266
51 465 355 -86 -948 -113 -1029 -976 464 610 368 -22 263 -682 959 437 286 -524 -980 250 -544 226 336 1220 -8 -63 -869 128 -257 -1070 -66 270 -788 817 65 -1197 -1466 -564 652 -573 -328 1180 587 574 341 -652 -65 1289 1043 377 208 23 -243 436 697 243 -161 -191 -1294 -155 -350 -24
507 1238 -447 375 -342 -747 358 1435 -80 89 -566 -646 -1587 -1075 -808 -406 -587 43 159 -108 615 1287 814 -596 -754 1283 1019 596 -794 -539 147 -329 490 138 -1132 866 -204 749 -102 -519 -595 605 789 635 -1579 -247 -149 -168 -758 -491 1192 109 -475 -54 -1131 416 398 303 1251 968 -330 1256
972 632 743 -583 566 204 788 -850 51 -838 -625 -1346 -116 -1041 -1053 -1532 -872 79 1454 1353 820 176 -490 395 1951 493 238 147 601 916 940 54 -262 -1129 774 398 1212 -25 -580 -1021 -1 878 -660 -610 274 2403 3 371 157 -454 -397 -2121 767 777 1411 347 -712 606 730 -764 1150 -394
769 204 652 947 1117 558 814 -57 252 -24 838 624 1477 334 196 1506 348 132 -37 -1878 -483 -686 -640 384 -101 22 550 144 287 -388 -571 -2231 -791 -389 405 -268 -96 -876 2249 350 445 -1181 -697 -626 1796 159 662 -4 319 -433 -751 -55 1063 928 480 -1201 238 -718 -927 1141 245 -350
1273 -745 14 -537 281 1038 -455 568 -448 889 -1910 2354 110 879 662 -999 98 345 -666 56 198 -344 -194 946 -330 301 -1365 490 348 1155 -596 429 -450 -1283 -135 -646 -224 310 -1483 -1152 -74 318 355 268 -517 -294 -565 -1273 271 -426 850 882 846 978 679 1127 888 127 456 -450 45 1079
1 1280 -87 -81 -605 -1437 -944 1256 -60 -937 -141 896 -404 1060 -1199 -291 -309 -1129 211 833 91 600 736 -105 -538 -1097 1221 -67 -679 -150 64 874 -132 271 916 1183 656 208 -102 186 564 -293 319 1030 66 -1356 -3727 -304 -1730 -549 206 225 1380 -111 -783 -401 -578 184 792 406 1479 131
550 -292 -506 863 -19 65 1242 249 118 724 1384 535 115 -9 701 841 -822 486 100 145 -488 -517 -732 -781 -273 -56 266 -1045 -130 -462 -905 -66 733 341 230 156 -266 1170 529 1386 -473 344 461 204 -978 -1223 1775 -682 -260 1007 -301 -518 -1479 -1994 -840 -557 -1068 32 0 -803 115 88
-145 1164 1938 1899 318 27 191 -1526 90 173 1197 -389 422 332 -432 -482 1031 739 909 -1723 -118 -531 1633 540 1360 -719 -894 -842 -805 -1436 -523 142 -788 -551 -343 -279 1188 238 637 -215 -678 1117 -410 120 -205 -458 373 -269 1800 -943 -964 971 -835 462 -235 243 337 301 -1448 13 653 -599
953 502 587 -357 -178 560 -932 -814 205 120 199 -173 356 -1536 -2001 -347 -285 -935 -884 -761 36 -201 189 7 -171 476 -186 -537 -337 90 2288 -102 -1195 74 268 1308 1534 598 848 -1458 1519 -522 1046 92 -293 606 507 445 342 -231 1891 752 1615 891 -48 -418 652 -256 -78 477 -913 470
779 -1655 590 -1489 4 -1377 -1083 55 911 -647 -506 -968 -308 465 623 522 -1335 -366 -285 688 -1350 205 -1754 -397 -1815 -552 -1359 -190 1167 906 427 221 -346 651 -524 -463 598 18 -322 252 2151 482 974 354 -133 700 758 405 -438 -761 -233 -410 -1355 -2493 -84 -877 590 -1147 309 1292 834 1004
-1213 -158 372 -252 849 199 1979 1523 239 234 -155 -1242 252 -1302 1046 -596 692 1113 103 -400 -269 -2 -154 667 -426 -88 -554 1414 255 -276 349 -648 -474 -291 846 91 -417 -1229 388 1086 -122 -1481 -1301 -856 257 -248 802 -492 -469 523 -773 361 -143 825 -827 -1223 -1152 -644 112 265 -292 1171
-446 -360 -818 -886 709 739 822 -1017 -1471 -1311 -1606 -641 -446 1259 -637 -131 124 616 -1026 764 -127 -281 1349 267 -542 565 260 24 -123 2075 -138 -63 1014 119 -123 -1060 -1175 179 -189 -115 -1190 -273 -71 -108 -137 -297 -787 59 -248 -428 -172 -192 -86 -546 54 2094 554 -903 -740 -1427 257 -1023
-67 327 -224 1981 534 -109 -2461 -1534 -777 -1132 -748 1759 54 252 -707 857 724 -152 -299 -35 -1029 1156 -876 -1395 915 551 -59 -142 90 -915 73 -164 -502 -387 426 -744 389 -5 -8 -690 -1848 -874 -601 309 804 1634 1198 1949 -40 930 762 491 297 -899 164 -1247 -2025 -816 492 -576 428 546
-158 -129 -110 1712 -735 244 3 1664 -574 54 -601 252 456 945 -118 -470 -345 -273 1256 -80 2085 -504 -952 800 895 -891 85 -731 642 1105 -685 -595 -520 -612 -919 643 -45 7 -493 -622 -19 656 -526 -1305 28 885 520 796 234 554 347 -991 -1405 -852 -518 -1000 813 845 239 30 1414 123
-168 545 -677 -1480 -1358 -782 590 -646 -717 -187 -283 725 851 -1168 816 1733 -172 652 206 1058 -301 -74 1427 1490 496 -308 -601 169 1336 530 1335 2103 314 -711 -484 865 -106 532 1173 -172 1543 -1333 -2473 458 54 -1167 -449 -798 849 -268 580 -214 -75 -108 -355 805 47 -159 74 1209 -973 -4
-9 -1134 -613 -297 455 -1526 -251 372 791 1052 1566 -609 522 -114 144 -1463 -543 473 -198 -466 -292 1123 1789 256 -53 -1181 334 402 -116 -212 104 -63 -685 258 238 323 -400 -715 278 1184 1050 -693 1358 1389 -623 978 -43 960 -747 -307 -1301 541 477 966 -144 -174 -1063 -213 10 -188 -587 282
-1307 -390 2345 -425 -938 348 895 -380 138 -1057 531 492 -651 806 189 638 525 -1580 195 -602 702 522 -739 -1409 84 1306 199 1383 -737 620 511 -1271 -522 231 1099 260 813 817 -340 771 -1002 1350 1494 -453 349 -366 -499 344 -425 455 -1127 -427 -314 -1050 1206 286 699 665 -176 -925 199 72
-652 249 -380 -897 809 914 -1018 -1062 -36 263 -783 -703 -110 1523 -173 -487 94 -112 284 -653 -788 -856 -916 1163 499 -1470 -726 -73 -1153 -239 -1145 86 963 1499 1172 1127 -560 -276 -731 -78 -657 -588 -439 251 1531 -178 1022 278 38 -725 1535 954 -253 39 -636 50 720 -140 -737 -559 1110 818
889 -139 -1780 -872 -723 -1069 -578 2481 808 712 -357 1277 743 -1102 810 -259 -957 525 83 900 -123 410 1808 368 -1323 606 856 298 -521 -529 -676 384 -572 -1528 -344 -1784 -350 -460 242 549 28 1635 798 1133 -664 184 1036 -431 -178 673 1889 -582 501 596 121 622 336 -495 -594 1822 -592 -811
-210 -1693 689 -47 -668 -1021 62 -22 -1455 -118 -407 -1694 -355 -289 -57 -1616 -436 -539 70 432 764 1144 179 -433 -325 1305 -310 -1051 -1168 233 50 -560 -390 -825 -377 30 1129 -571 147 -631 1294 233 1145 -347 778 1916 -80 -316 1366 748 -405 560 1306 -533 503 -37 -2027 -883 123 177 -1204 -132
