205127 132107 293165 222589 362205 -258583 68611 -179637 -63475 188371 36182 321499 358200 31773 -59056 146265 47712 -319934 386485 -234492 -548283 -289003 93421 -73756 270180 -110972 -190328 -32289 -58717 83779 17916 -84118 -206777 -524804 -130357 -352559 295170 368563 -50080 190198 -321309 -307182 -180351 109351 -434808 -423495 -235852 46080 -227388 -136014 -101540 -66269 -113797 16744 -238033 212433 38316 195839 -97078 -191166 217258 -151347
-135632 137257 -241327 81899 -187985 14684 -65590 -221420 56343 -115199 48137 262949 -112419 51897 -154341 -249628 -539185 151660 -99518 -125676 270102 264872 21547 -88065 -52620 252180 -117846 37783 119818 310083 330779 35745 -58795 -115371 -82714 142653 364860 -124308 266221 95935 -160582 -36847 -136542 -133266 -67325 467398 253117 41347 98682 354065 11511 222826 181088 310022 351223 206551 149135 314168 58210 291884 -226984 -20162
298827 115363 111261 -85832 -124176 -304321 -284280 -98047 260551 -111849 -135559 -265550 -33699 346656 -182238 374165 125686 -41377 -197258 75901 -97285 -100351 388865 4727 -33812 -562035 -120542 -102075 326677 -176087 -15698 -83828 87783 62926 -7612 241267 -268017 325511 131941 -193364 157074 26597 218577 -368126 382779 -36004 -270351 203857 23509 36250 25352 240297 134917 -134312 -176031 -326485 416458 -40767 -55140 34773 -57154 147107
238552 306995 131731 87708 313214 74039 436679 100073 168252 -105739 -105425 306455 119572 -247045 606637 -183284 -5191 -134493 259757 -56675 -2251 266394 -105135 -135101 -90795 3361 153580 -180404 -180732 29445 -135927 78109 -486288 9747 257937 -184317 19352 91244 -226950 -198882 -225611 50352 -211184 169030 122772 -374683 148225 153519 -109120 317669 158827 173850 -168658 -176543 4940 231667 -2766 39317 224100 -225830 320346 -85791
90780 79987 -141303 477895 -133531 11266 -312660 -45086 -276951 10828 68765 80219 -72499 370727 165143 -214556 298006 187168 -157011 -439347 154254 97720 -83113 401285 121864 127727 99195 5009 -123917 167514 -36983 42965 -80849 249966 -74980 66519 536720 -171808 140650 -43721 -90700 126795 -316850 190588 -81032 224674 -17272 141333 229250 -23290 -7506 -138429 -86325 14955 -112087 54776 -3989 177077 -145494 145065 19920 268579
226566 118948 401774 -194279 -340511 -253982 28879 221166 63714 496276 194736 -110522 -62574 -336374 -426534 -100617 188611 -153822 -37422 299981 559295 -229048 20476 -34163 -23738 286494 -174007 -16687 -86868 -18220 -446852 -322997 126723 -354061 -366066 -97644 -593509 382250 17534 4248 126632 -159107 333197 363784 -154941 58196 -12125 15693 -47265 -21423 142878 -206228 -80012 -63585 -174162 144738 338130 3739 113531 1438 -118654 -113363
183365 105368 -73261 -348081 77494 -220894 -131578 -242396 335123 80049 44911 94969 119732 282957 282380 -120548 65680 -432586 432423 388162 -42059 208432 439018 150028 129113 -205276 -433763 -68480 -138703 -74557 113578 -188943 -208137 202435 12194 420006 199492 209148 -485874 8832 -99900 63108 491103 -594377 -42437 -392306 -317623 70612 43824 297492 -64424 104231 92967 -158589 7853 9239 66086 185420 196924 409748 48804 -252322
308817 274636 75664 -137094 75377 -166142 -35165 44886 128090 49852 342793 174552 -88612 129424 -297518 129931 34084 528517 106203 -288610 -259007 174990 130700 -31807 194934 -145734 354644 52526 348244 160443 -103861 100258 234792 77871 139566 185037 39442 -360799 145763 -99450 -121826 233938 -401697 256114 238045 312338 529198 -76415 -266971 -34056 126814 95644 112207 -89071 49895 -27441 -103669 -133770 115905 -94533 -190671 -80251
91138 -113502 -252106 165856 341939 346040 -15798 89765 209363 -7848 -340766 109663 378331 48693 24640 168002 -117326 308914 -291236 158733 222250 268166 -27898 137681 91511 47699 193323 -53517 446412 -30630 235647 443131 101735 280734 470979 -343584 18734 -189380 -103568 -172299 106256 -320773 618 267020 -425161 492868 -352975 -6567 467636 -129852 -73999 -390116 6038 160545 217533 -47011 -23262 180842 162337 -229579 161220 -23268
-206025 -516383 -123694 416905 -105200 -240975 -83190 90655 -192366 -142357 136367 271809 -121764 -300168 -102451 88403 136581 116536 236393 256704 339503 27198 -42177 -74193 -59541 79041 -160964 265872 -124360 298050 -67084 506121 227870 203806 -218037 4896 -6598 9541 -311265 13810 20126 -230942 94475 -311141 578261 92945 -192986 207000 -266775 -605474 -123631 256353 258337 373169 -193370 28055 190453 14159 -271550 193184 63023 291354
-435605 -157283 133956 -282902 -177506 79957 70872 156722 92677 36822 -12098 -116312 15223 29295 -143179 288379 37442 -109979 52200 50557 310070 20281 108170 -289149 -10379 -179475 189630 394661 -79840 11469 -78247 64125 -198865 -16661 96868 313804 19442 -7079 52218 66507 96731 2114 27005 289887 -79728 -419386 414120 -361996 -86222 -100976 29195 -18674 -81717 -137564 195347 332986 29127 -335293 -48065 -46000 -233915 -17498
-158298 260124 206048 -5331 243649 77042 125328 259866 -129391 135358 293623 -316200 -378296 -86938 160887 36966 94380 -173699 140111 247137 9827 78943 116708 210936 180827 62179 126382 46606 -56851 33866 392577 -254820 -206864 -124590 149877 -278944 -180771 -221192 53831 264192 36606 275478 -96483 37250 -249459 221075 -295736 -40869 -240921 201647 89042 124110 57896 180200 52692 58462 -55930 -33485 -190987 -342858 -980 -255316
85308 236188 -301921 28867 98067 86430 -85843 -386273 206882 -217667 -578865 -199265 143540 -69698 17713 253387 10409 370895 592787 135820 28422 290798 113363 103878 203365 190448 -148470 -350618 -2008 -316337 -77749 -178374 186064 150841 -196690 173961 54160 -12990 88013 42102 140954 -156569 5612 191292 220018 -247987 315319 -58996 -85656 184757 -61065 14801 180154 -46815 -89411 16774 -173935 193906 -70795 143093 -146985 330736
302441 -273056 -150466 219376 157448 -93222 19378 -37634 -98729 -328146 347388 83375 -268466 -67886 162198 24273 96274 450560 -277713 -133200 567 -203563 24417 -25524 -71508 -399928 -228374 -27577 -295966 -138466 63418 -58493 -109277 -457940 -116504 -22806 40339 224424 302744 139644 -108640 -251282 245766 -104490 -238814 -154347 -472695 -300884 189486 -307355 -25454 -414346 -28761 -96074 176012 -52830 -144451 37864 -231079 -73828 83900 -237793
-310749 -219541 166007 117075 -178414 -70418 -49896 -211188 -297193 241970 -178989 -360378 -151546 -147605 -439844 151421 113741 -182887 -161489 45130 -152297 35664 -89727 74683 -122395 216001 124820 -216347 -213385 264464 -282867 -113435 238272 8323 82439 99864 -22769 105350 104941 -144712 -254939 123636 -77249 -122825 25138 22129 219482 661129 -90373 168029 -80014 -30569 -170986 -29137 162034 60435 301378 186095 -60713 14896 -51465 -31421
-128892 254005 399034 61676 -100249 258797 -185470 205154 86961 37829 -218277 -229296 -180799 134922 240309 21327 -207659 -176402 -270435 -326206 -223855 -222981 13064 168596 -254217 341676 -30524 -6220 -7697 -460902 -418131 137632 -67581 -169480 146537 152025 5085 120582 -207418 45399 8744 173414 -976 -24991 -96015 86334 316425 -22666 84543 176239 -271373 -3697 75525 608572 -251555 82482 36149 -192510 10247 205849 129839 380597
126323 -76158 29160 -39967 284958 -101183 -453989 -9304 -41818 -243814 -137433 118076 55819 -49843 -161708 -94556 231477 65519 -152318 47680 -195856 94717 -267308 -235577 118010 -319344 -510731 -263167 -241342 -87425 354792 -94874 -196681 126825 102337 -132013 -198018 -312711 28685 -40494 183373 403670 27339 -160652 -17596 -27874 182467 -117417 -117747 -132364 -198497 227365 362647 27042 -279982 163359 -202557 -31333 63042 -287424 -74535 -138602
25095 -137649 -182233 -69981 -371226 -171392 80642 166546 -17974 -303482 -114312 -114570 -235527 -224822 -44726 -301798 109187 -198568 126186 227077 24730 -139320 -307335 291138 -233640 -159043 148178 -158808 -268130 72775 143829 318374 275309 219263 -237844 -293092 -6938 111538 124508 -137145 379617 -415962 -356186 10512 107102 340936 199544 -150060 357414 -207112 249307 -236585 379930 -432246 324750 -200398 -300696 -85827 -100825 -86771 94379 8046
-181216 179477 161726 153193 -13070 33044 -3024 -160163 -111048 -40337 -14061 288569 -35543 48150 -151128 113361 -107660 114897 310436 45544 33350 77370 374088 -128251 -136166 68356 -196650 90469 15392 -43675 -93330 108179 68451 182077 181663 -91975 -4963 36623 117697 688517 121278 -70723 318335 133843 168931 180841 -573694 -124281 -309518 -48582 -20261 96066 -170923 -66614 214407 -489926 302925 -150447 114685 -14813 235978 509455
73513 115369 -396111 81322 207340 -207958 362709 -336491 -248255 -240431 -27954 71769 103276 -73883 142119 52361 -48189 -31765 218462 75293 400052 60982 -62939 -71618 443743 115640 61834 -75144 77688 -172739 262693 -90575 250878 -120039 -104805 81871 120137 89589 126419 -140254 -152835 130900 38367 -9030 188727 -345460 -245190 76306 -45525 -139138 -193585 472868 -290805 479946 -159366 361172 294775 -365845 214852 -148058 44685 -89859
-246382 -2391 136744 220802 -187713 57521 -272545 -106707 -373000 -152443 148251 120290 39117 290555 322523 -50280 -165433 -94249 99387 -235252 67506 261987 -41593 52737 -79752 -423590 -110544 -104255 -302742 -70147 45371 25112 14012 61027 -111130 -106979 -63825 -385897 -47919 -336729 -337130 -211874 -2482 -21377 -171753 -190611 162270 88603 94491 34354 177442 119870 139252 62136 -32961 62966 -244778 230339 -165463 -56465 19126 -133238
-186740 53632 240235 61743 233269 147589 42621 277782 21919 679943 661062 161866 38836 -31699 -498623 -44203 -229258 77696 -121048 158313 219309 -275920 417523 307626 174156 80317 99910 -156381 70625 280790 -215282 -53155 -2518 -13714 -275761 -51890 -111372 244665 459388 -246995 -152095 194732 -189944 -127760 -185998 69762 58142 203210 98365 309132 329879 -440898 -138386 -475436 342831 -218431 253227 7311 -13465 10923 31074 -176829
299143 160312 -165169 8363 -121269 3456 -257725 -155727 343250 2875 -185803 -294060 -77507 -373842 -176352 -416109 -274899 62153 265997 101826 -67224 105892 140924 -279688 -192738 145321 192136 24294 118779 -184025 33452 365274 -20652 -156121 220705 -81125 92639 426054 -531079 -362 576788 -63640 -48931 36242 -10700 161064 -76629 -52492 -46277 -220181 -262110 -521246 -59785 -205478 -123419 -23588 139650 -32789 76747 -64512 274017 -106479
246450 -160529 3149 -129166 -59738 -63074 85665 304762 -67827 -100010 -7812 -114586 110659 -65941 90853 -21845 168022 -212263 -314200 -238834 -1835 74656 -62548 -155497 -88460 154454 -1218 -285517 162712 -114403 -909 -138613 -94658 228163 150738 155638 558790 -229378 -342974 105139 -251923 -230922 174257 -49285 -29311 -385850 353647 250254 167094 -126213 -287257 -278871 62582 239717 83451 301982 -515199 -75280 -476475 64490 -123734 68380
-212357 65276 325948 287707 214394 -263223 215434 -333127 303645 47516 -278877 -157920 211530 344641 -12831 -64227 -134230 -381846 -107393 54880 96868 259163 -287868 30636 167030 -35667 -111865 111101 -220149 -210501 42694 -106837 104046 -110028 78697 65091 -108887 -55667 302950 43239 6546 -118150 14861 -100383 -58986 85215 163342 -352003 -118080 -183547 -96728 591769 134478 154854 106671 -70964 -69452 257475 -208703 71605 -115030 346141
-29253 -138585 14501 -115334 -323612 -71157 167319 -9237 -22123 -228611 -32355 292266 -93435 -151951 -525859 107881 -77417 237974 -139316 5240 -323522 -206651 -74876 66923 -134328 395028 -74634 -333587 -443740 190429 -235000 72785 151078 -24899 17614 95802 96472 -58882 -72946 -128376 6568 -137659 10220 181433 177813 -56851 -209948 124862 77814 142555 389263 -21022 109052 -43747 -23576 -85496 526505 -338483 355115 192382 31936 90615
212265 198118 3757 -467051 -381918 -246227 -297270 -75647 -329404 46832 -22637 125620 150773 -19045 510071 130548 278723 312714 450005 283166 -134920 104543 -286373 2786 37636 -72854 -192658 206457 263236 -30691 -41875 173370 -83701 336178 200411 188247 -461457 -244713 -70298 36456 -218081 105055 86638 162645 -318525 81364 -91272 -92538 -231733 -53626 166562 -248052 -85452 -56093 163202 196351 -25219 -23107 239413 -147772 92579 249056
142799 10357 95674 173540 303091 274671 -21632 226208 -121754 -109481 -306042 10400 -53869 273326 228789 -53385 34960 147148 -120772 -200997 134337 171219 132284 13090 -150023 44835 384440 -3526 210406 -214937 312643 -136166 470416 -73799 38278 -474234 -110591 103010 131052 355323 -247826 394387 185614 -159038 -54472 192433 149456 267017 42387 64257 -111614 66240 111374 429125 -186495 279312 -332672 -46222 -421484 302084 -273021 -29535
-516999 160494 -4342 -55372 256224 -70727 180314 -130053 -51592 -93009 102963 282232 88340 -156445 -190299 3600 188310 373060 -269232 86316 122548 -181089 -313857 -259467 346691 -223516 -216177 -321713 66511 209797 273985 -104291 58568 -19012 -18092 -64434 3707 5512 17597 -506708 71060 -140787 -163082 -228966 -82968 118339 174299 -167824 -69970 80617 -190000 239781 -39431 -130907 79630 41402 30142 41918 -79699 -157233 217480 201828
175995 373542 -8795 -2707 -116402 -38653 -482392 -302172 -265227 -144768 46467 126318 -89885 -203413 1494 67982 124555 16969 2067 20730 -211721 -175534 98641 112360 -65498 -166650 -299472 166357 99911 200536 -99331 501281 372168 6937 250624 -29844 250772 -52612 -224094 -228209 8486 -352088 -164218 -293086 23987 176746 -181405 -328586 -27161 -163029 -118101 -98963 -78585 -119452 169959 -423009 15709 -25547 382282 234837 249478 -306223
656042 -234705 177861 24841 162787 -128813 -55445 92686 58695 153594 -106759 -225796 -494665 257951 251666 550493 441592 -21984 372207 -220247 182584 225706 24325 -62084 -243663 -90287 53841 201547 -283109 -195816 -166771 -117414 -294715 244368 180885 344135 104141 -191974 -13200 129377 -240916 456316 -257687 146259 77864 -116935 -279740 292791 -277263 -284201 -60736 -260469 -146223 -213312 -379158 96477 97405 16059 -14591 -117298 -188960 101576
112250 47955 399576 78739 -64560 -260763 106492 13531 210158 51355 -71527 -343753 -12720 -133925 17193 143163 87839 -78558 -85398 -44303 -293233 -274524 -257692 -112316 51316 -31697 -27710 -154167 93444 -219244 -50071 -172259 222944 228171 -71122 129952 -78381 294429 111705 -328764 178132 -135800 -173920 270280 96235 -17910 203952 234643 114246 118874 40424 -139307 -130378 180701 191007 1139 -408689 -400434 -101079 -104330 28513 -84951
-100129 583068 346265 8094 -47481 60185 157199 -179744 -94434 -141813 182001 321345 460127 -61172 166407 -180875 -260053 16649 102711 -241054 19034 24147 403758 -52854 -112387 39424 11229 135127 -157715 103872 205624 422448 506291 18080 -17717 -362434 258054 197276 -91934 578022 92934 -278880 308559 366086 -34800 292776 317883 60994 231055 35411 -73116 117083 55241 355411 138096 -102700 355509 -157231 -62103 -310540 23063 -170737
144872 -51675 -392562 -156620 346411 407177 194202 221462 54387 -52183 140332 -85966 136906 -91548 24386 -82585 105880 285669 -176956 -107530 88687 -156708 257433 -190864 374497 40706 -186008 -20084 -178023 -57424 -38384 76788 -290264 -218448 -119708 -130081 206590 -49219 186629 7799 -161315 183351 147994 -169569 -113503 -20881 -2033 -23541 -84532 -287699 -68752 223364 56361 6386 -319920 212753 -67558 112285 145905 240612 -78734 23668
194075 -378876 -291233 390287 -72501 230066 -252632 -73369 -27511 59401 -156528 -258336 -226969 337384 252028 331624 230309 -252760 -56638 -122471 -140543 468761 -250417 325700 -7061 -168807 282121 104291 -57633 222230 74855 2473 -152553 25012 -247544 126399 -213465 -320259 65361 -167008 263832 38248 41941 13052 11397 134242 48811 143267 -107721 103370 271517 -284422 -48435 -344868 -73294 -127186 -43047 513103 47267 336368 88716 53047
-218622 6884 206989 -137298 -198838 22609 -13179 193815 78141 -235874 -105007 -216235 222015 -102530 -183818 -162011 762 181271 286807 -32393 -24573 -404298 -243841 208267 -361551 59074 75188 -319346 218456 23010 106595 185832 266756 292674 125977 -32018 -51911 235217 182539 -220305 -125922 -222107 -371354 -379955 -204424 -140153 -14552 -161946 -111738 267196 -117981 194726 -37138 -142924 462246 559079 518402 48079 72442 43783 173857 78557
94537 -246908 -286907 365389 422622 81680 63867 14927 -216580 -97478 -196328 68406 -150337 -62706 -158082 -190559 60983 163254 -169778 66200 -141196 163378 198539 -64537 -205991 194662 -42375 -12987 106477 -65379 -26756 199415 -182969 -46641 3871 -298724 170056 -56402 19932 -116181 39884 42798 289975 138988 180853 216593 -311582 -494140 -176346 -433509 -149885 179724 -30524 336154 143983 -119633 -286254 -73900 -107093 -235578 -185899 -373429
-20913 146768 440649 310194 29426 -18920 -255614 -66560 -126128 310866 -129425 225707 251320 64696 -99029 178642 -43258 -399636 -500185 -285837 196562 293555 81009 -85534 -12359 -4123 -173085 80542 33723 -8107 -25395 -43894 155914 173034 7706 114980 209652 186787 141879 246290 422397 330536 17119 216371 22272 -88439 -237077 235085 -296428 -18207 175503 26342 381472 -2145 -143025 -73685 -163434 -214157 -222325 -139785 -404005 -69791
-438824 21508 -123435 177085 29671 -335182 -32810 80438 249598 -143594 141284 572333 37702 24623 255172 -58566 61741 -18093 522353 444972 127093 -35485 109831 -1626 164400 -388776 80366 -125051 -65179 -95981 -231645 166218 44930 -148881 -13206 197674 192231 231201 -91998 46088 -421923 -27575 -109850 173750 -134970 -218843 59727 -487988 -64800 157385 -54981 -233723 -10888 103108 226692 235287 65998 -90916 4395 -206279 244237 -53262
-112364 -32126 2252 61971 -268367 -4359 90875 104541 33184 -297308 -74610 -293583 -114788 430799 -89112 36046 -124683 134532 161820 -28484 349782 354761 -193372 -190269 65417 341544 127157 -67872 -300531 -253080 263386 198474 -15406 235031 77874 44903 -208525 24060 -7474 31230 -14885 197671 61960 216823 284533 -94909 230051 -57729 428232 154020 -103770 328116 -207770 -167568 -169596 31255 123780 315377 338824 -129661 -79109 -244405
-59453 -163327 157692 -574286 -101263 -52033 127425 51945 -389885 -98390 159483 194980 246669 -81864 204157 120974 -55941 -52272 -158538 281926 22786 -399944 24270 390993 451773 50752 -115035 -15331 -60157 452805 344871 -332741 114658 -242425 -141900 -55885 110922 24748 -456930 -101984 113088 -212378 244794 -112290 -225242 -219703 -129607 -62463 -253579 -128518 -250421 93354 -215806 346471 351814 -127212 -67666 96421 -48311 274131 77255 314860
80171 30423 -28786 444252 298066 17660 -38602 -285669 -161172 -138093 54077 30352 565434 501759 288045 -143452 99294 121007 77713 45502 -322887 -41555 199834 -133521 -157133 -183799 250393 136073 355778 -40503 -301934 -133365 307654 -247794 232817 138931 95837 -184799 323181 434106 -334669 -137301 -31341 -224572 374699 133927 -69960 -48388 20626 108305 10364 -285058 164022 -64513 127474 -180885 -104217 -331283 -15086 -68470 305346 325356
14522 120152 91860 -21282 -241784 -27432 -262565 -248249 119869 157446 95160 -4348 68626 -173620 247027 113039 74430 -132886 -249666 65093 -138202 59081 87203 313425 -970 -14635 -221349 34288 -64239 -272959 -15599 70491 -200695 210216 17991 -305342 -373698 -142869 168474 -145803 -82886 303285 151522 148103 88368 -165914 -15870 330780 268435 97756 54821 7457 -60719 113269 179609 63164 -40248 -47707 -330115 -38539 -88544 -4830
131027 317853 -113371 96845 -86844 -190357 92890 368968 -19130 23992 -143602 -164191 -405004 -273815 -205730 -102750 -149237 12164 42031 -26729 158348 330427 209127 -151568 -192091 329850 261727 153912 -201830 -136903 39015 -83007 126378 36245 -288616 222891 -51009 192748 -24797 -132150 -151354 155908 202926 164043 -403218 -61849 -36884 -41751 -192700 -124319 306465 29104 -120520 -12394 -288458 107546 102845 78616 321230 248858 -83349 322582
250074 162718 191183 -148232 145975 53494 202654 -216385 14573 -213593 -158990 -343358 -28505 -265670 -268323 -390852 -222197 21238 373297 347609 210832 46062 -124382 101895 500657 127527 61944 38781 155163 235500 241767 14974 -66421 -287995 199379 102971 311565 -5181 -147278 -260360 611 225533 -167777 -154806 71530 615888 1658 96060 41592 -114928 -100624 -541862 197499 199889 362139 90031 -181603 156163 187857 -194745 295782 -99563
197778 53361 167820 243539 287238 143982 209486 -13624 65630 -4559 215474 161189 379269 86621 51399 386654 90178 35131 -8398 -479013 -122665 -174398 -162532 99303 -24693 6527 141761 37817 74213 -98324 -145134 -570388 -201380 -98551 104490 -67521 -23844 -223177 576657 90633 115194 -301274 -177358 -159311 460482 41944 170477 247 83028 -109660 -190795 -13215 273104 238957 123980 -306107 62316 -183047 -235973 293302 64093 -88746
327171 -189262 4578 -136355 73306 267008 -115418 146273 -113647 228408 -488039 603558 29343 225824 170445 -254797 25889 89410 -169577 15466 51662 -86711 -48751 243119 -83267 78224 -348422 126754 90017 296470 -151231 111000 -114014 -327514 -33496 -164314 -56409 80551 -378739 -294145 -17826 82512 91906 69624 -131223 -74121 -143697 -324621 70505 -107718 218971 226677 217677 251607 174769 289428 228287 33054 117890 -114405 12584 277428
1309 328652 -21344 -19348 -153820 -366791 -240726 322520 -14506 -238518 -35285 230389 -102364 272383 -305621 -73094 -77908 -287927 54889 214559 24201 154580 189527 -26051 -136422 -279702 313700 -15885 -172539 -37225 17573 224826 -32693 70530 235470 303871 168722 54344 -25172 48565 145336 -74096 82665 264653 17881 -345649 -952733 -76369 -441697 -139283 53797 58550 354343 -27011 -199257 -101530 -147054 47804 203576 104851 379508 34342
141958 -73844 -128493 221775 -3803 17882 318917 64713 31011 186816 355506 138561 30526 -1424 180611 216310 -209170 125420 26696 38450 -124036 -131228 -186235 -198901 -68512 -13353 69518 -266451 -32528 -117019 -230208 -15520 188850 88796 59928 41315 -67286 300301 136199 355697 -120326 88975 118848 53049 -249514 -311753 455892 -172816 -65317 259189 -75929 -131195 -377436 -509338 -213600 -141504 -271861 9390 895 -204883 30642 23612
-35867 298733 497242 486969 82603 7691 50042 -389678 23729 45254 307200 -98805 109203 85862 -109489 -122292 265527 190397 233927 -439914 -29408 -134569 419318 139303 349296 -182852 -227662 -214251 -205362 -366405 -132746 37564 -200718 -140065 -86792 -70262 305480 62030 164323 -54383 -172706 287052 -103826 31748 -51492 -116584 96623 -67766 462334 -240153 -245544 249648 -212573 119165 -59189 62984 87608 78268 -369663 4594 168432 -152409
245630 129910 151762 -90399 -44441 144965 -237378 -207437 53321 31933 51850 -43261 92299 -391935 -511250 -88061 -71603 -238050 -225027 -193765 10298 -50206 49745 3300 -42467 123168 -46382 -136224 -85344 24783 586786 -25231 -305063 19904 69888 336157 394091 154327 218050 -372287 389974 -132306 268845 24860 -73844 156509 131220 115090 88474 -58078 485176 193558 414287 229082 -11057 -105624 168494 -64270 -19050 122921 -232514 121538
200437 -422882 152118 -380039 1955 -351398 -275749 15500 234543 -164365 -128288 -246825 -77767 120623 160278 134939 -340507 -92527 -71638 177464 -344277 53643 -447498 -100045 -463535 -140229 -346822 -47684 299718 233094 110346 57964 -87319 167624 -133090 -117218 154719 5667 -80840 65717 551744 124446 250599 91673 -32895 180067 195009 104644 -110629 -193517 -58158 -103684 -345359 -637027 -20243 -223328 152386 -292947 80112 331484 214469 257969
-309252 -39564 96501 -63151 218585 52294 507958 391382 62415 61175 -38792 -316970 65438 -332110 268818 -151431 178423 286102 27431 -100916 -67525 594 -38158 172041 -108302 -21614 -140975 363390 66477 -69172 90328 -165003 -120217 -73552 217681 24474 -105492 -313639 100315 279258 -30357 -377865 -331641 -217746 67114 -62651 206109 -125158 -119117 134618 -196827 93618 -35185 212418 -211089 -312168 -294001 -163559 29795 68924 -73634 300830
-113215 -91187 -208487 -225877 182598 190508 211788 -258974 -375514 -334468 -409809 -162965 -113155 323625 -162023 -32126 33236 159054 -261734 196753 -31521 -70993 346828 69676 -137911 145667 67399 7192 -30456 532513 -34276 -15126 260458 31583 -30179 -270313 -299524 46713 -47175 -28451 -303781 -68714 -16474 -26309 -33743 -75077 -200609 15930 -62119 -108253 -42818 -48098 -20895 -138516 14760 537164 142659 -230227 -188139 -364304 66436 -261072
-16102 84382 -56439 507829 137484 -27142 -629077 -391947 -197760 -288861 -190556 451362 14882 65668 -179803 220372 186765 -37557 -75448 -7951 -262365 297059 -223247 -355582 235627 142385 -13376 -35006 24387 -233029 19888 -40765 -126942 -98080 110265 -189299 101014 -31 -794 -175421 -471932 -222773 -153038 79911 206302 419753 307966 500094 -9095 239169 196229 126899 77085 -229125 43437 -317706 -517354 -207342 127009 -146525 110456 140903
-39406 -32077 -27115 439020 -187106 63580 2051 426858 -145645 14427 -153034 65394 118060 243122 -28726 -118916 -86967 -68520 322336 -19660 534525 -127855 -242672 205992 230384 -226979 23323 -185836 165626 283868 -174226 -151060 -131830 -155665 -233945 165843 -10193 2716 -125108 -157883 -3660 169314 -133918 -333346 8106 227768 134307 205265 61032 143285 90095 -252751 -358515 -217070 -131482 -254622 209399 217748 62251 8782 362939 32459
-41930 140480 -172743 -377883 -346532 -199077 152414 -164484 -182354 -47045 -71880 186516 219303 -297905 210126 444697 -42908 168079 53689 271793 -76274 -17785 366192 382636 128122 -77948 -152562 44413 342996 136736 342677 539371 81386 -180782 -122518 222593 -25580 137605 301656 -42824 396404 -339759 -631996 118385 15282 -297526 -113747 -203264 217981 -67561 149293 -53739 -17858 -26572 -89767 207095 12973 -39210 20192 310555 -248208 207
-1069 -288976 -155667 -74721 117514 -389598 -63171 96523 203721 270561 401887 -155146 134897 -28079 37995 -373487 -137885 122259 -49208 -117848 -73560 288599 459141 66794 -12817 -301442 86648 104241 -28356 -52814 27721 -14992 -174171 67283 62028 83991 -101087 -181714 72218 304048 269856 -176076 348781 356844 -158210 251893 -9683 247269 -190232 -77427 -331887 139402 122942 248487 -35690 -43118 -270995 -53801 3842 -47121 -149525 73401
-333624 -98790 601225 -107727 -238870 90467 230675 -95996 36613 -269600 136983 126826 -165755 207431 49392 164151 135865 -403480 51245 -152810 181238 134756 -188067 -359693 22338 335275 51972 355164 -187461 160129 132117 -323788 -132341 60454 282698 67793 209815 210598 -85348 198708 -255520 346932 383405 -115065 90378 -92404 -126561 89380 -108045 117448 -287235 -108067 -79380 -267562 309591 73938 180079 171224 -43933 -235905 52075 19985
-165595 65193 -96149 -228298 208691 235351 -259415 -270727 -8222 68323 -199269 -179132 -27345 390821 -43355 -123271 25543 -27458 73934 -166059 -200574 -217938 -233219 299026 128587 -375206 -184533 -17664 -293789 -59456 -292020 23350 247612 385071 301579 289869 -141996 -69408 -185962 -18505 -167149 -149424 -111380 65354 393052 -44205 262855 72356 10517 -184400 394118 245392 -63942 11026 -161648 13883 185448 -34747 -187185 -142118 285398 210603
228430 -34538 -454502 -222551 -184187 -272715 -146670 636195 208066 183255 -90294 328171 191108 -280668 208437 -64681 -243651 135492 22573 232060 -30448 105883 464026 95704 -337318 155777 220214 77240 -132533 -134345 -171639 99197 -145004 -390208 -87556 -455619 -88439 -117104 62766 142051 7947 419405 205114 291062 -169246 48287 265919 -109489 -44443 173206 484574 -148229 129579 153740 31979 160248 86757 -125838 -151081 467484 -150053 -206212
-52626 -432481 177318 -11252 -169729 -260420 17013 -4746 -371447 -29090 -103074 -432763 -90069 -73081 -13665 -412612 -110919 -137167 19144 111983 196954 294043 47011 -109144 -82091 334987 -78337 -267835 -297842 60634 14099 -142357 -98829 -210231 -95818 8759 289832 -145237 38550 -160331 332354 60796 293676 -87696 199836 491563 -19502 -79751 351320 192504 -102515 144190 335261 -135648 130126 -8160 -518055 -224671 32515 46698 -306953 -32551
