-1672
-563
-3582
951
-1079
-759
-247
-579
-968
563
-989
-643
-2066
1919
-2301
1751
-1500
573
183
-644
2331
1286
-1689
425
-1499
-242
-362
360
-2070
839
1363
3287
-1123
767
640
-1871
-244
-1005
108
157
141
-1264
1135
-1325
-73
760
-275
-701
622
1224
151
-1737
220
-1497
180
123
-830
2199
1181
-1164
1740
1426
2014
-837
-1467
1655
-1319
1370
-640
2723
3828
552
1193
3419
587
1315
890
-657
-528
2084
608
-1215
1846
747
-1843
651
1043
-2020
978
1207
-1101
-792
-2173
2163
-237
2251
2179
-1425
-281
-2609
99
516
-433
-2404
-1559
135
-251
-212
799
-2241
-1769
-188
-399
-417
-340
731
-1878
-601
-1011
1530
302
-1137
565
-266
48
1327
-80
-325
992
16
386
1825
-151
2696
-2220
-275
-1404
-819
-1228
529
819
-120
731
-2457
978
-1108
381
2368
-1149
1294
-1060
-1826
1212
2495
2560
106
901
349
-3999
1075
-939
-1896
2018
-2915
1761
1938
-2455
3112
510
1295
-1555
3162
1017
2015
3231
193
192
-1214
213
-2155
1992
-976
-1775
-597
-2792
-605
-148
1168
-1063
1840
799
-1855
2253
1418
1181
-2655
2224
-493
-5014
-327
-779
1621
-3465
469
-164
-556
-1035
808
2344
919
-1431
-1029
-2818
479
1362
-203
-471
-2141
914
-1101
-186
1205
-708
-2221
4336
-1250
3099
-2018
3535
-1941
701
-1447
-1180
2926
-2371
2723
-126
613
-1202
-1816
598
1964
3502
-818
-123
1848
211
2415
1353
1509
-1884
1689
-2336
2318
-2377
1467
-1265
1223
-1845
-969
-1032
1683
1857
57
-657
902
-1055
1398
-3
1845
-815
-2447
1230
82
-670
3458
-3248
1201
-1648
-1945
696
-2131
-1198
1789
-1417
2246
328
4078
857
-952
826
-2013
-421
-2014
1905
-736
715
1437
-1854
1359
264
410
-2220
-1910
1215
-3896
2231
-3693
1844
-162
-1870
-198
1
-2509
1305
-1731
1751
-1568
2736
-678
520
-1441
1798
-1033
883
1958
-2740
521
203
-1928
1554
-1497
2570
3094
560
1973
-926
-1967
913
558
1104
-437
1887
224
-612
-2237
-277
-89
-3614
1654
-1088
1052
857
-494
708
-693
1519
-614
2881
1839
2058
2391
-490
522
-2759
2142
-1334
2708
1982
-3351
-154
-48
-3089
-176
1113
-538
338
1622
1784
-1470
-1448
3348
-4129
-2037
983
-1420
467
66
-1535
-2459
-2858
1424
-127
-441
1997
-3569
-186
1676
369
1635
1319
214
1346
-473
1193
-352
551
399
-1662
3592
-1727
2125
-2205
769
-849
1834
137
-965
-1077
351
-489
-1222
2496
-3269
2277
-841
-706
1099
-239
471
810
1808
990
33
-1045
1518
-1181
123
-1385
771
2593
-1348
2261
784
-930
-1028
-4276
2125
-919
1513
140
-1843
147
1473
-672
-454
2423
-1364
-2574
601
-205
-257
-1196
-531
-3798
331
-1698
801
2189
1347
802
68
1143
-2433
2149
373
2025
-1340
-1184
1816
2004
1504
-19
1463
289
67
-1221
-1474
608
2586
-322
1660
-300
-2029
2530
11
2853
-531
1178
-664
-1349
378
-121
3156
-636
-2398
142
1251
-1442
895
167
1077
-1625
259
-4206
1978
370
-778
1255
-690
242
-1220
2915
4595
-2487
-1
-722
-1571
2536
2153
250
-957
-1659
-348
2074
409
-522
-1
-270
-1957
-1165
-511
854
-1009
-1359
1632
294
525
-2539
1263
4400
-1766
-1716
439
-777
-611
425
1945
284
2015
-28
-242
3640
-829
1950
-897
887
-486
2540
2986
-330
-142
1388
-2
-445
-1465
-1038
727
-2005
242
-822
2723
2294
-2509
1236
-700
-325
348
-1187
-4106
2632
-1306
-1827
722
268
1972
-59
-163
139
-3374
-367
401
-668
3293
3242
264
1688
379
-845
-1201
1443
658
-241
-2323
1089
-177
-279
236
1443
-289
1630
1719
-2220
1480
437
-1874
1540
2734
990
-113
1256
1213
34
-1879
-1718
722
-1904
-1854
2113
-1296
67
-183
1214
2860
929
-1357
454
-1070
-1440
-307
-641
3110
-350
-1245
-2470
1922
-1643
75
2771
-2038
-778
-2491
-1503
-444
273
-1077
1301
684
-788
1394
-591
878
-595
1540
-2475
2709
-1573
786
-1621
1353
928
-358
1654
-870
-1516
889
-711
-1221
995
2343
700
-262
164
-12
942
337
691
-2544
1233
-1068
-1345
-1533
2432
-301
1084
694
-42
242
-2738
-1309
2109
354
1048
-849
418
-1808
880
-229
-1046
-2000
1043
-1504
310
-1143
855
-756
-54
1186
809
1068
3140
-1620
-21
-616
1028
551
695
-500
-1305
372
-371
-427
-828
2870
-693
139
474
726
-864
2639
-2638
2262
-2509
2485
-914
373
1186
-904
2838
-956
-715
-731
-481
-2186
-2942
-2207
811
-972
2865
-1273
810
-1395
-359
-1301
2944
-877
-1284
-485
1813
14
889
-1482
-1310
1590
-1411
379
-2748
628
357
625
-2412
-1730
-1713
1638
1145
-450
-177
122
960
1264
1540
1183
3789
1059
-192
626
1730
-1074
-333
-1299
2829
-1670
2603
-939
1487
29
-3045
3678
-2744
1642
3141
1442
-29
-1026
-1269
367
449
-7
287
319
-1448
2452
-3229
1305
1043
2145
-2156
3587
-2703
-895
-1344
209
80
-1106
3004
-2238
505
930
-861
-142
-1316
561
23
1655
469
229
-978
-542
-235
-318
399
695
50
-850
551
-1314
3281
-1319
1270
-2778
-1137
446
-2915
3575
-1666
3463
2161
-133
1294
-1121
1935
2980
-513
-613
1418
-725
196
1186
-1172
-128
116
1774
-981
575
-2168
-143
-155
-1167
732
696
1879
679
129
389
-3291
198
-302
-1062
220
2014
3099
3268
-265
1194
-3904
512
-3511
857
1186
-2072
4001
1973
-416
2206
-1995
2191
453
1251
862
3091
-183
-1278
-2411
-70
18
-121
2673
2389
-1020
2122
1212
-1347
1336
1122
1426
1109
-1154
1634
1849
1133
-48
-309
697
4065
1612
-1028
-2011
133
256
2110
-3713
-4061
-993
766
1551
1720
731
2055
-2158
-754
-1779
-2217
-1239
-1552
-2735
-63
1162
52
-80
2236
-3866
-1092
-1726
1294
2091
-1568
-1649
-1068
857
-441
-2625
202
1333
903
-3542
382
-606
-4732
2747
-1233
-1999
-449
-195
-1857
-1284
-989
-2534
-1088
1120
1066
21
-759
-1199
-272
1022
1944
1983
-881
-120
3401
-2385
-2351
1086
-947
-1481
-3033
-1001
1455
264
-2589
-1801
-564
1095
1627
1419
-128
-1884
-147
1009
-272
1930
962
44
-2788
751
1145
2219
1847
-1150
535
1314
-111
533
-3161
-2540
-2730
-477
2050
-762
1323
112
650
1679
-1945
371
-981
2125
847
-1968
-2314
-309
-1215
-3508
102
880
-2201
1496
897
1159
-1965
1312
1526
-1240
-1552
-409
1725
757
-1594
-1910
1369
-532
224
-875
-3947
-1116
-1797
1770
1612
2207
77
-1367
-1395
-1870
1380
382
-803
-2514
699
446
45
3096
3099
926
1508
2993
535
-2057
85
376
-2784
-824
79
-4429
902
1913
-2605
599
1086
1389
-1628
1094
4837
2152
2572
-2451
-1083
-1517
792
-73
2556
-3175
-1770
2341
528
541
-902
-2021
-382
-1315
1168
1766
568
-678
1474
-3872
1948
-1821
-1005
1464
1989
3261
1094
-1432
-2488
469
-303
382
-872
-1774
179
339
-397
-188
520
-2498
-1436
-1355
-301
1294
2356
4887
342
2278
315
-2633
-285
-3782
-2167
233
-228
1892
-383
-2169
-2813
1030
-1994
-1434
-1670
-1847
1195
2564
3182
141
-1492
836
-335
214
-1120
3727
-343
-309
905
122
-269
4666
-152
-1175
-4317
-13
690
48
256
841
-392
651
-1553
-931
2411
-932
-1385
1882
71
996
9
978
1374
-191
2552
2000
-109
1563
-1289
-1779
789
2959
1665
2501
1651
-654
2868
-1739
-1257
-812
-172
-1703
-334
386
-2253
828
-1836
-3099
-2490
-2372
254
-1333
230
-117
1859
-316
-1035
3187
1399
-508
1167
-827
314
1994
5701
1846
-1833
-1548
435
-474
2363
181
-1530
1007
-235
1050
-604
-2142
2269
-1140
-1526
1410
-3047
-768
-2498
-1990
-783
-3104
-2399
-61
-548
-1321
2351
1456
-1599
-2422
-1051
-109
1610
1897
1706
1320
328
645
768
891
997
140
-1017
-1044
-1780
2620
-91
119
327
-1657
191
-4382
-2413
861
-1371
-863
1765
-357
-347
-1444
-72
3592
-3124
-1885
-46
2366
2860
105
533
-1387
277
1812
966
665
-2407
-3422
1754
498
-1638
2676
1154
882
2341
-124
2961
89
2845
1290
1275
1065
-2635
-3140
-2560
-1009
1030
2457
215
2249
-2026
756
1447
747
-1313
-1198
-1176
-1628
-40
-809
-557
803
727
-396
1821
-2342
-770
2459
-3383
-771
-4226
1516
-605
-923
324
950
1764
-1864
-1937
2319
951
2715
252
-1112
469
-1894
1430
-399
-395
-2195
798
-424
-1342
714
-3379
142
-1075
-2072
-716
-1216
-632
129
-682
2744
2074
-1403
-822
-2063
-885
294
3101
1717
-467
-213
3018
5118
2151
210
-517
128
-491
-14
-62
90
-846
2195
822
-500
1160
1496
772
-1977
-2518
-129
260
-2350
-3343
-340
-171
973
1675
-500
-2507
-945
-528
1811
755
568
1300
2900
258
-2267
-829
-52
3027
-849
-3068
2683
-1303
1143
753
129
1753
195
-2402
-801
2063
-1800
-2823
-1334
1739
1320
0
1228
370
-2353
-3528
339
-651
-2442
468
3091
1161
-1271
-2489
-1669
-1481
2690
702
-1927
-480
-1285
1449
-336
-804
-448
2693
-865
-924
-1090
-2301
-1542
73
1076
-614
-2238
-3527
-393
-325
-600
1356
2918
-264
1188
-488
-2453
1840
281
-489
2673
1347
-805
1077
596
1520
1310
-444
281
-649
-1332
-1590
-770
-1807
2994
-687
187
784
-376
957
2733
-822
-1268
1213
-1918
-2709
-602
-1683
-891
-423
-42
727
-557
810
2277
-526
-2372
-1679
2384
2192
630
-1541
78
156
-227
-698
1104
1770
1361
111
126
13
-776
616
302
-1510
193
-1948
-277
-3103
-1182
1843
653
1848
-1660
-3007
-1781
2222
1529
1918
1545
-35
1177
-14
-669
-569
628
233
1516
54
-1924
378
-667
-1794
-1117
1048
924
-1338
-2227
-382
516
1820
1138
1080
-1232
-367
921
1637
-677
-1278
-1980
1342
2838
1603
-500
447
-655
2415
-499
-1609
-1623
863
641
-2036
-383
1947
2860
350
2663
1140
-439
-2635
-1002
568
1353
1556
945
-306
81
-973
-680
-48
-1102
-2244
-49
-873
1957
2109
-1722
-395
1121
2034
-1444
2997
2944
1586
1740
2799
2376
854
1784
-2872
-3606
-512
-1179
-1317
-531
-2419
-2485
-44
292
-656
-2115
496
1022
-1950
537
-2176
1196
1028
2103
838
-3675
293
-598
-666
-1262
-116
563
1980
-134
457
-262
1361
175
234
-2849
145
-1490
-2531
1218
745
-2251
1163
-3992
-1018
-1614
-897
1035
-2072
-80
566
-130
-521
-537
1923
-27
-72
-1101
215
594
617
709
-471
233
394
-1518
-235
406
-1314
-1479
-2167
2392
166
-66
-1021
-1239
225
-2478
-2238
-3604
-1057
1966
1653
-1323
-2674
-2230
-1478
649
-1120
-1009
1877
1477
-894
-636
701
1554
2723
-437
400
-989
-2724
432
1213
-276
2545
1826
777
-2177
-217
-188
688
-651
516
-479
-919
-1300
1659
-9
1244
-926
-1214
-746
-799
-866
-1953
-1434
1586
-2179
-790
1215
-142
-2442
-1738
2402
1168
-31
-460
-990
815
281
206
748
-1268
223
-51
-630
-831
912
146
135
-196
-83
-575
-1703
783
-532
226
-122
-376
-396
160
1306
892
344
975
836
-174
7
1577
221
-1250
-1059
-612
55
1386
112
451
-758
-902
-572
215
-399
-57
-1929
-462
-321
-1448
969
-1241
-1678
-475
130
-50
-607
-1158
-328
523
387
-135
2874
299
-1025
109
1605
711
966
-891
709
1087
-628
-762
820
-348
1464
1238
-340
1560
-466
1421
-817
-915
551
609
675
-1160
-1454
-167
-206
876
-792
234
-730
-751
-1069
303
-1782
564
-410
-702
416
573
-786
93
-1075
1670
-880
-57
1316
-1112
-409
-387
-755
658
1472
-733
-1728
-330
859
-207
2214
-849
-635
-117
-434
-786
416
315
1881
697
755
-53
-6
-1011
3182
200
-966
449
-91
197
281
712
1040
-1055
-49
-486
1226
233
434
726
-152
-703
475
1190
-1145
-284
-319
812
80
996
-315
1248
418
903
-1180
920
-816
971
-221
-361
-336
-588
-791
-389
940
-20
512
160
-2236
1280
1392
617
1419
-83
1641
-463
-872
-16
620
-1081
-197
1401
1511
-1485
-62
-960
-685
-1833
988
-289
302
623
567
1200
203
946
-1254
-78
1915
-1191
45
-1845
-417
-760
-1409
1119
-196
1225
-68
-88
1010
694
2334
17
-419
-52
1690
201
307
1993
-204
136
-59
-97
603
457
1097
636
641
1297
-230
-21
-473
-362
671
-1917
365
645
-199
-683
345
1496
-196
1335
-1689
318
1253
387
2058
-281
1551
-98
814
922
-508
1136
35
1185
1087
-99
-978
-1228
1180
-398
-1605
691
-1198
-347
222
-1068
878
353
892
-726
251
732
1139
-1346
195
178
-1022
953
-375
-1763
984
887
-1047
-1025
233
-966
-1595
-1191
363
-5
-240
152
78
-636
48
103
-1112
-809
-1431
1392
362
1121
-216
28
-251
405
809
-936
-633
-221
-588
-155
1009
724
970
153
-1175
714
2920
988
780
2881
83
659
-1318
-59
-292
-1662
-135
-156
3037
185
825
1163
1385
-977
-1809
-585
-918
-105
-208
447
-945
-210
158
288
937
749
-687
585
566
540
180
-910
-364
780
1444
87
1080
-411
9
-174
619
1086
466
-223
455
-1307
-1019
-213
-635
567
748
776
516
-603
-1620
-917
989
1148
1509
-310
-1334
-126
-2496
-623
146
-744
1699
249
1739
1157
1034
1112
53
300
-175
1392
-830
-911
10
269
987
1686
-1917
548
1067
-1780
519
299
294
20
365
2012
-995
-1645
0
-846
458
987
1000
-1060
-128
-979
1053
-536
1856
-105
582
568
1705
874
481
-265
-914
-48
1169
1350
-681
-622
1112
1071
1627
1136
474
-1879
-353
-175
499
1158
1591
-869
-734
659
1340
403
2033
-1168
-720
253
974
1356
560
540
8
910
-625
-1393
-135
-1100
936
1253
503
1253
-363
787
590
142
1002
-1946
-67
182
404
1335
-883
70
-100
294
940
582
-275
652
-155
308
550
-776
418
-780
-504
-334
-36
-400
-65
1622
615
-428
-549
-505
-13
1898
413
1131
-304
962
2027
-1317
195
-526
2375
14
500
-625
1689
432
556
-1570
-603
-69
-1406
-952
831
517
-317
1126
897
-709
230
-754
123
495
1623
876
1265
608
-670
447
-342
-192
1774
1630
103
-1878
-1044
664
382
-183
414
-1169
-500
-660
-501
989
125
1053
-1067
1211
87
-312
-2313
396
936
-431
-903
1091
-819
85
946
390
35
753
681
507
-221
790
552
-133
414
-445
288
-1283
442
134
1197
481
-733
-148
1657
-921
-753
-1546
1341
1412
1183
502
1109
-998
-316
1273
382
232
808
-78
-685
-1398
-397
-1137
-839
643
-810
1158
1126
481
693
698
21
2144
1385
461
-744
39
653
1601
-509
286
-134
-931
-385
1115
152
414
-1132
633
-488
-58
-895
-282
273
203
1113
-245
524
616
-438
-447
-739
-1225
-83
-1172
884
-276
517
870
633
-525
1798
-637
-644
-1510
-537
1181
887
-57
1006
-507
623
343
-595
199
-163
453
-1159
-1994
-456
195
127
241
174
95
869
1480
-270
1685
693
445
559
681
1003
49
-147
-555
1541
-256
-655
32
-196
177
-1261
569
207
-27
307
-588
-1204
702
3
154
-451
856
2540
116
-43
1432
1159
1293
-460
597
155
618
-263
652
361
837
-912
1148
808
30
-627
326
-107
114
-678
474
-1154
-393
-43
891
-10
1960
905
260
716
756
-81
-57
1049
-1678
1074
68
779
-658
275
-2072
290
789
223
-532
132
199
974
-634
306
-96
-234
-940
959
333
-940
802
-804
-1532
-146
1805
530
438
-323
766
-1343
685
-1078
-80
-948
-18
-1
-591
747
312
-485
-472
-1151
-583
-1275
1729
508
-1586
-730
545
-426
1135
-289
-886
341
-412
-1372
-961
1019
16
-922
-1816
29
1098
2052
-1802
367
362
-819
962
986
-1411
49
-2341
-332
-231
188
-34
-162
-105
-1558
-537
-21
-2335
-715
-326
1018
262
-151
966
514
-672
214
18
