-1672
-563
-3582
951
-1079
-759
-247
-579
-968
563
-989
-643
-2066
1919
-2301
1751
-1500
573
183
-644
2331
1286
-1689
425
-1499
-242
-362
360
-2070
839
1363
3287
-1123
767
640
-1871
-244
-1005
108
157
141
-1264
1135
-1325
-73
760
-275
-701
622
1224
151
-1737
220
-1497
180
123
-830
2199
1181
-1164
1740
1426
2014
-837
-1467
1655
-1319
1370
-640
2723
3828
552
1193
3419
587
1315
890
-657
-528
2084
608
-1215
1846
747
-1843
651
1043
-2020
978
1207
-1101
-792
-2173
2163
-237
2251
2179
-1425
-281
-2609
99
516
-433
-2404
-1559
135
-251
-212
799
-2241
-1769
-188
-399
-417
-340
731
-1878
-601
-1011
1530
302
-1137
565
-266
48
1327
-80
-325
992
16
386
1825
-151
2696
-2220
-275
-1404
-819
-1228
529
819
-120
731
-2457
978
-1108
381
2368
-1149
1294
-1060
-1826
1212
2495
2560
106
901
349
-3999
1075
-939
-1896
2018
-2915
1761
1938
-2455
3112
510
1295
-1555
3162
1017
2015
3231
193
192
-1214
213
-2155
1992
-976
-1775
-597
-2792
-605
-148
1168
-1063
1840
799
-1855
2253
1418
1181
-2655
2224
-493
-5014
-327
-779
1621
-3465
469
-164
-556
-1035
808
2344
919
-1431
-1029
-2818
479
1362
-203
-471
-2141
914
-1101
-186
1205
-708
-2221
4336
-1250
3099
-2018
3535
-1941
701
-1447
-1180
2926
-2371
2723
-126
613
-1202
-1816
598
1964
3502
-818
-123
1848
211
2415
1353
1509
-1884
1689
-2336
2318
-2377
1467
-1265
1223
-1845
-969
-1032
1683
1857
57
-657
902
-1055
1398
-3
1845
-815
-2447
1230
82
-670
3458
-3248
1201
-1648
-1945
696
-2131
-1198
1789
-1417
2246
328
4078
857
-952
826
-2013
-421
-2014
1905
-736
715
1437
-1854
1359
264
410
-2220
-1910
1215
-3896
2231
-3693
1844
-162
-1870
-198
1
-2509
1305
-1731
1751
-1568
2736
-678
520
-1441
1798
-1033
883
1958
-2740
521
203
-1928
1554
-1497
2570
3094
560
1973
-926
-1967
913
558
1104
-437
1887
224
-612
-2237
-277
-89
-3614
1654
-1088
1052
857
-494
708
-693
1519
-614
2881
1839
2058
2391
-490
522
-2759
2142
-1334
2708
1982
-3351
-154
-48
-3089
-176
1113
-538
338
1622
1784
-1470
-1448
3348
-4129
-2037
983
-1420
467
66
-1535
-2459
-2858
1424
-127
-441
1997
-3569
-186
1676
369
1635
1319
214
1346
-473
1193
-352
551
399
-1662
3592
-1727
2125
-2205
769
-849
1834
137
-965
-1077
351
-489
-1222
2496
-3269
2277
-841
-706
1099
-239
471
810
1808
990
33
-1045
1518
-1181
123
-1385
771
2593
-1348
2261
784
-930
-1028
-4276
2125
-919
1513
140
-1843
147
1473
-672
-454
2423
-1364
-2574
601
-205
-257
-1196
-531
-3798
331
-1698
801
2189
1347
802
68
1143
-2433
2149
373
2025
-1340
-1184
1816
2004
1504
-19
1463
289
67
-1221
-1474
608
2586
-322
1660
-300
-2029
2530
11
2853
-531
1178
-664
-1349
378
-121
3156
-636
-2398
142
1251
-1442
895
167
1077
-1625
259
-4206
1978
370
-778
1255
-690
242
-1220
2915
4595
-2487
-1
-722
-1571
2536
2153
250
-957
-1659
-348
2074
409
-522
-1
-270
-1957
-1165
-511
854
-1009
-1359
1632
294
525
-2539
1263
4400
-1766
-1716
439
-777
-611
425
1945
284
2015
-28
-242
3640
-829
1950
-897
887
-486
2540
2986
-330
-142
1388
-2
-445
-1465
-1038
727
-2005
242
-822
2723
2294
-2509
1236
-700
-325
348
-1187
-4106
2632
-1306
-1827
722
268
1972
-59
-163
139
-3374
-367
401
-668
3293
3242
264
1688
379
-845
-1201
1443
658
-241
-2323
1089
-177
-279
236
1443
-289
1630
1719
-2220
1480
437
-1874
1540
2734
990
-113
1256
1213
34
-1879
-1718
722
-1904
-1854
2113
-1296
67
-183
1214
2860
929
-1357
454
-1070
-1440
-307
-641
3110
-350
-1245
-2470
1922
-1643
75
2771
-2038
-778
-2491
-1503
-444
273
-1077
1301
684
-788
1394
-591
878
-595
1540
-2475
2709
-1573
786
-1621
1353
928
-358
1654
-870
-1516
889
-711
-1221
995
2343
700
-262
164
-12
942
337
691
-2544
1233
-1068
-1345
-1533
2432
-301
1084
694
-42
242
-2738
-1309
2109
354
1048
-849
418
-1808
880
-229
-1046
-2000
1043
-1504
310
-1143
855
-756
-54
1186
809
1068
3140
-1620
-21
-616
1028
551
695
-500
-1305
372
-371
-427
-828
2870
-693
139
474
726
-864
2639
-2638
2262
-2509
2485
-914
373
1186
-904
2838
-956
-715
-731
-481
-2186
-2942
-2207
811
-972
2865
-1273
810
-1395
-359
-1301
2944
-877
-1284
-485
1813
14
889
-1482
-1310
1590
-1411
379
-2748
628
357
625
-2412
-1730
-1713
1638
1145
-450
-177
122
960
1264
1540
1183
3789
1059
-192
626
1730
-1074
-333
-1299
2829
-1670
2603
-939
1487
29
-3045
3678
-2744
1642
3141
1442
-29
-1026
-1269
367
449
-7
287
319
-1448
2452
-3229
1305
1043
2145
-2156
3587
-2703
-895
-1344
209
80
-1106
3004
-2238
505
930
-861
-142
-1316
561
23
1655
469
229
-978
-542
-235
-318
399
695
50
-850
551
-1314
3281
-1319
1270
-2778
-1137
446
-2915
3575
-1666
3463
2161
-133
1294
-1121
1935
2980
-513
-613
1418
-725
196
1186
-1172
-128
116
1774
-981
575
-2168
-143
-155
-1167
732
696
1879
679
129
389
-3291
198
-302
-1062
220
2014
3099
3268
-265
1194
-3904
512
-3511
857
1186
-2072
4001
1973
-416
2206
-1995
2191
453
1251
862
3091
-183
-1278
-2411
-70
18
-121
2673
2389
-1020
2122
1212
-1347
1336
1122
1426
1109
-1154
1634
1849
1133
-48
-309
697
4065
1612
-1028
-2011
133
256
2110
-3713
-4061
-993
766
1551
1720
731
2055
-2158
-754
-1779
-2217
-1239
-1552
-2735
-63
1162
52
-80
2236
-3866
-1092
-1726
1294
2091
-1568
-1649
-1068
857
-441
-2625
202
1333
903
-3542
382
-606
-4732
2747
-1233
-1999
-449
-195
-1857
-1284
-989
-2534
-1088
1120
1066
21
-759
-1199
-272
1022
1944
1983
-881
-120
3401
-2385
-2351
1086
-947
-1481
-3033
-1001
1455
264
-2589
-1801
-564
1095
1627
1419
-128
-1884
-147
1009
-272
1930
962
44
-2788
751
1145
2219
1847
-1150
535
1314
-111
533
-3161
-2540
-2730
-477
2050
-762
1323
112
650
1679
-1945
371
-981
2125
847
-1968
-2314
-309
-1215
-3508
102
880
-2201
1496
897
1159
-1965
1312
1526
-1240
-1552
-409
1725
757
-1594
-1910
1369
-532
224
-875
-3947
-1116
-1797
1770
1612
2207
77
-1367
-1395
-1870
1380
382
-803
-2514
699
446
45
3096
3099
926
1508
2993
535
-2057
85
376
-2784
-824
79
-4429
902
1913
-2605
599
1086
1389
-1628
1094
4837
2152
2572
-2451
-1083
-1517
792
-73
2556
-3175
-1770
2341
528
541
-902
-2021
-382
-1315
1168
1766
568
-678
1474
-3872
1948
-1821
-1005
1464
1989
3261
1094
-1432
-2488
469
-303
382
-872
-1774
179
339
-397
-188
520
-2498
-1436
-1355
-301
1294
2356
4887
342
2278
315
-2633
-285
-3782
-2167
233
-228
1892
-383
-2169
-2813
1030
-1994
-1434
-1670
-1847
1195
2564
3182
141
-1492
836
-335
214
-1120
3727
-343
-309
905
122
-269
4666
-152
-1175
-4317
-13
690
48
256
841
-392
651
-1553
-931
2411
-932
-1385
1882
71
996
9
978
1374
-191
2552
2000
-109
1563
-1289
-1779
789
2959
1665
2501
1651
-654
2868
-1739
-1257
-812
-172
-1703
-334
386
-2253
828
-1836
-3099
-2490
-2372
254
-1333
230
-117
1859
-316
-1035
3187
1399
-508
1167
-827
314
1994
5701
1846
-1833
-1548
435
-474
2363
181
-1530
1007
-235
1050
-604
-2142
2269
-1140
-1526
1410
-3047
-768
-2498
-1990
-783
-3104
-2399
-61
-548
-1321
2351
1456
-1599
-2422
-1051
-109
1610
1897
1706
1320
328
645
768
891
997
140
-1017
-1044
-1780
2620
-91
119
327
-1657
191
-4382
-2413
861
-1371
-863
1765
-357
-347
-1444
-72
3592
-3124
-1885
-46
2366
2860
105
533
-1387
277
1812
966
665
-2407
-3422
1754
498
-1638
2676
1154
882
2341
-124
2961
89
2845
1290
1275
1065
-2635
-3140
-2560
-1009
1030
2457
215
2249
-2026
756
1447
747
-1313
-1198
-1176
-1628
-40
-809
-557
803
727
-396
1821
-2342
-770
2459
-3383
-771
-4226
1516
-605
-923
324
950
1764
-1864
-1937
2319
951
2715
252
-1112
469
-1894
1430
-399
-395
-2195
798
-424
-1342
714
-3379
142
-1075
-2072
-716
-1216
-632
129
-682
2744
2074
-1403
-822
-2063
-885
294
3101
1717
-467
-213
3018
5118
2151
210
-517
128
-491
-14
-62
90
-846
2195
822
-500
1160
1496
772
-1977
-2518
-129
260
-2350
-3343
-340
-171
973
1675
-500
-2507
-945
-528
1811
755
568
1300
2900
258
-2267
-829
-52
3027
-849
-3068
2683
-1303
1143
753
129
1753
195
-2402
-801
2063
-1800
-2823
-1334
1739
1320
0
1228
370
-2353
-3528
339
-651
-2442
468
3091
1161
-1271
-2489
-1669
-1481
2690
702
-1927
-480
-1285
1449
-336
-804
-448
2693
-865
-924
-1090
-2301
-1542
73
1076
-614
-2238
-3527
-393
-325
-600
1356
2918
-264
1188
-488
-2453
1840
281
-489
2673
1347
-805
1077
596
1520
1310
-444
281
-649
-1332
-1590
-770
-1807
2994
-687
187
784
-376
957
2733
-822
-1268
1213
-1918
-2709
-602
-1683
-891
-423
-42
727
-557
810
2277
-526
-2372
-1679
2384
2192
630
-1541
78
156
-227
-698
1104
1770
1361
111
126
13
-776
616
302
-1510
193
-1948
-277
-3103
-1182
1843
653
1848
-1660
-3007
-1781
2222
1529
1918
1545
-35
1177
-14
-669
-569
628
233
1516
54
-1924
378
-667
-1794
-1117
1048
924
-1338
-2227
-382
516
1820
1138
1080
-1232
-367
921
1637
-677
-1278
-1980
1342
2838
1603
-500
447
-655
2415
-499
-1609
-1623
863
641
-2036
-383
1947
2860
350
2663
1140
-439
-2635
-1002
568
1353
1556
945
-306
81
-973
-680
-48
-1102
-2244
-49
-873
1957
2109
-1722
-395
1121
2034
-1444
2997
2944
1586
1740
2799
2376
854
1784
-2872
-3606
-512
-1179
-1317
-531
-2419
-2485
-44
292
-656
-2115
496
1022
-1950
537
-2176
1196
1028
2103
838
-3675
293
-598
-666
-1262
-116
563
1980
-134
457
-262
1361
175
234
-2849
145
-1490
-2531
1218
745
-2251
1163
-3992
-1018
-1614
-897
1035
-2072
-80
566
-130
-521
-537
1923
-27
-72
-1101
215
594
617
709
-471
233
394
-1518
-235
406
-1314
-1479
-2167
2392
166
-66
-1021
-1239
225
-2478
-2238
-3604
-1057
1966
1653
-1323
-2674
-2230
-1478
649
-1120
-1009
1877
1477
-894
-636
701
1554
2723
-437
400
-989
-2724
432
1213
-276
2545
1826
777
-2177
-217
-188
688
-651
516
-479
-919
-1300
1659
-9
1244
-926
-1214
-746
-799
-866
-1953
-1434
1586
-2179
-790
1215
-142
-2442
-1738
2402
1168
-31
-460
-990
815
281
206
748
-1268
223
-51
-630
-831
912
146
135
-196
-83
-575
-1703
783
-532
226
-122
-376
-396
160
1306
892
344
975
836
-174
7
1577
221
-1250
-1059
-612
55
1386
112
451
-758
-902
-572
215
-399
-57
-1929
-462
-321
-1448
969
-1241
-1678
-475
130
-50
-607
-1158
-328
523
387
-135
2874
299
-1025
109
1605
711
966
-891
709
1087
-628
-762
820
-348
1464
1238
-340
1560
-466
1421
-817
-915
551
609
675
-1160
-1454
-167
-206
876
-792
234
-730
-751
-1069
303
-1782
564
-410
-702
416
573
-786
93
-1075
1670
-880
-57
1316
-1112
-409
-387
-755
658
1472
-733
-1728
-330
859
-207
2214
-849
-635
-117
-434
-786
416
315
1881
697
755
-53
-6
-1011
3182
200
-966
449
-91
197
281
712
1040
-1055
-49
-486
1226
233
434
726
-152
-703
475
1190
-1145
-284
-319
812
80
996
-315
1248
418
903
-1180
920
-816
971
-221
-361
-336
-588
-791
-389
940
-20
512
160
-2236
1280
1392
617
1419
-83
1641
-463
-872
-16
620
-1081
-197
1401
1511
-1485
-62
-960
-685
-1833
988
-289
302
623
567
1200
203
946
-1254
-78
1915
-1191
45
-1845
-417
-760
-1409
1119
-196
1225
-68
-88
1010
694
2334
17
-419
-52
1690
201
307
1993
-204
136
-59
-97
603
457
1097
636
641
1297
-230
-21
-473
-362
671
-1917
365
645
-199
-683
345
1496
-196
1335
-1689
318
1253
387
2058
-281
1551
-98
814
922
-508
1136
35
1185
1087
-99
-978
-1228
1180
-398
-1605
691
-1198
-347
222
-1068
878
353
892
-726
251
732
1139
-1346
195
178
-1022
953
-375
-1763
984
887
-1047
-1025
233
-966
-1595
-1191
363
-5
-240
152
78
-636
48
103
-1112
-809
-1431
1392
362
1121
-216
28
-251
405
809
-936
-633
-221
-588
-155
1009
724
970
153
-1175
714
2920
988
780
2881
83
659
-1318
-59
-292
-1662
-135
-156
3037
185
825
1163
1385
-977
-1809
-585
-918
-105
-208
447
-945
-210
158
288
937
749
-687
585
566
540
180
-910
-364
780
1444
87
1080
-411
9
-174
619
1086
466
-223
455
-1307
-1019
-213
-635
567
748
776
516
-603
-1620
-917
989
1148
1509
-310
-1334
-126
-2496
-623
146
-744
1699
249
1739
1157
1034
1112
53
300
-175
1392
-830
-911
10
269
987
1686
-1917
548
1067
-1780
519
299
294
20
365
2012
-995
-1645
0
-846
458
987
1000
-1060
-128
-979
1053
-536
1856
-105
582
568
1705
874
481
-265
-914
-48
1169
1350
-681
-622
1112
1071
1627
1136
474
-1879
-353
-175
499
1158
1591
-869
-734
659
1340
403
2033
-1168
-720
253
974
1356
560
540
8
910
-625
-1393
-135
-1100
936
1253
503
1253
-363
787
590
142
1002
-1946
-67
182
404
1335
-883
70
-100
294
940
582
-275
652
-155
308
550
-776
418
-780
-504
-334
-36
-400
-65
1622
615
-428
-549
-505
-13
1898
413
1131
-304
962
2027
-1317
195
-526
2375
14
500
-625
1689
432
556
-1570
-603
-69
-1406
-952
831
517
-317
1126
897
-709
230
-754
123
495
1623
876
1265
608
-670
447
-342
-192
1774
1630
103
-1878
-1044
664
382
-183
414
-1169
-500
-660
-501
989
125
1053
-1067
1211
87
-312
-2313
396
936
-431
-903
1091
-819
85
946
390
35
753
681
507
-221
790
552
-133
414
-445
288
-1283
442
134
1197
481
-733
-148
1657
-921
-753
-1546
1341
1412
1183
502
1109
-998
-316
1273
382
232
808
-78
-685
-1398
-397
-1137
-839
643
-810
1158
1126
481
693
698
21
2144
1385
461
-744
39
653
1601
-509
286
-134
-931
-385
1115
152
414
-1132
633
-488
-58
-895
-282
273
203
1113
-245
524
616
-438
-447
-739
-1225
-83
-1172
884
-276
517
870
633
-525
1798
-637
-644
-1510
-537
1181
887
-57
1006
-507
623
343
-595
199
-163
453
-1159
-1994
-456
195
127
241
174
95
869
1480
-270
1685
693
445
559
681
1003
49
-147
-555
1541
-256
-655
32
-196
177
-1261
569
207
-27
307
-588
-1204
702
3
154
-451
856
2540
116
-43
1432
1159
1293
-460
597
155
618
-263
652
361
837
-912
1148
808
30
-627
326
-107
114
-678
474
-1154
-393
-43
891
-10
1960
905
260
716
756
-81
-57
1049
-1678
1074
68
779
-658
275
-2072
290
789
223
-532
132
199
974
-634
306
-96
-234
-940
959
333
-940
802
-804
-1532
-146
1805
530
438
-323
766
-1343
685
-1078
-80
-948
-18
-1
-591
747
312
-485
-472
-1151
-583
-1275
1729
508
-1586
-730
545
-426
1135
-289
-886
341
-412
-1372
-961
1019
16
-922
-1816
29
1098
2052
-1802
367
362
-819
962
986
-1411
49
-2341
-332
-231
188
-34
-162
-105
-1558
-537
-21
-2335
-715
-326
1018
262
-151
966
514
-672
214
18
95
201
1627
1330
-657
1362
-809
-683
-1762
1511
-808
-1541
-1491
1173
-2701
2161
-429
-587
-391
-840
-157
-558
-1293
314
-2486
1057
-463
-497
80
121
1731
-919
2008
1272
-1257
666
-432
909
-1683
581
1265
1398
692
1236
98
1210
-42
91
-20
1162
-428
2200
-733
819
-1711
142
422
1262
-674
1104
2326
-663
1049
-623
-316
2169
-523
505
225
-1188
-645
688
1113
1237
-483
2153
1088
706
-198
-152
-2532
3166
-478
-718
-912
-678
-939
-1471
-1373
466
1475
-310
479
549
116
436
1287
-1406
1301
1568
-9
675
654
-166
2655
75
-1364
1822
-479
-1700
-233
916
-632
382
-1620
-1091
-1174
649
-1155
-991
-260
-1653
1707
486
1195
1389
-652
2018
17
-127
726
-408
-1085
-45
-1161
-711
554
-751
571
1355
-1212
-225
-1687
1643
-220
335
-11
-1153
-946
-514
1626
-14
45
-903
-322
1633
279
-1198
1497
745
154
-948
-829
531
2826
-1441
1184
-163
-365
-2633
1348
-408
480
-143
776
-77
-344
-362
332
148
-1913
-1413
-639
-1271
-123
622
-878
-1472
1033
-658
41
1399
-415
-235
-264
809
1264
-1737
526
56
-509
64
9
780
-834
1631
1108
1565
-975
102
-667
-267
1822
-684
-1611
970
-938
790
2423
-429
-613
579
-195
1162
-574
194
-613
-906
516
-1446
-1532
-334
1624
-474
-850
-1042
1428
-260
-932
1999
-865
258
-605
698
-1267
629
1878
-1929
-111
-2258
-1745
-467
-2184
625
-1943
1209
900
-539
2153
-473
562
-91
-722
-825
1904
210
528
1386
-346
-200
831
-786
-1940
-628
912
-129
1001
-553
1472
-66
-22
-1633
333
-1527
-2408
-1028
721
-42
1303
636
-818
602
194
222
1269
-1401
1881
-1739
-18
-686
-2940
-160
-897
1027
-78
-207
751
-549
-452
-1553
628
807
737
546
-30
-2358
-945
-1264
-143
153
786
1854
-465
-374
409
-1811
971
-666
-921
32
1853
981
792
1498
-472
-1518
-453
-102
-479
-1919
-1393
154
-182
-553
-952
-645
-766
-478
-762
1177
-743
2156
-784
-418
-1327
-712
1530
-1456
585
607
-2139
1837
1444
904
1003
-175
1108
1231
-335
201
2245
337
-1126
1539
-1893
1245
-1635
-1729
-931
-656
1235
-324
-326
-265
-110
-395
1796
-546
-1671
1026
-549
-140
709
16
196
-112
2176
-663
-736
1557
-283
755
1487
880
-1664
1442
409
-1564
946
-291
1531
-2189
1147
-1173
-51
-1829
-386
-1359
1437
630
-1226
198
-85
1279
268
1546
524
253
-2513
-1148
813
895
841
216
-2972
-641
-2469
-1300
1846
-528
1775
-1550
1483
22
-1006
-1942
590
-923
-615
1504
-411
169
22
1366
-711
2679
271
-2645
1115
-141
-1051
-987
-617
1342
-742
1350
-125
-2535
1827
-1403
559
-574
859
-374
1742
-2259
433
-2923
1539
-693
-129
499
-786
-577
-1124
920
225
743
-437
414
-234
-1615
411
1226
1292
-1698
346
-1434
906
-294
465
-947
242
-192
-221
-744
1813
-3271
1782
-2255
-1921
-494
-273
-1635
115
859
-138
412
-45
-1096
1270
-574
-281
-1090
-793
270
130
759
1557
-2308
1126
-1536
120
1939
66
829
-954
-2624
1494
-421
-694
-1021
-407
106
169
-361
-725
-1487
1658
-206
-561
-258
1278
-482
-545
-1402
-686
-737
-425
-2291
-575
1534
-383
596
-967
1217
1187
-1167
678
-1805
320
-333
309
-924
2474
844
9
-1077
835
-919
219
-386
1387
-492
1109
80
1245
-805
-616
286
73
448
-201
365
-936
1685
-554
11
734
-801
1627
-284
1562
66
-53
-646
303
-1677
1606
83
-414
-1817
1524
2519
-1860
490
-604
693
-1801
-821
-3313
330
1774
146
-3348
1215
928
-922
-904
1759
589
-1151
-583
-430
882
1255
-692
-1606
1852
-1134
61
-556
1490
155
-911
1238
1092
-642
-1446
201
494
-1145
858
-26
768
-1212
1083
478
-70
1216
1403
-897
-104
-1415
-924
-1636
-192
-840
-1588
692
91
-1018
2606
62
939
1937
1038
448
579
208
-253
-596
-569
1183
-99
-1561
-74
-1315
-1036
0
499
-345
471
207
-579
-610
-1436
149
134
5
1483
346
-48
-157
219
148
1696
-672
-302
-903
651
-754
-586
950
767
-864
2011
-366
-632
490
199
-436
300
-45
1034
607
-1043
581
-641
1299
-311
-506
-136
283
-565
-140
-241
-532
1020
427
-2750
-24
-1559
313
-986
1127
1472
356
898
1
1049
1144
530
-958
-46
-233
-1650
1529
-1583
1306
-646
-1202
-898
-1453
-1508
616
-1757
-328
50
48
414
1529
-1254
1462
-154
232
219
2805
-1300
366
-117
504
-76
-243
886
-224
-1212
642
-1598
-110
-768
1399
-617
-575
-535
-999
-1662
1423
-1116
301
-505
1052
-778
415
95
859
1705
259
466
59
2551
852
1712
-1459
322
61
-226
-480
-120
-1151
949
548
141
770
1771
-363
-698
476
-561
423
-88
711
-1432
1318
1586
-60
1509
1823
-103
369
-1162
1648
1222
-362
1070
-306
1423
693
-763
-759
157
2586
1528
1242
587
-65
-43
549
-635
318
-521
-19
381
330
-371
-268
1021
-352
1401
542
1537
-362
2692
-1171
736
706
879
161
-16
-796
490
-70
1729
1343
-858
-461
-1596
315
-457
-454
1121
-1290
-666
-1186
-16
233
666
1209
1638
-245
1065
2461
1158
1285
1512
-2664
-1697
664
-1640
-1100
1948
-176
443
1108
2440
-1656
1865
-3206
-1119
1287
-631
55
-767
-1721
-980
-2606
942
92
-1171
-2038
2911
1758
1065
-1202
-1436
-347
-495
-861
-113
377
1377
148
-1730
1030
-63
-3204
1230
-1961
-2067
1764
1105
-18
-531
-1677
-761
-1215
3129
-1636
-264
-1179
3313
-369
-994
313
-299
115
4445
-1397
881
2
520
2109
1440
2217
1771
-1189
1487
-1537
1680
1271
1431
988
2091
-1094
-808
-556
899
1690
565
74
2566
-2292
1338
579
2459
1856
2511
189
-1987
385
625
1863
1546
1307
357
2903
2296
-1627
1994
-1453
-1261
1374
3037
-759
-390
-1219
-1391
1049
395
-1027
1491
-453
-49
1285
2723
1503
431
-681
-751
2250
122
1587
34
-1144
2737
1909
-2367
17
1439
-652
-2117
872
1834
-241
129
-131
-829
-122
2422
-1421
-1022
-1046
-148
2354
1344
874
1201
82
-247
436
1489
952
-1680
1753
-119
82
-1315
138
-1051
1337
-1367
365
-1063
-183
919
3208
-245
134
563
562
-721
-2331
19
-233
448
815
2800
-2288
1146
1290
897
317
-1317
1207
558
1784
829
-1013
-985
-489
-1765
-801
-727
265
2675
1573
1009
365
-1030
-765
-1327
-2441
-511
59
-2009
-297
1962
-4061
-255
717
-250
-298
-810
-366
-1717
3408
1557
6
-780
-760
-3555
-854
1803
-979
1702
-334
493
1488
-328
-1310
1255
-1344
-686
975
-1001
76
344
-2042
222
-1405
-1589
-1689
688
-1029
807
497
2881
137
-713
-1223
-3286
686
4035
-564
-797
-80
1401
1886
-56
28
-2409
-350
401
430
1016
-1130
2526
-1950
-737
-250
-2013
-181
-1160
-2324
441
-1375
3361
575
1136
396
-1731
-102
-93
-484
-616
1654
815
683
1316
-1063
-1256
-906
-1166
-270
732
48
825
499
1379
3203
-610
-836
-1066
-2438
-4029
-2578
-379
3370
-708
876
-1414
-229
78
54
-535
14
1460
-788
1071
-933
-1710
1464
-1176
584
412
-337
-869
639
1562
703
-2404
1706
-458
721
-879
-2346
-2865
-780
-323
-704
1087
1932
-788
-2287
-911
-1238
458
1371
-2259
239
1699
-360
2055
525
2011
-2588
-571
687
1777
974
-4116
1364
690
465
111
-2102
-24
-1587
-68
1005
1746
645
-1939
-2307
-2522
-128
-1527
-183
-1009
1164
236
-598
3923
1216
-1781
558
959
2119
513
553
1401
1769
-1341
658
-850
-1041
2042
-1232
220
-1669
2363
107
-1152
-77
-2263
57
-520
852
-2009
971
-886
-543
1553
2730
-1637
793
1612
-1477
-1602
-184
531
1163
-1319
2012
-1204
-499
3345
-3585
651
49
685
2716
-31
-656
-901
-1979
-1159
-300
588
484
-3423
1349
927
2584
81
-467
2142
-872
-3420
-1383
157
989
1928
1243
291
-2882
1845
-2166
1839
4776
2236
586
-1395
362
244
-2075
-2427
378
-2158
1496
-1026
1298
-295
1279
-1570
1305
2524
-1243
-872
43
1048
-652
1739
2296
-639
1022
-172
-118
872
2566
163
-739
-563
500
3962
142
-1719
-1650
-708
1772
547
-1489
-1463
-3087
-2239
877
2833
-1233
-1615
1410
792
942
-2473
1997
159
-2226
-1540
1164
2262
1942
-1734
-808
1988
1681
2313
-1584
1190
-2315
1451
2429
-130
-1917
-2071
-2111
-1148
368
131
-1548
-1079
2464
-953
-373
-1371
-55
-595
-1204
-1843
2826
2590
206
-200
-285
-672
1697
1187
-779
1119
-2194
2285
2077
1050
84
302
153
-645
16
-851
-2128
162
726
121
2029
258
2588
-583
-162
-828
1554
134
-767
-792
1485
-806
-532
1427
-646
2638
-571
1926
-102
485
571
1149
-14
-857
2170
1076
-3652
-1235
689
2012
1027
-1870
3151
-408
177
1536
-205
-1326
-1686
976
-261
684
-1434
-752
-210
2062
828
1380
409
1409
227
-967
1793
116
-614
687
-359
-307
2007
1144
-1438
-244
3017
-950
417
-332
-295
-3170
-3546
-452
127
2334
977
-1980
-965
760
-312
-1978
2773
569
214
-2865
-1143
1045
3046
-486
539
1939
328
1923
-1513
1070
1241
-1559
1822
1800
-1875
-2945
-2841
2543
2606
404
-847
676
-3270
-901
2138
-1299
79
-645
-1111
-3038
-3031
857
1724
-690
921
787
-430
949
-477
944
-48
-743
1684
1478
-446
-1569
-50
2418
872
-3061
-1787
2814
-1176
-1676
-415
-3373
-634
-1458
-660
-1609
-210
140
1021
-1035
-1688
734
426
1555
-1636
-1532
255
-1558
-2264
3026
-468
-624
-446
23
-869
-777
-1261
3247
652
240
300
-1599
321
215
-461
-258
-477
1466
1421
-2863
-1585
-606
173
-108
-2056
-2569
731
-2534
-1095
704
306
1407
210
-2506
-444
991
422
1085
563
3189
2179
1564
-377
447
1571
-154
-829
890
-269
-3424
541
1447
-470
-314
-72
-316
-396
-2616
531
-2519
-683
694
-1611
-970
3231
-272
-146
1245
-399
942
4510
24
-3927
-419
2224
-766
399
1223
29
-642
332
3510
-659
-533
1123
1020
-1717
296
1120
-3091
-855
703
-2455
-196
1608
1032
-1966
1383
1331
1548
2075
581
-3229
2095
409
-473
-8
-262
1738
1547
88
2304
-2114
1225
2397
2391
-415
2442
143
-2611
-1267
1711
-614
1261
258
-904
-879
1595
1729
1273
2147
-1768
723
-405
-345
224
-121
393
260
2271
1402
251
-1764
3208
3573
3230
1823
-789
1047
-875
-2197
1545
-243
-554
-1059
886
93
827
318
259
1333
394
501
212
582
1329
1072
-1384
-160
1864
-1630
364
705
-694
2234
1356
-548
-1115
-809
-818
702
1219
-1581
-1470
-680
469
2659
1918
-1049
-1102
-1185
-437
-219
-3928
-1752
-1691
-1167
-458
1702
2118
1253
1423
-2713
-1462
-227
-741
-320
-869
1013
-851
-1660
2254
920
-124
-2006
323
2639
608
2351
-513
-1086
964
2085
-2050
-648
-1133
-660
-1916
-147
-803
1822
-1804
-3665
-1162
-228
-1426
-3029
-1999
-1608
-2819
1994
23
-2494
-982
-810
-1816
-597
1946
946
-1068
-617
-87
1324
-2156
1945
-2141
-856
-1054
-2530
-499
673
714
-699
-2386
-1491
679
2449
1494
-1207
-1275
35
-1043
3184
1745
535
-1011
762
775
1188
2721
600
55
294
-151
1012
-2109
-110
-2932
-4280
663
-539
-759
-460
-15
-1978
-2579
-296
-504
94
717
1716
-210
-2452
-904
23
-676
302
-592
-343
-1000
894
100
295
2887
1559
-1707
-1847
-552
-31
-944
974
535
310
688
-403
451
-208
-1450
11
1451
272
-529
109
-386
330
-3374
-1704
808
-2276
-722
830
1601
1123
923
2049
1371
798
1050
-711
105
72
-1897
-299
528
-1112
-620
-2497
23
-58
-2360
2269
3661
360
3496
-59
321
-1126
-1048
-1213
371
-2650
23
-981
495
1996
1636
-61
-328
1590
-394
812
888
1200
-234
90
573
-3645
1409
-1225
-2953
1023
876
1134
661
1147
-678
1112
-959
-560
-781
-467
934
762
-1025
-1914
700
-19
75
-66
-2297
-1440
-2263
1065
1927
2322
-336
1748
1849
-2304
-1938
899
1109
1485
1741
-986
-3002
-770
327
-272
-880
-1685
-1481
-226
1666
1908
-1756
207
1039
-82
-695
1427
969
1767
2074
671
-1494
2432
84
-592
-1924
-908
-261
-470
319
-597
1429
-304
-1472
1417
-1685
546
122
-1146
561
1759
2326
388
-403
770
363
97
883
2052
1105
501
1484
540
1511
1313
1178
-1404
-1125
546
104
-409
1210
-1730
-477
873
-1062
366
29
-697
516
-1611
-1971
-2881
-1524
537
-1120
-710
-84
-559
381
66
-81
-126
1792
3052
2778
2500
956
-1286
-194
-1740
59
-124
364
636
-460
570
-554
-1608
-470
-229
-1804
-490
-734
-865
-1470
-1536
1957
-428
-30
873
1081
-1219
764
666
-601
-884
1120
1529
310
301
2858
2216
1703
190
-491
1088
473
-412
-705
-962
-2019
-956
3179
2602
-4049
-2197
-58
-2564
-1880
-2185
-396
-226
-354
1628
1169
-198
-3448
-702
-2361
-1288
972
2442
2757
624
442
1021
1452
288
1395
-218
-753
-2367
148
-937
-57
1012
161
-286
828
-1314
-76
-958
-399
-651
938
2582
285
-1538
37
-448
-1673
-206
577
2018
1437
1761
38
-732
2349
1432
-925
1381
-417
-1484
-1445
479
1234
700
860
-1862
308
2588
1704
1602
-1217
711
-2209
-1938
-1708
-726
118
597
-1618
678
973
2163
-397
723
-283
-2025
1026
-1203
-762
-733
2055
1025
909
-1767
-2443
790
-555
220
702
-2237
-1978
-1240
-2391
1740
3188
-287
-2155
-490
393
-354
1509
3169
210
-374
841
2068
1375
1690
945
-1254
-1183
64
-105
-1400
467
-1158
-1902
258
-625
64
1786
-125
-2321
-2447
23
1370
-623
-2175
-2579
25
292
709
-41
595
-58
607
1704
2585
1569
-377
-757
2261
1269
-4666
-1075
3650
168
-885
106
75
977
-30
-415
-492
-215
-606
-852
-1277
-1500
419
-1776
651
-113
-1029
1536
-232
-3016
290
1760
-1239
872
2163
-652
-853
-650
-2502
-1083
1900
-210
99
-288
-2015
2503
1910
1232
815
52
978
-649
-3107
-2021
179
1224
2084
90
-88
-2235
-3413
-1038
-1157
-2026
1548
1837
1759
-2618
-2896
333
-1398
1044
1364
1014
-739
-587
-227
-37
-141
-546
746
1423
-1055
-3216
-2341
-1250
432
-1914
234
2289
867
-677
1166
1556
-15
-995
1015
169
211
-2700
-2168
-834
-905
885
263
316
1987
-1349
-181
161
3429
652
678
-1195
-188
702
-1581
-607
1068
215
849
1924
-946
130
1010
-417
-117
-673
977
-2245
-681
303
-165
351
1598
1035
-882
-300
-2165
-798
283
2240
1356
1654
611
-1749
-256
-277
-30
-80
695
-1505
-2046
1758
188
-1394
1585
3109
909
-2891
-1008
-516
-3171
-345
-266
1301
1308
-1515
-328
497
1184
-769
-382
-168
-484
1470
582
535
305
1181
891
482
173
-585
-1173
-688
-1926
-2122
1526
2024
816
-230
736
-917
-821
2710
1446
938
699
-892
-781
2266
817
-1227
-1180
-283
461
971
174
-1063
-670
659
-214
959
-873
1568
1332
-302
1655
2644
2109
3688
1513
-2181
-868
-1464
-26
279
1013
747
-1763
-2250
310
94
-2137
-81
-1096
1132
-577
-1117
1746
463
1089
1025
-271
-1150
-1139
2624
1953
-474
-964
1720
2115
1942
806
-613
-1822
-714
-2965
-1339
-1112
-2574
-1377
-1569
-970
-126
2449
-662
-2801
-3212
121
-1530
598
1195
2052
-551
-1874
-1876
-819
-480
-577
-348
-2064
504
1474
-270
-191
135
141
618
-279
-1868
-1785
-946
88
-74
487
-682
-3306
42
-734
-2926
-1796
-1023
-1009
588
1456
-939
-2010
-1471
-659
-1344
642
2315
2688
-651
-632
-894
365
1528
-1014
-456
-559
-1990
-2814
465
1638
408
1227
-848
-250
-2106
-429
-2336
-1661
-40
1432
-4252
-1171
-816
-3276
-485
94
-2013
630
485
-773
-1110
-806
-1546
1905
1540
2355
331
-2522
-2205
1476
1457
58
-2027
-1330
-611
204
684
-260
2554
937
1549
200
597
1029
-268
17
-622
-811
326
1497
2652
419
577
553
-736
2118
1965
1764
2198
2238
-123
-538
480
217
-298
-134
257
227
-2840
1203
896
-221
-238
827
-25
326
-1769
1272
460
-834
-1179
-987
-199
1258
657
-2171
233
1491
-1340
632
-1163
-1596
-1182
876
1240
1282
631
-612
813
247
-809
-1094
-622
-617
312
833
-85
-908
364
916
-946
836
-510
852
529
-346
-1451
423
2319
472
-2173
-871
2408
2012
-1779
1067
-1234
-2472
673
321
392
1008
-815
-1457
-2258
-1392
-2127
837
900
-247
-1784
-1001
1270
-2149
2892
595
-25
1093
84
2209
-1793
-1249
747
-551
-436
-1849
552
1297
-607
-1836
-86
-867
3135
-274
989
738
-1452
-1201
888
1425
1856
-152
-215
-608
1144
1299
1352
-109
536
708
275
-431
87
-372
-1679
-195
-1376
-1861
-862
777
-1630
-799
243
-612
525
244
1810
227
-2297
-835
526
787
-1700
1477
1230
-2398
233
74
-1557
-742
722
213
-1585
111
-127
1411
1545
-610
-268
1229
500
1218
-478
-3013
731
-1231
2231
-1281
547
-1531
-1056
414
-2517
427
-75
-400
-1106
2178
-310
-413
-243
769
1286
85
1776
-1145
-1525
-372
-1020
-679
-1122
1487
-2182
2083
634
-381
698
1185
901
-1570
59
2441
919
-1152
-2337
-745
-1595
-481
-1009
653
-184
-397
1443
428
-1006
859
-1429
1485
248
922
3032
-1784
-405
-642
-2357
1629
112
475
-495
123
1093
932
-474
221
1977
358
1295
808
126
955
-1073
13
-196
1353
1448
-2089
201
119
1304
1712
873
1726
1950
216
-541
-175
1178
-499
230
-1186
521
-818
-1827
-1539
269
-933
-1450
-172
-1233
1767
2268
1196
-854
-2461
-1066
-776
-986
-149
844
-2192
-558
-1634
-1371
776
1168
-382
-903
221
585
2950
-1097
-893
-1256
-968
525
-722
170
1622
-423
-317
1218
110
2023
550
65
619
-1710
2235
2963
-913
882
219
-2409
-130
1140
-1010
493
-447
-398
223
-41
229
-201
-848
388
-225
-405
799
1284
-1421
-1321
-1195
-1890
-2250
422
1730
-47
947
-790
142
1514
-711
792
2029
1084
1851
1181
2774
-1664
-1453
-1087
84
-1799
1223
-307
-819
221
-1837
243
443
-745
1392
1113
-795
-465
-3752
-469
-720
-492
-209
-1072
-141
-337
-785
-649
2224
1872
85
1919
518
2580
898
709
297
-160
-344
-942
1508
-557
-489
-970
1111
-585
508
1484
758
-264
-961
-1731
853
-1193
-1124
-145
-2054
-1734
1816
16
186
-700
-69
-1170
-1063
117
911
2458
-318
1210
-411
815
1664
156
-1464
798
-3720
-1427
622
278
-947
2220
2045
-1762
1345
433
790
690
-1202
459
59
2168
321
-304
206
-1889
1144
2055
-393
666
-346
940
-100
1761
-620
-1734
1278
-1413
1300
-641
-1066
455
1179
806
0
-412
551
-568
-1497
384
-336
1097
-666
-2266
211
870
88
-3269
-272
998
481
1808
423
174
104
348
-1294
-676
684
1
789
-156
-710
356
-726
1717
-680
-350
-573
-127
1607
-141
806
806
-313
-1001
975
954
-1499
938
930
796
369
495
1440
2839
-83
-1020
-831
-1138
-853
-794
2050
1526
-1890
133
-212
-142
739
1247
282
24
-1195
1571
1232
-2088
-1118
-306
-511
-502
2782
-316
-931
-1303
526
815
590
-1115
942
1146
-1706
-752
642
817
1123
-751
-2596
2735
323
-1020
403
-1670
2676
107
-1585
-1278
1109
758
-1285
-1808
1020
95
-490
44
-545
613
589
232
475
1017
1532
616
-773
900
-1226
-1743
-1020
127
-2117
-1509
-1550
-2037
376
1418
375
867
492
-1833
376
1562
-1210
-141
-139
1407
-3026
-4137
-1641
2802
-196
-982
2328
906
796
-275
410
-408
156
1949
1950
379
833
-1438
890
2890
-931
-1669
-452
195
-1369
496
291
-1657
-1347
703
619
-513
-230
-1228
1138
2001
-1335
-206
1202
684
-1427
710
-2358
-409
-1542
32
15
-1195
583
971
268
-2012
341
1810
-585
-2371
-1241
1052
-412
-1422
-613
1436
675
2247
181
-1569
1269
-541
-425
-1316
-1748
1401
-349
-1845
-392
-232
1187
-1931
961
-96
-360
-1806
223
1697
2893
494
-91
444
-236
-1308
-789
-2005
559
-29
-764
-999
41
571
-123
-711
276
547
71
-129
-1005
-44
1295
520
-1551
-1475
156
1433
600
-1968
-784
-546
-306
938
-386
1486
848
-44
1766
-881
-793
-414
1762
-56
-2659
-408
708
570
-1570
939
27
803
-12
-13
1797
1390
56
-28
74
1194
-1359
604
1140
-889
-1382
600
-3446
1045
299
-338
-697
-4
3011
630
1343
2003
-135
1348
3048
2613
-1023
66
-514
-1847
15
-322
1648
109
-1074
-1520
713
-486
1121
-2449
-1582
34
-578
-89
-1241
1662
-460
1031
448
-2184
2760
2047
523
-2282
-1077
-277
2468
234
338
881
-101
350
-1028
-1370
42
1104
-2544
874
-1529
-728
-670
-3538
-1163
-1340
807
-756
-1034
704
49
-572
-663
579
1240
-69
-2305
-1835
-1645
-1540
-2041
451
-792
-142
573
-1534
238
-535
922
-424
-681
570
-329
529
-938
-545
-797
-621
-887
-1352
833
-752
359
309
-1242
-409
255
739
9
1109
2428
430
1086
-316
829
839
-1381
354
-310
-1410
-636
706
-386
32
-795
-1401
291
-577
1283
-499
887
-1118
2913
-806
1058
1859
2132
-2304
2346
-144
1656
1429
-349
-253
742
-1354
353
1122
1857
-694
-779
1441
2537
-1088
-3249
-1359
1026
1347
-498
-326
-462
-534
-1903
1979
490
-1005
-3006
-244
-589
500
-1763
-812
-435
-1868
-1128
-1029
-393
187
488
-1764
36
-250
-2364
-491
-1506
165
-1490
969
965
-2045
1570
132
2339
821
-1367
5
-359
-2341
-785
-1693
-1036
-683
623
1391
1475
-683
-1315
934
1261
2212
-363
-901
1719
-1002
-1205
-768
1821
558
-548
748
-3397
292
686
-1776
-1542
-1281
-1022
1667
-3523
-94
1923
-381
-851
1760
-405
460
3004
-1420
2313
704
884
338
-907
-918
-2128
1861
520
-926
-971
-4293
778
685
-702
-1671
-146
269
4385
-2376
1732
1449
-2821
-652
1772
33
1066
2103
881
-870
-553
2
1317
558
174
831
1618
2554
-440
-919
-744
-1700
-28
751
15
139
-1509
810
-448
1272
-1229
-1294
1909
823
124
-558
65
2141
-1355
905
370
-1674
-876
-36
-797
1211
1608
683
-1745
1155
1433
1807
1973
1276
-1212
-1219
977
2143
269
-2046
833
-436
-1756
-1864
1600
772
155
-394
-1533
-1189
-143
485
-789
1091
-291
-732
-243
48
1349
-223
1066
-2609
-983
-31
-1970
-443
623
661
-766
2748
-622
653
-645
1558
1889
-982
334
861
2178
-414
797
4
-1628
-1562
90
-1050
499
1094
1253
646
-182
2247
-1260
972
-257
-981
2981
-2666
2632
-845
1808
1636
-1224
-1308
-2649
734
1173
911
-231
1625
215
-908
1443
-371
-16
931
-56
989
1238
1298
1155
-2705
-401
-1190
-1062
817
-1429
3505
1402
-594
2559
900
-238
-1876
-903
691
581
-562
0
-764
-299
1067
-2456
1043
1032
-1317
2128
1352
754
-1784
-3417
2067
-337
-422
-139
-301
965
-624
-2718
724
727
1406
-748
-597
-297
2789
-1510
-2469
89
2688
154
958
375
-135
1953
2407
-378
-369
-52
-2578
574
3378
1825
17
1934
932
1556
645
-1332
-893
830
-204
429
1026
2223
-2574
-1376
-740
1964
276
1139
988
-2103
1755
815
-1387
-554
-1628
-2161
-1236
16
1054
-1044
-1874
-1565
2808
-345
-1251
2954
2506
289
-872
204
2593
-809
-735
770
744
85
1209
-1601
-43
-324
-2161
-94
-308
271
777
417
-641
588
-2541
-1047
-98
3572
-774
-2489
-82
-1595
-2284
-1270
428
1370
1172
2835
-229
1164
-1122
-507
305
1195
1168
-234
2433
-1254
2384
1238
1323
-1855
416
-2844
207
1525
-538
231
1256
1069
-134
-928
-268
686
1297
1946
1112
-2127
-620
-2668
1330
556
-1090
1839
786
2149
-1933
892
1700
999
-2223
1013
-2474
1716
-456
-1548
534
1240
1465
-496
1040
-1204
-761
3121
-940
1171
1857
467
-1737
289
1440
-1364
1749
-21
-121
-1115
976
-519
274
-402
382
-767
4075
-336
-802
-1097
663
3059
-1914
220
11
225
3224
-1015
1797
-37
-257
-1276
-553
800
1822
649
-866
-2079
1051
776
2603
-358
-348
1325
-477
2198
-252
-664
-1080
1429
1400
-1761
235
752
1390
220
-3167
2631
1115
128
-128
-2298
1252
109
914
-367
302
2777
-1268
477
-18
-2288
-805
-1059
1342
1658
-570
1082
-719
-1540
205
449
850
900
633
-1000
-142
173
1048
2591
516
538
-668
1174
1617
-1514
-1453
296
2290
-249
1459
61
1065
128
82
-1809
1245
-1481
-666
1046
-637
-144
-925
75
1412
-717
-2210
1484
483
-3513
-175
-1027
3782
102
-1481
-1015
2005
1178
-1652
-516
663
-601
-324
-210
1057
547
-1975
-343
358
-1470
1615
1136
-1714
-157
1733
-1673
265
1043
-3590
519
2052
2726
707
1577
919
-671
-1466
102
1244
1982
-534
898
-3163
626
-274
-688
-706
2227
-1352
-943
2494
-2454
1063
1492
-11
549
-191
320
424
-1357
886
1451
-183
588
-1324
-1115
-1052
560
913
-639
-515
-684
177
-623
2156
2012
1721
-1616
2025
2352
-1053
1892
34
-973
-2682
-793
-240
658
-4689
-1118
1629
73
1142
-1889
2522
158
-492
316
1312
-773
406
2705
-1352
-420
1153
1489
-1339
789
557
-1377
2194
-668
241
-1642
-949
522
345
-2007
399
-512
-279
360
901
-406
294
1538
-699
-763
983
-645
-89
-350
-205
-1663
202
-2543
1033
-94
-741
1405
914
-646
-2495
-2150
1145
548
-1939
563
90
627
2358
1346
546
1490
1444
1081
290
583
-2039
-942
-1454
831
-2535
2339
410
1270
865
-1560
461
336
67
365
-1349
687
1258
-651
180
2384
889
1674
-1045
-877
3103
233
-1615
693
1144
327
-874
-646
-656
-913
432
32
-1974
1686
-892
754
633
1268
-207
-1609
-254
2421
-874
1737
1698
-170
1227
1153
-137
1110
500
-1509
1005
861
-229
-596
-1040
-2873
-1401
-1170
-160
-2204
1478
-1768
278
2614
160
1074
-983
-528
3519
-1576
-1405
-771
-1055
-3043
2322
-68
-1686
800
-1218
934
-1452
301
-912
-1799
-2378
1376
-2299
-925
-2809
-542
-348
-1503
3035
-1561
-242
-737
-1860
879
-214
-630
-2744
-747
-4523
-206
666
-1192
-245
997
-812
-345
1392
-329
426
-1151
1210
-1776
184
-1661
-1754
820
-618
599
-113
1347
-583
-2128
101
949
1149
-1906
-1721
-650
1111
2588
1276
954
482
79
1684
0
-1338
1191
-1395
929
-614
-926
-1559
-203
-98
-719
-764
661
-929
928
-602
-881
-839
-2815
-133
388
271
1054
232
268
-1178
-102
-183
800
229
248
407
2297
-2070
574
-365
163
-1466
6
750
2624
-702
-637
-244
278
-135
891
1422
-2292
1186
-1190
661
244
378
736
342
-273
715
-794
348
379
-395
-247
-1266
-209
-1267
-608
119
1339
763
1522
1392
-391
-1487
247
-751
1635
706
1998
1480
1219
77
1451
2429
-1203
-1410
2016
-1626
964
960
-471
-488
1406
764
-1622
252
609
-914
719
-325
-1737
-2122
-200
-1339
837
1651
1132
-1188
-2914
-1426
-1165
-2976
-658
-1793
-223
595
-576
-85
1843
-3755
216
-1177
-405
1214
-1353
-402
-1582
475
-660
2694
-310
-1271
-121
-765
329
1036
-2814
-698
1180
302
-796
2182
-795
2279
594
-96
-282
-987
-1347
589
217
-579
-1394
261
-1634
-1874
1425
316
1402
-1617
-2347
-427
1171
1565
540
334
312
-998
-439
688
1175
785
-2569
189
100
1002
-1260
3304
1105
308
357
-2941
2389
-1321
1022
2207
-754
-67
-1286
4
2212
-873
471
-3821
-403
444
178
675
633
-482
683
-837
1019
708
-1745
-327
777
-38
-3690
1455
-805
-1217
96
-2255
-658
-817
11
1614
1931
-402
-1050
-926
-218
1042
1260
1110
-1973
-2247
-13
-914
1005
-3046
-120
-827
153
1185
2017
1180
1796
830
404
-1761
2634
3302
2423
6
2719
-634
-59
1879
-168
1663
-134
3023
275
960
1620
1206
1867
896
-525
208
423
-1682
-789
-1164
1119
-545
-624
4
-1190
2959
-760
-207
-2617
489
-1991
1394
-672
-620
-626
-1647
935
-2002
-1145
95
-2620
-1419
-2117
485
-920
613
537
-146
-1249
-343
197
542
1800
189
-185
1027
-2725
-267
-602
-622
921
-1286
-900
3047
500
-191
-337
-763
-1666
-2031
-1449
646
652
168
323
-233
236
-204
-1256
1410
-1630
-82
719
-1766
2352
379
-466
633
-548
-369
116
-648
-578
-3556
563
642
227
3945
823
-388
1372
1601
1475
2785
748
923
2294
343
-100
-602
-75
-906
369
769
860
919
726
441
-1455
-918
638
-158
-832
1253
1881
-574
438
436
-207
-2933
282
1469
-575
-2620
-834
-763
-1782
685
1335
1373
1701
480
1103
596
-428
1110
-235
413
-1490
-446
-197
148
-1340
-1199
-963
-888
284
2801
-892
-321
1113
-344
-334
99
1112
-1707
-1120
-2544
102
-1973
1034
-813
-1583
741
-503
927
-70
1086
-106
1424
755
-1192
1280
667
245
-873
-228
-818
-903
1145
80
1892
890
-972
-526
1099
1829
1010
-269
1154
-1288
854
-2134
2179
-425
594
349
1046
-1500
-533
-1442
-312
879
-1067
-1454
-18
1387
-1342
1096
404
2097
-714
-1202
-895
47
-899
178
-1158
-1689
283
-1458
-234
387
1075
-9
-2214
511
-195
1113
2607
-419
-163
-2036
-171
321
1928
-1119
-984
-485
-40
-1596
164
-542
1500
786
-1887
336
-439
447
3562
-2004
-336
-1119
289
-606
303
1470
1040
-580
-1064
-590
-49
1137
673
1282
249
1470
-2836
-646
-1492
158
169
-464
961
-1821
3460
-28
1117
-1956
-1818
-1210
-1099
2540
489
439
-1148
-1205
-1097
830
864
20
-122
-340
749
-373
675
-1505
2766
40
2261
138
-1368
-1925
2692
259
-704
1413
970
-1708
-644
-585
2318
2243
1346
-1318
507
1936
282
-2215
-651
1437
972
3504
1294
913
881
703
-1005
-601
1355
-986
188
249
-922
-2264
513
769
-1071
-857
-1659
-907
-1178
-2602
-1678
320
-603
672
-717
-340
-48
-625
-1385
707
-1576
-924
-11
1331
802
1152
565
-426
-1144
-32
2129
1460
-1118
-1599
1846
1066
2354
1452
-505
3028
333
-92
-670
2111
1138
-696
-597
58
1595
-848
2237
162
835
-2527
-2054
-3114
456
-1944
-1645
1953
432
1001
-1259
2574
392
1083
1018
973
349
-921
-100
-1526
779
1167
-794
-1128
202
-1497
448
-1014
992
-819
-1655
-634
-197
-1894
1118
32
-32
225
648
842
-1878
-1274
-363
-2105
1900
330
-1478
-284
1719
-507
162
538
617
-165
2094
1550
-1038
1428
1485
1751
-1175
194
-189
790
-431
-907
-1736
-352
-591
-1018
2428
1066
-1067
464
859
-962
795
163
-1201
3411
-2373
221
-132
1646
-1922
2001
-404
-174
1076
1967
-1111
-39
-418
1226
-99
1397
-295
523
54
978
-1267
507
-798
1494
-1968
715
248
123
3170
766
-400
-682
2068
-319
1215
973
400
441
-85
-2557
98
1561
317
1719
352
-111
542
312
838
1481
-550
1468
677
-2594
1700
-358
-602
-424
-1663
-96
-501
-1353
-1286
-426
-162
-1491
1030
256
1932
-2423
1900
-1548
1220
-391
-580
56
-623
-530
436
-3008
-567
-80
1599
-216
1916
-417
1052
216
-335
1220
1001
1636
323
-1725
-283
2423
-1316
410
-1602
-346
1020
-99
-403
-2549
13
394
-867
672
-999
2123
149
783
-1992
718
-1374
1066
-1157
-869
-468
731
29
-984
-656
-573
359
-283
2929
-530
2087
1004
-6
606
-1371
726
-1583
-1790
675
-536
-2071
-487
831
576
1011
2978
-2265
1517
194
-801
557
284
-806
-819
1036
695
-22
419
1673
-632
-422
-1137
-1053
722
-917
258
403
589
-70
-308
-789
1596
668
-1517
3408
-159
763
793
502
151
318
1961
737
-12
116
146
-1118
73
-2153
1323
-3028
-4299
-2401
-2187
-114
1908
-435
-900
-1820
251
-258
-60
-685
52
-2866
-667
-686
1045
1231
2571
2480
818
-1478
862
232
1515
79
-1219
254
2176
1162
-1173
-607
226
-2042
-467
2039
1314
1759
127
-221
633
2580
-504
-1095
993
1670
815
2380
358
-475
1330
-296
-637
1476
1706
-1475
112
1238
2026
-1857
-1843
2373
-272
-155
-64
-1427
417
653
1954
-646
-206
1225
1028
1129
1745
-521
-1209
-498
-336
-996
-1088
278
330
-448
-141
260
-1704
-2242
-868
-1030
-1726
-1922
-792
-661
-1874
-283
601
165
-1634
-2296
-2529
-4175
-4176
-1934
-2975
-2016
-184
735
-1793
-2588
-1460
-2974
745
-865
1644
1109
-781
-11
-885
-213
767
1081
-1671
-854
325
-2883
-1383
1448
322
-456
-445
-311
2340
-1183
-2293
-179
-503
-1414
1288
1974
-920
-1323
-172
562
1093
-954
775
198
1529
-992
-1067
1397
-594
449
-1004
333
350
-1363
-1114
-66
-28
-866
-248
322
-137
758
990
2004
-834
-132
3337
1061
493
511
1198
698
-480
-437
-1312
1267
2834
33
-2918
-3503
-1948
-2371
540
1517
-584
-442
423
293
399
-1599
1
-1149
-213
-1492
56
-1873
960
2020
-2179
-2252
-1820
-1284
558
1593
1596
938
-928
735
1373
1844
1779
-140
-534
211
-2648
-837
-108
708
-705
-243
415
-106
-1635
2513
2473
2802
673
354
481
298
658
601
-546
-863
-102
1142
2609
1474
1160
1320
1146
2349
275
2738
899
167
880
-1601
987
-360
-9
-1492
-1559
1102
16
1312
436
-812
-21
152
-933
-378
-1537
-31
-980
-2235
-1502
-629
-847
-1381
875
-662
-1060
145
-336
1258
366
542
-132
31
997
-1952
1365
373
1460
646
-187
-1693
-2786
-26
-1249
-139
-1854
-1665
-644
1165
2348
382
425
-1117
-1907
-1557
-2000
-696
-413
449
2404
1644
1510
2998
-360
-60
-2596
-519
-1769
2273
1429
105
1436
-237
440
629
-1582
694
811
-501
661
2824
2768
1356
-678
2816
-158
-922
-337
-273
994
1443
420
1355
3193
1504
877
-847
760
-1428
-714
-709
1365
225
456
1783
-1043
2560
2310
751
2119
-574
-1357
-3342
2150
1609
-599
-1300
1552
497
-2260
-3045
-664
-1035
2499
3169
968
2444
-923
-1140
-1753
318
698
1757
1747
932
-524
-1444
-687
-2697
-2078
-1830
-1367
-18
-314
201
-2181
-2365
425
922
1107
1199
399
-1695
-117
-486
-155
182
37
-1000
495
-235
220
983
704
1400
1358
2010
506
1473
1189
-694
-2478
190
1002
-1152
-1224
1346
128
-1436
170
1466
1719
-126
-1720
-829
-1287
1615
843
683
-2676
1040
1485
865
-251
-1887
-1143
-796
1798
1420
-1354
-1737
1017
-2119
574
134
724
511
357
-308
-1701
-1808
-2123
235
3115
-641
471
211
-1338
-666
-1550
138
-1100
2054
2081
2767
518
885
-2465
1915
3164
-1334
-2098
1357
-493
-2584
-1499
1274
2625
2804
-1072
-2950
-903
462
724
2369
852
-339
-4710
-2332
777
2720
1041
-1453
-2060
506
468
2632
-498
-2404
-150
1316
2774
-616
-1363
-1581
-61
2043
-682
-3020
-479
2516
861
-214
-587
-2252
420
1094
-341
2575
21
-1873
-1800
-1525
571
381
1113
1018
-1916
1620
97
752
1970
2982
779
134
904
1275
-1379
686
2297
123
351
-628
-11
783
-353
-1528
-280
894
1292
1420
-1602
-208
309
1233
-29
1063
-834
1441
2274
1665
-1116
922
1579
-863
-555
1658
-632
-2637
-538
1924
171
-891
1951
1828
-839
-2084
-3728
-348
-447
462
-647
-1802
2523
-171
-2734
-896
-1545
136
-1565
-1210
1255
1451
-1293
828
1101
1330
205
-282
-919
-1678
-1276
-1894
444
692
1181
1362
1911
819
1361
829
1282
149
-1931
-415
-8
767
1932
1100
940
-873
-3238
-1238
55
-3812
-1966
2610
-1002
-1242
-856
2637
963
388
1462
-506
-1387
2729
1673
455
147
-1295
-455
2001
323
-1448
-396
126
-505
-3257
-2199
645
-25
-729
-1307
1206
1241
-2033
-1240
933
689
-1472
-1502
-2441
325
-346
1199
502
2923
749
-1331
-1042
-436
-74
1517
1310
-1028
-38
2554
284
169
2855
3993
1085
-347
-1695
-1676
999
-1101
-1327
-774
308
1587
496
-1264
-1009
-2152
1004
-1049
-579
-1230
1971
932
416
1091
2320
410
-278
-35
280
425
834
-740
981
486
702
1740
73
2006
1938
-201
-927
-426
652
942
-1073
-1025
809
1043
-474
-215
927
1833
-1521
-1659
1745
1819
1006
1601
-2768
953
112
226
284
-923
671
2403
597
-508
-1525
1345
1300
-1023
-1694
499
-286
-1919
-515
-38
2170
1719
-1717
-795
-30
-1081
-3254
-1289
-2828
95
-1184
502
-1502
-850
579
-99
138
-224
76
-124
-1424
381
149
542
2754
2304
-542
1565
667
563
1040
550
1250
970
1276
-239
-381
-2918
-530
-1632
2114
234
297
-1160
-1406
648
57
977
-1322
-1221
1546
2622
-24
709
-786
-819
1231
755
1509
1557
-1290
-1275
-1827
1598
-835
694
-1310
-1115
-444
2978
-917
-147
-728
-864
1605
-765
-368
-748
-1017
-639
-445
-2473
280
1545
-994
70
931
1483
-82
761
-429
580
1037
-539
-1168
-2632
912
-1047
-840
-516
840
-1456
-1354
696
421
-1019
1429
362
711
143
1429
-1830
-3226
-2479
-1435
-358
1200
1711
525
-1208
773
-626
771
4
-1739
-155
-919
-124
-1739
-1382
-89
405
1173
-228
2737
-2195
-1371
-249
-1039
1281
295
966
487
-1275
-1109
-170
894
-1087
-1674
3148
572
-556
-813
-2114
609
-1340
-367
94
1146
-629
1110
519
856
-365
-2557
-185
2248
-2171
2720
1966
219
1069
174
1071
-997
117
-195
92
993
279
1705
1109
1154
396
-696
-484
984
-817
-1002
796
-2283
178
-97
-912
2274
-334
2768
-271
-531
-1279
-1336
-621
1850
30
817
2194
-854
-418
3406
-932
1226
-1522
1846
-174
-861
732
-757
1003
-1265
240
2668
-338
1313
-1528
362
1903
-2126
2201
-565
-957
422
1819
-814
1663
-92
1186
1472
1337
-836
-994
-733
688
509
-982
657
-1376
118
-788
849
-9
-1525
2040
1079
674
1248
1316
78
-296
869
-107
880
437
1695
-763
941
445
-2333
1047
844
448
-851
-751
2424
-3305
2549
390
-390
412
-830
-75
395
-207
200
-1109
-617
-1437
3005
1841
835
110
2623
-167
-210
871
-1035
-1171
-169
-34
-1398
-1764
-1132
989
-1853
-1000
778
904
991
1693
-763
2424
-420
-1767
-2056
337
217
1867
-1501
-1294
-283
807
28
-1268
277
-1750
37
2148
1096
-1518
952
303
-2364
164
-1060
2431
3295
-959
1241
925
-1288
360
-474
122
-763
1749
-580
-1524
348
-312
-1186
-3
-184
-752
-540
-177
55
180
26
-1174
648
-2310
291
1887
31
357
-711
703
-744
974
247
740
-652
391
77
-1881
-95
982
-2154
-420
55
-1679
-1166
-1684
-272
-1465
2686
-633
43
-102
1131
-1238
-159
563
-1592
946
-2629
-99
723
-185
-754
-815
-1739
-1055
1158
-2287
-983
-386
-250
731
26
859
425
295
-1442
-2303
-1124
-597
-2253
1119
-345
1205
710
-570
-1952
-223
-108
739
-271
-1085
269
-318
577
-883
-1547
1661
258
2203
97
1547
1024
2201
1318
479
-596
1149
-2394
-1338
-1683
688
-878
-802
8
-531
743
1896
-1360
541
56
241
-103
1101
132
676
888
-1455
615
292
2436
-1166
1522
-2358
-1487
-404
-924
1141
480
320
568
-1289
1356
9
-1660
791
-420
-2363
-921
501
-1597
923
-1136
-1813
464
-1495
2134
436
635
1190
-1763
-404
-585
1543
-303
-1523
941
-152
-1099
-2154
1329
569
-1331
-899
978
-227
-1109
-1496
-1187
1690
99
-494
1460
179
-322
787
1028
-318
-1690
1245
60
935
1468
-2273
183
1961
317
308
-792
787
-2456
-337
-1213
-940
95
694
-1998
14
-953
-972
192
1296
716
-148
-1625
779
-1197
838
1980
-80
806
-1563
-1275
-1629
-1660
1097
147
920
1093
715
-407
-2915
-568
1993
-1118
441
363
-918
470
-1125
-622
-2250
229
1200
-1662
277
880
-484
2152
335
-248
558
-2567
635
-319
803
1301
-1405
2801
1809
-908
1201
-891
-409
873
656
-839
843
52
-2454
-1558
-169
261
-424
-371
-207
-134
-529
-368
205
-846
-510
1006
782
-1883
-505
-216
3037
-1710
274
-1735
99
1427
-806
-245
1569
-555
305
225
980
-178
-815
66
-807
-1619
-2841
-753
-441
-2107
1079
1249
-96
-855
460
-2157
1151
-1403
-2404
857
-2903
-810
831
408
3275
-870
-370
-44
1744
-316
-945
687
255
355
788
558
-468
-656
-2194
-96
1492
-1416
586
70
148
-29
-1642
1524
-1053
-695
-404
515
457
-2404
-1102
-578
-173
-1944
-911
1385
1626
-2
-1392
-1165
-1294
-54
289
723
76
1123
1424
-1406
535
420
-1681
1901
932
26
52
427
957
1240
2242
-1068
-145
-1429
-462
441
-711
105
158
-326
2765
-564
-20
392
266
-1576
247
-2178
-305
-79
-715
-136
-75
673
-1074
1243
458
2014
-975
23
1898
-390
-1036
-443
-551
44
-956
-201
-1313
-353
530
953
-636
1390
-280
-335
-173
1891
-657
-2351
3683
43
-99
-220
-2212
2294
-1500
1198
-354
-819
-20
-1270
-2047
-768
176
795
425
290
-361
-53
-2473
697
455
528
-607
501
-546
658
1679
329
-375
-60
-240
-1175
-840
999
-1014
1296
25
639
-16
-2444
493
486
1250
-32
-326
-684
-329
-717
-229
1764
-2909
182
-582
-927
-767
1088
-237
-509
542
578
909
-487
-173
1349
-922
1151
973
-29
878
-1142
1564
-1128
-1789
-566
635
93
976
-160
-953
-1794
-165
-1863
1241
-1222
1035
618
-150
229
-40
-1814
1691
1755
-1189
-281
-2147
-1911
248
626
736
-1370
-34
-1654
-1030
-616
126
-958
329
-219
1030
1513
521
282
616
-1000
1186
-261
-918
-1852
-593
-1058
-84
-810
867
-511
-911
-73
576
-2265
-985
-35
-330
-331
-1014
-457
1872
436
-533
1849
162
-508
1379
1140
1710
-158
-329
-90
-979
35
-1408
1900
-1116
1655
-72
1545
-2215
4
-2875
-1490
-1931
-442
-1056
-1357
480
-660
-1449
1702
784
192
1352
746
-1140
2692
-945
446
-140
1899
-407
-358
609
-1060
179
-447
-1013
579
1690
1018
-422
-51
-1681
1177
-1258
684
-1026
816
-159
-1338
1776
3424
348
-362
1809
1731
158
-576
866
1108
96
2336
1946
-1109
697
1682
519
2217
1371
829
1636
-430
475
1419
-238
1375
1001
-1215
114
468
87
1715
882
-497
-1293
-455
-368
330
132
-153
-2288
1759
1810
768
853
1301
178
1592
400
-579
-262
-148
-1408
398
-453
-835
-996
1096
271
566
-52
-288
658
1937
-1335
-1247
1153
-2721
-1385
-655
-217
165
-251
302
-602
-2467
-1513
-250
767
-2215
340
-437
-1463
2042
1859
-792
-2488
-920
-679
-937
1537
-1032
-2029
-3426
-934
1883
443
-24
-1979
-2223
1453
-1672
3077
371
689
1623
-6
-181
1048
-470
1637
-647
46
-481
661
1744
587
-400
-863
-1303
2621
690
1657
266
1005
2352
1960
-1196
73
-633
1461
-1646
-502
-1267
-1463
433
1431
112
1163
-423
-298
-896
986
-1240
-259
-3167
677
-1908
-111
-629
-294
1025
-1543
-1011
-124
35
-426
-2222
1177
312
1323
2486
-1612
-497
1561
1965
-1459
-24
111
799
356
-681
122
-1246
-1416
1134
295
291
535
-1524
622
-2310
2929
-147
128
-860
-958
1185
2850
1068
1549
-1374
-927
584
410
1455
1172
-1179
-505
-2233
-1679
-556
-452
367
106
-1469
1167
-1311
2534
856
-239
-171
-509
338
1612
-18
-921
-1359
1728
-1290
1480
1663
-70
-752
475
-7
-2719
927
2085
708
-388
-416
939
-294
-704
3066
268
1973
-690
2195
1507
-22
-81
1389
696
-794
-634
17
187
800
-1164
-2622
-841
-35
-1245
-2160
-708
1735
-532
2701
955
-238
-864
-1392
1166
888
1813
749
1755
-693
471
-157
-119
-731
-463
-548
-837
1825
-1612
-956
2710
768
598
1554
2280
-766
-78
1581
-810
1460
-1113
297
-553
-184
-994
-146
-1744
-1554
215
701
-757
884
-795
355
-1108
525
676
-1303
1385
-256
1153
-394
-198
-251
-2451
-1398
1099
-2759
2913
1209
705
706
2284
-8
-1785
-1374
1087
-332
-2080
-506
786
-1553
743
-2004
34
321
47
-200
-743
974
1629
-906
513
45
824
-424
-552
-874
-136
-1349
75
2572
844
1741
-958
-1287
1414
1212
214
2599
1713
567
966
120
887
-2588
-269
2582
2429
1919
-677
573
-646
130
-634
1269
312
1796
1331
-676
631
3149
674
-1600
-2111
836
-204
556
-783
1571
720
-90
-58
377
734
3135
812
-1726
642
-2203
113
-1059
-929
-409
-3387
-2285
-649
-354
-2353
599
-327
-53
1704
1679
553
-823
-220
-1123
-2494
1729
476
1036
400
-204
1411
70
2541
1977
689
-446
-1106
-1828
697
3082
-540
1847
735
-2116
-230
-1475
-25
-3171
-2955
-1651
2614
429
466
-104
-1134
2325
324
1053
235
-221
-149
-470
-1481
-1153
-2589
1209
1677
910
1208
81
-162
2686
1232
1729
31
1846
-368
477
560
-119
-96
-266
-2082
-869
-361
26
-840
-653
-1376
574
59
840
1189
1493
149
-1492
-982
-2133
857
-472
375
2996
-11
1344
674
-2454
1993
-2131
1556
2514
1285
1489
1438
2192
68
-1497
-723
-1116
-860
-1192
-108
-50
-408
2337
1036
1851
14
-662
-2776
-513
1806
163
-1375
-1577
-1910
-1525
1601
856
-681
1209
615
539
-710
1651
-110
871
-1023
1233
1752
-389
-533
1462
1534
-722
-864
-1640
641
-159
-341
734
1602
-2
-1737
3982
390
-1197
-1490
640
1185
1071
2182
476
-287
-501
1117
1210
458
619
-1021
527
234
661
-995
1769
-275
107
1228
787
-849
209
-1107
2640
1342
-538
1283
-701
-437
1576
540
2349
-899
-652
-1398
1197
191
-282
774
-199
-548
163
300
947
-989
-2634
1228
835
962
-496
20
708
-1147
955
479
2835
1457
-1927
-905
1075
770
884
-1166
-351
725
975
1732
-26
1579
-85
492
1460
-969
779
1143
300
347
-161
-2266
-584
208
-1048
265
536
-2130
2601
-416
331
2057
1383
-85
100
-644
2796
2443
-836
-257
704
1036
-1142
1056
2272
393
-881
-1322
2318
215
-1222
-1225
-492
-1885
-68
97
399
1034
998
626
-939
184
106
-225
649
630
43
1124
-184
398
-1363
416
-294
1409
1415
-1313
-386
233
859
2402
1546
505
531
-842
-21
-1687
-1376
1093
1357
-1685
-827
611
-2262
-3028
-2200
475
2080
726
288
716
-426
1144
472
1276
1420
2503
-1277
-1856
-1742
145
390
-1119
623
792
-265
521
281
512
528
1308
702
2846
-6
-833
-398
1006
1329
1365
-294
121
-2861
-1078
1429
931
-757
-1305
452
-448
-36
274
-118
-370
-336
477
1000
1371
1862
958
-812
55
-209
1379
-1339
-1491
-533
-2066
2299
-99
684
1214
700
-2974
-232
-2126
599
1306
-414
-1069
536
-56
1586
530
1077
26
995
1433
-1153
-2100
-16
-595
-190
-416
-666
-903
194
762
115
1265
-2405
1025
805
1267
920
-1399
-151
439
-882
-191
-209
-1157
161
-1577
-1204
49
2044
711
-571
-2934
21
-337
-843
-695
-933
719
308
-1640
729
947
1316
733
107
1189
-1469
-1273
-532
799
2000
-159
-2397
1496
691
530
-1956
1506
-1478
-2217
-1953
873
-2594
-1504
-847
-596
-252
4817
1871
807
1250
481
22
2526
1013
350
1140
-16
65
-998
1333
-1397
721
402
-891
38
-1028
3031
1199
-1031
1090
81
753
2156
1371
-1445
153
1383
-1650
1043
814
2491
569
-741
1069
1352
-326
1168
-757
-1864
-384
-973
-240
401
1969
728
177
1240
-1163
1357
1603
2065
-2166
-1763
1663
-561
1959
2166
-1287
451
-426
373
-139
1444
338
-1651
-296
-1311
-2002
-1054
-2634
-1136
662
-419
-42
2990
792
516
-983
-952
778
2024
-1119
-1874
-2646
-1423
-2866
-201
-2665
-475
-481
-805
-1467
-1588
710
822
607
-1018
473
-1228
