0
0
0
245706
0
0
0
0
0
144707
0
0
0
491723
0
450305
0
147403
52249
0
599164
330511
0
110744
0
0
0
93733
0
215403
348707
842523
0
196233
164570
0
0
0
29089
42240
36951
0
292077
0
0
193381
0
0
160349
314326
40213
0
58067
0
47503
31310
0
563634
304727
0
448538
366856
517381
0
0
423312
0
352487
0
698286
982154
142357
309183
877119
154785
338160
230607
0
0
535109
159192
0
475843
191908
0
166868
271204
0
253904
309546
0
0
0
553403
0
576407
558710
0
0
0
25735
131630
0
0
0
35620
0
0
205388
0
0
0
0
0
0
188074
0
0
0
392679
82479
0
145805
0
17756
339938
0
0
257717
6171
101064
469310
0
690931
0
0
0
0
0
136136
211704
0
189917
0
254442
0
100820
607392
0
332430
0
0
310999
639600
655951
27270
233675
89678
0
275548
0
0
517920
0
449834
497003
0
797156
130037
331363
0
807858
259784
515784
828710
50709
50988
0
54696
0
513121
0
0
0
0
0
0
300233
0
472616
208086
0
580847
363163
306449
0
570758
0
0
0
0
416460
0
121645
0
0
0
207769
603455
236200
0
0
0
122635
349545
0
0
0
234036
0
0
307419
0
0
1110455
0
793067
0
905249
0
181160
0
0
748362
0
697610
0
156573
0
0
158316
503679
898366
0
0
475847
56552
619927
350673
387314
0
433259
0
595417
0
376823
0
314676
0
0
0
431875
479669
15186
0
231856
0
359517
1344
473838
0
0
314572
21347
0
886016
0
308333
0
0
179086
0
0
456335
0
574170
83494
1042866
221559
0
212438
0
0
0
489014
0
182750
367865
0
348159
71323
105432
0
0
314869
0
576091
0
475510
0
0
0
5199
0
337349
0
452373
0
702493
0
135492
0
465269
0
228034
502203
0
134092
56580
0
398265
0
659042
792818
143440
506986
0
0
233015
143373
283427
0
484294
58062
0
0
0
0
0
422445
0
269400
221381
0
180800
0
389778
0
739151
470967
530074
613972
0
135830
0
549520
0
692570
512608
0
0
0
0
0
287655
0
89015
416332
459362
0
0
859544
0
0
256349
0
121904
18358
0
0
0
364629
0
0
511014
0
0
428849
94371
418034
338637
56602
347056
0
306146
0
141943
102808
0
918374
0
543754
0
196517
0
470747
37524
0
0
90821
0
0
642002
0
586611
0
0
282715
0
121589
210508
464347
256648
10270
0
389676
0
32810
0
198206
667366
0
582225
201713
0
0
0
545742
0
389419
35671
0
38420
376033
0
0
620639
0
0
153423
0
0
0
0
0
83406
0
205295
559789
345509
204492
17210
293240
0
551469
97268
519850
0
0
465248
515634
387351
0
376587
77364
18048
0
0
160057
663770
0
424759
0
0
651647
4575
733822
0
302352
0
0
98075
0
808121
0
0
39011
322708
0
229735
42586
274709
0
65999
0
506519
95929
0
321875
0
63560
0
744566
1175497
0
685
0
0
649337
552893
66355
0
0
0
530465
104408
0
1999
0
0
0
0
219153
0
0
418778
78592
137188
0
324781
1127524
0
0
112344
0
0
111435
499728
76569
517263
0
0
935153
0
501518
0
229439
0
654314
765697
0
0
355528
660
0
0
0
186898
0
61798
0
698909
587629
0
316864
0
0
90314
0
0
673498
0
0
185222
68714
505085
0
0
36056
0
0
103938
0
843464
832881
69915
434528
97904
0
0
371437
169356
0
0
281548
0
0
62288
373549
0
419799
442642
0
379280
116358
0
396711
700633
258261
0
323140
311612
7742
0
0
183584
0
0
542641
0
16518
0
312055
733056
238978
0
118386
0
0
0
0
797048
0
0
0
492460
0
18688
709381
0
0
0
0
0
72750
0
335764
175750
0
358380
0
225758
0
395954
0
695317
0
203141
0
347274
238925
0
428565
0
0
228181
0
0
258782
601384
178515
0
44964
0
241340
86735
177866
0
315459
0
0
0
623277
0
277612
178548
0
62909
0
0
537498
90394
269287
0
108732
0
225808
0
0
0
271978
0
82859
0
221490
0
0
304793
211784
274903
808127
0
0
0
267821
142702
180328
0
0
95315
0
0
0
734999
0
37289
124565
187796
0
677599
0
578968
0
636934
0
96575
305067
0
726895
0
0
0
0
0
0
0
206956
0
734465
0
208334
0
0
0
754381
0
0
0
464610
3765
231060
0
0
408659
0
99452
0
162697
93183
160043
0
0
0
420608
294140
0
0
32740
249914
324176
398242
304225
972122
272696
0
161302
445925
0
0
0
725372
0
666487
0
381861
7145
0
940003
0
420849
805418
369286
0
0
0
95562
114441
0
75435
82766
0
626688
0
333469
267624
550475
0
917520
0
0
0
54839
23067
0
771129
0
132847
238526
0
0
0
144446
10485
424380
124973
58520
0
0
0
0
106067
179215
15129
0
144714
0
842960
0
327490
0
0
114090
0
914177
0
886845
554934
0
334225
0
495649
763122
0
0
364531
0
52106
304196
0
0
29555
455201
0
147474
0
0
0
0
189283
178589
481328
173665
34574
100219
0
52912
0
0
61248
515117
794940
836241
0
306146
0
132257
0
221950
311290
0
1027778
506703
0
565417
0
564188
118616
323309
224810
793246
0
0
0
0
4185
0
684820
612139
0
543191
311406
0
341929
287121
365028
284157
0
419126
474520
291085
0
0
178869
1039921
412730
0
0
34267
66179
540412
0
0
0
199910
399724
440926
189377
527295
0
0
0
0
0
0
0
0
299303
13100
0
575977
0
0
0
335439
539631
0
0
0
222798
0
0
52284
343460
231466
0
97928
0
0
702304
0
0
0
0
0
0
0
0
0
287045
273517
7034
0
0
0
262870
497782
508118
0
0
870798
0
0
280565
0
0
0
0
374874
72292
0
0
0
283185
416371
366611
0
0
0
263391
0
495955
245876
14857
0
196896
295487
570386
474136
0
138301
337858
0
137689
0
0
0
0
523830
0
339099
30702
166343
429127
0
95624
0
546349
217386
0
0
0
0
0
25738
225941
0
384016
231213
296399
0
338431
391764
0
0
0
441483
196128
0
0
351908
0
59379
0
0
0
0
454854
413984
568330
19070
0
0
0
353709
99684
0
0
181569
118407
12609
793278
793134
238984
386535
766164
137794
0
22174
96058
0
0
20456
0
229452
491359
0
152815
278903
356094
0
281189
1238512
552606
658735
0
0
0
202319
0
654322
0
0
601077
135277
141692
0
0
0
0
301953
456022
144333
0
378919
0
502167
0
0
377082
511852
837228
281360
0
0
123906
0
101368
0
0
48527
86019
0
0
133555
0
0
0
0
332105
603262
1251820
89154
584995
82117
0
0
0
0
61570
0
484918
0
0
0
263880
0
0
0
0
304392
659071
814508
41617
0
217686
0
58948
0
956363
0
0
231792
37927
0
1197549
0
0
0
0
180011
16066
64610
218804
0
169550
0
0
617990
0
0
482122
17480
256409
3984
251668
353232
0
655233
513525
0
401196
0
0
202732
759143
427359
641596
422482
0
731529
0
0
0
0
0
0
98468
0
212019
0
0
0
0
66691
0
61066
0
477777
0
0
817773
357374
0
299675
0
81852
511251
1463095
472426
0
0
114870
0
604841
51573
0
261389
0
272584
0
0
580219
0
0
358579
0
0
0
0
0
0
0
0
0
0
600286
373489
0
0
0
0
411986
487006
436597
339936
83785
167411
197201
229936
254958
40871
0
0
0
675299
0
32284
85346
0
51746
0
0
224674
0
0
454676
0
0
0
0
922431
0
0
0
606988
732738
31176
137497
0
72574
463838
248386
172063
0
0
447140
128047
0
686618
295671
227651
598715
0
758043
24785
728815
331102
326780
274115
0
0
0
0
263563
628601
56409
576211
0
194233
371218
194897
0
0
0
0
0
0
0
209399
187829
0
467778
0
0
633970
0
0
0
389307
0
0
84495
243757
452694
0
0
596004
245450
697669
65551
0
119362
0
364669
0
0
0
205165
0
0
182935
0
36178
0
0
0
0
0
35108
0
703246
531113
0
0
0
0
77003
793296
439986
0
0
775382
1310815
550969
57969
0
35809
0
1076
0
26223
0
564590
210987
0
299323
384921
198689
0
0
0
67250
0
0
0
0
250531
431678
0
0
0
0
464607
194276
146824
333442
744156
65534
0
0
0
774031
0
0
687883
0
295213
192364
33941
448964
49043
0
0
527875
0
0
0
446130
338301
0
316792
97195
0
0
90002
0
0
124121
794449
295592
0
0
0
0
690759
178810
0
0
0
371680
0
0
0
690101
0
0
0
0
0
18411
276878
0
0
0
0
0
0
346890
748430
0
303005
0
0
469274
72880
0
685336
345886
0
277854
153749
389033
335889
0
73360
0
0
0
0
0
768629
0
49321
201394
0
247181
704246
0
0
311228
0
0
0
0
0
0
0
187231
0
208964
585204
0
0
0
611570
562016
165378
0
23130
41478
0
0
283396
453426
351189
28660
32867
3594
0
158727
77032
0
50057
0
0
0
0
473168
168713
474126
0
0
0
567800
391786
492336
397494
0
301489
0
0
0
162984
60951
390349
13812
0
98526
0
0
0
271744
241274
0
0
0
133314
467245
295446
273562
0
0
237133
421634
0
0
0
346118
729018
411592
0
114830
0
616964
0
0
0
221835
163914
0
0
497982
732135
88956
682987
292306
0
0
0
146368
346835
399191
242549
0
22822
0
0
0
0
0
0
0
502007
541069
0
0
289030
522677
0
771257
757058
404244
447809
720389
611078
219065
460729
0
0
0
0
0
0
0
0
0
76544
0
0
129739
262749
0
137686
0
307530
263986
540848
213205
0
74143
0
0
0
0
146195
505972
0
117038
0
350010
46431
58643
0
36352
0
0
313869
191060
0
297322
0
0
0
0
267022
0
0
146204
0
0
0
493321
0
0
0
54768
155610
157239
183193
0
64074
102175
0
0
107488
0
0
0
615484
41343
0
0
0
57272
0
0
0
0
505495
425296
0
0
0
0
166957
0
0
481547
378654
0
0
179883
399921
697980
0
102044
0
0
113547
308985
0
651694
470108
199051
0
0
0
177198
0
132894
0
0
0
426396
1362
320533
0
0
0
0
0
0
0
406169
0
0
314306
0
0
0
616813
299544
0
0
0
208840
73050
53022
192487
0
58375
0
0
0
234587
37940
35387
0
0
0
0
200244
0
57586
0
0
0
42639
335895
228315
91620
251392
215410
0
4208
404042
59413
0
0
0
16946
356091
32454
116936
0
0
0
55608
0
0
0
0
0
0
251572
0
0
0
37675
0
0
0
0
135085
98575
0
736796
77000
0
29796
413353
182116
247862
0
180504
278897
0
0
210138
0
375690
316512
0
400555
0
364697
0
0
141602
156588
177436
0
0
0
0
224052
0
61527
0
0
0
79773
0
146032
0
0
109872
146835
0
25922
0
427434
0
0
340748
0
0
0
0
169215
378157
0
0
0
220563
0
568679
0
0
0
0
0
106113
81374
482516
178938
194316
0
0
0
816598
52690
0
115170
0
50223
72859
182645
266820
0
0
0
318190
60969
115475
185842
0
0
125393
306292
0
0
0
208830
25743
254805
0
320971
110345
232419
0
237192
0
248724
0
0
0
0
0
0
241450
0
132556
41435
0
328098
357907
158510
364079
0
422256
0
0
0
160665
0
0
359294
387295
0
0
0
0
0
254575
0
77151
158828
148431
306672
58033
243547
0
0
493505
0
13512
0
0
0
0
286881
0
316047
0
0
261090
178872
600299
5328
0
0
436922
53156
81703
511185
0
36596
0
0
153499
117853
283495
163088
164010
332703
0
0
0
0
171559
0
94582
166100
0
0
88412
383868
0
341206
0
81528
320353
99346
527693
0
398545
0
209954
235908
0
290851
13807
300927
281393
0
0
0
305643
0
0
176700
0
0
58848
0
230270
91907
231251
0
68203
187861
295683
0
52785
46366
0
245014
0
0
252866
226704
0
0
60078
0
0
0
93549
0
0
39308
21183
0
14387
26973
0
0
0
354972
93418
287303
0
8265
0
104670
207449
0
0
0
0
0
260457
187208
253139
41841
0
184094
752926
253045
201745
736916
25082
169920
0
0
0
0
0
0
779075
50884
215323
297012
359958
0
0
0
0
0
0
113781
0
0
39347
74037
240659
192048
0
148669
147599
138440
47201
0
0
199381
369964
22795
278281
0
2976
0
159434
278314
120646
0
118140
0
0
0
0
146072
195834
199328
136071
0
0
0
256606
295686
390853
0
0
0
0
0
39744
0
437766
65364
447657
296340
269126
286482
14903
77689
0
357707
0
0
2399
68878
254838
431468
0
140026
274391
0
132174
78334
76874
4384
96125
515132
0
0
1409
0
118463
254538
257505
0
0
0
270645
0
476977
0
149095
146327
440069
224402
126698
0
0
0
303042
346170
0
0
287790
274759
421700
291440
125203
0
0
0
129664
297742
410779
0
0
168989
347273
104449
523184
0
0
65444
251254
346587
144612
136822
3508
233840
0
0
0
0
240112
321616
129045
320698
0
203040
152365
37442
257166
0
0
47606
105083
342333
0
17550
0
74486
241237
149544
0
167955
0
79807
145564
0
109426
0
0
0
0
0
0
415059
160311
0
0
0
566
486202
109440
290677
0
246831
520870
0
51436
0
612131
5298
128859
0
433303
111498
143422
0
0
0
0
0
214324
132404
0
288818
229991
0
60548
0
32781
126839
416148
224137
326017
155565
0
115009
0
0
455712
415672
29784
0
0
170710
101167
0
110765
0
0
0
0
255340
35755
269639
0
309604
26410
0
0
102055
243423
0
0
279213
0
24336
244794
101748
14733
193695
175485
129896
0
202567
143636
0
105877
0
75086
0
113009
35458
308660
122979
0
0
424607
0
0
0
343621
362564
304333
129294
284872
0
0
327968
98739
58629
209336
0
0
0
0
0
0
164191
0
298381
293707
124567
179784
181045
8063
550692
358464
119102
0
11067
168975
410834
0
74212
0
0
0
286094
43305
108318
0
162049
0
0
0
0
70012
51675
285890
0
133824
158337
0
0
0
0
0
0
227929
0
133768
222703
163219
0
463088
0
0
0
0
302330
230816
0
260899
0
162387
87900
0
51946
0
117033
0
0
0
51408
37276
63317
46452
27055
225893
377975
0
432548
179676
115567
146892
174320
260180
12753
0
0
395023
0
0
7721
0
45609
0
145990
54161
0
80497
0
0
179125
1344
39893
0
220728
652299
29558
0
367254
297938
331981
0
152651
42022
159271
0
166014
96439
214430
0
295915
209885
9280
0
84996
0
31354
0
121677
0
0
0
227847
929
502756
236420
68503
187560
194666
0
0
272087
0
277949
18056
201496
0
71698
0
74906
202058
58651
0
35167
51163
251440
0
79360
0
0
0
247938
86025
0
205657
0
0
0
461724
137828
112961
0
196561
0
175462
0
0
0
0
3078
0
193573
79815
0
0
0
0
0
444009
133632
0
0
139333
0
289777
0
0
90040
0
0
0
264586
5327
0
0
10288
280739
525982
0
94879
92401
0
248033
252595
0
14581
0
0
0
49306
0
0
0
0
0
0
0
0
0
262131
66917
0
247150
132529
0
57547
3407
23570
51585
418016
341331
0
350786
0
0
0
386759
0
0
0
302008
0
555066
0
0
0
0
0
0
0
82994
0
271905
0
0
24784
33321
443314
0
517210
324458
0
170075
0
233786
0
149118
324363
357539
178701
316908
26338
309709
0
23907
0
299731
0
563012
0
210460
0
37493
108484
322714
0
283097
597810
0
270045
0
0
556422
0
130096
62205
0
0
176998
290295
317828
0
552491
278673
181711
0
0
0
812421
0
0
0
0
0
0
0
120599
377060
0
125422
139029
28796
111911
329514
0
332805
400287
0
172184
167074
0
678994
19329
0
466218
0
0
0
233134
0
96885
0
0
0
167681
0
0
0
0
439616
124513
311990
356601
0
518397
9663
0
188822
0
0
0
0
0
145094
0
152013
346494
0
0
0
420217
0
86204
0
0
0
0
417596
0
13161
0
0
417451
75029
0
384125
190756
42683
0
0
134969
723896
0
306890
0
0
0
348327
0
123423
0
199844
0
0
0
83902
38883
0
0
0
0
0
158713
0
0
269245
0
12831
359176
0
0
0
205700
324152
0
139022
12953
0
17784
4293
201303
0
419719
288659
401713
0
27313
0
0
469159
0
0
249916
0
201801
619961
0
0
147709
0
298201
0
49881
0
0
133401
0
0
0
417476
0
0
0
366130
0
0
511392
0
67977
0
178685
0
161397
483807
0
0
0
0
0
0
161608
0
311781
230486
0
554441
0
147097
0
0
0
490084
54723
138492
355774
0
0
212522
0
0
0
232483
0
257395
0
378120
0
0
0
87805
0
0
0
184123
0
336062
162625
0
154445
46726
56918
326229
0
481575
0
0
0
0
0
0
261185
0
0
196671
0
0
0
164728
206365
194751
140254
0
0
0
0
0
41864
204696
475032
0
0
107528
0
252020
0
0
7845
475376
251741
204354
385749
0
0
0
0
0
0
0
39259
0
0
0
0
0
0
0
300635
0
551600
0
0
0
0
392032
0
151541
156217
0
471826
371720
232645
262781
0
285344
316354
0
49949
575761
87446
0
394250
0
320771
0
0
0
0
316371
0
0
0
0
0
463150
0
0
263729
0
0
181492
4899
47155
0
559172
0
0
399482
0
193162
383392
225601
0
369156
103998
0
244527
0
394141
0
294097
0
0
0
0
0
368896
163007
0
50605
0
327866
72369
397481
135786
65590
0
0
212675
229832
219278
56717
0
0
0
0
477437
0
456564
0
384743
6826
0
0
155441
0
0
385442
0
44190
6946
348944
0
685107
69445
0
286851
0
0
0
0
342584
0
346182
0
0
468178
0
142958
0
219200
0
446939
0
112834
0
395943
0
0
129263
0
0
0
236425
59811
191205
0
106066
0
0
108814
312303
335784
0
93279
0
232101
0
123678
0
62192
0
0
0
465646
0
459726
0
0
0
0
0
31214
219569
0
106019
0
0
326599
0
0
0
0
67796
33758
194595
400328
0
289397
0
31176
495611
16626
213203
0
0
381799
0
0
0
0
27815
48227
0
0
0
429579
0
0
0
332378
0
0
0
0
0
0
0
0
393310
0
154041
0
311678
307754
0
178180
0
83159
0
80070
0
636211
217379
2137
0
214789
0
57867
0
353539
0
285709
20900
322301
0
0
73421
18058
114689
0
93943
0
430374
0
3495
187600
0
419147
0
407678
17592
0
0
79936
0
415863
21252
0
0
394342
644212
0
125386
0
177567
0
0
0
85561
457872
40159
0
313039
239659
0
0
450172
153689
0
0
0
229096
319967
0
0
475649
0
14220
0
384801
39834
0
316598
280653
0
0
52347
127297
0
220452
0
199208
0
276497
121845
0
311235
361865
0
0
0
0
0
0
0
0
178542
28809
0
668180
16518
243464
496321
268102
115868
152262
54390
0
0
0
303084
0
0
0
0
0
1591
126520
0
123994
54080
0
0
0
38257
34713
1848
379058
89289
0
0
58006
38364
434594
0
0
0
163893
0
0
244354
197059
0
516604
0
0
124071
54048
0
79509
0
268410
155605
0
150268
0
333473
0
0
0
73799
0
0
0
0
264372
108861
0
0
0
81565
0
288498
379299
93261
230812
1550
269362
291735
137396
0
0
0
0
391939
0
333962
0
0
0
0
0
157801
0
0
14406
12803
106713
391880
0
373611
0
60201
58510
716524
0
93436
0
127851
0
0
229685
0
0
167238
0
0
0
357752
0
0
0
0
0
364095
0
78803
0
270905
0
108476
27931
221589
438703
68920
120861
19134
653465
218592
439051
0
84200
14569
0
0
0
0
245461
141175
37023
196776
456058
0
0
123610
0
108698
0
182583
0
336021
406694
0
389774
466009
0
94356
0
422658
314659
0
277012
0
368145
177921
0
0
41700
663736
394547
319515
151345
0
0
140775
0
82030
0
0
100651
86573
0
0
265526
0
361609
139875
394433
0
690381
0
187964
179595
226583
42476
0
0
125992
0
444089
342554
0
0
0
81393
0
0
286399
0
0
0
0
59603
170221
308512
420477
0
272473
631262
298732
330857
394492
0
0
171033
0
0
498731
0
118684
283778
626684
0
481299
0
0
330041
0
16086
0
0
0
0
243772
26047
0
0
746672
449150
275409
0
0
0
0
0
0
98515
353244
37915
0
263693
0
0
315453
0
0
450998
283259
0
0
0
0
0
802033
0
0
0
851063
0
0
82279
0
30219
1140732
0
229757
2033
136117
540431
373485
569648
458568
0
382699
0
433072
325607
372066
254590
538200
0
0
0
236409
433036
145995
19263
657345
0
346454
148499
628595
476351
643971
48909
0
98028
164076
478282
397409
335923
91195
744431
589843
0
510923
0
0
351177
779008
0
0
0
0
267481
102243
0
385637
0
0
328972
704473
386283
113153
0
0
577651
34107
407731
11381
0
703904
490378
0
6098
374014
0
0
223618
475545
0
38380
0
0
0
623622
0
0
0
0
602634
345412
223986
308898
21746
0
112102
382201
244381
0
450323
0
21848
0
33876
0
342577
0
92499
0
0
235437
821640
0
34374
144325
144699
0
0
8537
0
118370
209292
718993
0
297206
331806
233075
81706
0
308009
147375
456642
213095
0
0
0
0
0
0
69356
687070
404096
263009
93975
0
0
0
0
0
15277
0
0
501676
0
0
184223
0
0
0
0
0
872923
397951
2816
0
0
0
0
462053
0
437171
0
126637
381241
0
0
326754
0
0
249636
0
23110
91364
0
61350
0
0
0
174332
0
210105
128277
739187
37813
0
0
0
175558
1037193
0
0
0
362416
484848
0
9204
0
0
105052
110557
259949
0
648428
0
0
0
0
0
0
0
116041
0
860455
148262
293033
100907
0
0
0
0
0
424630
209253
175968
339627
0
0
0
0
0
190871
13377
216758
125980
353415
818840
0
0
0
0
0
0
0
864224
0
225997
0
0
23176
13344
0
5252
377138
0
280054
0
0
374987
0
149767
105806
0
0
165040
400444
179881
0
437548
0
185202
0
0
0
0
0
0
280433
493337
0
0
0
0
117215
352009
0
61600
437741
0
528745
136521
520439
0
0
176671
458873
250154
0
350346
180565
120114
33588
0
0
0
0
257706
446551
167409
0
0
0
0
0
0
0
298893
63587
0
1005861
312448
0
143843
249046
542932
133252
142207
359133
452740
0
169318
0
0
522643
0
59588
0
604856
28292
0
0
0
15212
0
219091
0
248509
0
0
401461
700307
0
203872
415377
0
0
0
140621
298632
0
516953
0
0
858548
0
171171
14844
178141
696701
0
0
0
0
0
0
154780
124118
0
345287
240367
659665
21895
0
548208
0
0
0
42241
253429
496146
318459
75351
0
471798
0
471167
1223722
573946
151407
0
94018
60470
0
0
96792
0
385102
0
333591
0
329669
0
334764
649075
0
0
10871
269103
0
449562
587686
0
262638
0
0
224480
657677
45477
0
0
129271
1019006
37285
0
0
0
454950
140652
0
0
0
0
222995
726066
0
0
361153
202935
241723
0
511989
43611
0
0
299561
580455
497730
0
0
509694
431824
594107
0
304958
0
371413
622747
0
0
0
0
0
95354
34984
0
0
632558
0
0
0
0
0
0
0
724290
667135
53799
0
0
0
434212
306152
0
290580
0
588749
532881
268461
21784
78457
39505
0
5643
0
0
43957
185942
32769
521400
65386
662975
0
0
0
397850
33524
0
0
380676
0
0
367813
0
675740
0
493134
0
127036
148013
301695
0
0
558683
278670
0
0
176348
516531
263489
0
806106
0
44850
395346
0
0
0
252099
0
178709
0
0
0
529194
212968
360965
104301
362246
58450
0
460468
33636
0
175290
0
0
514082
291633
0
0
772881
0
106320
0
0
0
0
0
33486
598133
250545
0
0
193205
0
0
711573
147905
56338
0
0
269025
780467
0
136894
500043
84737
496745
0
275792
319062
0
467759
464586
0
0
0
652153
667164
110978
0
173344
0
0
548007
0
20694
0
0
0
0
221831
440665
0
236682
201962
0
242927
0
243948
0
0
430469
378473
0
0
0
618377
224314
0
0
720726
0
0
0
0
0
0
0
0
0
39240
262266
0
0
192727
110265
401325
0
0
65091
0
0
776977
0
0
0
10062
0
0
0
835914
167779
63386
79011
0
84105
56734
0
0
0
376902
363077
0
0
0
44456
0
0
0
185374
0
0
179644
79317
361132
55549
0
0
255172
107817
278307
145212
819302
559448
401860
0
119552
402266
0
0
231435
0
0
141787
373323
0
0
0
0
0
0
136802
0
0
182764
0
0
828841
0
0
321995
0
243200
1156956
9749
0
0
570300
0
103449
315304
8822
0
82799
900692
0
0
287337
261816
0
79411
286013
0
0
180014
0
0
409955
266501
0
355229
340648
398597
529481
149167
0
541564
105440
0
0
0
445672
401330
22719
593142
0
317498
615717
615635
0
628835
35181
0
0
440482
0
325415
66446
0
0
412217
444358
330913
549612
0
186453
0
0
59140
0
102080
65634
580989
361531
65391
0
822719
915040
828577
468658
0
270593
0
0
396962
0
0
0
229567
23786
211287
81816
68441
341621
103257
127748
53548
151049
341604
274978
0
0
482200
0
96614
180987
0
572663
351585
0
0
0
0
180909
319276
0
0
0
122344
682888
496701
0
0
0
0
0
0
0
0
0
0
435501
542791
321450
366348
0
0
0
0
0
0
259295
0
0
579144
237703
0
0
84538
675326
157003
601974
0
0
248495
533695
0
0
0
0
0
0
0
465838
0
0
0
0
0
0
0
0
0
511659
6933
0
0
0
0
0
501265
242642
0
0
0
340146
0
498770
0
0
0
0
0
172390
184206
0
0
0
174001
626561
382721
0
0
9529
0
815208
449376
136262
0
194646
198628
304937
698433
155232
14302
76095
0
259518
0
0
0
0
170657
0
0
0
0
0
0
0
0
24902
187101
439944
0
0
0
6536
0
77073
0
0
0
229939
29966
77791
739752
399856
0
0
0
0
0
248625
138660
80335
177418
0
115775
0
0
4156
373088
69716
0
29200
0
83920
0
0
207426
0
0
212933
410661
287623
240165
524662
353842
206326
272935
0
28342
18395
0
0
137268
0
0
0
11530
0
0
583283
938385
92691
897908
0
85151
0
0
0
99062
0
8373
0
127878
510953
420112
0
0
407042
0
208253
227811
309007
0
22734
148346
0
362797
0
0
261687
224380
291084
171694
294450
0
284445
0
0
0
0
240669
193797
0
0
181665
0
22003
0
0
0
0
274951
495533
594689
0
449469
476354
0
0
233219
286972
383256
447364
0
0
0
87406
0
0
0
0
0
426691
488122
0
52331
266129
0
0
367389
249102
453661
531194
172905
0
622566
24171
0
0
0
0
0
81155
0
365607
0
0
363349
0
141466
33152
0
145347
451041
601357
97370
0
197150
98565
24326
226444
523850
286744
128893
386309
138868
389177
337779
307039
0
0
141950
32804
0
312748
0
0
224729
0
97004
13462
0
133477
0
0
0
0
138607
0
0
0
0
98247
16071
0
0
460534
780935
712428
640517
246610
0
0
0
15941
0
94150
162982
0
147715
0
0
0
0
0
0
0
0
0
0
505956
0
0
224987
281149
0
201026
171900
0
0
289755
391112
78173
80331
736298
569365
441491
48884
0
279794
124839
0
0
0
0
0
811870
666299
0
0
0
0
0
0
0
0
0
416237
298576
0
0
0
0
0
249262
625293
706611
160159
114371
261169
372654
75030
363411
0
0
0
41001
0
0
259565
44182
0
215436
0
0
0
0
0
241442
664011
77585
0
12402
0
0
0
147449
517922
370240
452995
12617
0
602052
366109
0
352832
0
0
0
122605
317173
180369
221505
0
80272
662265
437737
409092
0
182413
0
0
0
0
30769
153505
0
174232
250569
554364
0
186465
0
0
263426
0
0
0
528381
264702
237358
0
0
205208
0
55304
184152
0
0
0
0
447889
818680
0
0
0
103845
0
387752
813850
56157
0
215196
529265
353025
431776
244590
0
0
16445
0
0
121155
0
0
66976
0
16175
459709
0
0
0
5125
350591
0
0
0
5571
75183
182443
0
154300
0
158038
437947
662235
405366
0
0
580410
328717
0
0
934615
48242
0
29748
21310
253037
0
0
0
0
0
0
0
0
106958
0
169818
0
0
393973
0
0
74966
452310
0
223626
553388
0
0
0
0
0
487326
0
26124
0
0
640991
489734
316311
208450
16186
250067
0
0
0
45981
313356
532699
24596
0
0
0
0
0
0
399333
475906
450435
0
0
89556
0
269963
348140
260622
0
0
0
0
0
0
194361
368209
0
0
0
0
110057
0
59993
585643
224240
0
298884
398533
0
0
261590
41971
54489
0
0
0
0
226732
66573
82491
509250
0
0
42232
877819
169129
173991
0
0
182108
0
0
273522
57090
217725
495924
0
37762
258696
0
0
0
252041
0
0
80431
0
92318
411044
268712
0
0
0
0
72191
572967
349384
428187
156581
0
0
0
0
0
177861
0
0
450373
48460
0
405658
796072
233159
0
0
0
0
0
0
334099
334746
0
0
129593
302418
0
0
0
0
377479
148758
141043
77536
305481
228852
126650
44243
0
0
0
0
0
392281
523339
209472
0
188970
0
0
697246
368886
244836
179381
0
0
584440
208891
0
0
0
119483
248639
45100
0
0
169522
0
247492
0
402842
340164
0
422832
676453
539974
945201
385667
0
0
0
0
72510
259378
192818
0
0
80456
26339
0
0
0
295142
0
0
448766
122543
281448
266019
0
0
0
674551
499526
0
0
443850
543418
501932
206172
0
0
0
0
0
0
0
0
0
0
0
627383
0
0
0
31917
0
152568
307452
526860
0
0
0
0
0
0
0
0
130529
377770
0
0
36099
36975
160576
0
0
0
0
22914
0
123463
0
0
12288
0
0
0
0
0
152606
373645
0
0
0
0
0
164705
597777
686867
0
0
0
93355
394910
0
0
0
0
0
122726
420306
104789
314655
0
0
0
0
0
0
0
366767
0
0
0
0
0
23178
0
161876
123506
0
0
0
0
486568
394060
603480
86570
0
0
377947
374000
15723
0
0
0
53382
181048
0
657183
241357
396821
51767
156620
264792
0
6234
0
0
90386
384071
682786
109181
150610
142752
0
544201
507385
453252
565075
575292
0
0
125676
55818
0
0
66728
57418
0
306803
230921
0
0
211952
0
82721
0
323957
119357
0
0
0
0
321712
168386
0
59713
381032
0
160615
0
0
0
227863
321134
329365
163431
0
211272
66194
0
0
0
0
85086
216096
0
0
95196
236321
0
217079
0
219966
140318
0
0
109850
596652
121796
0
0
618612
515606
0
273577
0
0
172706
82243
102851
258445
0
0
0
0
0
215379
231133
0
0
0
326662
0
741641
152456
0
280902
23203
565973
0
0
193983
0
0
0
144104
333492
0
0
0
0
803947
0
256516
189394
0
0
232017
365949
476961
0
0
0
298211
333611
349013
0
140073
182776
72379
0
21916
0
0
0
0
0
0
199095
0
0
61505
0
134780
63078
465664
57359
0
0
136760
200243
0
377189
313989
0
59965
20644
0
0
187282
54931
0
29183
0
361386
398009
0
0
317068
130672
313065
0
0
191646
0
572180
0
143927
0
0
107615
0
109909
0
0
0
559305
0
0
0
197459
330422
22853
454118
0
0
0
0
0
0
379691
0
531949
164372
0
179233
304399
230576
0
18005
625880
236732
0
0
0
0
0
0
167215
0
0
369992
110033
0
220953
0
383053
68526
238429
779036
0
0
0
0
419267
30947
123617
0
32773
281849
239479
0
57319
509712
92540
334726
207932
34141
247676
0
2806
0
346470
370646
0
51627
31228
334264
438940
224782
442372
501277
56663
0
0
300719
0
59961
0
133403
0
0
0
69938
0
0
0
0
451842
582294
306384
0
0
0
0
0
0
219236
0
0
0
0
199013
302332
0
0
58757
151323
757511
0
0
0
0
137679
0
46766
417933
0
0
313023
29008
518389
140541
18324
159342
0
574572
759463
0
226861
56001
0
0
293607
0
128517
0
0
56648
0
58501
0
0
98890
0
0
206606
328729
0
0
0
0
0
113072
445857
0
242766
0
35571
390780
0
206266
520639
282431
476192
302841
711939
0
0
0
24256
0
313264
0
0
60569
0
66444
113846
0
356109
285629
0
0
0
0
0
0
0
0
0
0
0
0
568933
477314
22582
493623
133517
661923
230139
182917
75877
0
0
0
386227
0
0
0
284507
0
131235
385473
195082
0
0
0
220818
0
0
0
0
0
467406
5889
50551
0
0
0
0
34129
235809
630386
0
313500
0
211388
428187
40845
0
206330
0
0
157769
71245
0
568788
524150
0
344006
114748
201922
177939
0
117829
14957
556052
84036
0
54960
0
293483
525660
0
170542
0
243500
0
453498
0
0
327900
0
334304
0
0
120709
303387
207944
1403
0
141818
0
0
102904
0
282983
0
0
54779
224056
23775
0
0
258573
125057
464781
109081
46670
24455
89835
0
0
175639
3190
201563
0
0
91463
0
440927
0
0
0
0
411214
0
208487
207473
0
0
250409
245475
0
241072
239242
203820
96660
130990
370809
726826
0
0
0
0
0
0
525385
392039
0
37736
0
0
191244
321898
72731
10187
0
406055
317157
0
0
0
0
0
714330
0
0
0
133531
210315
151716
0
241380
294911
0
0
164428
211923
285782
0
0
700912
84109
0
104215
0
685416
27459
0
0
282934
194656
0
0
262531
25478
0
15690
0
163907
152117
61897
122994
263697
396066
161646
0
231088
0
0
0
35709
0
0
0
0
96131
366238
97316
225666
127676
0
96720
402270
0
0
0
361509
0
0
0
721136
0
0
595251
233564
205859
0
105270
0
39180
498883
500342
98896
213033
0
227386
740414
0
0
0
51847
0
126861
73696
0
0
182482
159459
0
0
0
292285
515868
0
0
309515
181087
0
183098
0
0
0
11018
5137
0
149790
250989
67784
0
88509
465423
0
0
0
272681
0
0
0
368155
172310
578059
47743
0
324667
0
0
0
0
360729
0
0
0
0
304334
0
247163
0
0
0
56393
434672
742428
127591
0
114523
0
0
0
0
143096
0
0
0
11277
151550
0
0
71731
144975
19100
0
0
0
331649
136140
0
0
40696
368045
155045
0
0
0
0
242038
0
381602
216806
0
453507
0
0
0
450236
0
0
0
180585
146165
0
242600
6920
205260
0
0
459768
356093
15570
0
18688
307464
0
157176
292051
0
0
159003
0
267950
78532
0
0
1915
773467
163663
345914
515638
0
347838
782201
671868
0
19890
0
0
5790
0
423420
30517
0
0
184861
0
289931
0
0
9252
0
0
0
429175
0
265660
115176
0
704992
525802
133537
0
0
0
630434
61621
87684
225397
0
91814
0
0
9975
282355
0
226492
0
0
0
0
0
0
207721
0
0
184712
14472
0
0
151508
319064
0
0
0
0
0
0
117947
0
0
148598
0
62143
0
238298
0
0
148181
0
136715
0
0
0
0
0
0
213730
0
92732
80305
0
0
64195
191027
3444
286132
622462
110740
279998
0
213239
218037
0
91583
0
0
0
183665
0
7393
0
0
75061
0
329995
0
227929
0
747161
0
270208
479854
545961
0
601279
0
424591
372247
0
0
190921
0
91772
292705
477182
0
0
371936
650038
0
0
0
263104
345507
0
0
0
0
0
508102
125140
0
0
0
0
129605
0
0
0
0
0
0
0
50449
124556
0
10979
0
0
0
0
45179
0
251683
246405
0
402029
39098
601092
213337
0
6444
0
0
0
0
0
0
161335
360758
379224
0
0
242335
324665
572627
0
0
440905
0
0
0
466994
142556
0
192739
0
78187
176721
0
0
0
0
426376
0
0
492478
0
0
452320
0
119360
767957
0
592186
182679
227867
86672
0
0
0
479781
133560
0
0
0
202328
180142
0
0
0
69651
1122809
0
443949
374409
0
0
454157
8583
272423
542686
226123
0
0
2168
337629
146504
45400
213277
414428
655385
0
0
0
0
0
192563
4740
38192
0
206120
0
325765
0
0
489320
211021
31954
0
16557
549717
0
232717
94780
0
0
0
0
312708
412139
180018
0
299017
366816
463548
504396
330478
0
0
251183
554174
68330
0
213483
0
0
0
411298
201393
42949
0
0
0
0
128640
0
281641
0
0
0
13797
346057
0
272121
0
0
0
0
0
159206
169621
0
704912
0
167264
0
399662
484605
0
86122
220063
557939
0
203539
1617
0
0
23230
0
129260
281538
321897
168847
0
578344
0
254646
0
0
763815
0
674823
0
465460
420775
0
0
0
189348
301437
237414
0
419287
56705
0
370803
0
0
238072
0
255175
316819
332600
295271
0
0
0
0
209537
0
897755
358679
0
655998
229899
0
0
0
177608
147796
0
0
0
0
272974
0
268274
263801
0
544503
349373
191211
0
0
534016
0
0
0
0
246886
0
0
187482
187507
366486
0
0
0
718190
0
0
22634
689525
40401
248430
97821
0
498667
615927
0
0
0
0
148015
867127
467332
4049
495998
238726
397967
166152
0
0
212075
0
110522
263831
569034
0
0
0
503235
69972
291990
255369
0
451531
210014
0
0
0
0
0
6383
272406
0
0
0
719847
0
0
758660
646067
75508
0
52975
665137
0
0
199748
193932
23162
314293
0
0
0
0
0
0
70238
199885
106638
0
149047
0
0
0
914761
0
0
0
0
0
0
110267
350683
301221
726418
0
298700
0
0
78758
307438
300726
0
623769
0
615506
317543
343338
0
109947
0
54406
390874
0
61128
325850
275950
0
0
0
176719
334457
499825
288415
0
0
0
345224
143934
0
471334
203578
552614
0
231288
435853
255494
0
258650
0
439195
0
0
137108
318263
376429
0
267774
0
0
798553
0
300440
476810
121071
0
73971
368698
0
448288
0
0
0
250676
0
72162
0
99495
0
1046506
0
0
0
173790
784592
0
56733
7003
57395
828625
0
464673
0
0
0
0
206938
466432
166410
0
0
270977
200672
668579
0
0
338713
0
561283
0
0
0
365926
358870
0
60550
192751
355169
56561
0
673002
286922
34300
0
0
321516
28163
235181
0
78072
709964
0
123158
0
0
0
0
343469
424846
0
278966
0
0
57582
118433
217880
230606
164886
0
0
46570
270813
664135
137514
139420
0
301698
418958
0
0
76630
589662
0
378295
17067
273456
33307
20819
0
319765
0
0
267286
0
0
0
20078
363897
0
0
380659
125461
0
0
0
966608
25428
0
0
514119
301486
0
0
170819
0
0
0
276770
141645
0
0
95236
0
416844
291630
0
0
447490
0
70146
265065
0
132947
529054
696832
184798
404990
237825
0
0
27374
320205
507937
0
230780
0
160463
0
0
0
570717
0
0
640098
0
270951
382303
0
140853
0
81865
108717
0
227324
370932
0
151132
0
0
0
144430
233083
0
0
0
46733
0
553860
514683
443283
0
521377
600895
0
485852
14503
0
0
0
0
170114
0
0
420359
20472
293300
0
651273
41032
0
81309
338929
0
107645
693392
0
0
297727
381256
0
202813
141602
0
562426
0
62146
0
0
134179
89173
0
101050
0
0
92259
230136
0
77067
393164
0
0
253760
0
0
0
0
0
54490
0
267054
0
0
360249
238200
0
0
0
299036
141559
0
144936
25510
159952
605376
343343
144067
381396
370187
277444
78278
149959
0
0
0
214241
0
599710
105725
325277
222932
0
119486
86250
18074
92715
0
176520
323066
0
47758
610596
228228
427795
0
0
794838
59679
0
177392
294354
82949
0
0
0
0
113955
8047
0
432857
0
196226
165826
327249
0
0
0
620097
0
446805
437141
0
317963
295887
0
285621
132525
0
258959
220962
0
0
0
0
0
0
0
0
379038
0
72065
669445
42876
276140
0
0
901669
0
0
0
0
0
595985
0
0
206405
0
238517
0
77186
0
0
0
353464
0
0
0
0
0
0
779756
0
0
0
0
226322
0
0
0
0
0
0
173616
0
0
256000
0
0
359671
0
113633
0
314099
0
50107
0
0
210874
0
153462
0
345572
0
0
28312
244362
295318
0
0
0
284604
661923
328336
244044
124100
21056
430790
351
0
304308
0
238557
0
0
0
0
0
0
0
168781
0
239744
0
0
0
0
0
98093
72575
270217
61829
69926
0
0
0
205112
63117
64953
106783
588650
0
150462
0
44035
0
3926
191284
670471
0
0
0
71314
0
228426
364548
0
302705
0
170220
62563
96856
188305
88688
0
183673
0
90157
97066
0
0
0
0
0
0
31772
341796
198049
390779
358347
0
0
62909
0
419889
184903
514038
380213
311108
23299
373516
628037
0
0
515166
0
250041
248169
0
0
363165
200293
0
70903
155319
0
183487
0
0
0
0
0
213125
423114
289983
0
0
0
0
0
0
0
0
153780
0
0
472402
0
54883
0
0
311965
0
0
0
122369
0
695211
0
0
0
0
85630
268909
0
0
301517
80713
0
559298
0
586654
152226
0
0
0
0
151818
54500
0
0
72272
0
0
365432
83966
359921
0
0
0
301550
401200
138889
87396
77793
0
0
179027
301531
200021
0
47884
26279
256709
0
847290
282541
79464
91107
0
610879
0
261406
565502
0
0
0
2343
567206
0
121730
0
0
114574
46921
176441
163760
0
175938
0
261078
186594
0
0
200196
0
0
376108
0
0
25498
0
0
0
5734
416258
494898
0
0
0
0
267447
322806
283617
0
0
0
0
257774
0
0
0
38461
302418
517148
303689
459336
216586
103196
0
674186
845874
620313
2690
694762
0
0
486584
0
425034
0
777182
71878
248352
418705
313612
480427
232855
0
52924
109587
0
0
0
287466
0
0
3878
0
761055
0
0
0
127593
0
359249
0
0
0
0
238707
0
0
25147
0
0
0
125582
0
157716
140142
0
0
0
49013
141031
460893
49858
0
261416
0
0
0
0
236295
0
0
781028
127356
0
0
0
0
0
0
167493
165896
46845
83381
0
61938
0
0
367326
0
0
185832
0
600777
101578
0
163546
0
0
31034
0
0
0
142599
164254
58566
1010147
211541
0
351753
411525
378447
714552
192902
237712
586620
89028
0
0
0
0
94472
196763
220920
238294
187004
113655
0
0
164054
0
0
324553
482855
0
114633
116525
0
0
72635
380059
0
0
0
0
0
179504
342801
352446
438930
122818
282261
153024
0
287568
0
112359
0
0
0
42599
0
0
0
0
73955
715720
0
0
285644
0
0
25766
283027
0
0
0
24510
0
266134
0
0
191405
0
237115
0
278852
0
367137
194162
0
328162
174528
61495
0
0
0
0
294406
22960
487610
228498
0
0
285653
467554
261351
0
295572
0
222439
0
560253
0
155434
90373
268599
0
0
0
0
226474
0
0
0
354265
0
279110
104632
536598
0
0
0
12381
0
45940
0
0
72031
0
0
100830
277083
0
0
129774
0
286224
666568
0
0
0
0
82073
496216
0
0
0
0
0
45503
0
386274
200075
0
84220
0
114513
916495
0
0
0
78667
0
76802
376320
269245
0
0
0
0
292409
174442
328466
65986
374959
0
0
0
40205
43300
0
244946
0
885213
0
288997
0
0
0
0
648732
127992
113164
0
0
0
212805
223184
5603
0
0
196323
0
172003
0
714461
11489
581975
37069
0
0
690713
65913
0
362369
251727
0
0
0
597483
573829
347334
0
134596
495634
74079
0
0
368433
253164
898530
330678
234002
225330
180774
0
0
346768
0
50518
65178
0
0
131691
195819
0
0
0
0
0
0
0
80563
0
171880
0
0
0
0
0
180732
0
0
4494
342276
208537
296062
147945
0
0
0
546893
376910
0
0
475091
272510
607754
372754
0
776011
87998
0
0
541991
295856
0
0
15453
414896
0
573542
41658
213725
0
0
0
115795
0
0
501490
110434
257470
0
656726
102043
277706
261970
250675
90360
0
0
0
200209
298028
0
0
50518
0
114828
0
255941
0
0
0
0
0
289501
6427
0
58548
171422
216889
0
0
0
0
489779
85738
0
0
440331
0
46306
138142
159216
0
539453
396492
0
366340
380209
447130
0
50024
0
202497
0
0
0
0
0
0
622664
274469
0
118348
220757
0
205578
41769
0
872249
0
55057
0
422686
0
512283
0
0
280108
503262
0
0
0
314882
0
359252
0
134624
18379
253378
0
132029
0
383561
0
184017
65903
29028
814685
195120
0
0
532388
0
314369
250054
104524
113770
0
0
26607
399530
83610
440571
92692
0
139332
79001
216988
380058
0
376675
175704
0
435112
0
0
0
0
0
0
0
0
0
0
0
264605
65273
498782
0
485574
0
315434
0
0
16182
0
0
114512
0
0
0
412334
0
494107
0
273894
58360
0
312491
257972
419911
85899
0
0
621274
0
107688
0
0
260589
0
0
0
3513
101531
0
172630
0
543330
38346
197776
0
183288
0
272651
0
0
0
186184
10130
0
0
0
93020
0
750731
0
537422
259984
1194
156520
0
185366
0
0
177235
0
0
0
218795
147802
262075
762601
0
387751
52004
0
145266
74575
0
0
268641
178902
0
109450
431391
0
0
0
0
184578
0
65574
103916
150885
0
0
0
408545
172469
0
874264
0
197404
204099
129239
41541
81976
502708
191017
0
30260
37772
0
19473
0
336996
0
0
0
0
0
490911
0
0
0
66061
0
0
0
14917
0
0
0
269048
320422
659516
639148
210589
0
223177
63702
390072
23891
0
68115
558520
298216
0
0
58476
0
0
523672
336111
452132
32664
0
162156
662342
0
0
253761
428944
210116
610970
91632
0
341387
0
0
378737
437040
0
28893
318254
518587
0
0
610480
0
0
0
0
107988
170700
502428
0
0
317825
265884
293255
449809
0
0
0
0
0
0
73329
85713
0
0
71496
0
0
0
0
0
0
0
0
0
0
154439
44383
0
0
0
0
0
0
0
0
0
188276
0
0
0
0
190141
0
422356
285152
0
0
0
0
197342
279385
0
0
84784
0
0
374960
83353
0
0
0
601032
0
0
0
0
0
331197
507254
0
0
0
149101
280106
0
200353
54817
393955
0
0
359633
0
114932
0
86810
88748
0
0
0
0
0
0
83736
0
195083
255065
513671
0
0
855553
272121
128519
132079
307150
179982
0
0
0
327603
726664
12222
0
0
0
0
140128
392585
0
0
109329
80021
102353
0
1295
0
0
0
14988
0
247270
519152
0
0
0
0
143954
410968
409525
240638
0
188488
352098
473167
455278
0
0
55161
0
0
0
181862
0
0
105009
0
0
644906
631914
720134
173559
90951
122715
75519
168978
154714
0
0
0
296213
669490
379854
297522
341897
295575
604626
73268
706312
232318
45110
226328
0
254192
0
0
0
0
285934
5397
338489
111683
0
0
42955
0
0
0
0
0
0
0
0
0
0
225538
0
0
38459
0
324779
93511
139821
0
8552
255804
0
349821
95794
374228
167141
0
0
0
0
0
0
0
0
0
301215
601393
99859
108714
0
0
0
0
0
0
117513
615662
426015
387683
770648
0
0
0
0
0
585882
366540
29945
367724
0
114213
163804
0
182234
208817
0
169767
725935
710248
347086
0
723530
0
0
0
0
254069
369950
107982
348521
818015
386974
223609
0
194327
0
0
0
349748
58695
116948
457725
0
657341
590868
196246
543953
0
0
0
552547
415653
0
0
397156
131105
0
0
0
0
642927
813014
247994
627958
0
0
0
85249
180067
454438
448146
240378
0
0
0
0
0
0
0
0
0
50868
0
0
108353
238203
284445
310013
101237
0
0
0
0
47398
11488
0
127916
0
57617
251910
180798
359972
347786
515982
130353
381788
305217
0
0
53707
258165
0
0
349143
34315
0
44109
378373
441694
0
0
0
0
416853
216603
178147
0
269977
381641
222955
0
0
0
0
461533
364393
0
0
258626
0
148101
36416
185250
130809
93085
0
0
0
0
62234
797798
0
122888
56127
0
0
0
37323
0
528583
533486
710474
133576
227805
0
492835
810666
0
0
351850
0
0
0
329472
674822
720807
0
0
0
121978
185082
610603
220477
0
0
0
198707
697748
266704
0
0
132680
121273
676280
0
0
0
337146
710257
0
0
0
0
525151
0
0
0
645766
220111
0
0
0
107653
281143
0
660133
6051
0
0
0
146946
98931
287207
261776
0
418627
25219
195367
505718
766140
200263
37719
233360
330818
0
178903
588269
35304
91135
0
0
203269
0
0
0
233030
333386
366814
0
0
80077
320050
0
276131
0
370061
581603
427386
0
239061
403824
0
0
425601
0
0
0
494710
43389
0
499199
470814
0
0
0
0
0
119370
0
0
646193
0
0
0
0
38385
0
0
324464
375385
0
216131
284268
343216
53106
0
0
0
0
0
112887
179172
302758
351615
490049
213467
350117
215479
330060
42746
0
0
0
202043
496198
281403
240485
0
0
0
14474
0
0
670463
0
0
0
677459
247551
100833
376229
0
0
700283
429057
116651
39762
0
0
512471
83910
0
0
32409
0
0
0
167995
0
0
0
312372
318958
0
0
243334
178485
0
0
0
85034
0
309249
131393
749033
194737
0
0
0
0
387669
339237
0
0
655858
73127
42963
732659
1023690
279124
0
0
0
257548
0
0
0
79333
405516
127936
0
0
0
258014
0
0
0
505899
239217
107776
281036
595943
105260
0
0
75707
109948
217553
0
253951
124463
183369
446360
23085
515378
500022
0
0
0
169569
242512
0
0
209367
267462
0
0
239795
470907
0
0
449825
466767
260014
411526
0
244905
28469
59291
74584
0
173022
614971
153393
0
0
344944
332940
0
0
127531
0
0
0
0
557431
439763
0
0
0
0
0
0
0
25012
0
128391
0
0
150769
0
39474
0
23324
0
0
99248
42194
141197
708762
591209
0
402086
174293
145762
270806
141618
323072
250313
330218
0
0
0
0
0
542963
60802
78785
0
0
165401
15995
250916
0
0
398063
670824
0
180542
0
0
317739
194883
387928
398771
0
0
0
409626
0
178578
0
0
0
763972
0
0
0
0
415174
0
0
0
0
0
0
0
74461
395788
0
17556
241576
379690
0
195480
0
149997
268180
0
0
0
237064
0
0
0
214415
0
0
178831
107384
0
367092
92996
183939
37245
367484
0
0
0
0
0
309134
440059
134499
0
198547
0
198043
1745
0
0
0
0
0
0
0
104893
303750
0
704687
0
0
0
0
328653
76287
248375
128716
0
0
0
232463
0
0
807084
148685
0
0
0
160575
0
0
26871
295590
0
284642
133352
220393
0
0
0
576590
0
697773
505904
56239
273279
45593
274819
0
30054
0
24687
256363
72580
437662
283779
296867
102735
0
0
252793
0
0
203906
0
48184
0
0
584724
0
711241
0
0
0
0
0
479034
9455
215343
562931
0
0
872579
0
318388
0
474451
0
0
187836
0
257037
0
62454
684678
0
338004
0
92523
488046
0
563893
0
0
110856
466224
0
425391
0
304260
378562
343451
0
0
0
175910
130869
0
169240
0
31730
0
218288
0
0
523791
278131
173785
325167
337556
22276
0
227512
0
227846
114022
434931
0
243802
113719
0
270407
220230
115279
0
0
623531
0
658736
100441
0
106357
0
0
101884
0
51111
0
0
0
772352
471908
213748
28324
673850
0
0
222308
0
0
0
0
0
0
0
252026
0
0
200589
232049
255648
434064
0
621627
0
0
0
87657
58890
478472
0
0
0
209294
10196
0
75830
0
15269
550333
280362
0
246750
78054
0
44419
0
623934
845766
0
321414
238544
0
92879
0
31188
0
448661
0
0
89282
0
0
925
0
0
0
0
15691
46654
6533
0
166876
0
77060
483414
7119
91068
0
178499
0
249431
64945
188774
0
101476
19894
0
0
253705
0
0
18893
0
0
0
0
0
691054
0
13014
0
292563
0
0
144813
0
242899
0
0
188592
0
0
0
0
0
298348
0
0
0
0
188347
8314
221640
110080
76628
0
0
0
0
0
287346
0
308175
182522
0
0
0
0
189958
0
0
69515
0
149327
0
0
423295
70682
564108
29543
396140
263845
561908
340585
123123
0
294953
0
0
0
177944
0
0
5943
0
193668
484876
0
140135
16593
64528
0
280739
34373
173176
228479
0
157794
75694
625504
0
388800
0
0
0
0
293553
125446
81745
146893
0
348358
2137
0
202473
0
0
0
129229
0
238479
0
0
122201
0
548370
113794
167475
306278
0
0
0
394429
0
0
244620
0
0
0
340510
146853
0
0
251023
0
0
0
0
433584
28188
0
379224
47532
0
202145
262895
0
0
318791
16396
240632
376772
0
48394
502259
84354
78798
0
202351
0
0
0
0
25568
177915
0
4414
0
0
51894
331936
184855
0
0
199800
0
215501
510795
0
206796
0
0
0
0
281845
40393
236148
280102
185465
0
0
0
512549
0
114537
97584
0
120609
0
0
0
62480
308781
0
70658
227867
0
552496
85784
0
143568
0
162319
0
205956
334777
0
719522
463957
0
308047
0
0
224254
168262
0
216567
13265
0
0
0
67754
0
0
0
0
0
0
54023
0
0
261801
200671
0
0
0
777119
0
69041
0
27563
366398
0
0
402100
0
79336
61743
252178
0
0
18330
0
0
0
0
0
0
276545
321792
0
0
117726
0
295179
0
0
221280
0
0
212875
105855
840373
0
0
0
446697
0
0
176977
66741
90919
204132
146763
0
0
0
0
382725
0
152088
22179
39491
0
0
393560
0
0
0
135326
117448
0
0
0
0
0
0
356425
416960
1170
0
0
0
0
75407
186077
19991
289684
365549
0
137891
109228
0
488225
239841
7766
13423
110185
246137
319934
575501
0
0
0
0
116453
0
26343
40802
0
708423
0
0
102692
68724
0
64157
0
0
0
0
0
0
173282
0
322340
117028
517611
0
9725
485947
0
0
0
0
13336
0
0
0
0
136669
250880
0
357384
0
0
0
487362
0
0
943618
12945
0
0
0
590370
0
308215
0
0
0
0
0
0
45822
204805
109875
76243
0
0
0
179346
116834
136969
0
130644
0
171217
431446
87266
0
0
0
0
0
257040
0
334987
7996
167514
0
0
128795
125846
320851
0
0
0
0
0
0
454791
0
46276
0
0
0
281368
0
0
139019
148772
233801
0
0
345596
0
295795
249910
0
226995
0
400025
0
0
0
162723
25595
251384
0
0
0
0
0
317426
0
265896
161028
0
64203
0
0
434223
453307
0
0
0
0
65192
160929
188410
0
0
0
0
0
33990
0
85207
0
265688
388806
134180
73087
157507
0
303491
0
0
0
0
0
0
0
221546
0
0
0
147920
0
0
0
0
0
0
0
479200
113017
0
475034
41649
0
353533
295560
436999
0
0
0
0
12217
0
488992
0
427135
0
397361
0
3825
0
0
0
0
0
0
124687
0
0
439801
202263
52199
348922
192997
0
690277
0
114687
0
487515
0
0
156068
0
45537
0
0
149840
432324
263628
0
0
0
302287
0
175801
0
211277
0
0
455314
878851
88940
0
463648
448032
42097
0
222381
286456
24173
602150
498972
0
179927
432140
135051
571675
350580
215936
418492
0
120463
365477
0
355511
257219
0
30799
124843
24345
442792
224972
0
0
0
0
84940
34157
0
0
452432
464870
198782
219423
334099
46941
408703
102368
0
0
0
0
102476
0
0
0
283552
68450
145421
0
0
168127
498445
0
0
296154
0
0
0
0
46515
0
80905
0
0
0
0
196438
0
88681
0
0
527851
476802
0
0
0
0
0
394860
0
0
0
0
482399
114056
0
0
0
372850
0
786652
95313
177567
416519
0
0
268673
0
419233
0
12897
0
168291
448068
150421
0
0
0
670477
178441
425285
69902
257709
606164
504066
0
19815
0
374635
0
0
0
0
113803
367768
32442
299978
0
0
0
254729
0
0
0
173754
0
0
0
0
266991
0
0
0
9561
0
0
301546
80002
340030
638229
0
0
398907
505255
0
0
28726
204879
92098
0
32442
0
0
290968
75870
75528
137511
0
160529
0
748587
0
33552
0
0
307164
730056
278621
398309
0
0
153180
106368
376416
301311
0
0
0
0
0
0
99074
27136
0
299382
0
649419
223659
0
0
0
90887
414209
0
0
0
442383
0
379323
425769
0
0
123078
0
0
238389
535771
182248
0
0
240979
0
0
786493
68835
506918
0
561853
385196
0
0
356632
178055
0
0
6635
48711
207057
0
0
0
0
0
0
0
448969
0
696508
245394
0
0
0
299112
231285
464299
194237
451142
0
121799
0
0
0
0
0
0
468313
0
0
692667
197924
154890
398887
584134
0
0
407165
0
375260
0
76656
0
0
0
0
0
0
53159
180917
0
226460
0
93034
0
138970
174665
0
353768
0
298888
0
0
0
0
0
281413
0
747931
312013
182434
182536
587749
1563
0
0
279365
0
0
0
202046
0
191575
0
10236
82499
12195
0
0
251402
417486
0
132733
12073
212380
0
0
0
0
0
20129
660201
216949
447312
0
0
361566
310612
55625
666146
439800
146294
248274
32716
228244
0
0
664910
622530
495073
0
151061
0
35273
0
328685
80872
466541
342235
0
161859
810910
173851
0
0
218414
0
145637
0
405188
185472
0
0
102007
188258
803243
208305
0
164307
0
29024
0
0
0
0
0
0
0
0
154115
0
0
435225
431105
140810
0
0
0
0
444374
124057
265757
102139
0
361765
21466
652001
508656
178905
0
0
0
180602
793214
0
475362
189438
0
0
0
0
0
0
0
670324
110092
120634
0
0
600006
84658
272145
60509
0
0
0
0
0
0
309022
429404
233449
309560
22358
0
690261
315479
443979
8510
474829
0
123217
143696
0
0
0
0
0
0
8065
0
0
0
147747
14071
218732
304329
386554
39535
0
0
0
220563
0
98698
770366
0
348118
174071
0
511157
0
399735
647759
330517
384200
370024
566434
16833
0
0
0
0
0
0
0
0
598847
263672
476399
4576
0
0
0
462327
42709
0
0
0
0
408545
218775
0
310581
158176
138955
0
423406
0
223798
0
316087
449331
0
0
377145
395201
0
0
0
164787
0
0
192788
411187
1621
0
1022394
100842
0
0
168695
304322
275505
559861
125357
0
0
287564
312828
119144
160129
0
137113
60698
171295
0
454058
0
29324
313964
202225
0
53829
0
677271
343015
0
329225
0
0
405078
140007
601576
0
0
0
308388
49464
0
197966
0
0
42049
77265
245613
0
0
314515
217057
247236
0
7582
185327
0
248504
122415
728913
374882
0
0
277322
196460
230916
0
0
186809
253953
443132
0
405932
0
127199
377194
0
199618
292788
77672
90866
0
0
0
53522
0
67562
137886
0
667370
0
85915
526502
355033
0
27652
0
715957
625422
0
0
181754
265884
0
270676
583148
100141
0
0
598837
57745
0
0
0
0
0
24891
104755
266171
259002
159630
0
46806
30153
0
170104
160859
13967
289817
0
102937
0
108469
0
360863
367963
0
0
60767
221083
615186
398144
129901
136718
0
0
0
0
279501
349129
0
0
158131
0
0
0
121719
532157
187283
74654
183396
0
293468
121868
327968
364436
641442
0
0
0
37460
103815
0
163315
201937
0
134766
76876
133914
137184
337388
182357
730815
1965
0
0
258168
342677
351312
0
30207
0
0
369946
239699
0
0
116709
0
0
70649
0
0
0
123041
256451
351018
477047
245373
0
14081
0
352307
0
0
0
0
589361
0
175320
311340
180049
0
0
0
153981
335054
0
0
140459
0
409567
136800
279491
7195
259346
369051
0
0
168
0
0
0
0
0
53180
195421
33340
323716
0
263694
210431
325045
239209
0
0
114966
0
0
0
0
42029
0
0
13841
523827
181234
0
0
6315
0
0
0
0
184883
80641
0
188333
242484
338194
188955
28598
304694
0
0
0
205088
517272
0
0
384692
179501
137904
0
387643
0
0
0
224845
0
0
0
0
0
1234087
483234
208097
324267
124732
8910
648112
263465
92242
293599
0
20959
0
341684
0
185238
102955
0
9863
0
774497
309342
0
278876
21413
193604
550907
352398
0
40477
354247
0
266715
209432
636538
148047
0
273881
347254
0
298335
0
0
0
0
0
104150
507891
187515
49561
318318
0
347571
413474
530605
0
0
428833
0
504883
555632
0
116636
0
97189
0
371546
89633
0
0
0
0
0
0
0
169870
0
0
766182
202777
134458
0
0
199035
519030
0
0
0
0
0
0
0
0
0
0
0
0
182391
211042
156821
0
123025
0
