232 70 236 130 92 2 73 127 165 69 40 58 172 61 26 85 106 11 14 223 151 95 116 248 188 173 205 214 8 133 179 141 254 228 213 112 95 179 188 230 192 250 148 178 146 248 209 145 180 56 201 19 3 45 200 197 137 220 3 52 73 156 146 165
134 89 194 73 115 238 98 132 76 210 85 220 11 167 126 2 206 63 225 146 193 216 220 160 57 1 41 63 178 48 203 114 51 217 11 111 99 192 218 71 4 173 50 200 133 163 32 184 243 142 41 163 44 42 97 57 85 220 154 225 222 21 136 83
42 108 38 171 51 209 77 202 188 243 82 42 53 254 34 221 108 51 232 49 22 168 56 229 80 182 6 212 24 104 59 108 82 57 127 219 56 42 244 220 86 249 42 14 14 75 0 154 220 14 140 4 72 227 92 91 255 141 63 37 235 68 148 48
132 61 232 128 38 91 109 86 7 190 170 191 210 183 191 81 107 128 99 78 226 205 230 74 8 19 173 155 195 54 95 226 51 93 44 138 64 200 73 225 204 252 194 162 203 47 180 119 118 211 200 60 149 166 53 27 10 141 50 166 246 227 12 133
17 30 155 188 159 228 127 10 148 222 5 77 233 79 123 230 220 38 111 127 190 123 100 226 58 195 53 55 68 79 124 181 26 175 253 183 44 246 166 126 88 184 64 142 209 215 200 133 186 203 141 188 13 43 205 228 49 144 196 155 48 136 94 123
50 114 239 99 220 166 39 209 2 18 232 59 220 89 54 161 186 22 14 94 153 204 106 210 255 131 208 139 13 24 86 123 97 23 58 227 74 167 167 233 97 49 63 134 179 54 97 145 84 215 77 127 223 138 132 164 154 190 10 29 54 29 223 78
204 122 162 107 247 241 209 1 244 30 200 88 31 128 217 95 74 221 184 50 196 87 203 124 98 189 235 129 70 3 18 27 66 107 91 180 16 130 18 25 146 178 43 126 151 104 194 250 93 99 10 27 236 161 141 124 227 21 182 128 70 251 209 127
208 173 86 190 252 89 135 51 208 205 99 206 235 21 211 140 90 251 78 174 197 145 232 52 38 117 139 250 29 255 115 213 130 222 156 240 80 201 103 196 241 151 201 225 161 2 113 225 219 197 61 212 150 68 182 83 215 241 209 139 8 54 16 74
102 130 63 156 173 239 156 6 40 48 57 81 143 19 142 90 162 40 191 62 181 47 207 8 132 151 151 59 237 84 166 11 108 184 52 90 43 222 72 242 16 255 185 5 215 220 166 244 215 251 253 29 253 151 108 81 37 106 54 104 185 212 222 40
154 44 251 64 177 123 249 186 10 70 1 245 60 108 141 175 253 60 39 211 164 134 1 176 172 26 3 252 144 40 174 33 33 254 24 170 223 227 11 60 156 67 172 28 207 137 38 201 233 219 217 6 185 75 101 97 26 32 28 76 122 103 93 198
195 146 19 55 86 226 82 135 5 194 43 159 121 0 102 227 21 91 201 118 67 17 223 86 157 58 251 222 95 51 42 236 25 225 52 6 109 71 107 173 141 171 12 63 134 49 226 40 160 176 154 221 109 209 53 51 5 106 183 251 66 218 106 51
75 70 48 171 63 171 236 44 21 151 244 209 187 175 199 42 77 63 62 6 121 112 25 116 152 104 208 1 225 131 127 96 240 68 128 225 167 228 204 184 135 80 35 86 64 7 68 77 81 111 37 224 77 136 246 74 2 28 68 111 227 68 182 11
176 81 167 127 3 77 209 94 158 138 224 2 245 221 156 248 251 125 54 222 70 205 222 217 111 68 124 117 109 41 178 2 117 157 162 185 30 188 251 30 3 115 135 162 128 212 152 29 96 50 193 252 247 122 248 30 126 243 32 155 90 164 29 36
174 117 63 135 183 167 213 71 215 104 246 17 94 254 205 172 219 249 180 213 73 246 156 5 212 249 133 236 22 179 187 243 156 3 71 73 231 186 213 153 96 136 157 76 72 75 14 97 174 218 85 252 199 203 4 145 40 10 124 218 180 250 11 129
63 7 237 141 13 29 170 6 186 6 83 59 20 74 38 101 104 83 7 148 191 254 36 120 129 70 10 64 220 65 133 48 208 132 3 58 226 255 53 210 229 91 104 174 247 113 70 193 98 187 129 209 246 158 125 59 228 62 235 61 133 61 226 124
220 2 18 197 24 191 254 94 111 75 255 225 51 183 130 10 139 91 6 195 36 119 13 71 78 209 159 97 65 200 65 207 127 0 214 214 39 158 68 212 218 217 148 68 205 0 33 170 199 175 196 216 11 178 80 147 230 119 78 14 231 17 163 253
87 205 150 10 154 182 104 178 106 115 175 83 157 69 8 94 35 115 75 192 247 30 182 66 56 199 59 56 7 81 230 20 163 27 248 148 67 247 201 115 111 138 56 148 175 35 153 228 147 11 120 35 75 118 60 116 232 103 194 241 124 18 15 214
184 184 43 88 234 246 120 33 131 70 248 108 85 49 125 120 225 225 167 222 118 170 207 112 3 151 41 3 171 213 243 49 247 134 166 127 41 211 220 56 233 184 151 219 178 135 101 236 160 87 17 166 158 161 13 93 0 110 225 111 216 236 70 196
65 207 8 134 34 0 225 1 126 224 11 72 52 17 95 161 29 251 179 248 22 247 254 38 163 246 116 100 31 97 23 218 254 0 151 117 105 68 185 234 37 226 219 190 25 136 82 249 100 246 2 176 107 83 238 159 195 249 185 87 178 37 141 218
79 11 241 126 108 15 160 60 120 170 255 254 198 59 162 21 13 219 130 218 198 175 141 30 182 210 79 22 254 115 125 206 121 242 71 221 117 93 234 163 155 85 153 201 135 169 200 238 69 150 165 27 81 253 183 201 177 194 167 145 33 10 221 109
239 240 168 165 247 41 209 218 232 58 178 230 102 189 239 28 215 104 72 164 98 59 112 175 73 80 27 183 216 151 146 162 249 77 59 119 254 52 207 241 22 21 68 145 90 181 188 154 125 222 62 185 11 137 90 254 74 32 105 168 129 49 233 62
52 242 203 87 164 142 52 215 60 31 70 108 89 140 144 81 190 186 161 230 63 129 40 105 229 118 186 145 251 27 226 230 23 50 46 56 66 173 108 105 1 218 176 82 181 55 170 67 169 14 238 74 72 43 20 46 115 254 233 75 68 69 63 37
148 82 172 198 112 250 178 98 215 14 19 145 200 83 6 48 231 36 179 109 205 178 120 152 217 61 250 220 13 198 130 43 89 237 252 139 63 65 104 88 121 21 138 155 219 116 56 239 24 253 129 134 105 216 109 249 197 40 42 58 227 202 212 159
95 88 114 121 231 47 163 186 185 100 80 187 170 169 23 167 127 211 67 148 51 182 169 11 223 18 77 167 70 30 39 125 36 156 44 119 148 72 184 46 76 57 14 180 7 98 171 175 225 72 141 200 109 171 192 249 6 136 114 106 43 217 39 165
49 94 101 251 9 246 170 0 94 70 224 76 68 211 250 171 187 187 96 193 132 216 114 171 68 41 105 240 167 37 131 123 73 70 60 98 109 171 189 15 135 113 34 54 235 155 154 246 49 126 32 1 242 62 182 72 213 40 50 22 217 207 23 140
93 231 115 24 59 97 146 0 253 177 153 219 194 229 48 47 145 37 247 232 36 245 199 158 252 242 115 37 170 224 139 115 100 178 96 142 218 139 156 33 239 250 195 163 133 243 5 164 243 73 214 155 75 247 178 52 37 173 212 38 196 214 86 68
19 196 165 214 0 124 215 191 182 240 55 55 232 40 251 50 127 19 242 22 22 138 249 116 239 125 179 27 8 5 47 216 37 194 99 40 110 152 59 22 212 218 174 195 21 195 11 7 164 254 114 33 244 88 19 149 155 227 154 160 56 107 78 207
153 184 60 184 44 251 223 210 63 82 52 165 207 120 53 146 99 158 78 159 77 152 112 231 246 72 59 66 181 152 80 20 98 187 18 212 200 111 188 181 45 37 173 95 119 36 55 146 237 79 62 23 9 106 159 129 110 39 142 15 200 34 134 134
178 60 113 57 251 68 154 42 86 108 1 145 36 145 51 102 178 118 248 190 165 191 203 145 205 230 70 105 242 189 54 32 67 93 217 183 97 227 74 100 231 4 124 225 177 39 31 155 222 77 219 64 114 0 21 154 84 197 124 172 63 44 94 77
37 184 170 207 1 123 105 53 54 189 214 223 114 20 138 54 104 189 185 92 85 46 7 66 46 242 242 6 33 122 122 138 20 157 241 1 75 29 233 20 105 165 101 197 157 20 250 143 204 231 44 240 84 46 113 144 175 85 232 226 66 22 67 82
209 184 186 163 128 43 130 165 115 105 71 215 164 137 242 187 9 229 189 241 151 139 113 139 130 54 100 65 89 79 60 49 107 86 192 160 70 21 82 171 206 133 57 8 24 214 72 5 240 145 184 113 4 137 58 217 25 98 151 109 140 240 251 89
28 183 74 249 221 217 53 104 119 222 170 107 46 187 148 178 21 184 181 33 102 199 206 251 162 60 250 93 140 15 15 193 44 89 124 231 139 242 230 126 228 239 132 182 15 232 112 18 171 90 235 122 18 99 238 3 1 84 221 22 31 132 173 164
239 122 215 179 66 108 14 235 100 210 33 194 200 154 215 108 119 201 71 110 41 200 221 128 121 2 117 154 193 53 19 219 31 189 91 64 205 220 50 121 111 232 203 194 167 185 106 54 179 146 78 53 168 175 99 186 37 20 149 130 117 30 102 12
216 100 145 67 129 13 88 196 47 96 194 34 227 23 229 214 237 234 178 18 83 231 135 31 180 248 54 177 61 140 160 227 84 140 77 140 73 78 168 117 47 158 95 139 81 144 79 182 150 215 225 20 141 19 158 77 206 20 112 188 37 173 28 212
127 96 72 213 32 143 246 64 157 64 110 142 190 64 115 35 212 114 167 249 182 32 190 136 78 141 251 5 95 162 241 109 243 78 255 32 119 167 147 27 128 112 94 97 69 22 94 249 141 132 33 76 81 133 145 223 12 36 162 23 2 79 89 82
218 45 153 104 136 234 219 80 167 217 163 197 205 62 40 24 118 177 33 135 131 207 254 163 230 139 232 7 108 165 90 201 4 53 166 215 152 255 173 91 11 102 184 164 61 254 153 236 168 252 78 211 213 197 127 231 250 9 79 94 145 54 115 230
38 155 177 170 19 174 41 102 166 57 17 229 117 206 150 14 159 222 75 218 68 191 77 56 134 19 227 84 241 9 142 201 32 0 245 141 165 226 199 200 13 0 72 127 154 194 47 190 28 110 80 155 24 88 242 81 70 126 25 124 32 39 119 195
119 50 133 44 68 73 50 210 213 20 242 37 227 160 224 91 90 2 29 121 160 54 204 172 235 13 58 27 134 150 156 46 218 231 192 164 35 233 81 64 113 0 207 168 166 155 127 244 76 232 103 58 56 207 129 99 29 180 149 201 149 85 224 65
162 211 24 110 150 98 102 202 178 174 43 97 49 101 214 68 224 91 154 120 83 193 192 197 105 180 14 231 16 221 28 51 134 245 128 235 154 224 172 227 72 96 104 110 240 42 98 37 201 211 164 116 107 169 18 86 178 109 197 162 165 246 58 194
19 251 222 106 252 125 128 72 5 124 17 36 126 182 94 48 91 9 239 42 88 253 183 42 16 11 41 145 117 117 52 49 155 26 23 154 225 31 201 113 160 165 39 221 244 146 91 193 161 143 83 117 230 60 45 87 227 175 19 27 77 223 254 0
144 175 91 28 52 188 31 5 199 118 148 203 74 135 18 78 83 91 102 68 99 219 165 162 198 176 197 197 122 48 43 233 46 228 47 199 178 195 82 29 227 53 182 176 62 194 45 140 197 69 152 170 27 31 250 4 128 79 26 160 50 98 29 196
142 146 154 242 100 220 188 146 219 198 91 236 72 145 223 62 187 117 210 210 80 4 3 125 100 248 6 53 65 177 214 241 207 117 85 142 205 228 78 101 51 13 189 143 41 100 47 175 178 121 116 213 132 180 138 206 31 128 20 58 201 85 6 101
36 77 110 150 111 175 75 121 171 53 196 147 122 200 11 16 254 253 135 59 72 1 17 2 69 228 232 177 153 17 192 255 130 56 29 196 95 205 156 203 200 171 130 42 38 52 179 7 146 3 183 19 172 3 18 25 50 62 122 57 194 182 220 143
162 134 111 222 255 87 133 82 200 124 145 62 215 142 207 37 182 252 148 121 206 214 43 123 115 53 78 19 31 109 166 96 25 201 130 230 192 69 125 115 241 89 158 116 45 150 145 2 157 155 189 233 99 20 245 130 232 50 99 65 203 153 176 54
5 179 202 231 59 61 66 119 8 3 177 239 87 214 189 91 109 45 121 181 102 200 180 180 157 3 3 85 148 95 248 250 142 124 118 9 225 109 124 215 194 75 174 250 226 235 83 187 50 239 162 102 200 159 254 11 143 143 80 248 10 178 152 241
89 245 63 226 227 9 15 210 64 131 123 36 224 244 77 158 167 35 250 77 231 248 24 211 60 155 22 116 22 248 92 180 234 115 8 22 168 176 33 64 32 230 159 191 50 73 234 92 234 89 85 113 98 211 54 219 160 235 36 123 180 231 38 50
217 239 221 109 130 157 33 15 100 36 186 20 85 35 139 176 164 57 154 192 190 2 216 113 222 76 231 76 52 179 109 143 58 212 140 234 191 250 121 84 192 232 210 4 62 201 98 237 199 195 107 174 24 236 80 79 171 174 207 47 28 244 176 254
32 103 101 14 17 125 78 220 95 145 59 55 206 7 62 154 254 182 197 8 252 73 81 67 162 44 85 41 254 53 186 163 141 6 241 158 55 49 162 199 15 114 143 77 251 110 70 126 18 195 159 143 223 173 213 76 208 116 174 23 100 203 172 147
206 31 7 29 131 150 30 114 29 183 208 54 88 68 69 46 32 6 65 108 0 233 65 90 2 190 3 119 185 41 162 233 33 141 194 252 241 131 105 157 177 81 221 249 170 115 90 209 171 151 103 72 89 59 201 242 241 120 173 144 26 30 146 243
230 22 166 159 119 234 71 244 223 113 225 214 185 114 67 175 12 207 133 99 224 216 64 62 46 212 231 83 134 63 179 232 197 16 11 205 2 116 149 50 149 214 57 185 117 96 229 169 237 250 145 230 30 47 172 12 153 213 173 84 48 50 41 169
157 143 113 73 228 11 26 3 205 211 126 208 114 145 247 160 13 171 124 83 205 182 252 102 158 253 255 64 234 116 233 100 124 2 231 125 115 98 79 120 137 136 247 132 94 170 99 110 66 192 110 29 49 209 60 231 222 145 142 253 135 223 207 112
219 171 91 233 0 189 64 251 45 231 90 164 154 10 30 132 138 200 193 170 179 32 34 201 182 244 191 218 177 209 113 4 239 162 33 244 244 5 44 64 162 131 177 167 115 86 202 240 226 187 195 172 122 240 52 194 144 223 179 143 20 94 239 205
206 76 248 82 100 54 18 191 214 6 56 201 161 195 144 64 104 142 6 150 170 238 217 31 193 122 214 248 181 208 152 86 12 14 163 39 245 188 109 240 36 122 160 114 152 206 250 237 232 21 33 200 123 69 116 130 184 181 234 62 124 84 146 154
124 180 141 182 183 213 11 126 77 207 54 41 30 168 133 139 204 133 54 29 233 50 76 244 81 221 202 85 87 71 215 51 0 30 239 9 183 74 56 159 253 183 4 0 22 35 5 109 104 33 67 231 32 1 14 238 242 154 105 98 194 192 129 159
238 164 137 16 115 122 50 233 93 203 82 31 21 9 131 131 16 229 202 232 73 139 96 30 198 219 169 128 42 126 189 230 75 75 166 139 201 161 172 234 192 17 159 166 198 241 249 156 43 156 108 93 110 81 44 48 35 34 168 10 164 19 143 117
232 222 231 209 151 177 115 154 224 114 219 139 48 40 228 87 83 109 180 42 145 231 17 30 194 172 177 65 14 254 25 27 59 239 238 51 56 92 140 167 145 237 15 202 141 122 227 221 228 54 95 85 56 50 144 80 179 186 219 57 51 207 29 17
54 81 147 167 209 198 65 120 5 216 37 254 84 50 54 253 172 7 224 15 177 117 85 13 231 184 16 48 188 165 201 48 161 44 160 65 46 99 212 228 130 189 143 73 187 69 156 133 216 238 83 111 220 96 19 21 204 42 111 197 28 35 191 36
156 213 60 184 27 90 231 126 253 80 25 78 21 62 35 194 210 167 95 232 161 92 82 105 8 55 144 147 225 101 198 181 7 206 20 0 125 97 211 10 150 69 114 221 69 228 210 157 181 253 36 182 118 39 20 130 74 54 233 60 250 62 248 1
136 33 113 14 1 198 187 240 42 178 122 107 41 74 88 232 147 190 251 152 101 29 150 177 16 102 124 55 50 11 26 244 4 202 17 124 132 154 153 252 68 120 102 110 149 1 83 127 92 154 198 48 56 202 82 77 132 195 114 44 169 245 202 174
223 51 250 97 7 227 71 54 217 157 124 210 66 105 240 197 61 183 69 198 201 205 13 160 134 253 171 175 71 148 96 61 24 49 166 184 146 128 182 244 212 38 217 146 219 73 136 202 78 99 203 248 179 213 23 234 99 27 199 46 113 207 215 231
167 73 210 22 86 204 206 200 61 160 222 36 214 35 32 78 122 244 183 141 163 202 112 242 83 72 97 17 3 255 196 36 9 217 132 84 27 113 233 111 6 175 21 21 176 248 203 83 64 103 247 187 192 170 82 238 176 215 151 77 97 10 174 61
196 82 90 2 120 21 107 113 132 132 58 228 171 254 77 21 170 41 179 177 187 1 7 23 105 194 111 225 38 134 42 229 164 79 233 8 236 226 58 66 200 35 21 217 60 118 60 202 133 163 149 141 199 161 246 10 9 48 225 47 184 229 241 193
47 189 206 129 108 27 37 129 107 21 15 125 28 147 128 89 144 90 96 113 100 115 127 99 140 131 246 23 191 114 91 8 124 211 98 92 31 80 224 250 27 22 140 170 124 22 209 129 250 242 235 188 155 222 238 172 217 94 15 165 226 235 194 82
14 218 180 163 106 200 183 166 121 67 45 195 25 44 12 91 83 4 10 117 245 245 61 111 146 82 249 247 195 98 105 199 230 29 191 217 249 97 67 244 34 23 86 159 34 255 45 132 169 158 178 230 143 78 110 148 247 95 64 141 115 99 58 58
