559786 536494 582370 641865 412417 558590 538793 847241 654156 656079 255406 518239 544241 403858 562657 536976 495965 461185 763604 597285 607155 632736 676000 663683 563434 581316 678724 432077 509096 552235 498290 766284 539434 657881 639711 655288 602525 672223 815833 826119 708883 802671 470366 492532 477119 641362 665857 775999 496544 547590 321243 171055 444105 625901 597556 800902 842100 577913 437682 421130 687356 524538
426882 697662 584066 586501 520863 652430 579793 558289 558259 640817 674965 777245 622081 816968 478736 488449 659062 558081 517009 744596 814362 1000322 662327 438348 99163 467400 457838 674409 471285 518934 595528 486504 517277 501442 379932 462647 754837 836234 584513 765269 679835 637299 606138 655480 492196 500443 746959 629154 744192 520852 546753 553039 481632 470732 464923 355418 519664 541797 777608 801953 765383 473663
445524 432170 601991 608030 720436 638704 437856 664409 852202 665404 423635 605245 829896 497696 724357 778283 515086 505868 637555 590677 766429 505766 604838 529665 618319 527790 555425 340957 396853 557738 499572 490882 358075 735481 771610 630161 451450 948452 848833 732748 780778 622577 479219 447647 703606 582500 662374 834031 729322 589783 560380 490725 423006 493679 581440 742797 507366 644028 688215 736944 424840 581748
473264 796905 775084 670928 649721 432635 517689 516793 291096 606317 834335 670208 767449 682775 637028 564163 545898 348094 470635 678423 804111 895967 567026 713591 499826 605153 661908 516960 334128 453722 527158 578015 512067 419796 512400 735532 651149 692542 773042 866001 599557 616637 691407 820001 641795 542145 666276 667412 739455 824553 415574 593759 800564 641093 428859 532994 677159 527201 345339 589132 546673 500781
631809 587582 816175 797656 864463 886675 337839 435002 812932 391181 647618 513538 449252 681303 820342 562538 468287 620912 605121 709881 650758 698609 879203 585866 760349 715507 491507 338248 289389 333806 404508 267920 454533 787474 639651 572395 599146 712117 400528 420028 610524 536734 553364 644767 717816 758495 762936 853015 582735 533508 549838 509724 633517 735616 775731 709531 497492 521670 601670 379337 698318 701456
728207 700454 778950 964552 874028 396073 703455 381603 677196 657305 548032 804963 698640 448055 658859 740488 620842 464836 587532 675880 865247 714670 707715 675260 680427 711059 698762 405298 317973 510367 546077 612042 508876 672407 663770 683717 502153 622078 756443 808141 562115 596504 751174 739366 546923 532148 655330 745155 680720 500697 677426 819218 667323 597989 771234 585024 915581 668650 473668 500540 369615 500081
578931 651041 694424 778368 943961 761293 525720 516987 394146 573000 582761 354715 592964 585039 566267 651602 596035 713087 636961 629366 713449 563513 534087 434110 683845 895980 530395 689834 494144 507882 390873 472403 602820 684479 472238 504923 498625 620591 593725 655776 740481 811297 580704 467931 747843 883159 986236 909885 695218 771527 533759 628179 885221 581248 644901 674932 533643 558237 424155 510351 707109 821401
577640 624555 773387 844540 718845 579397 608421 508990 444667 401232 643188 676735 481483 578012 745208 636422 830720 402107 676250 719235 778605 481701 489041 557352 528519 364294 804823 655994 685934 475173 623064 527758 622670 699905 558904 827467 753312 745722 385539 839585 714001 564033 797066 706550 628195 618983 782235 1061932 1040973 659599 796080 588408 573673 501732 434182 525337 483815 521278 536336 503983 541289 333952
783062 393616 500033 561191 901640 793304 336696 307592 246806 592149 381569 594457 389667 465958 752309 565016 333323 707765 658835 569077 289491 635806 609927 438585 489029 767847 758626 669956 553819 360336 400727 676624 496021 631550 423409 480671 487481 474004 700379 546761 770554 537356 428246 574734 611532 759822 871460 808116 966385 746542 742514 700906 700552 560679 278117 200656 270643 476167 678435 706579 695596 855800
340117 483442 485252 701198 565469 874460 601961 395366 294843 627158 823905 595926 624168 788559 561193 580286 524875 351207 433002 430038 661324 327823 529864 586288 643177 567596 649927 552233 532399 689256 387993 645117 649474 397971 653987 788777 831613 726291 621398 703222 407707 414800 382209 442720 564008 253780 585379 695999 717174 738464 501005 751026 463561 580643 471872 268193 268949 425646 392566 737572 599567 475108
559414 507787 427749 479431 615855 542658 537050 486150 750776 721925 682141 635455 750310 583476 770460 676256 563945 465221 591706 542180 382743 785179 780912 651153 577999 512952 838492 556874 430418 405959 717631 367095 675456 706820 562371 624132 584393 792356 696640 400408 406559 439424 439448 479626 532053 676475 444019 440071 477572 736068 821762 879796 903456 593078 408552 235509 529527 666029 754371 549064 712861 435384
588818 431968 427311 560132 782822 786438 644244 478963 772567 681814 896482 654235 813436 1017600 800506 658753 648811 756218 502794 680521 704717 731482 485711 526972 774230 771715 588397 579320 632218 570758 730995 829997 549281 474112 520703 796388 999898 779252 687222 593610 509828 543827 496811 493536 365527 248450 349278 448475 727015 698392 853616 807796 865606 600718 481397 476093 162459 422384 592345 870141 633017 551760
368661 590599 761403 426154 408740 534510 655967 503838 725506 412926 403014 618265 670100 626467 742182 863528 649866 505083 513859 809908 849825 691073 715869 713509 504350 539520 324033 637987 600547 660192 489526 418286 645394 473610 579978 613655 936418 855114 529316 605847 628998 505775 609487 706360 666101 550137 529433 651792 505970 852906 919256 1058739 699919 753711 400079 456254 737050 648924 692922 653389 466043 536974
678685 321559 426651 552149 652288 725857 752402 468542 540618 663415 623154 502280 578571 748626 558638 563761 613425 594601 673328 726511 513810 569770 321284 494481 659057 700078 771235 406415 620170 636083 826250 731765 273350 354949 759246 826729 594799 805542 772566 731721 756585 770083 654154 508082 437054 318164 434305 819344 824227 818225 970701 786790 632223 463656 626167 538563 657978 424244 581570 591585 847121 458981
387135 787701 460299 458580 639372 608214 524227 563042 596012 612562 463132 498607 453004 215247 380770 393869 300693 468409 475579 841273 659618 442130 479075 547751 538682 444859 297946 546915 360281 685426 545870 442235 671250 540047 550444 704789 733743 861307 810505 819217 634047 476336 677889 657034 518827 497311 805424 774880 654490 608100 507936 681692 553544 563770 571237 734638 651824 591505 833953 546481 493114 583466
620994 323434 523894 630945 820500 916469 515257 460130 566724 710579 884474 449318 395788 482538 370897 612436 668222 670528 834495 549462 639073 507702 477763 478207 472518 544061 254767 385102 842473 644677 761842 522945 735431 688597 707193 611892 643667 730868 708128 766672 814422 757628 700316 683542 581180 536682 703384 730412 668611 460105 569531 569788 564354 499134 549866 549318 581027 709068 584019 613042 595289 733010
581620 592632 464829 618779 490361 472208 630375 406357 771168 612306 387900 391265 358279 295013 586308 558214 607649 841732 799810 841603 647021 816675 500259 473377 657243 538255 464819 401418 509214 501979 658929 760246 615747 570284 601116 609529 718561 669553 875474 673034 636683 819763 789695 652207 414634 687586 800555 741464 442955 577299 424563 576044 403331 540708 565325 764429 880701 822152 877855 740011 417448 460743
411389 525772 534227 543891 733403 399344 488554 560415 485028 804889 771087 595600 470061 525743 438989 637622 748664 942959 703311 927565 876577 684936 597112 532167 677199 536611 217350 553563 714224 818170 765495 662645 786327 689389 606782 544507 677504 878588 647191 847736 785707 729370 710754 791152 613451 823196 831359 881757 399765 583794 505911 485773 800755 706848 708389 708148 721219 772005 743756 529816 575668 633955
946498 653963 623314 509138 523628 527528 678338 756377 865613 643094 716017 531204 529612 550771 531277 569998 738934 763088 779667 638143 628269 602899 643665 679501 595938 418811 622064 596014 642723 612584 713739 1011354 557627 567969 518042 635469 715116 678394 934323 554471 498270 657766 659265 574023 645412 802165 740143 713290 790568 486350 515046 668217 502258 782586 814680 855153 677033 627711 515292 537136 553648 552641
565584 894437 824180 483046 623607 616217 660840 543701 567543 710745 704055 747902 652911 529877 582065 423111 712160 780938 776229 704333 586191 588037 362966 637736 689125 659841 648520 826124 731111 629618 979747 616545 477814 435611 637103 439088 645037 830395 551833 426471 441007 740225 656398 693149 710550 700476 743059 657999 498540 677926 450122 430194 520698 668599 475386 531359 757655 906349 683784 321412 441033 445891
825609 675377 819603 805888 598013 903472 699086 683630 496832 391175 584366 709820 701676 533016 446551 691798 692038 602301 598420 644024 537709 580115 741698 647046 638914 546003 946782 631228 723226 792483 504778 557311 554929 633169 627124 698650 446432 557698 548898 560765 379891 370477 687632 601856 769608 557238 710348 538162 796835 647147 579308 410414 479289 565616 755794 879332 581468 349461 451112 558011 626694 705810
669619 737716 584441 826690 719843 488518 829998 550998 397916 428989 611360 615742 553220 483221 576035 596079 818594 678720 745601 597964 541729 623644 596191 583828 781931 597297 545788 785136 410035 421318 593031 553183 515538 472390 352006 451578 558620 531140 528159 230368 524205 535716 597354 575066 357925 720019 545735 864346 565138 642169 640343 662479 483589 689310 697687 526580 537578 663702 633240 496606 594141 569444
439906 574317 855758 593295 751689 894763 607637 485230 401731 512902 666717 636294 497373 679832 628023 846093 612276 680130 551096 807783 793575 595232 746609 556781 415712 626784 743545 580544 481982 512750 401324 506770 501840 651811 573430 436807 586253 541061 473966 367635 353951 504292 360839 691852 778264 642732 893039 575728 617698 634212 402488 607163 808206 743958 633839 743507 509890 285883 258979 733253 778724 766633
552523 772256 380210 662032 508580 473786 573629 578553 852321 570730 703601 903440 911119 615331 530965 623959 611994 670256 786630 681652 627393 891129 562877 689924 710357 701718 569807 430814 595428 554976 492051 419386 508758 513145 513473 738794 726381 546605 511707 477600 618914 562781 774607 572588 658102 781981 527036 854011 561443 483025 875718 534592 763254 791459 810877 296163 437109 571326 653198 558045 691967 626282
465698 593604 719378 483853 551981 622636 757012 657144 730346 815446 538582 654277 652941 703548 768470 495359 722518 676155 606354 584347 665236 796035 893420 757804 614536 510988 703398 555185 324749 384727 548445 606255 437809 561995 523757 492502 684334 536507 481030 640009 835641 687616 610165 787923 501364 666049 606624 452073 795590 622294 326957 769057 718921 438584 403584 732090 727389 518551 597031 700829 589203 431716
777112 730396 337052 485488 633527 868956 728758 828334 543201 496659 762343 728579 928139 404905 439983 446944 634362 566543 626722 550921 758739 746726 889813 951360 909071 413008 277520 450948 680412 696005 351964 522957 604633 493077 549478 852015 651108 554747 699094 741421 693807 756547 590237 662247 482925 268254 557909 940202 673936 479311 609590 321401 475450 709901 580256 567116 563307 658770 420766 557659 647806 577027
558578 656279 534810 666682 717989 757431 618925 539640 571231 475250 456584 609337 428483 641798 445291 599636 506685 782253 653787 575891 651948 960907 877656 764285 760100 619093 482170 515398 537451 362796 440997 450096 429042 724557 691718 587859 727683 640237 336648 607993 765699 531439 754470 566798 496284 334234 464809 659019 753685 534899 417831 538280 485169 263077 474592 557143 735449 620144 733839 417917 419392 426980
609319 581552 832733 469332 608321 637951 586732 402065 365240 658366 666019 788496 428371 392098 567734 485087 773628 743466 690802 566598 566638 454832 623854 750725 572463 690794 628155 493220 491574 452603 384259 401243 637460 695863 638373 638184 446028 623787 782825 284491 491509 701506 675388 581890 355532 490219 823739 758746 854698 479711 455106 364353 301175 529795 557421 697880 521665 669309 621880 571405 338457 339223
719403 747661 510845 716317 488198 433000 473005 590169 590282 517688 573913 545615 625036 546568 675608 659149 654588 864660 844274 718932 589268 625816 551247 806842 779694 387678 401013 582726 599464 442458 222144 419327 598920 578343 739289 461044 623317 328878 546982 804757 573649 565904 553751 390287 607675 504076 547537 782553 671259 850905 560540 362765 305652 402906 614831 544410 635452 720043 606491 454495 522893 668883
637385 749483 749965 637980 696322 619179 402225 461461 651583 936715 785297 561560 578988 703259 485318 626247 649533 909629 601157 454146 515446 596487 659748 580894 650824 704929 570253 355511 386007 302967 492795 440617 538479 708937 556486 498448 544470 872456 723788 641721 760730 597476 578957 682847 423551 648046 676989 621707 828040 618822 649346 501603 283429 690873 505575 397102 441919 699121 754777 497307 503394 518971
749489 888572 880484 723134 374550 453356 586728 787101 644478 553932 555869 859293 753513 885441 668588 560933 742235 665329 644081 649845 680020 883836 755245 538747 540965 360176 569369 484150 405731 387257 347282 526462 488153 775310 590033 686063 722454 565275 666397 806164 736165 765917 461992 666968 690534 510519 424906 575712 852795 629485 396793 398584 715666 451925 542099 440237 421246 409356 530049 585984 671139 681216
780108 624321 632775 675736 502352 521035 511396 693492 499489 774051 650321 537187 751504 628570 835785 781031 763529 800037 387906 468492 794466 846662 705884 511939 690961 759969 649738 513985 324099 567526 605861 680889 436852 508974 727324 723702 580109 741696 653499 743430 778109 756156 672626 571978 602933 535597 531814 680750 658386 775208 671505 416664 444170 659866 414967 313740 502514 531626 545805 350020 471806 490458
656193 557272 691549 444743 420593 647036 640077 561734 688073 378579 739171 651457 794121 691063 670873 694655 816520 514710 649407 758747 633415 602654 758032 657438 384111 707358 575777 539089 570818 700474 708224 651848 644121 643013 517780 509609 773701 595495 419934 516131 647308 700718 590675 605659 469488 528045 608435 854332 753030 385231 391350 397094 649441 561698 803411 406025 258087 543327 460038 418471 212981 520729
584074 612310 455065 578464 690892 641582 745022 466777 641224 770734 709993 715578 565474 414095 650329 629354 838871 782355 488194 463410 831454 826986 641056 757351 975427 560326 595794 436516 706098 657625 855975 524204 550251 423652 704333 689389 685296 687225 603835 352762 422683 572160 607469 440344 579970 827969 768912 837520 756007 761327 499591 707927 656121 753353 559953 756046 560869 262912 442059 444588 487846 400408
535219 577534 737128 608332 607852 667484 542063 678504 567954 490272 673285 712824 541042 517045 415916 593167 641011 719818 750809 828879 657801 693925 649104 503855 656078 569768 596607 572977 614277 704261 587501 617738 442245 740886 731332 751320 820493 777587 519643 484940 393082 418081 438420 673266 561275 672908 720976 796050 444818 550599 549604 560311 477669 798133 892519 327996 358485 439816 390486 254723 307797 535036
527599 555492 423262 521812 507832 600527 619199 700725 611736 747214 722414 790129 720989 480334 551017 550548 443146 425916 400106 707047 618784 695155 823151 723077 775989 458313 502268 316433 679681 683747 522533 380964 753071 775657 854048 753987 817290 856378 371248 255459 335416 565077 789477 709518 688458 803648 705808 777246 703690 719897 473524 569353 798075 676209 646953 638580 364450 562744 517974 587937 500044 651203
688368 569350 472109 443635 493527 558283 658425 650092 740843 343248 648485 571504 699153 658210 524893 473412 660960 553528 693522 478161 724204 732675 751476 516318 459641 490922 566116 708282 522129 500353 598422 557456 633144 848223 682226 902488 777847 819031 788101 416946 402390 459327 604276 738875 718478 561895 471701 625602 651183 608306 540500 545384 526328 625221 358347 563164 611383 622810 670853 539781 696266 564327
425682 752723 606289 545963 610926 570927 653896 616084 335425 526506 292537 538059 803012 668884 610160 370259 363386 397161 552441 576018 680234 899127 661238 590354 196054 387721 270235 678489 490321 483771 390900 707495 696659 658480 612471 752885 739372 674879 536944 539553 498147 576817 787549 769544 760055 514123 794878 782965 775482 598121 451920 614163 578022 454851 483880 517809 819348 641123 541497 643021 560178 943120
824142 547028 554745 455302 564698 486484 351435 605064 594499 448804 576293 578687 460977 509028 390403 441713 634322 447267 497300 595549 759454 767077 661162 575245 634639 629362 742521 598471 475756 309153 485419 521526 607921 713530 775542 719293 902260 696895 639781 599520 504143 630388 783537 736788 527696 590152 470058 736320 707925 627878 750127 468489 379952 441203 623501 548352 475416 437304 514258 711996 741416 382475
687040 704284 667741 856932 601307 619754 664954 526869 708289 604666 460296 647703 498079 618518 484511 448671 503079 645048 672217 652897 593276 527835 476364 480899 569052 562166 398601 405862 470999 730863 588523 874514 478640 494294 608756 868219 680190 597317 632866 446023 544134 516103 681362 775879 460376 510234 672725 701587 704250 588146 546358 689480 720332 417747 616048 618722 469162 428073 192930 474261 603970 669405
546253 630742 458399 612057 695019 559297 492280 717754 597310 727757 707911 636724 703305 399706 370730 513081 865451 765282 443727 317575 374592 424989 392669 646062 600911 830358 762360 713287 529514 572564 929043 716881 560260 438016 667599 849074 687162 669874 504005 662367 730523 666274 514939 369409 382873 544788 579647 555758 494881 598907 620894 491928 421814 529071 240472 375495 283773 329049 573278 472161 531950 589425
632459 663934 777187 883731 731297 663552 667014 648235 852702 625610 664593 679459 597405 661793 699148 708133 821470 782777 678642 499281 457052 285011 364578 643070 717681 472491 362909 218558 586279 847138 787425 570002 475262 692663 652034 936278 775161 622173 621927 636451 562328 518606 553926 345933 494345 409004 556200 426976 725948 556812 876157 583465 439987 502214 700562 534507 563017 296304 480595 685525 786104 546378
421161 780888 898955 625081 530249 398604 568240 508418 365298 496338 876428 708485 787643 554456 546215 746251 733964 588036 646782 629487 407020 544726 490630 487995 548585 400553 430192 564831 536154 674058 882499 851593 519552 572925 593659 528606 755323 636880 885086 816446 753303 592028 583139 694198 680471 559414 529255 564935 576004 840500 530469 525342 701810 539881 599022 293539 508723 467105 644807 691450 683866 733335
730552 790210 675747 883656 535965 354818 383813 550705 593999 695708 456071 760412 913294 736140 519931 594387 712903 719356 680640 811291 960072 667386 556086 493906 332939 375221 331458 326941 655673 849394 632170 650122 708362 408801 598642 602229 655836 621927 516416 535453 662643 865022 784542 646456 451520 718261 492590 743240 749732 607039 750840 607213 668510 596601 702741 822721 636166 685183 323004 763018 804611 801298
730628 1014224 904515 459524 411654 508971 282122 332762 315951 461609 789091 577400 529930 664477 677763 543093 616175 459759 855440 832975 555340 735352 685607 735687 421376 430984 436329 602809 509576 830508 871934 638252 499302 565694 610681 846378 704243 653414 542470 806105 763563 883881 663258 546480 830579 632697 820198 699956 779996 714987 570731 717373 585827 896641 485222 681595 625583 688655 729443 497692 524073 764337
689472 550239 569890 552008 302933 296080 598351 531362 600421 422180 358163 537044 729643 467786 620866 717171 748701 832186 672308 559693 926054 433074 645135 485339 665664 325218 364426 553954 712936 625035 667115 850296 551904 558316 652126 709058 532363 452071 629136 569994 639915 578281 595181 644581 593373 734624 630852 691375 547662 691932 511199 784347 744213 654507 747570 741669 878061 506118 429021 640659 793899 813377
710141 417801 300781 476442 565618 538681 288657 453492 383292 647167 596967 257851 337634 464618 643108 546195 442927 319713 725465 494335 437432 610691 557002 454804 476601 532046 575274 456973 682381 583983 738402 463280 686709 759818 846774 868309 885568 693336 464024 716794 760492 703396 829476 625921 632390 573886 617875 911964 776713 644162 654761 491791 672645 557712 806780 820446 848814 618050 570047 461835 541511 678059
437089 355531 504860 479656 519938 617748 597152 855808 756568 543873 650997 691363 481648 329908 470307 564691 584085 720109 378345 818828 683586 531071 259873 522372 380676 672150 616270 548533 588628 709689 724182 795315 520612 592800 741335 538106 355750 637004 682495 426649 725212 758988 612150 756139 573277 668465 748601 680778 819043 758415 689549 645383 603032 754073 683368 585558 795510 767753 424175 318483 514513 637498
617346 440962 397421 692161 558465 432854 426942 457673 881607 877960 701502 597039 475432 666820 495685 479103 339299 503529 601489 590376 731621 682004 531814 546094 831817 704767 650523 594146 701688 778858 878931 423247 370136 699260 728698 750200 612454 434512 592850 734718 551966 863205 872187 654805 700754 627959 751771 757880 672781 747869 334990 302849 529951 565536 813399 1017268 816218 658023 669070 547134 447949 773946
662882 565416 783545 505864 520675 476932 787623 881256 655275 874215 722945 774855 647926 383977 419316 579115 684204 731822 767245 823851 832802 392932 517533 753105 957295 878469 871960 702390 784849 671859 643028 542246 737443 393245 624901 681488 493257 395232 403518 569888 853288 636458 692965 680826 504601 709469 809537 1002084 904632 715721 716493 652214 485336 767295 578107 713323 833856 950369 641151 535196 437327 553123
656319 741486 505368 660694 338864 404974 301552 877292 655208 523565 692252 622497 616870 788267 631190 498816 641789 587431 528470 645196 755423 977061 696028 723076 903776 967048 864093 949774 770390 683978 705267 444264 204701 672158 725415 497742 655524 505123 655906 641424 589551 787673 677202 551777 795257 889432 903732 810783 733689 480406 456881 673175 514392 596096 687975 905851 832836 808409 688479 566700 764436 773729
853896 617690 727458 553467 594493 617095 634875 443334 605977 677767 496051 548159 444963 445647 559782 699750 635890 659766 557023 757934 660112 288400 753689 772235 883195 1005201 837932 724167 661144 589489 384840 342819 485726 412531 828626 729057 531874 467306 378804 754740 805280 588112 452353 456464 501797 604632 749272 627618 522890 614571 674402 597584 476432 365050 675840 924225 965316 651864 596321 471900 668263 796086
757860 792278 585235 519046 374761 412406 559872 863769 455163 436392 396672 502004 472523 542318 617971 483042 505882 559178 818905 640014 654126 808271 398063 700147 857758 802507 771108 582574 704456 632652 580416 391808 432997 424277 665476 689521 752101 721743 948254 779128 434726 420515 540730 614877 733541 947956 872189 604509 396853 562628 479841 453536 339152 525573 550235 552022 523627 625688 593015 528295 523670 547559
875293 726116 824547 772422 680275 666688 516138 755945 695603 528274 444913 267189 433909 600558 577097 701193 638770 661749 429671 615186 618107 436251 563106 657925 848659 810784 497369 383167 564556 795721 319971 240484 518045 855933 664041 497168 522750 602326 739773 720399 832803 534892 432159 637803 604474 572789 646656 757559 495473 374509 569062 375698 194016 282316 544315 654950 804812 583298 634898 407476 690795 598049
704607 689522 596858 714961 709538 587551 684106 518866 703803 618761 415401 432150 404786 373458 594611 628830 659930 594709 763993 612223 518998 420857 413381 644202 934077 589965 327621 599167 550963 679371 645436 620726 603904 501184 555502 498766 573171 756804 925008 927357 473178 744671 637159 698451 877689 840389 838179 567197 745161 607489 425181 529707 595963 297521 334555 463189 580748 434590 472374 616792 232243 413212
852988 825975 788970 720988 490223 661536 613111 886375 614582 688832 439002 314042 234881 630370 608086 575989 780031 528824 656949 695744 664813 331260 478257 545407 410209 528051 626716 599805 832972 509404 592882 366998 661549 658001 272489 313674 584555 730932 660346 622796 697922 440857 743750 637918 679081 878133 957801 936371 694145 586311 571701 511566 306280 280875 509350 490571 579644 771730 525445 441563 757203 442916
394933 554571 431002 462248 721295 697110 839529 492632 492413 547254 524342 429363 246012 481205 817086 870210 576822 906189 715105 576382 460010 432135 404352 532538 549801 479522 511135 464955 577971 544131 434099 693255 339100 451461 402088 438369 656418 623614 892751 655572 583812 691737 466197 731730 566256 490080 650743 812071 661118 753287 553772 468691 468458 481679 296085 500747 700593 529729 710042 410917 754240 663577
717291 468361 567518 446171 528084 863791 481164 786389 695570 492775 462127 433721 348308 656725 819276 820174 778283 654890 694488 718853 716430 559126 348992 488316 566266 676145 634973 573767 462409 747798 441642 443401 318382 473814 497718 636045 631070 843037 632852 752798 535024 536259 811299 556517 685222 666536 696308 739858 739227 544152 727666 835157 555129 422986 521874 675884 401737 541214 635432 704317 751648 907993
646513 496928 356810 386446 576986 792842 940151 616631 592400 806389 537664 457125 609592 446300 507463 694415 714416 997137 816648 716877 489905 696763 710950 716180 483436 557956 338699 299617 381852 572892 527784 261427 577599 660629 536621 490410 586022 844180 913253 418463 570012 530549 491900 494734 654215 745964 566249 450343 612076 872974 791193 728314 641594 714435 538826 664451 853550 616582 489205 598522 712947 769902
698149 486609 436364 394054 619038 545149 430392 691269 758891 495032 788163 618481 620495 718553 554516 601390 657320 570912 797164 882871 638601 417125 331750 479204 723520 646533 580247 698051 555018 448650 394673 655545 476368 609061 592131 594098 889921 693687 531466 755275 424055 373544 656123 835232 597902 514355 612568 629276 704373 794939 888546 848377 774167 785112 717651 495295 356080 574654 558230 404018 869686 853753
520962 636629 586532 369340 530546 513462 609210 549356 427985 597411 476150 699293 414864 385708 506930 455732 759075 684066 668981 496961 532930 484432 631868 631994 530695 732595 414101 405021 629482 761292 419585 305243 809550 575194 601099 445751 378533 689725 865522 411033 293380 479819 418584 648442 589351 755611 675679 674689 813505 946034 959213 829038 915050 671294 746151 719162 841057 446014 551707 753638 798271 834869
615010 681671 531756 446420 431276 632752 629351 519689 413485 396331 518966 696073 544038 377355 341063 457798 352810 374559 529512 746825 691088 443346 371350 533318 768884 591389 984898 702723 572114 363727 696486 889727 584302 606559 586077 795478 911727 619290 464333 575478 335312 352563 610874 439548 631750 588488 706465 807951 847761 806937 817959 901573 775706 724320 643516 514472 468187 595276 599956 754124 788729 651838
