906496 924928 943360 961792 980224 998656 1017088 1035520 1053952 1072384 1090816 1109248 1127680 1146112 1164544 1182976 1201408 1219840 1238272 1256704 1275136 1293568 1312000 1330432 1348864 1367296 1385728 1404160 1422592 1441024
1496320 1514752 1533184 1551616 1570048 1588480 1606912 1625344 1643776 1662208 1680640 1699072 1717504 1735936 1754368 1772800 1791232 1809664 1828096 1846528 1864960 1883392 1901824 1920256 1938688 1957120 1975552 1993984 2012416 2030848
2086144 2104576 2123008 2141440 2159872 2178304 2196736 2215168 2233600 2252032 2270464 2288896 2307328 2325760 2344192 2362624 2381056 2399488 2417920 2436352 2454784 2473216 2491648 2510080 2528512 2546944 2565376 2583808 2602240 2620672
2675968 2694400 2712832 2731264 2749696 2768128 2786560 2804992 2823424 2841856 2860288 2878720 2897152 2915584 2934016 2952448 2970880 2989312 3007744 3026176 3044608 3063040 3081472 3099904 3118336 3136768 3155200 3173632 3192064 3210496
3265792 3284224 3302656 3321088 3339520 3357952 3376384 3394816 3413248 3431680 3450112 3468544 3486976 3505408 3523840 3542272 3560704 3579136 3597568 3616000 3634432 3652864 3671296 3689728 3708160 3726592 3745024 3763456 3781888 3800320
3855616 3874048 3892480 3910912 3929344 3947776 3966208 3984640 4003072 4021504 4039936 4058368 4076800 4095232 4113664 4132096 4150528 4168960 4187392 4205824 4224256 4242688 4261120 4279552 4297984 4316416 4334848 4353280 4371712 4390144
4445440 4463872 4482304 4500736 4519168 4537600 4556032 4574464 4592896 4611328 4629760 4648192 4666624 4685056 4703488 4721920 4740352 4758784 4777216 4795648 4814080 4832512 4850944 4869376 4887808 4906240 4924672 4943104 4961536 4979968
5035264 5053696 5072128 5090560 5108992 5127424 5145856 5164288 5182720 5201152 5219584 5238016 5256448 5274880 5293312 5311744 5330176 5348608 5367040 5385472 5403904 5422336 5440768 5459200 5477632 5496064 5514496 5532928 5551360 5569792
5625088 5643520 5661952 5680384 5698816 5717248 5735680 5754112 5772544 5790976 5809408 5827840 5846272 5864704 5883136 5901568 5920000 5938432 5956864 5975296 5993728 6012160 6030592 6049024 6067456 6085888 6104320 6122752 6141184 6159616
6214912 6233344 6251776 6270208 6288640 6307072 6325504 6343936 6362368 6380800 6399232 6417664 6436096 6454528 6472960 6491392 6509824 6528256 6546688 6565120 6583552 6601984 6620416 6638848 6657280 6675712 6694144 6712576 6731008 6749440
6804736 6823168 6841600 6860032 6878464 6896896 6915328 6933760 6952192 6970624 6989056 7007488 7025920 7044352 7062784 7081216 7099648 7118080 7136512 7154944 7173376 7191808 7210240 7228672 7247104 7265536 7283968 7302400 7320832 7339264
7394560 7412992 7431424 7449856 7468288 7486720 7505152 7523584 7542016 7560448 7578880 7597312 7615744 7634176 7652608 7671040 7689472 7707904 7726336 7744768 7763200 7781632 7800064 7818496 7836928 7855360 7873792 7892224 7910656 7929088
7984384 8002816 8021248 8039680 8058112 8076544 8094976 8113408 8131840 8150272 8168704 8187136 8205568 8224000 8242432 8260864 8279296 8297728 8316160 8334592 8353024 8371456 8389888 8408320 8426752 8445184 8463616 8482048 8500480 8518912
8574208 8592640 8611072 8629504 8647936 8666368 8684800 8703232 8721664 8740096 8758528 8776960 8795392 8813824 8832256 8850688 8869120 8887552 8905984 8924416 8942848 8961280 8979712 8998144 9016576 9035008 9053440 9071872 9090304 9108736
9164032 9182464 9200896 9219328 9237760 9256192 9274624 9293056 9311488 9329920 9348352 9366784 9385216 9403648 9422080 9440512 9458944 9477376 9495808 9514240 9532672 9551104 9569536 9587968 9606400 9624832 9643264 9661696 9680128 9698560
9753856 9772288 9790720 9809152 9827584 9846016 9864448 9882880 9901312 9919744 9938176 9956608 9975040 9993472 10011904 10030336 10048768 10067200 10085632 10104064 10122496 10140928 10159360 10177792 10196224 10214656 10233088 10251520 10269952 10288384
10343680 10362112 10380544 10398976 10417408 10435840 10454272 10472704 10491136 10509568 10528000 10546432 10564864 10583296 10601728 10620160 10638592 10657024 10675456 10693888 10712320 10730752 10749184 10767616 10786048 10804480 10822912 10841344 10859776 10878208
10933504 10951936 10970368 10988800 11007232 11025664 11044096 11062528 11080960 11099392 11117824 11136256 11154688 11173120 11191552 11209984 11228416 11246848 11265280 11283712 11302144 11320576 11339008 11357440 11375872 11394304 11412736 11431168 11449600 11468032
11523328 11541760 11560192 11578624 11597056 11615488 11633920 11652352 11670784 11689216 11707648 11726080 11744512 11762944 11781376 11799808 11818240 11836672 11855104 11873536 11891968 11910400 11928832 11947264 11965696 11984128 12002560 12020992 12039424 12057856
12113152 12131584 12150016 12168448 12186880 12205312 12223744 12242176 12260608 12279040 12297472 12315904 12334336 12352768 12371200 12389632 12408064 12426496 12444928 12463360 12481792 12500224 12518656 12537088 12555520 12573952 12592384 12610816 12629248 12647680
12702976 12721408 12739840 12758272 12776704 12795136 12813568 12832000 12850432 12868864 12887296 12905728 12924160 12942592 12961024 12979456 12997888 13016320 13034752 13053184 13071616 13090048 13108480 13126912 13145344 13163776 13182208 13200640 13219072 13237504
13292800 13311232 13329664 13348096 13366528 13384960 13403392 13421824 13440256 13458688 13477120 13495552 13513984 13532416 13550848 13569280 13587712 13606144 13624576 13643008 13661440 13679872 13698304 13716736 13735168 13753600 13772032 13790464 13808896 13827328
13882624 13901056 13919488 13937920 13956352 13974784 13993216 14011648 14030080 14048512 14066944 14085376 14103808 14122240 14140672 14159104 14177536 14195968 14214400 14232832 14251264 14269696 14288128 14306560 14324992 14343424 14361856 14380288 14398720 14417152
14472448 14490880 14509312 14527744 14546176 14564608 14583040 14601472 14619904 14638336 14656768 14675200 14693632 14712064 14730496 14748928 14767360 14785792 14804224 14822656 14841088 14859520 14877952 14896384 14914816 14933248 14951680 14970112 14988544 15006976
15062272 15080704 15099136 15117568 15136000 15154432 15172864 15191296 15209728 15228160 15246592 15265024 15283456 15301888 15320320 15338752 15357184 15375616 15394048 15412480 15430912 15449344 15467776 15486208 15504640 15523072 15541504 15559936 15578368 15596800
15652096 15670528 15688960 15707392 15725824 15744256 15762688 15781120 15799552 15817984 15836416 15854848 15873280 15891712 15910144 15928576 15947008 15965440 15983872 16002304 16020736 16039168 16057600 16076032 16094464 16112896 16131328 16149760 16168192 16186624
16241920 16260352 16278784 16297216 16315648 16334080 16352512 16370944 16389376 16407808 16426240 16444672 16463104 16481536 16499968 16518400 16536832 16555264 16573696 16592128 16610560 16628992 16647424 16665856 16684288 16702720 16721152 16739584 16758016 16776448
16831744 16850176 16868608 16887040 16905472 16923904 16942336 16960768 16979200 16997632 17016064 17034496 17052928 17071360 17089792 17108224 17126656 17145088 17163520 17181952 17200384 17218816 17237248 17255680 17274112 17292544 17310976 17329408 17347840 17366272
17421568 17440000 17458432 17476864 17495296 17513728 17532160 17550592 17569024 17587456 17605888 17624320 17642752 17661184 17679616 17698048 17716480 17734912 17753344 17771776 17790208 17808640 17827072 17845504 17863936 17882368 17900800 17919232 17937664 17956096
18011392 18029824 18048256 18066688 18085120 18103552 18121984 18140416 18158848 18177280 18195712 18214144 18232576 18251008 18269440 18287872 18306304 18324736 18343168 18361600 18380032 18398464 18416896 18435328 18453760 18472192 18490624 18509056 18527488 18545920
906496 924928 943360 961792 980224 998656 1017088 1035520 1053952 1072384 1090816 1109248 1127680 1146112 1164544 1182976 1201408 1219840 1238272 1256704 1275136 1293568 1312000 1330432 1348864 1367296 1385728 1404160 1422592 1441024
1496320 1514752 1533184 1551616 1570048 1588480 1606912 1625344 1643776 1662208 1680640 1699072 1717504 1735936 1754368 1772800 1791232 1809664 1828096 1846528 1864960 1883392 1901824 1920256 1938688 1957120 1975552 1993984 2012416 2030848
2086144 2104576 2123008 2141440 2159872 2178304 2196736 2215168 2233600 2252032 2270464 2288896 2307328 2325760 2344192 2362624 2381056 2399488 2417920 2436352 2454784 2473216 2491648 2510080 2528512 2546944 2565376 2583808 2602240 2620672
2675968 2694400 2712832 2731264 2749696 2768128 2786560 2804992 2823424 2841856 2860288 2878720 2897152 2915584 2934016 2952448 2970880 2989312 3007744 3026176 3044608 3063040 3081472 3099904 3118336 3136768 3155200 3173632 3192064 3210496
3265792 3284224 3302656 3321088 3339520 3357952 3376384 3394816 3413248 3431680 3450112 3468544 3486976 3505408 3523840 3542272 3560704 3579136 3597568 3616000 3634432 3652864 3671296 3689728 3708160 3726592 3745024 3763456 3781888 3800320
3855616 3874048 3892480 3910912 3929344 3947776 3966208 3984640 4003072 4021504 4039936 4058368 4076800 4095232 4113664 4132096 4150528 4168960 4187392 4205824 4224256 4242688 4261120 4279552 4297984 4316416 4334848 4353280 4371712 4390144
4445440 4463872 4482304 4500736 4519168 4537600 4556032 4574464 4592896 4611328 4629760 4648192 4666624 4685056 4703488 4721920 4740352 4758784 4777216 4795648 4814080 4832512 4850944 4869376 4887808 4906240 4924672 4943104 4961536 4979968
5035264 5053696 5072128 5090560 5108992 5127424 5145856 5164288 5182720 5201152 5219584 5238016 5256448 5274880 5293312 5311744 5330176 5348608 5367040 5385472 5403904 5422336 5440768 5459200 5477632 5496064 5514496 5532928 5551360 5569792
5625088 5643520 5661952 5680384 5698816 5717248 5735680 5754112 5772544 5790976 5809408 5827840 5846272 5864704 5883136 5901568 5920000 5938432 5956864 5975296 5993728 6012160 6030592 6049024 6067456 6085888 6104320 6122752 6141184 6159616
6214912 6233344 6251776 6270208 6288640 6307072 6325504 6343936 6362368 6380800 6399232 6417664 6436096 6454528 6472960 6491392 6509824 6528256 6546688 6565120 6583552 6601984 6620416 6638848 6657280 6675712 6694144 6712576 6731008 6749440
6804736 6823168 6841600 6860032 6878464 6896896 6915328 6933760 6952192 6970624 6989056 7007488 7025920 7044352 7062784 7081216 7099648 7118080 7136512 7154944 7173376 7191808 7210240 7228672 7247104 7265536 7283968 7302400 7320832 7339264
7394560 7412992 7431424 7449856 7468288 7486720 7505152 7523584 7542016 7560448 7578880 7597312 7615744 7634176 7652608 7671040 7689472 7707904 7726336 7744768 7763200 7781632 7800064 7818496 7836928 7855360 7873792 7892224 7910656 7929088
7984384 8002816 8021248 8039680 8058112 8076544 8094976 8113408 8131840 8150272 8168704 8187136 8205568 8224000 8242432 8260864 8279296 8297728 8316160 8334592 8353024 8371456 8389888 8408320 8426752 8445184 8463616 8482048 8500480 8518912
8574208 8592640 8611072 8629504 8647936 8666368 8684800 8703232 8721664 8740096 8758528 8776960 8795392 8813824 8832256 8850688 8869120 8887552 8905984 8924416 8942848 8961280 8979712 8998144 9016576 9035008 9053440 9071872 9090304 9108736
9164032 9182464 9200896 9219328 9237760 9256192 9274624 9293056 9311488 9329920 9348352 9366784 9385216 9403648 9422080 9440512 9458944 9477376 9495808 9514240 9532672 9551104 9569536 9587968 9606400 9624832 9643264 9661696 9680128 9698560
9753856 9772288 9790720 9809152 9827584 9846016 9864448 9882880 9901312 9919744 9938176 9956608 9975040 9993472 10011904 10030336 10048768 10067200 10085632 10104064 10122496 10140928 10159360 10177792 10196224 10214656 10233088 10251520 10269952 10288384
10343680 10362112 10380544 10398976 10417408 10435840 10454272 10472704 10491136 10509568 10528000 10546432 10564864 10583296 10601728 10620160 10638592 10657024 10675456 10693888 10712320 10730752 10749184 10767616 10786048 10804480 10822912 10841344 10859776 10878208
10933504 10951936 10970368 10988800 11007232 11025664 11044096 11062528 11080960 11099392 11117824 11136256 11154688 11173120 11191552 11209984 11228416 11246848 11265280 11283712 11302144 11320576 11339008 11357440 11375872 11394304 11412736 11431168 11449600 11468032
11523328 11541760 11560192 11578624 11597056 11615488 11633920 11652352 11670784 11689216 11707648 11726080 11744512 11762944 11781376 11799808 11818240 11836672 11855104 11873536 11891968 11910400 11928832 11947264 11965696 11984128 12002560 12020992 12039424 12057856
12113152 12131584 12150016 12168448 12186880 12205312 12223744 12242176 12260608 12279040 12297472 12315904 12334336 12352768 12371200 12389632 12408064 12426496 12444928 12463360 12481792 12500224 12518656 12537088 12555520 12573952 12592384 12610816 12629248 12647680
12702976 12721408 12739840 12758272 12776704 12795136 12813568 12832000 12850432 12868864 12887296 12905728 12924160 12942592 12961024 12979456 12997888 13016320 13034752 13053184 13071616 13090048 13108480 13126912 13145344 13163776 13182208 13200640 13219072 13237504
13292800 13311232 13329664 13348096 13366528 13384960 13403392 13421824 13440256 13458688 13477120 13495552 13513984 13532416 13550848 13569280 13587712 13606144 13624576 13643008 13661440 13679872 13698304 13716736 13735168 13753600 13772032 13790464 13808896 13827328
13882624 13901056 13919488 13937920 13956352 13974784 13993216 14011648 14030080 14048512 14066944 14085376 14103808 14122240 14140672 14159104 14177536 14195968 14214400 14232832 14251264 14269696 14288128 14306560 14324992 14343424 14361856 14380288 14398720 14417152
14472448 14490880 14509312 14527744 14546176 14564608 14583040 14601472 14619904 14638336 14656768 14675200 14693632 14712064 14730496 14748928 14767360 14785792 14804224 14822656 14841088 14859520 14877952 14896384 14914816 14933248 14951680 14970112 14988544 15006976
15062272 15080704 15099136 15117568 15136000 15154432 15172864 15191296 15209728 15228160 15246592 15265024 15283456 15301888 15320320 15338752 15357184 15375616 15394048 15412480 15430912 15449344 15467776 15486208 15504640 15523072 15541504 15559936 15578368 15596800
15652096 15670528 15688960 15707392 15725824 15744256 15762688 15781120 15799552 15817984 15836416 15854848 15873280 15891712 15910144 15928576 15947008 15965440 15983872 16002304 16020736 16039168 16057600 16076032 16094464 16112896 16131328 16149760 16168192 16186624
16241920 16260352 16278784 16297216 16315648 16334080 16352512 16370944 16389376 16407808 16426240 16444672 16463104 16481536 16499968 16518400 16536832 16555264 16573696 16592128 16610560 16628992 16647424 16665856 16684288 16702720 16721152 16739584 16758016 16776448
16831744 16850176 16868608 16887040 16905472 16923904 16942336 16960768 16979200 16997632 17016064 17034496 17052928 17071360 17089792 17108224 17126656 17145088 17163520 17181952 17200384 17218816 17237248 17255680 17274112 17292544 17310976 17329408 17347840 17366272
17421568 17440000 17458432 17476864 17495296 17513728 17532160 17550592 17569024 17587456 17605888 17624320 17642752 17661184 17679616 17698048 17716480 17734912 17753344 17771776 17790208 17808640 17827072 17845504 17863936 17882368 17900800 17919232 17937664 17956096
18011392 18029824 18048256 18066688 18085120 18103552 18121984 18140416 18158848 18177280 18195712 18214144 18232576 18251008 18269440 18287872 18306304 18324736 18343168 18361600 18380032 18398464 18416896 18435328 18453760 18472192 18490624 18509056 18527488 18545920
