10 8 70 49 19 33 59 120 75 105 63 75 21 25 77 53 112 65 100 33 62 78 7 98 72 1 108 93 74 58 13 28 88 47 82 2 2 96 94 32 95 92 101 1 88 49 70 35 0 120 67 69 21 106 43 6 50 29 35 38 21 17 11 32
19 19 70 58 83 23 17 67 18 111 120 38 9 117 1 124 93 75 15 83 24 18 17 8 77 29 43 55 30 106 10 71 50 14 30 22 104 95 95 115 120 57 82 112 17 3 76 92 18 41 121 119 13 117 118 36 78 27 71 83 94 26 8 33
62 29 113 105 55 103 57 41 117 17 113 126 80 85 112 46 109 87 4 14 70 118 78 114 35 44 50 77 96 107 19 125 83 19 60 114 94 120 52 109 85 95 110 72 8 39 19 2 35 125 88 105 20 116 56 95 87 54 10 17 18 96 97 113
6 86 68 52 3 105 11 122 51 65 110 86 60 58 109 75 48 34 31 26 53 64 12 86 92 94 72 97 37 59 20 28 75 101 122 63 82 111 81 4 33 50 86 72 55 80 52 7 90 53 14 42 7 0 53 98 13 114 52 8 58 22 70 17
77 71 95 42 6 34 67 13 38 34 9 48 53 43 24 114 34 71 15 99 79 70 62 50 51 66 4 72 31 95 49 50 105 120 62 101 76 55 54 3 105 81 84 102 104 26 9 70 77 26 37 0 65 4 34 18 36 65 55 38 38 33 38 104
15 64 88 43 92 106 93 113 51 96 113 29 41 94 103 82 92 70 18 70 61 70 64 85 92 10 86 3 27 17 11 86 20 69 70 38 79 96 108 79 98 67 90 123 58 100 92 53 97 62 52 75 76 68 84 13 81 3 0 57 64 59 102 32
0 75 51 62 33 32 45 8 96 13 61 36 102 64 22 102 62 78 9 16 35 35 105 15 49 65 5 8 37 115 52 103 92 18 7 46 114 50 68 29 118 64 26 75 121 101 2 6 91 109 41 41 38 98 84 27 120 45 66 92 54 73 9 90
31 80 115 58 21 75 0 22 68 94 9 53 42 45 47 12 95 96 68 39 10 113 71 75 84 88 13 11 69 17 38 113 3 53 106 122 91 27 66 38 89 93 78 59 29 96 33 118 72 64 87 96 65 92 0 118 91 64 118 75 25 126 100 4
41 41 47 23 45 67 126 118 76 122 21 125 4 101 58 40 101 81 112 125 20 3 94 97 97 122 69 81 24 43 88 55 112 95 77 29 40 51 113 41 53 0 20 56 12 97 81 6 37 11 107 28 6 72 1 98 102 42 71 77 17 4 109 125
18 35 20 26 51 83 32 12 34 89 12 116 37 93 82 2 57 120 25 3 52 123 114 106 30 43 48 109 83 81 36 56 100 54 43 120 103 99 39 25 77 69 82 101 54 27 109 108 81 112 26 19 53 51 52 17 98 79 32 101 11 34 28 114
83 99 17 87 40 103 44 29 49 65 83 52 6 125 40 23 87 22 18 110 107 126 47 32 107 86 63 35 6 79 96 112 59 61 78 118 94 94 76 103 33 114 41 2 115 77 114 6 123 31 126 48 44 37 63 40 112 41 52 75 53 122 99 63
7 100 18 81 42 118 23 5 27 79 69 117 95 49 74 120 48 75 106 77 32 62 17 108 105 37 60 9 59 13 102 125 14 18 90 36 92 106 63 94 115 7 84 74 126 57 34 98 20 55 70 103 66 13 104 125 123 73 117 60 91 26 62 89
104 6 59 44 77 57 33 121 86 35 33 18 123 111 114 121 8 86 21 80 40 90 39 57 29 6 125 67 117 5 18 84 75 3 122 81 12 89 44 29 97 39 101 120 40 43 2 17 109 27 26 74 31 11 28 25 79 71 47 26 52 125 3 76
42 119 94 6 43 105 20 68 3 33 41 48 98 69 23 35 28 22 11 46 36 33 48 86 89 78 73 117 123 47 7 1 114 26 92 74 13 126 14 30 7 77 63 95 85 47 78 88 16 112 44 31 101 85 18 115 11 89 6 76 19 125 73 109
56 48 3 112 112 6 78 76 76 102 68 0 26 58 77 67 117 95 55 10 71 57 76 101 18 40 87 16 20 63 114 18 102 88 91 17 37 68 2 123 59 15 69 7 104 18 92 41 62 110 15 69 0 112 24 67 120 90 54 125 126 110 60 108
117 59 72 32 73 26 93 98 46 122 0 91 31 44 81 112 42 67 31 121 35 66 106 110 67 38 45 10 77 123 73 102 45 11 40 49 112 23 77 75 105 0 12 94 118 104 115 83 106 46 73 63 70 55 52 114 19 105 72 8 46 3 69 113
98 54 65 65 99 61 110 74 14 45 100 122 66 0 117 69 94 122 18 46 58 43 6 56 62 62 55 10 70 13 92 18 24 95 94 91 117 23 96 69 7 92 115 34 118 69 25 109 23 86 114 126 10 91 77 87 21 6 126 1 31 14 77 91
48 48 99 46 60 30 11 53 55 62 91 20 53 81 50 75 14 98 77 124 60 92 83 29 89 55 107 124 60 101 125 51 18 68 37 68 12 83 9 36 42 97 35 87 66 102 16 98 74 32 86 11 23 5 103 36 38 30 47 74 46 74 2 79
73 37 51 110 21 27 82 118 35 115 115 37 102 30 76 77 121 34 32 112 35 8 111 123 44 28 60 10 104 23 67 95 78 36 19 22 116 5 90 26 0 86 29 106 49 20 60 63 15 74 73 25 120 32 85 79 55 105 123 113 6 39 24 76
25 64 104 36 125 107 45 57 118 74 89 2 57 113 26 18 108 83 35 3 22 101 64 27 69 10 100 120 50 83 50 88 111 21 109 30 87 92 95 98 70 102 111 83 25 45 112 28 100 95 110 101 105 9 13 34 5 45 5 15 124 29 2 74
111 22 52 95 61 16 61 17 30 38 45 59 111 109 6 72 111 18 118 24 15 12 40 10 114 3 86 69 73 68 33 10 21 118 124 55 118 26 85 38 17 72 13 35 45 57 70 114 56 82 114 102 106 106 82 31 29 81 63 36 114 43 29 62
86 122 107 123 49 33 48 89 60 43 17 20 67 111 112 44 37 80 19 28 33 126 86 3 38 25 83 116 110 65 66 61 42 76 1 89 79 121 25 22 15 108 92 92 37 6 28 62 43 11 125 7 12 120 24 49 80 67 81 0 90 77 118 0
60 27 5 1 53 101 110 116 53 104 86 27 83 65 42 94 85 31 22 101 113 122 90 29 105 115 106 31 125 33 26 35 103 81 85 117 37 30 20 62 64 56 28 50 89 90 92 77 25 87 17 9 14 58 66 9 61 119 75 90 76 31 57 98
84 66 68 61 8 71 103 7 68 109 21 50 65 80 118 38 57 18 121 25 84 126 21 3 78 2 90 45 119 17 120 0 55 101 114 85 118 25 55 25 57 107 121 94 62 65 51 94 100 38 9 95 108 56 78 42 27 26 92 35 72 39 11 41
92 98 111 96 107 13 87 51 73 5 14 52 22 112 44 47 126 83 18 27 5 100 88 74 106 65 99 76 67 105 35 0 17 122 59 32 78 49 73 87 32 15 105 30 24 30 121 64 21 2 7 93 38 19 93 96 3 23 42 9 10 35 67 33
14 62 110 67 87 110 89 11 34 28 78 35 27 34 68 88 48 21 59 102 73 40 61 89 82 84 17 114 45 43 98 74 81 63 82 26 52 114 99 6 37 5 120 23 25 18 121 63 8 49 62 118 37 71 45 70 48 0 4 91 92 4 85 31
36 8 73 66 96 119 63 98 2 27 111 27 97 82 6 45 82 42 101 1 13 107 29 120 57 5 9 66 20 24 4 98 97 49 45 110 60 40 42 115 62 15 41 23 31 23 56 121 75 67 38 28 21 40 80 96 42 31 91 72 21 89 13 105
104 66 29 67 21 55 88 118 31 4 60 71 45 66 82 40 51 124 43 2 6 59 16 93 69 5 77 61 105 119 91 58 87 107 88 69 69 80 14 77 18 39 106 123 39 37 115 67 100 0 112 58 96 119 26 23 13 93 86 75 36 8 65 29
64 19 88 107 69 26 126 110 32 103 33 121 109 103 103 72 118 72 26 8 27 33 125 112 99 115 113 45 25 126 67 33 81 114 16 63 21 105 30 42 37 119 81 32 24 109 0 46 91 103 58 70 13 70 74 93 48 68 42 88 85 104 79 77
4 70 50 67 37 67 39 45 24 58 83 101 28 37 105 109 26 120 21 33 86 54 52 96 120 96 83 40 67 29 95 104 102 69 93 62 87 108 82 57 25 93 122 53 50 49 118 65 76 48 115 13 0 86 11 13 17 70 80 64 36 77 27 63
47 23 31 85 112 72 68 60 37 25 123 78 18 83 22 8 98 17 50 87 16 60 79 66 86 63 6 81 71 95 34 23 59 112 85 98 99 97 5 88 125 13 54 117 117 123 53 25 55 115 85 16 87 76 95 110 104 108 67 125 42 65 46 68
49 78 26 69 23 61 4 112 92 52 43 86 24 38 73 78 41 69 57 112 101 125 59 83 83 102 2 91 31 110 73 17 76 93 35 106 56 114 65 101 41 71 97 71 117 49 29 32 53 116 13 91 101 112 30 45 115 101 108 123 12 31 37 7
58 48 71 116 117 79 1 101 81 122 125 9 41 93 82 9 91 110 118 89 57 98 91 81 58 38 6 52 91 77 79 24 124 59 116 1 39 11 115 81 19 104 102 67 14 68 59 86 78 6 40 45 42 43 13 110 100 96 37 112 32 5 114 101
2 118 81 110 29 105 96 38 31 122 10 14 6 86 97 91 67 66 23 106 88 59 124 29 38 7 106 91 3 14 51 53 122 35 58 44 102 0 55 8 121 125 69 115 119 37 29 70 20 10 105 1 82 92 68 37 75 96 74 19 8 95 92 75
26 70 31 25 90 59 76 102 35 90 37 12 117 102 77 86 56 37 15 122 62 72 117 107 78 28 63 30 63 117 80 30 101 21 81 7 2 82 34 105 121 61 83 16 45 29 98 54 126 108 67 109 91 57 35 43 3 21 33 79 32 107 43 102
43 77 15 78 64 111 22 18 41 126 4 7 121 46 78 36 77 73 67 119 125 96 18 90 73 92 65 8 108 31 46 26 92 25 107 45 23 119 107 73 90 31 9 10 26 83 104 37 9 0 10 4 126 90 40 126 85 116 78 80 11 41 33 123
67 116 5 29 1 88 53 66 14 79 71 11 34 56 116 37 54 67 99 55 70 38 110 29 70 113 86 11 25 34 83 117 13 68 4 103 14 85 13 3 65 37 80 113 116 93 81 83 78 99 70 46 83 83 96 2 38 101 52 17 10 1 37 98
35 107 113 92 44 68 12 9 82 54 109 57 102 82 66 75 60 116 11 94 17 74 50 76 89 105 37 126 7 30 114 37 16 55 47 77 30 122 26 92 43 87 32 5 111 111 92 41 46 9 56 96 11 28 55 119 86 112 79 126 112 1 59 60
89 22 123 115 8 44 60 86 41 69 85 12 74 103 73 107 7 84 43 83 5 8 109 62 51 90 3 43 29 5 49 12 12 43 16 34 60 21 84 12 20 35 85 102 82 16 28 71 123 9 123 53 46 115 3 64 110 7 98 50 107 89 22 78
70 103 106 120 29 126 49 48 73 108 75 117 2 67 103 27 114 112 55 67 110 16 61 124 81 24 119 60 63 66 11 114 2 84 24 65 53 29 89 104 92 126 95 22 99 70 20 124 98 126 74 55 111 17 37 6 28 117 37 111 20 120 11 43
10 31 4 109 0 84 21 79 28 118 116 9 55 114 30 37 51 20 121 12 125 42 1 88 96 117 75 9 90 81 40 55 97 1 111 124 98 121 3 20 112 76 113 28 44 102 64 95 6 24 99 94 105 61 119 16 92 49 80 8 118 94 32 68
67 6 68 61 109 118 99 39 20 34 7 83 11 62 72 43 23 11 71 106 46 75 108 117 83 17 54 79 26 68 57 51 48 63 10 31 93 67 69 1 114 37 4 75 25 73 14 83 124 121 70 11 60 108 115 118 39 15 109 12 7 36 9 30
83 23 45 107 107 38 2 75 65 88 107 31 56 118 120 37 53 21 65 62 17 114 6 9 126 11 99 61 82 18 122 116 41 1 44 3 55 53 56 79 74 11 68 23 61 53 32 88 79 108 40 19 66 89 93 13 13 4 4 23 89 115 100 63
71 98 116 4 8 64 23 98 73 99 27 81 121 61 25 93 94 82 120 85 23 41 117 44 69 16 17 18 122 81 84 4 5 51 50 52 119 7 71 47 9 10 113 30 72 33 34 48 4 19 65 30 96 51 14 118 113 31 54 104 55 96 78 49
9 53 123 35 22 111 23 60 48 98 90 25 95 44 105 51 70 123 99 119 67 95 41 81 20 73 63 114 100 2 38 71 121 89 65 3 32 46 20 78 62 3 89 113 34 83 96 46 22 112 113 108 19 12 61 43 52 112 5 121 111 13 80 56
11 12 42 85 68 18 32 94 115 119 48 59 43 39 78 120 50 39 35 27 9 92 79 45 86 19 82 27 11 27 122 61 32 67 22 64 38 77 7 1 102 96 126 48 32 79 17 85 78 16 0 71 30 6 51 87 94 39 31 86 28 120 122 112
10 70 14 5 121 115 63 119 122 16 24 120 21 43 39 85 12 100 91 40 39 8 120 10 33 90 114 73 78 100 125 22 63 20 64 65 41 32 38 31 95 118 29 82 36 37 38 90 30 45 2 122 17 23 43 28 115 84 8 66 100 64 14 105
31 46 96 51 60 3 113 67 114 52 77 53 30 97 112 18 103 122 52 97 104 74 105 45 12 41 107 11 98 101 12 118 32 88 68 103 118 77 100 88 10 5 109 120 41 28 26 110 80 12 101 18 117 48 123 33 47 100 55 43 121 113 68 119
59 47 7 37 3 98 108 21 109 108 59 6 79 66 81 12 51 71 1 10 76 32 97 124 72 33 14 23 93 55 1 89 66 27 49 64 99 101 102 120 42 83 86 54 20 4 74 75 15 81 61 115 65 23 51 38 91 109 65 88 36 124 104 42
87 95 24 92 74 76 66 125 21 7 55 21 107 105 98 51 4 7 124 28 5 27 36 23 108 19 71 45 71 83 83 21 79 84 7 15 44 121 82 21 5 40 16 77 83 69 107 25 100 13 126 114 68 82 48 107 14 48 92 117 42 42 104 53
90 90 25 41 39 126 65 125 51 35 104 15 4 9 81 120 88 112 119 18 29 82 18 51 83 84 72 5 51 19 125 90 25 22 13 86 39 8 51 57 34 61 104 69 70 60 33 66 92 78 77 93 54 71 113 108 27 96 96 30 13 14 97 59
122 92 93 32 1 80 90 2 12 72 5 125 56 29 118 85 75 42 112 27 12 91 60 113 55 119 125 29 38 76 36 98 110 16 105 18 9 78 94 18 32 61 26 113 59 48 48 87 28 32 98 104 26 46 44 96 114 29 52 121 107 1 58 60
72 41 119 60 59 112 23 55 79 114 57 66 64 60 67 125 7 92 19 23 97 82 124 18 0 18 36 124 59 95 66 126 26 52 119 24 48 36 99 13 95 85 9 83 90 117 64 101 75 70 5 9 66 12 22 72 42 90 77 86 24 44 124 42
0 19 17 96 47 70 87 13 94 14 0 66 21 29 45 59 110 121 35 71 45 48 110 110 124 59 98 47 57 108 51 35 56 27 0 4 26 39 83 47 126 13 68 76 97 15 95 19 92 115 67 2 115 20 68 25 121 106 106 28 112 50 18 44
17 98 40 31 85 68 72 28 62 38 19 118 9 57 78 28 0 114 35 96 61 83 2 85 52 19 125 86 42 91 21 108 112 102 28 103 68 79 65 92 29 118 21 13 12 50 107 60 40 1 17 34 91 15 55 65 39 123 50 33 30 76 115 112
68 54 86 40 23 91 48 121 117 29 13 78 72 92 83 96 86 122 64 59 10 77 104 55 4 68 95 54 5 81 67 101 97 119 4 74 84 11 7 114 24 99 44 93 50 75 38 5 43 32 26 81 53 7 57 118 37 42 72 74 106 10 24 10
121 42 108 70 100 122 7 10 103 20 30 77 61 55 10 7 117 73 21 119 69 31 72 105 41 124 116 61 42 123 53 32 24 80 110 79 123 54 30 10 51 18 103 117 19 51 113 52 85 99 61 68 42 91 28 107 10 106 61 62 32 5 40 26
83 97 93 61 52 115 17 77 105 5 98 82 61 95 15 46 121 42 108 35 4 94 125 119 28 45 76 109 103 23 76 116 44 61 67 39 109 124 71 84 92 73 15 48 85 31 45 100 80 60 82 74 81 67 23 26 72 83 8 68 83 110 125 45
6 33 15 13 43 60 42 31 20 87 73 26 28 21 110 82 20 43 74 73 76 17 66 112 87 6 22 48 21 116 90 108 29 126 83 16 53 7 19 69 74 115 24 28 123 24 51 68 54 98 80 102 11 112 56 36 117 12 6 30 80 79 75 39
17 80 82 89 28 78 94 68 26 22 60 35 114 68 2 29 7 31 82 90 13 94 3 115 11 123 61 0 25 12 24 42 20 14 105 110 82 85 20 18 103 11 3 116 12 42 3 107 17 72 7 113 17 103 21 21 98 92 51 126 65 125 122 26
19 116 34 126 52 10 13 115 21 84 58 4 78 66 76 41 108 91 119 39 23 86 12 7 30 42 25 114 10 35 20 37 26 107 103 96 39 41 43 94 47 29 57 126 102 66 100 17 26 27 4 71 84 18 51 89 126 14 31 50 120 20 42 38
82 3 119 58 64 53 102 118 88 65 92 27 12 81 41 84 108 99 3 98 76 88 30 119 96 38 103 47 108 12 36 12 106 83 92 9 110 0 27 72 29 39 104 120 4 57 81 53 3 105 32 119 13 9 90 77 97 31 113 84 24 89 98 15
41 88 125 68 16 55 2 47 84 21 75 58 27 125 111 104 48 14 118 114 37 19 73 60 77 45 92 70 113 79 73 66 57 56 88 1 7 105 47 53 14 78 111 79 98 76 107 80 105 48 78 15 126 18 27 90 26 51 123 34 72 35 125 106
67 91 0 31 95 80 13 48 102 119 1 105 125 36 21 50 89 81 75 18 44 86 111 47 125 95 37 85 91 96 104 110 43 119 86 43 19 51 93 29 89 51 36 122 43 80 121 14 101 20 97 63 68 32 3 29 80 69 71 106 66 78 48 52
