-277 -805 1268 -533 132 -98 -936 1537 -614 -77 475 712 734 -1065 645 263 250 712 -904 -129 626 -219 -1008 535 -821 714 689 -750 -149 256 36 445 -44 -518 -1098 -340 323 -393 691 554 -870 993 -850 193 577 735 454 -695 1247 -1535 395 -1410 1594 -380 -82 -303 -87 -363 353 -400 124 -544 339 884 -951 1595 -129 -357 691 -182 67 -149 -24 -60 -703 -383 -128 -177 1243 -318 43 202 557 -214 -530 -54 -1508 1835 -687 489 -1441 493 1177 -724 -8 609 -298 -377 37 -1346 427 -416 440 -770 79 -356 3 168 -779 702 3 -766 621 463 75 514 541 -55 833 79
-839 450 120 190 1548 -968 317 -1788 1206 119 -63 -330 -169 916 -988 -719 -663 789 -373 -667 -93 310 -204 208 -763 -182 174 664 279 -327 350 145 539 -141 442 -751 723 -872 46 -357 645 -543 -184 -924 1186 -592 -230 792 -5 344 1027 -800 -380 -489 1174 -697 543 -46 -871 -1125 -161 286 -500 -683 -156 -940 1171 -851 -341 -139 551 -258 -101 972 -535 650 -214 -1079 39 186 770 -352 681 -519 1777 -478 -1087 807 233 544 -342 -773 -954 -538 129 -824 1634 -1780 829 -189 26 -704 539 225 -943 560 308 -554 -120 -605 189 -1039 -108 -191 -612 -98 -486 477 -433 1211
115 -600 -685 -11 1589 126 1027 -919 447 -1170 490 -136 251 599 1062 455 51 -964 -312 1356 -986 -530 372 674 -233 -382 -347 -219 15 -104 1029 -609 1076 857 -301 -343 -160 523 182 -830 -371 173 383 -1213 403 1450 -1677 647 -416 395 -555 926 119 -618 -19 -448 527 264 -495 -311 245 -495 53 957 -246 -566 -941 1716 59 -720 270 834 -599 -6 57 -299 395 329 -725 186 -853 140 -269 -396 9 14 -839 -10 -139 -1103 1287 -709 975 -524 384 -401 693 -327 838 404 -61 -16 -811 -240 290 1403 -606 -564 462 -213 981 -411 253 291 -131 -747 280 435 -1305 730
305 -676 345 21 -1307 35 414 -473 670 912 206 -1392 -1209 622 150 -98 -595 971 -694 308 281 118 -190 207 354 -40 -685 993 -103 -127 -1437 286 215 -816 986 109 -453 -518 950 681 505 -905 649 -968 -133 682 -949 1030 -1043 -97 19 -359 733 348 -626 381 938 -306 -350 -734 61 -166 -1390 888 -188 602 -862 -457 242 -903 164 794 -545 -320 448 -1057 -444 253 588 -287 -396 771 241 264 1199 -54 -777 764 428 208 -51 -462 -468 783 180 -359 -11 146 -455 -1030 1238 530 -112 -583 422 -98 996 -463 784 16 -1181 728 141 19 431 -323 446 679 -823 707
-136 -222 629 151 -495 1072 -1326 -1052 -330 131 22 217 -167 210 167 -674 -247 -92 -911 855 -1245 230 279 488 235 188 -978 606 -542 968 5 -519 -260 349 -169 -1167 -16 -1064 -329 -367 797 -969 964 50 -1211 698 -33 -249 682 -142 148 -178 8 97 80 -555 306 1232 -1363 1049 -2 648 -336 -297 -452 -148 1838 -1557 476 -177 384 474 -913 811 -361 525 135 -1305 534 -140 1018 -1093 300 -1012 339 327 -764 963 236 -429 -512 1286 -1173 243 -270 280 551 -211 159 -1056 294 363 -972 767 -826 -438 -301 -426 -942 901 -668 -175 -174 -18 -881 408 -672 226 -264 -120
-1076 488 310 79 -424 -121 1274 -337 -443 -1044 792 -462 -150 523 300 -882 113 1099 -1094 -206 -231 -640 561 -1044 822 -236 -217 -14 -375 537 249 90 418 89 1157 737 -287 640 -96 77 -501 1507 -1230 1318 533 -427 44 -579 759 -1567 484 -584 62 1043 -420 437 -970 62 -1238 -358 -964 909 119 329 135 -19 157 -157 -1118 9 -189 1149 -986 182 196 -573 44 1021 -1098 -294 -133 765 -139 164 809 -370 -756 335 302 -633 1178 -257 -529 -857 180 -55 545 -183 597 -1210 -238 431 -667 -73 2013 -1356 1510 -1272 852 840 -773 745 223 42 25 -245 587 -381 224 -15
-1430 586 310 320 586 -690 354 318 803 -83 265 -923 914 45 -196 923 115 -1033 1811 -102 -242 -583 375 -84 544 118 -109 221 220 -716 -204 455 -301 -351 -916 417 -143 865 -41 -42 1091 -170 -180 124 301 661 161 480 1174 -482 271 -99 -960 -671 717 297 -113 985 -204 -358 -824 -1148 1329 -1286 -64 950 498 663 -285 219 -860 -237 -81 153 707 561 -467 666 221 -148 492 -595 314 -103 -289 740 707 -670 -235 -888 1112 -391 414 778 -158 -122 -636 1055 -701 -111 755 -1170 454 -816 772 77 304 -688 182 -295 646 666 407 -1022 791 -485 -279 463 -243 210
-1021 731 -1497 -135 -99 301 34 -500 3 354 -584 188 -520 -93 -289 428 -607 296 205 -1419 1467 -1138 67 -1134 41 574 79 383 -90 1121 107 -350 650 494 -384 -197 -342 -653 -91 -708 -230 342 225 -778 358 -963 349 -434 -952 356 -659 856 -479 -120 -152 1068 -1083 839 -784 559 -1057 705 -764 -143 -473 -75 306 28 -661 1250 1011 -449 -261 -375 -946 281 63 -249 -581 -73 -651 218 -217 74 138 -944 500 56 620 -35 -444 130 127 -628 -425 1205 -115 -1046 889 -912 316 -390 857 -1851 1144 -27 234 209 -466 -657 679 437 459 -256 3 1501 -929 -69 -415 190
-492 1105 -645 761 -839 -83 -242 133 -37 212 451 -685 94 571 -1273 596 -300 394 -388 92 15 90 88 -775 770 -635 -115 -50 -1169 1253 -456 670 588 -929 313 207 484 -600 -32 -608 1388 -1321 1138 -528 -106 665 814 -78 -1306 834 -446 1095 -1606 902 -1305 194 809 -1201 872 -215 984 -1036 1024 -347 490 -736 -196 732 -1092 361 -1139 285 358 -49 -112 533 169 -754 246 531 -789 497 -1062 164 -189 134 625 -1042 -582 610 -342 -333 -431 1013 -915 -253 13 -403 58 -275 -552 90 -630 -777 -364 -937 952 664 -702 -5 -1464 929 -1305 634 190 -834 1050 340 561 -586
-105 41 -52 308 -995 1007 -240 -147 238 103 195 -50 -203 206 -157 85 417 -867 -454 802 -634 -222 -175 -740 710 -8 522 115 -768 212 265 -750 217 -650 971 -336 -574 606 -436 -263 759 451 -517 297 -189 -1585 1322 736 -583 -20 183 233 -971 1810 -969 -368 466 -674 -106 -28 190 -583 483 -120 102 194 514 -561 568 334 544 -667 183 -902 305 108 -141 -4 379 106 128 121 303 336 -136 -86 76 -1059 983 -1027 632 -378 473 -42 1167 -1785 1246 -16 720 24 405 563 -1381 515 947 -1145 -375 776 625 74 143 -704 416 -158 197 462 -440 -782 425 488
162 605 -644 1054 -647 193 383 -593 603 -730 159 867 206 -135 -64 199 738 561 -629 813 -225 113 -434 -171 -123 931 -401 -330 397 42 371 40 -94 -434 -985 572 40 -32 -702 406 -610 882 387 718 826 -394 -823 589 -499 1247 884 -819 1039 253 655 272 580 928 -1224 579 -685 708 -167 -1163 584 -1212 269 288 -607 412 -562 533 -318 332 93 -27 290 -671 -232 389 299 -73 -197 763 -680 1201 -85 95 -53 -333 -95 1223 -1386 852 438 306 -850 -681 1140 127 -72 325 -336 -69 -291 -273 21 -688 -127 588 -571 -381 -137 -443 -432 235 645 180 -293 -144
-228 339 119 -206 -1249 967 570 92 -128 536 682 -822 438 99 -525 455 39 -592 -793 677 -363 -31 -200 231 26 -454 219 -372 95 -60 524 -847 510 1145 -1282 787 -893 -103 14 -405 26 -602 453 -262 1112 -781 839 -946 -837 279 -214 658 -735 -1257 -241 -888 363 378 835 -785 29 918 -89 207 -1070 380 286 -176 270 523 -158 -406 -116 -687 710 240 -502 574 537 -582 419 -683 501 -413 -592 -406 -115 468 345 -785 378 176 421 179 -580 216 229 -71 274 1078 -1119 100 -187 209 -962 979 -47 8 -247 -431 719 -757 281 -941 -777 613 152 -621 1061 -217
-163 543 320 257 173 -442 -83 151 -552 368 -440 -386 760 676 -361 194 202 -276 306 -724 581 569 177 -1257 49 549 67 -894 106 569 -1188 634 -1300 801 825 -827 1152 68 -592 492 -773 325 -603 -141 831 810 -726 -685 783 -540 -733 172 1159 -492 -272 150 -628 103 -319 1062 -385 370 -80 760 657 165 -850 439 -901 552 -235 46 -285 -177 -995 413 -100 -3 -37 -1392 631 771 -121 40 628 -574 80 -1361 542 -642 85 577 -402 -20 674 491 -94 -912 543 1665 -166 -576 842 284 -855 31 487 -1488 767 1259 -661 -201 -122 -317 171 63 -7 368 -788 1003
5 -434 518 -227 380 229 -54 111 516 189 -188 -674 -575 1212 -695 -445 -127 67 -59 -135 -492 180 51 568 981 -1130 387 640 -2279 258 127 268 -1012 -465 1103 -1134 109 -579 1756 -265 -373 177 -127 7 -394 827 -70 337 -139 -497 1495 -835 280 -841 -38 877 -576 -59 -793 -73 -25 -1069 -497 -510 -104 139 206 759 -131 -96 303 309 -651 1198 -1360 917 -1055 1139 509 -832 -458 -31 -340 -330 536 -689 844 -504 115 -85 106 172 792 -546 -192 -608 1053 -533 -497 195 430 -7 -376 53 -283 658 674 -235 -355 588 -683 433 227 -721 -1432 309 172 720 -287 -669
295 -637 898 -92 499 -29 -572 -105 1550 -705 -140 69 -740 585 596 516 -558 -18 -17 215 496 -65 -1013 -37 356 749 -277 164 1111 -1070 -405 -387 1374 -916 -545 350 487 -1105 -102 593 663 -358 -303 824 -460 -1 24 -196 -130 429 -19 1165 -408 483 -997 120 -51 -11 -977 502 -262 842 1094 -1538 -774 1179 386 -1099 391 378 182 1012 -1061 804 903 -1057 574 -13 125 -1338 954 760 -585 326 -697 232 348 -455 -291 -461 5 -520 -41 256 626 -1485 267 1031 -94 -41 949 -268 188 -449 340 -1440 308 292 611 28 280 239 -397 632 -99 -154 700 -580 701 -204
969 -903 -135 816 -1398 1288 -1474 -208 -45 612 -605 -415 -244 435 337 191 700 -1203 311 279 829 1237 -902 543 -448 142 288 -301 566 245 20 -346 -465 137 610 -345 -144 514 -1183 -1249 974 114 -81 -86 978 -462 57 -934 366 -247 -477 -395 867 -1102 701 569 -94 -613 270 -140 -825 -566 79 903 -1203 321 -711 679 135 295 -1231 1933 -1207 -181 -176 -363 -307 364 158 -413 1493 -1601 1036 -160 -279 558 -995 807 -218 273 -688 474 301 175 -217 489 -1509 937 -1084 222 882 -939 -162 -48 -169 -201 286 -1333 1028 -293 -35 -241 374 -669 136 140 -845 249 -390 -675
72 -815 -217 564 -121 46 -555 1135 -1076 843 319 -1523 -95 -131 -491 138 776 -345 -55 -311 188 768 -410 1330 234 417 -728 980 -414 -133 -157 981 -1160 -346 201 93 1064 -1095 793 -469 -300 628 -1168 496 -376 -85 78 343 -597 940 -90 653 -1011 1074 -197 -69 690 -546 -555 17 640 -1281 -431 657 135 467 -972 1115 -121 375 -596 330 126 243 658 -488 -534 -314 -795 -204 -551 722 511 -47 18 -348 114 -619 159 -101 -1462 1296 -1514 1146 -442 -455 -191 52 -129 468 218 -97 57 1349 -1606 -432 1419 -879 1307 -615 1296 -280 -341 149 980 325 -37 402 -225 1302
-1808 919 -866 -107 953 -404 -105 -628 777 -136 306 -705 697 -236 -87 -513 -41 20 -659 251 -444 -129 -178 -111 676 -650 666 -129 136 -289 1093 -257 -118 917 -1316 250 876 -729 -294 -759 341 53 325 206 -77 805 -271 462 -1668 912 69 592 -160 -862 1089 -378 422 -410 9 1396 -515 -251 406 22 -68 -653 388 44 -594 -201 529 141 -711 9 6 1241 -898 698 -773 727 -1374 96 -680 991 665 -749 -153 807 -1285 788 792 -1319 -288 -174 924 -583 -1113 752 -1258 2008 -695 932 -682 1107 -130 -509 545 -723 706 -250 -320 330 295 184 -813 542 -562 -210 -1494 1591
-967 146 -165 -631 737 -804 -257 -123 261 -516 362 -1184 1083 -1290 901 750 -1267 -91 -398 905 -1372 -129 -457 -884 -69 246 1071 197 -310 -251 149 1055 -663 -120 -144 -305 473 -784 405 697 -482 -418 -257 274 1150 -582 1232 -305 -283 -218 -542 909 270 -1341 1127 -932 757 165 342 -632 -564 850 -881 201 755 -474 -665 510 318 -242 -281 -457 -1305 378 -1065 563 -315 290 -902 676 -621 58 -731 -496 1282 -189 446 -507 -515 165 -586 1078 460 -1215 106 -665 1372 -923 -1117 998 -509 463 297 118 375 -557 -435 654 -176 -55 314 -433 571 -269 505 221 46 -1099 497 936
1389 510 -1002 1541 -710 1100 -445 1097 -676 169 -125 -105 -743 1126 594 -160 1042 -1592 375 927 -694 375 424 -134 111 -611 -197 -55 -277 -304 256 341 -583 1159 597 -322 214 -519 -114 495 -635 396 -369 218 70 -392 416 317 -227 573 -428 75 -131 1357 -1054 58 -372 -477 697 -1057 659 -257 -1126 1549 -697 93 503 -528 184 -241 1222 128 -862 331 239 -661 958 -701 -548 1264 -67 -221 340 -869 -2 276 540 -1518 375 -447 624 -398 1064 -379 -105 -879 1185 -495 153 -414 -260 -112 429 -36 318 -513 650 -212 -141 65 269 -1169 306 570 -414 41 1409 -1415 774 -1389
-171 -784 887 -34 -297 -892 1402 -145 -181 -286 -38 518 -867 -832 836 95 32 355 -195 170 -899 1163 -900 275 566 138 330 400 -1012 1031 -608 199 -582 -388 415 -134 -24 150 -1121 403 173 -21 -178 489 193 -811 745 -9 -993 563 -132 596 -628 280 781 -287 726 -824 1043 -553 313 187 28 -331 93 392 -1423 1051 255 -139 -696 590 171 435 -627 -410 94 716 -24 -329 177 61 417 126 -299 -350 1003 1155 -2095 -157 76 619 380 520 22 -65 254 -854 825 -257 -361 83 -133 -966 717 -85 96 -188 241 487 74 -228 -603 -157 -733 667 -1094 615 734 -62
1016 -868 888 -660 121 -642 158 569 906 -322 -1726 453 1070 -345 -140 -100 -29 -44 -327 1156 -793 1017 -794 6 -131 91 -138 38 -468 -480 828 397 -713 448 -898 1227 -575 -492 913 -931 677 -591 771 -5 434 47 -1049 738 -251 -264 -466 -214 788 284 407 -414 557 -782 831 66 -399 -230 495 557 -195 14 667 -855 380 267 93 -359 -343 954 542 -939 -563 395 764 618 -1159 710 -154 -180 148 -671 -37 773 -923 896 -1791 -497 279 -347 1518 376 -1007 327 -233 552 222 -176 1000 -883 131 -1061 1020 -55 -1194 1269 871 -278 723 -787 610 -919 419 -493 254 166
-979 -274 853 394 -75 -409 -738 837 -977 772 -84 -884 531 282 -611 -572 461 460 -607 867 -472 667 1023 -656 66 212 -721 780 231 -1099 359 157 866 52 247 -667 1130 -1306 244 -148 1023 131 -504 268 80 1023 -37 -394 -307 -634 681 -1017 563 -510 1038 -151 66 -936 -230 988 326 -701 -913 684 77 -430 313 -217 557 -33 -368 94 -533 237 424 -812 -595 -91 422 450 -337 -215 360 -309 -424 -645 484 26 135 613 32 -86 -576 -98 -971 628 13 415 -427 -612 720 -474 315 536 -263 304 -115 540 82 -502 48 -331 2030 -897 12 -513 330 148 -952 134
159 280 -883 -61 727 517 892 -381 393 133 474 573 -370 -1 427 82 -756 595 144 -672 191 344 241 -64 -338 610 24 674 -428 -191 -306 -147 1147 -1245 798 -273 -501 -347 314 -501 843 -727 1263 -1534 -94 920 -126 958 957 -440 849 -1062 -81 460 86 -566 860 62 -421 -1181 1167 4 -23 -844 971 -698 -869 920 -91 576 1025 -1041 382 1 634 -921 1172 -1512 188 68 -457 719 -80 357 -206 -244 -187 -254 -105 10 419 975 182 -727 194 -183 -535 -37 518 181 -345 390 -1615 456 -96 -287 -691 394 345 -18 -598 496 -1235 752 46 -651 159 995 -1302 1102
80 -153 2303 -1573 -355 1087 25 183 214 -466 -152 428 510 184 -815 -565 363 108 154 292 -1577 857 877 -835 74 -97 -913 200 1031 173 -2418 1480 -398 -204 -700 233 262 95 -649 469 170 312 629 211 -129 -365 -249 -538 -228 352 913 -264 -751 -313 -388 -1215 707 -499 -609 516 -1281 -50 1005 -365 98 -368 670 -420 648 70 -60 189 776 -1144 959 993 -117 1444 -601 -285 -136 -152 -605 1052 -1088 120 114 -64 -517 -72 -461 -116 -378 277 -248 -1085 402 346 -116 -1003 8 1750 -592 -430 -47 -867 897 335 526 144 172 281 -243 255 92 -356 88 -13 -763 425
-1056 -299 183 843 -1140 569 -501 304 -816 900 -631 536 -193 -556 653 345 71 -726 -153 304 -596 -938 383 -50 368 473 571 -1667 -252 1040 -1039 1095 -285 -799 -166 -235 -232 -1128 43 589 67 -1092 1047 -1108 82 652 -564 438 -259 -941 1125 653 802 -130 -827 1233 -438 405 351 -24 -975 -321 370 444 -247 -249 -921 307 26 62 -492 22 626 -1166 694 -1219 421 481 512 414 -5 491 413 -383 -60 -310 -318 -722 -922 -87 -232 -66 1011 -114 -44 -629 -631 -38 655 630 -759 160 -477 251 370 -482 -462 -285 -472 1239 134 -68 621 72 253 152 -24 681 -41 -450
-71 -325 -465 113 121 388 -461 -43 -442 644 -437 474 737 -1472 427 -319 479 -99 -245 607 -102 -199 743 -157 -1007 288 -556 424 -303 272 377 -117 1527 50 -868 472 124 -15 -830 -419 72 -199 -331 -302 53 358 -92 -725 652 -639 -192 -126 107 -424 -80 -151 -23 -561 1019 447 -419 178 73 -413 277 41 1075 -903 977 -1399 -187 -1180 944 -647 -368 -167 513 -1130 -136 -387 229 -317 650 360 426 374 277 -401 1095 -171 -114 -990 -1330 657 1551 -1344 -391 14 681 76 -234 1493 -623 -121 -843 706 1148 -1149 -407 -15 -1769 190 1309 -1140 175 205 -960 -243 1190 -462
362 -883 -430 278 -64 389 -507 301 45 14 411 -63 245 260 -1317 291 11 666 -1165 308 77 -790 193 1284 378 -226 -671 35 -809 119 -817 -1015 471 28 267 9 82 146 538 158 52 654 -646 -807 -16 1292 565 -1024 551 134 740 -500 690 76 -939 -86 1039 -303 -1219 840 -740 1361 -600 670 306 -16 -237 1039 517 -54 1019 -1079 -515 735 21 -163 975 -388 773 87 86 -648 268 -851 825 -187 1295 -1816 676 102 938 139 -1050 935 18 -688 115 151 -940 86 -369 202 264 323 210 -363 -348 873 707 206 2 -898 401 -1162 797 -385 44 -318 -619 518
952 -260 -554 -399 432 -104 607 -175 -652 -89 878 165 -341 -924 678 -437 -805 -480 545 -35 -105 451 -473 -229 1210 -180 225 531 939 886 -506 -236 191 -419 -920 -397 134 503 -442 -757 1040 549 -397 -375 659 -386 560 276 -471 708 -500 -324 1147 35 348 -1020 -728 901 53 -480 -442 374 -1116 364 -869 29 -292 -197 -87 -842 1353 21 133 59 754 -820 -168 -109 672 -730 -169 225 702 -751 -177 -1118 644 -121 148 114 44 -37 -309 546 -434 72 1039 -25 -83 519 -872 668 -757 187 1153 -854 78 -555 138 276 547 187 -384 -187 166 233 -1119 -137 579 252
-943 1114 6 606 -766 903 739 549 285 -529 309 -140 1102 372 -563 438 -898 -542 690 -968 608 -4 -846 891 -80 347 -457 -697 166 1495 -265 459 -972 1531 -999 -78 -872 282 -153 628 -1573 431 507 -949 247 -220 -340 436 243 -400 -63 -238 -518 -785 1148 817 240 -1174 456 -591 371 -9 882 -640 600 -743 465 -11 1169 -985 -377 -585 76 -476 -327 802 -205 1031 -820 184 -265 -960 516 65 451 -108 -271 -647 -413 521 -210 -282 -432 670 124 -793 236 87 322 203 489 638 -1005 -279 -865 1576 -1113 -507 -573 259 -46 -343 1880 -976 61 182 -364 609 106 347
277 -1360 86 388 -1113 528 -315 -1053 781 16 -49 -1719 374 672 242 -662 -173 173 -542 951 -2 -253 -271 -52 -884 516 321 -156 -654 410 336 252 -114 1039 96 696 461 -224 -630 -751 382 -349 -853 777 -708 218 -164 -286 -216 -380 263 179 -339 336 -87 -271 1363 -209 -785 901 -332 -506 -111 107 159 484 -993 126 1233 -435 354 13 5 -897 160 -209 -664 1373 333 87 -64 410 -698 199 -978 855 1190 -719 890 -479 621 -585 -53 -298 120 70 882 -1181 1102 -875 305 290 711 -43 -269 -516 1510 -866 -746 -184 125 -318 787 -306 421 -1161 141 -221 429 208
947 -688 -203 216 -782 1233 479 -956 664 -523 1168 -788 776 -1196 1066 245 -682 508 394 -1034 365 331 -318 -342 -487 -281 -929 -239 -375 -28 243 157 -443 -222 -166 391 6 -222 1950 -1031 664 -264 368 -300 -70 -164 309 243 -777 193 11 -860 736 -1621 670 5 -461 -457 632 -1055 549 274 -1191 223 -508 -400 768 -828 894 317 973 441 -1092 521 450 -615 639 -196 -372 1180 -998 126 -36 131 181 -931 -244 802 -1322 -317 1114 265 -1248 237 1006 -1382 -567 313 440 -129 60 422 -1177 1036 75 -295 510 681 -1128 653 -1208 467 189 498 494 245 -972 249 -7 -180
119 -533 -935 453 110 -1057 278 -582 1118 18 -7 370 97 140 -632 663 -248 -53 -188 314 535 -1 -255 576 -298 888 -486 -86 412 -11 931 -725 811 1045 -443 -1391 1386 -1023 344 542 422 -24 109 152 -624 579 110 926 -377 -125 44 71 515 97 14 31 967 -1306 -327 857 373 226 -96 36 640 -352 -88 373 -743 438 47 621 -570 -426 -122 -456 -708 973 -154 -212 313 -466 -766 -428 693 -729 329 424 -292 86 -35 -632 439 -627 1021 -313 281 -618 44 -417 -771 1673 -1639 440 -274 261 643 596 -159 -602 1115 -311 -276 -366 342 277 -137 -442 -97 67
1350 506 -813 786 -113 -338 234 -1176 -347 395 140 573 616 -322 167 550 -439 874 -82 -763 864 127 -1006 937 171 -249 402 -937 -542 -96 934 -710 -132 207 1112 -464 -1431 251 -345 457 -506 538 -705 -154 -233 -749 283 808 -847 491 -322 146 453 64 310 -1441 504 545 -1324 269 -357 1169 -388 384 1207 -841 137 -593 471 195 55 260 -442 -308 -382 951 -1569 -326 1618 -686 495 -107 259 -312 404 -813 -424 562 -46 301 498 802 -1045 248 -1865 370 -101 172 1226 -850 352 -915 527 -283 -52 292 -629 193 810 -99 40 335 -553 1203 -180 -642 -77 1572 -815 -210
247 -322 -176 -49 62 358 -666 545 482 -737 -444 -913 552 -980 -138 1583 -318 -148 -374 1028 -898 92 -527 178 212 -634 706 138 -699 -551 389 -231 -523 100 -1047 344 84 519 -259 649 -66 894 73 -404 -32 -438 802 -1497 321 179 -743 155 67 677 47 148 -128 -143 -550 770 -521 -61 -375 -795 641 38 -281 -140 940 -1284 1538 -829 1063 -203 -61 722 -800 -228 -367 1278 -84 602 -469 -349 328 183 353 -228 -143 -669 439 996 179 763 66 -1687 854 -1093 423 -419 -153 164 -767 337 7 -275 -258 -6 -892 672 709 -1454 291 -577 832 623 -540 230 66 -127
1054 -860 -839 562 -237 -881 42 -780 645 604 -270 240 -542 -724 -503 596 138 301 -521 384 340 -50 123 -464 -686 -263 -295 442 -89 -1315 -68 1498 -519 -593 707 -91 -1448 1241 -195 -363 732 -260 -81 327 -382 157 753 -704 229 58 -396 -730 -96 274 -416 585 563 -508 -29 -894 -68 -490 655 -407 -666 619 408 -338 -367 489 33 157 209 266 -630 552 281 -687 -132 194 -574 221 1005 -960 198 -712 -379 810 -399 107 -1224 -752 957 -479 509 -133 182 1189 -264 244 -403 502 -249 -985 393 347 -609 135 292 32 -384 484 -87 133 -548 54 149 15 -725 693
788 1715 -1517 -210 425 705 -422 407 -716 770 -74 -188 -173 -405 -1247 -483 709 189 -75 -1817 930 32 778 -787 363 370 -389 307 495 -411 -1157 146 1134 -1054 -484 -1083 988 -932 183 -247 -618 215 -12 750 708 -60 -646 540 -725 296 525 -448 -1554 -51 -1033 247 0 -995 1447 -576 -773 -228 276 177 -536 -885 -165 387 355 -74 -1060 147 97 -1118 795 -189 -278 -421 391 271 -96 -237 1041 -828 138 -121 671 -294 212 665 514 -60 -975 539 382 89 -378 785 -641 1232 -607 782 195 277 -590 822 -225 135 656 583 -814 -104 153 -728 92 -56 -179 -586 -756 632
401 195 731 -1005 341 -1042 -409 1019 -1347 593 386 -296 399 -1573 888 -350 579 -308 467 764 -643 442 233 536 -799 201 778 -355 -704 315 -442 667 -1146 603 -331 431 111 -641 31 330 -391 -449 -1361 -459 217 281 -594 795 556 -199 648 790 190 634 -1753 1198 -776 509 209 548 -319 -346 778 -184 1105 -327 71 -122 420 857 303 -1580 729 377 71 -491 296 -503 132 -338 72 -253 263 667 567 -269 -103 412 190 59 -462 290 314 -699 1110 -711 -962 1724 -1679 220 279 491 -853 91 129 -1355 380 -813 784 418 1021 -785 1308 -711 417 636 574 136 -413 152
662 39 264 374 340 -552 1171 -1417 293 182 -801 1090 26 -410 -810 183 759 -491 -465 -245 404 -11 -318 1045 79 -469 202 1178 -548 20 226 -613 299 -1035 -151 236 186 -231 994 -384 -291 53 265 25 -221 -440 -63 -296 75 -165 -528 -112 646 -468 -264 -199 -166 75 -153 -1539 236 465 -163 4 -492 646 751 -2042 296 -421 911 579 -2401 1145 365 32 -95 6 -477 435 -95 -589 -26 -546 380 314 -889 -554 151 472 53 -539 423 -944 262 1221 -888 -781 -5 -44 365 -87 573 -125 419 740 -330 -383 246 -973 -952 1422 -78 361 93 389 -360 138 628 -603
320 -933 767 -80 124 439 -580 -205 62 -34 -4 -196 744 -794 187 -27 929 1169 -522 -464 -702 1281 -885 430 844 -993 40 -110 -236 284 506 -39 709 6 -175 -417 -283 -164 -6 -28 1407 -1158 -34 896 129 -138 754 -405 1123 -914 1125 -119 -244 -753 92 1184 -360 789 -150 -67 340 -445 -410 589 -1320 -80 724 155 516 -1419 712 1322 -1052 -302 -185 84 -390 953 -600 -921 469 -423 -671 24 1292 -16 470 -513 -157 787 -894 559 506 402 92 -494 274 7 173 27 -971 485 -44 -928 1130 -420 -590 576 144 482 -866 -270 90 169 -527 112 -514 405 -26 -1485
-581 354 100 -141 369 -198 252 461 188 -245 -147 -205 96 -21 -426 -855 -101 1571 22 107 -556 -510 503 624 -1068 888 -470 -147 120 -469 -528 -476 677 -508 1737 -1688 1044 226 -1157 39 -976 962 -295 -143 -365 327 -413 -456 -204 1082 -882 401 578 -583 61 57 835 226 -76 -401 867 -759 -147 240 503 -239 89 52 484 97 -333 680 -672 212 -225 325 -379 614 -331 880 -268 1011 -576 -272 -838 36 155 -159 -229 -528 205 -682 948 -313 235 317 -943 487 -482 425 579 -1218 -155 149 670 -341 -353 71 682 -304 1117 -183 -1464 1144 -381 -42 516 -1014 300 -120
39 -946 -660 749 -1142 -519 -409 -463 116 708 -103 -78 373 534 -950 -82 -405 309 -223 553 -82 -835 425 547 -282 328 702 -201 566 -130 357 -172 340 -431 1245 -422 14 989 151 -1151 495 143 277 -358 791 -126 762 -494 369 204 -343 501 86 -994 753 -419 -325 -524 -802 1363 -614 1366 -602 -1228 387 -121 616 666 -105 -898 1164 -695 670 -235 -722 117 35 -53 -839 724 210 -791 258 5 -206 931 -378 353 244 16 -959 -838 685 -157 276 -599 -455 47 127 -818 187 41 -25 -66 369 -157 -9 -187 -229 219 284 145 -294 814 110 -604 1006 -801 -622 -653
25 724 562 161 254 -350 -301 -293 -27 -13 -70 -606 -522 1057 396 -348 -671 776 -654 1004 69 952 -750 503 847 -631 15 634 -303 324 139 -473 -897 -42 1249 43 -869 245 -392 -232 307 -478 476 185 -1028 1062 -946 490 -42 -655 -29 205 105 -89 228 127 734 -553 -330 -460 55 -35 315 627 -1065 682 -699 -1323 2154 -84 -128 77 -1342 1898 -1185 446 -239 -583 1135 165 330 -624 839 -698 -711 313 -306 -32 -355 1695 -517 -82 -383 662 177 53 472 -972 1228 67 212 -1093 -159 -100 103 -560 153 306 -431 240 -12 -272 -824 58 476 419 -307 901 867 -970
113 -207 -866 -293 -586 1197 -1118 839 -393 834 93 228 -1372 293 256 -122 678 -256 -910 300 -58 293 -171 -405 315 -215 633 -868 507 -129 368 -5 -310 -861 536 500 -345 132 -874 270 -377 -128 -540 65 -497 1265 -603 548 -226 -318 -135 533 -1 -678 523 -693 383 -276 106 200 -20 -994 -91 -289 -253 178 110 -437 -237 43 299 -749 766 -303 -269 100 -393 186 -457 908 -901 606 149 -228 -313 -24 405 -716 -165 -1200 136 286 -1623 541 928 -1043 -961 1018 -1198 1267 371 -573 98 546 -288 -743 -242 -532 398 671 104 -988 -71 -327 921 -588 -779 757 -622 634
490 896 445 -780 -1077 680 -918 -237 -101 67 -1104 585 -481 123 -335 -138 51 228 379 -389 400 -809 838 925 -823 -269 760 556 -987 657 264 917 -1115 166 -116 293 618 -1028 36 -403 76 344 372 -607 -217 -269 1205 266 155 348 -822 -1130 1168 -108 211 536 -355 -949 418 386 -193 212 -392 220 74 -212 -118 -800 770 -500 254 -323 -227 670 -723 441 919 -124 -986 -54 860 72 -898 695 -562 11 -59 794 234 309 -547 -376 321 -671 -418 1869 -857 -148 -483 -337 474 392 -1138 1081 50 -552 715 -715 0 -821 1199 1315 -1221 26 498 466 -308 194 588 -832
303 960 -201 142 654 -619 459 -102 377 700 -738 -167 -217 706 -1126 -269 639 -975 1084 -350 620 369 -1453 525 811 -87 -152 -202 514 169 -941 782 409 530 -985 278 -417 1176 -462 -31 -368 441 -93 257 646 -1541 -92 184 407 631 -390 -556 -39 -623 292 -971 -148 908 -1012 956 -78 -256 1652 464 -576 508 800 607 -364 1262 -1935 1367 213 -283 -222 -230 753 -446 -201 138 -652 680 -813 281 518 -96 -706 210 -380 530 -368 603 -1342 1563 -1135 365 -652 983 234 -199 -333 -841 86 -352 70 215 68 -385 -14 -46 57 725 -220 398 -856 268 -625 -295 403 404
-520 -158 1404 -1279 585 1226 -931 190 530 -84 800 -276 4 1089 -460 242 -188 -171 -102 -41 300 832 -655 -568 -349 -550 -122 668 252 -70 -461 -432 -300 624 -31 293 -504 244 -352 -1265 1564 -116 -435 511 -271 304 -540 787 -1347 1105 -691 -647 665 -524 938 -130 -597 547 -361 -19 -268 -689 668 940 -1388 485 313 -191 -641 1271 -231 -707 546 276 -161 -517 1092 -174 -374 -573 173 -198 66 -92 164 84 461 -291 -270 209 417 -500 372 -494 652 608 -784 -168 420 552 -1377 886 -1186 1129 -476 -164 -191 120 -96 -667 105 78 -420 295 674 -202 -870 360 -235 185
-316 -520 6 480 -1071 -190 457 -113 -358 38 655 -355 311 -66 469 -739 -732 63 93 -1016 519 169 -361 521 -547 633 -562 -789 625 -197 1268 -878 -789 981 -220 63 1537 -204 342 -433 90 84 -124 179 727 -222 358 -351 467 651 59 -146 581 287 -430 3 -52 -211 1071 329 -1205 290 135 -823 -259 414 -538 -10 -433 -390 -219 536 -258 -501 1265 247 -359 67 540 -54 267 239 -840 -511 556 38 949 73 -213 -525 301 1106 -1614 227 -254 146 -797 980 -276 858 -621 234 232 -108 952 -662 208 236 -289 -309 -664 1887 -1272 697 -245 485 -168 442 -469 630
-76 -762 -424 666 -101 -376 111 -255 -1734 383 1093 -99 -778 343 163 708 -918 -887 610 -1049 98 331 137 28 -147 633 -739 366 147 -890 231 1107 44 -914 -808 544 -464 -84 292 629 -230 -482 681 165 -406 674 -12 -605 1140 -1348 1690 -468 -199 1098 198 1091 -751 -587 293 -565 329 -54 -437 641 -1603 -232 1254 -86 201 -154 -165 100 -368 164 -394 209 -218 224 -835 -80 1037 467 564 -777 69 245 -145 12 -640 -225 -126 -226 416 -476 -21 -259 602 -195 -353 157 121 -832 -384 53 -215 619 430 -14 717 -719 -739 -24 -120 254 -875 1197 -766 -586 180 -700
-522 1024 -1264 -9 893 -447 223 1108 -1762 179 31 1399 -426 48 254 231 1076 -233 588 -697 -773 -278 1 -622 -215 984 -714 945 -984 -69 -656 406 -69 819 75 48 -862 -323 -498 1469 -409 322 -166 7 -1112 1278 759 -1241 -89 353 -750 19 -109 -783 492 -743 -580 547 -143 -263 778 949 -879 796 -280 277 -656 1048 -1248 762 -796 -796 141 185 499 -1523 580 -361 372 -1304 1344 -944 1317 -106 -296 700 -485 246 447 -13 725 23 -580 755 428 -581 -344 -922 894 884 -456 741 -342 6 -484 -822 124 86 1172 110 689 -524 550 100 533 -183 1025 64 -1143 -237
-268 841 123 -955 569 -531 34 236 -182 -525 -2 302 -557 -43 54 -577 -175 1078 1267 -400 327 -103 89 -264 -515 -1047 866 1051 703 -20 831 241 224 40 54 743 -216 -181 80 -765 188 -539 917 83 -326 -392 585 538 -1002 -253 369 127 392 -565 149 44 -579 -260 -64 -410 142 -78 189 -515 430 246 -308 442 976 -899 222 732 -412 142 566 -223 860 -89 -1343 448 -216 361 368 283 -424 345 1131 282 -1130 932 114 -346 207 344 -50 361 1343 -1067 -555 994 -785 845 -337 21 678 706 92 -598 507 -807 -128 72 -606 -701 859 -116 -171 100 585 -729
395 -1168 215 453 346 -1574 970 -382 -67 1325 -6 288 384 -999 1046 -1224 23 -726 164 40 740 -582 843 -443 730 637 -1438 -548 -23 -495 606 -1002 589 -591 -170 -483 886 -979 -317 1376 493 -1309 -66 5 451 504 -495 401 300 204 -1015 149 -525 73 1319 -440 -1100 524 -119 -549 597 -492 560 -162 103 -227 349 -567 -261 -84 -146 -1066 714 -362 497 185 -658 -319 127 195 -291 -154 -292 294 -777 768 -196 -113 278 509 266 -270 -342 -808 264 -1043 695 -153 224 -208 -146 202 -139 -461 -205 -893 785 -279 334 637 -205 -88 111 82 -774 35 548 589 -1755 1401
-952 462 -346 131 386 -644 -545 372 -722 853 -211 418 1383 8 -1041 476 -1053 830 -288 -320 -260 -1177 1580 -925 41 -50 912 439 724 364 -510 92 199 -21 -531 512 -218 333 -503 -308 57 46 -350 -596 -312 503 -43 435 -989 1445 -43 52 -546 -233 -263 1083 -388 -177 903 -290 -765 682 -155 -292 501 -843 1075 -888 43 273 47 -1347 207 -595 -7 1381 -459 -840 -234 -161 65 28 -962 310 -890 -218 128 -228 -809 639 -361 367 479 -417 750 -821 1401 29 197 -126 -213 -657 74 -217 -923 605 -406 -604 476 -18 374 -131 -380 80 -1150 -142 236 -19 -256 424
208 -1185 1132 47 615 -292 -41 -713 -320 -50 -1050 637 290 248 -328 475 -915 -1201 469 -107 819 -536 1292 -415 -203 -84 -59 -787 394 207 983 -703 -304 1140 -632 895 -1228 -152 385 -827 301 -792 381 -274 -135 18 -753 -169 -57 -435 1221 -799 900 102 -1126 569 -559 227 -195 224 -524 217 112 1067 -931 34 364 -488 -126 -194 1274 -1229 727 -575 -537 41 650 172 57 329 -213 -268 315 353 -4 -378 395 63 -799 -155 -139 236 -1313 1146 -1160 -262 609 -378 512 41 516 -177 321 252 -1256 543 -682 504 -295 -887 215 1165 -116 560 -53 -84 -263 -11 463 408
-499 -1684 -10 -47 1004 152 85 405 130 1053 -1462 299 142 -524 -173 184 -71 360 -592 47 -664 227 2066 -1126 977 -1005 722 259 -480 -318 -202 -130 -478 -1028 1064 734 -931 810 1047 -1107 -131 204 -262 392 -191 -680 1621 -526 -592 -392 -625 -283 608 -476 -177 -62 -348 77 -369 463 -263 -861 -664 1757 -248 -490 -25 -238 -151 -1045 1240 -523 -50 154 -22 -259 23 -594 -274 179 1123 -1804 -75 -409 148 -34 426 406 -971 21 -720 939 -1231 538 -75 -533 240 55 -407 323 -263 330 -1070 -79 623 312 -84 929 28 -657 342 -189 986 109 -203 -627 465 134 49 -640
999 -758 -928 -311 207 170 -254 710 24 739 -13 -447 351 935 -281 -1105 500 -904 97 703 -1256 -87 25 -171 265 -471 281 885 -4 418 -270 117 -112 -611 -217 -79 -1304 200 -40 503 -1198 -221 -71 537 33 -1027 324 580 -431 -72 386 -930 996 215 859 -572 178 722 -15 165 785 253 -1579 853 -195 -34 385 10 -410 348 224 893 -575 901 -996 1239 -1366 1213 -1172 -22 606 230 -139 678 -313 -675 590 -1074 517 -424 -83 -972 -266 -21 -39 240 -693 781 -704 -212 385 -121 1157 -1002 -277 -358 308 292 1554 -1113 198 -152 -289 409 294 -520 -248 -435 -213 976
297 366 -668 -137 -260 687 -126 -413 314 81 480 441 -1656 821 126 661 -1145 1193 -1320 14 -297 310 526 -1442 636 -821 99 259 -313 285 825 -456 785 478 -391 630 307 -144 700 432 -71 -790 -47 -519 857 -499 -14 -170 315 208 -586 -516 -206 -370 392 -462 -176 198 19 -555 197 -97 500 594 -431 -457 246 -984 514 -875 428 -491 -36 329 -559 954 88 153 -304 -443 205 35 -747 -13 842 363 177 95 -621 420 648 132 -631 960 343 -579 462 -98 2 422 -460 -436 -239 -431 -675 1669 -610 -1097 485 -132 -116 1289 -961 -911 -50 214 420 -83 -789 916
278 -257 -172 -269 -954 709 -1068 1038 -375 753 -525 689 227 -536 432 230 -515 482 619 -804 351 494 -551 380 -688 587 -779 55 -181 -175 -216 -20 -450 373 -770 474 -900 -90 74 -282 904 221 -626 146 -60 -23 348 -175 -361 -415 566 546 -887 -489 208 -149 -77 146 85 885 -1352 644 572 -378 184 -175 355 24 -770 507 -284 569 -43 -346 -61 -284 427 -220 226 -552 -45 -382 -240 -252 -572 522 -355 259 236 532 -501 -644 -53 8 656 -232 408 -867 632 -524 401 166 -66 357 -398 -781 1619 -46 1317 -1420 -60 217 403 672 -255 940 -1171 300 103 552
1059 -424 124 635 -978 -547 688 -1184 -462 240 11 571 88 -128 -284 1160 -759 1442 -636 -502 611 228 -321 1044 -1085 1135 577 116 -448 -163 275 -41 -646 643 -787 -130 -650 1012 245 -977 186 383 311 214 -443 890 -409 -2 49 -787 144 396 -751 -68 -445 -908 -694 1413 -643 -682 352 634 193 351 261 -935 332 535 78 -973 -244 751 -278 142 379 -1098 783 -94 774 -128 -1186 511 -105 -351 622 -229 -616 613 183 -103 175 -128 -250 115 -562 768 43 719 -582 -427 352 165 131 598 -324 -266 -490 1265 541 115 71 -1561 970 -149 267 -857 764 -415 -380 -693
1062 -77 86 336 780 64 480 848 -163 -89 -431 12 -804 1030 -864 -595 487 371 568 -230 -999 -485 908 -689 -381 -938 685 464 316 391 457 374 407 209 -137 -551 320 -235 -46 -177 363 -674 -162 385 405 -325 1112 -638 733 -701 -147 343 -218 500 -822 1205 -702 -205 2291 -1712 -531 291 -226 528 -45 707 -679 53 1372 -1039 220 311 -734 -407 44 521 -370 1167 -716 997 -808 -1221 819 -112 -975 568 1312 -1416 633 1105 -858 336 -1132 1587 -973 -445 29 938 43 -1067 -54 -35 319 30 947 669 -599 -90 -47 -106 816 -1869 715 -699 221 -152 527 -588 -114 404
-101 100 210 1047 -1380 924 -1438 -182 906 -566 1252 -296 -134 20 645 -1408 -544 947 154 431 -4 -199 861 -189 260 -50 -14 -429 -885 302 -462 623 -133 1049 -361 -62 610 269 70 -248 242 333 -1002 136 118 59 -577 935 -250 972 -1054 651 -1294 259 -226 -316 392 94 767 -175 273 687 -631 -527 789 -735 15 132 -80 649 -158 71 320 -320 -244 -780 213 442 597 195 -528 -208 -666 114 147 -765 432 198 -953 702 -174 245 -1186 62 117 498 161 -609 -113 326 -28 -688 458 594 -640 -443 1737 -626 928 21 -546 -616 913 741 -865 -190 977 -623 -593 -151
-663 -215 572 -709 359 158 254 8 -454 1098 -930 -194 1299 -1423 794 -315 -34 -55 -461 480 -59 586 -370 -414 -207 344 757 -329 632 -668 860 279 -968 371 -595 211 371 -138 217 -227 -173 -170 -612 361 -849 -669 1458 -782 -546 867 386 -89 415 -62 -631 776 -137 927 424 -200 277 563 -145 -1008 48 594 -508 216 -247 106 54 -917 483 127 1350 -1377 -293 117 -376 -170 93 -282 -890 -712 114 284 590 -607 489 -213 464 306 -196 793 -778 19 889 -620 1060 -1452 791 -691 1098 -140 -60 1100 212 81 -167 462 76 196 -498 -138 51 287 649 -18 892 -475
-893 643 -308 -119 1355 -1210 -304 277 423 -645 257 540 134 1140 -110 -521 -344 -385 324 -1714 401 1315 -52 230 -585 824 -793 474 360 -1662 921 635 -674 352 -1009 -663 41 -426 1296 -639 1358 -585 -71 152 353 -688 -15 252 -252 -238 274 -482 -794 61 -656 146 -517 196 922 -934 173 -25 745 -903 135 -146 292 -14 263 241 408 -349 -77 -661 18 620 153 231 49 459 491 -75 59 -56 -960 89 -592 132 -306 164 -171 74 -354 -409 394 387 -275 426 -369 -218 -539 518 -1311 -629 -170 293 -126 -648 1129 -758 -421 -353 282 264 -616 -844 437 6 -878 1095
-102 507 302 57 474 752 -798 421 -665 624 -1383 -334 448 128 12 1113 723 718 233 -666 -525 -689 -394 393 -959 289 188 -1229 290 -243 -219 23 492 -593 597 113 10 -662 1188 -932 -626 184 449 -347 76 1048 -2466 542 443 -295 1452 -475 223 -943 -41 286 146 -113 195 -389 853 -301 621 -442 262 -287 63 -1209 619 113 664 -640 614 466 -336 -292 -371 -596 -169 103 509 97 46 -284 1227 -1039 789 -554 -906 255 -325 -359 761 -208 -322 -19 13 355 -606 -533 1501 -390 -63 -705 408 -623 971 -559 801 194 -785 248 -224 -475 -55 -696 1518 -1045 401 -833
-411 -439 -97 -480 345 -490 517 761 -1543 1105 -313 -352 373 -564 -720 279 -482 -405 185 1026 130 -160 -347 -986 599 -326 334 717 -462 399 65 192 61 -19 1006 -563 563 -820 -251 1236 -490 -660 -70 231 -265 47 744 -570 -680 -494 682 266 222 183 -540 -765 153 880 62 -364 -332 269 33 633 -435 578 34 340 -417 31 -561 425 203 101 354 -292 154 -123 -466 -348 -258 312 432 -565 1150 -1113 1437 861 79 -753 607 -661 708 -717 691 272 374 -827 1374 -558 41 702 -21 -661 798 -121 -7 1247 -343 124 100 -122 9 654 498 -1057 741 -365 -955 461
1978 -546 480 95 1352 -771 -209 1090 -51 -521 531 -660 1180 -327 81 -1512 983 -524 751 -594 -140 1671 -573 -922 293 -722 -184 311 30 -777 233 1043 193 -456 90 -469 941 -18 -11 749 -1238 697 96 112 -117 -101 -257 679 -231 -276 -164 -139 -825 641 806 -17 -1006 460 -79 452 -422 612 -951 -22 473 28 -581 -938 693 -631 -264 -159 595 181 -111 250 18 114 1258 -631 181 -628 505 134 -659 31 -905 1387 -778 621 95 -458 216 298 -560 203 21 53 76 395 654 108 -339 385 -285 -54 -231 197 771 -664 32 -754 -31 281 -1369 118 923 -209 -504 336
-421 -256 -226 -697 1020 -186 295 121 437 -297 48 -135 557 -702 958 -442 -248 615 -210 -316 380 399 -461 1476 -809 317 330 -43 6 2 -1143 464 342 348 273 559 -2353 -39 68 334 171 -660 615 -765 -690 1765 -7 -705 684 649 278 -110 -237 270 -214 572 132 -143 -1133 391 325 -392 -217 467 -84 42 861 298 317 34 233 -998 247 -16 135 -718 -108 686 -105 -272 317 602 -645 74 1023 -693 -184 -334 503 494 -333 74 331 -446 -161 880 -1028 71 111 -536 468 3 -146 230 1041 312 -570 235 365 876 -618 2010 -1333 250 945 464 -652 987 -655 727
965 103 177 -238 -475 -767 171 -452 1174 -959 402 1058 -535 -40 747 -489 -909 332 -445 838 -1191 279 -808 -182 816 -1004 1280 -909 564 -173 451 -25 -1062 436 346 1323 -194 -92 -9 -465 -649 999 -562 791 -519 -691 852 -83 -918 1223 183 184 289 -479 382 158 59 645 -52 -72 -356 -878 360 -295 623 518 -884 684 -75 539 327 -192 -154 -277 -1 -65 -310 -753 1122 -396 164 494 -548 251 502 601 71 -74 -739 -249 336 -466 555 1077 -435 259 -624 758 -1051 116 -921 334 -857 -108 -308 517 106 590 -485 -362 -161 -303 -168 -337 -260 504 703 -1084 833 191
-566 265 -252 305 -875 434 -661 -89 819 -1206 149 41 -322 32 -902 -111 2016 -893 -536 1602 -242 -918 175 697 -365 -512 -206 524 -1762 729 -114 626 -507 696 -814 -134 478 -25 544 510 -655 -589 190 146 395 -185 -95 -495 508 -906 337 21 -383 -216 -371 -1098 1150 -674 221 450 -676 -1134 715 -1149 32 304 -221 -1093 43 500 331 -407 169 -305 -318 -536 -187 -448 -283 -118 -168 -51 645 -429 -69 -1417 -464 1037 16 365 -429 -754 -763 -61 -441 629 -486 -123 518 77 -113 302 -809 365 -660 -811 169 -840 1264 700 -576 202 193 605 534 -1750 1672 -32 -479 -94
-609 573 -555 1811 -1714 -423 853 -545 67 884 -256 -641 932 931 -528 345 230 -74 -244 1293 971 -713 -1197 491 45 358 59 -272 -135 -966 652 -172 -157 11 117 213 -534 -470 310 91 -127 -1109 618 841 -859 654 672 -971 229 -1562 194 560 222 -780 -308 895 -955 229 -50 685 -622 740 -99 -203 552 -248 633 73 -573 11 -269 -113 536 -597 673 741 -683 620 -294 -842 -113 -159 -321 686 686 -476 -868 448 -552 -103 -1003 1416 151 -8 94 63 -244 -1 -477 96 -262 -19 -355 117 936 -348 515 -569 -283 160 -543 -372 -582 1003 -281 -259 417 -503 873 -369
484 -631 397 -634 922 743 -1514 441 826 602 -441 -420 -575 -479 49 -84 158 613 -699 -374 480 633 -605 -287 348 61 -104 -66 150 -1091 784 184 -204 64 -276 680 351 -878 979 -364 -779 781 -914 193 950 -136 473 417 28 -26 -606 -115 -79 -701 37 -39 43 -344 137 -605 777 -1384 261 -281 -937 86 51 307 -547 594 -256 1095 649 -1606 720 320 125 134 861 -425 -267 -252 301 -691 -33 3 -256 548 -585 712 -361 -1471 -928 787 -757 -558 -585 1253 -530 -670 1357 66 -296 -30 -624 2186 -1558 1269 -315 -745 256 -106 -1336 749 -126 14 750 -963 179 625
-291 226 -849 359 -1576 567 -268 858 -1157 332 565 253 740 -1035 100 546 -465 -707 185 -250 -184 871 -842 -1081 635 -167 -98 1264 -1085 1062 -403 696 120 -142 -827 625 -1061 -386 227 -98 178 -395 -405 -768 616 -424 123 -522 703 -94 -558 287 -561 356 -177 -393 1675 -1768 -707 105 100 584 288 -447 -100 396 -203 -288 -792 -123 -674 560 995 -1236 -206 904 -582 -444 252 402 -191 557 259 -383 1352 -633 447 -117 669 372 -138 -94 467 805 -472 1429 -1135 927 789 -901 323 215 57 -402 -818 1183 -184 -154 817 -880 -1133 958 -278 -1319 -271 -513 494 -8 142 -620
1303 -423 604 -569 870 28 -561 219 -111 -1719 911 -1063 108 -33 -458 104 1595 -946 -831 498 -220 -1020 1379 -1754 506 -790 -1157 -134 1383 -1032 -504 979 90 410 -298 811 312 -869 821 -90 460 -57 -191 320 517 378 -598 796 154 -392 1571 -1144 -76 -661 680 -1503 774 513 -225 325 -1274 352 -557 649 -75 1083 132 -925 385 -273 -937 88 1162 -460 -45 18 -491 -199 -483 146 -786 556 -803 -73 -333 161 541 194 -450 975 -962 726 -1583 520 -128 -104 -237 411 -280 610 288 -313 -127 44 -460 -410 284 25 -48 574 -197 430 57 733 -1086 -32 -256 32 -175 -131
379 -120 599 54 -1441 383 472 -29 553 -756 -411 467 -747 -303 921 -435 1179 601 -1004 -239 1403 -1393 805 232 191 81 43 -859 9 1331 -202 -949 416 358 -555 -55 -329 654 -187 -630 1025 -443 -793 537 446 -1373 145 570 511 -1548 824 -468 1144 -123 266 -825 105 -332 641 748 -157 429 -743 602 -570 269 437 1415 -1111 1040 -193 -3 -1027 1234 -367 114 667 -762 190 -219 194 654 -442 -209 1188 -667 944 -615 -240 115 579 -444 -536 233 -1219 772 -564 208 332 -17 -638 1319 -145 968 -441 -686 1165 -233 -432 -842 -215 364 771 -1018 753 22 -355 -229 591 -1936
772 -308 54 1051 -309 -413 840 -23 510 445 271 545 -1005 -313 -541 903 900 -750 200 120 1166 -448 67 -228 -28 570 -1321 468 -1104 -65 1595 347 396 -1282 34 539 617 -255 -468 604 -35 -282 238 -618 822 -480 -35 454 415 -90 -831 650 -840 -507 -225 -564 737 -1161 -159 570 -970 -24 -264 644 -508 634 -890 -528 1174 -839 189 -570 1069 -630 601 -1701 1083 -42 -582 -939 -249 -109 -712 489 -1783 1837 -1170 1042 -340 -861 786 156 298 123 634 -944 192 -60 -749 781 368 -1675 136 317 1145 890 -1336 1278 171 557 -1073 -98 -293 376 513 -822 -17 845 5 -421
877 -801 -662 1398 -1070 45 -710 -106 515 -283 327 643 -140 283 -975 -320 198 118 -511 -239 924 364 21 104 78 1009 -299 421 69 -722 -414 136 2199 -608 -258 -310 -266 1052 108 475 -140 -337 -83 694 172 -1012 196 112 255 172 189 -467 1095 603 -1541 525 -652 -118 -314 69 677 86 -534 -163 -317 1253 -538 397 -684 277 581 475 -1215 1351 -409 -722 489 -690 881 778 -1806 1100 177 -251 481 -1153 498 -462 353 -480 736 -1046 -308 178 -151 -197 160 -592 271 -566 333 456 -370 -210 -231 550 607 -545 422 454 1290 -852 -346 -324 342 -588 -35 484 -408 205
-122 443 -218 314 -121 -428 1333 -1260 396 -432 -858 676 117 -252 -288 571 63 -146 -1484 1074 -167 -430 762 -469 57 -385 652 -548 -162 542 -1346 883 -78 -522 1086 -117 257 170 -831 785 87 208 -177 300 848 -425 -1204 242 -310 -318 164 -354 -133 870 -443 36 217 845 -293 -116 475 -438 426 -342 -676 482 -275 320 11 -1036 227 581 163 788 -800 687 931 -1446 521 -921 183 -607 364 557 -624 478 235 -620 95 -278 559 174 -197 854 -525 147 323 114 677 -412 -36 -171 624 -652 -496 -512 486 -38 -87 -117 -238 1073 1219 -529 219 -641 -43 34 150 -332
-139 20 -640 560 -383 186 -45 587 -62 139 65 311 329 349 -609 -552 429 309 -541 -179 -252 -1476 1299 -997 817 -62 -215 623 1054 -840 336 -600 1225 -1221 -133 -442 714 272 133 -559 -244 -907 586 -712 417 921 -794 -1070 869 -773 217 -487 387 81 -87 -201 -624 602 -268 30 396 150 -44 411 -268 1070 -1185 488 20 -539 -427 -225 683 -45 681 -168 628 -31 49 62 212 -1142 1010 611 -1000 179 341 -279 724 -771 -68 -275 514 -536 -241 -925 -412 201 -335 539 22 926 -760 705 -393 474 -279 -302 710 -1093 416 -928 200 1522 -953 676 224 -389 -57 -860
997 -208 -127 108 -195 -98 -251 125 -116 442 -239 -99 -143 91 594 117 433 -1183 174 887 -148 -787 344 -694 -389 1252 -1145 158 -348 97 336 90 303 -171 -369 -1095 465 -455 -170 864 -960 -233 -287 -156 -180 495 1143 -376 -1318 1061 -600 -1100 -241 1219 -73 49 -876 623 -134 -681 731 -587 586 -612 291 352 10 780 465 -542 678 275 -614 357 -834 -465 69 1490 -981 234 -536 -155 567 -70 -19 -267 554 -832 -158 484 110 -16 -177 1865 -622 452 -131 -895 23 46 -234 1146 -79 -904 221 548 730 -1675 881 -1016 1222 -1027 -515 84 41 229 412 -299 1347 -1161
455 233 193 365 278 40 105 -1291 -101 790 51 190 -1312 840 -476 565 -568 650 -690 -375 659 6 241 -872 1476 -1809 94 1389 -299 498 -212 26 453 622 1066 -1326 821 -1115 521 94 706 -756 -638 174 -96 44 -393 -228 1328 -114 -180 -646 -784 65 482 504 381 13 -97 -229 1172 -371 -261 -826 1202 -33 -448 671 -848 -777 778 -229 -172 774 -125 -354 -136 736 -1135 298 -127 -665 1139 -690 148 281 -352 971 59 -183 -45 -999 238 510 -738 -359 392 -27 26 -527 281 -75 720 -200 -16 566 394 -640 1030 -784 730 -533 337 -286 -663 52 -448 -134 276 -341
-1668 138 -267 169 735 -51 524 740 -1104 -70 -224 363 -186 -907 382 1067 -497 471 268 -563 593 -1142 -54 -463 204 169 -536 -259 -341 194 254 46 -736 498 -24 976 -235 -88 1269 -455 261 325 546 618 45 -203 -592 118 -375 224 986 385 -813 -649 51 -658 747 527 43 -1261 679 -1154 190 -560 21 53 -469 847 80 697 -1336 226 496 -504 -650 448 -412 17 -186 1158 -866 -263 -348 1233 -328 -1013 668 559 987 -384 113 345 588 -947 783 -84 -407 -1436 313 178 7 451 -1105 373 -950 -1289 983 -245 -1394 790 -243 830 -320 300 477 -13 -300 72 607 -279
104 -394 -209 882 -1708 422 -78 -569 457 -259 273 1123 -1576 324 -126 -1064 123 -628 241 530 841 393 -221 -130 260 845 -889 1325 -1252 -140 254 890 -220 -343 288 -544 417 511 581 -251 92 251 -1098 841 204 641 -60 28 -491 -361 485 123 46 585 -1214 -812 903 408 518 -595 1208 -746 295 393 -740 -979 1092 -238 1147 -978 1358 -435 166 220 -187 351 -151 -908 -695 386 130 -533 176 19 -1060 328 -740 65 0 -585 566 -218 596 -80 -1124 294 -205 -1009 83 -185 -139 -352 271 823 -557 432 226 -156 -1 139 496 -831 794 -210 550 390 84 -315 -380 669
-316 666 477 28 211 661 -610 630 -516 912 -1218 -37 255 -12 789 -657 774 -1218 499 -1233 -32 604 -614 128 -452 -106 -202 597 1322 -529 -139 -536 1571 -151 -752 -137 902 -837 -244 1229 -1130 1733 -781 -299 273 328 133 -705 -494 -1199 272 73 213 -87 425 -393 -691 197 854 -238 -107 -165 -138 1112 -944 -209 -1089 1161 -351 -346 -29 -834 979 129 -825 740 294 -124 253 -304 214 288 144 -57 997 -649 -89 160 -495 201 -836 244 13 733 767 -463 311 -1121 832 -505 69 1497 -1339 819 720 -1035 768 -219 -548 810 -385 -87 78 -732 621 39 -671 626 -583 564
603 -160 348 -768 992 -209 -630 1054 -1045 -485 950 -70 -1932 408 230 1707 -1893 862 533 72 800 -502 -283 940 -289 132 -32 -583 123 -1069 259 -198 -513 857 501 134 -1195 1180 -1153 229 -304 -908 1345 -678 -515 240 1540 -287 629 -205 -1013 185 -981 343 266 -179 -833 372 1127 421 -889 -362 -871 529 -303 148 -249 591 -143 248 328 -868 1412 -1542 98 -470 4 167 -1375 465 -464 -251 178 1234 -488 743 445 1005 -712 -241 348 -879 -650 921 -1213 1342 -60 -393 700 -191 -185 -282 178 -242 481 88 453 143 -110 -168 152 1340 -1371 57 85 490 -845 1239 340 -702
-3 -73 136 -158 -233 -498 -126 447 317 -57 -259 71 -386 -688 -875 780 793 -1377 201 -179 -16 218 217 -763 568 -317 -586 807 38 -91 125 690 -64 -681 145 1231 -883 560 353 -978 408 -312 -1125 250 825 -538 538 -148 -3 898 -670 944 -933 52 307 -374 11 -1660 691 851 1505 438 -166 -797 917 -863 712 -324 1113 -570 663 -760 1099 1141 -373 314 219 739 -739 393 273 -161 -444 143 185 -293 -611 296 718 1200 -814 575 -206 569 -704 135 681 -25 -290 -692 1304 -425 582 -573 -854 420 901 -388 472 -1461 875 200 1007 -582 -749 462 -256 -802 35 208
745 234 -1513 379 604 -749 593 330 -742 1169 352 296 -257 -963 1177 -992 364 148 -1067 -119 534 92 504 -648 269 -779 368 118 -608 -498 202 -244 952 466 -1199 581 1182 -417 -110 1566 -182 -249 -595 -329 116 -6 486 -675 -68 424 39 197 -722 472 444 -1175 1351 -920 -410 -813 -393 -45 87 -280 -796 856 -244 -714 55 216 -994 1169 -148 -560 254 -153 136 -377 101 -541 120 -1320 223 -160 -852 1792 -941 -36 -425 -910 953 -109 -296 279 -64 -1177 262 410 1221 -1485 293 236 -503 1057 156 -673 -557 1901 -663 -147 101 -1069 -71 290 -77 -1269 1329 2 104 434
330 508 43 -1156 535 -821 -500 262 1039 -72 276 429 351 -58 307 -172 -669 1433 766 -1167 -33 -28 709 673 -147 552 8 -535 -696 638 -384 -24 -357 549 32 -1182 1094 -402 226 -735 690 484 -606 281 -715 838 930 -293 346 -329 1084 -419 -621 595 432 -49 -343 277 1402 -5 -338 358 -683 -154 -391 -120 -382 -1 -959 1290 -536 -283 193 217 450 -195 74 -591 846 -795 1175 467 59 -774 855 -90 491 400 -384 -855 577 84 -1401 983 -491 751 -162 -320 -518 -149 825 -552 -122 -364 342 810 -492 242 535 317 242 251 -916 -23 -249 -317 518 -230 -376 979
-715 6 927 -255 631 136 -990 -328 99 -656 724 -387 596 -193 419 787 -1588 -20 223 12 -496 690 -684 326 236 -390 772 161 -293 -498 626 -514 783 -128 240 -982 187 521 -565 -360 651 -391 279 61 -759 771 -1906 872 610 365 -734 195 -683 313 10 149 21 -157 -717 533 -135 904 -1127 527 455 1226 268 -1579 -100 678 376 -264 495 -428 -25 215 27 -1311 208 182 -221 145 -142 -243 678 497 -43 1239 -1183 -101 547 -244 -141 -522 -887 1681 491 -406 1309 -254 299 -169 -248 -283 -725 354 1092 -1003 11 568 25 67 248 175 -1680 -291 834 -191 493 473
999 -79 305 -575 124 -2 1031 288 -200 617 410 -1531 924 184 -50 -914 457 -213 386 -1030 -269 711 -973 -234 -91 315 -207 -483 170 263 -145 45 -195 150 486 841 -1125 1510 162 -602 -139 637 -953 1106 -248 295 -663 -63 -727 1517 -158 -712 -135 813 -1358 65 80 41 688 -565 133 -61 -176 -661 87 251 816 -1183 -319 -161 -515 371 -524 333 -404 1194 273 -1279 253 -767 994 -1426 1043 -2118 263 -440 -351 215 1267 -450 1153 -380 327 -354 -563 -285 857 -199 637 -1086 182 -837 594 1 -1073 437 -234 -432 -74 646 132 -383 563 139 887 -157 -1395 777 -518 489
373 -43 -578 512 -68 -1049 -37 -563 -198 345 842 -1133 969 -64 549 618 -1030 235 787 -977 129 -85 50 478 -162 -171 -425 -75 -299 -718 380 63 246 -50 -358 859 -986 165 253 709 -440 167 -837 1133 -516 382 41 404 -584 -394 887 -146 -445 -115 -112 264 -211 890 -1267 480 51 1 830 -446 460 -357 -501 1345 -141 -583 76 552 -504 -905 851 682 -69 -636 -322 -324 702 -280 89 230 -160 280 -955 -1043 428 -1511 570 993 -561 27 -394 -425 170 -497 590 628 1012 -1838 283 -56 546 -1592 886 -351 -57 -434 641 -283 263 270 -628 212 812 99 -92 -674
427 968 -540 98 -360 460 984 -1051 -356 -372 -147 95 63 -134 -1230 341 625 270 -620 -28 -184 63 199 -941 323 485 -470 170 717 -656 -360 1059 -534 -382 -856 445 -736 -445 720 -1078 61 1007 -438 -211 593 -201 715 -556 258 610 122 -670 887 -758 -48 -610 -118 751 -22 -161 -233 396 -559 113 -961 1092 -1244 -1021 666 388 -1202 1141 235 -739 541 69 234 -268 551 324 -1153 829 -529 -467 662 -301 1942 -1577 940 -74 -669 396 -29 592 -412 285 -751 708 -1198 425 329 935 -496 -197 1718 -460 -472 752 -111 -699 231 -626 -106 1519 -1477 776 -1692 -65 633 -41
83 -433 -269 1686 -1027 -429 364 151 -216 165 121 -331 220 -14 78 -1627 158 265 1029 -816 714 -384 -399 1419 663 -473 83 -462 827 -373 999 -568 484 870 150 -721 -702 1036 1239 -718 -239 -120 101 491 -46 858 -1171 269 -118 -286 683 114 -399 1106 -402 443 -863 15 342 -811 -252 458 718 -243 908 1008 -1080 29 -151 110 121 -1330 -229 63 1155 -108 -642 -1444 434 576 -6 763 -1710 862 -1469 1246 592 -1113 -454 34 -355 857 -955 -104 697 -482 828 -1194 1682 -838 -80 -51 -47 -157 62 -223 447 -814 256 746 -355 354 -93 812 159 189 -117 498 -183 702
680 810 -1563 54 424 -666 -714 -177 338 -465 -63 625 417 -427 -68 -690 510 -89 -206 532 40 -400 -431 -487 157 -79 -998 738 201 -1329 -255 700 -985 569 83 1133 -860 -251 395 1818 -436 559 -1797 507 -479 -642 855 -871 -159 248 -1179 980 -700 709 -103 392 -956 1698 -1197 594 -1021 572 -1638 708 -885 800 884 -933 188 190 -121 948 -455 -954 -595 869 -506 -80 576 -133 -712 770 496 -618 -351 252 -734 349 295 -1282 559 -1118 510 487 -549 -263 701 -333 -368 1054 -464 422 108 -851 -307 742 -529 -289 -712 242 -247 -315 -610 -321 407 -744 715 -1461 463 58
757 -221 -198 453 21 -643 637 -91 -640 -884 582 -576 607 -106 -325 -73 324 44 138 363 -88 67 821 -542 -414 858 -773 532 6 -41 -359 228 -1079 -518 -543 275 -1398 1380 -1281 -391 970 1131 968 -227 -143 -166 -103 666 -52 -419 550 -341 186 -207 -270 589 -251 -187 455 139 -494 -207 -228 849 -605 -1206 58 97 -1108 1013 -1645 1331 -1099 450 224 -42 -248 -15 -109 427 -216 185 787 -379 447 551 -124 609 458 -749 -1 290 207 469 -1099 1060 -768 -227 214 -149 -147 -1131 918 -862 236 1494 -131 -1474 460 -195 690 981 -214 582 689 -1209 361 -206 -169 -626
161 1546 -818 487 -1510 -364 -158 1117 -929 386 -110 1057 -727 -480 -273 -77 483 687 431 724 -840 -1563 970 227 -833 278 -449 566 732 -266 780 639 -38 210 464 -333 -261 -467 -336 654 -1580 196 1012 987 329 -294 -325 -118 270 67 -27 -196 293 1065 -258 -1345 46 198 135 -188 669 -1853 -619 1396 44 1002 201 -1063 881 -561 -54 -51 1027 -436 16 -940 -510 -740 -456 399 -159 153 -428 -122 898 -420 751 -732 -656 1106 61 -477 -799 633 -154 -172 -89 -792 691 438 238 -127 -84 -303 -480 -946 806 227 -350 -859 -49 209 -703 696 192 306 201 631 -1208 919
1012 -271 460 1094 -310 285 -1250 387 461 -104 -271 1104 -84 285 -861 73 -1724 1396 278 -314 1343 -299 -549 -336 288 431 -295 -123 81 -267 -105 -242 370 -690 497 438 139 169 -102 -307 -124 -132 -833 -445 436 -47 -994 785 -263 -773 -34 -161 655 74 346 250 -741 410 -1 -229 1441 -78 -1434 756 -454 -241 977 569 -406 552 -781 -491 377 -35 505 441 326 -1291 1023 -1281 240 1230 -839 -939 -223 264 455 383 -1105 -441 771 -45 -382 -103 334 -939 488 -903 391 -789 72 -413 530 150 77 831 -127 -251 60 1383 -1484 559 -804 234 -209 -520 -134 634 -293 293
-457 221 -67 397 -527 1018 421 -1283 -75 -4 -90 -61 -6 -86 -32 1306 -1599 66 445 -822 632 711 -460 -273 -452 -288 -441 517 -531 693 -937 -164 -190 -528 -216 -787 -191 675 -500 444 -126 917 -573 -72 -288 -348 -1336 672 531 -330 156 -1348 1366 353 -28 -194 -290 293 -909 429 -33 -412 -15 -618 408 83 -1133 1226 -433 -54 102 -605 -281 880 -37 -166 385 -22 -461 674 -1173 499 -152 -417 850 -564 -969 653 473 -1283 1192 -556 583 611 312 -216 -387 332 78 6 -252 -127 -908 851 -884 -466 -220 320 -49 61 -156 -907 262 402 -526 -56 -790 161 314 396
322 -114 -308 10 -191 -821 832 -173 -816 103 1451 -1689 935 -612 -311 -58 737 -66 -321 -1102 788 47 -169 140 422 511 -1158 379 572 -274 66 -45 482 -379 928 -308 -211 -917 213 32 -349 131 205 606 -199 -326 202 -722 -376 -61 156 209 -186 303 -765 -29 415 -938 752 171 -157 -88 18 -6 518 -802 -142 -476 154 920 -216 283 -233 -254 953 -516 491 -697 474 1042 -562 -298 -68 249 -324 975 -142 515 -261 -27 -7 -745 441 643 -648 -87 629 -922 724 -191 503 927 -899 133 603 -757 643 129 -320 1135 -298 239 -1167 969 638 -1587 439 678 137 -908
-274 175 -27 323 376 -1127 497 -484 -50 193 -190 384 -621 458 -45 -935 399 -264 209 -539 -14 1326 -570 -63 224 -217 237 -212 -459 694 189 -3 -618 -335 733 149 743 51 -417 775 212 -105 804 -609 1484 -341 70 1013 -687 613 -1124 387 -602 1303 13 123 -1369 -133 297 -289 268 1026 -600 -220 267 818 -401 -166 -117 -427 -459 891 -921 -130 894 -1163 1048 41 -1364 940 306 -495 -777 2 591 -424 -41 -2 -771 291 386 -91 -77 177 -1 366 -202 -191 -786 -352 955 161 -119 356 -297 -436 248 -399 -1080 682 -109 -287 -964 1332 -1309 1266 -838 363 654 -329
-461 -821 858 101 853 -4 71 -73 -20 -35 -114 83 891 -2158 1088 -5 -1546 8 1088 -483 -1381 -58 149 159 824 -237 516 761 -842 444 -714 362 1465 -1729 -802 282 64 -864 -294 147 -147 -351 13 -481 270 316 245 -536 934 -943 417 -32 1 -751 500 85 539 -48 19 -368 -685 71 -47 -238 64 -236 -300 576 433 -241 494 -276 686 -530 578 124 539 -264 85 555 122 972 -1267 917 -4 -166 136 -172 617 -322 -39 -34 976 -1103 320 -38 111 1058 -848 -554 948 -611 474 70 -765 1384 -24 712 -796 502 -442 199 -261 -636 -17 -102 991 -277 1013 -797
398 -323 498 -1423 258 -399 426 -609 1084 -547 -613 830 578 -78 660 -114 -245 -52 227 426 165 998 -1155 -260 -208 128 -335 -325 997 -444 -767 788 70 184 -616 976 -203 -982 543 -494 -706 277 -608 -606 48 -470 -192 861 -1063 262 -299 542 -235 404 75 -1154 612 65 125 1084 159 179 -26 318 209 -1009 393 -276 -493 988 -720 -527 877 74 -226 -226 589 -205 -699 445 -552 230 -300 -132 458 663 780 -1194 753 315 166 -928 1462 -443 -968 765 245 -29 642 -439 157 -844 -510 380 -668 406 -989 852 -54 -608 203 486 438 -857 -215 -292 -594 872 -397 -385
927 -255 -959 1288 228 -531 312 -706 454 1192 709 -597 185 -979 699 348 220 -808 -94 218 -343 541 -350 -1445 433 -338 800 -262 1288 -617 -1293 156 170 -62 443 -743 601 -258 -362 701 -20 -249 362 -284 171 878 -973 -1131 1233 538 -244 -966 1423 -1198 118 412 756 -1105 261 -17 -486 -3 343 472 299 -671 833 -1351 1127 -277 707 -906 -216 -122 -35 109 39 364 -1023 147 522 -282 -706 61 -316 -691 -50 -768 1114 -1576 470 97 497 -369 -57 -423 -600 756 487 562 283 -23 379 -543 -903 756 -302 -103 923 -378 -1754 583 450 -444 386 -239 -615 750 -479 464
692 233 412 -707 156 357 -654 -328 -1764 -965 500 716 -429 667 -263 -406 486 -913 -33 190 -846 16 387 -323 -900 1034 -1470 791 337 593 -851 199 -131 -33 -461 760 -482 -115 708 -727 -244 413 -40 682 664 624 -322 325 -1093 265 -704 -633 239 914 -1117 474 -941 5 12 1046 -1410 -506 -545 908 580 -671 91 -2 -870 -34 1137 -509 123 -26 1305 -413 -696 202 259 -426 -288 71 867 -335 -108 767 68 302 -934 1046 -32 -553 665 256 387 822 -1454 710 -18 -6 160 112 183 44 921 -600 48 -398 888 750 -525 543 220 -203 1240 -684 -467 211 977 -735
907 -1148 259 -41 722 -915 648 515 615 -160 -358 -750 176 -535 277 -26 499 -629 942 -429 1423 175 -232 -25 -827 70 -512 -118 180 -227 -124 -106 -533 1427 -242 700 -314 116 1344 -18 -1541 966 -1399 664 601 508 -137 1070 -1013 943 313 381 -461 176 1070 204 186 400 -954 1247 385 -372 70 -104 182 32 -1047 598 414 120 -1488 -11 -587 -354 -590 1208 -76 496 -42 -910 1246 -1142 464 509 1003 -167 416 -196 -323 -1006 567 -39 -314 557 -24 1286 139 -90 -169 383 -1008 -87 321 -275 -462 319 -486 141 -615 480 60 -660 151 137 555 -755 1204 -677 393 670
445 60 148 456 -882 29 349 -1468 632 889 -332 133 566 1010 -603 304 245 435 -594 -319 5 239 -441 1396 -584 -405 453 -321 -332 -313 446 21 -754 642 -353 -153 207 -580 235 315 88 -479 -686 -101 -616 -587 -70 1279 1 -165 -585 -1488 2125 -1154 52 -465 543 -207 161 -710 -694 573 -770 1294 125 579 -1472 -258 286 -25 1288 -505 -249 -531 -845 -220 6 -93 291 -377 825 -238 -906 -49 -95 234 1001 191 -241 -432 111 -307 718 -172 -628 -347 1121 -19 433 -384 417 -566 358 -704 328 -594 380 -497 403 -101 -257 739 -30 340 -813 357 -19 -904 775 630
19 -496 888 237 87 800 -130 598 -331 3 831 -198 574 -367 635 -237 671 453 55 -1411 762 -1426 1103 -265 803 -567 1070 -477 -45 -228 -11 296 -230 -325 -197 211 -541 1121 -841 374 -762 770 -312 327 -263 -580 -1048 540 -5 841 67 -124 -501 450 533 162 -233 433 -467 1106 -1118 -278 -934 168 -192 646 -413 30 -1669 382 -1139 579 286 723 -566 -541 -184 -6 -397 592 -306 -149 1048 -1223 322 583 -613 -523 146 221 -385 248 -575 1480 257 313 -731 163 -50 193 154 320 23 304 -574 -238 -634 356 13 298 -732 1099 -1000 413 649 57 -965 95 172 -689
419 -11 1105 122 -695 274 -931 809 576 -964 -1348 1387 -1373 -104 -415 526 -1351 1411 222 446 212 -53 -1190 700 -577 253 342 88 -242 -391 -65 -434 438 157 -6 10 -1068 1473 207 26 -14 730 -1114 449 -586 176 208 -89 -378 -24 93 853 -602 -1000 24 -66 270 787 -415 449 630 179 -1029 -151 236 85 -156 1100 -784 576 387 -149 88 513 470 -170 -278 232 -444 286 77 516 -395 1166 -549 469 246 102 120 -282 55 -447 -469 -1173 241 828 393 -525 -615 440 -76 3 304 829 -141 -340 568 -746 922 -302 -1198 1275 -757 -566 -19 1371 -194 -249 310 -527
-862 321 -865 -396 593 -701 320 -7 -251 -483 -252 603 487 -610 -1053 21 -176 -447 -1167 -552 1253 -295 58 -408 -434 234 -410 -827 -123 553 -908 363 -829 -188 -766 698 -248 -1091 629 127 -341 549 174 -72 206 107 -778 978 -555 327 280 -725 315 -589 889 -879 -31 262 -1188 774 -1158 1790 -1027 305 -559 63 693 755 -1334 595 -114 78 -167 76 398 -699 519 538 -334 -644 100 -58 -479 -66 217 -1137 364 -377 986 510 172 775 -237 -4 -833 986 -330 -53 -524 422 304 -920 742 441 -501 -725 118 -222 135 -13 -291 187 -81 61 -1125 115 500 -320 1464 -825
12 -225 947 -646 528 212 10 -432 402 -915 -203 291 -1168 1322 -813 1247 368 -283 779 -569 -465 115 685 -455 623 316 214 -303 -395 438 126 61 -439 -331 689 -518 238 -80 -1017 390 30 370 -17 -794 -513 252 183 574 -85 -359 -126 772 245 -813 679 192 543 260 596 -664 247 168 341 -314 959 -456 477 277 -639 703 -341 557 -921 959 243 -659 319 -756 1011 1 -488 633 298 54 206 -514 361 -808 193 -764 581 925 -1090 351 -1283 721 -766 594 -156 -484 -338 172 -693 399 -467 427 458 -391 -664 202 -37 1238 609 -2 154 -477 179 -204 743 -299
428 -378 -398 -595 484 -579 1237 -536 562 80 168 336 -549 258 -1095 -206 1652 -1069 163 191 -55 -861 -339 -351 456 -78 933 -717 25 728 590 -468 277 302 -2000 894 1130 -762 239 -934 334 -770 1007 -398 -143 -461 -2012 164 190 106 374 -382 -464 -561 279 618 -422 -253 -36 -610 658 -860 484 -1305 -222 -208 959 -892 976 -986 833 -523 -619 855 -520 1332 100 -11 -753 24 530 -1264 1360 -1076 679 -256 -605 1733 -1215 803 -832 1255 -414 581 761 -506 640 -37 79 600 -586 -21 -104 150 -745 -52 372 760 -1059 -683 -508 -736 952 213 22 194 -259 47 -575 -559
-455 236 441 -1109 749 485 -1073 -427 704 -1226 -97 -654 578 511 -688 -645 1220 101 381 -575 56 359 966 -679 71 866 -465 -627 13 592 -8 350 -486 944 -518 260 -885 422 381 429 -184 -1561 -119 1369 -495 -103 -63 209 -463 -1117 822 -502 -241 766 5 10 472 423 -246 119 441 -1322 830 824 -920 77 127 -416 -247 1040 203 -353 -498 80 -1290 199 381 255 750 -274 767 -1001 812 -889 446 -903 85 -271 -363 -137 -281 -63 89 -841 547 -776 -377 309 239 698 -369 -288 -168 604 468 610 -301 295 -276 513 217 -340 -970 711 -380 385 -337 607 -197 -72
94 -188 -257 971 -1321 79 982 -1036 1228 -87 848 -1016 -520 1177 -191 -378 -586 317 55 190 -1431 -549 -414 -234 -307 1062 -10 -419 -534 -308 311 -755 544 -131 839 -307 -352 493 -487 1014 -382 -111 -671 -755 951 -180 -303 68 -693 1552 -781 1332 -787 35 -18 719 -423 -612 942 -535 399 -1010 754 -175 120 39 875 -818 -144 -1205 1397 -1226 28 282 -200 -196 457 -729 71 -698 319 706 460 814 71 -382 -437 518 -494 1468 -486 404 -152 -354 853 649 -33 -368 242 -14 702 -716 -317 -581 150 1214 -595 -397 -33 396 -250 944 -588 -212 347 321 -335 -1023 324 1126
-351 -78 -578 -496 1650 -1270 -174 -383 91 -791 335 198 80 -815 605 177 749 140 -214 604 803 -118 -218 -475 -432 -256 855 268 -612 408 -582 -655 778 510 -1933 1173 67 -595 122 -130 339 774 65 -676 -86 52 -264 869 -633 -749 -181 -426 51 -285 795 -149 1475 -981 1047 462 599 397 -1700 1727 -456 -1196 832 -806 1809 -611 -592 576 -187 -1206 740 -131 -87 487 -582 184 30 -461 -1029 1066 646 275 -391 49 -1804 238 -347 1142 515 -959 454 -251 378 611 228 -340 289 424 336 -204 -514 517 159 374 -856 -393 804 -637 657 116 -278 176 300 -423 860 -868
262 460 -797 -840 100 485 -595 -380 852 -300 -189 -1049 1617 -1166 -624 430 -1070 -422 -350 135 -291 1288 -691 572 -311 -448 82 205 497 555 900 -1131 -1331 776 -163 -557 1268 -260 -482 -54 -821 233 -257 -509 836 -177 -188 487 -887 288 -107 -192 -568 -114 -1410 -237 -682 -71 1155 -916 -9 180 90 -277 818 298 -85 770 -135 189 409 250 134 -258 -336 108 202 788 -32 -1132 579 -896 -947 1134 -704 -308 -12 837 -596 72 40 193 -751 1398 -31 -60 702 -691 1112 -331 312 -367 547 278 198 6 301 798 208 -593 576 -1073 -128 -257 468 212 -654 296 428 -974
-826 1388 -1601 888 479 117 605 -853 547 -337 938 -893 673 -708 367 -156 641 -414 443 -366 1044 -441 -119 867 -225 -333 -1009 -227 -154 -547 354 957 -813 314 -277 55 -839 -97 443 -467 -39 -55 313 726 -1355 -42 864 673 -153 -81 718 -155 1383 -830 1069 -609 -859 -1159 1146 -492 370 -146 318 -395 -159 -287 636 -210 -374 -574 88 44 201 271 44 258 -1417 1523 -975 404 351 -97 -704 -637 732 315 -385 -167 -151 -421 -534 -285 451 236 -1052 1208 -379 468 -494 -378 366 887 -1083 -406 195 -163 199 385 -359 901 282 -119 -299 5 -602 1107 -490 -94 10 439
-579 1028 -115 -962 460 -1212 -196 289 335 92 -123 263 237 120 640 -1210 920 -323 -431 -367 -102 -13 378 -374 -441 204 867 -1208 435 -3 217 190 -167 -589 862 229 -73 -266 -525 472 732 -541 0 -405 137 423 -613 640 -972 -159 605 -190 397 292 -318 -177 290 374 412 -711 -1118 624 95 -419 -461 570 -237 877 409 22 -255 754 -1716 397 -263 532 346 386 -181 543 692 -445 407 -582 -356 -940 1281 -1168 197 209 -444 -485 -816 505 -315 -582 92 285 -1008 1082 -925 136 -278 61 139 -626 -332 -644 912 -1039 837 86 -39 415 -483 313 499 -1000 62 1373
-1537 385 109 526 1017 515 -162 29 -707 765 30 -233 46 -344 397 206 -619 908 127 -511 35 143 -628 414 1009 -166 -33 -869 -532 378 -271 -210 503 -625 388 278 567 465 -687 29 -178 -276 775 882 -1222 991 -366 731 -477 -750 -566 207 -270 436 -1281 -112 -325 -991 1439 785 176 -850 -783 -514 -242 -3 -256 -866 -185 997 -595 807 127 -824 357 -1149 -761 465 -127 821 -1061 328 11 1085 -1 110 -516 747 -933 -124 665 70 -605 325 -690 1882 -1579 397 1438 274 -242 544 -399 341 -948 1371 344 -600 440 -321 -94 249 577 -743 1439 1093 -1304 857 -475 170
362 -788 -101 -521 208 575 -304 449 -556 297 85 386 191 -349 -196 479 -918 265 1349 -371 -394 522 194 -219 78 546 958 -92 -356 -81 1027 94 -1487 340 -110 574 -635 -706 286 256 173 -173 -39 -1125 1122 932 -1444 -760 970 -80 322 6 -288 605 -625 1303 -1134 117 -723 -102 452 392 1196 -402 -824 211 -304 144 -331 -284 229 -9 845 -138 -435 -111 -355 390 -1736 928 -1148 -164 -417 -205 319 123 -761 1174 -716 -315 -193 -44 260 -158 558 -670 409 -1130 137 1166 -87 475 425 -1015 -123 241 81 -584 389 -75 134 166 -45 -159 -1499 745 915 -592 -187 552
-400 -823 1439 -635 -641 781 57 -635 147 -193 360 -590 1003 -290 321 -500 -731 -619 16 407 414 -1722 612 335 295 -109 333 -1175 970 -1626 283 1177 -752 414 -1610 483 -203 255 507 -1735 372 486 -679 320 -1 649 240 891 79 -774 22 848 -387 -392 -239 366 185 -237 668 -340 -236 -450 -627 1818 6 874 -160 -547 -199 -355 56 7 122 -357 1106 874 -592 637 433 488 -108 -681 559 -565 322 351 -498 930 -327 -171 -783 932 1 -757 991 -521 1048 -671 -1168 100 751 -400 952 -931 87 -1051 1015 -264 -1141 122 550 -545 82 205 -159 -123 359 138 425 -108
483 -609 -705 68 548 180 -119 -616 -442 248 -717 276 173 438 -592 263 -176 -759 -1226 402 -80 -1281 1098 -1577 1132 -522 -143 781 -128 -785 72 -62 -165 1164 465 -619 -452 -335 276 904 -1152 809 -1211 37 -575 226 -1355 521 312 -287 1358 -597 -307 983 -106 -1410 2047 220 -1538 995 25 -353 -773 -384 2 -13 1160 205 -1082 1193 -562 578 -621 276 -732 -9 976 -824 226 627 131 119 -120 -499 248 -852 1535 302 331 -257 -573 -201 1158 -483 -893 -362 815 69 196 -382 -276 -891 -366 -685 512 177 -1304 794 -240 310 -346 48 595 -41 287 -548 -55 -5 -1294 1159
