-455 -672 -1116 -1428 -151 -172 434 -103 -68 -235 -753 -174 -395 49 1291 79 1679 -1028 1767 1117 -1113 -537 784 -1678 179 416 444 25 -38 -541 -428 762 2248 1175 158 -1234 -341 654 388 76 2118 663 -292 1797 -290 1031 -371 674 212 1002 251 -344 541 646 377 -653 -367 139 87 1088 213 818
496 814 947 631 515 1259 1542 -403 103 1447 -273 2635 641 625 633 1348 -600 -122 416 -787 -1055 -551 156 1183 64 1970 -236 -504 -1196 -570 366 -42 -200 -842 -23 -169 681 95 313 770 -554 55 477 -725 -1565 -713 94 -373 -2565 1135 -130 -904 121 209 -1234 -227 -132 714 -891 1169 604 831
-828 -237 76 311 5 836 -844 -1883 639 989 -179 1006 -2 -1076 -677 -989 736 152 384 1490 776 -616 181 -86 672 956 588 -112 1085 1763 245 322 -295 480 -276 1490 -333 -123 1362 -148 -559 -268 -324 239 -253 2439 280 720 729 885 -549 267 1099 1219 1503 -952 1605 540 463 415 -973 385
511 320 649 -837 -864 -961 460 507 549 -75 -1170 -335 -61 -1008 545 401 119 -125 -210 726 625 -429 593 287 -165 -1061 1121 92 2 -599 -276 2143 999 469 -20 516 -208 1996 1499 1149 -3 1163 469 -432 1417 552 -717 650 -818 492 221 889 240 668 -90 1595 464 -157 884 226 257 -523
427 -172 -448 336 843 1794 619 979 442 229 -252 1057 935 1792 2171 -695 -448 1084 547 -82 -232 862 119 551 -677 -250 -326 9 192 1902 901 -197 -744 497 -248 -90 765 -476 -503 757 -226 1640 -1332 717 -2032 550 619 224 156 1765 574 443 1184 561 561 -467 489 1624 122 462 -482 -315
767 112 1775 2200 1425 732 22 472 -711 -334 1478 274 793 766 1504 -221 1540 1295 -1780 -930 1117 -306 795 -381 -264 1029 2294 923 140 821 364 685 501 842 1822 464 474 104 1121 -312 -148 -660 -294 1133 879 1749 708 -207 466 -450 876 -7 -568 -448 -728 967 26 -937 -1129 635 572 2186
351 532 1532 -788 -52 215 -94 635 304 421 92 -92 -1072 113 209 -468 913 -672 -103 1968 130 -967 -56 609 1466 775 -208 -244 -189 -22 -262 -104 221 -1060 -1528 -1215 1050 1642 349 1299 -635 944 1572 1846 321 -610 836 503 -257 1036 550 -694 834 437 1362 445 552 1518 -641 923 785 712
319 718 705 -305 -765 -306 -1314 -267 745 617 695 118 946 85 773 -395 -794 547 976 1659 97 1361 1108 462 -391 -819 -882 -1697 185 -250 -1173 38 -306 -1245 1421 170 1731 -877 602 489 -167 1509 -42 -1396 -889 -1943 576 784 276 125 1167 -196 549 -1444 -95 2081 297 1221 1506 636 -249 -523
2209 2515 617 -1806 1 203 -1036 -76 906 2207 -226 376 287 249 839 1373 -383 983 -568 -677 -290 686 345 -105 1119 -290 499 -49 2053 432 -1453 -1024 131 -619 1871 -327 1119 725 795 327 529 1273 -699 1333 239 390 151 -534 1473 761 2227 -1280 -915 -471 340 213 -1549 862 1077 35 -996 66
1211 375 -91 2443 1111 1096 356 222 638 962 -948 303 1684 799 -833 -744 54 343 -108 -426 -544 878 1225 2617 157 1737 179 -183 852 -26 763 871 1225 1472 159 73 -361 290 -796 -142 -466 -212 626 -338 -240 1132 -88 1582 1094 553 87 -385 1683 492 -771 569 727 1839 1023 -22 -439 -373
-1449 -736 834 262 927 -62 -500 -652 -493 86 862 1193 -173 -175 -210 555 2134 1364 627 339 1426 315 -203 -720 1080 308 -1024 345 766 1119 540 2229 1289 -355 61 987 -180 -291 -883 67 -20 -426 -500 1642 3246 -1329 2074 390 -164 -484 -71 396 1376 799 -1479 841 178 516 456 1303 1004 916
-1300 -451 506 -56 190 -186 1057 772 513 829 1814 1289 935 13 381 1080 418 -965 174 1154 199 386 -644 43 -916 207 612 241 714 -540 939 141 -335 1004 43 236 956 278 -759 34 399 580 755 715 151 -1128 1113 -739 -1013 -177 649 -415 1040 1650 99 978 -1102 984 313 532 472 -74
-469 787 513 -482 140 723 1400 -28 785 978 609 -490 629 178 -129 -877 -672 -732 -626 533 -565 1261 315 147 -403 1546 1659 1917 703 900 -142 514 1056 722 1186 79 187 -546 414 481 1328 479 -157 -612 1954 -105 388 582 259 1322 115 619 234 -20 -256 1512 494 475 -1246 -684 -3 447
1140 1842 -332 524 290 347 622 455 434 -441 166 -149 1655 -431 -146 659 486 1841 1373 1802 1755 1468 941 1934 1278 333 175 529 -576 1511 1063 227 1070 575 4 259 193 -820 680 590 1753 -318 1082 1140 1194 475 1499 -1636 1275 -124 798 85 348 635 9 1037 -927 1410 13 542 793 1247
506 -2295 -784 1997 833 1130 298 872 -1410 432 1784 -778 196 1698 583 324 1627 1900 1108 11 619 -438 52 708 -422 -675 229 569 -837 567 -139 -566 464 -776 -782 76 813 436 1606 1775 -699 -560 383 400 -769 761 -2224 -140 69 -246 125 -300 924 185 452 -1031 1237 192 -70 184 882 -1263
-1203 -348 327 918 -753 416 -633 131 -300 354 -44 -1167 541 -1081 -13 280 515 726 129 724 1731 -81 51 1120 136 1033 -269 896 -311 1044 -123 573 990 116 240 1456 456 1460 -92 -782 -1168 607 -83 1095 412 73 563 485 1433 1040 262 -406 -1163 1097 148 29 1405 -3 -330 -729 -266 668
849 1220 1310 247 118 2256 292 572 1045 403 388 -428 384 -84 1530 523 -318 -325 651 -1663 645 330 684 494 1378 1458 1118 1797 -537 -1934 -78 180 -562 1076 472 174 135 128 444 434 189 1316 939 -315 -1659 851 838 410 516 503 -139 -707 -133 510 -115 263 1823 446 241 1329 767 296
427 199 309 20 1568 -684 -1943 151 1032 647 -133 211 510 660 206 -148 1422 -826 -862 -1222 661 144 -1093 94 1331 -825 -662 319 -68 -404 346 -1452 -192 -96 1167 357 340 427 -928 -379 1725 1264 155 -449 -1030 471 1018 389 294 491 -266 1141 1833 -5 1096 987 65 843 1042 -1304 -162 689
-1003 -208 400 -693 -1086 33 1051 1053 -70 193 -1299 -46 1073 -952 -896 978 468 -625 1217 -186 -284 -784 -21 -105 -211 311 -273 -359 628 -455 758 1697 -110 270 904 -854 115 -880 -1720 515 531 -1243 -164 -157 99 1832 102 1203 766 138 -504 868 996 246 266 -827 -769 886 -709 297 -533 403
225 908 887 -250 1346 337 819 1509 655 759 875 741 -715 -367 350 -18 35 777 1182 -286 343 1260 -152 -1019 281 -532 1365 -861 732 106 397 -752 672 1156 872 -1137 615 1257 1385 2926 362 206 451 297 419 573 -402 204 -497 1391 -784 133 -347 226 -1081 -1021 226 562 528 220 1154 1414
-6 -226 -123 1467 87 27 1057 395 -1138 -261 -326 341 409 -157 -155 504 698 413 1853 1469 -188 122 -617 1311 1011 783 1710 393 155 132 785 1688 950 582 870 916 752 322 178 1196 521 1124 1142 1182 2190 -578 -662 -582 -1925 -500 -266 484 348 885 622 2113 -34 757 152 253 1211 396
583 -293 910 71 -760 -165 -788 -567 -2175 -1519 625 465 1599 946 2807 1229 -1004 -384 -357 -569 1572 966 -744 120 -298 -1620 1395 -538 -183 1004 177 621 -828 1070 877 -254 -621 -460 -647 262 -594 521 602 634 -1072 -1018 1424 232 -286 58 1923 1056 3046 167 1111 -418 -398 862 -354 59 685 -251
-269 844 865 1268 832 548 1648 -460 504 2678 1370 1390 1128 92 330 394 -565 176 445 745 556 -5 1575 3178 -940 28 -44 399 394 -181 -431 -363 1300 -1126 103 -1020 -554 2366 682 -944 -96 411 -294 -575 1645 -33 683 770 608 1364 1840 912 -618 360 -31 310 1136 411 308 -507 1153 -1732
1489 -501 174 -661 405 38 -47 263 412 762 993 -597 276 -1951 -1427 -694 891 -30 1147 -288 -429 703 40 -119 -211 477 521 558 615 -313 895 417 -85 247 438 -744 1394 1016 268 670 1670 10 122 95 1549 -894 907 -1031 1083 878 -1077 -469 -9 124 -1163 889 416 1195 97 398 859 -720
416 -669 63 -309 371 320 766 530 -691 1258 184 -551 116 1228 1289 517 770 795 571 477 575 971 1124 484 -983 696 -206 1332 1191 113 551 -668 2183 665 292 307 1415 -512 -853 -721 -109 161 547 -1265 942 -121 2090 707 1383 154 -1551 -1313 -624 136 295 589 -919 -678 -182 -428 719 365
440 254 2375 2543 -211 236 12 303 1834 -570 -1318 94 1443 889 -633 -250 299 -2338 -194 875 926 944 114 130 709 388 961 257 -427 -45 789 -402 -162 103 -490 1150 1140 492 1086 304 652 729 1029 -578 327 373 1333 -348 -1207 -237 -48 1614 767 1446 506 -511 745 153 -492 -74 -539 605
35 191 1105 353 -957 2287 -303 1744 -104 781 738 195 141 -1411 -604 -955 -299 -585 -301 -208 -460 -867 264 442 -328 1368 -973 -1835 -668 1184 -331 85 -393 794 311 2096 491 -364 839 1144 -878 -1344 271 189 1001 -272 443 945 546 1129 1563 38 806 -364 173 1274 2094 -520 688 517 1192 112
1228 -344 -182 -551 -2442 -130 -801 -755 528 781 686 365 573 115 1849 -629 1136 1153 1007 629 35 758 -105 -197 178 224 1226 465 574 -728 469 967 174 2012 838 344 -888 -397 -298 1178 -1245 448 1456 1172 -297 -255 -88 547 -1568 1013 -158 602 -1005 330 -162 154 -163 1158 414 745 446 1104
320 -51 1034 685 -314 1206 387 697 931 -128 -823 730 227 2059 960 560 -1246 1072 114 354 1332 898 1038 195 -184 2257 1482 1194 -887 173 217 598 79 -451 241 -289 -539 -139 1481 1022 775 1379 1662 -367 362 220 1311 562 -281 729 -923 711 1469 -212 2035 556 205 102 -283 -430 -403 137
-1227 497 627 -69 970 1520 2182 644 496 -935 530 1091 432 -874 -1067 -65 455 1076 -95 1 579 -679 -265 597 -160 515 -1318 577 95 684 -1303 247 18 -446 166 -137 860 430 449 368 -124 524 -548 697 842 708 913 1143 162 1478 809 1257 954 -139 580 652 65 -918 210 60 594 1247
643 582 -653 640 387 -503 -698 -1599 -599 -604 997 2378 -78 -56 -1369 561 141 1013 299 -180 1098 221 203 1701 -182 785 -914 1664 1378 1308 824 2567 1219 -505 712 -12 1251 -636 -197 196 -1035 599 -955 -1640 644 615 -494 458 469 -862 1467 -97 426 -87 835 454 699 1904 464 1411 -163 1061
-306 -1509 479 366 1380 -311 -237 258 485 617 5 70 513 448 1146 2487 1199 469 291 777 895 407 161 978 -173 -629 -543 -57 -493 19 -507 -1082 -166 837 950 561 -72 503 -641 1269 108 1882 -1946 547 127 -588 -1009 -1219 -785 -872 749 45 -1107 -557 -939 1003 713 534 1138 523 -179 1206
-5 1926 934 939 -59 -235 887 596 1227 -860 -326 -2867 -124 218 1026 584 -1126 1731 -846 -434 -219 -706 -460 763 -615 -491 -359 1133 358 115 -259 -165 1018 546 -165 523 965 638 -812 -907 1045 -845 -634 389 88 -73 1673 1116 1061 -500 81 1 -1066 502 -198 384 -670 -383 765 554 -24 5
759 1947 577 333 -468 615 -518 -245 -243 370 1295 1360 884 -1272 -8 370 -359 2034 56 380 870 177 -155 -1184 971 -169 742 919 -537 333 867 1489 2187 2094 329 738 938 920 297 1233 -853 237 1256 908 1352 567 1741 905 395 924 -250 691 1184 2194 589 294 -53 -1156 -399 -1131 1086 155
794 1501 -701 1987 269 1231 1222 1263 779 1170 1369 464 430 94 -205 176 394 977 649 -651 381 1444 241 414 2159 -462 756 -34 -1106 -461 187 -212 -523 641 -2089 926 486 1139 1655 -399 358 -135 1359 -169 1254 -293 -37 773 -885 -724 -38 362 806 607 -1404 193 204 -806 568 -207 -703 1005
1442 -401 -1621 898 373 178 -889 501 224 526 555 393 351 1494 1645 532 149 -154 -711 -470 744 1200 -414 1521 968 -839 1199 -229 503 203 703 5 -40 313 -391 896 -1077 -500 843 1267 231 979 1965 -349 556 -875 1464 2085 164 938 341 325 823 -1249 -477 -292 577 600 1032 -284 653 -390
-962 385 -97 -528 1365 260 335 660 122 1357 -761 -378 962 755 -337 1271 934 2075 1228 -163 -1209 -1242 1985 105 59 -405 1319 252 1080 154 581 457 838 1381 505 -191 -192 1376 -275 37 592 -1357 -1384 -2286 52 787 1510 522 1126 2009 22 734 -1544 1101 -97 1963 1054 733 2241 1434 1856 1118
1297 -648 -1106 981 1078 1449 -435 1173 -1346 -925 -1470 -1013 -1307 947 352 -459 802 951 -85 -38 -59 801 350 70 360 552 331 24 627 926 487 187 30 1411 -820 -162 -887 664 50 153 -877 199 232 339 1984 -64 -1138 508 -435 -879 -466 244 -367 266 278 1914 744 250 213 21 -1226 284
68 -571 628 -642 1609 1127 -506 -441 1471 525 150 2169 151 -185 -258 427 -337 -852 -1589 -668 601 -238 1839 -918 1504 -817 -484 900 668 -657 70 56 959 231 -1296 129 615 610 -194 1646 2087 2260 -358 -99 127 -192 430 625 -1021 -38 709 2060 550 608 -797 -132 -979 -930 81 -605 451 861
259 546 1434 2633 1098 -1047 -1035 1542 2180 -369 438 989 -665 93 231 -295 925 605 810 755 -437 477 729 -613 -437 -1478 -290 800 761 -363 -181 -105 -352 1263 632 1200 717 1715 608 841 198 -189 -167 -85 1158 527 22 -1250 -50 446 -1250 1388 278 -689 1091 1254 583 -1096 534 740 318 -385
566 -742 1085 -204 -1353 1149 1286 1164 1133 563 -902 320 533 82 536 280 92 682 613 1379 2431 -332 196 -307 1049 1936 -406 566 -1299 -837 1214 498 1837 1084 -626 -318 570 647 198 -453 540 888 1701 619 680 1204 -1354 1263 1147 1010 325 1181 110 -1237 1063 625 1213 1978 -16 -1497 -1182 -986
327 -673 -663 -1668 759 287 366 -250 -441 -304 -162 -1031 57 422 1028 -384 674 -537 -148 859 429 167 322 960 1702 -85 -565 -777 -75 2027 1427 -1015 1001 -356 180 505 905 -758 -792 473 1031 -217 911 -625 -822 87 78 -368 -92 -249 451 417 697 -879 -277 147 1920 1483 797 1015 584 -350
-100 -361 1091 2821 56 405 659 -676 -932 463 -143 1348 2305 746 779 -467 189 -66 1538 -155 471 7 -361 1488 -186 725 772 1005 1364 810 -955 817 458 -10 1082 2247 1397 -604 709 900 -1006 -802 -109 345 1352 1499 -1047 80 -541 191 -176 90 1803 869 1294 98 -514 262 225 891 954 301
-208 -231 1035 -85 809 -573 -516 502 26 1436 289 1186 1607 1244 2310 1176 1616 -1488 848 -598 -1295 355 701 920 -22 -1202 -102 956 137 -805 82 -480 1169 1141 38 -1142 -2098 -524 1775 285 743 316 615 555 497 -9 335 390 1431 -229 891 239 -207 640 473 -500 -446 -864 -1150 502 -273 2037
523 277 -470 480 -1096 -246 328 1004 828 1099 -908 -489 268 124 1108 552 164 -521 949 -903 1708 1521 108 86 -551 973 1135 -359 -694 482 -48 1202 985 309 -1082 585 331 746 227 -273 -287 1729 1556 -226 -1683 216 355 236 -109 1942 1745 -646 -169 -499 626 1212 457 1167 489 -85 25 1592
1114 43 436 -165 110 -23 -238 -39 -445 -236 -977 -997 -444 -878 -1010 -759 594 121 2224 1247 265 825 -118 277 1664 104 176 137 955 786 836 1313 262 -560 1359 1516 1672 -385 181 337 350 773 381 -30 986 728 491 634 537 -721 44 -1268 -249 -177 956 -442 1 1584 -464 1372 193 -760
1352 897 -124 1768 684 1252 405 -367 681 2387 -253 264 674 -171 1327 424 -18 236 673 -638 888 -622 -282 1345 -370 1268 579 452 655 589 -1699 -33 -68 286 189 409 -341 1182 1447 -86 -114 -619 -348 509 1599 2923 1442 765 811 319 -355 -123 -64 1269 -146 426 -524 -94 -24 341 -907 151
531 -413 876 651 1438 1571 -116 1197 678 572 -1346 1172 121 534 -3 -88 1964 328 -283 86 -1 -25 981 943 564 25 -397 575 835 1227 -1262 812 -926 -669 106 -1101 -220 -499 -1066 307 857 156 -1127 60 1493 810 -347 1879 418 784 -138 1095 1237 908 1435 1484 392 -450 339 172 467 1097
608 843 -1336 -130 -190 -864 1284 -210 -323 -1707 31 -73 557 -52 262 -352 -1061 246 198 1501 736 855 -189 152 -43 1012 851 -81 1179 2150 465 327 1084 -104 1171 863 312 -67 149 -279 923 -9 -173 854 516 -1156 -1945 -77 -1721 -177 -279 1133 1016 3170 -528 983 399 1067 1227 381 1726 721
1127 -1300 77 479 103 -196 1692 1496 286 1651 -361 180 765 2065 991 312 -169 84 483 612 -108 -1173 -541 -368 -1765 980 1061 47 382 -334 -711 1634 -106 636 1000 -654 442 -114 1357 906 -494 404 1196 31 936 -172 -150 -1912 488 2394 -1995 -51 -1736 -1518 -502 -1154 8 368 -60 454 -371 342
-222 1295 2357 767 526 1140 1604 -1326 1524 1463 1744 504 800 927 761 264 1004 1487 204 -318 546 614 1971 1548 687 891 870 -1092 -1709 -1797 -418 1556 158 60 -357 -483 327 654 1083 -758 725 -800 -293 848 572 -681 -864 802 613 -916 80 667 -798 1650 1181 460 343 -36 -653 260 520 -533
1143 237 893 669 803 564 -884 -477 -550 967 546 742 377 -513 -890 -40 522 995 -361 1089 345 455 1008 1075 794 1712 -98 -586 -535 156 1535 832 -1168 238 256 831 1656 354 1116 -840 995 220 1439 260 -700 607 353 1154 384 1125 1487 1964 2118 475 1247 118 1197 42 -292 810 -2105 -1589
44 346 587 390 -745 -1822 -617 -1170 638 370 1070 307 -402 -292 895 247 -1073 544 491 -1003 255 -946 417 247 -1419 252 -696 1317 -786 -19 -175 1437 -452 1055 455 1225 1253 1029 -762 876 1427 1830 76 552 157 1234 562 721 -144 62 1328 1250 -789 -631 -110 580 1065 318 -80 923 1357 1177
-81 1245 -127 461 559 874 1817 2575 1414 1587 354 -470 -114 1458 1110 -1319 -688 1372 -243 491 174 -1165 806 -372 110 110 463 1623 -256 178 1192 -812 -44 225 772 687 -564 -236 1516 1921 519 256 787 67 -267 1082 -973 1593 -106 -231 -356 -727 -358 162 -2139 -254 -174 118 989 782 1818 615
-174 294 -1804 -918 228 1649 730 -223 1307 -113 -1101 -147 -1150 475 -1707 969 518 847 358 307 425 1256 1640 752 -916 640 -249 1544 916 652 139 888 598 1280 -316 -518 -414 810 847 1254 -986 -4 92 261 -1336 -18 -1974 433 218 -2329 1346 731 1057 1142 1131 2114 718 568 -635 -1108 -87 333
51 577 212 1682 1395 -554 -770 -388 -217 -16 -295 1400 -1500 550 1460 577 344 -63 -711 -1888 523 0 -2078 -1044 1769 407 347 -286 362 -772 -49 -484 406 214 348 -430 -1022 206 45 -1466 -464 84 1439 694 804 1600 478 641 342 320 911 1413 561 297 800 -1435 -1818 -284 -383 295 211 313
469 1260 1697 904 1363 1201 817 37 -467 -1113 261 -414 1480 425 -912 692 219 858 86 789 597 -1099 -1096 1550 903 1229 -637 -804 673 444 -795 -771 348 761 622 747 169 994 619 -567 436 1027 -460 -1238 1167 1064 1138 557 1087 25 1007 -964 -105 179 -343 401 1295 1218 -543 348 346 521
1075 -50 94 -420 370 97 536 -578 328 -1168 630 1705 236 498 1505 1069 246 424 543 801 -529 1429 614 357 -382 8 -1411 994 1230 652 1741 1394 251 -387 308 579 191 224 649 -577 303 -2424 -745 359 391 449 519 190 937 1483 1234 702 -777 -2268 721 175 420 361 -248 1368 974 330
-27 -1606 642 52 -1311 -185 161 1339 1105 532 1524 547 -273 -350 393 -15 536 1099 883 522 1354 1509 732 872 211 692 -392 1581 337 342 1842 1514 -252 -1400 11 -292 -36 570 1119 3497 233 99 776 -1477 -268 -405 297 1262 -298 441 377 182 1190 146 97 26 -768 1303 822 245 384 -520
3 1533 2055 -209 -76 1356 534 -421 695 -458 229 251 -952 181 274 -165 325 -571 -82 1086 -390 700 -342 187 298 1663 -843 1046 242 1310 404 -657 -629 -231 1429 1256 340 376 166 407 -174 -333 1805 -49 1660 142 290 566 446 -1477 -1282 549 610 34 1047 -712 69 520 109 -775 106 804
-588 648 682 492 1880 493 -907 -305 13 265 305 283 1676 -657 1338 1740 649 -320 336 -296 -326 -263 604 884 -47 -712 -334 655 481 550 -70 758 2658 1454 1765 868 305 214 -288 236 -370 157 1030 -95 -1172 -1102 860 520 -914 -630 781 1033 -592 -289 -373 1771 770 1648 -1537 191 1060 213
1219 -632 -253 -626 136 -724 -133 1537 907 1132 1477 -64 561 981 2464 -550 -152 415 248 336 21 -711 2649 584 -454 1537 1579 1685 -1078 -922 28 -47 -972 -773 769 -698 54 34 41 422 -418 -52 1335 412 -382 823 545 223 67 1353 -839 -6 578 -1328 1032 1701 634 -810 -766 799 584 773
1441 721 3327 -444 1187 371 -253 488 -776 1007 1725 1400 1523 684 2422 -553 322 -1286 -1408 -1992 -1287 -324 1687 -1865 2394 -936 927 1116 1182 586 357 -1346 -49 -2104 -942 1960 1277 -14 446 -1711 -557 -1486 -1721 969 -1955 578 -722 -2872 126 -826 -281 -132 -977 346 34 1850 -1213 247 943 -1507 230 -2197
-838 -751 -173 -1210 -122 -488 240 -1051 -755 -118 -1484 -436 -1390 159 -923 1584 -793 -342 1157 135 1288 1116 1264 -373 -1532 1835 -1814 2158 483 593 1848 -155 2383 60 1532 -413 1499 -814 -1624 877 -703 340 299 948 1763 2398 1962 -423 199 2181 686 1213 717 1637 -1232 1543 -987 1107 -28 -100 193 -629
-31 1300 -135 208 69 838 641 -550 1598 -1216 -1976 34 -1627 574 -307 2922 685 390 -196 744 -801 -191 2138 -2089 -674 -350 216 -2106 11 -1734 -306 -1179 1462 1215 739 1123 -1052 -91 1249 -1298 1476 -798 623 1091 -634 900 -195 -799 -467 -89 -516 875 -2037 -1464 653 -1896 408 -614 -1155 437 -968 490
80 -287 1118 -23 2023 1613 2861 -1483 1212 981 561 562 -288 1274 -636 996 1838 -672 517 696 -389 -2433 1134 -268 2338 638 2019 -2112 -230 -1459 220 623 -478 -294 -793 1207 -1431 -738 121 -414 170 -192 755 -2290 1690 -1014 -611 1855 -333 254 -1365 -180 -1537 1159 1981 80 -1689 363 1356 -1021 871 -591
-1592 883 -253 147 -1548 -301 913 -839 -197 2626 -427 1379 358 -2194 1226 -1323 2214 -656 463 442 -410 324 -768 1794 -651 1146 1382 1692 13 609 -1548 1955 -470 -420 290 -734 1398 -1368 1128 846 -251 1876 -1483 1646 -92 439 -255 424 -950 -110 -1444 -712 -1139 -401 44 -329 -1627 288 638 -1236 87 -744
-323 -494 -891 -101 -1623 -698 451 1285 -5 1988 -52 -383 -873 -1151 -720 -1791 -91 235 2550 270 2181 -1102 259 -730 -615 -936 413 169 -1726 193 -1576 -490 -1181 -910 -755 -941 -1066 360 1011 -529 659 1738 622 684 85 869 -2203 -836 289 -1488 851 740 -559 948 285 1058 -240 -221 651 707 -1104 -322
448 -1328 -103 -789 324 -2039 219 -1618 -1520 539 704 1565 82 3304 425 -2866 2629 -1515 1728 -802 683 185 1459 456 -1643 -326 -949 426 -920 1079 1005 -812 1290 2156 -622 4788 -2782 925 -1140 285 -252 -1029 -487 -1581 -756 103 245 831 -1306 364 -625 520 747 1108 822 -1073 412 560 -221 750 1252 -289
24 1624 1556 -422 1138 -101 1725 -1345 -325 -1213 230 334 -1017 779 1247 -559 2041 -265 -1733 -951 -751 -479 299 -474 429 461 1676 943 1825 446 1744 1890 -526 939 -839 730 -1099 -1294 1281 146 73 -505 403 -104 2117 892 670 1164 -1158 858 -705 -1359 -162 -907 848 -49 -1060 -599 -2766 -1671 737 1426
-1736 -506 1532 122 2478 614 580 -136 -89 -1857 -1872 1394 -2013 785 822 200 -2471 448 -400 733 587 -508 197 -510 2107 -1085 979 -550 1482 429 -404 2259 1659 -524 374 -1850 496 -822 -302 -845 -156 944 -2405 901 -2020 658 -1397 1420 976 -1763 503 -1609 641 145 1147 492 721 1016 380 -1824 22 641
-950 -520 -1671 423 -2129 514 -357 -1565 1199 724 -2172 -1001 -1032 -695 -362 391 -61 1176 587 438 -631 159 -721 -549 -1621 -272 53 -1259 -268 866 -1821 808 -741 -439 -892 -217 562 985 -996 89 1282 -793 1925 -380 -1172 2566 -2209 -593 384 -498 1120 480 -4 -711 -293 433 -19 125 734 -967 -826 556
-443 458 -180 -665 1207 188 383 954 868 1276 758 -704 -758 1441 -669 991 -428 -486 -318 -1309 1355 -952 921 -1592 1614 -275 -494 70 -2682 1917 -3750 110 -2332 -621 -190 18 -999 939 99 413 2294 271 2193 -1047 -760 -1150 74 -2213 2649 -513 441 373 -981 415 -308 612 -733 -175 -892 -451 -2257 -223
513 287 1292 -108 765 193 -922 362 -71 317 266 -966 -654 598 -848 815 -345 -1135 1045 -1137 -819 214 1171 409 1720 38 -729 -332 697 -478 -566 -1041 -398 421 -1321 -936 979 71 -166 -256 660 1474 -393 1832 -1958 320 -231 -253 1316 550 992 251 1405 -661 -1460 -830 356 499 392 124 -1613 -1170
371 1004 -150 -208 -532 -239 -978 -2119 -1291 -1483 428 1530 982 -556 -642 262 1713 555 769 -210 -783 1166 1185 -490 603 -173 -1493 -988 -1025 -1398 866 1637 784 -564 102 2 928 2564 -146 -1131 -1133 1307 379 1086 991 374 -1546 1696 -848 177 -955 -481 -1249 -592 -1105 281 94 572 1430 2157 -671 -745
-1271 2187 -449 -1120 203 1150 908 -2541 1019 143 372 860 1909 -971 -2345 1670 -994 -1050 -371 -751 -1556 -1433 -120 -2144 61 -926 1028 -913 98 -392 -257 -316 242 -52 -1407 269 -719 1421 1132 -1312 1314 -2281 -357 -1033 368 -1995 1048 -747 1136 -2147 724 -2281 -147 -895 463 1957 -2117 847 235 1731 -1201 1575
-780 -821 1533 -670 -638 213 547 -407 -354 -637 -1111 -1551 293 1409 -1705 -116 -2285 -586 -1053 255 -597 -1292 107 159 912 888 810 1264 -421 325 -1796 -19 3004 40 813 538 389 -1075 -1142 675 -84 -1524 -483 222 1060 3593 -77 3109 352 844 1640 -778 1183 -442 802 1226 -2 193 -359 659 1956 -348
-845 567 859 1429 -327 319 631 2448 -399 426 -158 74 1968 1507 -1286 775 -875 -822 -1730 1049 -677 -457 -553 1018 -1097 1713 -744 -79 -987 1589 -1177 -1210 1298 -417 308 822 -1866 -663 -1139 787 1019 1277 -449 -364 657 -1584 -627 792 -1203 478 -73 2053 -270 599 -2319 44 -741 405 -962 1125 289 -330
138 -1744 268 -1579 -1656 893 -2638 804 -86 -283 1717 926 -1038 296 -407 -264 604 418 600 1168 -48 -949 -688 190 -2039 -1108 576 -1200 -428 2039 1188 -505 1227 298 -1016 -1303 -1375 -247 679 364 189 857 -655 -771 -367 -688 -138 -1021 -941 1301 888 -35 -633 1702 -2693 903 403 -745 -1346 96 -1117 -614
-437 -1256 -547 -1557 -341 1232 -1529 301 1236 130 -243 -157 -278 1213 -1066 -1408 802 289 131 2012 -76 1224 -1118 1155 53 0 1522 1472 34 842 825 -42 1424 627 507 699 15 -291 695 -907 -536 -1235 182 82 152 -322 1411 -1767 -424 833 1508 -2366 659 -945 375 -37 -781 97 926 -972 1606 246
744 1576 68 795 88 2478 29 -841 1484 1125 520 820 1561 738 -210 638 1338 -185 -185 1191 1640 1075 -539 1604 -733 1299 -268 1555 401 282 -1534 536 -2188 1041 1586 487 1131 -160 717 571 1608 470 1686 635 -2397 -1815 -1432 -1352 -556 -1816 1842 -1522 1885 -2664 1381 255 419 347 808 222 515 352
-781 955 -390 -487 115 907 1307 -1904 1075 288 -667 1282 -629 2178 618 -755 29 -142 95 -354 1587 -431 42 158 989 852 466 430 721 -230 881 -2087 901 -380 621 154 213 -160 -1968 -1196 -1486 -302 670 -790 -424 690 -281 950 -1378 1064 -1478 2261 -484 1328 338 -440 3529 -1969 1908 -1725 -1681 -128
-1691 1347 -28 1186 -1023 -1762 608 -260 222 1992 965 -4 749 764 -383 -516 1080 -2882 -2 -2214 306 363 -96 -324 -1356 -798 216 -573 976 -415 1045 -1703 433 -52 -1085 -39 -802 -1638 597 -2431 -440 -215 -255 -1495 1064 284 708 -71 1609 1540 -204 2032 -2360 592 -1085 172 651 -619 1335 -339 -1098 288
-339 -350 524 253 -65 1716 -1089 3745 1681 1185 1967 10 -2387 -1214 -1720 -26 -1662 440 591 -1256 157 634 691 -198 1703 -236 2236 890 -770 883 -115 192 -1802 243 332 213 2148 -821 1627 1114 697 776 -633 582 -228 1175 782 -43 368 -334 204 -913 724 -3092 53 -626 -130 179 1347 -470 519 1197
687 127 -1880 -1331 -1722 -453 -288 39 -813 -2509 -1518 -220 -1369 -444 -977 331 -1416 197 -775 -1161 728 -3290 -235 -1658 -2656 328 1437 355 -855 234 373 -157 547 -150 1534 1680 -208 -324 166 550 1076 378 550 864 776 539 -1382 1720 -2113 -3544 846 -1655 1650 -697 947 -1840 -44 -1942 1176 -1291 2640 -588
61 888 -779 -179 24 1068 -694 507 -231 -1036 636 -1414 2550 459 2616 2355 809 -2985 47 -671 35 51 425 33 -839 -2428 965 -914 734 -674 -971 889 -584 1003 1716 -51 -945 615 -673 -1505 502 -1494 -760 348 903 -309 704 119 1742 -1092 1147 790 3025 -178 -187 332 -2354 -64 -2185 -651 962 -1062
-334 587 750 -264 1468 -368 -123 -1045 -627 162 516 -1601 742 445 -1205 503 1604 466 885 -440 -1018 67 1497 1207 -606 -301 797 -1453 173 -422 -111 -218 1133 -1589 -557 -1633 972 1186 -125 82 922 -521 -333 385 3755 -1680 -1151 -2010 1031 1366 837 1536 1760 -26 -375 1978 -403 2834 -578 1083 275 -753
623 -388 -617 -2036 -1137 -809 2017 -2545 955 317 575 -711 -1284 592 -2865 986 1383 1117 2070 139 -3246 -332 -1283 1316 -946 -10 -659 196 -339 475 -94 360 1037 -624 659 -359 -129 -140 -427 -1269 2137 -437 -351 -310 1046 791 99 -1011 882 1627 -278 274 -1269 -383 1359 -140 1303 1673 1818 292 -395 537
1214 -776 994 -804 -454 -888 -762 881 -1630 1816 162 -428 787 2501 706 1342 -203 1283 1333 3430 107 -471 380 1362 -3624 1744 799 1313 1028 2510 -1238 558 1127 1079 -446 -1061 -2071 75 1051 -365 1108 1198 -1260 -428 285 711 -62 -100 -667 -1859 1229 -2552 1755 -1200 160 -749 1118 -3952 1106 -3 -155 316
-490 -958 1778 2410 2776 1876 685 470 -1249 956 372 -535 -271 -472 731 -1641 482 -2916 -1806 1944 547 1371 -517 1321 193 -206 1209 -1180 1116 -333 2477 -568 -590 -903 -352 -663 -230 926 -246 1423 -1203 1829 -736 378 -29 1569 159 1528 -654 -1145 807 249 -444 1233 -1838 1618 -1020 -114 -2476 522 -2091 541
-2115 -74 310 -702 219 610 133 336 -199 1128 645 619 -2633 -323 -1034 -215 -1214 853 -1203 555 -1293 -1501 255 389 -640 -2108 318 -2459 -104 -1251 1966 -1643 756 -2421 2671 497 698 -386 -1530 -672 -1219 -2145 -169 -1498 258 556 8 -1015 -107 166 -1363 787 -972 133 -1228 447 88 1677 -365 1612 -825 -3
-1235 1597 -220 -1435 478 -2269 -589 122 -679 -197 154 -1002 -459 -1458 1652 -371 -872 1445 -1216 427 823 835 960 -192 -510 -609 2226 521 -1381 -178 -240 938 -145 -192 2443 1690 950 -394 1512 -1722 244 -1565 -152 992 -1859 -1306 -498 -233 -42 779 -2097 -879 108 -1137 -847 -1094 1463 167 2389 -372 182 -12
1223 -827 488 460 250 1134 -368 1940 441 302 -1096 1536 -568 987 470 1772 912 657 -717 -137 1800 -166 -511 494 -652 941 -865 492 -1395 -1597 -3009 -517 -1182 -2681 2048 330 1118 -66 2529 1310 -885 1926 846 741 -67 491 -1103 129 -506 784 1064 -3050 2 -538 990 -331 268 -1539 -1724 -685 -262 -686
1502 -861 3348 -201 1653 -513 1365 71 -31 30 -516 2522 -382 -444 -1532 -2344 -127 -3214 -69 -1470 -2039 -755 -353 1426 213 -1310 -535 -218 785 441 1199 1064 885 -933 -2918 191 -883 775 1399 1635 -1455 1214 -896 1216 420 2647 -288 2260 145 1810 2351 -146 469 2244 -1575 578 414 -1235 49 -1365 -1605 1586
-2194 -94 -442 -368 2709 532 1403 -419 -164 -656 1647 333 2733 -268 -465 -2111 -463 344 -562 1532 1147 109 1335 582 611 0 -503 -76 879 1291 1533 625 1311 -1326 466 -616 468 -528 1640 -425 1538 -117 878 422 -195 1300 702 46 55 -661 1546 1774 421 1239 -291 959 1817 -552 2144 -1106 -1006 637
-2088 -3524 -749 -803 1760 1385 1077 1188 1385 801 -1089 -1804 620 -1046 2010 1619 -13 -562 447 -491 2530 -1439 1817 -153 1577 367 -143 229 -1573 738 -2194 -2105 -756 -2651 1390 -1208 -376 -56 -2695 1579 -670 -9 -1669 257 -1816 -417 55 -2188 -977 196 -219 -200 -1698 -298 -1501 -1375 1078 309 2073 682 973 -618
642 305 165 -883 -3563 -1310 -1501 540 684 -92 -408 -1280 994 -67 660 996 -703 -394 379 -467 476 431 -1222 -360 801 507 510 301 -192 730 -462 905 728 827 -702 -652 -328 -870 567 -1413 844 -1358 -1460 53 -277 -516 -707 450 542 149 1154 -1290 -984 561 -2293 1858 1022 766 -408 1501 -995 1590
375 -692 -206 1337 -1224 642 -1186 -437 152 -694 1301 87 -604 -781 -1315 -1317 693 770 1176 -85 -760 332 -2926 861 -1024 -613 103 -30 643 -134 102 1411 530 1403 609 955 1618 -802 1276 -1141 -1386 -1087 -794 -319 -2102 -762 -331 857 -1729 -664 1219 871 1891 1625 1796 -132 -920 -118 -697 -717 416 1011
-552 82 1385 1955 1765 595 -926 -1655 -813 477 130 -1658 919 -945 391 894 -955 -2416 -923 154 1324 1688 1420 429 -1549 -427 1029 -636 628 -861 -689 41 -1917 -196 413 -672 1284 -657 1373 921 2802 -316 1653 2102 255 -523 207 -472 -1733 -1002 -1691 817 -228 370 -1968 -1624 -1947 -1485 -635 -2287 -1543 -892
1528 954 -1797 -77 -1204 280 -1064 1626 -1265 2282 554 1370 896 2030 436 138 -132 -1656 -936 416 -253 1390 148 2209 -1950 -753 -349 -632 -380 -50 -2246 938 -476 113 751 -341 1172 312 1951 649 1260 -175 -179 1009 -792 225 -820 2265 1256 11 682 -1182 -35 -891 684 540 -1045 -974 -831 251 -32 -503
-1406 -175 -1173 -2080 1107 1203 8 550 63 1132 -393 -821 -588 742 -319 -351 1991 2543 2728 116 515 -735 -172 -121 1241 -1433 -198 -1770 -109 -920 -515 231 -328 -1279 447 516 -110 -915 -766 -805 -358 246 -2711 1425 -625 -164 413 1631 116 427 512 -1365 -615 -370 -65 2367 1281 441 1452 1401 1729 -243
-571 1491 -2527 -238 -927 371 646 722 699 -1957 -1203 323 -1042 204 -383 -78 411 -1448 854 781 -378 534 -1322 805 2395 69 934 -633 1124 1475 -932 2253 -709 451 -824 -1049 -978 -277 -1627 1501 815 504 -1515 1225 1471 -1027 3043 -476 970 730 207 567 -2130 -287 -969 1857 1783 -176 1954 17 287 -1748
722 -865 383 -1517 -477 645 -1500 -1042 289 345 -1130 751 703 1237 -310 890 -236 -506 -219 -1795 -972 -233 1454 145 -800 49 -457 2006 1230 3 -295 -503 420 -616 -214 -277 -838 55 -1548 39 591 -534 -2264 -1528 1107 -2085 -689 -934 -938 1187 -1853 2270 -865 360 -275 -623 -737 -626 396 1336 808 1510
801 531 3084 -190 2171 423 -1706 -1466 200 226 657 -1277 925 373 723 -460 1017 -7 -1909 -388 -143 175 -131 -1208 462 -2136 1331 -398 -241 -441 -356 -1504 2521 -420 1395 -717 487 1542 -216 588 768 -735 -350 140 1849 -442 1534 204 -21 2044 -253 1175 427 -1957 601 325 532 -1788 -1433 565 421 -128
-307 902 -1086 711 -2345 166 1560 760 996 455 449 -2119 -1945 -2142 523 -822 -9 560 -1517 120 1216 655 373 542 -579 330 -475 -1931 244 -218 -973 -176 1050 -709 -423 -923 -139 -2387 -1771 1592 193 1724 765 -623 702 -500 891 285 -1560 579 1204 1513 1055 -2316 -16 865 1278 -873 -89 -1218 -415 -655
-527 1128 376 -146 -429 350 1804 1112 -266 309 -946 -1309 -1503 -2815 -728 -1570 157 1330 71 1719 327 242 31 536 -211 1874 -9 570 695 -425 937 -131 -205 672 821 1490 447 390 -1172 -538 306 662 -846 -825 543 142 -347 -281 -636 -2194 -191 1476 -847 60 -1000 328 1248 1880 1144 1355 -1703 884
-1216 858 -133 1711 622 -409 420 -7 -733 -963 736 596 1186 -390 -567 -148 467 1438 502 -557 -352 -1188 -588 268 -220 16 -24 597 871 993 91 -1883 551 88 -260 1404 512 901 582 826 -1315 868 -1658 1289 544 2217 198 1864 -43 -1757 -1326 -1868 1917 1039 -267 -12 -961 -1189 642 -1053 -1092 520
141 -1827 1818 -435 2117 -606 1523 255 1132 -512 2295 944 4008 1413 2390 953 773 -1024 -1376 -1837 -1399 368 -1492 -2023 557 -1431 -955 -517 29 -1429 952 -2136 579 -2050 -510 -1684 2015 -1687 2632 -221 -1522 -218 420 -174 605 -353 -485 805 785 -595 2609 -977 519 -831 371 -206 495 -1257 -242 -758 -1334 389
803 -1062 -1312 391 -770 -957 117 524 -44 1965 -2614 -216 699 522 -534 -299 -974 226 1924 -1074 1161 893 107 947 -2695 346 -766 -101 -790 -98 1884 1635 1027 -1301 -494 -151 -75 -3035 195 -703 155 27 1233 -1442 51 -1656 -2575 -2089 956 -194 1804 1551 744 -222 227 319 1432 -379 285 534 -976 -998
-386 -338 254 -1717 -269 103 -1841 983 -807 2553 -4068 584 -2854 505 645 -1325 -128 198 276 939 30 786 -708 7 -1029 116 243 -18 -1802 275 -1415 2430 3503 828 1457 576 473 642 927 1614 230 512 -188 -318 -1510 -949 -2001 -264 -1067 -1824 -587 -1762 -295 -2747 -1398 -7 -1471 -520 2258 -369 580 -146
-982 1490 -486 1923 1973 1425 -60 -773 1851 1243 883 -629 -1764 955 811 1388 139 1213 -561 -878 -1621 -680 -1048 438 1609 -2451 -612 -1521 253 -59 -2436 -1315 2261 -1049 -945 576 -28 563 1412 109 38 400 -759 144 617 1725 657 2766 1230 -1097 -380 -3421 -1239 -793 -2928 402 -1237 -1753 -788 -2182 185 -457
1422 1039 128 1704 1016 -917 436 -1006 -484 1290 -273 868 -517 -1087 -1211 494 836 -1078 413 -1197 931 -432 1769 977 1837 847 -436 -2749 -319 1235 -1647 -640 -997 -751 -219 14 411 -483 183 1016 -2800 1048 -436 48 1755 143 1744 -2152 3003 1397 -892 1588 2439 1259 1091 702 246 636 -553 -2196 -394 1381
-1591 -124 -2183 -1628 -722 -423 220 -1166 1364 -1653 44 -2146 31 -360 -717 -374 -1324 -1883 1343 -761 2059 -1192 -42 -2322 878 1059 1545 -610 855 1531 1981 105 1574 425 -772 -493 383 -1599 1993 68 793 -226 50 691 1508 891 92 -336 2404 994 1667 758 314 2422 -253 -93 -505 977 1255 -1549 890 -154
96 -2865 321 -2147 -1075 790 465 -191 -213 -384 -810 -1059 122 1318 -533 1771 423 974 104 680 -1495 972 -2176 171 -1672 723 -177 805 814 -1645 566 -51 362 1701 -1444 -1133 -485 -2493 2493 -880 2277 -2087 10 -714 -1021 1500 -30 -1642 425 -1470 -258 -2927 -808 81 805 -3417 252 -166 1545 2125 -1415 -244
901 -1693 1821 -779 1977 1630 4449 -487 -74 -451 1263 -1634 64 -899 1033 1078 426 1003 -151 372 75 1658 -145 1603 -106 2318 1874 -89 -1049 -119 -1244 291 -183 1787 243 -2240 -130 -671 -376 -2380 -218 -1485 -1647 -329 -1033 -1252 1009 -2105 596 983 -727 622 -937 -699 1539 -762 358 -1410 -1607 95 -1040 -523
31 -959 910 -1131 508 -2454 -689 -826 -2433 -292 1363 -1588 1502 -489 -129 -1350 -722 744 -1495 1355 834 966 1010 36 -475 2218 906 704 -1109 -480 1083 -772 910 -938 526 -1190 392 -632 198 -1876 -261 -491 813 -792 781 -1365 154 536 -696 1949 -126 -623 884 641 -97 2687 1485 -1001 -570 -997 -595 -1092
1062 710 1538 718 -443 -1747 -1057 -436 1357 938 957 1201 -1133 2484 -1875 1763 -805 112 -1624 813 -1068 -660 -759 850 -2485 1140 -119 210 -1640 -649 -1363 -878 -811 -347 -118 153 1394 -652 -1037 -716 -1445 131 59 786 567 2443 139 1466 1237 840 1602 40 1042 -901 -2152 -2183 1297 187 664 -112 2901 -1287
969 1098 -2084 1191 -907 1798 1261 1784 399 1674 -1226 987 -1094 699 571 -464 376 187 622 864 330 -593 353 552 1039 -1001 538 379 373 -951 1264 629 -103 -765 1533 -376 1280 1243 788 998 1640 610 -452 -978 -966 -840 -1678 55 -1513 1092 -1625 -794 206 -536 1941 288 1545 479 2319 -111 -25 -1298
1725 969 -3430 -512 -722 -768 -1356 602 91 2869 1352 -1615 797 894 75 1473 -664 292 -857 -844 441 696 1238 1346 -601 -542 371 -124 564 1453 -102 2175 1252 924 -284 1341 -263 1808 2028 -1116 427 1096 34 -383 -812 -253 -846 -397 4 -1657 1694 -767 1155 1729 -334 484 580 -1122 903 -764 -1058 590
-817 847 164 -161 1362 -1601 723 121 343 2491 466 -330 568 -2100 -89 1178 -1350 -969 -549 563 -728 1342 -821 -1996 186 16 1092 8 109 -1048 -2103 -826 1359 1328 -1651 325 320 -717 2650 -2444 2851 2836 1717 2177 -1168 344 -256 -1584 38 268 -525 850 -1158 -127 163 614 182 143 -1264 568 -348 1235
502 -123 2203 157 2465 99 387 -411 -2420 -1038 1203 -3009 -120 516 -155 636 -371 -542 725 -1111 115 -3069 -1528 -896 1509 -991 -185 1233 -837 -513 -1553 -195 579 829 548 592 734 162 -1282 -358 -1064 47 -655 -129 961 1525 -1248 921 -2625 3071 -933 -287 56 -839 471 1205 296 269 -172 -961 1302 1120
398 -1350 -801 -831 369 -559 778 -343 1848 -1694 315 1134 -2521 1320 -1302 -481 1861 -1073 1659 -450 -1711 1540 275 63 -330 -589 -3624 767 -2047 -266 -269 107 1262 191 503 -507 -2226 489 -1024 -1093 -1014 90 402 -1639 1574 411 -42 -192 -136 177 1014 530 1678 -574 612 -1429 138 -97 972 -702 645 618
632 227 -1150 -1271 -1189 -863 227 1328 -1385 2696 -13 774 169 -2111 649 441 -722 -1295 1009 2008 1088 2457 545 -665 2565 950 42 716 -232 1382 -1959 -1083 -2340 -2675 -2236 -1033 121 335 -287 615 210 2969 549 -1104 -937 -519 718 439 1279 -513 574 -234 -71 1734 -435 -173 -750 534 -607 -695 -1041 -377
520 195 2308 424 932 -484 -2404 679 -3124 243 -966 -1415 1052 -1751 -541 -10 -633 -922 -890 1086 43 -977 371 370 -701 961 -1563 489 -2009 1974 -462 -35 981 -377 1954 -2068 1957 -15 391 363 -1350 -537 654 523 -268 -56 1200 1292 447 -122 1837 170 991 -1354 936 -758 29 -9 -1479 1527 -1365 -1229
