-1.754895 -2.606838 -4.332090 -5.554212 -0.566237 -0.643635 1.727390 -0.363214 -0.235133 -0.895005 -2.947325 -0.658536 -1.510666 0.227857 5.081932 0.323341 6.599161 -3.997080 6.956876 4.402204 -4.344804 -2.069764 3.109155 -6.520140 0.731283 1.644250 1.780107 0.115304 -0.108378 -2.087325 -1.654303 3.023252 8.850551 4.619484 0.641990 -4.821061 -1.308829 2.592138 1.571663 0.342380 8.343009 2.632926 -1.101491 7.083627 -1.115438 4.052572 -1.425568 2.663758 0.860622 3.939572 1.013736 -1.306642 2.149343 2.565243 1.501820 -2.532378 -1.420453 0.568852 0.380741 4.293317 0.872399 3.232748
1.991531 3.215030 3.748371 2.503120 2.048032 4.963320 6.062885 -1.541896 0.426643 5.715185 -1.038048 10.361950 2.555854 2.487952 2.496119 5.313432 -2.327237 -0.437457 1.652193 -3.076468 -4.122621 -2.122933 0.648921 4.658645 0.281117 7.746997 -0.902541 -1.948879 -4.659650 -2.193291 1.463610 -0.148211 -0.756113 -3.276005 -0.077557 -0.614562 2.696378 0.385728 1.243229 3.050493 -2.142654 0.251963 1.906378 -2.806850 -6.107645 -2.758664 0.397857 -1.440948 -10.019653 4.480135 -0.484261 -3.502073 0.526755 0.869837 -4.794669 -0.853644 -0.489673 2.824016 -3.465533 4.618531 2.403434 3.276094
-3.212165 -0.895320 0.340678 1.253591 0.052491 3.294398 -3.287310 -7.346860 2.530906 3.900990 -0.671261 3.962115 0.013925 -4.194939 -2.639282 -3.835767 2.918651 0.630393 1.524319 5.866723 3.067292 -2.379694 0.759187 -0.287971 2.669107 3.788054 2.341271 -0.393347 4.288342 6.949352 0.993048 1.283813 -1.123517 1.908555 -1.032868 5.863851 -1.275164 -0.451104 5.352873 -0.541213 -2.165078 -1.031611 -1.247051 0.980582 -0.950417 9.579482 1.118598 2.850111 2.889800 3.502673 -2.124293 1.100060 4.350491 4.829092 5.914503 -3.707085 6.311435 2.148237 1.857754 1.656666 -3.767545 1.543715
2.024500 1.264229 2.567914 -3.256489 -3.379739 -3.741480 1.834801 2.011857 2.179812 -0.274518 -4.559216 -1.288333 -0.224776 -3.912963 2.166685 1.596118 0.488286 -0.474734 -0.806590 2.882782 2.472216 -1.646982 2.355812 1.147922 -0.633527 -4.131783 4.418511 0.384788 0.039167 -2.312415 -1.028721 8.434989 3.940399 1.864870 -0.042342 2.056258 -0.783962 7.859844 5.913359 4.533782 0.026745 4.583249 1.852193 -1.667450 5.567877 2.178598 -2.784333 2.578643 -3.161787 1.964044 0.894945 3.528322 0.959110 2.648272 -0.308270 6.280521 1.835448 -0.577631 3.494431 0.913255 1.046492 -2.018734
1.692635 -0.650520 -1.714400 1.359302 3.352393 7.073485 2.474039 3.865805 1.751110 0.912449 -0.976930 4.183400 3.677231 7.064889 8.530675 -2.694969 -1.730351 4.265791 2.165339 -0.290675 -0.871298 3.413837 0.502679 2.194239 -2.626625 -0.960826 -1.248079 0.067144 0.787502 7.475886 3.576575 -0.739352 -2.876317 1.991628 -0.936442 -0.310185 3.017734 -1.827306 -1.927042 2.996854 -0.848773 6.445278 -5.197838 2.835679 -7.934357 2.181643 2.449300 0.919829 0.645396 6.956594 2.281159 1.772396 4.675753 2.240027 2.225050 -1.802629 1.926944 6.399244 0.520156 1.839180 -1.844221 -1.205456
3.021906 0.463547 6.985198 8.668533 5.637416 2.911470 0.135789 1.880128 -2.754964 -1.280521 5.810103 1.094157 3.143265 3.030850 5.934446 -0.837407 6.066475 5.080852 -6.960240 -3.626081 4.395632 -1.163594 3.150370 -1.463248 -1.011022 4.063556 9.019054 3.653895 0.569163 3.263351 1.469303 2.733939 1.993617 3.328202 7.181964 1.839428 1.883345 0.434064 4.427727 -1.208412 -0.571342 -2.560663 -1.129914 4.482026 3.480663 6.877401 2.796055 -0.778563 1.844293 -1.739766 3.454502 0.005753 -2.184565 -1.724977 -2.847983 3.802252 0.114359 -3.642274 -4.391835 2.499511 2.275295 8.600920
1.388474 2.107747 6.026285 -3.056244 -0.167437 0.890604 -0.325165 2.541241 1.226779 1.680913 0.378122 -0.324188 -4.172974 0.476954 0.855862 -1.814169 3.614092 -2.609979 -0.362790 7.730285 0.534689 -3.765969 -0.203848 2.417810 5.773022 3.057173 -0.787959 -0.927703 -0.721764 -0.039665 -1.000826 -0.390568 0.886647 -4.135914 -5.943961 -4.719678 4.156848 6.478291 1.414350 5.125229 -2.466244 3.735976 6.182981 7.278089 1.288654 -2.350672 3.302831 2.006079 -0.984249 4.081740 2.188729 -2.684108 3.301301 1.744688 5.361667 1.778682 2.201499 5.996444 -2.478738 3.654136 3.118318 2.828067
1.282085 2.841957 2.777897 -1.184508 -2.984484 -1.190004 -5.119319 -1.016658 2.941832 2.441227 2.766688 0.502420 3.740942 0.375885 3.050357 -1.527138 -3.070929 2.170843 3.873261 6.518731 0.416200 5.361638 4.360919 1.846880 -1.513255 -3.183788 -3.429631 -6.619114 0.740732 -0.955239 -4.574367 0.172512 -1.167360 -4.844996 5.593749 0.721272 6.801841 -3.391708 2.402520 1.962243 -0.609150 5.948924 -0.145163 -5.451041 -3.464721 -7.581699 2.290625 3.113472 1.108411 0.529339 4.610070 -0.736224 2.181291 -5.630456 -0.338277 8.187226 1.195619 4.819341 5.936069 2.533524 -0.928747 -2.023165
8.706027 9.896412 2.441486 -7.066974 0.037073 0.816850 -4.027091 -0.251407 3.598808 8.683736 -0.864362 1.518778 1.148303 1.010840 3.322434 5.390819 -1.472607 3.864833 -2.200668 -2.630211 -1.093225 2.715089 1.377568 -0.378929 4.411916 -1.106028 1.993101 -0.158963 8.074541 1.728013 -5.660852 -3.977545 0.546589 -2.373003 7.353787 -1.237393 4.422439 2.877932 3.149685 1.321533 2.110138 5.005540 -2.722777 5.231675 0.950605 1.574503 0.615938 -2.043494 5.806047 3.009853 8.744220 -4.996389 -3.546943 -1.818234 1.356438 0.851214 -6.046472 3.417297 4.252192 0.156136 -3.883712 0.293709
4.799379 1.507912 -0.328468 9.596600 4.391848 4.323560 1.418525 0.908898 2.544621 3.812500 -3.690841 1.230400 6.615021 3.150916 -3.235593 -2.885495 0.234001 1.364789 -0.391011 -1.644426 -2.099571 3.474787 4.834519 10.275235 0.635337 6.831756 0.736769 -0.685723 3.368168 -0.062620 3.011501 3.441911 4.832244 5.803330 0.639199 0.316549 -1.374799 1.180899 -3.094909 -0.521399 -1.797525 -0.798593 2.467666 -1.299133 -0.909769 4.486240 -0.322330 6.250352 4.327339 2.177959 0.352716 -1.494064 6.615771 1.968243 -2.984075 2.259727 2.883922 7.226725 4.036155 -0.069962 -1.687804 -1.409474
-5.654676 -2.862856 3.291757 1.064936 3.651684 -0.220886 -1.931426 -2.525638 -1.899547 0.366466 3.383669 4.700163 -0.644257 -0.654905 -0.787654 2.210927 8.403963 5.394213 2.496950 1.362755 5.596714 1.249534 -0.766726 -2.793083 4.262021 1.233698 -3.964891 1.386970 3.029394 4.432949 2.145608 8.773895 5.067423 -1.367532 0.271669 3.895604 -0.675557 -1.104448 -3.440041 0.287717 -0.053372 -1.645928 -1.936795 6.457566 12.732424 -5.153509 8.150154 1.556361 -0.601057 -1.883385 -0.230346 1.580121 5.410952 3.168176 -5.756285 3.339714 0.740372 2.045995 1.827409 5.143621 3.959492 3.640223
-5.071711 -1.739453 2.017682 -0.203657 0.767082 -0.696885 4.182515 3.063979 2.032076 3.280266 7.156975 5.084843 3.706654 0.085072 1.532565 4.260998 1.664370 -3.759060 0.720567 4.552123 0.801594 1.532947 -2.506514 0.186941 -3.570188 0.825225 2.436673 0.986961 2.805864 -2.065600 3.704606 0.586851 -1.300845 3.967135 0.197868 0.948228 3.763913 1.118655 -2.953608 0.148904 1.593798 2.295850 2.981599 2.801740 0.589547 -4.394314 4.375461 -2.870936 -3.922009 -0.664601 2.578287 -1.597047 4.098093 6.506667 0.429622 3.866304 -4.291646 3.879816 1.245812 2.124480 1.865960 -0.246279
-1.814414 3.117656 2.030474 -1.868121 0.570158 2.866640 5.518277 -0.056254 3.118409 3.873224 2.422947 -1.872144 2.491912 0.715207 -0.473670 -3.406771 -2.600708 -2.847215 -2.420662 2.110080 -2.184983 4.970194 1.279663 0.610073 -1.555742 6.099510 6.526059 7.563348 2.798502 3.570186 -0.527944 2.048720 4.168225 2.862926 4.669640 0.320973 0.750202 -2.133346 1.653680 1.905877 5.241472 1.915417 -0.573284 -2.355332 7.681998 -0.376586 1.543728 2.320795 1.040008 5.211616 0.484511 2.467319 0.937727 -0.049068 -0.969150 5.968495 1.971477 1.870374 -4.856819 -2.661301 0.007069 1.781623
4.498622 7.262454 -1.258596 2.079366 1.164782 1.391366 2.465880 1.813643 1.743157 -1.694455 0.697583 -0.539717 6.515758 -1.669028 -0.553409 2.625291 1.939054 7.249807 5.408455 7.092754 6.913101 5.788336 3.729933 7.619972 5.045438 1.335453 0.719243 2.113756 -2.225750 5.956613 4.190923 0.926226 4.216302 2.282279 0.047205 1.044947 0.774780 -3.186741 2.694640 2.365210 6.909963 -1.205876 4.277488 4.527714 4.711679 1.893662 5.885033 -6.372361 5.024479 -0.454482 3.160437 0.360005 1.382147 2.521414 0.072445 4.098091 -3.606270 5.555804 0.078012 2.159357 3.138428 4.908683
1.992173 -8.956780 -3.041064 7.847660 3.299289 4.455993 1.184416 3.432390 -5.497365 1.736131 7.023089 -3.012034 0.790779 6.678964 2.300903 1.302281 6.392575 7.466129 4.375249 0.074524 2.469584 -1.683160 0.251043 2.809329 -1.627297 -2.623112 0.922943 2.244498 -3.231936 2.277275 -0.503612 -2.198261 1.846837 -3.015669 -3.037330 0.322329 3.224252 1.757718 6.330084 6.990094 -2.708715 -2.154066 1.546430 1.606057 -2.966679 3.002303 -8.684223 -0.510509 0.289522 -0.946621 0.529333 -1.153820 3.664116 0.761824 1.799711 -4.005034 4.873039 0.781401 -0.241889 0.736315 3.467994 -4.919195
-4.687907 -1.342504 1.319136 3.638358 -2.905067 1.656964 -2.452741 0.534429 -1.150193 1.412921 -0.141996 -4.561109 2.137851 -4.205144 -0.022504 1.131402 2.053449 2.896194 0.554991 2.881166 6.815494 -0.289551 0.235095 4.411558 0.562199 4.097053 -1.026629 3.544018 -1.179359 4.121967 -0.446981 2.277774 3.903105 0.471958 0.969987 5.758489 1.829040 5.764550 -0.343861 -3.041423 -4.553979 2.407808 -0.293057 4.333985 1.650721 0.312160 2.230837 1.930994 5.646754 4.105971 1.060751 -1.565192 -4.517282 4.327653 0.610505 0.145579 5.527963 0.013709 -1.270245 -2.822964 -1.021581 2.644505
3.360181 4.825400 5.184994 1.005840 0.502912 8.875493 1.167723 2.275998 4.120972 1.602071 1.548532 -1.667989 1.532374 -0.273160 6.030927 2.093023 -1.211813 -1.251509 2.587329 -6.485652 2.559812 1.319302 2.724892 1.965308 5.436936 5.763814 4.421879 7.075267 -2.097757 -7.558288 -0.272881 0.722485 -2.176158 4.241581 1.886408 0.713256 0.554011 0.524879 1.771376 1.729862 0.766068 5.184614 3.717792 -1.198057 -6.452732 3.368986 3.326152 1.658781 2.057510 2.018016 -0.512274 -2.741576 -0.489346 2.033826 -0.419599 1.058728 7.156632 1.771887 0.984774 5.245614 3.043866 1.183393
1.704975 0.812475 1.252343 0.097544 6.174868 -2.647925 -7.590933 0.628103 4.081866 2.560260 -0.501354 0.850845 2.021308 2.632466 0.845132 -0.549502 5.619997 -3.216540 -3.337891 -4.747738 2.621781 0.599782 -4.252254 0.409994 5.247719 -3.184580 -2.540405 1.273788 -0.245991 -1.558994 1.382138 -5.677880 -0.726517 -0.358612 4.601062 1.418610 1.351757 1.696110 -3.604760 -1.448014 6.794734 4.968919 0.640898 -1.724474 -4.008400 1.881025 4.044607 1.545011 1.179686 1.977063 -1.018032 4.494537 7.212213 0.015256 4.318301 3.902048 0.279313 3.328050 4.108082 -5.094959 -0.611590 2.732454
-3.910623 -0.795740 1.592409 -2.695404 -4.251173 0.166515 4.155184 4.154988 -0.235773 0.772594 -5.067109 -0.161140 4.218825 -3.703701 -3.489534 3.843790 1.868847 -2.429567 4.790894 -0.699113 -1.091679 -3.027974 -0.046030 -0.383280 -0.805955 1.241869 -1.061030 -1.396086 2.496353 -1.756283 2.999693 6.672520 -0.399645 1.089978 3.576310 -3.330162 0.479191 -3.420445 -6.716247 2.053352 2.108913 -4.857520 -0.611757 -0.599726 0.423000 7.200382 0.427825 4.752428 3.028228 0.555878 -1.932363 3.432322 3.935176 0.984960 1.068865 -3.204238 -3.006330 3.501425 -2.749943 1.187616 -2.059958 1.609751
0.909278 3.586436 3.491166 -0.949420 5.298895 1.379947 3.250509 5.952506 2.598906 2.978798 3.451568 2.920349 -2.776260 -1.414439 1.405723 -0.034122 0.179590 3.076869 4.661300 -1.090770 1.370805 4.983618 -0.575884 -3.946866 1.128136 -2.052512 5.373921 -3.346048 2.890782 0.432379 1.576234 -2.891416 2.686857 4.560618 3.446718 -4.444632 2.432698 4.956531 5.467122 11.484945 1.456032 0.834371 1.793757 1.192676 1.669914 2.276503 -1.547573 0.836444 -1.914540 5.477241 -3.027896 0.522759 -1.331957 0.907316 -4.211953 -3.960965 0.913519 2.236223 2.100296 0.884690 4.556605 5.572867
0.000250 -0.856948 -0.469822 5.802504 0.357603 0.126158 4.183291 1.568433 -4.442362 -1.004761 -1.260721 1.362639 1.631215 -0.565828 -0.559196 2.013742 2.777837 1.650211 7.307677 5.792070 -0.691006 0.503893 -2.396702 5.166203 3.987499 3.108323 6.738798 1.572661 0.626706 0.550619 3.125621 6.651249 3.766216 2.294382 3.448367 3.619310 2.966418 1.304034 0.736461 4.721568 2.078866 4.423579 4.512073 4.659528 8.608621 -2.229403 -2.569181 -2.246834 -7.528884 -1.935916 -1.008187 1.917179 1.380539 3.493842 2.489250 8.310560 -0.085547 3.004101 0.642482 1.030208 4.784081 1.596130
2.311088 -1.120024 3.598327 0.316624 -2.944827 -0.610062 -3.054082 -2.194936 -8.495749 -5.925964 2.499945 1.859239 6.312074 3.753168 11.034210 4.839155 -3.890519 -1.476289 -1.361829 -2.208909 6.190604 3.805381 -2.885436 0.504747 -1.130709 -6.311073 5.495910 -2.089125 -0.687795 3.978407 0.731836 2.469790 -3.201583 4.224069 3.447435 -0.972537 -2.419863 -1.786618 -2.505730 1.045954 -2.282543 2.075195 2.407040 2.526082 -4.173813 -3.973788 5.595450 0.924926 -1.089638 0.259347 7.564160 4.169901 11.943410 0.676930 4.399512 -1.602316 -1.520661 3.405069 -1.334727 0.268250 2.718745 -0.948668
-1.025350 3.355615 3.435532 5.004696 3.298759 2.187041 6.476263 -1.747013 2.012824 10.511721 5.391923 5.475061 4.440845 0.393177 1.325498 1.571512 -2.175968 0.713292 1.776624 2.951005 2.216216 -0.000675 6.194896 12.469406 -3.645698 0.145869 -0.142205 1.606291 1.576301 -0.677809 -1.656068 -1.398282 5.117685 -4.390473 0.429333 -3.980277 -2.134040 9.298725 2.702180 -3.669255 -0.338633 1.626327 -1.114906 -2.226342 6.455252 -0.117069 2.687727 3.035638 2.411101 5.379678 7.236398 3.602568 -2.385367 1.439242 -0.077087 1.253722 4.496637 1.642601 1.255484 -1.967933 4.555264 -6.785006
5.856110 -1.933701 0.701419 -2.549908 1.622775 0.191962 -0.167162 1.053954 1.658700 3.012252 3.919064 -2.311337 1.103017 -7.612544 -5.564577 -2.681273 3.529443 -0.092432 4.533037 -1.095481 -1.646104 2.761554 0.182872 -0.437026 -0.796515 1.911603 2.084610 2.215859 2.443241 -1.197402 3.549398 1.673698 -0.299570 0.985240 1.740577 -2.886254 5.497210 4.026782 1.092097 2.664060 6.581316 0.048299 0.505506 0.400199 6.095380 -3.481440 3.566073 -4.003653 4.288604 3.480333 -4.186839 -1.816521 0.000323 0.506891 -4.509718 3.524864 1.663474 4.699412 0.422280 1.584164 3.391767 -2.802590
1.655669 -2.596820 0.278425 -1.162096 1.494900 1.301726 3.018634 2.099796 -2.668150 4.965426 0.755823 -2.135948 0.496901 4.857324 5.084125 2.055964 3.048370 3.147843 2.279658 1.896994 2.290096 3.836926 4.430707 1.916512 -3.813222 2.751824 -0.762358 5.236794 4.695221 0.474947 2.189906 -2.590250 8.586140 2.631333 1.170892 1.221132 5.584283 -1.978140 -3.327570 -2.792317 -0.399308 0.648837 2.177491 -4.929239 3.713318 -0.438846 8.219398 2.799200 5.447140 0.618102 -6.052466 -5.119551 -2.411552 0.570219 1.176648 2.319605 -3.586873 -2.626822 -0.678172 -1.657082 2.851121 1.453568
1.756845 1.012199 9.338105 10.013883 -0.798485 0.955263 0.089191 1.218799 7.217344 -2.220020 -5.137935 0.386657 5.685013 3.532773 -2.435058 -0.955392 1.214308 -9.122453 -0.721487 3.450921 3.659965 3.729499 0.475466 0.547060 2.808315 1.543018 3.807380 1.018410 -1.633717 -0.152139 3.124044 -1.549950 -0.612146 0.427877 -1.882951 4.546044 4.512835 1.971470 4.284460 1.211593 2.588772 2.875878 4.066361 -2.249914 1.325999 1.493430 5.248473 -1.325266 -4.697924 -0.899920 -0.136072 6.357815 3.037131 5.711357 2.006560 -1.978815 2.946503 0.647688 -1.919534 -0.267858 -2.087674 2.403598
0.171000 0.771181 4.368594 1.428251 -3.713322 8.979250 -1.151761 6.856350 -0.398799 3.077438 2.914689 0.795366 0.554473 -5.497466 -2.347702 -3.710638 -1.136310 -2.259755 -1.143197 -0.778022 -1.775925 -3.371307 1.049884 1.769650 -1.259295 5.379756 -3.796180 -7.172422 -2.604579 4.650726 -1.267102 0.368242 -1.514885 3.139682 1.272401 8.260650 1.966939 -1.386222 3.315571 4.491780 -3.412839 -5.249702 1.104025 0.774597 3.953701 -1.055788 1.767798 3.741409 2.183838 4.467112 6.157769 0.185837 3.177244 -1.407973 0.712802 5.033542 8.236009 -2.002655 2.738436 2.072352 4.696805 0.469708
4.862223 -1.327573 -0.689040 -2.125049 -9.535202 -0.491911 -3.131426 -2.933154 2.077856 3.097571 2.713459 1.463077 2.278288 0.486778 7.274470 -2.429698 4.492633 4.555321 3.964046 2.493946 0.162019 2.991919 -0.399821 -0.726435 0.707483 0.913525 4.838563 1.861119 2.277384 -2.800350 1.863099 3.821294 0.706211 7.922664 3.306623 1.362412 -3.449685 -1.530453 -1.149934 4.639898 -4.847920 1.791323 5.743025 4.622789 -1.136193 -0.981325 -0.330196 2.188339 -6.109222 3.999685 -0.593689 2.377844 -3.903499 1.333408 -0.586101 0.646052 -0.603674 4.547783 1.657210 2.948857 1.776382 4.367162
1.289232 -0.172213 4.084740 2.706653 -1.210294 4.747934 1.533325 2.757708 3.662960 -0.473421 -3.196781 2.905736 0.932146 8.099372 3.793212 2.200956 -4.859250 4.240469 0.476397 1.421175 5.244606 3.563372 4.077380 0.809494 -0.691896 8.892117 5.850295 4.712469 -3.445827 0.712193 0.882999 2.377596 0.334113 -1.757028 0.960075 -1.121015 -2.099754 -0.506093 5.826208 4.037199 3.065688 5.462311 6.556196 -1.410278 1.455634 0.914140 5.171456 2.233171 -1.074353 2.890877 -3.583000 2.815765 5.802566 -0.789615 8.003320 2.200275 0.824004 0.419783 -1.092758 -1.655864 -1.550830 0.571914
-4.782646 1.991600 2.491083 -0.237077 3.861255 5.988703 8.567806 2.540380 1.983391 -3.634016 2.101818 4.298863 1.711305 -3.403134 -4.152874 -0.223770 1.804315 4.258438 -0.347607 0.027644 2.298196 -2.627432 -1.019594 2.381271 -0.596699 2.048658 -5.129563 2.295831 0.408986 2.716398 -5.066695 0.998159 0.091562 -1.731511 0.683284 -0.518188 3.393788 1.711819 1.777124 1.468590 -0.457822 2.084763 -2.111117 2.772920 3.329154 2.827488 3.606382 4.505673 0.655348 5.825573 3.195713 4.959054 3.765905 -0.492607 2.290613 2.594532 0.287642 -3.571985 0.849965 0.281737 2.350987 4.918017
2.542906 2.320310 -2.541945 2.534393 1.544866 -1.950200 -2.717583 -6.246963 -2.331867 -2.336290 3.938294 9.346654 -0.286515 -0.200233 -5.341630 2.230436 0.581750 4.002851 1.188298 -0.679815 4.340812 0.899505 0.828528 6.695018 -0.686146 3.115809 -3.547694 6.560181 5.432482 5.156773 3.277262 10.106283 4.821796 -1.958613 2.836189 -0.017554 4.925458 -2.482103 -0.731816 0.780050 -4.025500 2.372007 -3.696555 -6.381291 2.542168 2.424424 -1.921636 1.817529 1.869927 -3.331625 5.789080 -0.356518 1.697477 -0.301922 3.307182 1.808113 2.773290 7.502745 1.862331 5.572720 -0.602951 4.208947
-1.176484 -5.898455 1.914781 1.452896 5.419753 -1.201998 -0.904349 1.042822 1.934901 2.450626 0.031878 0.298405 2.025350 1.783009 4.524585 9.784265 4.718567 1.833085 1.168730 3.080777 3.537340 1.624417 0.662296 3.869622 -0.654214 -2.427797 -2.111022 -0.195723 -1.903679 0.094802 -1.959830 -4.218077 -0.611712 3.301360 3.758554 2.230618 -0.271593 2.010603 -2.476231 5.006998 0.455664 7.425934 -7.597681 2.170783 0.511636 -2.282614 -3.940435 -4.750027 -3.037632 -3.380434 2.969507 0.202863 -4.312142 -2.166694 -3.646685 3.962455 2.834592 2.136055 4.506052 2.084464 -0.666111 4.765380
0.001048 7.571666 3.680985 3.698379 -0.217576 -0.910488 3.499537 2.362439 4.839973 -3.339650 -1.259614 -11.198213 -0.460610 0.876236 4.045410 2.303332 -4.392278 6.802239 -3.287392 -1.675028 -0.855697 -2.741610 -1.782755 3.008955 -2.386361 -1.904169 -1.383004 4.487322 1.437571 0.493497 -0.975500 -0.628195 4.009761 2.177233 -0.610699 2.079099 3.790057 2.513854 -3.146381 -3.525416 4.111376 -3.277341 -2.458243 1.561464 0.379736 -0.246065 6.575538 4.400387 4.203005 -1.921604 0.346061 0.019015 -4.154782 1.990788 -0.748997 1.539417 -2.589020 -1.471444 3.031755 2.225344 -0.060426 0.048116
3.007716 7.671766 2.306254 1.326995 -1.800731 2.444571 -2.001438 -0.935606 -0.929616 1.476127 5.110464 5.361371 3.494740 -4.957044 0.003774 1.467785 -1.387204 8.003047 0.271477 1.534911 3.454757 0.731543 -0.575930 -4.636623 3.825959 -0.639384 2.933173 3.641975 -2.062283 1.335665 3.428336 5.863138 8.609314 8.247956 1.320670 2.936576 3.707539 3.642067 1.204780 4.864115 -3.314915 0.957400 4.957007 3.592279 5.321749 2.268723 6.858495 3.593836 1.577845 3.647415 -0.960309 2.736754 4.669338 8.632769 2.348612 1.194728 -0.170743 -4.533192 -1.525790 -4.410158 4.290914 0.640923
3.137216 5.922125 -2.712362 7.809111 1.092629 4.858042 4.819277 4.975841 3.079736 4.619546 5.393514 1.834583 1.712886 0.390835 -0.778742 0.732065 1.555657 3.843758 2.593333 -2.507142 1.545214 5.675890 0.961293 1.642275 8.500882 -1.761690 2.996780 -0.096660 -4.306746 -1.768658 0.760760 -0.802187 -2.015252 2.535194 -8.133091 3.676978 1.945143 4.501105 6.505574 -1.533953 1.432021 -0.500780 5.371398 -0.622248 4.942526 -1.115670 -0.113201 3.066933 -3.451956 -2.812091 -0.116546 1.448390 3.176654 2.419623 -5.468063 0.780313 0.849574 -3.125084 2.257526 -0.781463 -2.730556 3.968203
5.672738 -1.532735 -6.306516 3.532560 1.481195 0.721818 -3.462228 2.000906 0.907976 2.083667 2.208254 1.569256 1.415678 5.873443 6.474470 2.109574 0.603589 -0.576927 -2.739456 -1.804130 2.941353 4.722786 -1.596398 6.000587 3.830199 -3.241775 4.730769 -0.867812 2.003645 0.837085 2.786968 0.044529 -0.133428 1.251502 -1.484028 3.548579 -4.191157 -1.940716 3.331842 4.986340 0.940703 3.864155 7.732585 -1.319435 2.208692 -3.395523 5.761859 8.202325 0.674252 3.705091 1.370944 1.299831 3.242891 -4.867758 -1.856079 -1.119737 2.301662 2.394787 4.080556 -1.059786 2.585951 -1.495409
-3.725955 1.546280 -0.353759 -2.045451 5.371885 1.068785 1.345069 2.626497 0.509176 5.331284 -2.945420 -1.445619 3.796458 3.003072 -1.290356 5.016414 3.719278 8.173229 4.842436 -0.601662 -4.722884 -4.842624 7.803931 0.448248 0.242407 -1.548690 5.191533 1.024150 4.280703 0.657591 2.319915 1.833706 3.302002 5.445059 2.003669 -0.711410 -0.717489 5.413024 -1.061697 0.164912 2.331915 -5.306421 -5.395247 -8.919075 0.244382 3.116475 5.930601 2.083997 4.439927 7.889302 0.117663 2.900811 -6.020601 4.362998 -0.328457 7.735713 4.164440 2.908285 8.807816 5.660392 7.301935 4.401033
5.123223 -2.496500 -4.296292 3.881184 4.255078 5.725908 -1.690977 4.617125 -5.240519 -3.604147 -5.739350 -3.935489 -5.073482 3.737418 1.415112 -1.768156 3.180124 3.742959 -0.309984 -0.112965 -0.188549 3.161682 1.405283 0.303304 1.441124 2.193177 1.336930 0.127463 2.504731 3.657673 1.932228 0.763185 0.156747 5.562863 -3.185339 -0.612328 -3.445843 2.625427 0.233605 0.615657 -3.409821 0.806217 0.938935 1.363020 7.810074 -0.201382 -4.428472 2.020927 -1.678543 -3.391815 -1.807326 0.987969 -1.397560 1.085362 1.114849 7.519572 2.936746 0.993574 0.853835 0.102987 -4.799426 1.128523
0.300660 -2.195899 2.491295 -2.480713 6.333576 4.454743 -1.973442 -1.705357 5.793708 2.099042 0.620055 8.545570 0.608114 -0.691648 -0.976612 1.692468 -1.306517 -3.325884 -6.201312 -2.597173 2.397270 -0.905996 7.236390 -3.559430 5.907637 -3.167983 -1.869210 3.545423 2.641720 -2.545835 0.300380 0.262074 3.770928 0.924852 -5.050314 0.538483 2.441120 2.417799 -0.710244 6.484532 8.204439 8.887187 -1.366613 -0.354410 0.530300 -0.704910 1.706485 2.469088 -3.976527 -0.120329 2.804444 8.096283 2.203769 2.415082 -3.104491 -0.509226 -3.823765 -3.619892 0.340342 -2.329158 1.786351 3.395920
1.046161 2.175388 5.657501 10.350396 4.323449 -4.067336 -4.019691 6.075380 8.577101 -1.406957 1.751813 3.899880 -2.563763 0.391118 0.937169 -1.122415 3.675965 2.412442 3.204397 2.983816 -1.678233 1.901920 2.878114 -2.383958 -1.689994 -5.757548 -1.088206 3.173115 3.012718 -1.394214 -0.668073 -0.373912 -1.350187 4.984891 2.516705 4.731899 2.840618 6.744340 2.422058 3.330428 0.803794 -0.694905 -0.621647 -0.291830 4.575080 2.100182 0.112491 -4.868179 -0.173589 1.774089 -4.870850 5.453578 1.124531 -2.661212 4.298075 4.931036 2.306521 -4.275383 2.114576 2.926191 1.280072 -1.479066
2.247415 -2.870330 4.287288 -0.767866 -5.272834 4.542276 5.077296 4.585681 4.469976 2.241522 -3.504940 1.286359 2.122280 0.333751 2.127052 1.127105 0.396526 2.701856 2.443099 5.442744 9.554454 -1.288490 0.770086 -1.187174 4.128486 7.603195 -1.556750 2.249698 -5.063302 -3.245109 4.796550 1.994208 7.230369 4.275492 -2.437170 -1.219707 2.260839 2.569231 0.809855 -1.742515 2.143353 3.505287 6.688379 2.457466 2.697169 4.742979 -5.264719 4.976754 4.536757 4.000160 1.302520 4.641297 0.440966 -4.809167 4.203844 2.494588 4.786174 7.775673 -0.033670 -5.852809 -4.595958 -3.829829
1.310133 -2.620031 -2.574155 -6.521992 3.001939 1.166333 1.482056 -0.943912 -1.693342 -1.166519 -0.595845 -4.019659 0.260868 1.662689 4.057303 -1.466685 2.669207 -2.081996 -0.553690 3.397700 1.705641 0.688185 1.283229 3.785912 6.699455 -0.316917 -2.178402 -2.999949 -0.262306 7.984930 5.634450 -3.951670 3.936008 -1.363827 0.741091 2.018532 3.583521 -2.947932 -3.075621 1.892863 4.057615 -0.820779 3.594055 -2.428897 -3.190885 0.362751 0.345162 -1.414424 -0.335195 -0.943486 1.788085 1.668435 2.757372 -3.412431 -1.046814 0.607850 7.565848 5.840118 3.162475 4.020650 2.332161 -1.332001
-0.366668 -1.397432 4.312624 11.080690 0.246305 1.607329 2.602875 -2.638445 -3.648440 1.834598 -0.524976 5.317034 9.062088 2.933381 3.090517 -1.796091 0.778452 -0.233751 6.049616 -0.570989 1.860557 0.068033 -1.388674 5.862491 -0.697156 2.872992 3.058212 3.965892 5.374969 3.205734 -3.708736 3.214257 1.836386 -0.021536 4.266549 8.822142 5.499704 -2.332340 2.803062 3.557392 -3.911162 -3.117962 -0.388763 1.394131 5.334120 5.883437 -4.069200 0.336121 -2.103498 0.780637 -0.651081 0.401944 7.101991 3.431749 5.096724 0.417712 -1.978489 1.048453 0.909770 3.531548 3.763939 1.203806
-0.786385 -0.863912 4.091496 -0.301141 3.192060 -2.230151 -1.979139 2.003543 0.140647 5.657164 1.163039 4.670781 6.327062 4.907391 9.092234 4.630598 6.365141 -5.802750 3.337077 -2.306800 -5.041867 1.418406 2.774360 3.622322 -0.043124 -4.676628 -0.372830 3.778027 0.554174 -3.133845 0.347786 -1.841326 4.624889 4.494487 0.154598 -4.467978 -8.195627 -2.027021 6.997515 1.162684 2.942966 1.256340 2.437278 2.211054 1.971022 -0.022201 1.333371 1.562942 5.641166 -0.856894 3.522889 0.975619 -0.775743 2.530926 1.890255 -1.937194 -1.729988 -3.362935 -4.468065 2.022769 -1.038883 8.020961
2.077539 1.120661 -1.833015 1.899743 -4.269218 -0.934855 1.321182 3.959638 3.267805 4.329753 -3.537694 -1.892299 1.093208 0.512835 4.374370 2.192117 0.661189 -2.003554 3.738992 -3.506573 6.731502 6.001530 0.447135 0.369556 -2.114128 3.859537 4.478038 -1.396979 -2.696109 1.922049 -0.147087 4.768735 3.889729 1.236761 -4.232243 2.303176 1.318412 2.957382 0.919021 -1.039682 -1.093736 6.805805 6.129302 -0.861357 -6.563321 0.873440 1.403721 0.965411 -0.372329 7.662387 6.878058 -2.495754 -0.637965 -1.931450 2.497858 4.790123 1.820204 4.614353 1.944569 -0.294885 0.133468 6.288739
4.394026 0.196456 1.734113 -0.613391 0.454585 -0.071413 -0.915707 -0.137836 -1.726877 -0.903412 -3.797870 -3.882091 -1.702295 -3.410928 -3.930178 -2.949729 2.362524 0.524958 8.738813 4.916119 1.083193 3.279510 -0.433410 1.119044 6.567719 0.449207 0.740907 0.568288 3.781751 3.107597 3.314965 5.179937 1.056475 -2.176096 5.356206 5.985236 6.600338 -1.474220 0.747905 1.362432 1.393423 3.083184 1.521584 -0.078664 3.885280 2.882287 1.957459 2.526212 2.127403 -2.790605 0.194933 -4.946276 -0.932476 -0.667922 3.777756 -1.684570 0.043663 6.237429 -1.799114 5.416985 0.792151 -2.931523
5.318532 3.542503 -0.454747 6.958811 2.703983 4.927566 1.610654 -1.417956 2.700782 9.376684 -0.949590 1.056171 2.681854 -0.635519 5.228213 1.686680 -0.049123 0.946548 2.666302 -2.481606 3.509740 -2.409874 -1.072915 5.307007 -1.406677 5.004636 2.316028 1.806923 2.605864 2.322717 -6.618166 -0.097763 -0.229669 1.149875 0.765378 1.643490 -1.293848 4.657464 5.701409 -0.305250 -0.407875 -2.392539 -1.332316 2.044370 6.313804 11.499575 5.685013 3.047080 3.218783 1.266079 -1.345622 -0.449700 -0.214849 4.995473 -0.532992 1.715882 -2.017715 -0.352374 -0.076815 1.364248 -3.513379 0.608826
2.092726 -1.599785 3.465102 2.576751 5.661475 6.181211 -0.438954 4.706791 2.678066 2.278859 -5.230181 4.628353 0.510310 2.118898 0.024987 -0.321947 7.712273 1.318108 -1.070447 0.356679 0.024878 -0.064557 3.883593 3.734109 2.234134 0.139244 -1.529960 2.288628 3.305901 4.839028 -4.910125 3.209815 -3.595743 -2.611800 0.451550 -4.290498 -0.840634 -1.947065 -4.146316 1.245923 3.391419 0.636094 -4.381450 0.272531 5.886607 3.219606 -1.312324 7.405197 1.662386 3.107889 -0.501255 4.337475 4.889940 3.597114 5.662251 5.839605 1.560347 -1.718690 1.359713 0.716010 1.862377 4.334815
2.403434 3.331342 -5.213569 -0.477335 -0.703881 -3.352313 5.070930 -0.796190 -1.239302 -6.650236 0.139836 -0.250349 2.205686 -0.177808 1.052482 -1.346056 -4.131508 1.012526 0.805149 5.928765 2.916806 3.388306 -0.732830 0.626767 -0.136504 4.000763 3.362952 -0.278957 4.671136 8.473070 1.843377 1.297931 4.291876 -0.366184 4.633271 3.433017 1.242925 -0.236419 0.619485 -1.066154 3.633956 -0.009840 -0.651117 3.369709 2.048561 -4.496111 -7.587616 -0.263650 -6.710476 -0.653337 -1.048964 4.465956 4.011007 12.443977 -2.048371 3.883228 1.591295 4.212030 4.843777 1.526132 6.817714 2.876822
4.438866 -5.068326 0.332742 1.918727 0.427907 -0.751179 6.661537 5.892785 1.148260 6.490272 -1.393416 0.737048 3.035733 8.132602 3.912139 1.263755 -0.644074 0.362810 1.922208 2.426031 -0.409096 -4.570486 -2.107407 -1.408855 -6.879897 3.863538 4.185257 0.215377 1.528999 -1.272287 -2.764896 6.439956 -0.370869 2.515996 3.953394 -2.519791 1.752654 -0.417711 5.341295 3.570589 -1.908861 1.626612 4.710226 0.155255 3.688919 -0.631273 -0.562747 -7.459798 1.943550 9.382668 -7.816227 -0.182567 -6.771716 -5.921575 -1.934876 -4.490323 0.073857 1.484820 -0.206797 1.812247 -1.402171 1.369531
-0.829084 5.123046 9.265234 3.037947 2.096250 4.492695 6.330482 -5.151895 6.010751 5.784859 6.868047 2.006340 3.177245 3.667510 3.023352 1.063575 3.960410 5.848476 0.819451 -1.226333 2.165043 2.443950 7.762482 6.091011 2.719280 3.506312 3.447073 -4.253322 -6.679987 -6.994549 -1.610040 6.127485 0.648122 0.270616 -1.378034 -1.867508 1.316093 2.607437 4.277007 -2.945038 2.851167 -3.109751 -1.109761 3.355503 2.269397 -2.649542 -3.351413 3.161212 2.435016 -3.565599 0.335917 2.626313 -3.095997 6.492072 4.659084 1.835373 1.379810 -0.104626 -2.521146 1.039886 2.059701 -2.043595
4.518521 0.972073 3.529827 2.648503 3.174161 2.238346 -3.436645 -1.849694 -2.123921 3.818204 2.178855 2.933092 1.502054 -1.978949 -3.464061 -0.124134 2.069411 3.921923 -1.383247 4.291441 1.390532 1.814878 3.990597 4.237079 3.152468 6.714628 -0.360801 -2.279881 -2.064659 0.634245 6.047154 3.281491 -4.530274 0.959708 1.033267 3.288454 6.537946 1.410029 4.392219 -3.276265 3.927310 0.901405 5.689897 1.064275 -2.714148 2.408141 1.402007 4.556723 1.530815 4.442965 5.866818 7.734804 8.333443 1.908575 4.918755 0.503812 4.730327 0.190183 -1.106858 3.189600 -8.206278 -6.185896
0.212663 1.393837 2.337310 1.555437 -2.908008 -7.119222 -2.374356 -4.555170 2.527393 1.474580 4.227140 1.231538 -1.544009 -1.103268 3.538656 1.006708 -4.187645 2.155259 1.942626 -3.907037 1.034908 -3.674916 1.651557 1.002999 -5.537959 1.005840 -2.722954 5.181004 -3.037890 -0.034212 -0.635921 5.668807 -1.735977 4.161008 1.809697 4.853998 4.946296 4.045982 -2.964801 3.465850 5.638000 7.197633 0.333332 2.208869 0.639092 4.874033 2.231555 2.854019 -0.500679 0.270390 5.245803 4.921867 -3.053261 -2.438268 -0.405414 2.311750 4.205540 1.267415 -0.279080 3.653107 5.339984 4.638085
-0.281794 4.900282 -0.465965 1.822605 2.232347 3.465422 7.157813 10.128412 5.569680 6.256189 1.415062 -1.823365 -0.415273 5.737663 4.372657 -5.137909 -2.674076 5.418854 -0.930482 1.962336 0.706731 -4.532365 3.192015 -1.433946 0.453434 0.459574 1.852468 6.383821 -0.966356 0.742646 4.716861 -3.140411 -0.128386 0.911107 3.070777 2.718313 -2.181932 -0.895734 5.975098 7.553942 2.074555 1.023855 3.108117 0.293669 -1.028492 4.270742 -3.780974 6.248699 -0.392025 -0.872800 -1.379947 -2.829571 -1.356089 0.644879 -8.338018 -0.959170 -0.635792 0.504543 3.910550 3.097276 7.157793 2.435707
-0.647872 1.172305 -7.047911 -3.579237 0.944513 6.478164 2.883136 -0.841293 5.140627 -0.423831 -4.284548 -0.545134 -4.467584 1.899623 -6.652242 3.832822 2.065056 3.360942 1.432922 1.236253 1.704006 4.967478 6.454194 2.966900 -3.571698 2.548325 -0.947414 6.083079 3.613705 2.581313 0.590379 3.514896 2.382504 5.029481 -1.214493 -2.017306 -1.585944 3.190955 3.348657 4.943091 -3.833192 0.001328 0.391716 1.048891 -5.209630 -0.041673 -7.697561 1.732633 0.898384 -9.085696 5.315318 2.875931 4.183511 4.513880 4.462454 8.316549 2.825865 2.237634 -2.464316 -4.322337 -0.326473 1.329877
0.228155 2.292437 0.857280 6.620559 5.501837 -2.171495 -2.992432 -1.488360 -0.808900 -0.046518 -1.145573 5.518025 -5.850165 2.186345 5.757763 2.290629 1.371273 -0.213815 -2.746006 -7.354161 2.089111 0.031801 -8.111049 -4.051272 6.951011 1.628771 1.396349 -1.090145 1.429026 -3.007774 -0.150442 -1.864077 1.629373 0.861878 1.386257 -1.661045 -3.980748 0.822700 0.191775 -5.727531 -1.773527 0.372961 5.687691 2.763306 3.180130 6.301541 1.911943 2.541411 1.379123 1.296231 3.607078 5.573626 2.244567 1.206944 3.175173 -5.606031 -7.088082 -1.072171 -1.476893 1.173887 0.866639 1.252857
1.879988 4.974931 6.677291 3.586181 5.378829 4.736570 3.233815 0.170916 -1.812552 -4.328540 1.050086 -1.578008 5.824269 1.699666 -3.536755 2.752137 0.880366 3.399886 0.376658 3.136244 2.355143 -4.280517 -4.268626 6.110625 3.574783 4.844416 -2.482659 -3.130639 2.669234 1.745478 -3.084600 -2.994197 1.398397 3.002403 2.461616 2.954447 0.698976 3.921054 2.438138 -2.197860 1.751773 4.060830 -1.773839 -4.821033 4.610802 4.197019 4.487381 2.223389 4.285148 0.123500 3.979560 -3.757004 -0.362827 0.728930 -1.310360 1.601853 5.105148 4.781986 -2.099650 1.373419 1.379649 2.072495
4.242021 -0.181746 0.377974 -1.619610 1.487658 0.412643 2.135076 -2.238756 1.318434 -4.536160 2.483621 6.699246 0.969132 1.982053 5.930449 4.217511 0.996248 1.700135 2.169467 3.176967 -2.051548 5.634413 2.443840 1.442425 -1.474002 0.047361 -5.506396 3.914162 4.853115 2.594122 6.832295 5.487411 1.029817 -1.475616 1.234087 2.305586 0.771318 0.899858 2.576426 -2.243808 1.216443 -9.465923 -2.883993 1.443620 1.550723 1.784835 2.053532 0.777818 3.721337 5.841940 4.884709 2.754627 -3.011988 -8.851731 2.862227 0.721423 1.680829 1.434766 -0.924102 5.379440 3.845775 1.325515
-0.092734 -6.266443 2.543023 0.217282 -5.099285 -0.701665 0.663379 5.293894 4.353444 2.115163 6.006023 2.189189 -1.023431 -1.337462 1.572360 -0.021165 2.127870 4.344695 3.494692 2.076868 5.354840 5.954423 2.888896 3.438140 0.853479 2.733692 -1.499633 6.234020 1.357749 1.379552 7.249251 5.960403 -0.952920 -5.458164 0.064158 -1.120255 -0.098890 2.257272 4.432310 13.726853 0.941101 0.411477 3.068975 -5.757561 -1.014761 -1.541249 1.192864 4.967289 -1.125395 1.765908 1.509081 0.737091 4.687138 0.587470 0.414653 0.124972 -2.981307 5.147681 3.261180 0.993225 1.532729 -2.006309
0.034333 6.039698 8.095742 -0.795658 -0.242894 5.357420 2.119079 -1.625884 2.756988 -1.769719 0.939607 1.010360 -3.698757 0.750806 1.110730 -0.611366 1.303174 -2.205564 -0.276182 4.302789 -1.485470 2.760487 -1.323237 0.756727 1.203994 6.543843 -3.268489 4.136466 0.992959 5.192260 1.617042 -2.532610 -2.427981 -0.860810 5.649669 4.957229 1.361435 1.507667 0.684535 1.635496 -0.649893 -1.280370 7.094104 -0.168502 6.535269 0.583940 1.161263 2.249119 1.764877 -5.752118 -5.003333 2.174294 2.420789 0.174595 4.138716 -2.782542 0.297015 2.079576 0.477241 -3.010049 0.446156 3.187876
-2.264583 2.574364 2.719292 1.974982 7.411582 1.963171 -3.504690 -1.170939 0.090766 1.060085 1.221735 1.139937 6.588943 -2.542605 5.275281 6.861244 2.586251 -1.230295 1.345105 -1.130062 -1.252598 -0.993171 2.402805 3.493445 -0.154452 -2.757365 -1.287790 2.604921 1.912217 2.188248 -0.241397 3.006947 10.456855 5.732104 6.953229 3.436858 1.218434 0.883512 -1.081877 0.948629 -1.417743 0.647580 4.060977 -0.337182 -4.560920 -4.280113 3.402475 2.067119 -3.563811 -2.445256 3.092433 4.068708 -2.287998 -1.104039 -1.433452 6.954828 3.044589 6.481940 -5.991612 0.777650 4.170028 0.876194
4.821669 -2.458071 -0.959835 -2.416258 0.570256 -2.807959 -0.473218 6.062063 3.585441 4.483847 5.798803 -0.211187 2.239595 3.885006 9.694000 -2.122266 -0.559759 1.645923 1.003541 1.351837 0.115290 -2.760992 10.406820 2.312172 -1.738953 6.066993 6.213222 6.648602 -4.190278 -3.573931 0.127303 -0.165171 -3.775536 -3.006522 3.013763 -2.706412 0.253921 0.155616 0.198270 1.694164 -1.609859 -0.157362 5.252206 1.652197 -1.465347 3.272575 2.181818 0.909692 0.287976 5.318846 -3.263245 0.008483 2.287040 -5.181947 4.063580 6.679041 2.488016 -3.161826 -2.987576 3.142171 2.311450 3.077394
5.686669 2.861986 13.084497 -1.719130 4.685698 1.464492 -0.958596 1.939213 -3.012635 3.983641 6.788841 5.526553 6.005786 2.701642 9.530780 -2.146154 1.306105 -5.014314 -5.473175 -7.778279 -5.019839 -1.239063 6.643119 -7.271704 9.394970 -3.638777 3.652776 4.401954 4.665625 2.329301 1.439229 -5.230169 -0.154892 -8.225393 -3.642485 7.696953 5.049074 -0.014965 1.776127 -6.668385 -2.141726 -5.793558 -6.721393 3.826553 -7.625012 2.279946 -2.769874 -11.235384 0.516686 -3.222038 -1.055733 -0.479084 -3.795368 1.395096 0.156909 7.283801 -4.739519 0.997804 3.719322 -5.879137 0.947005 -8.584027
-3.251670 -2.913681 -0.637208 -4.702992 -0.449958 -1.880776 0.994737 -4.071089 -2.915602 -0.415275 -5.790720 -1.683811 -5.445478 0.639420 -3.597442 6.251455 -3.053336 -1.294458 4.594507 0.550290 5.093922 4.415172 5.000469 -1.430076 -5.970927 7.241344 -7.080453 8.496541 1.942889 2.354887 7.300935 -0.582734 9.380859 0.262094 6.035609 -1.595156 5.911361 -3.152949 -6.333209 3.440872 -2.721801 1.349148 1.196104 3.740254 6.927303 9.433683 7.745883 -1.611579 0.811954 8.567321 2.715916 4.781143 2.841018 6.427883 -4.786470 6.055113 -3.831396 4.370002 -0.083703 -0.349287 0.772891 -2.457702
-0.078124 5.130024 -0.508479 0.846643 0.295694 3.310204 2.563722 -2.115217 6.290648 -4.726652 -7.700216 0.160798 -6.334881 2.286210 -1.207626 11.487884 2.721313 1.543672 -0.740887 2.959806 -3.098062 -0.716463 8.416310 -8.153876 -2.603069 -1.351615 0.873686 -8.226840 0.077514 -6.765005 -1.157879 -4.591842 5.762062 4.805127 2.945336 4.439339 -4.100456 -0.320836 4.946729 -5.047940 5.832534 -3.104630 2.488436 4.300341 -2.447967 3.543454 -0.729605 -3.078474 -1.813691 -0.319620 -2.006457 3.466997 -7.965660 -5.697253 2.581700 -7.403656 1.644051 -2.367813 -4.488106 1.741672 -3.768143 1.939669
0.355619 -1.100235 4.416649 -0.055181 7.944785 6.368906 11.265304 -5.791907 4.775041 3.901653 2.238254 2.233969 -1.080599 5.015126 -2.458534 3.927313 7.232298 -2.624248 2.050411 2.782208 -1.507907 -9.511027 4.452660 -1.024122 9.174018 2.534865 7.941947 -8.254037 -0.863779 -5.698050 0.897031 2.470709 -1.848419 -1.113074 -3.085616 4.747944 -5.566708 -2.879139 0.503797 -1.588653 0.685151 -0.739686 2.995935 -8.924269 6.643407 -3.951140 -2.350247 7.321194 -1.286078 1.043396 -5.323445 -0.665423 -6.001118 4.584398 7.805449 0.341193 -6.584735 1.462620 5.375940 -3.974079 3.447395 -2.294372
-6.213985 3.486563 -0.950748 0.617732 -6.047232 -1.153000 3.628061 -3.259445 -0.759242 10.334252 -1.633300 5.465334 1.426729 -8.545702 4.841756 -5.146891 8.707790 -2.526697 1.862700 1.757364 -1.559710 1.293460 -2.978748 7.057106 -2.532156 4.502481 5.466129 6.666739 0.080831 2.412521 -6.031691 7.700706 -1.804877 -1.614273 1.170965 -2.832493 5.507018 -5.345884 4.437126 3.322325 -0.951531 7.379323 -5.762654 6.489152 -0.309164 1.759451 -0.961501 1.684517 -3.691931 -0.402152 -5.627853 -2.748498 -4.449122 -1.544480 0.187285 -1.249028 -6.334507 1.145890 2.545407 -4.819735 0.364283 -2.883045
-1.224612 -1.916400 -3.469954 -0.367295 -6.342475 -2.725219 1.807869 5.071630 0.000083 7.824815 -0.174406 -1.435517 -3.374122 -4.469634 -2.775587 -6.984318 -0.318976 0.951189 10.034152 1.073995 8.581528 -4.287248 1.045224 -2.836945 -2.386439 -3.656026 1.652540 0.702010 -6.749869 0.800916 -6.150927 -1.888765 -4.601405 -3.541114 -2.946882 -3.629802 -4.175178 1.454003 4.011137 -2.040916 2.618536 6.846234 2.481340 2.725076 0.359420 3.464455 -8.584876 -3.237087 1.162547 -5.790897 3.370641 2.946270 -2.160706 3.756979 1.146483 4.204797 -0.887669 -0.846629 2.596219 2.796558 -4.284122 -1.218494
1.821870 -5.168581 -0.374183 -3.054266 1.301503 -7.936756 0.874699 -6.305482 -5.929641 2.130777 2.762628 6.170660 0.341948 12.986619 1.722958 -11.203076 10.330141 -5.915663 6.792667 -3.122318 2.712179 0.749688 5.751296 1.826088 -6.395626 -1.242755 -3.670652 1.705183 -3.597703 4.251322 3.987551 -3.154862 5.080765 8.475331 -2.415416 18.811280 -10.869967 3.657467 -4.423852 1.148598 -0.945997 -4.000039 -1.867484 -6.161828 -2.945247 0.432838 0.981682 3.320678 -5.078479 1.475322 -2.435783 2.067005 2.942832 4.374028 3.236737 -4.168906 1.630456 2.229888 -0.829608 2.981052 4.933289 -1.121215
0.137461 6.400554 6.147616 -1.607861 4.508512 -0.348848 6.804765 -5.246455 -1.243731 -4.733886 0.935237 1.341821 -3.971778 3.067148 4.921471 -2.155044 8.019856 -0.994421 -6.766715 -3.710425 -2.892643 -1.844578 1.204707 -1.835145 1.724267 1.815773 6.604842 3.725540 7.186878 1.779512 6.876798 7.458115 -2.021302 3.680906 -3.255141 2.897426 -4.280923 -5.029186 5.046809 0.601336 0.311491 -1.938459 1.591689 -0.370383 8.328801 3.520469 2.642358 4.600942 -4.517074 3.398477 -2.719703 -5.302256 -0.615656 -3.536398 3.354423 -0.168449 -4.123665 -2.304478 -10.808838 -6.511749 2.901747 5.605469
-6.759079 -1.959011 6.028314 0.532199 9.754622 2.452121 2.311963 -0.502472 -0.309302 -7.248206 -7.310789 5.488151 -7.847378 3.102798 3.264891 0.807431 -9.629376 1.790086 -1.529738 2.917071 2.338308 -1.953696 0.784742 -1.981929 8.294347 -4.247634 3.883926 -2.140110 5.835934 1.705104 -1.552667 8.890736 6.524712 -2.013457 1.488995 -7.219182 1.992255 -3.192036 -1.139979 -3.279471 -0.591878 3.716954 -9.375598 3.574051 -7.880261 2.630295 -5.452773 5.599970 3.862986 -6.856721 2.017538 -6.266530 2.545281 0.586522 4.533170 1.972007 2.851269 4.038921 1.548209 -7.113739 0.112897 2.531308
-3.692303 -2.006305 -6.521291 1.691236 -8.301987 2.045093 -1.361555 -6.097512 4.716727 2.880099 -8.476555 -3.886028 -4.026779 -2.681608 -1.399456 1.580728 -0.207523 4.656959 2.356997 1.747477 -2.447376 0.646334 -2.788210 -2.130501 -6.289000 -1.017056 0.259492 -4.900676 -1.017385 3.450142 -7.106141 3.197265 -2.855847 -1.687523 -3.468619 -0.812785 2.250313 3.892537 -3.851619 0.387201 5.054272 -3.067097 7.573823 -1.465709 -4.555232 10.082429 -8.636080 -2.305117 1.535416 -1.936520 4.423740 1.908579 0.014411 -2.752232 -1.137730 1.712749 -0.057986 0.519811 2.928076 -3.751534 -3.193510 2.191548
-1.712750 1.837706 -0.660973 -2.570957 4.758022 0.765776 1.547151 3.758324 3.427390 5.054134 3.003283 -2.707636 -2.925575 5.686838 -2.596909 3.914610 -1.653028 -1.870265 -1.210771 -5.093248 5.340108 -3.685625 3.643831 -6.207264 6.357716 -1.044933 -1.894116 0.286324 -10.470466 7.534665 -14.644721 0.468097 -9.109836 -2.392459 -0.708823 0.103280 -3.887822 3.707382 0.411355 1.659509 9.018067 1.112542 8.619597 -4.048927 -2.957640 -4.450786 0.325323 -8.638887 10.423457 -1.992163 1.785058 1.490048 -3.800888 1.662622 -1.166264 2.413991 -2.845736 -0.653999 -3.447507 -1.723836 -8.818425 -0.858757
2.037608 1.164213 5.114293 -0.397435 3.025148 0.786928 -3.571193 1.428970 -0.262296 1.277529 1.071042 -3.754402 -2.546123 2.384553 -3.279149 3.217660 -1.316237 -4.424115 4.129558 -4.422062 -3.187160 0.883857 4.614516 1.636498 6.771767 0.174476 -2.826786 -1.274382 2.759511 -1.834414 -2.198690 -4.050299 -1.533919 1.676515 -5.141645 -3.639433 3.859146 0.327848 -0.630061 -0.959361 2.627073 5.825780 -1.500758 7.217154 -7.626256 1.311735 -0.870784 -0.946905 5.170189 2.175107 3.924380 0.998132 5.536578 -2.540474 -5.686364 -3.229676 1.426723 1.978486 1.575135 0.534155 -6.303079 -4.537988
1.483171 3.992058 -0.553130 -0.765050 -2.055702 -0.903779 -3.806791 -8.292125 -5.046916 -5.784521 1.690694 6.039350 3.889082 -2.136965 -2.471966 1.054154 6.754016 2.201523 3.058136 -0.786712 -3.033368 4.601295 4.689548 -1.881960 2.384044 -0.641311 -5.815655 -3.853747 -3.993994 -5.443024 3.423769 6.439024 3.097067 -2.177595 0.420701 0.041617 3.668457 10.093540 -0.526419 -4.428975 -4.400524 5.150874 1.520613 4.275961 3.940958 1.486569 -6.000239 6.676651 -3.301460 0.739794 -3.714722 -1.843261 -4.888617 -2.272665 -4.302998 1.145231 0.396127 2.264826 5.657723 8.490211 -2.606857 -2.880550
-4.934828 8.582474 -1.726204 -4.360307 0.833008 4.538056 3.600241 -9.921731 4.027528 0.553083 1.494568 3.397847 7.503093 -3.752353 -9.160280 6.577120 -3.851485 -4.078242 -1.410276 -2.892509 -6.072863 -5.599095 -0.431469 -8.372517 0.262577 -3.614946 4.076935 -3.527423 0.414320 -1.506836 -0.980204 -1.205444 0.984764 -0.173889 -5.477072 1.078804 -2.796389 5.584519 4.478009 -5.100916 5.180503 -8.936319 -1.376552 -4.025210 1.457560 -7.778848 4.136168 -2.898644 4.480886 -8.374486 2.857547 -8.909073 -0.556252 -3.471098 1.851401 7.697592 -8.278331 3.362925 0.940961 6.809448 -4.648560 6.194611
-3.049146 -3.183789 6.029216 -2.580031 -2.466902 0.858383 2.188826 -1.553722 -1.340631 -2.461240 -4.313143 -6.051811 1.191613 5.563752 -6.639192 -0.417177 -8.913383 -2.259146 -4.102150 1.050565 -2.312673 -5.033146 0.448116 0.661771 3.606674 3.504577 3.198947 5.003092 -1.605398 1.321259 -7.008688 -0.084407 11.817708 0.180711 3.230853 2.130499 1.567995 -4.189568 -4.464115 2.683603 -0.296733 -5.949035 -1.857846 0.895911 4.175885 14.086168 -0.260792 12.188972 1.406820 3.356378 6.462610 -3.014488 4.662078 -1.707055 3.168395 4.830507 0.027971 0.802467 -1.383006 2.603962 7.701409 -1.315910
-3.285641 2.241855 3.391671 5.648483 -1.258546 1.274940 2.520388 9.647555 -1.519108 1.702602 -0.566032 0.311440 7.740764 5.962831 -4.993034 3.078135 -3.399028 -3.186560 -6.763783 4.128829 -2.626157 -1.766604 -2.133410 4.036587 -4.258984 6.766723 -2.887274 -0.282328 -3.819038 6.256183 -4.570414 -4.716977 5.122749 -1.584699 1.234685 3.264591 -7.293982 -2.574983 -4.451509 3.111631 4.035611 5.043980 -1.716721 -1.370470 2.597949 -6.166330 -2.412716 3.122800 -4.688847 1.903712 -0.244438 8.087756 -1.043326 2.389665 -9.064745 0.205447 -2.856579 1.633808 -3.747492 4.454802 1.157919 -1.243685
0.561492 -6.810705 1.062912 -6.174857 -6.479217 3.528036 -10.324159 3.187274 -0.305881 -1.078471 6.772903 3.665663 -4.048346 1.205240 -1.574456 -0.992573 2.386579 1.678129 2.386968 4.602526 -0.131407 -3.682781 -2.673010 0.774577 -7.949349 -4.305078 2.274727 -4.667469 -1.645702 8.028349 4.702937 -1.946345 4.846228 1.210499 -3.951349 -5.062295 -5.347694 -0.930513 2.703940 1.441936 0.779024 3.412349 -2.525595 -2.990181 -1.406147 -2.669668 -0.528469 -3.979312 -3.659322 5.117767 3.528636 -0.092011 -2.454929 6.733628 -10.530918 3.570701 1.610358 -2.882122 -5.233558 0.380669 -4.339090 -2.354434
-1.669000 -4.893789 -2.119656 -6.069660 -1.316950 4.862916 -5.954718 1.201246 4.880742 0.545608 -0.914059 -0.597562 -1.041387 4.769462 -4.143240 -5.498218 3.164654 1.164041 0.552477 7.917343 -0.254676 4.829691 -4.372469 4.561848 0.234093 0.019709 5.975142 5.815576 0.169109 3.336724 3.259765 -0.120387 5.603583 2.489693 2.004964 2.793552 0.103873 -1.122654 2.743695 -3.536228 -2.084907 -4.806453 0.744641 0.374185 0.590426 -1.228464 5.565291 -6.909696 -1.629189 3.271228 5.938453 -9.226380 2.608014 -3.652984 1.496093 -0.136282 -3.039656 0.411655 3.663191 -3.782036 6.323365 0.996365
2.969490 6.207563 0.310009 3.164875 0.358825 9.760793 0.145781 -3.286978 5.856445 4.451284 2.075627 3.261211 6.152695 2.946194 -0.785431 2.535021 5.288766 -0.699855 -0.694878 4.689151 6.449462 4.247537 -2.067623 6.294002 -2.829379 5.125599 -1.025957 6.141927 1.598044 1.121950 -5.975472 2.122059 -8.543090 4.096932 6.253991 1.940285 4.470518 -0.599889 2.822574 2.271655 6.322839 1.858198 6.647702 2.541432 -9.346736 -7.070063 -5.579640 -5.246242 -2.149334 -7.074309 7.244098 -5.910004 7.424419 -10.408588 5.467608 1.018809 1.684162 1.399424 3.206488 0.902354 2.048340 1.412064
-3.038419 3.767885 -1.491445 -1.871057 0.467829 3.592117 5.139561 -7.418101 4.241735 1.184003 -2.588648 5.070601 -2.438771 8.577540 2.446546 -2.940605 0.158328 -0.527265 0.416100 -1.343878 6.243525 -1.645193 0.186932 0.654917 3.926151 3.384097 1.863463 1.728814 2.860617 -0.876302 3.500721 -8.141860 3.579699 -1.477607 2.463037 0.634913 0.865881 -0.583962 -7.671901 -4.659811 -5.778155 -1.166503 2.656076 -3.056003 -1.605491 2.735462 -1.074701 3.755144 -5.354402 4.198367 -5.767638 8.892432 -1.870123 5.252389 1.341201 -1.675250 13.868882 -7.699495 7.530434 -6.726293 -6.559208 -0.463085
-6.604667 5.312031 -0.080692 4.699179 -3.973586 -6.884419 2.412762 -0.975269 0.898434 7.833923 3.809434 0.010575 2.958087 3.028417 -1.469172 -1.983438 4.250626 -11.272638 0.044264 -8.657158 1.218310 1.460555 -0.337792 -1.238955 -5.281026 -3.115243 0.885657 -2.215349 3.856226 -1.596850 4.127545 -6.633260 1.717198 -0.199638 -4.196355 -0.142507 -3.116968 -6.380944 2.341109 -9.489083 -1.677560 -0.827487 -0.971392 -5.836602 4.178303 1.143474 2.791458 -0.251804 6.346673 6.077911 -0.763116 7.998470 -9.211278 2.363409 -4.232717 0.706077 2.552755 -2.385322 5.265125 -1.294110 -4.285178 1.166099
-1.299509 -1.337342 2.093497 1.033057 -0.201257 6.748529 -4.229479 14.704485 6.605854 4.666978 7.738829 0.060535 -9.319376 -4.735070 -6.706422 -0.059359 -6.485989 1.755425 2.339691 -4.895071 0.636303 2.506919 2.746804 -0.730697 6.714544 -0.905204 8.797180 3.517571 -2.993138 3.500503 -0.427486 0.794612 -7.038649 0.974939 1.336689 0.876592 8.451361 -3.191027 6.417546 4.396136 2.759347 3.066469 -2.447597 2.306448 -0.874934 4.631021 3.082254 -0.104495 1.461765 -1.288351 0.834153 -3.532286 2.884364 -12.066005 0.240911 -2.416647 -0.492069 0.729748 5.307213 -1.831663 2.062714 4.726888
2.707670 0.542920 -7.354044 -5.180738 -6.721845 -1.750717 -1.116251 0.191964 -3.165081 -9.790212 -5.911146 -0.836206 -5.338079 -1.724980 -3.802682 1.315959 -5.497523 0.792055 -3.006193 -4.507602 2.900345 -12.864329 -0.880158 -6.467958 -10.369192 1.302108 5.647009 1.438521 -3.316815 0.945826 1.481283 -0.571172 2.170890 -0.545190 6.053466 6.615871 -0.780931 -1.235398 0.693373 2.192046 4.258618 1.502547 2.187810 3.435480 3.077375 2.160823 -5.388009 6.790521 -8.251510 -13.856877 3.341867 -6.448383 6.528262 -2.710841 3.751582 -7.180976 -0.135354 -7.588870 4.636060 -5.044550 10.395034 -2.269474
0.266920 3.508147 -3.033084 -0.645029 0.122596 4.233255 -2.687232 2.038504 -0.880207 -4.033687 2.527083 -5.503536 10.015760 1.828652 10.273951 9.263661 3.197421 -11.671232 0.218800 -2.601271 0.176316 0.227529 1.723573 0.179705 -3.255824 -9.496510 3.806087 -3.550007 2.931569 -2.611706 -3.779424 3.515594 -2.260668 3.965024 6.764588 -0.174483 -3.687287 2.443676 -2.612772 -5.876192 2.000943 -5.806792 -2.945599 1.411219 3.583308 -1.195966 2.799993 0.481677 6.870844 -4.247354 4.517034 3.115579 11.893175 -0.691124 -0.707435 1.341273 -9.192508 -0.225758 -8.535181 -2.518418 3.792066 -4.127985
-1.277908 2.331544 2.973024 -1.000366 5.787925 -1.410317 -0.459841 -4.078910 -2.422869 0.660089 2.040570 -6.240220 2.952212 1.778558 -4.705670 2.002803 6.325257 1.856411 3.502479 -1.696592 -3.967985 0.296116 5.888033 4.772641 -2.345264 -1.155246 3.143388 -5.655347 0.716335 -1.629117 -0.407835 -0.836593 4.484860 -6.199141 -2.131556 -6.370298 3.851205 4.696616 -0.463658 0.352614 3.629797 -2.005506 -1.272885 1.523852 14.741346 -6.548336 -4.473712 -7.849585 4.064632 5.381566 3.279945 6.068365 6.937866 -0.058721 -1.433991 7.783887 -1.525393 11.142392 -2.211802 4.249569 1.124584 -2.910990
2.467522 -1.495190 -2.367049 -7.935000 -4.418266 -3.138063 7.938735 -9.946654 3.780779 1.265587 2.295067 -2.756444 -4.985302 2.364079 -11.211406 3.877387 5.436869 4.407878 8.134869 0.599631 -12.694970 -1.289605 -5.007647 5.200336 -3.697116 0.003345 -2.546389 0.782893 -1.292419 1.890523 -0.346601 1.439737 4.106874 -2.408547 2.602322 -1.387596 -0.469039 -0.513519 -1.638217 -4.951451 8.411948 -1.684711 -1.338270 -1.201675 4.136675 3.146583 0.431247 -3.906506 3.492511 6.388356 -1.030022 1.075426 -4.936411 -1.467495 5.356246 -0.519335 5.151784 6.573829 7.165391 1.176682 -1.489161 2.144828
4.785227 -3.011407 3.941063 -3.110467 -1.750728 -3.462262 -2.935336 3.481899 -6.354345 7.164532 0.686826 -1.630489 3.109281 9.850240 2.806936 5.290777 -0.757562 5.043327 5.248159 13.501279 0.467011 -1.812694 1.515002 5.376107 -14.153901 6.851124 3.169155 5.175353 4.056717 9.879761 -4.805995 2.223885 4.441803 4.294429 -1.705963 -4.138490 -8.108620 0.316020 4.150354 -1.406259 4.393239 4.746523 -4.880174 -1.637645 1.142228 2.829444 -0.210342 -0.350820 -2.589679 -7.284449 4.846030 -9.967645 6.914298 -4.663143 0.639518 -2.917019 4.406910 -15.451529 4.340533 0.031329 -0.582408 1.266568
-1.876082 -3.744587 6.976994 9.480196 10.900037 7.374772 2.720208 1.875734 -4.868688 3.791819 1.494843 -2.071930 -1.035969 -1.802307 2.895124 -6.392938 1.937222 -11.401660 -7.071749 7.659573 2.168336 5.406544 -1.987562 5.216634 0.778718 -0.770373 4.783484 -4.575468 4.392919 -1.269913 9.735897 -2.206981 -2.280789 -3.508399 -1.350325 -2.573119 -0.848875 3.652944 -0.930357 5.622455 -4.693947 7.194367 -2.855956 1.508489 -0.072401 6.184432 0.657855 6.033221 -2.527484 -4.465838 3.181812 1.030473 -1.695094 4.875555 -7.172530 6.371890 -3.968103 -0.381406 -9.674440 2.092087 -8.167687 2.152292
-8.245778 -0.260481 1.259660 -2.728699 0.894074 2.425440 0.573808 1.376075 -0.758597 4.462328 2.558599 2.441627 -10.261550 -1.236896 -4.003028 -0.829261 -4.724880 3.394460 -4.688217 2.223565 -5.033053 -5.837299 1.026698 1.579066 -2.496366 -8.244334 1.280594 -9.615859 -0.391242 -4.877275 7.726007 -6.404584 3.001484 -9.445971 10.491602 1.998774 2.771718 -1.470784 -5.966244 -2.603457 -4.753232 -8.371247 -0.638541 -5.838680 1.032987 2.208752 0.056446 -3.932805 -0.390340 0.700028 -5.316156 3.117831 -3.785182 0.539917 -4.784037 1.780763 0.378176 6.615130 -1.390234 6.342834 -3.197177 0.015514
-4.798962 6.290427 -0.830607 -5.606849 1.905713 -8.877638 -2.276196 0.523985 -2.624872 -0.730344 0.626158 -3.893335 -1.767783 -5.696843 6.511619 -1.413555 -3.400495 5.714538 -4.743006 1.705729 3.260796 3.306950 3.787504 -0.724266 -1.968916 -2.365447 8.762765 2.073198 -5.375286 -0.658586 -0.926940 3.708421 -0.537461 -0.737315 9.597604 6.658417 3.778940 -1.494423 5.973119 -6.707718 0.989333 -6.081661 -0.564885 3.909251 -7.286804 -5.073323 -1.927185 -0.860434 -0.101258 3.098809 -8.192957 -3.425871 0.461216 -4.416438 -3.279351 -4.259840 5.765891 0.682783 9.394652 -1.409959 0.743951 -0.021509
4.831841 -3.213939 1.934927 1.821648 1.013844 4.483522 -1.420220 7.637630 1.750058 1.228648 -4.272962 6.068072 -2.179703 3.922344 1.862085 6.982790 3.614236 2.606567 -2.769059 -0.534629 7.088879 -0.617160 -1.960756 1.968703 -2.516893 3.718289 -3.372818 1.965773 -5.441398 -6.231062 -11.764159 -2.002549 -4.590592 -10.487263 8.053930 1.327105 4.420591 -0.242911 9.950284 5.180708 -3.441998 7.585803 3.355190 2.939894 -0.229488 1.962649 -4.290936 0.531535 -1.962159 3.117630 4.213967 -11.928523 0.041644 -2.066731 3.901080 -1.244397 1.092652 -5.990285 -6.735040 -2.648706 -1.003583 -2.663033
5.912171 -3.356073 13.153609 -0.773275 6.543299 -1.971756 5.403375 0.303394 -0.080605 0.136922 -1.981285 9.912682 -1.458353 -1.693855 -5.976732 -9.159756 -0.455687 -12.548533 -0.222076 -5.731112 -7.974278 -2.928235 -1.368447 5.634670 0.865573 -5.100209 -2.068555 -0.821917 3.128027 1.748990 4.727537 4.191721 3.524297 -3.615374 -11.402168 0.779639 -3.432661 3.060964 5.496991 6.417751 -5.666407 4.779484 -3.481186 4.776842 1.691988 10.423196 -1.084182 8.901271 0.589336 7.109221 9.253741 -0.548158 1.854291 8.826146 -6.140704 2.298570 1.656050 -4.800936 0.223971 -5.306850 -6.268037 6.260565
-8.561307 -0.338709 -1.693801 -1.419113 10.655767 2.138031 5.529200 -1.613140 -0.604579 -2.544833 6.477242 1.319349 10.772243 -1.012720 -1.766941 -8.236308 -1.787864 1.385717 -2.146522 6.038595 4.544423 0.480806 5.254235 2.317373 2.440595 0.049442 -1.929963 -0.266760 3.458601 5.099517 6.007941 2.477210 5.186302 -5.173931 1.879005 -2.380225 1.880209 -2.038704 6.441835 -1.629178 6.049331 -0.422361 3.452969 1.703122 -0.750605 5.123163 2.791583 0.207994 0.255104 -2.567353 6.083195 6.998549 1.688017 4.894613 -1.082841 3.769191 7.148266 -2.114705 8.427788 -4.277212 -3.923829 2.514955
-8.120549 -13.779850 -2.903473 -3.124233 6.904042 5.481229 4.239304 4.698442 5.462793 3.179433 -4.233306 -7.036907 2.474935 -4.076442 7.904011 6.378660 -0.030225 -2.169042 1.777961 -1.903750 9.937339 -5.603738 7.153352 -0.573982 6.227159 1.489942 -0.536642 0.931945 -6.134554 2.944613 -8.555573 -8.212287 -2.932603 -10.358994 5.489334 -4.681504 -1.441602 -0.172280 -10.504923 6.219550 -2.585427 0.001400 -6.525172 1.040922 -7.093805 -1.597943 0.237353 -8.541096 -3.791617 0.810238 -0.811415 -0.745680 -6.632655 -1.132885 -5.854348 -5.358113 4.265794 1.225289 8.160195 2.710174 3.843826 -2.397032
2.563425 1.234883 0.662938 -3.421559 -13.938175 -5.105902 -5.850650 2.121748 2.709784 -0.333720 -1.543395 -4.966985 3.926875 -0.230934 2.608766 3.946426 -2.718404 -1.493028 1.503409 -1.812799 1.881660 1.727516 -4.761721 -1.372203 3.180577 2.010834 2.021875 1.221266 -0.730064 2.890907 -1.776032 3.582376 2.893499 3.273349 -2.712870 -2.534521 -1.261928 -3.397478 2.254830 -5.519520 3.335061 -5.292336 -5.678598 0.249533 -1.034426 -1.975868 -2.762218 1.811751 2.149094 0.612754 4.567444 -5.018770 -3.821937 2.244475 -8.971712 7.294675 4.028543 3.041612 -1.557596 5.936524 -3.857539 6.266800
1.495034 -2.670479 -0.756376 5.280501 -4.753409 2.560901 -4.622237 -1.694002 0.619736 -2.689898 5.136060 0.366669 -2.303514 -3.008397 -5.107222 -5.123338 2.744846 3.060998 4.660750 -0.298147 -2.951471 1.336895 -11.404541 3.414425 -3.973996 -2.378502 0.441547 -0.081659 2.545425 -0.516108 0.443532 5.560871 2.107436 5.542602 2.426472 3.771230 6.384631 -3.120482 5.056703 -4.433452 -5.377887 -4.225137 -3.054199 -1.210420 -8.221063 -2.953188 -1.257560 3.402497 -6.756197 -2.567297 4.810977 3.453592 7.443193 6.420902 7.072553 -0.486920 -3.571041 -0.455756 -2.710039 -2.780144 1.641950 3.995810
-2.132444 0.344497 5.430114 7.692734 6.941820 2.383929 -3.601765 -6.458998 -3.165493 1.896547 0.546870 -6.493502 3.614347 -3.676919 1.562371 3.528867 -3.703773 -9.451736 -3.573346 0.631922 5.211516 6.657812 5.603466 1.729508 -6.040097 -1.651131 4.055891 -2.463799 2.488502 -3.344948 -2.692734 0.198200 -7.490199 -0.750344 1.644385 -2.603503 5.066523 -2.558377 5.420362 3.652555 11.002196 -1.219380 6.496349 8.278831 1.025371 -2.013682 0.835422 -1.791428 -6.734486 -3.886292 -6.586850 3.225160 -0.868939 1.487444 -7.668929 -6.334755 -7.585925 -5.800579 -2.466254 -8.920163 -6.010554 -3.455124
6.018533 3.762392 -7.014226 -0.290080 -4.689127 1.132859 -4.134520 6.398302 -4.924155 8.978610 2.207991 5.365772 3.540095 7.973844 1.719069 0.586107 -0.472769 -6.464310 -3.645691 1.653165 -0.965995 5.486898 0.617760 8.693246 -7.594164 -2.945897 -1.331837 -2.459778 -1.450778 -0.172577 -8.769696 3.696602 -1.813712 0.445788 2.979014 -1.325350 4.628268 1.243499 7.670920 2.573595 4.982160 -0.650117 -0.696722 3.984677 -3.075199 0.908130 -3.202130 8.915843 4.966562 0.100345 2.703916 -4.600561 -0.113054 -3.462778 2.691126 2.151433 -4.054237 -3.777669 -3.215417 1.041243 -0.075543 -1.933464
-5.496172 -0.632823 -4.580161 -8.123278 4.366381 4.758876 0.068873 2.184186 0.286856 4.452815 -1.504696 -3.175805 -2.293417 2.945137 -1.214759 -1.343099 7.847486 10.005385 10.733283 0.499421 2.048074 -2.867992 -0.661018 -0.440822 4.915328 -5.570006 -0.720903 -6.907106 -0.370282 -3.543594 -2.004629 0.947417 -1.257669 -4.985964 1.783621 2.053893 -0.399256 -3.557651 -2.968321 -3.127857 -1.372744 0.994836 -10.595912 5.616319 -2.419441 -0.601345 1.654111 6.418339 0.504790 1.719992 2.046890 -5.315084 -2.387124 -1.410474 -0.226647 9.327702 5.074519 1.751135 5.712523 5.534967 6.800343 -0.922927
-2.203360 5.882085 -9.864568 -0.896087 -3.610720 1.489180 2.561899 2.851876 2.775635 -7.622859 -4.692681 1.316999 -4.040704 0.817189 -1.465830 -0.283381 1.635528 -5.634120 3.363490 3.105315 -1.442643 2.129820 -5.141405 3.188574 9.406315 0.316060 3.701127 -2.450682 4.432488 5.799336 -3.641646 8.855912 -2.746230 1.804424 -3.204957 -4.088742 -3.797023 -1.046242 -6.333926 5.915562 3.220806 2.008536 -5.917876 4.806091 5.794128 -3.990920 11.960466 -1.834942 3.839419 2.897001 0.849889 2.259308 -8.288070 -1.087359 -3.774820 7.313762 7.026702 -0.654284 7.693665 0.097947 1.147190 -6.824603
2.868428 -3.377106 1.552701 -5.946692 -1.846956 2.550146 -5.858231 -4.057753 1.153702 1.410926 -4.417229 2.975817 2.773047 4.881039 -1.173444 3.521914 -0.885928 -1.949830 -0.849350 -6.988169 -3.769710 -0.876185 5.753219 0.612197 -3.105145 0.209017 -1.759220 7.887000 4.839504 0.064847 -1.127266 -1.947025 1.685106 -2.380461 -0.807393 -1.050021 -3.261283 0.258636 -6.044167 0.164904 2.354657 -2.045230 -8.825261 -5.954378 4.363730 -8.138691 -2.647802 -3.632964 -3.635040 4.681045 -7.239927 8.947225 -3.351824 1.434308 -1.064272 -2.426946 -2.866611 -2.412180 1.578140 5.272032 3.214341 5.928450
3.157014 2.111449 12.107109 -0.706539 8.529138 1.697262 -6.660534 -5.717755 0.806224 0.924675 2.629150 -4.985770 3.658553 1.495763 2.871086 -1.777027 4.026071 0.019009 -7.444099 -1.496277 -0.516581 0.707426 -0.479574 -4.673183 1.865871 -8.337017 5.275040 -1.527687 -0.906643 -1.694800 -1.365212 -5.858077 9.913731 -1.591499 5.489952 -2.763000 1.923992 6.058763 -0.816095 2.347261 3.029444 -2.825116 -1.323065 0.573429 7.278469 -1.710491 6.031157 0.829986 -0.060189 8.036533 -0.968902 4.631807 1.729216 -7.652484 2.384999 1.294530 2.124802 -6.965263 -5.591206 2.244391 1.699501 -0.475514
-1.183212 3.551148 -4.229878 2.822587 -9.159834 0.687713 6.154329 3.019297 3.923699 1.815702 1.812487 -8.266987 -7.577064 -8.360103 2.092367 -3.198550 -0.002220 2.229289 -5.910551 0.527857 4.808926 2.607427 1.480798 2.163658 -2.227144 1.343282 -1.833900 -7.543725 0.989116 -0.817076 -3.754011 -0.675796 4.153302 -2.734182 -1.609708 -3.591016 -0.505124 -9.331794 -6.903993 6.265591 0.787353 6.783508 3.037113 -2.421671 2.776564 -1.930995 3.533568 1.146286 -6.069362 2.277538 4.740588 5.952404 4.161582 -9.033936 -0.037169 3.434848 5.041484 -3.385823 -0.328660 -4.747308 -1.606276 -2.542926
-2.039035 4.441086 1.499920 -0.521901 -1.668133 1.409669 7.113481 4.388308 -1.010706 1.229004 -3.664855 -5.092499 -5.856236 -10.986175 -2.823578 -6.116151 0.644210 5.232430 0.319861 6.760855 1.324326 0.993045 0.156542 2.133754 -0.799463 7.378329 -0.012453 2.296365 2.744636 -1.617515 3.716492 -0.501924 -0.770299 2.672482 3.244828 5.874114 1.804530 1.560832 -4.568959 -2.076509 1.235724 2.638657 -3.291909 -3.196747 2.138125 0.594826 -1.313291 -1.041058 -2.457573 -8.569970 -0.731992 5.806740 -3.270320 0.284411 -3.896375 1.326143 4.919361 7.411995 4.519716 5.339705 -6.663796 3.493209
-4.723895 3.384372 -0.486107 6.740423 2.494395 -1.570179 1.682636 -0.000035 -2.846117 -3.738483 2.917438 2.371269 4.691194 -1.502862 -2.184249 -0.573500 1.863320 5.646458 2.013261 -2.130966 -1.353778 -4.610067 -2.286127 1.085407 -0.814537 0.080758 -0.060755 2.373953 3.447175 3.929468 0.386438 -7.363629 2.182433 0.376359 -0.981175 5.536247 2.060307 3.563633 2.311672 3.277774 -5.113327 3.436329 -6.458750 5.072722 2.160201 8.719152 0.774281 7.345697 -0.131632 -6.864425 -5.176623 -7.302117 7.535374 4.101666 -1.015866 -0.008923 -3.737139 -4.627692 2.557995 -4.087678 -4.248070 2.075430
0.590755 -7.134512 7.150127 -1.663708 8.330652 -2.352032 6.003966 1.041455 4.475811 -1.955112 9.014795 3.723975 15.751734 5.565129 9.413359 3.764645 3.063632 -3.978317 -5.349786 -7.165983 -5.449009 1.464854 -5.825922 -7.892848 2.217227 -5.569323 -3.714625 -2.006330 0.146972 -5.566819 3.772332 -8.341964 2.308664 -7.994330 -1.965005 -6.579419 7.926158 -6.595546 10.368254 -0.819725 -5.943261 -0.846345 1.693212 -0.644110 2.430032 -1.357068 -1.872170 3.177390 3.112312 -2.274958 10.258683 -3.795652 2.066630 -3.229127 1.493289 -0.769447 1.993413 -4.908596 -0.900651 -2.927699 -5.213155 1.557183
3.175095 -4.129163 -5.108713 1.573537 -2.970547 -3.692580 0.493905 2.080018 -0.149759 7.765245 -10.221082 -0.808414 2.767617 2.089747 -2.047729 -1.150202 -3.775874 0.910863 7.580105 -4.191342 4.580335 3.512298 0.448582 3.746851 -10.535289 1.381602 -2.977095 -0.367122 -3.066486 -0.359907 7.402964 6.446608 4.066634 -5.068209 -1.905389 -0.567370 -0.271819 -11.871048 0.781188 -2.715707 0.643853 0.131467 4.860036 -5.620179 0.230799 -6.440257 -10.042267 -8.148139 3.789255 -0.737285 7.125194 6.108401 2.945852 -0.858521 0.924399 1.304494 5.638981 -1.452003 1.157568 2.135882 -3.794861 -3.888428
-1.469940 -1.277239 1.029723 -6.690021 -1.018521 0.447347 -7.189574 3.883230 -3.137403 10.026851 -15.886774 2.314947 -11.154562 2.015703 2.573398 -5.163812 -0.458172 0.818742 1.116071 3.721753 0.149198 3.118667 -2.737520 0.052891 -4.005896 0.488019 0.986097 -0.028025 -7.017110 1.106731 -5.528563 9.523581 13.782691 3.274412 5.752251 2.299712 1.880847 2.554498 3.655380 6.344052 0.936739 2.053915 -0.705764 -1.218626 -5.888788 -3.687969 -7.819875 -0.988193 -4.159820 -7.133113 -2.277196 -6.879987 -1.137473 -10.725096 -5.441269 0.031171 -5.731301 -1.999205 8.873528 -1.393331 2.311118 -0.522845
-3.801764 5.886155 -1.880962 7.549405 7.760142 5.597905 -0.196943 -2.994555 7.259381 4.914771 3.491998 -2.426602 -6.892032 3.763268 3.210749 5.471626 0.576291 4.776165 -2.166895 -3.417562 -6.307077 -2.644817 -4.076744 1.746034 6.329043 -9.576112 -2.366181 -5.946931 1.033683 -0.181957 -9.516680 -5.126146 8.888704 -4.074870 -3.677708 2.279762 -0.071499 2.241077 5.573733 0.473892 0.173648 1.618395 -2.922616 0.592947 2.438038 6.790500 2.607068 10.849948 4.853630 -4.251936 -1.453044 -13.381969 -4.834231 -3.054741 -11.433502 1.614969 -4.797451 -6.853592 -3.059095 -8.533253 0.725659 -1.758907
5.596057 4.104134 0.525749 6.703749 4.010553 -3.562538 1.745449 -3.910730 -1.865683 5.087481 -1.022340 3.435643 -1.985288 -4.235388 -4.708223 1.984351 3.299038 -4.198048 1.670946 -4.673703 3.684446 -1.661017 6.962658 3.866675 7.240819 3.347417 -1.672105 -10.736727 -1.233662 4.877239 -6.420321 -2.470292 -3.872704 -2.921293 -0.823262 0.070120 1.631893 -1.864719 0.740867 4.032893 -10.945651 4.153250 -1.681741 0.213901 6.923831 0.604973 6.857450 -8.414839 11.795806 5.514465 -3.463666 6.255850 9.566333 4.970096 4.315098 2.778758 1.001779 2.532387 -2.129383 -8.578767 -1.511074 5.430998
-6.198684 -0.444189 -8.511152 -6.359894 -2.789500 -1.629398 0.899954 -4.547468 5.363842 -6.452605 0.203148 -8.378602 0.156593 -1.382834 -2.764363 -1.414175 -5.159297 -7.348371 5.299799 -2.948314 8.099898 -4.628707 -0.151249 -9.083680 3.461591 4.182822 6.106398 -2.356409 3.355631 6.018497 7.801058 0.447807 6.195617 1.708788 -2.998964 -1.902140 1.520285 -6.255503 7.837277 0.314579 3.157263 -0.865185 0.231043 2.732211 5.948027 3.527819 0.401645 -1.292327 9.449964 3.930959 6.577139 3.005263 1.262708 9.520552 -0.963520 -0.343363 -1.962277 3.848749 4.971027 -6.018711 3.506313 -0.583876
0.425133 -11.208971 1.305915 -8.392642 -4.169255 3.113016 1.871696 -0.743746 -0.808533 -1.483277 -3.147941 -4.121045 0.486350 5.202766 -2.075186 6.975841 1.680896 3.842027 0.449233 2.681640 -5.829172 3.839661 -8.499857 0.707215 -6.524518 2.841214 -0.645535 3.185196 3.221396 -6.399227 2.233943 -0.169917 1.452269 6.716448 -5.624802 -4.409634 -1.838520 -9.723556 9.789800 -3.412914 8.964481 -8.133455 0.056658 -2.779878 -3.980167 5.900717 -0.073084 -6.408912 1.689103 -5.720297 -0.965720 -11.416430 -3.131582 0.353069 3.191372 -13.345313 1.010978 -0.617619 6.085515 8.365611 -5.503364 -0.923243
3.571114 -6.609547 7.164587 -3.011736 7.781270 6.406912 17.483643 -1.853750 -0.263241 -1.722077 4.996064 -6.356465 0.286287 -3.510487 4.077296 4.244640 1.711301 3.959646 -0.551071 1.497479 0.318267 6.510950 -0.548140 6.310873 -0.389502 9.128568 7.403195 -0.296301 -4.062236 -0.439906 -4.840138 1.168084 -0.685980 7.037899 0.987047 -8.741287 -0.474693 -2.610390 -1.432312 -9.301161 -0.823241 -5.792701 -6.422584 -1.272568 -4.017708 -4.883937 3.996902 -8.234767 2.375582 3.879599 -2.822438 2.485545 -3.646535 -2.722343 6.057848 -2.938312 1.431144 -5.506684 -6.265544 0.410015 -4.034770 -2.016637
0.162872 -3.721706 3.609263 -4.404636 2.013509 -9.576705 -2.665887 -3.195647 -9.493109 -1.112631 5.374088 -6.191816 5.920698 -1.865927 -0.479272 -5.242164 -2.801721 2.943541 -5.831935 5.357620 3.304189 3.804192 3.984192 0.185327 -1.850429 8.741797 3.577622 2.800657 -4.319807 -1.855593 4.252449 -2.991946 3.595994 -3.644948 2.094572 -4.640891 1.573284 -2.473520 0.815547 -7.312506 -1.003585 -1.891754 3.218826 -3.057551 3.087209 -5.326359 0.636272 2.128316 -2.674881 7.667893 -0.470687 -2.385944 3.516776 2.523079 -0.343701 10.549457 5.867212 -3.907876 -2.207420 -3.883180 -2.271714 -4.250253
4.206394 2.814602 6.062505 2.838619 -1.692624 -6.816256 -4.125121 -1.678388 5.362106 3.708196 3.787924 4.757216 -4.420532 9.768029 -7.318419 6.941323 -3.131847 0.463845 -6.319617 3.232572 -4.156430 -2.558927 -2.946630 3.360539 -9.699734 4.488656 -0.459245 0.874143 -6.401866 -2.517897 -5.315215 -3.400411 -3.163270 -1.336915 -0.415033 0.619275 5.506978 -2.529879 -4.021976 -2.755565 -5.626314 0.539557 0.278531 3.129143 2.247555 9.595922 0.570994 5.779042 4.888052 3.316838 6.297103 0.205834 4.124734 -3.497526 -8.390548 -8.523293 5.105801 0.761351 2.648228 -0.399641 11.399069 -5.006635
3.829660 4.349900 -8.131028 4.705259 -3.512358 7.066340 4.969116 7.022081 1.593913 6.589742 -4.776401 3.912286 -4.262938 2.775483 2.246840 -1.799589 1.504075 0.771930 2.476060 3.409605 1.337288 -2.301765 1.419482 2.193637 4.102079 -3.875542 2.138006 1.534423 1.484390 -3.689268 4.977027 2.485900 -0.387102 -2.953681 6.050988 -1.426039 5.039956 4.915778 3.127742 3.948711 6.463813 2.416919 -1.727819 -3.797005 -3.774056 -3.238299 -6.559738 0.245757 -5.903617 4.296262 -6.362594 -3.082621 0.845546 -2.059379 7.648540 1.161971 6.084653 1.891032 9.129032 -0.410586 -0.071761 -5.056459
6.797823 3.849523 -13.395783 -1.988418 -2.798369 -2.976787 -5.279558 2.383229 0.382637 11.274167 5.321684 -6.265377 3.158907 3.544864 0.336152 5.819175 -2.577843 1.177599 -3.328268 -3.285373 1.742703 2.769288 4.881473 5.300884 -2.348746 -2.089043 1.487894 -0.447809 2.248513 5.708667 -0.359672 8.557363 4.932108 3.656969 -1.093623 5.285702 -1.012097 7.105235 7.990279 -4.359552 1.702558 4.329957 0.161314 -1.451096 -3.143009 -0.939315 -3.287910 -1.519926 0.063615 -6.454144 6.678141 -2.982122 4.552360 6.802780 -1.275156 1.939301 2.324400 -4.369533 3.576150 -2.955063 -4.119992 2.339533
-3.172295 3.334621 0.678577 -0.608515 5.368391 -6.246556 2.868979 0.504412 1.360356 9.798014 1.849948 -1.268093 2.288176 -8.191958 -0.305576 4.647819 -5.261229 -3.760216 -2.109184 2.242767 -2.814639 5.289227 -3.182929 -7.798391 0.768081 0.091126 4.331433 0.057983 0.481316 -4.057071 -8.200095 -3.187689 5.365214 5.241655 -6.448881 1.315795 1.282645 -2.785935 10.425622 -9.535941 11.192790 11.138283 6.737824 8.566737 -4.559995 1.379382 -0.970414 -6.175825 0.183948 1.094334 -2.011985 3.362211 -4.504332 -0.477692 0.654245 2.437991 0.757741 0.613174 -4.907867 2.242104 -1.308034 4.864043
2.003148 -0.440408 8.680049 0.653951 9.691825 0.422644 1.581553 -1.570321 -9.437578 -4.048662 4.738746 -11.745917 -0.447103 2.059663 -0.594916 2.517927 -1.422539 -2.093758 2.865453 -4.315404 0.491118 -11.985474 -5.964754 -3.477327 5.938337 -3.828154 -0.706617 4.878254 -3.243189 -1.964549 -6.033315 -0.746895 2.306957 3.274986 2.190570 2.361208 2.900304 0.674912 -4.976587 -1.364631 -4.142543 0.214007 -2.546588 -0.465273 3.802091 6.006742 -4.866867 3.634207 -10.251201 12.085294 -3.622752 -1.089615 0.267398 -3.251755 1.887838 4.766562 1.189937 1.088498 -0.639846 -3.742399 5.137356 4.429239
1.597972 -5.257368 -3.113576 -3.244282 1.470973 -2.161578 3.079615 -1.297439 7.283767 -6.601698 1.270101 4.478421 -9.847300 5.205463 -5.086014 -1.841909 7.337911 -4.175561 6.520753 -1.728614 -6.681740 6.070677 1.095545 0.285970 -1.238356 -2.265345 -14.183026 3.024628 -8.007348 -1.020966 -1.021676 0.447010 4.969281 0.797701 2.004586 -1.949745 -8.686025 1.963903 -3.980038 -4.234726 -3.946385 0.393597 1.609331 -6.397559 6.192313 1.624899 -0.131539 -0.707453 -0.512542 0.720611 3.994526 2.108089 6.611255 -2.201681 2.436985 -5.552052 0.570235 -0.347683 3.839459 -2.736972 2.573228 2.460972
2.517125 0.922673 -4.476982 -4.951058 -4.629269 -3.344579 0.898739 5.248795 -5.404886 10.611708 -0.022687 3.080810 0.712405 -8.236754 2.584469 1.782726 -2.790722 -5.051441 3.963137 7.918136 4.289492 9.662737 2.167920 -2.582530 10.074612 3.774261 0.195674 2.855116 -0.878700 5.454739 -7.655870 -4.213990 -9.139927 -10.454116 -8.725296 -4.029980 0.505815 1.343315 -1.104988 2.437195 0.839931 11.651176 2.195551 -4.280515 -3.635536 -1.990890 2.860271 1.760742 5.032200 -1.974138 2.293628 -0.901682 -0.239907 6.820787 -1.660372 -0.645181 -2.910563 2.134940 -2.340820 -2.677734 -4.060837 -1.438662
2.071507 0.765701 9.084902 1.714466 3.689968 -1.859107 -9.383155 2.691572 -12.206396 0.997825 -3.751297 -5.507537 4.158653 -6.834775 -2.084047 -0.010791 -2.428293 -3.599209 -3.465614 4.297517 0.213645 -3.799655 1.488116 1.477330 -2.730915 3.802015 -6.111254 1.962084 -7.852970 7.779067 -1.762335 -0.095081 3.890546 -1.440931 7.680835 -8.051951 7.695572 -0.033437 1.578124 1.416051 -5.249002 -2.105001 2.591152 2.079842 -1.016928 -0.176867 4.724679 5.095792 1.780436 -0.438026 7.233515 0.700287 3.924986 -5.287821 3.704764 -2.919107 0.123250 0.008279 -5.753154 6.028388 -5.317421 -4.774090
