-191702 -247555 -360670 -441439 -114151 -119927 35182 -102060 -93097 -135971 -268948 -120739 -176730 -63399 254337 -56096 354078 -339182 376066 210194 -361050 -213042 125262 -505090 -29821 31262 38370 -69476 -85286 -213732 -185537 119497 500229 225109 -35080 -391537 -162867 91765 23717 -56048 466378 94008 -150384 384562 -150053 187993 -171009 96663 -21949 180779 -11747 -163438 62864 89679 20629 -243342 -169997 -40229 -53398 203131 -21344 133027
51536 132516 166797 85574 56503 246414 319389 -178403 -48997 294954 -146123 598370 88989 84697 86385 269743 -229257 -106809 30399 -277461 -346195 -216640 -35408 227164 -59274 428793 -136107 -204675 -382077 -220967 17692 -86452 -126906 -290656 -81641 -118524 98661 -51691 3658 121756 -217990 -61905 46457 -260656 -476347 -258311 -51263 -171181 -732690 214714 -109344 -306695 -44191 -22223 -391553 -133736 -109315 107213 -304321 223686 78258 136443
-287418 -136218 -55410 4050 -74492 138265 -291772 -557264 87945 176920 -122061 181240 -76165 -351357 -249343 -328730 112940 -36473 22268 305885 122894 -233051 -28973 -97401 96609 169324 75173 -104091 202272 375491 -13187 6817 -151059 47231 -146105 305718 -161083 -106662 273008 -113588 -218758 -144426 -158624 -14149 -140514 548465 -4295 108323 110642 150838 -216696 -6812 206305 236805 309225 -319404 335143 62737 43399 31059 -324834 22189
54778 5814 90173 -289988 -296864 -321439 42061 54064 64782 -95313 -375550 -161747 -91754 -333484 64138 26887 -45230 -108336 -129792 110479 84000 -185071 75974 -2034 -118266 -347607 210257 -52406 -75329 -228807 -146019 473022 180426 44329 -80387 56289 -128817 435387 308162 217950 -76615 221844 44007 -186650 286295 65516 -259368 90382 -284896 49930 -19448 151820 -14483 94723 -98635 333285 42783 -115383 150439 -17871 -9576 -209809
33233 -119462 -189835 10876 140367 383978 82595 175111 37244 -17177 -140803 194863 163620 383176 479883 -253655 -190521 201214 64345 -96360 -135344 145467 -45152 65286 -249597 -139976 -159871 -73313 -26224 411193 155273 -126254 -266226 51761 -139234 -98531 119800 -197844 -204268 118100 -133154 344140 -416544 108034 -596146 65029 82398 -18176 -35941 376169 71477 37719 226889 67763 67986 -194669 49433 340047 -44460 42580 -198636 -156241
120736 -47251 378857 487879 289561 111890 -70137 45368 -257548 -161393 302600 -5432 127578 121227 309290 -132150 318527 255351 -531738 -314067 209628 -153642 128079 -173626 -144187 187277 511254 160850 -40164 134340 17815 99630 52610 139707 390790 43040 45054 -49311 211186 -155857 -113994 -245246 -151109 214365 148954 371518 105036 -128974 43388 -190604 148284 -77895 -221523 -190485 -262102 171830 -69448 -315401 -365076 86375 70816 483853
14197 60231 316478 -277325 -89097 -20415 -99458 87752 2718 31515 -52556 -99605 -350168 -47011 -21938 -195775 157999 -247911 -102605 427635 -42687 -323143 -90526 80176 299383 122468 -129075 -138355 -124165 -80837 -142793 -102364 -18955 -347503 -466717 -386566 193556 344990 14324 256985 -238284 165815 326846 397281 6526 -231687 138429 53005 -141602 189367 65147 -253363 137902 35784 272722 38177 65617 313541 -239343 160904 124601 106374
5919 107405 104492 -153818 -271491 -154254 -412675 -144357 114983 81616 102307 -45117 166410 -53982 121973 -177195 -279518 63969 174434 348895 -51111 272947 207888 42903 -176255 -285683 -301341 -510454 -28514 -139531 -375750 -65861 -154100 -394431 288081 -32542 367028 -300231 78647 49766 -118169 310381 -86973 -432924 -303455 -573076 72184 125113 -4959 -44220 223128 -125789 64907 -445416 -99988 456670 -139 237052 309967 86803 -139352 -209912
489882 567825 82319 -537988 -75215 -23560 -340748 -94655 156449 489505 -133883 20598 -2391 -11922 139096 275758 -174254 175788 -220753 -248837 -149491 99808 12023 -102918 210294 -150136 52402 -88426 449560 35366 -447644 -338029 -41943 -234350 403372 -159635 210393 110095 127846 8205 59785 249891 -255087 265518 -14899 24539 -36887 -212107 301141 118838 494286 -403111 -309360 -196216 11145 -21869 -472338 145014 200098 -66601 -331062 -59179
235014 20188 -99049 549875 208654 204612 15074 -18769 88356 171161 -318530 2217 354847 128174 -288518 -266046 -61511 11909 -103432 -184897 -215554 148850 237662 593975 -35845 369061 -29767 -122583 142391 -82074 119436 147188 237880 301237 -35029 -56649 -168260 -1522 -279356 -111667 -194845 -129847 84533 -162500 -137449 214129 -98563 328993 204659 65789 -53811 -174783 354746 50182 -272871 69911 110195 394561 186062 -81632 -187690 -170940
-447002 -264342 137893 -8977 161384 -91764 -203856 -242725 -201718 -53640 144598 229677 -119917 -120142 -129282 66726 470978 273861 84945 10789 288490 4666 -127658 -260551 200522 2711 -337699 13204 120997 211069 62222 494761 253830 -166716 -60136 176863 -121808 -150464 -301569 -58361 -80450 -184406 -204164 344247 755222 -415530 455144 24230 -117032 -199490 -93438 24919 275887 128699 -454362 139745 -30176 56212 41078 257882 180666 158894
-408456 -191417 53804 -90466 -27382 -123236 194719 121609 55181 136545 388618 254541 163679 -72243 22301 200600 31553 -323264 -31323 220060 -24956 22994 -240851 -64874 -311006 -23163 80742 -13737 106697 -213988 164611 -39427 -161952 181124 -64967 -15600 168497 -4448 -270431 -66982 26754 73296 117182 106933 -37765 -364670 208465 -264930 -335011 -120942 90642 -182268 190132 346454 -49638 174728 -357628 176047 4053 60860 45265 -94149
-196385 125514 55586 -199272 -40047 108898 282888 -82719 125102 174541 80302 -200577 85350 -30427 -108250 -300113 -247657 -263321 -236027 60093 -220502 247295 5334 -38052 -179359 320366 348934 415657 104711 155009 -112331 55809 194492 109325 227860 -55609 -28414 -215734 30226 47188 264308 46796 -115300 -232016 424387 -102518 23166 73704 -10143 262307 -46724 82618 -15991 -80637 -141814 311578 51307 45320 -394894 -251132 -76790 38581
215880 395680 -160494 58346 -1507 12624 83471 40543 35338 -188031 -32818 -113751 347884 -186109 -113695 93430 49010 396147 275529 385543 373650 300328 165222 419689 251056 9621 -30438 60196 -223133 311197 196119 -17562 198075 71635 -75104 -9119 -26470 -285420 98275 75552 372566 -156923 201703 216596 229965 45770 307108 -494569 250021 -107481 128090 -54172 13637 87050 -73572 189865 -312677 285158 -72371 63047 127051 243516
53492 -663233 -276284 435336 137379 213092 183 147639 -436785 35110 381008 -274299 -25590 359325 73361 6739 340211 409993 207326 -73353 82733 -187634 -61876 106266 -183709 -248469 -17063 70081 -289581 69734 -111301 -220564 43036 -274409 -276060 -56207 132201 35956 335703 378622 -255039 -218820 23156 27148 -271934 119116 -645496 -111180 -58378 -138894 -43779 -152137 161030 -27953 39888 -338925 241345 -27019 -93830 -29056 149788 -399510
-384145 -164891 8294 159677 -268665 31064 -237781 -42221 -152832 14803 -86882 -374653 63095 -352114 -79024 -4284 56255 110346 -42425 109970 367461 -96340 -62876 210722 -40560 189094 -143969 153559 -155412 191415 -106715 71072 177957 -45968 -14398 297128 40881 298116 -99626 -276095 -374753 79888 -96855 204715 30280 -57641 67823 47883 290675 190877 -8291 -179783 -373089 204893 -38111 -68217 283477 -76868 -160052 -262152 -144367 94823
141381 236260 259707 -12429 -45597 501795 -1165 70706 191416 27371 23719 -185827 22830 -96274 316536 58048 -156939 -159141 91041 -501213 89698 8588 99339 50434 277214 297824 211121 384326 -213759 -570974 -95280 -29345 -219369 199230 44903 -31330 -40836 -42928 37778 35321 -27216 260771 164544 -156484 -500540 141816 138627 29559 56141 53502 -111069 -256877 -109323 55082 -105510 -9229 390483 37746 -13823 264268 120883 -356
33815 -24547 3922 -70537 325641 -250833 -573315 -36805 188617 89755 -109685 -21306 55043 93411 -22773 -113554 288845 -287086 -296093 -388111 94222 -38989 -355828 -51694 265195 -286492 -244642 5887 -93610 -179329 12932 -447589 -125130 -100721 223165 15883 11378 33258 -313690 -173227 365553 247439 -35713 -190637 -338985 44385 184941 23662 -373 50199 -143692 216161 393897 -77062 204550 176497 -59454 139643 190621 -410053 -117586 100611
-332564 -129035 26718 -253418 -354207 -67473 193602 193638 -93474 -26182 -407869 -87399 199032 -319912 -304995 174018 43955 -236034 235878 -123522 -148602 -276056 -81244 -102837 -129836 3989 -145723 -168169 84841 -192491 118328 358708 -103808 -6471 155967 -294613 -46469 -300854 -516445 56156 60028 -394021 -117455 -115970 -50393 393183 -49616 232125 120251 -41138 -204515 146338 179183 -12208 -7637 -286831 -272663 151362 -257249 467 -212472 27192
-18712 156388 151276 -139451 268340 10981 133943 310277 91991 117981 148187 113649 -258496 -169933 13877 -80203 -67061 122775 226790 -148769 12124 247131 -114656 -336550 -3803 -211852 273439 -296747 111405 -48924 26399 -268025 96528 219982 147710 -367124 81127 245414 278693 673577 17367 -23028 39466 369 31447 71163 -178811 -23632 -203002 280606 -275967 -42145 -165042 -17704 -352069 -336615 -17751 68848 59059 -19573 219168 286330
-77377 -133596 -107226 299806 -54464 -68908 194614 25191 -367249 -142556 -159503 11281 28969 -115709 -115218 53282 103029 30145 398886 300361 -123408 -44153 -234017 259472 182731 124751 362056 24681 -36111 -42093 125432 356577 167159 72885 147464 158774 116382 6620 -30321 230378 57334 211664 216576 226654 484449 -223678 -244902 -224853 -568699 -203731 -143104 48146 13378 150922 84194 465476 -84353 118693 -36865 -10593 234000 26181
73930 -150794 157485 -57501 -270236 -117755 -277526 -221063 -632478 -464973 84322 43567 333191 166846 642831 238544 -332456 -173862 -167783 -221764 326256 170971 -266337 -45118 -152250 -490782 281012 -213357 -122740 181499 -30610 83544 -287510 198325 148311 -140704 -234808 -193425 -241473 -8635 -227448 57549 78519 86662 -350504 -336465 288719 -16660 -148884 -61011 416354 194839 703803 -33060 209043 -182545 -177747 145125 -165958 -60629 99737 -139442
-144668 140316 146117 248811 137197 64467 345847 -193084 53360 609358 274395 279860 212902 -52369 8759 25203 -220158 -31008 38380 115261 66619 -77382 326532 737516 -316639 -68724 -87146 26864 25086 -121750 -186322 -168258 257388 -363776 -49381 -336411 -217732 530370 98296 -317668 -100503 29021 -150311 -222658 345027 -84789 98753 120969 80002 273478 395148 157742 -233613 16580 -83242 3813 214776 29583 3218 -205646 219521 -519755
305255 -203898 -31338 -244463 28191 -66043 -88028 -8351 29591 119118 178327 -228097 -4917 -574918 -440749 -253406 152277 -83742 217878 -149160 -185485 104161 -65655 -106294 -130075 46666 57922 67157 81741 -155831 153626 31843 -97343 -13034 36373 -266301 281082 185028 -6945 95910 352186 -73366 -43918 -51141 320461 -304789 156173 -339729 201795 149205 -351330 -195450 -77754 -43993 -373055 152110 30616 229727 -51043 25708 143874 -260032
30532 -247399 -59459 -154216 19306 6046 119758 59869 -252450 246253 -28535 -216241 -46009 238573 254239 56705 121351 127971 70881 46426 71870 172640 211458 47748 -327114 102340 -128511 264997 228665 -47104 65731 -246570 483282 94171 -1258 2625 287076 -206995 -294269 -260383 -103962 -34625 64022 -400105 164928 -106339 459576 105360 278404 -36275 -472720 -411887 -235444 -40426 -442 74735 -311529 -248971 -122263 -184991 108413 17666
36698 -11364 531994 576114 -129523 -15604 -72529 2299 393796 -221893 -413411 -51705 293530 152316 -237657 -139704 1417 -673556 -125295 148221 160868 165744 -46624 -42300 105633 23350 170157 -10083 -185039 -87536 126808 -178851 -117409 -49269 -201472 218731 216186 50280 202479 2277 91123 110651 187893 -224179 7843 20237 265498 -164507 -384574 -136510 -87974 337082 120644 294971 53614 -207164 114949 -36291 -202244 -94933 -213677 79027
-67083 -27029 207207 15462 -320474 509748 -153690 370564 -102903 123812 112926 -25137 -40206 -437230 -230887 -320080 -152146 -225253 -152367 -128756 -193484 -298061 -8728 37190 -159709 274295 -325110 -546224 -247251 226967 -160106 -54042 -175830 127739 4023 461048 50182 -169062 138748 216838 -300712 -419862 -5853 -27148 180468 -145292 37957 166187 64144 213021 324389 -66022 129996 -168625 -31363 250068 460227 -208527 100697 57094 229324 -47227
238859 -163736 -122258 -216496 -700440 -108542 -281804 -269347 58741 124278 99729 18003 70900 -46480 397230 -236214 215048 219532 181872 85123 -67084 118142 -103400 -126451 -30268 -18196 238096 43562 70914 -262085 43699 171781 -31889 439016 138500 12119 -302946 -177760 -152199 225744 -394550 38739 297123 223925 -151755 -141174 -98555 64196 -477472 183576 -116236 78953 -333130 8965 -116799 -36259 -117092 220856 30153 115108 38401 206963
6237 -88838 188786 99365 -155934 232964 22883 101876 162081 -108960 -286549 111014 -17653 450982 169785 66880 -394977 198590 -46484 14554 264626 154165 189661 -25482 -123118 501822 303619 229942 -303300 -31758 -20134 77542 -55801 -191616 -14295 -150090 -214271 -111377 302917 185599 122394 277233 349820 -170074 16763 -19056 260220 68289 -147801 111172 -311813 106055 299943 -130380 445653 66705 -23059 -50157 -148255 -186102 -178674 -40367
-389781 51627 84624 -92907 173447 314039 482452 88741 51501 -315551 59664 203032 34860 -299785 -348867 -92170 40538 199761 -100624 -75981 72301 -249455 -143876 77173 -117022 56414 -413281 72263 -51478 99450 -409922 -12865 -72020 -190445 -33585 -111025 144728 34437 39391 18585 -107300 58574 -216277 102567 139924 105855 157910 217197 -35023 302523 131135 245560 168471 -111145 73056 91728 -58357 -310505 -21580 -60511 75818 243536
88997 73261 -243196 88034 23468 -204660 -254451 -485073 -229146 -230411 179730 532954 -95911 -90528 -426652 67200 -39893 183322 61 -122703 204997 -19318 -23953 359487 -122027 125604 -309762 350072 276978 258900 135813 582233 237127 -205614 106541 -78646 244456 -238731 -126150 -25875 -340706 77896 -319765 -495457 89114 81129 -202584 41449 44315 -296357 300196 -100515 33197 -97885 138387 39994 103055 411788 43498 285596 -117055 196443
-153885 -461999 46692 17983 277099 -155471 -136285 -9626 48522 82030 -74890 -58385 55344 38424 217267 560839 231296 43211 -1028 123104 153582 28429 -33989 174970 -119887 -236734 -214817 -90012 -202098 -71349 -205404 -352705 -117900 138166 167405 67974 -94201 53476 -239825 249151 -48146 406523 -574117 64488 -43053 -226411 -334211 -387750 -276064 -298957 115929 -64257 -359313 -218754 -315912 181230 106854 61470 216264 59204 -121556 232964
-77326 417458 162724 164600 -90881 -136386 151074 76279 238496 -295241 -159201 -809428 -107760 -20518 186414 73247 -363907 367576 -293054 -187302 -132592 -256265 -193701 119602 -232924 -201292 -167306 214541 15882 -45975 -141616 -117731 184711 63736 -117985 58317 170903 87614 -283268 -308263 191563 -291760 -237926 23463 -53293 -94511 352293 209721 196400 -203539 -54706 -75705 -348121 52567 -126400 22486 -247293 -173494 120290 66800 -81814 -74741
118274 422718 72107 9679 -195731 81543 -208535 -138420 -138059 18883 256228 272742 150516 -401545 -77541 18840 -168111 444813 -60938 21778 147374 -30435 -115759 -378816 173134 -119409 113637 159521 -212772 9746 146019 305280 484386 460989 8769 113898 164499 160467 834 240252 -294085 -14858 245525 156582 269651 69570 370604 156518 25005 160555 -139986 101071 227001 485418 74935 -441 -89121 -372390 -178334 -365748 202097 -35801
127233 308648 -255647 432879 -7013 239011 236882 247685 123080 223649 275020 43054 34229 -51858 -128708 -30585 25018 174151 90937 -242077 22350 294068 -14542 30632 477257 -193674 117649 -84655 -358665 -193608 -27962 -130432 -209436 88552 -609961 161680 48874 215797 348345 -177870 15964 -110374 272465 -119358 245303 -151000 -85453 122183 -302378 -261088 -85737 16734 130364 79600 -435533 -26384 -22943 -281788 69796 -128229 -255756 181529
293041 -178183 -491063 153897 19594 -30928 -303298 52269 -19025 58690 65881 24527 13888 306259 345398 60274 -37925 -115201 -257275 -196001 114770 231649 -181727 314034 172762 -289931 231315 -134139 53184 -23498 104004 -75193 -86093 4602 -175403 153795 -351622 -203933 140044 248726 -16239 174998 427281 -164995 67002 -300177 298523 457855 -33786 164454 11605 7494 134904 -395597 -198612 -150807 72032 78008 188492 -148636 91141 -175679
-322367 22508 -100639 -210951 273788 -8816 9871 93589 -44120 271531 -270487 -172605 170392 117748 -161804 249520 163854 455644 238512 -117542 -385232 -393694 432440 -48338 -61547 -179630 261481 -11568 200928 -36158 73056 41257 138479 277381 52794 -124662 -124547 276598 -146393 -66219 75690 -423412 -429735 -661131 -61837 125496 310187 57749 212332 438665 -69759 112015 -470928 206135 -100390 426917 194622 111606 497696 291532 399599 210533
256513 -241456 -358798 175606 200128 295794 -187329 224343 -420109 -312757 -452214 -335104 -410431 166547 14960 -193395 129895 167690 -97163 -85170 -89893 128754 14253 -57918 15938 64858 8700 -69755 85082 161326 49226 -28184 -67839 285651 -285648 -117129 -302526 94169 -62795 -36702 -300277 -24824 -16164 11039 432343 -91876 -367253 54308 -187457 -300357 -195402 -13413 -169456 -7217 -4586 413999 114557 -12418 -21278 -70356 -389693 -3389
-58472 -221930 85035 -240255 336415 213598 -205978 -188518 300787 59083 -36976 479779 -37427 -123223 -141568 33485 -161901 -294017 -482586 -246812 78457 -137282 395409 -310695 309125 -284766 -199925 154126 94838 -244462 -57663 -61536 169596 -16591 -407541 -42636 81770 80462 -125092 345692 458418 502739 -167129 -101258 -42914 -124777 34584 84183 -337392 -85227 105734 451718 65397 80033 -280069 -110016 -326239 -313804 -54530 -230021 39352 144241
-9227 63844 291488 598296 204781 -343934 -340714 318983 482288 -170411 36177 177107 -245896 -52117 -16762 -151153 161682 79079 131325 117435 -187304 46274 110786 -232661 -187834 -454087 -149831 129377 118922 -168825 -121634 -102275 -165828 247800 86307 231089 107856 363213 79783 139714 -25436 -123791 -118283 -97706 221040 59359 -70483 -395547 -88391 37925 -396052 279513 -4705 -252069 203871 245160 73785 -356416 60526 113482 5562 -174349
69233 -265537 202325 -128184 -422123 218404 253323 221602 214306 68446 -306478 6397 60643 -55188 61329 -4187 -52207 99017 81021 277522 546898 -160942 -26205 -154800 192261 419452 -179636 69174 -408385 -290579 235558 52169 394754 201673 -236511 -157027 69906 89713 -25029 -191790 62260 151740 359678 82896 98465 232761 -422348 247563 218368 183006 7875 226388 -47906 -392531 196487 84116 235027 430603 -79195 -458687 -378098 -327340
8058 -248210 -245541 -503288 118033 -2509 18451 -139492 -188291 -153620 -117324 -340018 -60979 31492 187875 -173769 96716 -213197 -114439 144146 33661 -32836 6587 169833 359725 -98118 -220326 -274314 -94891 443335 290374 -335284 180249 -166554 -29674 53446 156100 -270273 -278631 45439 188064 -131561 157792 -235468 -286402 -53387 -55732 -170437 -99426 -139534 39598 30449 102552 -301133 -146670 -38356 415692 303785 128873 184737 74475 -165041
-101841 -168665 203138 646180 -61263 27613 93048 -248711 -315009 42868 -112335 269142 514292 115058 123798 -195171 -27057 -92642 318180 -114910 44521 -73600 -168210 305315 -123743 109699 121457 181598 273254 131699 -320112 133616 41457 -78425 200783 499084 281410 -230269 105590 154840 -333650 -281037 -103231 12962 270483 308159 -343635 -55434 -214205 -27239 -120644 -52184 386044 146690 255502 -50449 -207042 -8965 -18335 152184 168242 861
-129230 -135326 189069 -97597 131810 -222318 -206750 52977 -68983 291614 -2213 227434 335264 242840 515363 225105 338393 -456284 141032 -228645 -406862 14921 103532 159722 -80963 -383438 -101965 169120 -41082 -282025 -54982 -198281 223418 216020 -66638 -368287 -613200 -210066 378616 -2383 114626 4524 81701 66666 51285 -78243 10010 24169 290556 -134505 152011 -14419 -128563 88308 45184 -203501 -190013 -296993 -370126 53663 -145598 445410
57676 -5330 -196233 47107 -356131 -138686 8336 181090 136248 205457 -308011 -200805 -6918 -43941 207576 65816 -34127 -208905 167145 -306917 362114 313497 -48374 -54085 -216513 173654 214562 -167885 -253709 47830 -88086 232294 176032 3381 -353207 73066 8860 115298 -17612 -145820 -149446 366492 322478 -133232 -506046 -20516 15017 -15433 -103331 421490 371419 -240829 -118774 -203429 84684 234637 40962 222908 49453 -97374 -69472 331911
209436 -64678 35841 -117777 -47867 -81700 -136735 -85592 -189865 -136114 -325658 -331046 -189209 -300444 -334471 -270133 76309 -44581 493336 243168 -7868 135173 -106215 -4799 350565 -49127 -29927 -40835 168883 124647 138207 260770 -8212 -219310 271719 312348 353010 -174237 -29387 10877 13915 122582 22181 -83065 176626 110606 49874 86844 61384 -260142 -64595 -399862 -139336 -121254 169166 -188266 -75415 329999 -195010 275384 -26248 -270015
269764 153937 -108045 377100 99537 245242 27452 -169438 98672 535137 -140060 -8418 97027 -119313 263522 32889 -80334 -15165 96387 -239350 151610 -235117 -148085 268492 -170103 249021 72876 39999 92195 74222 -510998 -84114 -92994 -2259 -27408 28943 -163268 226348 294546 -97230 -104237 -234351 -164305 55142 333684 672662 293490 120353 132059 5976 -166569 -107070 -92435 249054 -112661 33658 -209456 -100366 -82589 11285 -308144 -37703
59722 -181355 148641 90532 291858 326303 -105718 230634 97535 71027 -419938 224647 -44299 60941 -76766 -98535 426540 8621 -147996 -53851 -76028 -82413 175399 165403 68901 -69011 -177427 71648 138232 237970 -398928 132197 -312769 -247166 -48194 -357615 -131942 -203639 -348775 3561 144309 -35941 -363873 -59821 306173 132172 -164298 405480 31225 125122 -110931 204786 240893 156889 291012 304058 23802 -190841 10735 -31489 43930 205162
79696 139816 -418049 -109024 -124531 -296680 253508 -129582 -158285 -512602 -67730 -94658 66669 -89174 -9232 -165841 -347510 -12099 -25348 308958 112360 143238 -124364 -36718 -86602 183427 141861 -96374 226148 474729 43238 8103 201978 -101987 224169 145959 4019 -93073 -37384 -147337 160458 -77906 -120415 142847 56620 -371772 -573715 -95169 -516256 -120771 -147428 214205 184148 735981 -210560 176282 26560 196790 237649 21428 366070 109157
212866 -408911 -56435 47136 -49456 -126457 357409 307414 -2487 346923 -168396 -30274 120219 453056 177535 3896 -119124 -53886 47598 80835 -103885 -376070 -214403 -169711 -527496 175386 195755 -63943 21789 -161547 -258107 342500 -103193 86639 180020 -242644 36920 -105053 271338 156087 -202515 27647 230288 -67680 163689 -119744 -113938 -565347 49239 537131 -587144 -88524 -520137 -464246 -204035 -371675 -73761 18038 -91554 40075 -170115 12258
-132379 255843 527629 121203 59003 216264 334781 -414907 314456 299415 370991 53218 129232 161866 119298 -8467 180855 305092 -24160 -157232 63432 81416 428900 320616 100286 152624 147048 -355250 -513491 -535293 -183108 322609 -35341 -60437 -167077 -199192 8109 91753 201478 -269829 109105 -280697 -150984 141338 70480 -250538 -296948 129442 81025 -309880 -55129 94874 -280200 346391 226731 41688 12479 -84917 -242849 -9151 57192 -211595
216995 -14722 153475 95668 129507 68574 -302093 -197828 -216497 171914 64233 113976 20623 -207240 -303899 -86048 57989 178898 -168728 202689 12211 40458 182093 199075 127426 362021 -100737 -225779 -212475 -36511 316969 137537 -374191 -14859 -10182 136919 347995 14466 209988 -290997 178822 -19799 292862 -9240 -254789 79174 14179 219909 22049 212562 305038 427389 466552 46229 244072 -45420 230805 -64925 -150161 131920 -614327 -482556
-64089 13311 75018 23888 -266472 -542142 -233423 -375684 87923 18870 198619 2901 -178619 -150359 153130 -12393 -350711 63410 49410 -332923 -10468 -317884 31245 -12620 -439241 -11274 -254108 262069 -276466 -80445 -120582 292327 -190730 194571 40695 238223 244972 187560 -271433 148422 289302 392586 -56844 65235 -35802 240274 67680 109061 -111834 -59437 264447 244070 -277348 -236872 -103672 72944 197038 5547 -96451 160671 271010 225581
-96617 242997 -108239 42127 67493 148340 389181 583787 285656 330962 14798 -195690 -104874 297211 208545 -413557 -252265 275617 -138397 49529 -31730 -374042 130631 -171284 -47325 -47512 42924 339726 -140990 -30003 229603 -283231 -86607 -18348 121958 100301 -220650 -136294 312324 415947 56793 -10338 126055 -58740 -144147 201348 -324938 331891 -102829 -134788 -166872 -261900 -166530 -34380 -623092 -140830 -120334 -45048 177391 124684 389602 81544
-120161 -64 -537828 -310643 -17145 346333 111245 -132502 258792 -104671 -357699 -112779 -370229 45661 -512346 172278 56895 141209 16072 2912 33430 245939 343913 116317 -310520 87495 -139737 319811 158549 90960 -39832 151484 77798 251615 -156679 -208813 -181561 131650 141248 245957 -327982 -76854 -51537 -8718 -417995 -80014 -580610 35725 -19472 -671609 269724 111021 195040 216669 213797 465172 107777 69499 -238389 -359973 -98796 9220
-62366 72599 -21659 355098 281433 -217991 -273207 -174936 -131127 -80423 -151034 282914 -459649 64734 298711 71975 12505 -92194 -257621 -559055 57964 -75083 -607403 -343181 377163 27820 13464 -148936 16593 -273207 -88340 -200276 28330 -20695 13559 -185441 -336963 -23407 -64339 -450885 -194241 -54052 293221 102576 130614 333466 46814 88189 11873 6206 157261 286118 68069 827 129438 -443251 -540823 -148007 -173979 -624 -21493 3803
44228 247178 358780 155804 273470 231431 133085 -66604 -195462 -360310 -8546 -181137 302982 33296 -309005 101819 -19299 144572 -53343 126686 77155 -356825 -356348 320993 155430 238268 -239167 -281814 96301 37490 -279295 -272895 13585 119379 83027 115224 -32283 178978 82868 -221122 35617 186969 -193208 -392556 223026 196477 216122 66575 202343 -69667 182098 -322542 -102410 -29993 -163332 26799 255859 236139 -214781 12591 12493 57783
199168 -88655 -51991 -184145 19280 -51081 61371 -223739 8748 -375080 84938 360600 -15321 51539 309516 197543 -12716 33102 63594 129941 -211012 289665 81270 15834 -173522 -73905 -437039 178423 238712 91061 369646 280882 -11698 -174470 2962 72456 -27327 -19080 90614 -223645 1750 -696119 -266053 16413 24401 38875 56717 -27316 164336 303667 240896 103522 -274914 -656463 108745 -30874 31932 16877 -138795 274329 173646 8541
-82686 -486735 88437 -63014 -410623 -123282 -34866 267299 206901 60169 314417 64730 -145052 -165453 24986 -79755 61352 205937 150398 57780 271090 310649 111391 147224 -21958 101138 -176198 328970 10685 11875 395425 311478 -140341 -434138 -72809 -150676 -84865 69648 211022 819614 -16218 -50411 123360 -453765 -144143 -179660 -188 247126 -151680 37400 21239 -29573 228883 -38933 -50042 -68811 -271900 257610 134912 -13102 22814 -208609
-75325 316415 450350 -129703 -94942 271717 60451 -183780 102301 -193149 -17172 -11230 -319092 -29503 -5147 -117678 7647 -221632 -96646 202634 -175347 103505 -163560 -28141 559 350373 -291535 191584 -13601 260048 27493 -244253 -236902 -134347 290714 245917 11155 20194 -33226 28530 -120219 -160885 386336 -88619 349040 -39690 -1774 68926 38517 -453980 -404043 64807 80537 -67053 192849 -258448 -58288 57939 -47166 -274314 -48678 129944
-226376 90294 99321 50755 405650 50470 -307647 -153646 -72102 -7900 2004 -3523 353256 -243825 267133 370168 90747 -157294 9859 -151881 -158904 -142662 78945 150680 -87546 -257957 -161452 91897 47051 64953 -93882 118169 604650 296273 375928 146973 2701 -20591 -149114 -15403 -170021 -35333 187730 -100048 -375968 -357752 144060 57377 -310534 -237496 124463 188879 -227322 -149465 -170914 377111 121425 346253 -469408 -26874 194717 -21343
236179 -237879 -140521 -235633 -40972 -261243 -109594 317992 156283 213938 302025 -91736 67757 175767 555188 -216788 -114714 30497 -12463 9988 -70546 -257534 602222 73593 -192049 317386 328139 356214 -351480 -311425 -68652 -88174 -324439 -273787 120482 -254330 -61514 -67254 -65126 32429 -182693 -88846 265758 29871 -173827 135398 63870 -18749 -58824 270654 -290946 -77160 72434 -415843 187663 358760 85691 -283326 -272623 128237 73601 122286
363852 179371 846950 -119261 298504 89290 -70077 119570 -203681 252513 436230 353290 384204 169489 614390 -147333 76753 -334988 -365865 -515384 -334677 -88555 426104 -482892 607190 -245341 231560 280244 297221 144924 85783 -350046 -18158 -544345 -246982 496551 321081 -8942 108400 -443721 -147916 -385764 -445868 242373 -506290 142321 -190316 -741204 26678 -216841 -77337 -39062 -255347 83201 2912 467867 -316294 57585 235808 -391341 53393 -568138
-219957 -197320 -49178 -315742 -36798 -130692 56577 -274314 -197787 -35864 -385376 -117082 -361600 34957 -242113 400413 -208117 -92830 291171 28799 324441 280367 318312 -101060 -398022 463989 -470310 547077 118572 146510 468205 -44779 605081 9520 385875 -111857 378406 -213499 -421596 218748 -185683 81347 71418 236756 445884 608710 497093 -113769 45575 552703 169765 304872 178353 413261 -320872 389088 -258128 278183 -12889 -30869 43771 -166504
-12980 327541 -39553 47371 11989 208932 159045 -145962 403574 -316443 -511076 3436 -422196 141446 -84317 742523 169993 94512 -55343 185253 -209962 -53645 542200 -539818 -177997 -95404 49660 -544425 -2563 -448883 -83116 -307029 368792 305952 183863 282313 -275345 -28870 313997 -337434 373021 -209249 154550 273785 -167638 225059 -54880 -209875 -125006 -28611 -138198 218894 -526667 -380587 161760 -491149 99370 -162622 -300799 106395 -253722 119727
15230 -79103 280963 -11248 512389 407740 727543 -385275 304895 245972 137892 138544 -79141 320553 -168455 249986 464579 -177973 126716 172723 -105423 -628581 284577 -74398 592866 157363 511434 -546195 -63905 -379316 51156 153888 -127984 -80497 -208630 303707 -371386 -194435 25715 -111816 37390 -55376 188201 -591383 427170 -264649 -162032 469820 -90290 60109 -354597 -51377 -398873 291206 502220 15360 -437821 87688 342330 -266095 217677 -156572
-412716 220535 -70106 31948 -401877 -82374 228561 -219868 -56123 667278 -114308 348339 86049 -566730 308277 -344013 561122 -173368 113559 108250 -110584 77481 -202110 453376 -172077 288096 348546 427618 -2190 150161 -401728 495455 -125301 -112885 68967 -192688 352340 -355551 283674 210904 -69853 474180 -384523 416480 -28336 107171 -70815 103297 -248128 -33247 -375026 -187142 -297120 -107777 5622 -89603 -422185 68145 158324 -322009 16897 -196089
-88207 -132157 -233995 -31545 -420846 -184214 110642 323947 -6762 503962 -18622 -103165 -228745 -299659 -189083 -463543 -28597 54443 647349 63520 552510 -287293 61054 -192411 -162780 -245319 100374 37880 -447475 43651 -408826 -130924 -307908 -238626 -198851 -245982 -278452 87074 253782 -140567 163309 439656 154213 170434 16174 217324 -568908 -219246 68629 -385966 212456 184014 -148817 237443 67411 265238 -67078 -62222 161681 175634 -288019 -88128
110202 -345054 -31956 -207055 77649 -526624 50524 -419477 -394595 132314 174397 395210 15777 841054 103837 -738928 667685 -393488 436565 -210859 169645 41491 367532 111245 -425770 -88970 -248086 103521 -240987 271078 251863 -213334 324174 546119 -164872 1220685 -717800 231246 -296983 67938 -69403 -268948 -129463 -410075 -198703 20994 57254 207456 -339276 87952 -165225 127422 185430 277909 204420 -280265 99583 138543 -61276 187364 314308 -79791
1149 410383 392925 -113067 286438 -30773 436245 -349752 -88838 -316091 53795 80270 -265952 194238 313621 -148289 517187 -72875 -449489 -249173 -197725 -128051 70942 -127277 104592 112560 423693 235572 461633 108549 441064 479105 -139794 234693 -220379 181596 -286724 -336416 322531 31724 12871 -134303 97779 -32012 536787 223337 166052 292801 -301697 214178 -185559 -353298 -47023 -237675 211923 -17387 -276492 -157940 -713332 -432717 183006 359709
-449419 -134664 387084 26137 629137 152345 143060 -39996 -28344 -480826 -484834 351095 -520406 195864 205373 45701 -637476 109241 -107853 182417 145704 -135369 44755 -136692 533997 -283462 244959 -146487 374190 104818 -108476 573584 419847 -139803 90295 -478805 122002 -215980 -82557 -221665 -45510 236114 -620825 225470 -522709 163656 -362636 358434 244636 -456382 123197 -417350 157929 31747 288132 120354 179136 255583 92448 -471547 -53 158465
-248290 -137870 -432752 103001 -550251 125860 -96512 -405853 302028 179739 -561805 -261633 -270112 -183499 -98308 95059 -20965 296123 145618 107027 -166698 35524 -189607 -145863 -419802 -74263 8878 -327730 -73781 216593 -471480 201202 -194773 -117939 -234246 -60976 139048 247323 -259851 17420 322951 -208027 487263 -102642 -305267 651515 -570957 -157597 92796 -133433 281123 117087 -6873 -187687 -80182 105314 -10627 26716 182634 -253125 -216544 136674
-119233 111893 -51229 -175535 303624 42738 93311 238652 217235 320634 188615 -185700 -199315 363240 -176740 248125 -114444 -130075 -86331 -340395 341296 -248956 230274 -412886 407721 -75819 -131899 12131 -691709 485000 -964834 22769 -602516 -164018 -53987 -1083 -261061 235041 19894 100445 581884 64149 555751 -273375 -199750 -299486 13939 -571725 672982 -136122 108036 90305 -256746 100990 -83991 151101 -193358 -49637 -233481 -120916 -583112 -62678
126263 68616 326304 -32536 190489 44306 -241544 86938 -23551 75700 62352 -252882 -173232 147884 -222459 203660 -93486 -295660 262962 -296087 -214924 49754 294503 99412 434903 4313 -191967 -90664 173393 -127833 -150535 -271685 -107539 102652 -343225 -244751 245233 13057 -47794 -70549 163930 371601 -106373 463152 -507109 76487 -64176 -70496 331203 135128 248725 58919 353953 -174511 -378826 -217890 85610 122378 94857 26650 -418565 -304898
90128 251874 -44147 -58484 -141462 -67023 -255716 -547983 -336210 -385293 104599 386208 246654 -147706 -168967 61424 433238 136415 191671 -59022 -205400 293091 298271 -130598 148601 -49980 -387675 -258486 -267845 -363126 216105 413581 194889 -149716 20627 -5151 232399 650837 -43128 -295382 -295409 329257 91953 272717 248424 90042 -401090 428706 -222476 40016 -250051 -128291 -325423 -157244 -287864 66899 19004 140794 360539 546638 -177275 -196315
-330509 554407 -120117 -292323 46443 288850 226901 -655862 255371 31036 90149 214915 483518 -253988 -605428 422328 -259406 -274539 -100078 -197455 -403573 -372378 -36157 -553737 9539 -242849 257500 -239217 19596 -105432 -70839 -86510 56747 -19000 -365834 63146 -190075 358190 284155 -341289 331165 -589043 -96512 -269592 89223 -516079 262912 -196760 284903 -554897 179472 -589854 -43218 -234598 113381 495144 -547052 211692 54459 438069 -313141 397937
-205696 -215620 386941 -176603 -168686 49023 134495 -109208 -95613 -168200 -289238 -402263 70089 355067 -441447 -35221 -590164 -155702 -274843 60359 -158372 -335957 22252 35445 228071 221722 201901 318389 -112980 78005 -465193 -10604 763500 4425 202520 131882 94396 -280461 -298027 167568 -26848 -395630 -129015 51519 265844 914396 -24733 790418 84654 210806 414795 -204626 297238 -118895 199832 307941 -5777 43954 -97139 163284 495380 -94267
-222058 139265 214044 360314 -89278 76328 155822 621494 -107456 103842 -45458 13817 498723 380462 -334555 193436 -229491 -215428 -448253 262985 -178874 -122578 -146959 255180 -285801 433262 -196217 -25617 -257475 401223 -306921 -315315 327367 -111833 73416 205573 -483272 -175992 -297232 195928 255407 321257 -119904 -97928 162372 -410686 -165981 197440 -313706 117031 -24091 520717 -74781 147861 -599024 5747 -194711 97800 -251884 282382 68917 -89625
29377 -452151 62890 -409952 -429721 223159 -680920 200458 -27022 -77916 434140 232267 -271230 70404 -109615 -72550 148996 101504 148438 293888 -17117 -248325 -182016 43290 -526939 -288340 141632 -312370 -114489 516816 298816 -134547 309135 70665 -265970 -339067 -356832 -68698 168672 87380 43034 213914 -173207 -202680 -99995 -181581 -41052 -266841 -246210 327743 221977 -13644 -167660 431055 -694452 225813 97927 -195934 -350253 18486 -290977 -162049
-117532 -327197 -145686 -404053 -93035 309717 -397235 71950 311588 27947 -67955 -45179 -76421 305049 -278112 -365630 199230 68277 28659 510063 -24400 307876 -291502 290083 8449 -5688 383965 371431 3555 210591 205746 -16937 358961 155034 124165 173692 -1627 -80110 172251 -237309 -142880 -321335 41095 15893 32905 -88035 356001 -457766 -114024 207378 380198 -610605 162910 -246484 90173 -15911 -205472 19463 231547 -254293 405883 57979
185053 398086 12480 198172 17157 628891 2579 -220637 375120 282723 127895 204610 394325 183833 -58793 158199 337230 -53173 -52648 299664 414240 270117 -143222 404993 -192952 327193 -73848 392828 97179 66749 -398272 131803 -566150 261108 401011 118667 284063 -46363 177449 141029 406266 114675 425972 156816 -619345 -470022 -372260 -351640 -147606 -470005 466407 -394544 477896 -687195 348469 60113 102141 83211 201129 51241 126269 84557
-205528 238875 -105036 -130068 23988 227238 328820 -492761 270176 67948 -176470 322961 -166519 552035 152711 -198520 2035 -41562 18712 -96011 400958 -115149 5574 35333 247928 212977 114074 104714 179137 -64510 220068 -539491 225350 -102590 153692 33657 48832 -46412 -509849 -311658 -386193 -83158 166175 -207282 -113766 171338 -77318 237099 -358217 266897 -383450 573656 -128988 334745 81120 -117907 898015 -509564 483021 -447310 -435777 -38337
-438217 339732 -12536 298426 -267270 -456583 150178 -71513 51893 504630 241372 -6206 185803 189731 -103630 -137366 270797 -743626 -5737 -572425 72658 87480 -29493 -88037 -352595 -209418 50066 -151866 244873 -112098 261844 -441059 105365 -18937 -283013 -15874 -210862 -424548 146775 -628090 -118057 -60643 -70978 -388485 266565 67255 175927 -24360 406953 389522 -57110 514534 -609665 145933 -283081 38365 161029 -163447 336613 -92132 -286688 68150
-92661 -94998 128554 59648 -21558 434052 -284164 953574 424904 297560 498051 -2801 -616802 -316115 -445499 -12373 -431106 107266 145435 -327177 34728 156968 172066 -55842 430738 -65775 566891 222489 -202141 220882 -34539 43775 -466616 56816 79686 48996 544754 -215727 411350 279698 173172 193418 -167342 143608 -63969 295275 194604 -16693 88686 -91583 46503 -239088 179350 -797016 8058 -165512 -38645 40810 339301 -125634 127825 301489
170152 27113 -487156 -345665 -446056 -121429 -79257 4531 -213774 -647624 -394385 -61564 -357020 -119728 -256243 79161 -367663 44696 -204080 -302482 181031 -847714 -65303 -429808 -685427 78499 362183 85738 -224006 54482 89624 -45612 134543 -44001 387439 424302 -58979 -88045 36887 135470 269715 91711 135400 215934 193482 132565 -359165 434720 -546503 -912670 211015 -428973 417025 -183826 236921 -476102 -16632 -502687 295619 -336009 670877 -155444
9956 221373 -205078 -50562 946 268277 -183184 124839 -65018 -270823 156998 -367446 646802 112007 664379 597155 201185 -770041 6464 -177217 3591 7392 103865 2802 -220477 -627296 241476 -239052 182626 -178020 -254036 222536 -155434 251187 433889 -19236 -247523 151995 -178050 -390918 122916 -387896 -199845 83893 225728 -84261 174917 25027 440539 -285204 288562 197077 769180 -50952 -53747 79340 -607947 -22044 -564953 -171690 240976 -277317
-90693 145407 186728 -72889 370893 -99554 -37184 -273123 -165816 35855 126972 -415030 184743 108725 -313707 122937 405128 113888 221469 -118205 -265765 11353 378378 303731 -160947 -82709 198539 -377350 38822 -113623 -33907 -61500 284726 -412210 -147720 -423970 243412 298289 -37432 15330 230170 -139084 -90973 92947 955865 -435743 -300175 -519769 258360 343927 208302 388082 445806 -11756 -101443 500552 -108149 720139 -153299 271697 65261 -197964
154023 -104785 -163145 -526478 -296017 -212831 510845 -657059 239292 75447 142029 -187268 -334078 146180 -738947 247069 348733 280683 525135 30594 -836757 -90634 -333573 331726 -247940 -7794 -174101 44652 -92387 116068 -29489 86382 260109 -165229 163298 -97539 -38412 -41533 -114878 -330353 541908 -117607 -94790 -84985 262371 197099 20488 -263922 220578 410745 -76777 64857 -329827 -103071 342644 -41434 328309 422632 459814 69121 -106346 132085
305685 -203800 249278 -211233 -121408 -232612 -200047 220305 -422440 459539 36121 -114329 196249 635042 175501 338209 -57343 322605 336019 873188 22551 -126290 92017 343331 -932926 440960 199231 330452 257525 636982 -321815 137636 283902 271279 -119013 -277115 -535930 13670 263302 -98851 278714 301535 -327181 -114495 67615 176748 -21721 -30854 -176375 -482038 308490 -658638 444643 -312437 35019 -197463 280956 -1017067 277402 -5902 -45364 75419
-130795 -250682 449871 611595 705034 474789 170194 115001 -324660 239547 90093 -142419 -74382 -126295 181852 -425416 117782 -751904 -468287 492410 134479 345378 -137688 332880 43968 -57879 304130 -307042 280491 -90697 628131 -150872 -156715 -236453 -95869 -175091 -63700 232002 -67838 358945 -313948 462752 -194210 91372 -12644 396722 35646 386374 -172925 -298883 200843 58704 -118929 310337 -475567 408855 -266481 -34251 -639349 128141 -541004 132970
-547203 -24119 74262 -185950 50560 150344 29016 80869 -56002 284032 159757 152740 -678644 -87835 -269406 -60923 -316424 212957 -313161 137271 -335855 -389433 60589 94843 -169525 -545133 76030 -635024 -32188 -326203 497888 -425889 188444 -625101 678151 121935 173388 -103905 -396520 -177865 -317900 -554640 -48972 -389230 59882 137187 -3027 -265164 -32555 37492 -353918 195832 -254658 28279 -319530 109020 17142 424468 -98463 407476 -216432 -6417
-321795 404052 -61550 -373098 116852 -586619 -155859 25905 -179155 -55305 34291 -261981 -123197 -378960 417381 -99729 -228707 364630 -316797 104173 205530 208061 240560 -54920 -136461 -161523 564525 127837 -358972 -51215 -66870 234488 -43054 -54826 620002 427827 239051 -105749 382363 -445986 57362 -405417 -44215 248792 -481692 -339131 -132810 -64353 -15620 194437 -542443 -230387 21961 -296532 -222212 -285615 368971 37378 606384 -100626 40699 -8550
308081 -216798 119206 111849 58868 284759 -100094 490967 107502 72236 -285750 387811 -150380 247861 115094 448384 228479 163345 -188760 -40756 455422 -47826 -136232 121093 -172399 235428 -226913 120800 -362682 -414130 -775873 -137808 -308028 -691774 518814 79094 281276 -22631 641915 330162 -232359 487909 211035 184544 -23121 120055 -288485 27182 -134912 195810 267038 -786325 -5173 -142753 248514 -89752 63375 -399129 -447033 -180655 -72806 -180801
378642 -226060 850990 -57066 418368 -136334 343645 12554 -13703 2140 -137337 640632 -103242 -119115 -397749 -605508 -37412 -827856 -23062 -381985 -527569 -198270 -95967 359562 48943 -341213 -142577 -60835 195480 107539 301239 266922 221060 -243966 -752266 43678 -231083 192414 352196 413345 -377219 305530 -234906 306080 102768 672392 -79040 573019 31853 458413 596816 -43327 114611 568937 -408297 142733 100428 -321224 7207 -354745 -416622 400814
-566939 -29272 -118794 -99659 688249 131456 353618 -112766 -47295 -173700 415868 79364 694977 -73776 -124323 -546120 -123780 82860 -149135 386752 288516 22586 335914 143581 150851 -5264 -133940 -24817 219432 325193 386566 154402 329359 -345210 113965 -162635 114658 -140714 414755 -114140 388182 -35555 218845 102758 -55510 327331 174176 6469 8449 -174495 390102 448530 102097 311863 -79491 240147 459732 -146261 543510 -287843 -262997 158330
-539852 -907385 -197436 -210687 445227 349777 270117 298702 349394 199440 -284663 -467160 153574 -273131 509396 409349 -8938 -148877 109085 -130705 642160 -373711 459922 -44307 398533 88576 -42118 53183 -407662 183998 -566788 -543728 -199048 -683879 351000 -314079 -102046 -19976 -695065 398615 -176589 -7386 -432656 60376 -470196 -111832 8719 -565664 -255300 45202 -60857 -56766 -440258 -82087 -389691 -357379 271070 73813 525551 169172 244210 -163285
159171 72592 36274 -231335 -917710 -340659 -389388 132612 169269 -28523 -109440 -332951 249099 -22395 163550 249487 -184655 -106125 91174 -125074 116226 104921 -318083 -97162 199667 124321 125326 71599 -54442 181473 -123633 226315 181595 205958 -184421 -172187 -89356 -228303 139575 -368015 210487 -352967 -378664 8753 -75582 -136972 -186211 110187 133678 32799 290567 -335718 -256997 138328 -593052 469776 256028 190734 -109313 379522 -259926 401621
90816 -182411 -58494 337559 -318398 159024 -309390 -117629 33131 -182643 327701 17173 -159677 -204864 -342096 -342743 171909 192102 295506 -26830 -200002 79889 -753814 215619 -267388 -162602 20963 -13207 158965 -39856 21163 356281 130997 353948 150756 239179 409128 -210784 321511 -297746 -360428 -284039 -208712 -86769 -543442 -200227 -89937 214140 -447948 -175289 306706 217494 478947 410788 454162 -39228 -240217 -36053 -183941 -188923 101161 253207
-147013 15870 348606 494723 446224 146934 -242319 -429671 -213391 116055 27531 -429826 229690 -247393 94742 223417 -249709 -623696 -241878 33948 333729 426912 358490 104546 -401997 -115118 257560 -167934 155301 -225871 -182279 4973 -495854 -56100 99653 -177584 323404 -174263 346289 230399 711705 -86353 416871 532971 59476 -139038 47245 -125967 -448377 -261376 -437576 203717 -63940 89337 -509797 -421183 -503658 -386040 -167918 -590634 -399756 -233200
385301 238329 -465680 -24723 -313744 66048 -277657 410657 -329366 578766 136437 345009 224142 514050 106038 29877 -38911 -429745 -245106 101196 -70554 351088 33208 560551 -504396 -198794 -94898 -167026 -102570 -18218 -580003 234426 -127340 23089 186027 -92885 295100 74183 494281 160595 316962 -50333 -52009 252641 -208609 52312 -215327 574339 316508 -2064 169867 -308154 -13960 -232791 169330 132659 -272981 -255000 -218376 59316 -13296 -133589
-365675 -50356 -306174 -538036 277447 302907 -3537 135387 10636 283647 -106246 -215830 -155631 184368 -86893 -94483 504662 645385 692941 24483 126387 -193698 -49343 -37281 312634 -372012 -55836 -458026 -33049 -240816 -137369 53896 -89313 -333172 108116 126246 -33577 -239622 -201160 -211565 -97163 57302 -699125 360012 -165648 -47257 100462 412190 25170 104320 126250 -354817 -163050 -100245 -22029 600610 323235 107029 366056 352943 436834 -67773
-151725 376710 -652214 -66311 -242624 89255 159881 179155 173240 -506320 -313773 77166 -271426 46543 -103181 -25422 99757 -375832 213073 195052 -101789 131215 -343053 201029 607589 12092 234049 -167137 282563 371815 -244229 571463 -186791 110353 -216210 -274017 -255912 -76148 -421886 378627 203704 123476 -392677 308338 370943 -268140 773994 -126865 242883 181386 47713 139569 -550575 -78943 -252889 470328 451053 -50319 494783 -1439 67985 -452994
179405 -227306 92558 -393843 -127757 159359 -389437 -272415 68146 83433 -294597 187023 174346 311516 -84445 222364 -65914 -134956 -61404 -464659 -253944 -65170 366894 31811 -210363 6943 -122182 508206 310093 -4486 -80734 -133797 102188 -163537 -60402 -76197 -219880 8414 -402232 4368 145479 -142129 -584588 -396256 277943 -538744 -181313 -244401 -245443 298097 -479656 575945 -227280 86200 -75776 -165290 -194543 -166136 95481 336772 201748 381420
198998 130323 783593 -53997 549848 102934 -442766 -380800 45689 52452 162637 -332310 231528 89741 180055 -122812 255175 -7008 -493802 -104382 -41704 39069 -38512 -314069 113196 -552177 336234 -107441 -66314 -118411 -96609 -390125 640031 -112452 351733 -188884 118954 388731 -60685 145759 191546 -193521 -94762 30189 467988 -118779 387442 46906 -10263 517727 -70527 295155 104083 -506592 148359 77969 130900 -462654 -372374 139550 102558 -38094
-84054 225368 -283669 176705 -605594 37011 393870 189426 248951 110745 109196 -548060 -502947 -553703 128383 -216112 -7933 138050 -393421 26046 306673 162903 90500 133467 -153240 79555 -126778 -499828 56707 -61043 -254544 -50809 263187 -186870 -113479 -241502 -41011 -616298 -458082 402150 44038 435882 190794 -164971 174018 -133703 222705 67331 -404462 142819 302856 381822 264669 -598075 -9318 216025 321908 -229075 -28215 -317479 -112083 -173492
-140599 283188 90695 -42486 -115410 84566 456708 279137 -73496 73248 -247722 -340241 -390055 -726127 -192076 -407368 34428 335047 13433 434636 78836 56520 2627 131475 -59398 474154 -7778 141073 172851 -113754 234781 -39377 -57989 166287 204473 375804 108979 94427 -305196 -142724 73221 164342 -222111 -216800 133114 30951 -94055 -77104 -167930 -566876 -54737 372438 -222037 10002 -261478 78743 314249 475609 287631 341600 -441585 220666
-316453 214269 -39506 432283 153888 -109818 102113 -7152 -192644 -251785 182892 147326 298448 -105217 -150859 -44092 113284 362332 123391 -147544 -95201 -309041 -155482 63278 -61648 -864 -11054 147346 217427 248988 17442 -487722 135302 17442 -71261 354387 125770 225296 143591 206483 -341990 216722 -429967 324197 133939 562137 44833 471619 -16480 -455471 -345114 -483527 485320 260532 -73569 -8089 -251079 -309721 159163 -274625 -284668 128000
30816 -473491 460212 -116262 536717 -160684 384374 60290 284187 -136583 581916 236222 1020706 356643 607164 238470 192827 -267136 -357342 -475236 -363728 88271 -387415 -523195 137520 -371591 -249501 -137260 2197 -370850 237999 -552089 142975 -529885 -135908 -436483 510538 -436866 668938 -61788 -395345 -61555 102553 -49714 150011 -96106 -129775 200933 195390 -157256 662397 -255823 127604 -218113 90291 -57744 121862 -326920 -67046 -199328 -346613 94689
199947 -277186 -341111 95355 -201954 -249982 24452 128528 -17167 497556 -674788 -60856 174055 128977 -142060 -82672 -255069 51769 486777 -280369 291712 222852 21770 236857 -695226 82705 -201670 -30614 -207210 -30326 476992 413340 258003 -338556 -131843 -43963 -24441 -782452 44527 -185158 34339 1460 310370 -374491 7808 -428986 -664315 -539570 239864 -54782 456970 391711 185372 -62507 53076 76934 361134 -102079 67619 131470 -255647 -260786
-104109 -92128 59287 -444552 -74256 21348 -476591 246300 -212369 647708 -1046837 144172 -735718 124246 159716 -344141 -37939 45623 64932 235070 1982 195539 -186833 -3633 -268972 24135 56717 -9859 -466450 64987 -367367 616645 892114 206390 367517 141902 115382 159248 231513 407522 53123 125621 -53369 -86956 -392146 -248638 -517806 -72774 -278893 -472598 -155452 -456482 -80664 -708513 -362599 -6215 -381884 -137728 573180 -99387 143224 -42632
-256650 376833 -129961 486526 499562 358928 -20939 -203836 468153 313072 220789 -167012 -456815 238748 202290 349834 30540 305507 -149078 -229881 -420515 -180003 -274047 106578 406110 -633325 -162293 -395391 59384 -20621 -628759 -341459 573228 -274283 -247413 141551 -12284 138500 356248 22565 4549 97067 -199649 31821 152559 436099 162345 702323 309458 -286180 -102870 -880931 -322772 -208047 -754815 97576 -322121 -454796 -206917 -563952 41805 -122566
358947 261024 27293 430904 254626 -240406 105810 -262854 -129422 325082 -75139 216640 -137632 -283602 -315229 121367 208768 -281302 100112 -311971 232645 -115927 447430 244835 464719 210964 -117072 -709150 -87345 310952 -426624 -168535 -260877 -197646 -61413 -2041 99616 -129217 41241 254948 -721888 263050 -116304 7205 444215 31535 441248 -556860 763123 352461 -234153 401286 618650 316934 274108 174454 57615 157800 -146561 -567302 -106532 347829
-413092 -36666 -564477 -422325 -190402 -114000 50599 -304282 343545 -428360 6336 -554944 2264 -97486 -188441 -101477 -344021 -487701 338326 -200284 521521 -310650 -16269 -600244 218874 265265 389939 -162111 213086 385818 502041 22213 397343 103393 -203326 -132465 92240 -415017 505040 12213 197923 -63453 7850 172200 380988 222752 18102 -91501 609610 249066 420977 188941 74912 614982 -70213 -28958 -134650 244708 316189 -401534 222257 -45432
19067 -738477 76910 -554964 -280359 196446 113891 -54153 -59970 -103800 -213077 -276493 25815 332377 -142213 447584 102584 244137 21128 168515 -388198 243189 -562403 38207 -433315 179900 -50728 200541 203090 -426160 138899 -18478 87011 430576 -375053 -295513 -128654 -642954 632952 -230727 577783 -540071 -2444 -188008 -266324 378715 -12995 -425551 103644 -381278 -70998 -754752 -212068 15541 200513 -880215 58593 -47644 389901 538438 -367070 -68068
225230 -438437 460427 -204955 500807 411597 1133645 -129387 -24034 -120975 317714 -423305 11150 -235923 258817 270661 103694 251147 -44433 90377 13326 418687 -42648 404560 -32241 588820 474792 -28031 -273975 -35714 -323868 69124 -51647 451815 56172 -578915 -38490 -177035 -101755 -614472 -61081 -385694 -427139 -89643 -269620 -325951 252658 -544550 147517 246575 -191154 154094 -245444 -184746 388833 -200440 86629 -366761 -416894 19127 -271591 -139413
2360 -250630 227701 -294619 124844 -633387 -181553 -216796 -628259 -80315 343073 -411745 379135 -130499 -38111 -350883 -190012 184915 -388405 342187 208242 241646 252618 2906 -126868 562542 226724 174645 -289446 -128206 271677 -202904 228458 -245349 128939 -310032 94567 -167563 45193 -485759 -72395 -131101 202338 -208266 194756 -354922 33601 131962 -183176 493794 -37620 -164365 221086 158797 -30778 682288 374950 -262119 -151220 -260522 -157038 -284952
267051 176226 388647 178148 -118488 -452817 -276282 -117299 342230 234470 240093 302245 -294986 631281 -485140 445625 -211700 23411 -420625 203051 -278331 -174552 -199755 212127 -641868 286111 -36318 48310 -425792 -172127 -354276 -230585 -213192 -94037 -35311 33314 351054 -172551 -271001 -189316 -375831 27969 9871 195998 139800 620494 30601 370311 311845 209384 404857 4715 261052 -236493 -556015 -564269 326861 42342 164605 -33658 737326 -334736
242746 275567 -538858 299282 -237701 453979 316696 451177 96648 422702 -319562 247191 -285092 173785 140823 -124675 90443 42203 154420 216167 79093 -156861 84857 135712 260160 -261573 132130 91801 89844 -248834 318382 155463 -32102 -200993 387129 -101889 322264 312832 196396 249463 414035 150499 -121225 -256082 -253275 -220222 -434828 8595 -392289 273983 -421971 -208100 47636 -142697 492224 68486 390564 116780 588109 -33731 -11568 -337908
436939 242921 -883241 -136967 -190820 -202383 -353052 148410 17731 729161 340822 -418518 198775 223572 13477 371992 -175767 69198 -224679 -221804 107214 172481 311335 339133 -159819 -144142 89736 -36902 138704 366216 -30969 551420 315342 230809 -77983 337472 -72857 457591 513993 -291475 104013 275355 3457 -103025 -212930 -70413 -222009 -107223 -3918 -429270 428237 -201674 290420 437086 -90346 118881 143293 -293341 225207 -201220 -276847 145416
-215028 210987 36705 -46996 343243 -415435 180129 26476 82631 632228 114176 -89419 140446 -542480 -28040 296029 -350647 -253616 -145210 139335 -191419 337682 -216052 -516783 42645 -1268 274288 -3200 22818 -273319 -543116 -216742 342519 334781 -427785 78251 76278 -188923 673495 -631358 724536 720404 433728 551556 -304571 82288 -70520 -411360 4971 63558 -139620 212100 -302389 -38394 36388 151717 41508 31530 -328840 139433 -94155 310702
122908 -36848 558760 34898 625703 20055 94257 -110205 -624715 -271103 302250 -775094 -35678 126779 -45060 157178 -100246 -144094 180392 -289640 24024 -790714 -396332 -234377 380909 -259034 -52647 310661 -219581 -136429 -402528 -55436 143141 207244 135775 146748 182150 36533 -333391 -97173 -277944 6425 -173668 -38366 240629 384754 -324339 229852 -676609 781462 -244148 -79076 8638 -220241 115762 303713 70647 63871 -49249 -251484 328388 281307
96481 -351032 -210431 -218915 88921 -148824 193846 -92675 467660 -438596 76070 285538 -650368 332660 -338853 -128263 471115 -279940 419308 -120519 -443373 388548 64671 10564 -89301 -155777 -933108 191414 -529800 -73956 -73751 22002 317770 43921 123333 -135164 -574805 120129 -266934 -284970 -264910 17581 97605 -425040 397691 99442 -15925 -55068 -40045 40489 254479 129863 423865 -152343 151704 -370876 30225 -30274 242861 -185501 160397 152685
156525 52418 -299833 -331038 -309408 -226352 52422 334430 -360275 685056 -8917 192674 38396 -545489 161135 107687 -190250 -336668 252496 508773 273469 623658 134017 -176000 651235 237708 5244 178305 -64582 348251 -506586 -282659 -604485 -690056 -577640 -269611 25932 80070 -78839 151913 47961 754754 135127 -288197 -244336 -137745 178681 107060 321466 -136859 141484 -65603 -23761 438650 -116205 -49717 -197658 131297 -160935 -182851 -271459 -101647
128346 44169 585537 103712 232856 -129578 -620817 168827 -805022 57191 -252250 -367340 264276 -453955 -143907 -8417 -167343 -241532 -233172 272395 6105 -255217 90031 89195 -184885 240632 -405504 119918 -519750 500046 -123488 -13808 245209 -101776 494779 -534334 496084 -9425 94725 86749 -351325 -142951 162037 127880 -73777 -19475 301901 326108 108923 -36218 464797 38012 248407 -352256 234221 -199409 1986 -8011 -384232 385691 -354491 -320125
