180 232 37 42 146 145 255 163 225 101 140 54 35 5 154 60 173 223 7 35 79 117 240 68 236 228 253 150 58 212 85 28 153 231 59 129 118 114 96 246 215 233 96 245 250 72 105 127 113 31 198 121 9 125 78 202 61 192 163 129 199 141 24 142
62 185 17 115 118 104 128 40 9 184 121 26 213 94 89 139 106 95 75 230 21 122 10 100 154 50 230 41 220 188 180 83 38 229 165 149 29 36 205 49 33 66 164 14 129 148 153 162 32 97 120 254 52 153 17 22 144 50 224 58 254 147 201 92
223 244 97 80 225 129 65 230 29 63 209 82 2 124 78 185 202 95 146 235 88 169 29 93 145 138 80 105 121 150 31 152 96 102 49 135 200 154 14 174 190 237 114 15 166 132 10 138 168 246 86 79 118 183 230 19 59 196 235 228 128 186 160 248
74 96 17 187 40 158 14 87 219 99 100 124 69 120 246 64 14 77 245 23 180 69 203 228 70 188 20 94 106 161 190 18 180 241 124 97 95 196 88 157 239 106 71 43 95 73 42 156 52 37 95 125 201 106 103 185 3 135 3 151 162 184 173 240
114 196 65 116 252 201 3 218 246 143 151 194 206 126 155 152 116 7 74 255 44 33 16 143 132 156 77 179 125 4 243 104 119 170 159 178 84 213 27 170 166 165 129 149 209 101 182 175 86 85 176 185 126 139 5 94 83 155 189 196 1 31 58 89
149 92 30 129 17 5 71 111 205 165 6 220 55 107 78 153 178 138 135 93 152 13 42 99 4 254 8 246 158 202 158 109 221 17 232 141 117 187 69 124 252 38 60 62 211 109 34 208 199 228 89 95 219 5 110 113 192 110 203 4 160 162 88 213
40 135 26 199 0 54 119 63 228 213 196 189 213 200 83 72 122 232 17 75 184 8 57 240 229 210 11 249 48 246 186 214 233 124 154 58 74 142 125 26 138 69 238 163 228 29 252 58 233 99 255 183 117 111 133 219 112 233 211 154 97 203 106 182
125 72 96 186 219 103 238 230 217 189 149 123 248 133 105 125 80 210 114 27 58 124 180 88 230 87 196 71 152 171 225 65 148 239 215 117 142 123 133 136 233 145 206 71 212 117 219 148 135 134 181 60 26 6 142 229 178 184 101 247 233 30 101 200
73 35 96 83 173 232 107 67 209 87 65 32 72 28 66 39 1 59 22 218 215 150 60 78 171 120 17 141 74 0 209 100 117 197 25 149 0 39 137 178 156 91 169 184 252 72 65 67 142 159 92 195 152 165 54 60 221 111 133 191 242 121 84 255
109 251 122 131 6 9 159 167 168 163 83 175 249 34 176 76 101 167 228 73 171 207 153 184 225 180 7 0 252 55 122 40 218 56 167 154 189 86 101 211 98 150 6 115 126 196 88 30 87 75 78 155 113 177 14 123 136 27 83 100 178 122 156 39
226 234 222 87 40 244 125 200 11 184 45 106 136 121 19 195 14 86 48 221 17 200 134 235 220 169 216 17 79 201 148 146 141 143 254 74 199 39 215 181 168 158 134 8 159 218 7 157 218 249 71 127 168 33 35 26 246 196 28 150 3 207 163 15
124 95 55 233 237 86 157 255 71 194 94 138 217 42 242 44 171 83 113 230 107 150 175 200 12 241 54 2 81 131 80 75 134 167 47 5 93 95 35 63 241 224 164 186 216 101 122 206 123 141 182 39 124 73 161 92 68 114 63 169 156 151 82 60
93 8 151 136 16 221 251 237 178 187 225 35 120 131 73 253 42 171 44 66 222 130 190 90 116 56 243 233 75 185 245 176 206 153 71 42 153 185 250 152 247 134 148 65 73 246 84 54 222 166 46 11 43 220 182 80 55 196 172 64 222 39 66 231
104 128 26 135 103 243 21 164 209 177 16 27 162 208 174 184 210 24 229 31 0 184 194 64 241 244 217 179 216 4 93 218 62 205 88 82 60 65 106 85 95 82 204 112 18 113 158 252 139 214 201 26 200 59 45 253 54 5 97 201 254 97 136 218
30 98 232 135 240 135 126 102 18 22 230 95 116 6 77 195 126 115 211 165 225 244 167 99 195 124 47 194 239 39 1 68 60 238 164 12 125 218 18 78 71 73 155 237 185 105 109 131 71 103 24 15 17 160 191 45 59 34 138 55 244 202 182 76
89 166 18 217 163 60 127 150 234 45 214 209 38 157 42 165 221 235 138 49 100 164 185 82 189 165 87 223 177 118 205 7 202 119 238 204 175 121 48 156 29 40 110 1 48 125 151 65 123 151 233 177 218 67 124 236 120 30 128 127 97 189 255 217
3 86 7 62 17 240 190 129 106 190 108 166 33 50 250 22 182 199 46 110 73 176 7 235 66 56 173 246 28 247 79 13 88 172 20 59 220 240 225 31 171 231 230 160 71 245 152 41 42 171 71 25 11 168 85 37 178 77 253 201 113 93 21 151
48 72 17 183 245 95 149 75 61 72 241 138 21 79 231 59 127 173 68 3 244 53 250 178 31 160 156 179 225 233 188 171 6 69 87 252 225 93 199 176 158 136 13 163 40 176 154 32 188 41 185 95 14 165 216 86 150 40 150 72 84 104 123 245
198 231 27 39 191 88 179 218 240 172 222 86 224 230 103 227 56 139 122 143 180 163 81 43 192 191 142 191 245 149 48 218 193 91 92 224 120 193 72 44 215 44 22 60 234 38 42 235 123 231 103 150 210 57 101 187 19 215 236 140 250 56 58 3
211 223 42 126 37 19 220 81 91 151 147 223 190 118 39 152 207 202 77 96 198 181 99 158 92 145 199 152 252 175 122 145 111 251 104 141 150 59 143 67 214 219 231 43 193 250 22 15 236 252 198 129 93 212 42 95 249 143 111 82 197 172 180 112
113 227 11 195 90 248 191 16 111 199 149 197 22 9 168 43 166 170 166 13 118 129 37 236 229 105 84 156 246 211 190 158 25 149 65 90 41 228 92 174 145 208 140 80 109 117 253 130 162 77 6 234 174 31 237 13 11 38 99 19 173 39 241 142
44 49 109 39 60 74 54 172 69 13 203 206 24 147 158 41 202 106 234 28 37 196 9 94 110 80 25 136 194 190 164 121 80 208 204 31 57 212 105 147 102 68 182 119 226 228 108 21 176 222 248 251 21 206 48 2 237 228 98 102 222 76 45 90
9 114 164 198 52 71 108 77 10 165 231 100 92 177 140 238 42 8 67 158 253 96 21 191 4 25 184 45 92 58 68 188 101 121 25 116 69 89 166 63 241 108 137 6 42 127 74 21 69 243 51 240 161 14 78 201 232 113 231 109 85 255 18 94
140 150 75 53 12 138 242 21 131 164 54 49 103 132 82 3 255 116 160 86 78 238 20 216 34 239 0 89 122 243 36 41 82 5 81 38 4 229 154 111 35 113 85 75 22 170 68 221 214 76 158 192 46 62 176 63 52 76 186 13 46 112 20 129
186 188 40 229 162 243 157 67 209 88 228 248 141 173 178 200 26 71 56 76 115 60 123 115 175 176 181 205 218 171 24 144 112 31 115 98 68 18 243 112 31 139 51 77 70 3 138 73 228 184 153 72 32 194 32 169 158 194 56 93 208 89 85 3
216 178 238 84 131 83 116 244 1 225 5 218 165 159 132 155 112 81 63 90 80 150 235 1 204 123 242 134 103 26 79 159 132 123 186 204 179 117 152 150 99 35 153 176 191 157 211 19 50 198 140 239 105 155 96 172 215 81 249 187 187 175 42 1
126 98 143 40 46 141 176 25 228 62 236 152 134 2 68 39 115 115 251 92 66 183 165 1 157 221 254 106 168 197 66 100 153 23 111 35 41 179 155 12 43 170 243 67 58 138 149 199 135 218 116 152 25 41 44 163 131 107 61 36 241 218 211 77
246 153 76 233 190 155 163 154 100 183 42 52 119 208 94 233 14 73 141 133 152 244 52 41 124 41 116 142 140 53 6 111 122 191 56 207 94 66 234 99 18 43 121 52 97 192 38 157 219 140 52 127 241 176 34 216 105 34 123 41 255 131 97 148
85 191 63 109 162 214 138 50 57 141 194 101 238 56 198 201 133 233 159 242 189 11 49 58 63 43 181 178 23 245 238 249 31 204 59 225 13 25 254 76 229 48 191 250 26 158 133 20 229 249 226 226 227 38 178 218 10 218 10 119 57 242 224 102
127 55 31 237 116 222 248 161 168 231 199 209 82 180 161 90 219 232 28 183 145 209 190 39 62 26 9 84 52 41 230 135 104 191 229 254 29 162 38 10 48 38 208 232 110 109 76 133 224 11 99 148 66 38 104 43 240 77 248 214 249 13 10 45
122 14 135 177 24 200 198 204 133 110 90 222 64 108 224 58 237 31 66 18 159 187 106 113 95 87 184 29 133 183 189 128 65 207 235 2 109 108 27 8 139 213 63 175 10 65 219 211 195 212 190 239 239 63 157 200 91 11 24 7 67 119 50 43
202 181 86 151 29 42 87 196 219 208 231 160 70 126 206 251 69 219 206 7 252 111 16 238 39 125 227 63 65 208 227 134 198 34 13 219 210 15 239 161 173 185 167 216 65 108 164 7 7 86 76 103 150 69 181 204 145 111 240 134 94 152 74 0
6 35 84 43 231 2 150 181 125 62 26 81 233 124 226 34 188 220 88 31 116 34 1 227 253 234 86 179 201 210 60 70 178 167 42 218 178 117 162 26 210 73 96 169 175 203 8 101 180 123 20 131 21 153 154 92 87 66 98 86 36 158 204 131
238 231 250 218 111 12 198 146 7 61 200 38 39 179 39 128 174 63 120 173 183 179 154 36 103 61 84 230 29 14 136 245 216 189 193 9 95 148 255 5 142 77 7 40 242 84 209 134 38 45 205 254 199 83 116 249 191 148 116 212 237 59 255 186
175 243 165 51 151 150 163 225 63 0 140 50 194 225 169 123 30 64 207 171 130 165 163 79 162 25 73 90 27 111 170 249 198 216 4 250 165 149 185 58 250 20 158 160 21 171 58 56 45 12 58 244 113 211 201 98 43 31 91 241 26 179 245 191
142 71 128 167 87 21 211 217 217 51 28 17 184 218 244 150 55 116 45 238 203 100 20 118 11 242 107 112 91 129 5 105 85 93 138 169 75 76 20 1 246 112 128 146 155 189 43 181 156 145 198 187 244 241 231 203 197 17 213 82 203 49 123 13
61 3 165 183 136 137 128 51 250 220 85 60 95 143 219 94 15 56 14 183 115 90 140 11 112 204 62 14 23 74 70 130 58 136 67 204 79 150 100 0 52 182 230 60 77 40 253 252 233 77 31 141 4 248 10 32 101 117 32 39 169 162 174 228
21 106 42 37 188 43 28 180 13 73 68 114 0 42 181 7 237 53 123 204 160 16 27 210 65 242 40 156 78 72 60 203 66 199 201 227 239 54 9 162 216 31 145 245 140 167 84 83 32 190 16 238 124 45 165 229 81 117 46 155 111 134 169 34
41 209 205 164 93 224 83 6 24 135 142 213 66 166 24 115 178 20 125 94 0 148 209 88 129 84 118 227 184 217 51 206 224 50 101 7 26 10 215 254 179 54 186 248 175 239 211 169 154 49 107 240 199 181 205 86 242 213 19 252 128 233 246 100
128 65 213 23 122 51 237 234 11 169 209 177 138 16 242 35 249 234 168 166 120 28 171 50 20 216 29 145 224 159 67 171 66 177 12 68 55 231 70 14 237 189 157 36 2 7 38 18 73 172 203 177 35 24 208 174 188 151 37 141 181 182 42 53
52 33 198 24 241 57 245 71 193 168 120 168 97 216 103 218 169 168 124 88 49 123 250 140 208 237 234 78 24 69 192 228 210 127 183 139 28 207 51 216 142 238 240 96 71 224 158 230 225 107 244 189 208 51 150 232 151 199 165 80 46 92 95 190
243 245 105 212 223 231 41 41 2 64 191 45 139 57 26 163 207 236 115 243 235 214 154 199 69 115 21 234 0 64 9 225 34 120 157 198 14 229 145 112 249 124 91 179 148 74 15 54 148 182 29 225 188 192 234 53 111 30 253 131 54 176 98 167
41 200 14 178 85 210 39 229 16 186 9 189 96 242 124 209 132 136 35 120 225 211 200 14 104 164 197 60 222 194 138 225 18 253 239 189 255 10 3 86 18 9 111 142 93 240 98 36 98 38 251 10 162 67 64 204 195 205 38 66 239 208 251 24
126 127 37 76 19 56 157 71 188 254 213 207 95 233 123 57 111 6 173 157 56 232 28 16 145 154 66 45 180 225 205 126 100 103 155 236 223 43 83 81 163 170 195 63 49 253 13 204 75 165 207 40 21 243 31 25 32 198 101 72 57 173 10 166
117 194 166 126 44 71 102 143 64 216 69 217 156 236 69 34 19 123 166 246 169 182 147 197 251 58 105 214 15 0 254 53 115 5 7 106 139 24 73 16 18 92 22 75 13 149 78 118 29 53 34 247 72 57 103 121 212 97 62 167 183 98 255 59
175 69 193 22 235 231 189 0 108 237 104 23 5 41 247 190 120 96 49 190 247 49 9 49 67 241 184 193 14 223 237 184 217 244 159 98 39 221 208 148 125 125 1 11 46 17 96 160 230 35 143 36 53 232 144 226 253 24 153 124 26 182 244 201
89 196 245 76 57 214 186 65 219 2 213 87 138 13 166 118 232 207 251 218 15 121 248 208 52 128 63 221 198 210 100 162 4 37 147 151 53 64 121 240 217 89 13 46 109 190 141 223 49 208 122 144 191 246 215 144 178 240 214 194 46 109 77 105
92 19 209 122 254 45 60 58 96 178 203 98 146 51 95 140 32 119 35 44 43 119 130 111 112 24 122 97 26 150 131 178 6 55 129 28 13 183 34 201 74 210 157 37 27 151 42 225 200 167 36 65 235 65 146 160 226 20 160 87 145 131 232 35
36 12 33 190 180 160 162 172 172 246 241 213 238 41 69 68 3 219 107 17 14 132 221 50 112 45 231 201 54 90 168 160 12 25 157 192 151 114 128 121 141 195 30 119 99 58 49 48 225 74 159 230 5 210 8 26 32 1 80 115 108 200 103 81
252 74 93 185 232 101 247 141 46 64 3 154 26 215 230 82 126 158 116 130 27 113 86 159 95 70 112 232 181 196 101 147 132 144 132 244 44 21 114 182 61 62 84 186 89 189 156 91 20 231 212 90 179 140 126 157 6 142 237 11 87 33 123 28
170 232 193 38 194 146 188 62 112 105 15 231 103 97 0 246 77 227 217 136 176 84 21 104 89 239 124 226 236 163 202 199 198 147 234 13 146 138 141 98 35 189 143 44 18 198 148 252 189 73 159 138 17 133 94 78 51 238 96 244 33 73 2 241
2 204 62 170 202 225 56 250 0 22 140 58 130 73 190 1 117 134 204 182 226 243 133 98 120 251 126 70 72 160 92 31 248 205 205 136 181 241 132 66 204 1 190 200 139 84 230 136 196 65 38 181 63 4 244 54 233 53 146 102 155 62 208 199
136 174 205 73 29 248 24 157 174 8 190 192 104 86 30 136 164 183 217 109 68 12 230 239 247 137 39 176 194 186 29 73 27 92 167 42 242 52 2 51 104 49 184 237 185 39 46 163 8 17 61 84 125 189 232 252 15 156 98 35 15 86 25 225
74 101 45 61 70 224 177 105 92 143 250 35 45 179 153 62 119 40 197 40 157 79 119 177 115 11 96 174 66 210 142 96 219 120 193 227 234 23 232 84 150 65 120 88 98 32 117 246 163 0 191 49 9 132 64 129 36 210 204 46 195 14 244 206
187 24 235 22 5 162 140 186 150 210 122 194 21 83 209 231 168 112 36 167 73 188 64 3 48 212 194 222 97 116 94 155 107 139 138 239 218 195 209 99 201 137 150 167 203 143 109 224 93 182 171 184 8 141 161 176 104 9 197 231 24 206 99 128
38 241 103 177 110 101 63 128 149 221 188 242 95 240 25 119 170 184 199 151 63 204 132 18 55 47 241 107 133 100 7 133 76 196 117 177 95 77 16 241 130 100 10 215 99 133 203 81 254 89 63 201 13 17 128 122 123 176 183 6 70 129 80 24
172 158 86 223 201 249 65 197 193 209 25 70 57 84 40 210 236 3 42 234 115 162 230 153 112 223 113 157 241 177 8 221 243 133 60 222 229 163 151 204 43 227 91 238 74 216 53 148 196 87 27 216 36 213 14 57 134 168 106 176 68 162 97 186
110 42 183 250 214 14 223 221 243 233 100 251 172 50 195 139 217 133 7 88 141 224 246 95 98 218 130 207 60 235 197 227 99 53 161 149 131 131 50 17 255 210 62 76 172 131 45 9 20 38 21 20 255 132 120 98 241 226 96 244 59 15 221 79
252 151 215 136 151 32 21 229 132 18 126 120 105 226 11 42 170 160 158 23 90 44 106 86 136 177 57 167 204 163 48 25 37 186 128 3 149 70 216 220 189 196 82 102 169 163 177 52 228 75 178 163 129 250 158 159 35 205 53 7 25 170 18 219
83 33 155 89 209 249 18 30 184 249 38 107 10 198 248 25 124 227 96 62 174 98 103 128 16 105 166 229 40 52 133 159 89 213 63 167 202 241 144 205 205 192 251 2 171 254 150 170 28 163 235 66 9 44 77 238 88 173 39 216 10 37 63 208
92 3 66 173 100 219 193 57 218 32 222 195 125 168 230 132 69 63 239 67 72 174 35 90 146 218 159 33 69 167 136 174 1 203 147 98 136 50 127 243 113 233 117 155 181 150 101 137 60 254 5 44 95 240 112 63 13 95 135 192 70 174 48 149
203 202 61 95 199 39 140 62 90 201 184 92 158 54 196 179 208 188 254 136 148 76 146 255 184 116 65 16 1 63 156 207 48 31 68 138 222 122 179 136 206 115 74 250 194 131 207 49 174 55 119 156 218 75 88 208 4 180 21 16 136 159 178 208
200 126 48 106 233 131 53 247 175 89 178 120 188 248 12 192 195 163 238 235 76 210 108 160 135 79 48 70 3 191 193 188 233 202 199 187 194 237 183 57 157 120 213 84 48 108 37 142 16 203 25 219 240 41 8 241 74 88 93 56 49 188 20 113
110 80 182 232 141 21 226 6 100 34 109 85 103 114 153 183 138 242 61 25 176 143 126 130 233 186 67 53 174 105 209 229 62 247 142 170 187 211 151 173 24 207 136 80 5 132 212 112 175 134 97 47 19 202 113 96 71 101 224 154 146 250 36 150
