788490 627622 386916 588545 734279 607295 593812 764892 451385 497006 636578 265759 279579 528848 526930 711697 694621 599525 441250 595254 431129 624872 484714 593362 891218 649590 710571 577399 724135 498769 321293 680848 676727 530739 411301 565772 721850 425200 557281 781842 911728 598702 617556 689783 658082 502239 391509 598517 616004 830984 459190 470042 460989 582076 646752 321116 731411 753924 958133 796733 781902 573017
517701 367702 557700 573145 453333 615263 255354 428091 732405 504129 355748 566546 475427 687665 720878 400173 435679 686462 673734 530280 441359 455946 676905 671398 485632 604818 418333 631404 623230 774506 501256 422145 726317 795394 656963 481798 393217 712347 586873 704848 594381 424878 405823 424850 428490 522095 587952 600502 344498 444894 667124 689172 738742 358062 401519 564862 512993 680243 510307 830765 807510 916033
671889 683597 385941 809550 687373 489714 692851 700802 622356 678641 598666 574958 724925 521064 593549 635017 586589 355197 821999 594215 523235 427519 384344 700571 522627 517994 505849 653708 576512 383878 732469 649685 592202 573037 616184 764979 622654 552106 647491 764412 767099 572793 466558 604625 579744 524000 564917 580109 609768 589707 697421 616035 648133 677093 249157 434160 488061 853495 872982 674210 505239 641749
455058 364340 607848 523814 260477 421875 559885 757678 753712 577535 611486 586431 527540 675188 547085 402970 511262 802629 451271 495959 367650 467511 595121 508611 542427 611296 487039 603459 836117 726347 559241 704426 783294 679832 645129 665389 579131 659740 598863 860875 680138 401449 456085 505680 650271 452479 528971 639126 663870 648389 544437 723402 477437 395665 541383 560113 650941 593600 436611 464551 639883 636582
468097 489147 393526 561201 443929 393914 664222 825635 742711 880258 725996 838438 717326 682578 589705 552058 556356 486478 568243 427137 320643 227397 455717 936152 651639 702162 621496 771529 551826 828218 866194 651116 864501 670867 633327 539414 554705 551624 633560 479875 575872 571764 851820 773768 568049 718581 807146 708306 618343 699179 937932 549004 564500 439665 647516 617043 779441 736958 824411 518586 435822 636768
396526 478777 427488 539736 470325 483991 868144 938631 892218 667145 759081 750631 639661 485961 565331 725719 546818 631459 506861 311103 350717 586527 645527 627883 637378 693363 601051 795928 813738 891617 777541 652377 709018 771318 688340 604810 649544 469660 612109 734239 797805 594695 677108 575629 830864 495241 881009 713582 891153 706980 565886 493316 319977 513900 678639 926451 804211 748169 580313 859735 647437 539533
388106 436558 637137 488406 724290 740799 595595 768335 823808 621900 682276 583541 561453 421379 327607 464169 479551 295270 402415 760664 641408 415728 698373 706007 827816 379541 587897 585556 643480 608078 818916 817718 783675 618483 468914 422266 398035 523653 661074 654785 660686 641084 892462 844674 743983 583880 512799 635212 728482 666404 637064 565962 620954 664998 630119 722927 775525 856934 837402 676199 752402 644359
576899 610291 681319 710349 406271 576867 907161 773658 719982 546815 553266 740299 632177 412356 444742 401214 543221 804789 622793 515512 631308 703433 707922 808713 641844 594381 291144 442602 799741 580740 517083 650998 666963 727449 554235 591271 613391 585674 696680 747595 698407 655953 592423 610624 645472 645096 541464 504781 497376 629420 539442 525296 383775 463569 675566 675096 619784 535486 777481 771962 572051 674618
673322 727958 479509 410472 735318 764509 636259 677529 475117 548190 488267 395395 527442 329585 384224 428336 406468 333385 698441 815745 640355 697363 734445 876873 632619 467620 651867 305676 483366 613594 731899 535710 741578 664456 721310 435716 444755 639102 765272 772835 522671 643270 580022 723736 653831 412638 371352 634864 761588 680878 579761 738817 482258 354127 334399 560338 746134 549532 629752 663408 620101 581151
796402 550401 535138 766278 500179 668966 674939 814694 544382 602306 618810 799626 490277 662369 490704 466555 545484 747664 545135 800834 696922 857830 878397 783262 759876 433505 212808 547436 552673 544515 449502 618285 738087 530346 558182 420147 610246 495651 590370 689741 807624 505823 652245 804649 619942 594604 612304 719580 500154 598564 618214 414576 493333 355769 644754 568386 345504 473666 389700 782913 685430 498842
556812 734839 718330 416051 697390 988252 832124 766704 663480 693708 650885 419878 701893 375159 704604 517599 431044 579723 500869 595626 772950 783067 649085 813751 547209 614413 657917 560275 603396 760505 791511 771746 655170 578793 433504 521933 537937 739853 948673 885272 839434 702158 551900 479166 737161 677750 489377 751841 931684 477704 395478 380870 539176 545077 425725 557219 621946 671892 585049 534164 606341 461213
537922 434567 479783 840137 784522 792330 741302 799024 861392 470952 418430 606091 618535 915343 586437 777466 485816 489489 785352 429721 621657 739433 702801 491650 982008 860443 549203 685115 676288 468245 662912 671040 585043 481097 367046 445926 551614 442763 591266 640220 730208 642455 686901 712296 447299 556957 894326 808145 643221 674544 429265 571321 605263 449758 520044 637714 412255 342500 756081 731690 684571 628423
248740 630024 687164 721553 673221 834025 806961 643959 410036 589436 638907 565925 536204 477462 789536 553030 701725 479900 519653 829655 900105 756801 734992 703378 712263 708856 841691 642979 651487 620788 462474 687913 633990 642723 358211 409178 710530 695475 500262 576424 633836 574609 565215 665372 739491 689673 521996 730458 667173 320028 311475 191416 506922 880270 479427 261083 447327 628845 656716 672745 759580 714334
649758 466059 656495 722516 690724 459924 513885 691145 801117 449682 604779 482695 569396 698779 634140 818766 813995 795054 593694 467071 676988 758261 680505 702361 798554 824211 847585 762082 448671 483609 561719 622114 753489 583403 705556 693440 435567 436168 401691 418449 392633 644260 547538 288261 449859 649936 652762 586950 609833 692633 561836 746582 644847 373383 701899 553466 348703 337563 788536 806043 737478 744115
254935 637412 506633 519035 646557 776528 733117 383139 586723 775538 545781 553850 220341 554798 769766 692248 736523 626507 556117 693242 795821 612506 628488 741051 472912 602404 827303 789368 627011 380208 411756 350926 795883 706577 415339 581807 798546 735654 407704 373679 623144 665220 765181 674025 653883 642233 532109 402543 589998 521860 389300 200131 510964 767011 424122 348965 492418 601887 702540 813295 809453 670231
329232 298372 453668 915193 694571 576522 597808 657513 454157 745621 728720 394433 544876 450664 729167 715800 714207 627306 302424 548627 571157 808741 669810 563524 624660 759693 676793 968283 754367 721446 557107 583210 352442 567251 874036 992295 802857 476486 751360 670746 611433 502318 324942 553506 540513 612137 415619 541556 561426 580376 598354 601427 444484 603125 803342 536730 585705 555120 580922 460506 488419 761482
508884 509952 402471 416389 746532 667129 697658 706893 910184 740818 601194 507706 759208 696248 621196 693873 566259 437104 652786 516660 827633 551352 461448 588413 640299 768659 910581 852102 882237 622031 349173 598916 583980 561625 635935 763980 894524 798511 482120 611484 637373 608382 414701 634730 737719 429963 577027 495821 740598 594654 353252 553915 679715 447294 545357 489347 581190 821368 816687 687307 593849 456503
567899 421225 567623 603541 512055 651095 729817 495378 629489 708957 864218 742492 561591 710328 445818 695484 759517 596013 445738 723799 670373 647139 741239 588228 606494 804042 904316 903549 862473 849920 722479 488904 538448 745264 699520 858478 533461 524423 733440 578414 684519 577346 701702 418310 697264 755036 322294 715582 746778 837876 731116 395034 607863 760997 388819 754561 756998 608636 644873 480943 614975 545375
713896 557726 303450 552933 735032 749888 675574 653258 766115 907709 754982 674280 464223 559184 722654 609180 622845 645253 625694 593692 624418 535356 470360 846590 843075 627277 813149 941269 877445 705708 726114 778337 478772 560827 598618 479051 663838 570321 593258 795866 753131 473155 549538 715160 444062 481541 887012 796748 778472 510469 567425 906456 454711 508709 749308 327968 462965 582990 628222 681472 626902 483749
458963 534910 399650 478499 408833 439147 537057 586519 486566 678271 745368 588052 540046 445950 602306 702900 819681 531172 564379 476524 544535 674665 558771 529991 517380 574594 695388 905772 912890 759700 550227 589757 659479 733283 499277 563734 495882 708771 563264 754585 693727 685440 608689 703920 1043667 621968 406929 564582 799844 1025181 876833 544590 722347 428060 264927 565060 807146 535664 549052 597486 846846 554895
515276 456672 623580 540851 499307 660215 376591 287224 648378 847736 659101 487479 460229 565165 711034 605935 594557 378938 398448 718664 548732 381771 575083 648666 306262 481531 661051 691708 698705 596646 592390 631635 601521 372538 343298 512330 540707 636139 600849 616947 838013 606451 567889 472140 507746 576631 557971 565004 715399 680226 594716 909691 381859 386025 631890 667583 552178 577107 660339 493085 528552 661691
525792 580863 306041 268822 374572 542757 509689 470441 583446 588107 540308 479883 561760 707088 321958 504330 666609 704885 652030 380804 557332 594145 328840 485687 550354 386218 379177 559294 709381 745828 404736 427110 410509 514406 323398 270105 638278 672721 730163 459377 454889 448258 442679 546242 598318 506122 441762 869334 698897 885603 870022 458831 439266 562842 543914 537277 754701 584562 505296 617033 367569 368809
589974 563670 547140 683609 737141 586397 531858 486910 584727 693466 776528 686123 641362 615271 923017 511485 334195 328129 456671 770161 434617 516842 483411 646807 403833 673537 636527 786144 539962 405050 473049 456542 413504 270879 357234 525867 412393 598475 573735 566726 480243 474261 233892 380417 321006 510898 520587 508445 873256 721805 581264 483300 478584 428355 532773 742705 769079 580459 451819 554125 619527 454180
687897 795583 591473 543655 580782 622550 703805 537818 684520 661328 476703 733254 708821 664177 407034 631366 499760 455058 441131 393753 645382 630226 687836 544672 802828 698518 727823 631417 503825 430149 413105 441664 438125 492008 538529 449515 796014 655169 547305 494921 344678 424039 514357 443561 678530 585917 767005 609602 618201 661688 676426 690534 393053 665726 578769 678782 519778 652390 747746 538855 596186 319909
781993 498996 623507 489005 654683 829693 414108 734223 528359 823361 921134 742669 569756 530587 536971 381732 407706 534451 545852 489584 615684 522573 617234 531243 922444 893965 821819 646221 707232 549311 484472 566643 494582 493901 524860 360098 468283 752071 528867 225474 534903 691297 641568 430000 488521 482995 574106 818555 790168 854548 530914 467088 397166 435579 633245 660388 788387 531520 494693 730267 716191 557711
854812 629210 563198 734556 681764 543902 856263 470384 759564 533050 517256 484377 638704 572690 644256 573660 503458 436328 505583 621677 759228 635746 414094 596846 706969 618980 718363 654765 372622 314666 488182 494795 627844 567377 604845 765487 557701 539474 619369 465196 423108 445437 543296 590736 694190 754318 477633 692480 728798 648540 544108 640076 655260 584303 609155 751524 441283 503377 756396 792398 902443 471005
545357 710523 493734 547275 737770 766112 453358 571101 451528 676916 703441 729497 500038 584029 501954 591318 684092 853941 772248 806341 527419 388379 332667 352255 575946 729231 739679 543426 556713 751960 725347 713080 395851 642825 450388 424542 526112 600295 488262 397904 632706 619721 704621 599912 413501 697618 688211 658724 843657 842875 898862 728067 417245 533605 680931 540315 506141 406102 484531 623167 773803 931622
537125 419013 704633 909867 757947 785947 719504 664990 821774 681129 742370 547106 758961 760021 709864 693780 705068 754254 635255 624041 733874 600490 383502 296036 390982 388534 355997 619286 479831 589253 564406 681531 609261 833361 720384 553075 561252 565610 534767 193905 396152 645441 599425 679622 594078 380837 659021 892099 768502 516653 684702 614041 614716 502357 455706 709778 446574 599025 639865 977225 769572 353987
438269 551891 575147 721794 789612 834996 717190 689867 663056 733236 622202 796841 545066 673901 852812 767600 659546 604423 591758 712735 652373 430744 391625 329818 296738 552019 541954 344515 826680 884202 811797 588872 738551 880342 582478 425312 314010 444959 318877 451241 714502 775720 704901 502997 368061 626001 764151 703742 903690 911963 854068 842658 586464 485412 891374 510112 620644 396159 469745 273630 515576 558210
633179 538648 533692 661921 589207 747152 738030 815354 860598 988288 770554 576963 669879 658854 888008 669693 708165 572393 620529 675460 787471 585178 466162 477690 422305 402137 547241 426057 569880 841671 711237 721822 753287 457840 719917 673111 475595 364401 566465 601040 523301 810056 720073 603796 561859 620664 610541 564567 443513 566020 659922 486384 505317 582228 609736 651970 512803 638241 787880 697141 420616 301482
257138 457041 432072 429641 577034 661972 865574 783082 640758 465322 499924 617880 746208 878040 577243 739874 754964 433909 479864 445105 480401 517713 435279 780799 848920 645438 485324 755076 896807 736172 598786 445417 632230 777581 583235 561709 726814 507850 462741 594924 770575 604511 559723 576761 621584 527470 473549 663610 689411 588182 651684 611642 560487 724808 707351 506186 477616 350712 340399 394825 436647 476139
821113 696394 883343 436367 394171 506910 742337 589929 458436 665780 753046 393930 644694 583472 739955 723548 644029 554700 542094 653753 593574 639537 711185 574796 472134 664720 675807 628257 421597 591614 809887 892862 595707 654455 658536 573698 576682 677910 803704 484657 625727 550869 560838 663502 536229 616928 594833 341531 247474 515678 618980 808807 604560 562808 758532 757688 646130 671459 621799 761772 733174 596342
742010 761962 495225 492532 632629 636562 665713 579400 403381 241788 394039 701538 706421 823179 621721 477869 568744 631283 659009 646584 562461 424924 631966 670781 653893 552366 446938 482995 583047 692729 764712 904701 870538 437337 608930 846859 802291 568270 566011 581356 496800 365676 773098 573312 704466 497508 314490 404176 482374 446356 658950 592444 639320 891559 684526 474272 350236 508996 695925 481523 691793 899872
789254 671439 799980 620753 406521 693634 748512 522650 503313 365692 412550 509629 801276 738847 605497 532323 527590 537641 681154 899634 763677 482396 430392 322407 437754 579732 522927 461803 423438 593625 671414 802549 531706 788938 572614 556153 582934 508603 465209 408452 695425 450428 390224 760586 604635 592388 495794 450941 446578 831273 880923 992357 883489 778012 822482 738870 579863 659742 646534 814798 713560 690385
576020 621502 589911 553434 726538 738893 763973 538834 552568 470156 470722 626387 852733 817779 606700 350239 225096 601383 678659 665067 504095 590071 352796 584918 515407 512238 317823 273796 260160 520360 623408 642335 639688 534630 620246 688087 493329 507284 528461 462611 549030 736236 707567 464116 398563 627272 744004 708820 574219 431087 719528 702605 780180 826825 486766 277435 510493 378497 608045 421845 698496 701870
438683 518578 498158 535834 472370 408753 790874 763676 370182 293927 326905 495573 624014 681646 532148 415104 459329 492075 715414 788315 536465 168956 469794 593147 618765 571759 380098 462899 391917 362286 426914 581698 479089 817203 751452 779816 521101 160520 268526 789216 745036 469866 700417 674446 819611 669305 665046 513216 502253 667735 543608 976806 578809 637763 797162 727235 368434 459769 563140 683705 604106 689698
331877 638343 821741 555603 559839 681181 256937 440174 564310 593248 450809 483968 601397 515616 597744 395420 437784 412941 599007 374552 352103 726140 463538 625419 535186 556430 459467 539709 538220 617680 495163 767059 670650 559458 640206 323202 301755 548303 720393 551627 657529 807187 757782 740074 612619 845609 809326 864135 422641 512687 617588 610091 807053 731701 468423 592960 653368 520298 437998 752159 796225 785453
546091 547653 459768 595256 427881 382125 664586 501709 408682 716665 614377 556447 280921 562706 601531 554119 789322 664411 620224 687380 469281 356449 614828 380258 620277 671895 567695 767205 570577 593527 696637 520197 606921 533107 461728 493703 635581 614516 523916 623132 774109 780028 736091 600767 505784 430517 383551 270496 574160 741608 844399 679726 443002 549581 964595 783425 546767 602988 502913 787026 821859 609225
587663 561670 667614 481974 849003 706539 431930 496887 727416 728592 735383 502694 750127 485186 737245 860672 657932 639438 509967 262029 538121 691407 634248 738014 624915 804592 843166 613112 516293 622502 741131 946677 527875 513088 418308 458833 341753 575181 864066 860818 723921 761299 709963 502674 650520 735732 730688 842518 693548 699785 809534 750063 776972 681599 795543 872498 730732 657881 708111 612646 531890 635739
813765 637031 709924 629548 842884 652591 656447 377146 431370 734935 656363 634928 428396 607125 550740 861542 940857 770234 666033 796055 795735 724051 713198 609543 677289 427978 464644 634125 522522 502220 661143 607299 580304 538139 468205 577871 545057 791020 496856 876825 954292 610962 475066 573536 407373 412778 381486 451081 819432 750100 762752 609846 620550 880246 769477 678792 600781 493323 625020 566378 584027 615167
445994 704619 563187 806062 547157 624577 443981 576850 634977 493699 579892 561396 629943 765925 814090 894726 669891 677229 571854 695919 798112 944909 606109 565146 653549 938678 469964 429867 510373 816546 712728 751961 659717 952601 693983 781053 652809 348904 611876 527362 505138 676716 623376 493548 617150 680084 619458 661761 452812 818044 806288 688804 664702 435905 719428 707883 930276 659151 376276 575474 674817 780119
633243 619603 484577 689128 479451 609525 327685 502110 525673 896054 649511 753674 574350 670235 544711 636494 539299 557009 870193 839268 837722 593128 469078 493948 651826 412912 621911 543163 635373 737670 605038 661678 610344 731333 946508 611077 565970 468519 394441 568129 683363 656032 610419 633564 527713 420322 381985 525278 752192 507846 709723 468516 622428 820466 444833 457880 395132 673534 668568 502034 716104 466902
576305 568309 498428 430004 528579 418050 693443 635326 701309 671622 607315 852050 809142 659073 515121 324322 526939 560773 639886 969905 718734 674127 600006 705370 643541 515287 653148 744830 596023 640272 741031 428259 588698 658764 696188 658865 415212 196532 360455 290438 358753 351558 372961 553151 469946 683804 358777 470669 417956 450268 443241 740906 323894 337995 515864 821197 714422 412545 404722 809904 661508 857158
635509 501441 406898 389272 640289 740591 453872 603677 767963 937525 619253 529526 458006 571995 573926 566752 458266 625078 679100 786798 737245 432758 389112 399991 658652 783047 485748 488826 806031 823896 800354 573733 625817 722971 723747 533563 489761 542562 511228 578748 525655 499335 191595 321229 433730 409041 514716 614589 538765 701379 406318 269917 630536 652792 632637 634164 615772 546950 586850 408754 688683 598604
765178 717890 791385 500518 593828 573884 596861 644488 629740 444347 588407 529484 730930 550574 524076 510869 651291 894412 1042097 639017 463604 653717 790410 865329 556434 601068 579494 773162 671371 803460 683835 598143 314277 340504 473466 632512 440084 467122 557207 621755 424679 208992 193609 238041 547181 655394 742610 446367 484714 459790 607236 756276 681348 854556 834571 665115 792563 697591 654159 718672 613572 734299
569922 549638 572460 838898 866944 503797 470019 313071 809286 667993 547963 278360 461271 559148 797080 636046 591648 535614 384845 587164 572900 516643 397800 490281 515179 695621 704739 519221 562490 837155 624827 582935 573584 610761 414931 256558 563204 814533 713911 629748 495537 464945 323009 330527 374368 593028 559110 961256 640604 553243 437260 642976 838018 672165 841813 981891 673641 584114 533914 466257 587388 803447
541234 535004 695244 549376 693573 668540 604391 778436 752729 827658 824396 668168 498248 444225 401795 544432 579864 746749 507771 297492 442845 784554 740571 355987 471564 507287 727301 746630 598208 667846 546840 340859 236318 395950 588458 646421 405629 643753 651817 839394 675436 371371 256293 518581 462536 610401 621063 630244 624612 552818 817888 628750 724987 744293 555094 382840 585479 521187 657700 522849 685819 501839
448873 593951 709159 902504 707334 612467 675509 615066 629421 643794 629956 481068 461485 626586 515249 541405 524452 419189 323812 377007 513290 479338 560588 469219 506185 549188 577467 614417 712658 698737 520031 414534 497448 637866 613748 487208 424347 418579 664434 653561 445567 557420 467307 422449 495026 524416 739186 544064 690576 787137 456435 771565 515224 513872 544191 483169 369753 638335 561111 511534 482067 551917
550293 661019 728399 639459 885389 733831 610931 532537 566662 681409 597999 908955 588379 345408 477169 570938 661425 790465 466461 463334 510414 581052 395828 440339 551928 889186 855825 837354 666257 761005 779170 640141 552590 809577 619897 459577 593478 650415 511622 458584 562507 646867 440173 461974 483803 555455 520046 920336 688743 575931 798041 464689 511319 512667 232164 354405 527471 481665 591293 503544 494356 339203
608678 507229 703254 847875 858294 700697 666822 494410 154336 443420 477265 434293 483525 830365 494811 563875 717923 707432 781051 605921 629187 639012 532820 657019 616643 808583 765573 666960 752959 685543 591699 659274 932292 662929 829501 612338 620140 631936 509414 593332 483164 391104 646358 726823 639440 832010 753391 517957 715370 598930 449994 629114 428244 522040 596586 599674 582426 774786 435329 447106 323651 646407
702811 860929 641248 613022 592453 837595 350635 518062 498437 339679 765485 595843 538824 219667 560001 644244 853957 924436 841135 701739 448911 438533 721820 896083 819594 563319 607126 886833 757930 579948 672074 634236 639997 717293 584089 688646 684403 387081 449645 265650 608105 666032 689316 581550 706101 521773 764899 582910 278794 477873 432416 336101 709484 634231 847365 470067 612127 593129 606084 294783 414696 412618
612123 432176 390404 707229 634281 768790 735779 352910 491113 714323 568968 376395 411548 687579 494330 512848 636884 643118 656727 546380 838199 702249 747675 659414 541032 554507 592372 597894 525533 610901 378976 679027 855347 678903 925214 766621 658401 529144 574160 510448 536617 642615 733870 499838 388589 606233 621255 691906 402970 340308 580286 424735 449204 746880 432641 641177 511142 631810 480223 509012 418593 733453
551536 591293 506621 371500 615414 601831 622882 741185 718645 617565 662800 610242 414913 460331 732597 684882 768075 526913 587641 458160 453769 704464 588525 477895 608252 696665 694677 853603 643498 468645 570069 476040 595319 746637 780526 777198 833777 509596 568249 496755 595661 615733 771091 695999 595881 595803 683260 451646 505326 478185 494139 531762 483187 791992 727973 646739 526646 454857 704706 344253 576321 614384
653644 479986 393340 569267 626487 677203 561629 677510 721153 953688 601731 542224 730863 772593 499084 587270 527062 770508 566710 627271 492865 529310 456338 480336 404182 645189 709793 554350 590613 547025 440461 661492 653606 854764 868846 850548 574492 506987 674016 719786 553374 486622 587091 634325 467926 723881 735181 797273 629504 580301 412179 435587 352770 480977 543029 402299 750826 877696 426773 538931 429438 641155
570465 721441 553169 582903 680745 706365 677996 886240 886869 768711 478861 530648 301031 570465 759632 906053 675801 357398 540303 749776 651506 573677 483600 393387 816781 776201 764191 708105 594873 520324 504688 851306 704704 649046 713677 887071 732168 871282 687571 670535 519661 790055 665088 790150 732179 589422 769751 650377 626457 624319 503593 425332 507789 610052 484979 570602 576211 545105 680965 535388 537262 516292
555082 702299 873555 930371 517401 582965 817446 929335 824070 762018 724629 731338 571382 597704 736022 625670 694995 686420 474927 587488 854742 856012 578710 520004 533864 820709 808143 689266 488315 739274 797083 658602 509223 673897 789942 666873 564976 495465 428887 759700 706285 633261 473103 702172 564242 630590 471985 452347 328751 418220 342398 598871 446046 483767 557044 700817 828437 802171 494749 580793 378589 563702
847804 793341 886946 662228 789180 507264 763113 932819 611648 556695 526362 426570 634651 503249 574553 695128 481440 475643 600767 588779 660868 605945 604094 661954 733275 724325 541535 957197 851977 599371 470138 526150 632112 607565 587535 643286 589898 556693 958310 784707 731801 610816 656291 616705 655923 515733 464211 559504 512482 355133 818514 601041 749777 640221 640631 643802 597740 743026 381788 267528 603607 491695
504532 573173 800591 673659 602189 761968 557737 635657 897657 658061 576446 677986 384944 719852 710300 618964 747494 449491 388767 473804 705933 652276 587556 518463 483274 715551 855745 653542 470564 559779 646404 653439 532009 524528 626513 647776 856401 735651 639396 923328 842957 705765 584166 575784 823114 588625 587354 333995 452771 590074 520947 643414 507301 529370 531178 874469 650319 496328 545548 574923 145207 593623
563311 474450 709272 768870 465953 519788 704534 742489 440647 530289 606375 718003 820542 559218 581484 643022 526767 603356 602790 365583 453653 499295 311618 552903 760529 767859 490786 495216 622400 595978 451735 510638 487191 753594 542460 654997 544130 703282 918647 908481 903578 574804 634016 817863 768182 724467 440877 663546 718823 602165 359306 430739 710392 881171 514735 432487 392454 618180 361963 388496 467753 568346
546982 621273 461403 795965 813504 397768 515158 433883 869445 739187 573645 517633 714310 743858 629364 618750 936083 706598 622926 669217 469802 502067 706425 747721 614952 490437 485100 349688 309368 594906 593855 671232 499495 418335 586806 711664 842174 819009 752336 917756 772485 737146 642346 811662 809901 759594 589901 603217 463264 569270 538942 641433 488402 400162 577659 552074 513827 560329 383710 464324 401374 610537
468259 396325 585627 579157 810718 571950 558265 865950 633460 641405 799159 607664 872830 798466 681948 734525 774534 836972 822082 548011 644428 716654 598486 660840 610271 425264 231836 259460 550878 827001 689842 570289 716941 781484 794199 712243 756520 739971 803501 596539 687873 818889 739075 586202 631844 418935 557192 399117 617705 542519 530677 678273 701956 523355 356684 581096 303188 417659 546683 460563 627027 606402
581357 543686 781029 760587 423860 645412 576703 372878 614943 561802 608184 666065 415947 733091 817544 836521 936219 928664 494197 654822 598985 671497 758948 764454 675604 453152 186243 425295 567287 737512 964426 696286 588210 711971 732585 922228 847938 708612 729558 632092 669528 599428 597937 543984 425380 751564 514273 699666 481633 637251 631826 467978 428255 702014 535859 416107 468431 479114 474771 660186 635364 715802
