788491 627622 386917 588545 734279 607296 593813 764893 451387 497007 636580 265759 279581 528848 526930 711697 694623 599526 441251 595254 431130 624872 484714 593363 891219 649590 710572 577399 724136 498770 321295 680848 676729 530740 411302 565772 721851 425201 557282 781842 911729 598702 617556 689784 658084 502239 391509 598518 616006 830984 459192 470043 460990 582077 646753 321117 731412 753924 958133 796734 781903 573018
517701 367703 557700 573145 453333 615263 255354 428091 732405 504130 355748 566547 475427 687666 720878 400173 435679 686463 673734 530280 441359 455946 676905 671398 485632 604818 418333 631405 623230 774507 501256 422146 726317 795395 656963 481799 393217 712348 586873 704848 594381 424879 405823 424850 428490 522096 587952 600502 344498 444895 667124 689173 738742 358063 401519 564862 512993 680244 510307 830765 807510 916033
671889 683598 385943 809550 687373 489714 692852 700803 622357 678641 598667 574958 724927 521064 593550 635017 586590 355197 821999 594215 523237 427520 384346 700572 522629 517995 505849 653708 576512 383879 732471 649686 592202 573037 616185 764979 622654 552106 647491 764412 767101 572794 466559 604625 579745 524001 564919 580110 609770 589707 697422 616036 648135 677093 249159 434161 488062 853496 872983 674210 505240 641749
455058 364340 607848 523815 260477 421875 559885 757678 753712 577536 611486 586432 527540 675189 547085 402970 511262 802630 451271 495959 367650 467512 595121 508612 542427 611297 487039 603459 836117 726347 559241 704427 783294 679832 645129 665389 579131 659740 598863 860875 680138 401450 456085 505680 650271 452479 528971 639127 663870 648390 544437 723403 477437 395666 541383 560114 650941 593600 436611 464551 639883 636582
468098 489148 393528 561202 443931 393915 664224 825635 742712 880259 725997 838438 717326 682578 589706 552059 556356 486478 568243 427138 320643 227397 455717 936153 651640 702163 621498 771530 551827 828219 866195 651116 864503 670867 633327 539414 554707 551625 633560 479876 575874 571764 851821 773769 568049 718581 807146 708307 618345 699180 937933 549004 564501 439665 647516 617044 779442 736959 824412 518587 435823 636768
396526 478778 427488 539737 470325 483992 868144 938632 892218 667145 759081 750632 639661 485961 565331 725720 546818 631459 506861 311103 350717 586527 645527 627883 637378 693364 601051 795929 813738 891617 777541 652378 709018 771319 688340 604810 649544 469661 612109 734239 797805 594696 677108 575629 830864 495241 881009 713582 891153 706981 565886 493316 319977 513901 678639 926451 804211 748170 580313 859736 647437 539534
388107 436558 637139 488406 724290 740799 595597 768336 823809 621901 682277 583541 561454 421380 327608 464170 479552 295270 402415 760665 641409 415728 698374 706008 827816 379542 587897 585557 643482 608078 818916 817719 783675 618483 468915 422266 398036 523653 661075 654785 660688 641085 892464 844674 743984 583880 512799 635212 728483 666404 637066 565962 620956 664998 630119 722927 775526 856935 837403 676200 752402 644359
576899 610292 681319 710350 406271 576867 907161 773659 719982 546815 553266 740300 632177 412356 444742 401215 543221 804790 622793 515512 631308 703433 707922 808714 641844 594381 291144 442602 799741 580741 517083 650998 666963 727449 554235 591271 613391 585674 696680 747596 698407 655954 592423 610625 645472 645097 541464 504781 497376 629420 539442 525297 383775 463570 675566 675096 619784 535487 777481 771963 572051 674618
673324 727959 479510 410473 735319 764509 636260 677529 475119 548190 488267 395395 527442 329585 384225 428336 406470 333386 698442 815746 640355 697363 734445 876873 632619 467620 651868 305677 483366 613594 731900 535711 741579 664457 721310 435717 444756 639103 765273 772835 522671 643271 580023 723737 653832 412639 371352 634865 761590 680878 579762 738817 482260 354128 334401 560338 746134 549533 629753 663409 620102 581152
796402 550402 535138 766278 500179 668967 674939 814694 544382 602307 618810 799626 490277 662369 490704 466555 545484 747665 545135 800834 696922 857830 878397 783262 759876 433505 212808 547436 552673 544515 449502 618286 738087 530346 558182 420147 610246 495652 590370 689741 807624 505823 652245 804649 619942 594605 612304 719580 500154 598565 618214 414577 493333 355770 644754 568387 345504 473666 389700 782914 685430 498842
556814 734839 718331 416051 697392 988253 832125 766705 663481 693708 650886 419878 701893 375159 704604 517600 431046 579723 500870 595626 772951 783067 649086 813752 547209 614413 657918 560276 603398 760506 791513 771747 655171 578794 433505 521934 537939 739854 948674 885273 839434 702159 551901 479166 737163 677751 489379 751842 931685 477705 395480 380871 539176 545078 425727 557219 621947 671893 585051 534165 606342 461214
537922 434568 479783 840137 784522 792331 741302 799025 861392 470952 418430 606091 618535 915343 586437 777466 485816 489490 785352 429722 621657 739434 702801 491650 982008 860443 549203 685116 676288 468246 662912 671041 585043 481097 367046 445927 551614 442764 591266 640221 730208 642455 686901 712296 447299 556958 894326 808146 643221 674545 429265 571322 605263 449758 520044 637715 412255 342501 756081 731691 684571 628423
248741 630024 687166 721553 673223 834025 806963 643960 410037 589437 638907 565925 536206 477463 789537 553030 701727 479901 519654 829655 900107 756802 734993 703379 712263 708857 841692 642979 651488 620789 462474 687914 633991 642724 358212 409179 710532 695475 500263 576424 633836 574609 565215 665373 739492 689674 521997 730458 667174 320028 311475 191416 506924 880271 479429 261084 447327 628846 656717 672746 759582 714335
649758 466059 656495 722517 690724 459925 513885 691146 801117 449683 604779 482695 569396 698780 634140 818767 813995 795055 593694 467072 676988 758262 680505 702362 798554 824211 847585 762082 448671 483610 561719 622114 753489 583404 705556 693441 435567 436169 401691 418450 392633 644260 547538 288261 449859 649937 652762 586951 609833 692633 561836 746582 644847 373384 701899 553467 348703 337563 788536 806043 737478 744116
254937 637413 506634 519036 646559 776529 733119 383139 586724 775538 545781 553850 220343 554798 769767 692249 736524 626508 556118 693243 795821 612507 628489 741051 472913 602404 827304 789368 627012 380209 411757 350927 795884 706577 415339 581807 798547 735654 407706 373679 623146 665220 765182 674026 653885 642233 532111 402543 589999 521860 389301 200132 510964 767011 424124 348965 492418 601888 702541 813295 809453 670231
329232 298373 453668 915194 694571 576523 597808 657514 454157 745622 728720 394433 544876 450665 729167 715800 714207 627306 302424 548627 571157 808741 669810 563524 624660 759694 676793 968283 754367 721447 557107 583210 352442 567252 874036 992295 802857 476486 751360 670747 611433 502319 324942 553506 540513 612138 415619 541557 561426 580376 598354 601428 444484 603125 803342 536731 585705 555120 580922 460506 488419 761482
508886 509953 402472 416390 746534 667129 697659 706894 910185 740818 601196 507707 759210 696249 621198 693873 566259 437104 652786 516660 827635 551353 461448 588413 640300 768660 910581 852102 882238 622032 349173 598917 583982 561625 635937 763980 894525 798511 482122 611484 637375 608383 414703 634731 737720 429964 577028 495822 740598 594655 353253 553916 679717 447295 545358 489347 581192 821369 816687 687307 593850 456503
567899 421226 567623 603541 512055 651096 729817 495378 629489 708958 864218 742493 561591 710329 445818 695485 759517 596013 445738 723799 670373 647140 741239 588228 606494 804043 904316 903549 862473 849920 722479 488904 538448 745265 699520 858479 533461 524424 733440 578415 684519 577347 701702 418311 697264 755036 322294 715582 746778 837876 731116 395035 607863 760998 388819 754561 756998 608637 644873 480943 614975 545376
713897 557727 303451 552933 735032 749888 675576 653259 766115 907709 754983 674281 464223 559184 722654 609181 622847 645254 625695 593693 624418 535356 470361 846590 843076 627277 813149 941269 877445 705709 726115 778338 478774 560828 598619 479051 663839 570321 593258 795866 753131 473155 549540 715160 444062 481541 887013 796748 778474 510469 567425 906456 454711 508710 749308 327969 462966 582990 628223 681472 626902 483750
458963 534911 399650 478499 408833 439147 537057 586520 486566 678271 745368 588052 540046 445950 602306 702900 819681 531173 564379 476525 544535 674665 558771 529992 517380 574595 695388 905772 912890 759700 550227 589758 659479 733284 499277 563734 495882 708771 563264 754585 693727 685440 608689 703921 1043667 621968 406929 564583 799844 1025182 876833 544590 722347 428060 264927 565060 807146 535665 549052 597487 846846 554895
515276 456672 623582 540851 499308 660215 376591 287225 648378 847736 659102 487479 460229 565166 711036 605936 594559 378938 398448 718664 548733 381772 575084 648666 306262 481531 661053 691709 698706 596647 592390 631635 601521 372538 343299 512330 540708 636140 600851 616947 838015 606452 567891 472140 507748 576632 557972 565005 715400 680226 594718 909692 381859 386026 631891 667583 552179 577107 660339 493085 528553 661692
525792 580863 306041 268823 374572 542758 509689 470441 583446 588107 540308 479883 561760 707088 321958 504331 666609 704886 652030 380804 557332 594145 328840 485688 550354 386218 379177 559295 709381 745828 404736 427110 410509 514406 323398 270106 638278 672721 730163 459378 454889 448259 442679 546243 598318 506123 441762 869335 698897 885603 870022 458832 439266 562842 543914 537277 754701 584562 505296 617033 367569 368809
589975 563670 547141 683610 737142 586398 531859 486910 584727 693467 776530 686123 641363 615271 923017 511485 334196 328130 456672 770161 434618 516843 483412 646807 403833 673538 636527 786144 539963 405051 473051 456543 413504 270879 357235 525868 412393 598475 573737 566727 480244 474261 233893 380418 321007 510899 520588 508445 873258 721805 581265 483300 478584 428355 532773 742705 769079 580459 451820 554126 619528 454181
687897 795584 591473 543655 580782 622550 703805 537818 684520 661328 476703 733255 708821 664178 407034 631366 499760 455059 441131 393754 645382 630227 687836 544672 802828 698518 727823 631417 503825 430149 413105 441665 438125 492008 538529 449515 796014 655169 547305 494922 344678 424039 514357 443561 678530 585918 767005 609602 618201 661689 676426 690534 393053 665726 578769 678782 519778 652390 747746 538855 596186 319909
781995 498996 623509 489005 654684 829694 414109 734223 528359 823362 921136 742670 569758 530588 536972 381732 407707 534451 545853 489585 615686 522574 617235 531243 922444 893965 821821 646222 707232 549311 484473 566644 494583 493902 524861 360099 468285 752071 528867 225475 534905 691297 641568 430000 488522 482996 574108 818555 790169 854549 530916 467089 397167 435580 633247 660389 788387 531521 494694 730267 716192 557712
854812 629211 563198 734557 681764 543902 856263 470384 759564 533050 517256 484378 638704 572691 644256 573661 503458 436328 505583 621677 759228 635747 414094 596847 706969 618980 718363 654766 372622 314666 488182 494795 627844 567378 604845 765488 557701 539475 619369 465196 423108 445438 543296 590736 694190 754319 477633 692481 728798 648540 544108 640077 655260 584303 609155 751525 441283 503377 756396 792399 902443 471005
545359 710523 493735 547276 737771 766113 453359 571101 451529 676917 703442 729498 500038 584029 501955 591318 684092 853942 772249 806341 527419 388379 332668 352256 575948 729231 739681 543426 556713 751960 725349 713081 395852 642826 450389 424543 526114 600295 488262 397904 632707 619722 704623 599912 413502 697619 688213 658724 843659 842875 898863 728068 417246 533605 680932 540315 506142 406102 484532 623168 773804 931623
537125 419014 704633 909867 757947 785947 719504 664991 821774 681129 742370 547106 758961 760021 709864 693781 705068 754254 635255 624041 733874 600490 383502 296036 390982 388535 355997 619287 479831 589253 564406 681532 609261 833361 720384 553076 561252 565611 534767 193905 396152 645442 599425 679623 594078 380838 659021 892100 768502 516654 684702 614042 614716 502357 455706 709779 446574 599026 639865 977225 769572 353987
438271 551892 575147 721794 789612 834997 717190 689867 663057 733236 622204 796842 545067 673901 852813 767601 659548 604423 591759 712736 652374 430744 391627 329819 296739 552019 541955 344516 826682 884203 811798 588873 738552 880342 582479 425312 314011 444959 318878 451242 714503 775720 704903 502998 368063 626001 764153 703743 903691 911963 854069 842658 586464 485412 891375 510113 620645 396160 469746 273631 515577 558210
633179 538649 533692 661921 589207 747152 738030 815354 860598 988288 770554 576964 669879 658855 888008 669693 708165 572394 620529 675461 787471 585178 466162 477691 422305 402137 547241 426057 569880 841672 711237 721822 753287 457840 719917 673111 475595 364402 566465 601041 523301 810056 720073 603797 561859 620665 610541 564568 443513 566020 659922 486384 505317 582228 609736 651970 512803 638241 787880 697142 420616 301482
257138 457041 432073 429641 577035 661973 865576 783083 640759 465323 499924 617881 746208 878041 577244 739874 754966 433910 479864 445106 480401 517713 435280 780799 848921 645439 485324 755076 896808 736172 598787 445418 632231 777581 583237 561710 726815 507851 462742 594925 770577 604512 559725 576761 621586 527471 473551 663611 689413 588183 651685 611642 560489 724808 707351 506187 477618 350713 340399 394825 436648 476140
821113 696394 883343 436367 394171 506911 742337 589930 458436 665781 753046 393930 644694 583472 739955 723548 644029 554701 542094 653753 593574 639537 711185 574797 472134 664720 675807 628257 421597 591615 809887 892862 595707 654455 658536 573699 576682 677911 803704 484657 625727 550870 560838 663503 536229 616929 594833 341532 247474 515679 618980 808808 604560 562809 758532 757688 646130 671460 621799 761772 733174 596342
742012 761963 495226 492533 632631 636563 665714 579400 403382 241789 394040 701538 706421 823180 621723 477869 568745 631284 659010 646584 562463 424925 631967 670782 653894 552366 446939 482996 583049 692730 764713 904702 870539 437337 608932 846859 802293 568270 566012 581356 496801 365677 773100 573313 704466 497509 314491 404177 482375 446357 658951 592444 639322 891560 684527 474272 350236 508996 695926 481524 691793 899873
789254 671440 799980 620754 406521 693635 748512 522651 503313 365693 412550 509630 801276 738847 605497 532324 527590 537641 681154 899635 763677 482397 430392 322407 437754 579733 522927 461803 423438 593626 671414 802549 531706 788938 572614 556154 582934 508604 465209 408453 695425 450428 390224 760587 604635 592388 495794 450942 446578 831273 880923 992357 883489 778013 822482 738871 579863 659742 646534 814798 713560 690385
576021 621502 589913 553434 726539 738893 763975 538835 552569 470156 470723 626387 852733 817780 606700 350239 225098 601384 678661 665068 504095 590072 352796 584919 515408 512238 317823 273797 260161 520360 623409 642335 639689 534630 620247 688088 493329 507285 528462 462612 549030 736236 707567 464117 398564 627272 744004 708821 574220 431087 719528 702606 780180 826825 486767 277436 510495 378498 608047 421845 698496 701870
438683 518579 498158 535835 472370 408754 790874 763677 370182 293927 326905 495573 624014 681646 532148 415104 459329 492076 715414 788316 536465 168956 469794 593147 618765 571760 380098 462899 391917 362286 426914 581698 479089 817203 751452 779817 521101 160520 268526 789217 745036 469866 700417 674446 819611 669306 665046 513216 502253 667736 543608 976806 578809 637763 797162 727236 368434 459770 563140 683706 604106 689698
331877 638343 821741 555603 559839 681182 256939 440174 564310 593249 450810 483969 601398 515616 597745 395421 437786 412942 599007 374552 352104 726140 463538 625419 535186 556431 459468 539709 538220 617680 495164 767059 670651 559459 640207 323202 301756 548303 720395 551628 657529 807187 757782 740075 612621 845609 809326 864136 422641 512688 617589 610091 807053 731702 468424 592961 653370 520299 437998 752159 796226 785454
546091 547653 459768 595256 427881 382125 664586 501710 408682 716665 614377 556448 280921 562707 601531 554120 789322 664412 620224 687380 469281 356449 614828 380258 620277 671895 567695 767206 570577 593527 696637 520198 606921 533108 461728 493704 635581 614516 523916 623133 774109 780028 736091 600767 505784 430518 383551 270496 574160 741608 844399 679727 443002 549581 964595 783425 546767 602989 502913 787026 821859 609225
587665 561671 667614 481975 849004 706540 431931 496887 727417 728592 735383 502695 750129 485187 737246 860673 657933 639438 509969 262030 538121 691408 634249 738015 624916 804592 843168 613113 516295 622503 741132 946678 527877 513089 418308 458834 341755 575181 864068 860819 723921 761300 709964 502675 650521 735733 730688 842519 693549 699786 809535 750064 776974 681600 795545 872498 730732 657882 708111 612647 531891 635740
813765 637032 709924 629548 842884 652591 656447 377147 431370 734935 656363 634928 428396 607126 550740 861543 940857 770234 666033 796056 795735 724051 713198 609543 677289 427978 464644 634126 522522 502221 661143 607300 580304 538140 468205 577871 545057 791021 496856 876826 954292 610962 475066 573537 407373 412779 381486 451081 819432 750100 762752 609847 620550 880247 769477 678793 600781 493323 625020 566378 584027 615168
445995 704620 563187 806063 547159 624578 443982 576850 634978 493699 579893 561397 629945 765926 814091 894726 669892 677230 571855 695919 798113 944909 606109 565146 653550 938679 469964 429867 510375 816546 712729 751962 659718 952601 693984 781053 652811 348905 611877 527363 505139 676716 623376 493549 617151 680084 619459 661761 452812 818045 806290 688804 664703 435905 719429 707883 930277 659151 376277 575475 674818 780120
633243 619603 484577 689128 479451 609526 327685 502110 525673 896054 649511 753675 574350 670236 544711 636495 539299 557009 870193 839269 837722 593129 469078 493948 651826 412913 621911 543163 635373 737671 605038 661678 610344 731334 946508 611077 565970 468520 394441 568130 683363 656033 610419 633564 527713 420323 381985 525278 752192 507846 709723 468517 622428 820467 444833 457881 395132 673534 668568 502034 716104 466903
576305 568310 498430 430005 528579 418051 693443 635326 701309 671622 607316 852051 809144 659073 515122 324322 526939 560773 639886 969906 718735 674128 600007 705371 643542 515288 653149 744830 596023 640272 741032 428260 588698 658764 696189 658866 415213 196532 360455 290439 358754 351558 372962 553151 469948 683804 358778 470669 417957 450269 443242 740907 323895 337995 515864 821198 714422 412545 404724 809904 661508 857158
635509 501441 406898 389273 640289 740591 453872 603677 767963 937525 619253 529527 458006 571996 573926 566753 458266 625078 679100 786798 737245 432759 389112 399992 658652 783048 485748 488826 806031 823896 800354 573733 625817 722971 723747 533563 489761 542563 511228 578748 525655 499336 191595 321229 433730 409042 514716 614589 538765 701380 406318 269917 630536 652792 632637 634164 615772 546950 586850 408755 688683 598604
765180 717891 791386 500519 593829 573884 596862 644488 629740 444348 588408 529484 730931 550574 524077 510870 651293 894413 1042097 639017 463605 653718 790410 865329 556434 601069 579494 773163 671371 803461 683836 598144 314278 340504 473468 632512 440084 467123 557208 621755 424679 208993 193610 238041 547181 655394 742611 446367 484715 459791 607236 756276 681350 854556 834573 665115 792565 697591 654159 718673 613573 734300
569922 549639 572460 838898 866944 503797 470019 313071 809286 667993 547963 278361 461271 559149 797080 636046 591648 535615 384845 587164 572900 516644 397800 490281 515179 695621 704739 519221 562490 837155 624827 582936 573584 610762 414931 256559 563204 814533 713911 629748 495537 464945 323009 330527 374368 593028 559110 961256 640604 553243 437260 642976 838018 672166 841813 981892 673641 584115 533914 466257 587388 803447
541235 535005 695245 549377 693574 668541 604391 778436 752729 827659 824397 668169 498249 444225 401797 544432 579864 746750 507771 297492 442845 784554 740572 355987 471565 507288 727301 746630 598209 667846 546840 340859 236318 395950 588459 646422 405631 643754 651819 839395 675437 371372 256294 518582 462536 610401 621064 630244 624613 552818 817889 628750 724989 744294 555094 382841 585481 521188 657702 522850 685820 501840
448873 593952 709159 902504 707334 612468 675509 615066 629421 643794 629956 481069 461485 626586 515249 541406 524452 419189 323812 377007 513290 479338 560588 469220 506185 549188 577467 614417 712658 698738 520031 414534 497448 637866 613748 487208 424347 418580 664434 653562 445567 557420 467307 422449 495026 524416 739186 544064 690576 787137 456435 771566 515224 513873 544191 483169 369753 638336 561111 511535 482067 551917
550293 661020 728400 639459 885389 733831 610932 532537 566664 681409 598000 908956 588380 345408 477170 570939 661425 790466 466463 463335 510414 581052 395830 440339 551930 889187 855827 837355 666258 761006 779171 640142 552592 809577 619898 459577 593479 650416 511623 458585 562508 646868 440174 461975 483805 555455 520046 920337 688745 575931 798041 464690 511321 512667 232165 354406 527473 481666 591294 503545 494357 339204
608678 507229 703254 847876 858294 700697 666822 494411 154336 443421 477265 434293 483525 830365 494811 563876 717923 707432 781051 605922 629187 639012 532820 657020 616643 808584 765573 666961 752959 685543 591699 659274 932292 662930 829501 612339 620140 631936 509414 593332 483164 391104 646358 726824 639440 832011 753391 517957 715370 598931 449994 629114 428244 522041 596586 599674 582426 774787 435329 447107 323651 646408
702812 860930 641248 613022 592454 837595 350637 518063 498437 339679 765485 595844 538826 219667 560002 644244 853957 924436 841137 701739 448912 438533 721821 896084 819596 563319 607126 886833 757931 579948 672076 634237 639998 717294 584091 688647 684405 387081 449646 265651 608106 666033 689317 581550 706103 521773 764900 582911 278795 477874 432417 336101 709485 634232 847365 470068 612128 593129 606086 294784 414697 412618
612123 432177 390404 707229 634281 768791 735779 352911 491113 714323 568968 376395 411548 687580 494330 512848 636884 643118 656727 546381 838199 702249 747675 659414 541032 554508 592372 597894 525533 610902 378976 679028 855347 678904 925214 766622 658401 529145 574160 510449 536617 642615 733870 499839 388589 606234 621255 691907 402970 340309 580286 424736 449204 746881 432641 641177 511142 631811 480223 509013 418593 733454
551537 591293 506622 371501 615415 601832 622884 741185 718646 617565 662802 610243 414913 460332 732598 684883 768076 526914 587643 458160 453769 704465 588527 477896 608253 696666 694679 853603 643499 468646 570070 476040 595319 746638 780527 777198 833778 509597 568250 496756 595661 615734 771091 695999 595883 595804 683260 451646 505327 478186 494140 531762 483188 791992 727975 646739 526646 454857 704707 344254 576322 614384
653644 479987 393340 569267 626487 677204 561629 677511 721153 953689 601731 542225 730863 772593 499084 587270 527062 770509 566710 627272 492865 529310 456338 480337 404182 645190 709793 554351 590613 547025 440461 661493 653606 854764 868846 850548 574492 506988 674016 719786 553374 486622 587091 634325 467926 723882 735181 797273 629504 580301 412179 435587 352770 480977 543029 402300 750826 877696 426773 538931 429438 641156
570466 721442 553171 582903 680745 706366 677997 886241 886870 768711 478861 530648 301032 570466 759634 906053 675802 357398 540305 749777 651506 573678 483600 393388 816781 776201 764192 708106 594874 520325 504689 851307 704704 649046 713678 887072 732169 871283 687572 670535 519662 790055 665088 790150 732181 589422 769753 650378 626458 624320 503593 425333 507790 610053 484980 570603 576212 545105 680966 535389 537262 516293
555082 702299 873555 930372 517401 582965 817446 929336 824070 762019 724629 731338 571382 597705 736022 625671 694995 686420 474927 587489 854742 856012 578710 520004 533864 820709 808143 689266 488315 739274 797083 658603 509223 673897 789942 666874 564976 495466 428887 759700 706285 633261 473103 702172 564242 630591 471985 452348 328751 418220 342398 598871 446046 483767 557044 700817 828437 802172 494749 580793 378589 563702
847805 793342 886948 662228 789181 507264 763115 932820 611649 556695 526362 426571 634652 503250 574553 695128 481441 475643 600767 588780 660868 605946 604096 661954 733275 724326 541536 957197 851978 599371 470138 526151 632113 607566 587536 643287 589899 556693 958311 784708 731801 610816 656293 616705 655924 515734 464212 559504 512483 355133 818515 601042 749778 640222 640633 643802 597740 743026 381789 267528 603608 491696
504532 573174 800591 673660 602189 761968 557737 635658 897657 658062 576446 677986 384944 719852 710300 618964 747494 449491 388767 473804 705933 652276 587556 518464 483274 715551 855745 653542 470564 559780 646404 653439 532009 524528 626513 647776 856401 735652 639396 923329 842957 705765 584166 575785 823114 588625 587354 333996 452771 590074 520947 643415 507301 529370 531178 874470 650319 496328 545548 574924 145207 593623
563313 474450 709273 768870 465955 519789 704535 742489 440648 530290 606377 718003 820543 559219 581485 643023 526768 603357 602791 365584 453654 499295 311618 552904 760530 767860 490788 495217 622400 595978 451737 510639 487191 753595 542461 654997 544131 703283 918648 908482 903579 574804 634018 817864 768184 724468 440879 663546 718824 602166 359307 430739 710393 881172 514735 432488 392454 618180 361963 388497 467753 568346
546982 621274 461403 795966 813504 397769 515158 433884 869445 739188 573645 517634 714310 743858 629364 618750 936083 706599 622926 669218 469802 502067 706425 747721 614952 490437 485100 349689 309368 594906 593855 671233 499495 418335 586806 711665 842174 819009 752336 917756 772485 737147 642346 811663 809901 759595 589901 603218 463264 569271 538942 641433 488402 400163 577659 552074 513827 560329 383710 464324 401374 610537
468261 396326 585628 579158 810719 571951 558266 865951 633461 641405 799159 607664 872830 798467 681948 734525 774536 836972 822083 548012 644429 716655 598487 660840 610271 425265 231837 259460 550880 827002 689842 570289 716942 781484 794201 712243 756522 739971 803501 596539 687874 818890 739075 586203 631845 418935 557194 399118 617706 542520 530678 678274 701957 523356 356686 581097 303189 417659 546685 460564 627028 606402
581357 543687 781029 760588 423860 645413 576703 372878 614943 561802 608184 666065 415947 733091 817544 836521 936219 928665 494197 654823 598985 671497 758948 764454 675604 453152 186243 425295 567287 737513 964426 696286 588210 711971 732585 922229 847938 708613 729558 632092 669528 599428 597937 543984 425380 751565 514273 699667 481633 637251 631826 467979 428255 702014 535859 416108 468431 479114 474771 660187 635364 715803
