-1613
-558
-3547
927
-987
-751
-356
-560
-1124
495
-1048
-750
-2067
1922
-2310
1742
-1479
553
127
-573
2255
1265
-1682
389
-1520
-282
-408
321
-2014
824
1305
3284
-1179
749
592
-1897
-272
-1041
49
99
173
-1317
1139
-1347
-97
777
-288
-675
631
1160
136
-1747
244
-1506
136
60
-952
2217
1181
-1174
1782
1418
2012
-879
-1392
1627
-1418
1379
-806
2653
3785
447
1158
3400
521
1268
901
-723
-598
2122
487
-1236
1860
718
-1867
613
984
-2078
1027
1172
-1088
-818
-2156
2088
-236
2138
2062
-1357
-391
-2627
71
448
-407
-2372
-1541
151
-258
-229
796
-2291
-1804
-182
-469
-433
-290
702
-1870
-698
-1010
1416
347
-1130
572
-256
83
1323
-7
-283
1126
20
376
1834
-198
2695
-2232
-315
-1473
-888
-1180
524
885
-195
752
-2561
962
-1062
407
2381
-1217
1278
-1080
-1854
1188
2413
2519
-60
779
384
-4155
1037
-969
-1993
2029
-2915
1728
1931
-2440
3086
472
1234
-1626
3127
914
1949
3262
157
189
-1317
199
-2304
2013
-984
-1780
-575
-2757
-598
-99
1192
-999
1823
803
-1869
2186
1460
1124
-2723
2220
-543
-5017
-326
-797
1596
-3479
400
-113
-572
-1000
781
2320
864
-1452
-1013
-2812
423
1373
-264
-457
-2113
950
-1074
-138
1211
-629
-2155
4424
-1240
3098
-2032
3520
-2012
653
-1447
-1149
2968
-2409
2760
-165
613
-1200
-1813
604
1954
3453
-827
-106
1832
226
2433
1371
1458
-1891
1638
-2416
2367
-2450
1397
-1282
1185
-1876
-975
-1097
1638
1854
-72
-650
879
-1071
1365
-37
1782
-784
-2441
1236
65
-626
3464
-3271
1177
-1655
-1964
683
-2181
-1153
1757
-1387
2216
303
4021
795
-882
754
-2037
-405
-2047
1928
-729
717
1367
-1835
1268
206
422
-2251
-1902
1240
-3892
2304
-3735
1911
-174
-1920
-239
93
-2536
1391
-1775
1770
-1648
2737
-704
553
-1414
1832
-1001
865
1933
-2777
466
177
-2027
1561
-1506
2543
3047
556
1939
-983
-2001
858
510
1073
-529
1883
182
-641
-2284
-327
-190
-3680
1707
-1176
1001
858
-585
691
-684
1479
-680
2890
1742
2036
2407
-493
471
-2671
2086
-1366
2682
1944
-3423
-195
-116
-3069
-185
1118
-670
335
1439
1836
-1448
-1412
3371
-4068
-2035
922
-1383
402
87
-1584
-2514
-2844
1510
-98
-529
1950
-3708
-207
1664
339
1661
1287
187
1324
-506
1132
-358
558
417
-1718
3628
-1745
2096
-2236
740
-827
1846
171
-1013
-1100
301
-527
-1237
2458
-3327
2341
-915
-758
1085
-318
405
786
1734
958
-6
-1111
1418
-1197
-45
-1335
781
2621
-1347
2309
733
-1025
-998
-4375
2149
-965
1462
81
-1807
94
1429
-684
-450
2354
-1358
-2656
575
-185
-265
-1181
-591
-3782
301
-1706
757
2182
1339
756
80
1141
-2423
2117
330
1963
-1446
-1185
1701
1969
1511
-80
1441
287
12
-1165
-1487
660
2585
-338
1625
-280
-1981
2558
-71
2880
-641
1125
-676
-1370
372
-85
3172
-585
-2402
181
1289
-1446
903
124
1096
-1680
224
-4223
1969
297
-770
1145
-714
277
-1245
2864
4520
-2550
-33
-753
-1644
2517
2124
176
-955
-1681
-384
2006
362
-634
-111
-294
-2089
-1214
-582
736
-1042
-1349
1575
278
480
-2603
1294
4346
-1773
-1684
384
-771
-611
410
1914
248
2006
-99
-232
3640
-815
1999
-897
939
-534
2574
2916
-304
-160
1393
-25
-438
-1474
-1053
735
-2030
310
-818
2813
2302
-2588
1202
-679
-300
367
-1165
-4096
2676
-1281
-1798
747
261
1962
-89
-185
157
-3391
-421
345
-767
3245
3236
184
1646
318
-946
-1197
1391
621
-231
-2352
1078
-187
-307
181
1399
-324
1525
1728
-2231
1464
464
-1878
1549
2672
987
-242
1238
1161
-35
-1883
-1735
683
-1902
-1880
2073
-1353
26
-271
1167
2836
881
-1380
450
-1106
-1455
-296
-636
3131
-360
-1286
-2491
1903
-1687
64
2752
-2062
-785
-2488
-1486
-466
223
-1116
1253
586
-886
1351
-630
789
-629
1570
-2522
2723
-1571
779
-1588
1377
934
-428
1670
-956
-1526
894
-721
-1191
1056
2400
668
-305
94
-42
925
284
685
-2586
1156
-1138
-1383
-1648
2372
-330
1024
663
-58
188
-2783
-1304
2050
341
1028
-919
390
-1828
816
-247
-1067
-2027
1010
-1479
256
-1159
813
-813
-78
1213
806
972
3144
-1706
-33
-600
1017
528
677
-574
-1313
420
-344
-506
-826
2764
-699
192
490
683
-863
2571
-2643
2280
-2501
2437
-952
292
1226
-895
2872
-906
-679
-688
-478
-2225
-2969
-2275
775
-1081
2855
-1274
815
-1383
-373
-1313
2915
-937
-1353
-468
1775
5
849
-1485
-1398
1558
-1476
295
-2788
667
339
523
-2394
-1806
-1752
1643
1078
-499
-185
28
953
1302
1539
1100
3794
946
-213
656
1712
-1127
-338
-1402
2784
-1701
2550
-992
1468
-40
-3001
3690
-2695
1642
3143
1423
7
-1004
-1252
337
456
-61
262
259
-1516
2475
-3196
1299
1017
2111
-2242
3606
-2663
-879
-1363
286
57
-1129
3058
-2273
535
908
-841
-107
-1317
575
18
1604
444
239
-974
-525
-251
-310
376
653
-1
-885
541
-1314
3298
-1388
1314
-2822
-1207
420
-2984
3528
-1720
3412
2162
-137
1292
-1148
1904
2930
-495
-596
1395
-777
182
1105
-1208
-196
12
1780
-966
531
-2202
-174
-277
-1156
756
673
1918
670
132
372
-3180
212
-398
-1048
89
1918
3045
3121
-281
1191
-3910
491
-3491
831
1115
-2010
3925
1937
-371
2152
-2038
2169
367
1204
894
3015
-249
-1293
-2476
-79
-33
-140
2602
2360
-1099
2033
1232
-1410
1324
1102
1392
1146
-1181
1665
1858
1071
-76
-318
717
4059
1551
-1066
-2095
149
261
2143
-3689
-4072
-1042
715
1629
1666
599
2037
-2320
-890
-1803
-2362
-1264
-1589
-2774
-102
1166
-25
-196
2301
-3984
-1128
-1706
1231
2049
-1632
-1730
-1142
895
-518
-2594
190
1371
844
-3545
291
-703
-4639
2697
-1229
-2002
-467
-169
-1808
-1257
-934
-2527
-1063
1141
1040
16
-801
-1307
-350
1067
1889
2000
-950
-133
3282
-2330
-2338
1110
-938
-1432
-3045
-912
1485
356
-2562
-1812
-585
1065
1598
1409
-144
-1958
-201
1069
-285
1983
886
75
-2875
760
1191
2217
1855
-1210
516
1354
-145
531
-3223
-2567
-2860
-607
2129
-862
1322
96
605
1661
-1942
312
-967
2125
811
-1961
-2345
-339
-1302
-3613
-26
938
-2263
1522
815
1109
-2100
1290
1536
-1261
-1538
-419
1694
831
-1563
-1831
1379
-526
209
-897
-3874
-1136
-1849
1756
1530
2245
59
-1331
-1438
-1874
1317
422
-779
-2474
683
416
-5
3078
3116
910
1430
3019
457
-1983
93
420
-2714
-781
128
-4334
953
1989
-2586
605
1078
1378
-1707
1060
4832
2183
2556
-2446
-1046
-1554
802
-54
2580
-3207
-1766
2265
528
537
-946
-1948
-357
-1292
1170
1769
498
-726
1563
-3947
1915
-1814
-1086
1472
1956
3246
1042
-1413
-2569
490
-292
346
-900
-1809
126
318
-387
-182
475
-2481
-1494
-1330
-360
1316
2365
4856
310
2353
290
-2560
-353
-3795
-2255
179
-155
1850
-422
-2138
-2827
1048
-1982
-1418
-1745
-1835
1073
2493
3176
93
-1482
880
-317
294
-1171
3800
-369
-368
844
238
-313
4731
-215
-1142
-4399
-29
684
60
273
871
-378
624
-1571
-969
2309
-918
-1466
1840
71
975
-26
979
1294
-176
2493
2001
-115
1502
-1357
-1714
755
2971
1571
2455
1504
-745
2934
-1812
-1327
-789
-257
-1732
-337
329
-2348
835
-1951
-3115
-2465
-2398
192
-1220
195
-151
1858
-381
-1079
3123
1303
-507
1130
-840
215
1982
5574
1882
-1726
-1460
433
-405
2348
132
-1494
940
-239
1034
-630
-2100
2368
-1089
-1651
1371
-3201
-807
-2509
-2002
-771
-3088
-2384
-84
-558
-1370
2321
1465
-1609
-2472
-1016
-150
1584
1881
1678
1339
335
655
733
840
938
125
-1018
-1115
-1889
2696
-194
19
335
-1796
177
-4435
-2459
845
-1428
-915
1670
-364
-463
-1423
-5
3619
-3134
-1845
-78
2268
2901
2
538
-1431
256
1779
1022
621
-2397
-3416
1738
470
-1595
2650
1214
895
2345
-104
2909
86
2842
1325
1262
1012
-2647
-3173
-2512
-1038
1046
2441
192
2200
-2118
741
1343
647
-1301
-1271
-1190
-1643
-45
-728
-570
852
732
-396
1812
-2309
-747
2484
-3465
-736
-4329
1451
-626
-978
327
987
1782
-1790
-1931
2351
997
2721
276
-1180
490
-1977
1403
-428
-440
-2243
826
-517
-1276
719
-3378
120
-1133
-2129
-752
-1215
-698
34
-731
2653
2120
-1437
-825
-2099
-911
191
3025
1684
-555
-233
2972
5035
2100
243
-551
72
-548
-82
-61
34
-886
2240
795
-468
1154
1476
736
-1989
-2544
-140
327
-2348
-3296
-256
-173
1013
1647
-485
-2541
-914
-537
1812
727
548
1271
2871
245
-2305
-710
-48
3134
-790
-3175
2679
-1256
1159
784
168
1752
192
-2337
-776
2101
-1783
-2819
-1343
1683
1316
-71
1222
322
-2396
-3626
348
-752
-2547
426
2963
1145
-1323
-2531
-1613
-1534
2687
707
-1954
-512
-1308
1403
-386
-743
-464
2666
-784
-917
-1075
-2375
-1541
-32
1102
-667
-2251
-3594
-448
-441
-629
1296
2833
-264
1138
-545
-2492
1803
209
-488
2613
1307
-796
1112
618
1511
1325
-491
292
-668
-1318
-1559
-809
-1841
2982
-683
171
779
-435
942
2700
-944
-1335
1151
-1930
-2773
-674
-1645
-953
-438
-30
733
-550
860
2282
-626
-2386
-1788
2332
2201
589
-1499
122
212
-232
-768
1070
1699
1327
14
99
-36
-841
576
222
-1620
99
-1955
-363
-3103
-1236
1810
635
1869
-1719
-3068
-1793
2103
1469
1916
1481
-5
1152
-69
-690
-510
600
193
1440
-39
-1911
403
-651
-1831
-1125
993
880
-1335
-2287
-392
472
1721
1195
1121
-1161
-487
896
1484
-684
-1246
-1974
1278
2854
1497
-512
455
-669
2349
-524
-1664
-1572
879
677
-1975
-349
1992
2848
290
2627
1043
-463
-2735
-1026
573
1345
1563
939
-325
32
-1049
-740
-55
-1135
-2264
-88
-853
1884
2045
-1823
-496
1130
2051
-1461
2957
2947
1483
1677
2793
2279
789
1784
-3021
-3590
-479
-1160
-1423
-521
-2544
-2516
-47
243
-727
-2109
392
990
-1953
470
-2238
1148
920
2167
836
-3581
276
-629
-712
-1226
-71
613
1950
-133
424
-269
1316
131
247
-2786
182
-1487
-2580
1164
735
-2185
1165
-3968
-922
-1604
-925
1080
-2087
-50
530
-100
-474
-523
1945
-23
-115
-1108
244
605
619
698
-441
244
367
-1589
-303
416
-1311
-1453
-2191
2422
106
-109
-1014
-1326
157
-2521
-2331
-3590
-1052
1979
1684
-1371
-2701
-2199
-1439
647
-1139
-1050
1810
1467
-959
-693
716
1578
2742
-458
375
-1060
-2750
486
1162
-210
2551
1850
786
-2042
-184
-293
727
-769
444
-540
-1014
-1320
1668
-9
1225
-895
-1244
-789
-701
-923
-1985
-1433
1508
-2199
-819
1187
-188
-2428
-1808
2344
1161
-78
-497
-1048
768
234
193
719
-1330
253
-84
-635
-847
884
170
126
-165
-106
-666
-1762
778
-497
232
-166
-391
-429
178
1323
908
418
980
804
-185
93
1549
91
-1239
-1169
-708
1
1261
65
456
-788
-944
-556
158
-453
15
-1974
-462
-338
-1498
934
-1276
-1695
-537
144
-150
-618
-1204
-358
448
402
-247
2764
397
-1124
109
1607
681
1007
-865
707
1166
-606
-710
836
-387
1439
1232
-427
1535
-413
1404
-783
-994
548
499
757
-1128
-1428
-146
-164
897
-715
221
-706
-731
-1088
289
-1848
552
-430
-750
339
506
-748
83
-1030
1605
-861
-123
1286
-1087
-428
-382
-809
651
1453
-792
-1812
-402
837
-302
2113
-806
-771
-120
-423
-799
415
318
1847
750
795
-4
-8
-1045
3142
180
-1058
378
-63
179
291
612
1021
-1161
-21
-467
1255
255
462
701
-75
-672
533
1177
-1171
-352
-383
836
-7
912
-352
1159
434
898
-1169
902
-782
932
-173
-385
-313
-636
-839
-486
914
-30
480
87
-2241
1198
1444
631
1432
-14
1711
-432
-760
58
688
-1042
-167
1413
1477
-1538
-89
-989
-709
-1885
1002
-251
267
644
596
1229
223
959
-1309
-55
1936
-1239
107
-1813
-416
-791
-1445
969
-291
1253
-223
-160
982
589
2312
26
-431
-95
1698
99
338
1960
-245
91
-109
-190
599
480
1100
592
669
1224
-242
-60
-506
-367
642
-1956
402
618
-170
-729
326
1429
-246
1388
-1768
281
1277
349
2078
-279
1538
-164
837
808
-580
1105
-43
1188
1119
-79
-925
-1266
1224
-420
-1647
639
-1104
-370
265
-1097
917
324
868
-778
219
766
1171
-1321
167
128
-1058
879
-386
-1821
966
863
-1113
-1049
227
-1041
-1632
-1222
298
-46
-249
114
86
-643
41
64
-1156
-894
-1477
1425
280
1078
-210
-39
-251
397
767
-982
-651
-311
-601
-166
935
665
1070
98
-1199
664
2856
904
719
2771
109
655
-1288
-176
-279
-1811
-76
-96
3069
218
931
1190
1340
-932
-1864
-573
-936
-107
-159
532
-913
-315
82
140
927
771
-663
611
599
588
133
-940
-409
751
1432
65
1006
-407
-64
-219
576
1044
502
-218
469
-1380
-1059
-292
-634
522
615
717
574
-645
-1662
-953
875
1046
1459
-410
-1356
-141
-2520
-730
139
-885
1772
287
1776
1153
1100
1096
-12
319
-265
1382
-846
-914
-57
301
906
1661
-1934
488
1040
-1741
459
304
304
-22
377
1908
-1036
-1674
-2
-887
447
1017
1001
-1041
-139
-986
1019
-578
1790
-220
549
439
1648
897
466
-281
-906
-74
1239
1326
-647
-604
1132
1078
1661
1166
464
-1925
-314
-246
421
1113
1506
-863
-683
669
1440
420
2094
-1123
-718
278
919
1358
497
503
-27
851
-661
-1389
-225
-1121
944
1190
456
1173
-446
760
574
98
963
-1964
-114
160
380
1251
-927
15
-204
157
898
452
-334
570
-273
285
571
-805
394
-802
-513
-312
-91
-400
-29
1562
641
-438
-577
-553
-31
1918
392
1150
-327
937
2100
-1309
239
-574
2395
-70
541
-614
1715
388
514
-1625
-625
-75
-1425
-867
848
594
-296
1054
873
-701
262
-739
142
464
1580
927
1311
643
-661
445
-342
-248
1754
1549
31
-1944
-1126
636
408
-186
376
-1194
-557
-680
-548
935
128
1034
-1054
1166
71
-383
-2344
382
869
-449
-932
1003
-751
93
961
329
37
640
705
475
-226
787
534
-130
430
-452
295
-1318
397
58
1160
442
-780
-182
1607
-991
-774
-1538
1303
1457
1187
520
1089
-1002
-344
1280
326
147
799
-97
-690
-1429
-465
-1178
-909
546
-868
1112
1129
462
657
735
-22
2141
1396
463
-707
74
686
1516
-504
195
-161
-939
-412
1163
222
459
-1123
579
-525
-76
-899
-295
273
189
1126
-322
462
527
-490
-459
-820
-1284
-120
-1260
853
-282
449
889
632
-566
1763
-633
-693
-1522
-590
1033
877
-13
976
-532
575
293
-609
203
-185
376
-1179
-2092
-495
206
90
233
167
55
885
1512
-276
1598
705
370
542
721
991
-6
-134
-617
1507
-268
-686
-33
-210
141
-1212
585
230
58
359
-532
-1212
669
-24
87
-465
814
2517
92
-83
1452
1165
1311
-514
550
112
607
-281
629
349
845
-958
1103
754
-14
-673
345
-180
29
-692
324
-1237
-405
-159
852
-17
1882
915
288
683
660
-78
-151
1001
-1648
1034
-7
774
-763
216
-2125
179
722
172
-630
188
213
1031
-650
292
-142
-162
-890
1038
299
-932
738
-824
-1583
-203
1852
624
507
-324
743
-1400
709
-1020
-65
-883
84
28
-609
802
298
-497
-518
-1174
-547
-1252
1752
470
-1638
-766
551
-420
1138
-295
-846
351
-478
-1462
-1059
1013
10
-918
-1864
36
1018
1996
-1834
234
302
-882
857
991
-1388
34
-2369
-367
-302
232
27
-126
-146
-1572
-596
-64
-2392
-816
-286
1091
336
-167
929
402
-659
249
-14
128
189
1616
1302
-578
1355
-893
-684
-1856
1421
-858
-1658
-1492
1163
-2710
2139
-420
-647
-441
-798
-233
-573
-1258
316
-2536
1011
-529
-547
112
55
1682
-926
1970
1264
-1296
641
-492
875
-1760
503
1254
1328
679
1226
49
1238
-56
108
-10
1114
-462
2197
-719
828
-1755
91
333
1286
-657
1128
2370
-698
1014
-672
-282
2109
-641
476
102
-1278
-693
559
1093
1220
-526
2098
1086
618
-270
-115
-2625
3160
-485
-750
-970
-748
-1023
-1551
-1334
385
1493
-311
521
497
95
330
1203
-1319
1245
1562
-8
670
663
-116
2641
97
-1360
1820
-464
-1712
-250
870
-718
277
-1564
-1125
-1152
579
-1181
-1092
-209
-1630
1720
483
1230
1377
-581
2049
117
-109
723
-408
-1103
-57
-1155
-735
484
-801
620
1339
-1171
-277
-1674
1549
-232
383
-17
-1164
-989
-565
1639
-31
35
-959
-377
1504
203
-1130
1420
755
151
-955
-871
549
2747
-1468
1157
-230
-385
-2651
1281
-453
350
-289
824
-92
-342
-450
280
-10
-1909
-1413
-654
-1246
-139
577
-816
-1424
1093
-664
58
1365
-437
-162
-255
735
1253
-1799
534
36
-501
37
-15
741
-798
1644
1133
1555
-1002
49
-696
-259
1822
-734
-1570
906
-907
804
2465
-358
-575
630
-115
1212
-495
227
-611
-925
500
-1499
-1576
-374
1651
-463
-854
-1024
1418
-265
-912
1992
-856
230
-644
721
-1275
581
1923
-1870
-94
-2285
-1718
-527
-2235
698
-1963
1154
892
-612
2099
-479
495
-133
-713
-877
1930
180
525
1367
-386
-278
830
-782
-1963
-664
912
-209
996
-592
1467
-60
-47
-1672
408
-1537
-2358
-1093
685
-151
1277
688
-849
576
215
213
1293
-1401
1883
-1797
-28
-769
-3001
-169
-947
1046
-32
-194
813
-573
-423
-1594
590
719
823
519
8
-2386
-941
-1333
-165
151
784
1888
-424
-333
395
-1826
950
-733
-919
-53
1854
979
750
1485
-471
-1597
-491
-109
-531
-1956
-1420
46
-148
-542
-941
-696
-843
-586
-787
1197
-811
2128
-763
-432
-1335
-745
1503
-1517
552
511
-2164
1856
1407
864
1083
-202
1081
1229
-367
135
2167
270
-1114
1493
-1906
1152
-1653
-1848
-889
-575
1291
-315
-286
-269
-162
-387
1733
-552
-1673
997
-502
-59
775
-65
145
-254
2168
-683
-737
1569
-264
752
1472
868
-1714
1397
408
-1602
915
-282
1518
-2235
1137
-1194
-27
-1823
-372
-1412
1373
558
-1224
188
-130
1228
282
1492
486
240
-2573
-1231
756
788
812
176
-3046
-729
-2480
-1429
1892
-504
1793
-1566
1502
-18
-1073
-1937
524
-959
-643
1410
-431
196
0
1329
-694
2663
240
-2606
1112
-121
-1047
-977
-603
1317
-741
1329
-103
-2563
1796
-1419
507
-541
836
-367
1739
-2277
413
-3018
1527
-792
-188
501
-851
-563
-1125
912
286
734
-361
394
-222
-1631
447
1243
1315
-1761
354
-1532
828
-310
414
-959
277
-187
-173
-740
1845
-3229
1786
-2261
-1980
-498
-333
-1679
109
794
-180
415
-72
-1110
1299
-605
-298
-1104
-870
226
91
675
1514
-2332
1044
-1526
119
1893
51
787
-998
-2728
1469
-566
-717
-1056
-465
69
202
-409
-774
-1539
1585
-187
-604
-287
1306
-495
-525
-1406
-690
-781
-429
-2299
-594
1575
-364
623
-915
1204
1215
-1181
695
-1851
338
-341
285
-944
2451
832
-16
-1101
818
-829
225
-287
1404
-575
1093
121
1266
-763
-630
283
52
482
-171
409
-917
1682
-556
-36
731
-869
1585
-319
1485
15
-63
-724
233
-1751
1508
75
-438
-1843
1512
2484
-1895
455
-591
616
-1810
-852
-3360
325
1768
122
-3314
1206
915
-983
-888
1640
620
-1202
-603
-501
830
1154
-752
-1664
1761
-1156
2
-616
1461
143
-945
1230
1047
-686
-1440
221
528
-1132
869
-58
779
-1227
1086
491
-88
1166
1366
-883
-114
-1410
-968
-1644
-224
-945
-1662
629
74
-1096
2570
95
903
1916
1054
418
621
245
-230
-662
-590
1108
-118
-1544
-86
-1269
-980
71
468
-402
437
154
-622
-686
-1501
102
31
-80
1394
200
-92
-159
169
121
1648
-758
-306
-895
634
-770
-616
873
738
-875
1977
-341
-631
437
186
-384
280
-79
968
519
-1031
606
-613
1250
-304
-528
-175
274
-624
-152
-293
-621
1071
471
-2687
-132
-1594
183
-1018
1143
1448
301
891
-84
1052
1140
529
-1010
-71
-302
-1599
1550
-1547
1358
-609
-1157
-902
-1500
-1532
547
-1790
-419
33
73
400
1527
-1270
1429
-189
175
150
2805
-1325
353
-111
509
-123
-320
807
-367
-1231
691
-1629
-173
-756
1334
-673
-586
-588
-1039
-1692
1316
-1101
344
-514
968
-808
318
29
856
1609
206
450
-17
2513
851
1657
-1527
305
-41
-179
-473
-96
-1152
922
508
173
798
1794
-369
-701
455
-572
375
-130
727
-1392
1317
1584
-112
1460
1808
-45
338
-1143
1712
1232
-357
1106
-314
1462
673
-751
-729
178
2584
1541
1209
587
-67
-14
541
-654
332
-530
-61
327
263
-394
-269
1038
-394
1419
510
1511
-374
2614
-1226
710
597
881
173
-54
-802
472
-130
1745
1347
-872
-506
-1601
231
-504
-493
1028
-1293
-649
-1212
-32
174
592
1199
1645
-285
1110
2479
1166
1296
1654
-2640
-1798
697
-1762
-1218
1893
-298
416
1121
2426
-1659
1895
-3231
-1197
1367
-713
15
-747
-1778
-1017
-2619
915
57
-1131
-2078
2850
1746
1034
-1225
-1480
-368
-540
-863
-140
306
1405
92
-1700
1000
-53
-3162
1200
-1925
-2098
1689
1077
-33
-515
-1686
-794
-1273
3073
-1634
-267
-1205
3363
-343
-1001
308
-197
99
4320
-1373
732
-144
506
1961
1393
2236
1718
-1206
1477
-1576
1599
1286
1349
952
2099
-1168
-875
-544
874
1622
605
4
2550
-2312
1348
519
2459
1752
2382
253
-2113
338
602
1777
1618
1329
372
3004
2290
-1587
2034
-1525
-1263
1330
2977
-796
-346
-1237
-1395
939
390
-1144
1550
-462
-51
1302
2783
1511
482
-648
-694
2271
101
1601
-45
-1149
2688
1863
-2413
-22
1463
-653
-2093
785
1847
-350
133
-118
-821
-125
2350
-1446
-1059
-1105
-228
2292
1322
758
1079
86
-423
401
1430
858
-1675
1734
-184
151
-1331
161
-1030
1242
-1394
286
-1129
-263
941
3197
-285
34
524
442
-700
-2306
28
-211
467
782
2870
-2249
1193
1310
888
298
-1362
1256
488
1704
818
-1084
-977
-488
-1770
-824
-746
223
2724
1573
1027
337
-1056
-815
-1333
-2426
-498
-34
-2003
-403
2022
-4061
-226
778
-190
-299
-674
-312
-1654
3433
1571
-22
-786
-830
-3547
-877
1837
-983
1711
-307
459
1493
-312
-1323
1274
-1307
-716
953
-967
10
404
-2006
213
-1414
-1613
-1758
620
-985
697
420
2884
67
-737
-1226
-3324
645
4025
-683
-792
-94
1337
1846
-80
-31
-2417
-348
385
391
1042
-1168
2514
-2013
-764
-250
-2054
-246
-1080
-2372
470
-1434
3353
514
1046
456
-1847
-146
-74
-507
-562
1654
823
618
1342
-1140
-1343
-907
-1224
-291
765
16
885
433
1411
3198
-661
-873
-920
-2469
-3943
-2631
-341
3321
-754
824
-1425
-216
115
57
-580
7
1417
-896
1080
-1032
-1735
1440
-1259
532
424
-394
-878
544
1521
667
-2444
1621
-380
659
-860
-2442
-2892
-882
-434
-692
923
1855
-788
-2385
-900
-1254
431
1298
-2251
159
1678
-344
2038
454
2104
-2670
-627
658
1732
909
-4154
1322
703
454
125
-2235
-44
-1758
-24
1061
1770
678
-1847
-2292
-2576
-97
-1590
-164
-1043
1127
256
-524
3900
1087
-1832
413
904
2120
500
582
1367
1735
-1366
611
-884
-1088
2067
-1254
140
-1640
2311
97
-1196
-89
-2252
89
-508
822
-2038
934
-929
-557
1438
2615
-1564
664
1515
-1517
-1697
-267
505
1083
-1344
2008
-1232
-620
3328
-3761
671
83
649
2730
42
-703
-985
-1962
-1254
-281
547
428
-3474
1376
895
2542
85
-477
2133
-850
-3434
-1332
189
1006
1912
1150
235
-2938
1860
-2230
1787
4782
2191
636
-1406
365
207
-2122
-2487
252
-2173
1372
-1121
1339
-351
1245
-1590
1240
2585
-1232
-817
61
1053
-680
1774
2294
-652
963
-145
-196
790
2557
131
-723
-536
499
4055
151
-1675
-1596
-729
1790
469
-1478
-1531
-3127
-2271
834
2835
-1255
-1674
1453
821
935
-2548
1901
33
-2317
-1541
1051
2181
1946
-1833
-802
1969
1602
2295
-1634
1121
-2436
1411
2293
-180
-1993
-2186
-2172
-1149
313
102
-1589
-1097
2508
-996
-370
-1318
-86
-596
-1185
-1868
2796
2554
202
-262
-214
-666
1728
1316
-795
1202
-2238
2283
1980
1093
81
326
93
-666
-6
-888
-2096
154
830
101
2121
347
2479
-544
-121
-819
1563
169
-777
-777
1557
-779
-516
1429
-640
2603
-637
1937
-173
429
512
1067
-74
-888
2125
1033
-3689
-1259
690
1946
1000
-1796
3114
-369
169
1499
-259
-1338
-1736
880
-203
651
-1447
-649
-254
2091
748
1387
243
1441
189
-998
1753
92
-657
693
-402
-343
1990
1098
-1472
-295
2978
-1001
385
-374
-348
-3168
-3562
-442
155
2339
953
-1961
-1000
745
-277
-2013
2743
549
218
-2857
-1170
964
3018
-538
447
1894
266
1908
-1573
983
1290
-1623
1822
1795
-1889
-2952
-2790
2517
2522
434
-891
614
-3227
-944
2175
-1234
87
-664
-1162
-3109
-3066
836
1699
-656
865
792
-465
888
-541
839
-45
-803
1654
1443
-491
-1597
-78
2343
842
-3030
-1813
2780
-1200
-1725
-390
-3418
-689
-1492
-634
-1685
-235
110
986
-1024
-1682
734
372
1545
-1709
-1560
263
-1588
-2251
3016
-514
-625
-394
29
-983
-771
-1366
3224
698
242
241
-1587
232
174
-449
-275
-537
1429
1359
-2799
-1585
-585
240
-57
-2026
-2535
697
-2520
-1185
709
230
1378
184
-2538
-416
1006
440
1037
511
3137
2195
1543
-368
403
1549
-280
-893
865
-320
-3444
548
1391
-545
-324
-181
-324
-389
-2637
507
-2501
-738
663
-1574
-1035
3147
-226
-222
1206
-360
909
4443
56
-4027
-493
2198
-838
343
1181
-47
-569
316
3574
-659
-540
1069
1088
-1678
349
1111
-3090
-904
693
-2502
-214
1633
1073
-1988
1386
1304
1491
2073
646
-3242
2112
484
-524
-52
-184
1683
1549
57
2286
-2042
1213
2420
2373
-479
2438
147
-2609
-1279
1695
-591
1260
217
-963
-897
1582
1737
1306
2110
-1750
674
-485
-369
107
-184
352
173
2303
1382
253
-1784
3189
3485
3271
1838
-804
998
-897
-2320
1498
-283
-644
-1036
897
66
816
277
180
1335
442
430
223
609
1330
1070
-1250
-138
1804
-1632
241
598
-739
2089
1358
-529
-1125
-818
-779
681
1193
-1539
-1503
-719
474
2586
1898
-1076
-1189
-1215
-407
-253
-3962
-1741
-1707
-1187
-475
1660
2061
1245
1339
-2792
-1427
-291
-726
-327
-845
1040
-861
-1624
2235
859
-176
-2003
340
2647
573
2274
-576
-1067
967
2087
-2043
-613
-1165
-685
-1789
-151
-911
1801
-1993
-3823
-1172
-417
-1430
-3023
-2004
-1621
-2798
1970
-35
-2461
-1030
-833
-1832
-664
1898
904
-1127
-663
-61
1271
-2141
1916
-2165
-906
-1062
-2613
-554
718
678
-717
-2399
-1536
713
2473
1530
-1172
-1264
49
-1030
3115
1731
467
-1064
695
791
1167
2726
548
16
197
-110
1003
-2083
-117
-2875
-4309
690
-484
-712
-463
-42
-2007
-2596
-319
-521
45
642
1588
-166
-2467
-891
-47
-663
227
-561
-322
-981
872
43
268
2901
1494
-1765
-1914
-595
-165
-1030
1001
434
293
652
-483
458
-234
-1451
3
1449
230
-538
26
-438
242
-3427
-1769
825
-2307
-745
751
1556
1018
929
2072
1365
793
1085
-725
151
104
-1851
-295
532
-1135
-634
-2451
-10
-93
-2371
2215
3655
362
3486
-77
320
-1159
-1030
-1186
383
-2671
-18
-1045
496
2013
1652
-133
-309
1517
-340
837
933
1268
-156
149
658
-3541
1498
-1212
-2934
1051
849
1055
605
1130
-662
1065
-952
-539
-797
-459
951
779
-1028
-1888
674
-45
122
-76
-2276
-1370
-2278
1058
1942
2260
-414
1828
1717
-2320
-1931
881
1059
1504
1657
-1019
-3034
-890
338
-258
-914
-1710
-1537
-282
1651
1913
-1763
157
1058
-102
-700
1367
961
1759
2029
628
-1442
2399
134
-659
-1928
-989
-317
-423
251
-619
1430
-334
-1458
1429
-1674
492
111
-1253
495
1745
2272
372
-345
788
408
48
915
2013
1051
444
1585
527
1595
1253
1206
-1462
-1180
524
66
-400
1229
-1736
-529
850
-1119
283
18
-822
480
-1643
-2041
-2915
-1507
530
-1153
-767
-121
-602
338
-8
-32
-156
1807
2951
2756
2371
853
-1258
-329
-1763
26
-214
348
618
-482
500
-596
-1730
-489
-204
-1833
-546
-659
-921
-1518
-1576
1872
-462
-100
783
1080
-1230
764
589
-640
-998
1149
1581
326
324
2936
2215
1679
221
-518
1094
441
-450
-671
-872
-1972
-1093
3110
2407
-4068
-2204
-68
-2551
-1915
-2203
-396
-266
-388
1594
1180
-237
-3474
-708
-2414
-1310
952
2411
2759
655
446
1009
1388
244
1369
-230
-825
-2464
193
-1030
-142
936
5
-308
732
-1423
-88
-978
-441
-724
879
2440
322
-1529
31
-471
-1592
-251
521
2035
1365
1769
-9
-762
2318
1436
-985
1361
-412
-1528
-1455
478
1172
743
879
-1871
267
2511
1645
1559
-1188
643
-2260
-1932
-1738
-688
119
598
-1654
636
893
2099
-426
644
-357
-2004
954
-1233
-776
-763
2098
1026
902
-1753
-2416
803
-529
222
737
-2320
-1939
-1310
-2457
1733
3126
-271
-2111
-454
436
-329
1537
3197
204
-336
783
2040
1278
1637
940
-1287
-1209
31
-233
-1376
506
-1188
-1980
180
-739
-17
1831
-221
-2412
-2448
-77
1368
-624
-2230
-2626
-26
168
627
-78
516
-84
536
1592
2536
1563
-404
-799
2220
1230
-4649
-1130
3618
196
-912
84
72
938
-67
-431
-501
-237
-561
-848
-1272
-1436
420
-1715
617
-114
-1053
1551
-252
-3028
247
1729
-1297
839
2170
-690
-744
-671
-2420
-1029
1791
-197
154
-292
-1984
2510
1920
1212
870
89
1008
-641
-3110
-2047
119
1233
2034
49
-175
-2339
-3470
-1055
-1199
-2088
1512
1790
1757
-2695
-2959
363
-1436
1017
1352
953
-795
-626
-267
-125
-117
-566
681
1493
-1058
-3184
-2421
-1250
347
-1917
186
2237
823
-707
1109
1538
-65
-1040
989
97
105
-2736
-2198
-890
-926
842
220
318
1986
-1371
-200
173
3400
676
664
-1192
-170
664
-1594
-627
1058
179
811
1834
-1002
101
896
-495
-169
-705
875
-2306
-646
269
-175
372
1604
1035
-838
-314
-2216
-791
238
2202
1375
1601
663
-1681
-189
-318
-102
-175
629
-1528
-2110
1737
138
-1427
1509
2998
736
-2957
-1038
-560
-3211
-364
-314
1282
1280
-1592
-370
506
1142
-772
-415
-214
-460
1434
542
525
313
1149
858
437
111
-561
-1169
-689
-1967
-2116
1468
2021
823
-243
702
-915
-906
2720
1484
961
625
-901
-886
2264
840
-1227
-1217
-290
398
952
163
-1090
-709
611
-257
1009
-872
1600
1359
-231
1684
2647
2082
3695
1416
-2173
-963
-1494
-29
266
1019
765
-1769
-2291
264
66
-2121
-122
-1100
1132
-630
-1173
1693
400
1030
1022
-261
-1208
-1208
2644
1832
-500
-946
1681
2045
1977
689
-635
-1777
-729
-3023
-1332
-1223
-2614
-1340
-1597
-990
-156
2364
-720
-2801
-3297
76
-1580
531
1232
2066
-460
-1881
-1886
-851
-439
-545
-321
-2086
486
1418
-282
-245
67
164
672
-257
-1891
-1817
-1026
80
2
477
-694
-3205
32
-751
-2872
-1797
-1001
-1022
606
1514
-933
-1932
-1465
-738
-1381
653
2306
2654
-644
-634
-900
328
1453
-1081
-473
-557
-2033
-2855
495
1589
308
1252
-983
-292
-2167
-470
-2320
-1632
18
1434
-4265
-1175
-775
-3264
-474
53
-2068
538
444
-849
-1220
-794
-1514
1924
1468
2319
168
-2562
-2123
1435
1487
46
-2040
-1319
-513
222
610
-268
2450
848
1484
50
578
1016
-301
5
-610
-848
301
1558
2608
389
618
502
-792
2092
1864
1718
2218
2159
-163
-536
462
198
-347
-155
204
224
-2896
1150
896
-284
-258
821
-70
357
-1809
1286
436
-912
-1256
-1008
-159
1272
610
-2204
176
1509
-1326
663
-1152
-1595
-1208
874
1326
1259
518
-626
685
127
-866
-1279
-644
-659
252
804
-94
-972
286
973
-1055
776
-493
735
457
-420
-1578
372
2359
373
-2170
-893
2420
1966
-1801
1002
-1288
-2372
696
318
392
1010
-804
-1394
-2260
-1339
-2111
867
912
-258
-1768
-1033
1196
-2237
2947
565
18
1038
43
2117
-1744
-1209
794
-559
-392
-1887
603
1308
-571
-1833
-98
-878
3115
-302
993
715
-1539
-1229
936
1395
1877
-229
-226
-724
1133
1318
1327
-122
467
653
268
-475
41
-449
-1706
-304
-1436
-1754
-884
764
-1637
-818
208
-592
451
262
1793
211
-2310
-885
492
725
-1800
1338
1282
-2429
262
7
-1656
-893
731
251
-1566
120
-133
1384
1610
-582
-197
1228
515
1188
-489
-2971
733
-1304
2208
-1394
585
-1574
-1046
400
-2498
430
-59
-371
-1099
2170
-343
-457
-265
785
1271
2
1792
-1247
-1469
-367
-940
-609
-1062
1558
-2096
2168
766
-360
726
1200
897
-1660
41
2402
924
-1222
-2351
-708
-1629
-474
-992
669
-175
-349
1457
413
-1012
777
-1371
1510
297
909
3063
-1828
-440
-571
-2366
1543
108
335
-490
37
1055
889
-436
173
1949
383
1234
762
70
869
-1099
13
-222
1321
1448
-2147
231
53
1335
1693
817
1655
1993
170
-500
-246
1148
-622
208
-1138
493
-855
-1796
-1546
297
-922
-1444
-235
-1242
1655
2224
1190
-896
-2481
-1042
-796
-917
-208
905
-2219
-607
-1698
-1257
742
1260
-431
-876
164
560
2932
-1136
-885
-1221
-970
492
-745
134
1535
-404
-420
1180
113
1941
491
68
514
-1669
2146
2979
-973
769
64
-2362
-197
1178
-1103
472
-586
-447
249
-158
160
-148
-900
351
-229
-469
697
1269
-1605
-1329
-1146
-1897
-2309
500
1665
-91
934
-876
103
1461
-777
805
2006
1082
1781
1166
2680
-1624
-1338
-1017
112
-1743
1242
-341
-786
189
-1858
243
398
-733
1478
1133
-914
-496
-3902
-469
-699
-450
-214
-1060
-163
-375
-818
-712
2187
1865
14
1867
546
2539
869
689
276
-155
-327
-941
1487
-613
-530
-994
1177
-627
385
1536
574
-360
-954
-1865
813
-1259
-1232
-146
-2100
-1779
1726
17
49
-692
36
-1173
-1035
155
958
2385
-264
1159
-428
765
1593
113
-1454
728
-3731
-1420
603
274
-893
2240
2079
-1774
1344
424
736
640
-1243
467
-3
2153
315
-326
233
-1921
1160
2045
-431
643
-433
934
-179
1717
-555
-1740
1292
-1424
1322
-598
-1087
496
1199
842
47
-376
569
-547
-1541
421
-395
1042
-697
-2329
230
916
116
-3204
-260
1057
506
1808
409
85
105
217
-1336
-725
585
-16
826
-155
-687
336
-743
1675
-772
-465
-650
-156
1481
-169
812
786
-290
-1026
963
926
-1549
899
851
745
244
461
1384
2759
-111
-975
-851
-1180
-882
-835
2062
1499
-1899
163
-248
-142
734
1243
242
31
-1208
1603
1281
-2081
-1074
-246
-505
-468
2762
-310
-977
-1290
516
805
552
-1163
870
1115
-1725
-805
711
801
1201
-699
-2697
2774
350
-1013
437
-1667
2666
76
-1526
-1240
1186
769
-1285
-1805
974
95
-572
-3
-633
507
502
228
378
941
1531
569
-753
877
-1209
-1703
-1116
123
-2140
-1529
-1613
-2028
349
1437
402
866
517
-1787
378
1568
-1286
-148
-287
1463
-3062
-4101
-1696
2783
-287
-1029
2263
793
784
-340
345
-447
134
1869
1940
305
789
-1444
909
2894
-959
-1646
-526
209
-1369
525
283
-1682
-1391
674
609
-557
-258
-1324
1079
1974
-1458
-260
1157
680
-1487
670
-2312
-454
-1538
43
0
-1183
650
997
197
-2003
277
1783
-574
-2403
-1206
1111
-356
-1422
-663
1427
623
2209
85
-1615
1190
-655
-475
-1422
-1890
1318
-349
-1971
-403
-327
1128
-1974
987
-175
-442
-1794
108
1645
2918
452
-99
435
-288
-1333
-721
-2025
534
-93
-852
-988
63
592
-150
-716
237
497
38
-226
-1024
-101
1188
569
-1524
-1424
56
1406
467
-1989
-782
-586
-365
953
-486
1459
854
-88
1715
-934
-882
-369
1785
-14
-2599
-360
767
578
-1594
954
-33
791
-68
-15
1808
1379
56
-20
64
1181
-1402
609
1128
-901
-1419
537
-3404
934
262
-441
-823
5
3028
608
1302
2020
-179
1303
3032
2546
-1084
48
-640
-1827
29
-324
1568
131
-1156
-1543
687
-550
1050
-2419
-1676
1
-585
-141
-1324
1648
-589
1083
454
-2134
2743
2003
452
-2262
-1021
-238
2464
239
338
866
-141
312
-1015
-1326
57
1119
-2587
873
-1542
-656
-685
-3511
-1085
-1319
788
-710
-1060
732
-3
-566
-644
592
1247
-75
-2365
-1856
-1663
-1528
-2066
440
-768
-145
538
-1619
158
-540
915
-433
-716
583
-370
478
-954
-644
-900
-653
-1063
-1343
810
-761
353
237
-1339
-397
276
742
-18
1082
2357
395
1036
-403
828
845
-1416
363
-325
-1413
-654
777
-410
79
-789
-1412
278
-477
1241
-601
878
-1266
2827
-867
964
1836
2146
-2325
2345
-114
1620
1365
-289
-337
695
-1320
293
1057
1811
-825
-809
1457
2465
-1131
-3234
-1374
1026
1333
-485
-390
-498
-631
-1992
1980
390
-994
-3013
-241
-555
489
-1723
-826
-489
-1872
-1135
-989
-395
135
444
-1834
69
-221
-2322
-442
-1505
112
-1503
1030
903
-2194
1517
-81
2243
764
-1485
-29
-359
-2391
-802
-1680
-1084
-777
678
1296
1452
-668
-1377
859
1193
2083
-409
-868
1631
-1018
-1215
-801
1774
567
-629
685
-3309
317
670
-1784
-1569
-1224
-1016
1696
-3457
-133
1920
-348
-870
1785
-440
384
2950
-1361
2305
751
782
310
-1032
-842
-2101
1904
524
-908
-1011
-4230
801
734
-687
-1693
-166
221
4393
-2371
1706
1385
-2879
-623
1757
42
983
2102
796
-856
-523
32
1311
486
165
802
1583
2496
-506
-944
-842
-1780
51
706
-11
113
-1567
806
-466
1245
-1216
-1338
1873
833
107
-547
10
2043
-1443
964
356
-1631
-990
-77
-937
1222
1647
673
-1745
1175
1380
1897
2003
1350
-1174
-1206
995
2145
326
-2026
769
-466
-1830
-1851
1561
768
102
-350
-1594
-1147
-141
499
-817
1075
-337
-757
-236
28
1297
-201
1028
-2544
-954
23
-1896
-369
668
780
-684
2831
-599
692
-621
1545
1813
-1003
297
849
2127
-419
847
-31
-1620
-1549
108
-1036
524
1033
1250
664
-222
2330
-1218
1021
-245
-955
2966
-2710
2712
-873
1740
1638
-1286
-1333
-2706
688
1107
939
-336
1628
218
-954
1408
-391
-71
912
-53
975
1209
1335
1115
-2700
-453
-1176
-1059
769
-1469
3584
1400
-519
2503
879
-325
-1932
-860
639
551
-535
-18
-744
-282
1044
-2552
1037
885
-1382
2122
1301
762
-1737
-3376
2133
-395
-375
-165
-357
916
-501
-2738
797
678
1442
-805
-611
-316
2821
-1502
-2435
90
2665
142
956
291
-144
1866
2380
-407
-435
-77
-2561
540
3367
1756
-9
1881
873
1478
699
-1345
-834
762
-251
316
965
2263
-2654
-1438
-715
1879
258
1138
952
-2212
1733
634
-1380
-520
-1624
-2241
-1181
-73
1008
-1079
-1944
-1654
2757
-490
-1239
2946
2504
182
-871
101
2626
-740
-709
778
825
34
1161
-1558
-87
-323
-2195
-108
-267
377
823
309
-672
477
-2585
-1037
-124
3590
-772
-2475
-96
-1621
-2293
-1315
411
1326
1113
2885
-281
1153
-1148
-500
321
1215
1169
-290
2384
-1342
2399
1272
1310
-1964
435
-2980
118
1490
-684
135
1209
926
-160
-952
-302
589
1293
1826
1156
-2066
-621
-2662
1361
492
-1179
1878
702
2144
-1992
853
1639
1016
-2306
968
-2499
1668
-470
-1518
477
1263
1478
-527
1055
-1246
-709
3088
-955
1130
1819
472
-1770
326
1438
-1356
1717
-33
-183
-1198
953
-572
213
-383
335
-781
4085
-341
-747
-1110
675
3108
-1886
276
37
237
3218
-1069
1832
-107
-337
-1307
-618
819
1857
667
-801
-2081
1066
809
2588
-328
-432
1317
-605
2160
-295
-700
-1117
1435
1296
-1756
252
711
1362
174
-3159
2591
1080
62
-180
-2331
1163
119
896
-403
255
2741
-1352
385
-46
-2343
-846
-1109
1272
1625
-557
1096
-745
-1573
184
512
817
913
663
-1064
-145
194
1025
2582
523
547
-650
1246
1614
-1483
-1379
295
2310
-272
1478
56
1094
111
80
-1866
1209
-1545
-716
1021
-715
-56
-926
144
1467
-804
-2187
1509
501
-3499
-155
-1062
3746
166
-1437
-963
2029
1200
-1628
-569
656
-651
-381
-261
1008
500
-1956
-376
314
-1504
1539
1155
-1727
-149
1749
-1744
239
1019
-3608
494
2044
2691
667
1608
907
-686
-1407
97
1251
1917
-519
818
-3152
593
-303
-748
-759
2139
-1379
-1020
2412
-2499
991
1404
-59
521
-230
307
382
-1383
865
1473
-216
614
-1324
-1136
-1055
549
907
-583
-542
-659
151
-655
2122
1969
1658
-1636
1965
2254
-1104
1841
7
-1031
-2734
-748
-290
662
-4690
-1098
1656
127
1155
-1977
2533
48
-532
328
1267
-724
474
2740
-1376
-484
1074
1424
-1393
700
512
-1466
2094
-751
148
-1783
-1021
531
268
-2024
351
-553
-305
372
846
-435
292
1458
-745
-765
912
-619
-79
-357
-207
-1621
203
-2583
968
-171
-723
1417
929
-684
-2486
-2183
1101
542
-2019
529
50
502
2372
1391
582
1385
1437
959
258
582
-2077
-1007
-1441
736
-2565
2351
390
1208
820
-1613
539
368
141
437
-1300
737
1259
-686
164
2310
870
1588
-1051
-872
3140
235
-1623
670
1112
278
-885
-654
-681
-962
414
59
-2002
1621
-983
657
641
1318
-200
-1661
-243
2353
-945
1717
1562
-245
1183
989
-119
1155
510
-1603
1007
717
-264
-626
-1114
-2947
-1394
-1303
-208
-2211
1440
-1802
224
2597
233
1071
-912
-509
3514
-1621
-1354
-763
-1069
-3046
2333
-116
-1712
764
-1291
952
-1406
296
-909
-1832
-2430
1399
-2241
-924
-2779
-457
-346
-1530
3098
-1590
-223
-750
-1821
941
-203
-574
-2752
-788
-4524
-199
665
-1186
-258
1010
-827
-384
1338
-362
422
-1164
1198
-1812
225
-1699
-1793
814
-669
548
-136
1307
-560
-2116
129
953
1135
-1935
-1703
-647
1066
2550
1260
887
440
32
1596
17
-1318
1193
-1406
893
-708
-904
-1526
-223
-55
-732
-772
637
-824
943
-722
-869
-996
-2904
-222
243
237
1070
201
257
-1160
-141
-247
897
174
188
447
2236
-2143
539
-476
122
-1437
-67
701
2607
-746
-654
-313
230
-210
855
1343
-2354
1185
-1249
667
221
350
764
316
-252
694
-864
292
372
-341
-244
-1340
-260
-1367
-598
142
1352
787
1511
1338
-402
-1445
211
-901
1610
523
1905
1400
1064
27
1459
2351
-1214
-1421
1958
-1724
1037
902
-542
-466
1314
663
-1675
106
533
-873
624
-316
-1745
-2118
-265
-1329
707
1566
1255
-1198
-2915
-1417
-1169
-2923
-627
-1745
-141
559
-515
-32
1812
-3721
192
-1256
-454
1257
-1369
-368
-1667
471
-774
2769
-271
-1204
-121
-732
304
1110
-2783
-635
1202
296
-796
2115
-786
2248
556
-183
-356
-956
-1343
627
140
-589
-1505
286
-1603
-1842
1433
237
1400
-1628
-2354
-469
1102
1542
406
264
382
-1023
-446
689
1168
761
-2560
136
145
945
-1215
3334
1058
298
266
-3040
2264
-1293
1015
2233
-837
-122
-1411
-5
2241
-881
483
-3792
-435
518
201
753
659
-490
671
-869
1065
669
-1808
-357
680
-13
-3728
1475
-848
-1198
41
-2222
-655
-794
-14
1576
1863
-427
-1059
-983
-278
1049
1193
1185
-1974
-2200
51
-839
1050
-2919
-54
-720
160
1227
2026
1179
1690
832
365
-1779
2568
3296
2472
-35
2730
-613
-37
1861
-142
1583
-156
3052
193
1045
1618
1253
1898
889
-572
213
447
-1747
-843
-1172
974
-545
-691
-3
-1257
2983
-850
-224
-2603
431
-2052
1352
-786
-640
-618
-1655
910
-1951
-1193
139
-2670
-1372
-2115
445
-973
705
506
-76
-1307
-376
70
493
1881
150
-212
1062
-2739
-227
-594
-603
827
-1260
-1039
2978
502
-240
-335
-720
-1660
-1942
-1510
739
635
116
281
-94
207
-101
-1314
1432
-1729
-87
686
-1747
2352
430
-467
605
-568
-406
9
-638
-667
-3616
541
573
193
3967
748
-329
1280
1647
1450
2724
640
1035
2224
384
-202
-656
-232
-983
418
694
788
979
660
433
-1457
-947
508
-128
-966
1252
1923
-586
362
547
-267
-2968
243
1394
-646
-2671
-953
-755
-1788
695
1207
1375
1555
506
1206
662
-435
1198
-253
360
-1447
-519
-205
109
-1356
-1170
-858
-863
157
2768
-1045
-364
1147
-333
-339
95
1114
-1736
-1158
-2589
49
-1963
1002
-888
-1524
665
-510
863
-102
1092
-89
1418
698
-1240
1190
640
276
-940
-374
-747
-1042
1036
67
1755
810
-996
-675
1069
1814
963
-392
1168
-1436
848
-2035
2179
-421
631
324
967
-1463
-620
-1462
-371
830
-1140
-1430
-132
1376
-1345
1084
377
2128
-723
-1177
-893
14
-852
120
-1137
-1715
276
-1509
-265
396
1054
20
-2227
510
-216
1076
2552
-511
-163
-2115
-261
365
1881
-1130
-983
-478
8
-1620
182
-508
1510
820
-1832
379
-382
394
3593
-2081
-384
-1159
235
-590
330
1500
1137
-585
-990
-553
-54
1169
572
1297
102
1456
-2904
-696
-1516
157
141
-403
942
-1857
3453
-84
1090
-1978
-1863
-1314
-1160
2522
463
478
-1188
-1256
-1101
755
807
-68
-150
-448
712
-423
593
-1534
2807
31
2230
85
-1402
-1888
2642
285
-655
1348
1006
-1708
-662
-612
2304
2251
1350
-1252
492
1978
382
-2231
-611
1409
1005
3459
1320
920
911
653
-1015
-663
1300
-999
115
353
-931
-2180
580
656
-1054
-830
-1628
-898
-1126
-2635
-1677
377
-572
734
-714
-340
-66
-678
-1371
645
-1617
-971
-74
1253
823
1118
484
-458
-1190
-35
2087
1473
-1055
-1693
1856
1046
2354
1399
-495
2997
331
-24
-706
2113
1235
-713
-582
-27
1618
-987
2258
121
832
-2555
-2086
-3148
432
-2015
-1704
1917
367
924
-1284
2540
354
1094
969
936
353
-895
-93
-1518
775
1108
-791
-1149
209
-1459
399
-1067
978
-857
-1674
-658
-279
-1947
1059
-85
-123
159
619
780
-1944
-1202
-410
-2085
1898
375
-1474
-203
1746
-606
182
420
544
-150
2032
1586
-966
1472
1466
1699
-1206
154
-224
753
-450
-1002
-1786
-433
-697
-1174
2334
1109
-1165
484
805
-998
766
186
-1255
3333
-2357
98
-196
1645
-1990
2017
-430
-242
1049
2037
-1126
-81
-488
1143
-87
1424
-268
485
42
933
-1314
497
-886
1483
-2038
608
277
178
3211
641
-420
-845
2048
-302
1195
896
418
319
-146
-2517
60
1503
265
1648
419
-82
613
384
879
1546
-552
1420
641
-2672
1665
-447
-597
-428
-1630
-95
-519
-1379
-1319
-479
-190
-1518
1016
216
1849
-2365
1805
-1636
1137
-529
-569
82
-630
-543
425
-3074
-614
-115
1491
-265
1866
-570
1069
263
-340
1121
1015
1516
299
-1744
-342
2315
-1274
269
-1648
-378
941
-151
-451
-2635
103
396
-760
660
-994
2068
193
810
-1939
683
-1342
1042
-1183
-922
-527
744
97
-957
-661
-617
317
-290
2989
-524
2132
1092
16
558
-1294
675
-1561
-1815
690
-479
-2069
-443
809
526
980
2993
-2255
1527
170
-773
550
247
-884
-895
1049
661
-15
399
1692
-701
-440
-1167
-1130
631
-952
123
451
578
-27
-325
-818
1510
681
-1469
3422
-229
773
719
447
123
229
1984
758
2
121
101
-1135
91
-2115
1310
-2995
-4295
-2400
-2169
35
1959
-545
-855
-1961
165
-304
-197
-698
66
-2882
-675
-642
1042
1187
2670
2439
772
-1462
774
211
1490
54
-1243
286
2123
1103
-1169
-659
171
-2080
-543
2020
1324
1748
79
-173
578
2616
-536
-1086
1012
1652
833
2347
275
-541
1329
-257
-604
1466
1651
-1509
109
1251
2019
-1871
-1841
2300
-288
-49
-110
-1532
429
523
1840
-656
-392
1199
1012
1079
1725
-502
-1239
-543
-271
-1030
-1115
285
243
-492
-190
205
-1745
-2213
-936
-1046
-1771
-1938
-875
-629
-1968
-375
713
96
-1680
-2331
-2590
-4123
-4170
-1916
-2892
-2024
-128
766
-1861
-2572
-1466
-3016
726
-821
1638
1146
-875
-8
-990
-138
775
1141
-1684
-819
294
-2856
-1359
1448
327
-477
-449
-363
2339
-1222
-2367
-233
-575
-1382
1271
2006
-1022
-1322
-309
561
1095
-951
804
134
1532
-1023
-1138
1365
-678
441
-1119
261
440
-1435
-1150
-80
-73
-820
-291
299
-93
766
1028
2026
-901
-125
3295
1015
417
563
1188
746
-547
-473
-1405
1295
2882
80
-2916
-3466
-1977
-2323
572
1562
-586
-459
382
213
445
-1721
-74
-1175
-309
-1483
40
-1871
962
2040
-2158
-2222
-1825
-1262
520
1548
1528
909
-933
681
1279
1852
1650
-110
-523
238
-2622
-768
-84
792
-609
-135
433
-63
-1622
2509
2400
2801
668
343
446
276
702
581
-527
-851
-82
1137
2656
1441
1120
1364
1052
2378
305
2735
881
142
791
-1723
1037
-536
-107
-1522
-1702
1096
-11
1290
438
-764
17
128
-913
-433
-1581
-86
-1072
-2245
-1507
-650
-884
-1342
836
-651
-1135
137
-390
1204
267
575
-209
37
941
-1963
1274
289
1534
543
-221
-1674
-2812
-5
-1251
-133
-1931
-1637
-753
1120
2359
324
377
-1092
-1965
-1503
-2070
-650
-423
401
2379
1757
1477
3091
-413
-23
-2652
-531
-1808
2240
1441
131
1430
-294
423
559
-1661
705
735
-519
645
2761
2726
1366
-743
2847
-238
-916
-417
-350
860
1439
345
1320
3106
1480
733
-916
851
-1519
-763
-693
1317
206
457
1744
-1124
2579
2198
754
2150
-586
-1445
-3244
2033
1574
-671
-1390
1503
452
-2289
-3002
-661
-988
2402
3180
825
2495
-868
-1117
-1744
443
735
1699
1792
863
-509
-1488
-713
-2717
-1996
-1849
-1486
-36
-464
189
-2152
-2324
476
899
1135
1178
340
-1742
-137
-469
-185
107
62
-1056
484
-290
178
972
730
1382
1340
1979
498
1460
1222
-744
-2590
279
863
-1244
-1267
1213
105
-1498
156
1480
1704
-127
-1781
-823
-1370
1657
879
688
-2682
1106
1464
775
-211
-1999
-1113
-864
1789
1337
-1344
-1865
985
-2130
539
132
772
518
352
-302
-1739
-1826
-2238
142
3026
-629
376
200
-1318
-694
-1530
143
-1078
1999
2034
2689
422
874
-2581
1883
3220
-1330
-2119
1370
-515
-2559
-1504
1302
2671
2842
-1025
-2926
-893
491
679
2440
799
-404
-4748
-2417
805
2764
1071
-1392
-2044
551
511
2616
-498
-2502
-189
1166
2761
-670
-1413
-1593
-29
2044
-693
-3028
-543
2456
773
-345
-703
-2254
259
1063
-337
2510
20
-1895
-1831
-1616
527
246
1044
986
-2008
1560
15
644
1941
2971
721
150
881
1302
-1306
653
2380
147
268
-639
0
741
-381
-1555
-255
858
1326
1391
-1594
-118
293
1335
-83
1054
-944
1492
2276
1721
-1168
883
1484
-921
-550
1585
-564
-2672
-441
1999
64
-840
1962
1824
-817
-2074
-3761
-386
-407
495
-597
-1818
2532
-180
-2785
-896
-1619
91
-1635
-1257
1226
1463
-1335
796
1081
1280
247
-314
-860
-1649
-1362
-1898
454
619
1161
1343
1898
757
1366
793
1263
223
-1935
-339
-72
751
1801
1120
916
-857
-3238
-1273
61
-3789
-2020
2594
-1024
-1282
-923
2609
919
335
1425
-551
-1460
2732
1658
442
150
-1312
-515
2018
296
-1433
-408
61
-568
-3273
-2217
629
-65
-820
-1379
1159
1158
-2080
-1269
928
653
-1510
-1461
-2483
351
-340
1197
513
2986
780
-1405
-1033
-494
-106
1539
1265
-1006
24
2588
302
155
2878
3996
1073
-338
-1657
-1758
976
-1135
-1399
-862
230
1547
381
-1322
-1059
-2244
976
-1048
-630
-1300
1931
772
384
1093
2283
387
-338
-135
252
465
791
-745
942
460
698
1745
71
1945
1937
-277
-953
-432
597
927
-1079
-1093
780
1085
-508
-310
950
1726
-1545
-1637
1689
1764
1015
1534
-2803
957
71
187
230
-991
736
2410
653
-479
-1468
1377
1327
-1049
-1662
409
-264
-2009
-510
-51
2158
1729
-1711
-789
-50
-1133
-3290
-1279
-2866
97
-1197
515
-1531
-857
498
-141
144
-215
79
-217
-1429
254
102
511
2657
2209
-532
1384
642
605
1001
448
1278
848
1242
-272
-492
-2987
-530
-1713
2032
216
195
-1199
-1457
551
131
946
-1260
-1238
1555
2583
41
752
-687
-828
1248
726
1510
1507
-1309
-1263
-1767
1608
-837
686
-1331
-1124
-353
2975
-919
-37
-744
-910
1681
-805
-385
-789
-1060
-593
-452
-2428
267
1473
-1033
65
911
1464
-71
778
-403
537
952
-619
-1179
-2630
917
-1108
-810
-609
727
-1452
-1510
660
340
-1123
1448
324
690
135
1408
-1864
-3192
-2450
-1375
-354
1175
1707
519
-1263
742
-616
770
-15
-1762
-141
-952
-144
-1669
-1452
-54
381
1134
-229
2828
-2197
-1513
-226
-1184
1191
214
857
434
-1262
-1180
-177
889
-1141
-1717
3200
469
-565
-781
-2114
553
-1382
-458
32
1155
-701
1054
509
787
-395
-2580
-198
2186
-2188
2677
1861
225
948
179
1017
-1027
144
-226
119
975
207
1675
1113
1195
430
-718
-524
940
-786
-958
829
-2267
145
-218
-961
2358
-406
2581
-268
-716
-1455
-1366
-778
1788
5
713
2179
-877
-474
3351
-908
1125
-1534
1859
-200
-930
675
-846
929
-1225
172
2695
-341
1335
-1589
365
1801
-2174
2309
-574
-953
431
1806
-763
1681
-77
1267
1474
1383
-775
-1027
-681
649
421
-1064
701
-1379
129
-892
844
-139
-1404
2070
1160
674
1270
1289
106
-269
910
-89
852
448
1617
-729
929
412
-2362
1034
879
430
-839
-847
2432
-3436
2553
393
-372
434
-909
-68
423
-241
189
-1186
-623
-1568
2937
1931
762
122
2613
-200
-206
840
-1046
-1113
-172
-3
-1357
-1820
-1086
927
-1926
-1111
845
888
1010
1598
-795
2301
-387
-1735
-2041
318
218
1795
-1401
-1244
-191
829
21
-1278
249
-1682
40
2067
1054
-1607
936
290
-2381
192
-1050
2456
3367
-952
1282
916
-1318
303
-513
109
-788
1690
-573
-1593
398
-282
-1131
58
-103
-750
-423
-122
121
213
61
-1196
660
-2383
307
1853
3
359
-708
748
-759
987
253
744
-658
425
18
-1925
-64
875
-2073
-364
116
-1680
-1181
-1750
-340
-1400
2595
-710
11
-218
1105
-1269
-205
553
-1556
948
-2607
-89
690
-213
-797
-890
-1738
-1074
1136
-2314
-987
-454
-257
689
17
833
401
211
-1377
-2350
-1077
-653
-2308
1007
-388
1296
649
-594
-1922
-245
-63
733
-275
-1174
270
-431
484
-877
-1608
1647
292
2175
181
1487
1087
2186
1251
417
-477
1089
-2353
-1398
-1654
602
-894
-818
41
-517
775
1905
-1391
536
30
181
-92
1039
114
658
831
-1476
617
210
2441
-1237
1510
-2410
-1546
-523
-871
1077
479
226
515
-1445
1266
106
-1746
747
-410
-2447
-942
493
-1643
826
-1127
-1939
474
-1461
2125
359
721
1100
-1783
-433
-598
1440
-349
-1616
925
-170
-1136
-2251
1340
450
-1235
-813
1076
-211
-1032
-1516
-1235
1707
31
-485
1444
168
-307
891
1036
-431
-1703
1132
35
959
1461
-2209
180
2028
292
253
-833
735
-2458
-376
-1284
-892
61
678
-2046
32
-939
-954
202
1231
685
-212
-1635
806
-1254
694
2067
-228
717
-1608
-1381
-1720
-1707
1021
111
877
1009
611
-388
-3018
-498
2063
-1065
425
420
-981
369
-1099
-745
-2222
171
1196
-1726
293
827
-504
2140
338
-233
610
-2557
627
-315
791
1319
-1456
2809
1789
-899
1156
-912
-407
831
669
-847
847
69
-2481
-1567
-297
276
-529
-414
-162
-170
-525
-323
210
-787
-508
1066
835
-1866
-466
-170
3053
-1715
205
-1681
13
1319
-854
-329
1584
-520
348
311
976
-130
-767
60
-777
-1727
-2861
-865
-475
-2146
1076
1252
-78
-887
414
-2174
1087
-1411
-2443
843
-2999
-826
699
340
3271
-963
-385
-55
1721
-343
-983
616
152
349
725
512
-508
-740
-2183
-66
1493
-1435
530
46
183
-63
-1639
1570
-1089
-681
-398
496
429
-2423
-1056
-601
-102
-1923
-847
1481
1591
58
-1430
-1147
-1374
-1
277
744
10
1104
1370
-1479
534
342
-1599
1881
1021
97
-49
453
981
1259
2252
-1073
-178
-1464
-395
494
-654
138
186
-302
2690
-583
-126
348
205
-1644
227
-2165
-312
-133
-755
-205
-22
605
-1072
1300
366
2011
-961
-28
1871
-418
-1024
-508
-499
11
-944
-105
-1334
-305
433
952
-798
1429
-279
-316
-219
1826
-755
-2398
3585
-44
-160
-259
-2286
2248
-1526
1150
-414
-858
-102
-1258
-2046
-740
194
783
390
303
-375
-28
-2452
668
428
518
-631
513
-587
585
1652
267
-454
-123
-269
-1170
-874
938
-976
1224
50
630
-13
-2395
572
539
1156
-31
-453
-734
-307
-754
-193
1829
-2905
163
-589
-948
-798
1037
-303
-516
441
536
827
-551
-266
1249
-946
1048
916
-76
782
-1158
1578
-1146
-1841
-601
503
60
966
-205
-922
-1833
-228
-1861
1312
-1210
979
564
-250
222
2
-1798
1650
1764
-1228
-343
-2191
-2009
218
547
628
-1350
35
-1634
-1153
-643
-17
-1023
337
-282
960
1510
418
252
642
-1018
1127
-302
-978
-1774
-566
-981
-18
-761
894
-498
-973
-101
500
-2281
-1099
-28
-331
-310
-1015
-476
1850
397
-574
1804
170
-552
1366
1149
1755
-153
-388
-165
-1073
34
-1373
1906
-1196
1666
-190
1478
-2275
-137
-2973
-1516
-2126
-463
-990
-1382
369
-653
-1604
1605
763
87
1282
737
-1262
2703
-965
432
-221
1855
-505
-306
601
-1010
137
-454
-1106
617
1725
1041
-446
-12
-1707
1169
-1293
650
-996
859
-165
-1318
1755
3401
360
-312
1789
1752
256
-590
807
1189
15
2335
1917
-1138
762
1663
562
2218
1334
854
1643
-420
505
1411
-217
1399
955
-1291
71
462
79
1735
792
-458
-1360
-521
-369
239
69
-223
-2383
1795
1777
758
851
1281
117
1646
395
-579
-305
-137
-1432
350
-506
-904
-962
1103
263
560
-53
-349
623
1998
-1398
-1210
1167
-2710
-1372
-565
-224
95
-244
169
-681
-2517
-1631
-270
799
-2217
338
-403
-1487
1971
1929
-845
-2541
-904
-762
-1003
1499
-1136
-2053
-3405
-1012
1843
444
-30
-1977
-2254
1455
-1713
3068
338
657
1609
-50
-147
1046
-451
1676
-669
83
-496
609
1730
588
-381
-839
-1333
2577
668
1666
276
1021
2392
1971
-1222
49
-587
1399
-1711
-506
-1389
-1563
380
1310
84
1199
-458
-334
-868
915
-1341
-202
-3246
635
-1881
-182
-723
-325
911
-1603
-980
-201
13
-457
-2248
1143
328
1279
2411
-1531
-527
1520
1946
-1508
20
141
803
423
-711
120
-1201
-1456
1174
243
220
490
-1501
612
-2292
2836
-175
19
-830
-947
1218
2846
1101
1508
-1320
-915
599
425
1437
1157
-1229
-502
-2255
-1719
-611
-495
377
100
-1478
1099
-1318
2432
873
-212
-168
-518
284
1577
-64
-953
-1422
1684
-1312
1390
1566
-9
-797
448
-34
-2791
915
2075
660
-369
-461
907
-289
-742
3061
164
1851
-797
2220
1493
-4
-198
1349
541
-791
-606
30
201
791
-1187
-2569
-798
-4
-1214
-2148
-730
1715
-474
2645
900
-249
-962
-1383
1166
876
1799
736
1775
-669
490
-145
-151
-776
-525
-538
-837
1798
-1692
-939
2625
835
590
1588
2325
-718
-59
1700
-755
1545
-1092
319
-533
-195
-1077
-157
-1754
-1540
162
714
-743
856
-794
371
-1106
520
701
-1326
1390
-274
1138
-357
-164
-264
-2440
-1398
1036
-2756
2997
1147
690
700
2217
-47
-1805
-1455
1064
-298
-2060
-507
783
-1613
700
-2046
-35
298
49
-207
-766
1010
1626
-896
451
32
815
-454
-621
-798
-146
-1280
24
2572
781
1660
-914
-1374
1374
1247
215
2638
1697
579
904
103
776
-2643
-265
2541
2421
1965
-682
605
-706
149
-665
1226
265
1910
1314
-598
584
3172
641
-1615
-2160
843
-195
589
-788
1522
706
-141
-164
394
644
3093
792
-1764
619
-2208
78
-1079
-1003
-460
-3441
-2333
-783
-289
-2349
612
-415
-106
1579
1562
562
-923
-273
-1099
-2544
1712
430
988
304
-239
1273
51
2562
1960
626
-383
-1200
-1871
672
2997
-591
1778
653
-2111
-237
-1474
-118
-3183
-3070
-1620
2683
466
476
-37
-1127
2297
349
1005
211
-249
-211
-453
-1412
-1155
-2700
1179
1582
855
1203
94
-159
2698
1219
1717
13
1815
-408
503
514
-184
-76
-319
-2067
-890
-362
29
-826
-667
-1402
532
10
831
1178
1472
51
-1494
-1105
-2240
826
-615
328
2954
-84
1313
663
-2514
1918
-2128
1483
2512
1305
1474
1434
2254
31
-1547
-698
-1189
-885
-1223
-189
-72
-401
2266
1003
1825
-59
-663
-2768
-539
1875
147
-1398
-1588
-1947
-1557
1555
870
-734
1175
624
536
-660
1647
-98
854
-1075
1190
1646
-397
-642
1362
1578
-776
-903
-1664
611
-118
-347
754
1632
37
-1700
3987
382
-1186
-1528
652
1133
1037
2158
445
-271
-463
1136
1282
449
648
-997
518
220
611
-1006
1657
-338
35
1125
760
-853
150
-1022
2661
1328
-622
1228
-799
-471
1545
453
2270
-938
-718
-1357
1202
186
-299
716
-274
-652
147
186
899
-1056
-2736
1164
850
929
-526
-16
704
-1142
946
483
2828
1429
-1976
-915
1067
727
868
-1159
-355
788
980
1739
79
1544
-37
464
1473
-1009
793
1136
310
295
-199
-2346
-623
203
-1122
362
523
-2025
2689
-515
379
2080
1398
-82
140
-660
2770
2500
-807
-230
685
1053
-1163
987
2287
314
-918
-1360
2251
112
-1230
-1304
-557
-1941
-139
61
408
1031
988
611
-1024
168
107
-270
642
603
14
1181
-185
372
-1281
390
-259
1334
1400
-1432
-357
185
870
2324
1503
428
511
-897
-101
-1695
-1438
1023
1321
-1731
-887
608
-2305
-3069
-2173
461
2078
725
300
653
-400
1110
487
1299
1389
2468
-1291
-1867
-1774
127
332
-1146
579
715
-298
453
282
452
457
1353
656
2843
6
-846
-429
1065
1318
1291
-311
41
-2910
-1037
1395
943
-702
-1304
443
-516
-48
178
-149
-471
-366
423
904
1317
1773
843
-882
18
-280
1373
-1377
-1551
-531
-2077
2274
-166
667
1070
699
-2984
-221
-2116
579
1251
-442
-1027
498
-95
1537
464
1075
38
979
1414
-1168
-2168
-43
-592
-239
-404
-716
-984
216
813
129
1161
-2410
911
790
1289
874
-1461
-132
355
-939
-188
-259
-1209
120
-1651
-1161
72
2070
759
-533
-2905
47
-359
-822
-771
-937
660
291
-1650
719
978
1321
752
75
1153
-1480
-1277
-559
794
1948
-162
-2452
1415
605
420
-1962
1549
-1499
-2229
-1948
811
-2631
-1497
-956
-612
-301
4703
1849
831
1209
422
49
2438
967
335
1011
-90
90
-1119
1283
-1438
656
339
-932
-66
-960
3040
1286
-1043
1084
19
778
2197
1386
-1463
160
1347
-1662
980
762
2502
620
-730
1064
1313
-369
1156
-692
-1876
-358
-913
-251
347
2037
683
180
1224
-1169
1407
1611
2108
-2168
-1802
1658
-567
1960
2137
-1300
464
-436
348
-204
1394
344
-1660
-290
-1308
-1989
-1077
-2679
-1180
584
-469
-87
2911
810
515
-986
-977
763
1943
-1112
-1811
-2657
-1477
-2889
-254
-2704
-535
-548
-815
-1458
-1645
699
793
572
-1027
498
-1277
