44594 41976 40829 53059 47792 49671 63336 64874 67378 69730 60186 56904 57453 40971 41652 41402 47162 53060 50980 48896 52966 60834 43678 50293 62168 55879 47218 45017 40488 40384 43314 32513 32944 39023 40704 52652 57046 47607 45555 47658 47402 49149 26759 31680 35719 41926 48064 57128 58977 61926 47268 52318 40880 51301 44442 57785 51484 54740 60248 53181 44313 42435
54985 47934 46627 39158 46785 44269 57819 64649 45277 62117 43745 43885 40606 36874 18600 33781 34034 40441 32929 44814 41907 54130 48775 37902 53991 46560 50418 46898 51459 47783 47473 50854 50091 52690 52250 36864 47665 33399 43272 54847 52095 61581 37358 40990 39796 42957 39451 32590 50056 49824 53507 55359 51744 46372 31554 50886 51450 48948 46665 58837 52354 53081
43726 48541 57015 43493 53855 52286 59151 68788 52495 55167 47249 56371 44458 43243 30668 42277 39457 45473 26908 43243 43449 39838 45720 35130 40034 49975 55419 56568 40947 53227 48265 49266 49066 48837 56490 49458 40777 32811 34337 51007 54304 50168 45008 36283 40146 39359 44480 44395 39023 44670 54282 69536 51342 50682 38160 44748 37149 45456 39093 57085 55827 60806
41935 45337 55225 47839 59194 65783 53298 56080 43335 40175 32233 42810 34289 45313 38869 44370 32705 43754 32844 43963 44501 34142 40656 42260 45883 50473 44547 51866 33267 41220 52833 58098 70452 60175 50439 39352 32999 36563 40994 51185 53294 51266 57382 48897 41923 30842 32372 35044 41606 52602 55566 68316 45375 39510 35687 50514 43369 48869 43234 57521 52070 63249
29208 32059 48773 49748 46390 52957 62830 52097 50374 47800 52197 53831 42776 36493 48306 61961 57915 47769 32886 29634 43970 45818 52235 52019 49799 60432 43156 60036 40067 37396 37282 48921 56742 54971 40857 35009 32835 38377 31192 37504 52910 50406 51807 35379 25218 23977 22065 27256 29718 42197 48321 53481 43415 33295 23161 46547 49556 41040 33879 50770 48653 55850
33772 35927 43249 52583 46562 52112 51071 54138 37406 50507 36860 45539 43723 37748 34195 41476 51981 51100 41691 46304 49189 60343 63237 76479 64508 57771 41941 41592 51599 47862 58900 65470 64392 59010 37409 46622 39668 54225 35925 33479 49584 63595 55520 37507 28080 26576 31630 40359 39835 38338 35490 36816 36856 33490 24235 29545 42489 49042 37601 61627 53716 40216
46728 36347 40657 34470 39532 36515 42877 52204 41778 62215 42518 41532 29154 35355 32922 54946 50414 47636 32509 45531 61896 76857 78796 71825 51969 44346 46133 42864 45493 46537 56068 47730 40792 40977 41380 47846 43908 46404 43946 47136 56201 61398 48168 35678 28843 32824 44920 32247 36836 27511 38973 39883 41536 41112 34922 28346 32447 50612 46798 48858 39356 26461
45101 40205 52518 47348 48693 48999 31497 58752 36976 55430 39649 56417 40197 43867 36052 49496 47976 44975 47778 53567 57385 61544 64235 67507 40019 37674 36102 33178 52715 40324 52280 50372 47196 57405 58462 62362 41236 42853 38644 46908 56537 75527 52109 45479 35314 37230 50033 50349 52323 43206 42572 49440 45072 49297 37119 36297 34008 46996 51258 58803 39684 33781
48736 35692 42661 40359 44791 50862 32906 53289 33988 56435 45177 61354 49353 54487 53846 59031 50102 33002 38469 49234 57804 66387 62507 52539 40268 50355 41593 33145 29479 32724 41196 47692 54392 42224 54469 45964 45372 43670 45382 56598 62020 69637 55685 41352 39337 34360 39932 42686 53973 53976 60811 62403 53831 50130 48556 45473 42103 53159 43803 48523 31627 38496
61138 45785 49726 52568 52288 58404 46478 54088 46152 62361 65368 74542 63397 52441 60965 53748 53866 47975 44631 42605 50995 35843 48503 43835 45563 48109 41856 38868 35013 46572 48635 47195 53454 55663 54463 48785 53601 50531 42394 60259 68159 61582 54184 41853 35488 27806 42738 40793 59354 62290 60140 53008 47954 47335 43642 50717 45219 65720 63480 68826 56729 52873
70112 55308 49756 59892 67228 62337 52518 55452 36862 48333 57643 57171 59651 43749 58345 45234 42737 49318 45850 45043 55299 43391 49110 41536 47904 50420 47031 40627 40360 53626 45909 40930 47464 48282 57530 53695 53200 48393 48571 66274 69080 53018 40439 42223 46697 42965 47887 43515 48943 54328 62643 48814 45871 44933 38144 48673 45528 60630 70025 68279 66711 56225
80743 64888 56754 56896 63966 56188 44311 52667 47690 58448 60595 52068 43384 40223 48885 55649 45310 48688 42130 42565 57309 53014 53233 45362 43194 24582 29828 40420 44219 52332 45852 37397 38503 49916 66277 61591 60636 58833 58999 67608 50073 41547 31733 36708 39292 35394 50653 52953 52468 49572 52656 31476 37647 39995 35385 49395 52829 67205 61367 71298 69247 63971
67129 62488 50957 52090 63136 58769 48943 52183 54044 59721 62532 44102 39198 37962 38737 35834 38720 37268 37144 45503 60011 65153 44976 32022 34397 24864 36956 40889 46943 41139 39306 37165 45047 53190 65402 52548 41672 50052 39876 64150 37061 43263 30415 56714 47168 44743 45820 57414 44028 45466 55598 40576 38101 32409 26669 38737 37000 48814 45157 50580 58889 50397
53010 45673 49232 48526 60459 46733 54052 59380 56077 62824 55391 42009 34726 32308 43104 42673 47981 41663 41862 57056 56962 60384 51273 35429 33678 26573 23155 30965 53348 54666 40610 27120 42553 62366 64122 56452 47298 50411 40373 49127 28620 40932 30121 41555 38241 41306 42441 53638 59670 40535 37616 30182 36467 40710 35158 49426 39811 49212 44858 52216 55233 50399
42285 32679 39879 51964 71854 63094 57160 60807 58811 48081 62115 47760 38039 37109 46181 43248 48931 35874 35867 42179 47172 44492 26796 29550 38451 43121 35449 31806 36096 36941 36015 33182 49459 57692 57533 39596 47764 49116 43216 52911 38486 50320 46215 53579 38914 36620 42911 53310 54369 49880 53737 48519 46956 51906 46171 49077 49056 38205 47502 35888 46949 30396
42038 40989 44633 46385 50574 54946 46573 49602 41504 32742 39398 43550 45938 34684 49434 42758 45422 55502 40111 43503 32378 32307 29396 49950 50591 51599 31892 40948 42990 44190 33734 32096 50191 58443 62106 50980 42910 52476 37414 41851 38798 53366 49429 50864 47956 44059 55429 60623 63283 43626 42714 44960 57826 68750 64604 49820 65220 52865 57004 47275 55342 53185
46316 36320 47309 57895 56941 61856 50239 43069 45595 44315 46745 46504 48110 42101 44303 42200 24848 36287 32037 38557 35524 34844 44946 50381 57074 55876 46329 37445 38382 27402 24691 25006 51062 51509 53918 46099 39840 44702 46876 45259 47023 59651 59303 56840 47066 49241 46376 57158 49509 56571 55391 64053 65590 60056 60081 53903 64622 50066 55068 38585 50317 45703
37890 33532 51426 51139 52518 58218 62169 48815 42791 45578 57805 48504 50894 47440 33645 40732 23742 38769 42408 39411 39321 42508 52636 57022 59667 57474 52370 48953 49599 45636 38403 26943 51933 54342 59474 60555 45337 40221 46399 45343 44641 42813 56115 56565 55246 55999 55757 62131 45346 42389 42419 52721 62640 51716 60873 60497 57693 50525 48106 56191 63146 57274
37641 30177 38965 50991 61907 63516 62137 47791 48044 54168 58021 39847 40698 45383 43355 28986 19415 33355 43556 35559 38999 44320 64643 58752 60826 63929 60348 52988 48788 42818 45969 44055 47727 53837 52529 57559 50410 34472 52487 57198 51219 38276 50830 46907 53457 51633 49579 59055 47623 43937 53223 53785 52542 39304 49953 62392 64796 57224 42452 46822 48405 42323
37617 43944 46695 53837 56014 57452 58261 44809 52677 49507 64083 50381 54693 56407 53360 51319 44038 41580 38520 28351 33843 30809 51957 53794 46008 60922 50589 58601 51492 58416 52042 56817 49894 58801 51113 43679 42485 41823 57528 50375 49489 32701 42353 35605 40016 45610 55438 58772 47219 42505 49355 46908 60214 46781 55865 50116 40027 43495 39261 51896 47674 38662
36720 56216 61205 63645 54083 44092 43765 42549 41956 33615 38202 30911 46838 51700 46923 48066 54344 59435 39630 30274 30146 34367 43272 66294 51430 54618 45407 58677 64487 63768 50600 48337 41850 42134 43993 34761 34475 42721 44373 54408 49422 48481 53424 56011 59849 53649 61400 54008 54406 49347 53382 48852 52594 38529 42991 52074 41184 45953 29808 40115 40483 25566
43555 50637 54912 51198 40386 46279 45809 49953 40188 41406 35166 47552 51496 61589 54260 64918 62796 57343 43856 23142 33427 37206 48172 57154 53369 47939 46819 54452 45685 41300 41580 42760 49310 36748 30592 27006 32524 56517 48046 55164 50302 53766 48196 48795 53996 59945 58832 41889 38442 51720 49320 47367 57207 52279 43583 46310 32051 43972 42392 34815 44415 32725
36347 44678 57984 52233 45803 41365 34186 36971 34823 36742 26535 38521 38205 50342 28141 36637 52717 58749 59775 49334 34291 56634 51340 55797 46712 42780 52970 56196 62129 39004 38481 40829 54883 46685 40637 44709 39825 47530 36191 42492 38941 51519 48496 62388 54652 64922 66786 63396 44736 47844 46894 48613 59712 51384 46578 51306 53719 47636 43765 43247 47075 36805
47035 27256 32826 35833 33589 46977 35505 47985 36686 47312 29621 44051 35000 52526 31348 39811 45796 60055 53632 47294 40942 57677 62609 46683 44533 38898 50387 49852 45844 40777 33546 47244 63004 59576 45653 45647 57967 56640 61384 55796 52045 48425 31666 49807 44404 56975 49609 52895 42923 42561 46237 47851 57268 58433 51659 40633 41828 49613 47949 37990 37434 48765
43764 44443 44594 61835 39544 39572 27183 55578 46600 53076 33166 36761 23358 40478 32779 42213 47520 55320 50777 42614 41793 52425 40080 33992 39613 50624 65549 61138 51707 33374 45276 52614 59266 67578 70797 59737 59306 49840 48137 29535 28996 43482 40244 57481 43237 43512 38635 54472 49402 49598 35619 51798 57445 46836 38552 32395 33992 40993 49262 52514 35463 45099
53338 42128 42817 52031 32316 36294 29803 53116 54583 45221 33930 33941 31758 57207 55431 53244 44880 43629 44013 42937 42094 47895 42282 44348 47406 59533 62520 58858 50796 40117 47452 54721 54556 55421 57592 53904 56413 55205 55245 42007 30876 43045 52608 50205 49730 36160 37291 36430 50227 40957 41617 44173 53073 40292 35742 27088 33694 33356 32860 47809 45482 50926
53202 48131 47322 56945 42330 43746 43175 54966 57382 47167 28773 45126 47936 58627 58800 41700 39254 37347 33616 35837 29112 28262 32761 36358 56338 63084 69539 65727 56523 44098 40125 59708 60345 65721 53636 55519 53410 53709 43140 35249 34614 47828 55289 53915 44233 40550 47453 55682 47481 47699 27283 38625 38497 29451 38293 35733 44403 34186 38680 37841 44893 62443
51229 41187 40810 49917 32157 31212 40685 43254 40259 36035 28687 56052 60271 58201 57286 37656 33180 42443 50789 58784 52130 46123 42247 49264 45195 63008 54116 56166 51652 47214 38840 42443 41886 43754 32547 39635 34557 39943 31776 41624 38036 55388 54342 43455 45835 49631 60925 53642 50854 51775 47468 27425 40901 29974 46949 42325 48443 38010 39052 50379 56374 54923
30805 31147 36622 60373 48495 36401 32792 46507 40615 47260 41236 47197 51832 42490 43427 44439 48210 49869 42063 46972 42110 49831 38558 40114 45631 58738 66137 56125 56944 38651 42332 43857 39931 40691 39233 51296 52939 49691 44250 50398 50436 65121 45079 45063 43788 62100 51482 62660 46973 53212 56782 43649 43969 39629 44246 50654 50386 36099 46650 44310 61715 61439
45805 37957 46627 47355 46793 33383 30226 44076 37318 49667 48117 48308 45423 32712 47229 37178 55900 49403 47632 48016 47046 55132 43784 54043 44478 49901 48872 38586 53091 35893 23107 22117 25452 34426 35512 43190 41571 39150 40415 45024 44731 46702 32031 32751 39249 49115 39356 45470 50795 44724 54174 48780 44933 45964 57408 52887 43841 31742 43665 46910 52219 55256
50520 42603 61062 53808 45267 40360 32532 55211 65216 53828 52331 33059 44024 36793 56873 50762 55424 54193 55111 56077 51053 51744 43715 59281 60775 56166 52897 54371 54594 37603 18649 14533 20884 27224 33174 41427 47780 54674 50605 56135 49264 45337 30535 27208 31946 41643 38144 44247 47133 45048 41317 46584 44405 58477 63445 60426 50812 35900 33519 43434 43521 35720
50293 49068 57852 53526 52395 43674 53044 62109 59435 46134 44510 31851 50501 54757 64972 52500 45168 32650 41924 45766 56186 59777 43644 49347 42946 39237 36026 51539 51602 47142 31914 22140 21890 24283 36580 36527 39407 59166 56269 56449 38032 31463 17600 29224 31704 33937 40449 42426 43036 41560 38356 41278 49193 45979 54796 56909 49802 42624 34367 31258 37241 30096
54221 47912 64650 40975 44751 33895 45260 62652 72878 56383 44429 43296 45598 65513 62933 55487 52732 50151 65419 67581 52985 60762 49807 57905 48410 48911 41179 46093 47623 38730 30922 22535 33225 30643 37132 44078 41192 65036 53826 68561 54058 51503 32978 40362 40343 28640 31882 40796 38231 42290 46915 55609 53352 51241 43462 64762 59792 53118 54984 32869 30401 18726
40941 47806 70363 53147 52511 40527 45527 50682 50865 47335 28111 42713 51121 72290 64378 49878 49623 46471 59394 67856 62572 43451 33165 39585 42483 41347 35003 39318 59223 54277 47187 37591 47802 42459 47056 60176 54607 69087 66462 68383 50116 46397 46005 36006 53652 43960 41919 51129 46705 49776 52803 54468 44094 49648 29595 52863 46362 47339 51162 38230 33446 35074
67314 57359 61923 47312 36820 35878 24232 39266 45186 56746 46061 53177 50354 58536 59344 35656 53952 60807 68519 62500 64467 60687 36543 50455 41583 53204 40166 41649 36676 39490 40350 46848 43369 43094 43420 57203 59200 57037 60406 60679 63329 56258 49817 41236 41346 44756 38613 37810 53125 55935 55545 60526 48619 62238 42709 63683 49974 54662 65438 51069 46385 45436
61770 65444 52224 48984 40920 43669 31284 32013 35163 33041 25543 35484 49349 64087 68958 51099 53000 44951 53467 54289 53110 47518 26909 38366 22450 31540 33744 37133 42360 45298 56021 55909 42051 41629 49542 42901 49277 44408 50768 43905 50054 46059 57071 54641 58187 56191 51019 58926 50517 47905 40360 53777 51925 60810 37831 54658 47440 40839 51843 38174 49197 50145
64611 51204 44746 43704 43280 37243 34947 35356 35203 46383 37516 40075 52370 44555 56441 28805 36126 29337 41674 51730 54191 60121 39025 45372 35997 50235 44684 36594 44320 50319 59140 64596 53011 52126 49147 56590 53835 41873 51301 40628 58899 52878 60158 64856 65061 50347 37182 43476 41070 48796 46256 56878 51118 69634 55385 61986 64733 64812 68675 51004 51094 48977
40784 35817 33081 34307 32727 45334 42924 39609 25857 23773 19256 25890 46185 55353 60502 46209 29727 19556 24903 36314 38677 34285 36219 38185 42955 43962 49327 33407 49334 50631 51106 44982 44869 43085 37272 41359 41873 32157 32626 20632 37621 42959 60935 63411 65220 54449 37568 44841 35770 47369 42397 42731 56009 62211 59013 64649 58025 55338 48181 39743 45947 38439
51829 54646 53349 48505 40226 43658 45247 44324 39174 37522 36429 31960 39357 45120 33922 26007 28172 32344 41020 50572 56654 47048 36920 57708 56743 57963 51781 49770 42904 47188 49668 44926 39639 51981 44759 54079 49520 42673 42347 31395 34840 35593 57505 62317 62299 37833 18474 34267 28452 36643 39949 37692 60084 69461 64609 65824 60843 64835 71424 56008 44123 32824
49475 55362 41391 50852 41332 51055 45157 47451 54093 39499 40828 47219 50265 53150 37844 40046 30561 30430 46421 41444 49282 36369 40782 49136 52691 61296 50633 51413 47176 27267 34095 33957 30741 42742 46363 34862 46112 30857 27972 19851 22630 30610 52449 57718 51003 47756 24524 38112 34410 35913 43061 42753 51003 58737 66344 68970 63289 57316 65299 52895 45890 37822
64616 78432 59451 56972 36736 44048 48114 55042 66775 58644 63829 65778 57332 43805 32454 27944 47744 44041 62305 65411 55732 47516 48488 50342 51789 54662 51126 47785 50388 34285 25507 41788 48865 48154 45493 41355 41164 43073 34556 25298 32320 31524 44930 46488 37587 45565 33509 30109 24566 32052 39931 39823 56098 64228 65460 59139 56536 60659 70659 57452 48562 42397
47421 59209 39335 46936 36898 33491 37462 45391 57014 64910 65432 66762 62797 46191 48577 34192 40646 40562 46376 60521 61246 47147 42044 47006 45913 49215 52796 46251 41277 38559 28327 42157 49775 45324 43488 50041 47896 47804 41216 40055 43865 51872 50691 50881 49953 52662 44242 32442 19646 37045 34149 29576 50152 58301 64278 42993 47160 47888 58955 56951 53423 45136
57770 59586 38083 34621 43264 35453 34491 25860 32276 58484 67080 65487 58844 55730 40594 40436 45917 57458 51973 65818 57416 61236 56879 54150 42815 35262 45238 46752 42456 25500 32112 33354 47036 38740 32105 45854 56813 59098 53450 38868 44677 38350 48211 52348 53403 60401 50012 45179 29561 42478 41743 42339 54255 56995 50719 35965 24041 36991 38742 48506 43705 49238
55252 36725 33103 20535 46194 41796 38390 37347 27765 49544 51099 61621 43508 56858 42674 41750 35664 51345 47084 63780 64491 50459 45581 46501 36639 35928 29042 40121 40074 45450 28147 40367 39677 49164 31624 55743 57240 61155 59079 45059 55433 58325 58670 55521 54266 63295 45967 42352 24932 32172 39647 54989 56831 54644 36524 44610 35985 42231 38746 51399 31022 34027
60870 50007 42752 41268 52161 50999 37106 35726 24006 47620 43770 64416 38830 54775 45072 62823 56565 72190 61811 55283 54038 49840 40671 49077 40042 34723 38044 48282 43499 48311 38281 43865 43319 39528 27816 38678 48382 42210 50408 40001 48361 53093 61769 57019 60885 65160 60892 55869 52891 52304 52668 69666 55834 57007 37127 50360 48508 49269 32778 35731 44229 39485
39840 32052 45674 43178 48886 43471 34322 45879 36793 46575 46762 50196 43816 41950 55498 56033 61557 62635 62651 45993 42413 38548 40588 58359 48481 39690 39543 53157 47466 49573 46173 63032 39643 51445 40079 53850 49464 43516 38009 27570 59542 61248 65495 60486 62824 65831 57013 40723 37242 31473 40616 57644 43582 45060 31930 45613 46710 53366 53084 50392 48030 47838
36588 32885 48370 49742 46141 38367 27833 34577 38028 41539 38711 43819 49285 45496 63735 59547 58967 63990 53518 34579 30739 28699 32047 50712 50883 46711 44748 57782 42974 44820 37614 61510 48637 48412 40853 36809 38916 46268 42153 40040 44327 58415 60683 59887 61044 63770 58829 49455 46632 46362 55411 50414 46209 38637 41089 52213 56693 54238 50963 50840 58070 59525
32092 25261 34467 34979 44312 31749 31266 31173 51162 45865 50094 32431 57944 53302 56795 41465 42182 51491 64643 38040 35965 39301 49305 48011 44470 47015 53483 54472 46502 50591 44266 41942 44275 44963 49006 51630 49588 52356 42982 51967 50922 56760 61609 73763 63653 58443 41721 46888 45076 36371 43785 35834 42037 35695 51139 46176 50011 51169 57125 64686 59203 59745
33961 37198 44561 35376 35415 33699 42273 38537 35462 34281 46614 43938 60455 59600 52285 41441 37504 46522 51198 43938 40298 44918 41456 47246 41696 45402 39483 43018 40773 49118 38255 52215 51966 46584 24234 37703 41152 54246 49285 57374 60532 51851 40695 43531 49686 50943 49012 55850 56624 52812 39299 38264 51495 47813 61714 64708 51946 51305 42180 51334 42688 58499
34848 31618 41060 43774 37515 31779 38545 36778 34305 27545 44721 50075 62062 60212 42731 33154 42328 54956 56427 52832 39211 56806 60601 52686 47600 48364 47483 44974 36932 37215 39510 39954 43347 40778 24030 36527 45984 42005 45520 48309 56143 50654 58617 54030 50403 52293 56012 60659 48199 50118 42162 42539 41795 54245 48950 63481 49284 48670 54406 69776 49187 46118
41716 37437 41307 31297 36781 42118 47259 36588 25862 28978 45885 62866 61865 51777 38916 36557 51151 47688 41156 51298 38623 49035 51199 59327 49194 48336 40789 34496 44801 35704 54939 59302 47459 34394 26364 36262 50324 46309 47746 39957 48610 44964 47424 38725 39688 37556 47834 43744 33085 41250 39431 47006 37923 48456 48904 61040 58039 47593 32516 46481 45878 34692
34114 45759 37784 35625 40788 36829 42065 28348 31521 33311 40948 66349 46315 40823 35724 32030 47390 53080 44198 44018 44378 58942 55165 57715 43176 47588 44611 32347 41327 30660 44077 41924 45587 40647 42889 43195 50411 46712 45144 45312 41091 58188 58906 48975 40962 45351 44647 34433 27805 27645 36159 51237 37594 52646 53194 64375 57971 55909 50018 58365 55884 47357
35176 45982 36915 33311 43182 48599 51749 32688 25598 38078 44034 72194 51515 35452 35813 31797 35670 37749 44187 54483 51834 48706 38237 48991 44889 39918 49026 44339 49921 47647 53284 48171 56588 38604 51008 50072 63285 61883 40545 56311 44167 60321 50274 56393 42724 41101 35769 25188 26727 34356 37110 47411 41243 50816 55761 52260 46169 49279 44917 41315 51364 45738
45933 46482 50343 50535 56371 40797 38277 30108 30851 52423 38371 62150 44539 44032 26911 32713 36430 36030 43407 50780 51204 71057 52681 53224 41981 33671 35538 35934 43820 39119 49627 35535 57642 48255 62115 58786 57889 66331 46282 57682 51018 63075 46429 59757 53019 48738 47744 44334 34770 45151 46799 69911 54649 56134 51537 54906 51515 58270 45971 35625 38054 46058
65975 50192 44238 40951 52431 42027 26327 31036 28898 45243 43186 56017 37980 36190 28321 24362 29799 29143 42443 58130 54037 56117 58192 45825 52696 42745 46359 30378 45906 42107 64385 39659 41994 41174 58187 57641 52071 47711 50738 61782 33245 58101 36636 46873 37065 34941 28030 34721 44529 41653 41402 49228 51625 54950 43788 49797 41668 51885 47031 39243 41961 36444
70589 52076 41588 39978 37833 38558 25836 39880 42138 48725 33431 42921 39319 42767 50579 41126 39801 32975 47021 62906 59111 52401 47845 43032 46851 32997 50556 33276 45490 40101 53220 32384 44469 41994 54871 47216 55232 43099 41981 48147 32257 44527 34390 39131 36419 51805 49648 41035 42937 43945 37966 51252 45937 55586 54804 56334 35883 39537 29122 34105 38521 49464
62189 45568 41411 31359 30791 32794 27190 24253 29473 46730 56330 53088 47962 48928 56750 40830 41835 40741 55069 70194 62478 47930 36214 27850 43197 39253 47963 55767 54619 49822 44835 40608 47147 47777 47654 35145 54330 51547 41551 40433 37824 44277 31667 42380 30099 34568 35360 36660 43444 42888 29101 37692 49395 56550 48099 37465 36684 44665 38885 39801 29918 39013
62021 47197 39866 33656 37338 43758 38602 40697 34698 50947 56252 59168 52753 61760 59549 46207 44364 61641 69763 73236 55800 40263 42561 31698 43078 57573 54406 54100 38741 48801 53050 55675 49822 34944 32513 29619 43920 43042 51122 40547 39283 42476 40034 44090 47595 40879 42481 42578 38542 43369 34212 50359 47340 52858 59073 49269 42183 50033 37957 40785 36018 45633
47197 43626 40996 42625 51554 47845 39277 28636 37057 61115 66188 70778 58231 57808 41182 36655 48696 57659 61762 57971 52416 42683 46306 35579 42067 41942 48007 45546 44021 53409 61240 52625 50576 32228 43989 34191 57657 43017 43165 38992 49791 51938 52113 50609 50589 55755 53470 44293 35589 29606 35260 43877 56630 46608 56779 52605 46085 47684 41128 48260 31114 45626
44810 34556 34374 35871 58033 55382 43714 35130 45249 61263 57223 54056 51556 63061 51540 34923 49548 54947 56319 42443 49887 45104 50883 43553 48934 48437 42752 32509 34546 39604 55210 45368 45244 34663 34476 27820 39784 38541 45736 28291 48924 54099 51467 46900 55446 67539 72385 51614 40391 34752 38952 33253 50493 49982 60672 61156 36897 41125 30894 57119 51373 52628
35094 39703 38809 43588 55196 55972 40590 39696 54170 57806 69711 64402 51444 42918 49848 58364 61236 49259 41013 35920 45422 45684 49928 47013 46432 33856 47509 39894 57255 45030 48773 32423 36569 41701 35421 30094 44071 32318 37960 20696 40405 42691 51052 54900 61177 75054 66908 53920 47462 39014 35033 29212 38891 40019 39095 48903 38285 51731 41706 54026 52008 51791
44320 44323 46950 49129 45024 41278 54072 35977 57616 54036 58499 53986 58020 49062 43041 39433 47349 37949 35088 37064 41220 44488 44416 43664 50985 52128 50528 40200 30906 27039 34936 42427 34680 43437 37600 31404 47573 38652 40314 32902 52569 50567 37640 59692 50840 58485 57725 51762 48462 40017 29258 35635 41700 49283 41266 42556 42351 37248 42891 38084 34111 44631
