-1713
-581
-3572
948
-1092
-789
-228
-582
-996
532
-977
-636
-2087
1901
-2289
1743
-1527
540
208
-652
2306
1272
-1681
435
-1520
-269
-348
359
-2086
816
1331
3266
-1130
748
614
-1891
-232
-1002
88
152
139
-1274
1117
-1336
-72
756
-290
-718
629
1227
128
-1759
218
-1496
156
100
-824
2196
1163
-1183
1744
1441
2015
-823
-1454
1664
-1304
1365
-610
2731
3840
546
1211
3426
606
1315
900
-657
-518
2095
624
-1217
1860
753
-1819
653
1062
-2029
990
1215
-1105
-784
-2168
2157
-243
2243
2179
-1423
-274
-2608
106
517
-435
-2407
-1549
143
-262
-227
805
-2237
-1779
-197
-391
-410
-343
720
-1871
-611
-1009
1533
288
-1164
582
-277
40
1291
-74
-313
969
-21
396
1833
-179
2685
-2203
-271
-1427
-854
-1214
519
790
-145
740
-2470
963
-1133
386
2369
-1172
1281
-1091
-1851
1231
2494
2530
89
909
347
-4027
1051
-930
-1900
1999
-2930
1760
1953
-2468
3078
510
1298
-1575
3129
1014
2011
3220
172
198
-1216
180
-2174
2000
-981
-1751
-599
-2792
-605
-143
1183
-1045
1855
807
-1858
2279
1417
1199
-2660
2232
-489
-5003
-307
-769
1647
-3462
485
-163
-551
-1024
820
2351
918
-1433
-1033
-2809
466
1363
-206
-482
-2140
912
-1104
-179
1203
-710
-2232
4349
-1231
3081
-2025
3533
-1929
694
-1438
-1184
2918
-2389
2717
-120
614
-1207
-1826
576
1944
3513
-821
-148
1821
226
2430
1336
1484
-1872
1689
-2367
2302
-2367
1460
-1300
1201
-1835
-964
-1053
1672
1873
58
-683
886
-1046
1399
-25
1822
-840
-2453
1230
82
-707
3434
-3233
1197
-1666
-1962
702
-2123
-1237
1762
-1418
2237
298
4052
866
-963
812
-2033
-422
-2005
1884
-751
715
1449
-1876
1340
280
416
-2203
-1924
1236
-3894
2250
-3689
1849
-164
-1850
-198
22
-2512
1317
-1720
1771
-1563
2746
-673
543
-1453
1811
-1031
875
1966
-2732
540
221
-1933
1549
-1494
2583
3091
556
1966
-921
-1961
885
545
1116
-435
1878
221
-605
-2247
-274
-84
-3615
1644
-1081
1038
860
-503
692
-697
1523
-610
2883
1841
2030
2364
-477
520
-2781
2144
-1324
2705
1957
-3389
-140
-40
-3119
-196
1125
-543
314
1603
1784
-1479
-1485
3336
-4119
-2044
960
-1456
478
71
-1554
-2494
-2889
1401
-122
-456
1969
-3582
-180
1670
326
1612
1337
211
1322
-485
1196
-361
527
370
-1668
3579
-1756
2105
-2208
757
-882
1812
148
-966
-1103
329
-472
-1215
2515
-3274
2292
-841
-704
1111
-235
473
825
1813
992
34
-1036
1535
-1169
132
-1370
787
2600
-1336
2272
794
-931
-1013
-4269
2147
-909
1527
127
-1852
162
1468
-685
-461
2413
-1360
-2566
600
-199
-247
-1208
-530
-3797
316
-1709
793
2179
1344
782
59
1149
-2416
2133
374
2030
-1326
-1190
1827
1979
1475
-13
1477
270
34
-1208
-1481
576
2570
-313
1662
-322
-2060
2547
-5
2826
-554
1182
-672
-1368
357
-116
3152
-647
-2423
150
1269
-1461
882
138
1056
-1624
247
-4230
1953
373
-786
1232
-694
252
-1222
2887
4581
-2475
-18
-752
-1584
2532
2145
223
-979
-1663
-360
2037
382
-518
4
-297
-1975
-1156
-499
851
-1000
-1342
1638
304
540
-2519
1282
4406
-1788
-1697
445
-768
-596
432
1949
294
2025
-13
-237
3655
-830
1942
-903
902
-477
2561
2993
-325
-139
1383
1
-446
-1468
-1035
728
-2012
236
-815
2727
2292
-2511
1224
-716
-319
348
-1181
-4094
2623
-1303
-1822
714
264
1967
-56
-159
146
-3369
-398
381
-651
3298
3209
241
1697
391
-864
-1222
1450
647
-268
-2359
1094
-181
-309
206
1454
-301
1595
1692
-2198
1496
418
-1905
1545
2730
981
-141
1239
1192
35
-1864
-1738
693
-1900
-1847
2097
-1313
62
-190
1185
2834
922
-1369
424
-1080
-1425
-310
-671
3097
-336
-1249
-2494
1892
-1634
82
2755
-2054
-765
-2479
-1492
-437
289
-1072
1316
689
-774
1404
-574
870
-594
1565
-2466
2723
-1555
798
-1600
1353
935
-340
1669
-870
-1503
908
-700
-1225
1016
2349
681
-272
181
-9
930
322
701
-2529
1233
-1068
-1335
-1537
2429
-303
1094
704
-51
243
-2731
-1317
2083
338
1059
-844
420
-1817
873
-237
-1048
-2003
1027
-1538
326
-1140
818
-788
-43
1176
787
1043
3160
-1610
-43
-641
1037
543
654
-515
-1299
367
-391
-449
-814
2876
-711
118
487
718
-881
2616
-2657
2235
-2506
2473
-940
353
1193
-907
2810
-978
-700
-733
-503
-2205
-2931
-2213
766
-996
2872
-1273
789
-1413
-358
-1305
2919
-898
-1277
-492
1784
-12
902
-1485
-1300
1608
-1398
389
-2725
637
372
630
-2404
-1717
-1691
1657
1158
-446
-164
121
981
1265
1568
1186
3802
1065
-172
630
1740
-1086
-323
-1302
2824
-1667
2601
-934
1479
32
-3038
3659
-2756
1627
3144
1453
-34
-1029
-1261
368
437
-12
298
321
-1450
2442
-3221
1298
1043
2139
-2157
3567
-2696
-907
-1370
175
91
-1112
2973
-2279
522
943
-892
-162
-1312
551
-1
1624
483
235
-999
-587
-222
-323
368
666
61
-856
521
-1333
3291
-1316
1245
-2805
-1168
417
-2906
3558
-1702
3430
2173
-128
1262
-1145
1931
2969
-528
-631
1423
-722
182
1158
-1170
-135
77
1758
-971
560
-2198
-166
-152
-1165
706
670
1858
659
120
376
-3323
170
-269
-1058
215
1981
3098
3264
-294
1170
-3891
508
-3536
831
1223
-2087
3987
1950
-399
2198
-2026
2171
467
1248
841
3078
-201
-1294
-2415
-78
-2
-142
2679
2383
-1040
2103
1219
-1346
1312
1099
1431
1099
-1173
1617
1858
1132
-80
-345
695
4058
1579
-1053
-2012
121
227
2091
-3696
-4054
-1000
783
1568
1722
734
2057
-2153
-741
-1759
-2205
-1232
-1543
-2703
-54
1177
48
-77
2252
-3849
-1084
-1726
1312
2110
-1578
-1627
-1070
881
-434
-2634
198
1332
909
-3544
373
-604
-4736
2729
-1232
-1966
-445
-188
-1862
-1273
-981
-2534
-1095
1120
1065
19
-773
-1205
-269
1026
1936
1987
-887
-112
3408
-2416
-2383
1102
-962
-1489
-3064
-992
1459
254
-2623
-1784
-548
1070
1599
1432
-126
-1909
-177
1031
-266
1898
936
58
-2789
736
1123
2228
1839
-1175
507
1284
-135
554
-3162
-2580
-2762
-472
2049
-785
1291
124
655
1652
-1959
376
-987
2108
824
-1966
-2316
-329
-1241
-3499
96
853
-2222
1493
897
1132
-1986
1312
1520
-1220
-1547
-380
1730
769
-1587
-1893
1377
-536
236
-853
-3942
-1092
-1797
1776
1619
2221
86
-1347
-1380
-1854
1375
390
-804
-2499
709
458
41
3083
3085
933
1501
2995
538
-2054
97
372
-2786
-826
79
-4416
893
1930
-2597
591
1087
1388
-1615
1082
4846
2153
2562
-2471
-1105
-1533
784
-85
2542
-3193
-1792
2344
532
528
-933
-2016
-374
-1339
1151
1781
569
-716
1447
-3876
1934
-1850
-1019
1454
1989
3229
1068
-1404
-2489
441
-319
393
-872
-1788
173
306
-421
-177
526
-2523
-1460
-1363
-312
1270
2330
4896
347
2246
295
-2625
-290
-3808
-2191
225
-230
1867
-402
-2173
-2822
1001
-2012
-1435
-1673
-1871
1165
2577
3188
166
-1506
855
-338
225
-1124
3736
-356
-299
907
153
-263
4680
-149
-1148
-4308
-1
702
61
247
858
-391
675
-1547
-922
2426
-917
-1382
1894
75
1017
20
971
1367
-196
2559
2007
-113
1577
-1289
-1781
783
2969
1668
2485
1643
-657
2858
-1737
-1273
-805
-174
-1700
-331
385
-2240
820
-1835
-3121
-2515
-2362
242
-1349
208
-108
1855
-344
-1082
3210
1401
-532
1154
-813
305
1958
5681
1844
-1836
-1587
416
-465
2353
171
-1556
1019
-226
1030
-627
-2170
2244
-1140
-1530
1356
-3071
-762
-2502
-2017
-808
-3082
-2400
-90
-563
-1321
2340
1421
-1618
-2418
-1060
-132
1597
1898
1700
1302
302
658
772
869
975
151
-1020
-1026
-1792
2643
-97
129
335
-1645
202
-4359
-2403
874
-1375
-843
1776
-357
-347
-1435
-58
3596
-3124
-1862
-36
2367
2870
124
549
-1376
278
1806
963
677
-2424
-3435
1733
491
-1634
2670
1140
893
2346
-128
2959
106
2853
1281
1267
1060
-2628
-3140
-2566
-1013
1037
2447
212
2245
-2023
745
1448
717
-1347
-1183
-1167
-1656
-63
-797
-563
773
699
-391
1835
-2351
-809
2466
-3400
-790
-4240
1525
-593
-945
312
957
1757
-1887
-1962
2330
941
2687
222
-1159
442
-1898
1427
-422
-424
-2184
798
-449
-1356
720
-3379
111
-1093
-2073
-735
-1245
-654
146
-671
2714
2057
-1395
-816
-2101
-915
295
3102
1698
-478
-200
3034
5114
2156
219
-518
142
-488
6
-42
108
-842
2207
832
-490
1158
1507
784
-1964
-2522
-105
266
-2343
-3339
-330
-173
972
1683
-489
-2510
-957
-531
1809
767
565
1296
2910
249
-2264
-828
-33
3042
-856
-3065
2678
-1306
1155
753
127
1749
193
-2404
-792
2056
-1807
-2828
-1342
1736
1314
-15
1197
343
-2322
-3527
309
-685
-2419
495
3067
1136
-1263
-2492
-1688
-1515
2698
705
-1951
-503
-1266
1436
-359
-841
-438
2695
-902
-955
-1076
-2297
-1543
39
1045
-642
-2250
-3536
-425
-359
-601
1360
2905
-275
1188
-493
-2478
1814
276
-488
2657
1340
-793
1072
565
1491
1306
-444
252
-677
-1338
-1593
-786
-1832
3012
-683
197
790
-367
975
2756
-818
-1263
1216
-1906
-2716
-595
-1671
-881
-417
-25
731
-536
809
2290
-520
-2352
-1682
2384
2190
650
-1539
99
160
-233
-707
1105
1767
1369
121
137
20
-781
609
292
-1527
178
-1941
-263
-3098
-1185
1850
668
1854
-1670
-3011
-1792
2219
1518
1918
1552
-42
1171
-27
-680
-594
638
233
1488
37
-1910
361
-677
-1831
-1106
1069
910
-1358
-2217
-376
481
1796
1159
1058
-1263
-392
926
1639
-698
-1309
-1993
1331
2817
1573
-526
417
-641
2405
-510
-1628
-1618
857
611
-2067
-381
1937
2837
323
2669
1138
-475
-2650
-989
574
1323
1536
949
-308
69
-993
-684
-55
-1112
-2258
-32
-882
1961
2113
-1714
-386
1130
2035
-1440
3014
2965
1588
1751
2809
2380
868
1807
-2879
-3583
-496
-1149
-1308
-522
-2418
-2455
-31
291
-643
-2103
513
1030
-1940
545
-2168
1194
1031
2114
823
-3679
280
-585
-657
-1279
-137
564
1985
-128
453
-258
1372
171
222
-2844
133
-1482
-2535
1224
748
-2246
1159
-4028
-1054
-1595
-902
999
-2115
-63
572
-154
-546
-533
1911
-62
-105
-1089
212
578
576
707
-475
223
366
-1517
-241
393
-1339
-1463
-2154
2367
144
-104
-1047
-1226
220
-2513
-2279
-3609
-1050
1938
1635
-1313
-2678
-2261
-1504
657
-1113
-1016
1854
1482
-897
-667
677
1557
2726
-469
372
-996
-2734
414
1186
-294
2521
1837
773
-2207
-237
-173
684
-668
492
-465
-909
-1332
1633
-6
1250
-946
-1231
-723
-818
-876
-1974
-1414
1594
-2206
-806
1220
-141
-2467
-1759
2382
1150
-14
-460
-1018
790
277
200
710
-1303
231
-42
-660
-863
915
144
99
-215
-81
-588
-1720
768
-515
221
-151
-399
-388
174
1287
867
357
978
840
-169
20
1583
232
-1235
-1046
-592
61
1380
122
457
-729
-885
-563
220
-399
-43
-1909
-457
-315
-1439
980
-1241
-1656
-462
152
-46
-613
-1173
-313
542
386
-133
2874
287
-1025
117
1619
716
960
-905
706
1088
-623
-761
811
-354
1463
1227
-339
1575
-472
1427
-819
-908
548
611
650
-1180
-1440
-163
-231
842
-776
221
-748
-786
-1054
304
-1818
543
-400
-701
388
535
-777
78
-1102
1633
-857
-69
1300
-1130
-397
-392
-776
636
1448
-753
-1741
-336
830
-233
2225
-863
-661
-129
-429
-798
385
284
1883
690
729
-59
-7
-1029
3175
191
-949
440
-127
171
286
710
1011
-1091
-45
-484
1242
239
459
723
-148
-704
486
1206
-1132
-280
-306
802
100
998
-316
1254
439
909
-1160
925
-800
979
-206
-357
-325
-584
-777
-397
941
-24
515
170
-2247
1269
1399
626
1416
-90
1647
-468
-877
-20
619
-1101
-198
1397
1508
-1494
-42
-971
-690
-1835
996
-294
306
616
585
1197
183
924
-1250
-86
1895
-1217
51
-1838
-446
-786
-1400
1115
-216
1217
-58
-83
980
675
2356
22
-442
-69
1702
205
276
1953
-187
130
-97
-115
580
430
1101
623
608
1281
-222
0
-497
-369
669
-1926
349
632
-198
-693
319
1483
-181
1341
-1731
293
1253
382
2038
-315
1553
-113
788
908
-508
1136
50
1166
1102
-104
-966
-1234
1196
-399
-1588
691
-1187
-350
229
-1066
908
357
902
-719
256
729
1160
-1337
210
170
-1009
961
-349
-1749
975
874
-1061
-1029
228
-965
-1593
-1204
358
-17
-241
147
77
-653
52
110
-1115
-822
-1415
1393
354
1122
-204
33
-255
396
804
-944
-649
-225
-609
-181
1022
731
958
138
-1164
705
2914
962
804
2874
67
637
-1308
-73
-320
-1671
-131
-168
3012
172
842
1144
1372
-1009
-1802
-595
-935
-129
-227
428
-949
-210
118
251
936
747
-704
550
575
536
158
-943
-347
766
1416
74
1097
-397
-8
-189
633
1087
451
-242
461
-1312
-1045
-235
-623
574
767
772
527
-628
-1605
-905
999
1160
1525
-309
-1328
-138
-2480
-611
159
-734
1716
269
1754
1150
1058
1121
57
310
-162
1394
-821
-894
2
252
989
1684
-1905
544
1068
-1789
519
315
296
12
372
2010
-994
-1633
4
-840
475
1010
1000
-1062
-128
-999
1055
-541
1865
-104
575
560
1683
846
511
-267
-931
-70
1182
1338
-707
-644
1120
1082
1615
1104
477
-1909
-372
-205
512
1159
1582
-887
-737
655
1316
381
2062
-1162
-746
228
960
1329
572
536
-7
900
-615
-1401
-176
-1138
939
1261
470
1215
-352
796
575
117
1001
-1958
-84
162
414
1340
-901
44
-93
292
913
564
-251
662
-153
306
559
-767
436
-765
-488
-334
-20
-398
-57
1624
629
-416
-539
-501
-3
1898
426
1131
-283
959
2047
-1309
188
-529
2386
15
501
-620
1698
439
541
-1588
-591
-55
-1399
-957
841
516
-330
1117
910
-696
233
-767
127
491
1615
853
1277
607
-679
444
-347
-190
1765
1618
92
-1902
-1034
660
355
-209
439
-1153
-519
-692
-500
995
99
1005
-1052
1189
57
-339
-2305
386
924
-456
-894
1087
-845
49
946
389
19
723
653
491
-219
774
535
-143
419
-440
261
-1310
443
128
1181
452
-720
-158
1625
-955
-762
-1560
1328
1402
1192
498
1079
-1014
-322
1276
344
193
816
-85
-668
-1394
-381
-1127
-820
636
-805
1162
1137
488
711
715
31
2144
1402
475
-730
45
653
1602
-485
271
-126
-922
-364
1118
175
429
-1134
627
-475
-47
-893
-281
279
189
1090
-266
517
616
-443
-444
-736
-1238
-87
-1170
893
-277
514
858
634
-544
1806
-633
-633
-1517
-541
1179
856
-96
1021
-517
602
316
-581
192
-182
427
-1140
-1989
-470
167
141
244
144
82
874
1466
-293
1667
707
449
540
654
1011
50
-157
-570
1521
-266
-644
33
-214
154
-1263
556
185
-54
314
-587
-1240
672
9
153
-478
831
2539
97
-73
1408
1166
1303
-491
569
161
618
-286
627
385
837
-914
1163
815
38
-611
336
-97
124
-656
484
-1132
-380
-23
900
-1
1948
924
260
734
758
-63
-47
1069
-1667
1086
77
791
-647
271
-2089
286
782
225
-538
148
211
987
-621
319
-92
-230
-949
987
350
-938
790
-810
-1534
-140
1804
549
449
-337
770
-1333
692
-1082
-69
-968
-46
16
-601
715
275
-473
-482
-1176
-609
-1274
1721
476
-1611
-721
541
-459
1091
-281
-885
316
-432
-1365
-970
997
-17
-902
-1817
0
1057
2022
-1823
374
357
-835
951
977
-1425
31
-2368
-337
-242
155
-49
-165
-118
-1588
-561
-25
-2337
-740
-352
1029
261
-177
943
518
-679
208
-4
