648 363 992 717 1261 -1165 113 -855 -401 582 -12 1102 1245 -28 -384 419 34 -1403 1356 -1070 -2295 -1282 211 -442 902 -588 -898 -280 -381 175 -83 -482 -961 -2204 -663 -1532 1000 1287 -347 589 -1408 -1354 -858 274 -1851 -1808 -1073 27 -1041 -685 -549 -413 -598 -88 -1082 676 -3 612 -532 -900 694 -745
-682 383 -1095 166 -888 -97 -410 -1018 67 -603 36 874 -593 50 -756 -1127 -2258 440 -542 -645 901 882 -70 -498 -359 831 -614 -5 315 1057 1138 -14 -383 -604 -475 404 1271 -639 886 221 -781 -300 -685 -673 -415 1671 836 8 231 1229 -108 718 554 1058 1219 652 430 1073 74 986 -1042 -231
1014 297 281 -489 -637 -1343 -1265 -536 866 -590 -684 -1190 -284 1202 -865 1309 339 -314 -925 142 -533 -544 1365 -135 -286 -2349 -625 -552 1124 -841 -214 -481 189 91 -183 789 -1200 1118 363 -909 459 -51 701 -1592 1343 -295 -1208 642 -62 -12 -53 786 372 -678 -839 -1429 1473 -314 -369 -19 -376 422
780 1046 363 190 1070 136 1552 237 503 -566 -564 1044 313 -1119 2215 -870 -173 -679 860 -375 -162 888 -564 -681 -508 -142 448 -858 -861 -39 -684 151 -2053 -114 855 -873 -77 203 -1039 -931 -1036 43 -979 507 327 -1617 424 445 -579 1088 467 525 -813 -843 -133 753 -163 1 723 -1035 1098 -488
202 159 -704 1715 -673 -108 -1374 -330 -1235 -111 116 160 -436 1295 492 -993 1012 577 -766 -1870 450 228 -478 1415 322 344 234 -133 -638 502 -297 15 -469 823 -447 106 1944 -824 397 -324 -509 342 -1391 591 -471 723 -222 398 744 -244 -182 -694 -492 -96 -590 61 -169 539 -721 414 -75 896
732 312 1417 -914 -1483 -1146 -39 711 96 1786 609 -585 -397 -1467 -1819 -546 583 -755 -300 1019 2032 -1049 -73 -286 -247 965 -834 -219 -493 -226 -1900 -1415 341 -1537 -1584 -535 -2472 1340 -85 -136 340 -774 1148 1268 -758 74 -202 -92 -337 -236 406 -958 -466 -402 -834 412 1167 -137 291 -147 -616 -594
562 257 -439 -1513 149 -1016 -668 -1100 1155 159 22 217 315 952 951 -624 104 -1843 1535 1362 -319 660 1560 431 352 -954 -1847 -419 -695 -444 290 -891 -967 637 -106 1485 627 663 -2052 -119 -543 93 1765 -2475 -320 -1686 -1394 124 17 1009 -404 254 209 -772 -123 -118 105 572 615 1447 35 -1141
1053 919 143 -689 142 -801 -291 20 346 41 1186 528 -498 352 -1315 354 -20 1912 261 -1282 -1166 531 357 -278 609 -722 1233 53 1208 474 -560 238 764 150 392 569 2 -1562 416 -542 -630 761 -1723 847 777 1066 1914 -451 -1196 -287 343 221 285 -501 41 -261 -558 -675 298 -522 -899 -467
203 -598 -1138 496 1183 1199 -215 197 664 -184 -1485 275 1325 36 -58 503 -610 1055 -1291 465 715 895 -262 384 204 32 601 -363 1590 -273 766 1577 244 943 1687 -1496 -78 -893 -557 -827 260 -1407 -150 889 -1815 1773 -1531 -177 1674 -659 -442 -1677 -130 475 695 -338 -246 554 480 -1051 476 -244
-957 -2171 -637 1475 -564 -1095 -479 202 -905 -709 379 908 -629 -1326 -554 192 379 303 770 850 1172 -47 -318 -443 -386 153 -783 887 -639 1011 -415 1824 737 644 -1004 -134 -179 -116 -1369 -100 -74 -1055 216 -1368 2106 209 -908 654 -1197 -2519 -638 848 856 1304 -910 -45 591 -98 -1215 602 92 985
-1855 -768 369 -1258 -847 159 124 459 210 -9 -201 -607 -95 -39 -713 973 -8 -582 50 44 1057 -76 269 -1283 -194 -856 587 1388 -466 -108 -458 98 -930 -218 226 1072 -77 -181 50 107 224 -145 -48 978 -465 -1792 1464 -1569 -490 -548 -40 -226 -472 -690 609 1147 -38 -1463 -340 -333 -1067 -222
-772 863 653 -175 797 146 337 862 -659 376 993 -1389 -1632 -493 475 -9 214 -831 394 811 -115 155 303 671 553 89 340 28 -375 -22 1380 -1149 -962 -641 432 -1244 -860 -1018 56 879 -10 923 -530 -7 -1128 711 -1309 -313 -1096 634 195 331 73 551 53 75 -372 -283 -900 -1491 -156 -1152
180 769 -1332 -41 229 185 -488 -1662 656 -1004 -2413 -931 407 -425 -85 837 -112 1295 2163 376 -43 983 290 252 641 591 -733 -1523 -161 -1390 -457 -849 573 437 -921 527 57 -204 190 12 398 -765 -132 593 705 -1124 1077 -384 -488 568 -392 -96 550 -337 -502 -87 -832 604 -430 405 -728 1137
1028 -1220 -741 703 461 -518 -78 -301 -539 -1436 1206 172 -1202 -419 480 -58 223 1607 -1237 -673 -152 -948 -57 -254 -433 -1715 -1045 -262 -1311 -695 94 -381 -580 -1941 -608 -242 4 722 1028 393 -578 -1134 806 -562 -1086 -758 -2000 -1328 587 -1354 -253 -1772 -266 -529 535 -358 -716 -5 -1057 -443 174 -1082
-1367 -1010 496 304 -851 -429 -348 -979 -1314 791 -851 -1561 -744 -729 -1871 437 291 -868 -783 23 -748 -13 -502 139 -632 691 335 -998 -988 879 -1260 -598 776 -122 169 236 -242 259 257 -718 -1149 330 -455 -634 -57 -68 703 2429 -505 504 -464 -273 -820 -267 482 84 1025 575 -389 -94 -355 -277
-658 840 1405 87 -545 857 -877 649 187 -5 -1007 -1048 -860 373 784 -69 -965 -843 -1210 -1427 -1026 -1023 -102 505 -1145 1182 -272 -177 -183 -1953 -1787 385 -418 -816 420 441 -133 319 -963 23 -118 525 -157 -251 -529 185 1083 -242 177 535 -1214 -168 142 2224 -1136 169 -11 -905 -111 652 353 1332
340 -450 -40 -309 959 -548 -1926 -189 -316 -1107 -690 308 65 -348 -786 -523 751 101 -748 33 -917 216 -1198 -1076 307 -1401 -2149 -1181 -1096 -494 1233 -525 -922 343 248 -669 -928 -1375 -41 -312 562 1424 -46 -781 -223 -262 561 -612 -614 -671 -931 734 1263 -47 -1248 484 -944 -276 93 -1277 -445 -696
-56 -691 -866 -428 -1605 -823 162 498 -222 -1339 -601 -601 -1074 -1032 -330 -1333 273 -931 341 735 -56 -696 -1353 983 -1065 -775 426 -773 -1201 132 408 1090 921 704 -1082 -1298 -181 282 333 -689 1329 -1778 -1545 -112 265 1179 627 -739 1243 -963 818 -1077 1330 -1841 1116 -935 -1327 -489 -546 -493 215 -123
-861 549 479 446 -205 -25 -164 -779 -586 -310 -208 974 -292 35 -743 289 -574 294 1060 25 -24 147 1307 -656 -686 112 -922 201 -94 -324 -518 269 114 558 556 -512 -172 -10 308 2536 321 -429 1090 369 504 552 -2396 -641 -1362 -342 -232 221 -822 -415 685 -2068 1032 -741 293 -211 767 1835
134 298 -1700 164 657 -965 1264 -1468 -1123 -1091 -262 127 250 -442 402 52 -342 -276 701 140 1409 85 -399 -433 1579 297 89 -446 150 -828 874 -506 828 -622 -563 167 317 197 341 -700 -749 359 -4 -189 582 -1503 -1111 144 -330 -696 -909 1693 -1289 1721 -775 1257 999 -1581 687 -731 22 -505
-1116 -163 381 710 -888 71 -1218 -571 -1610 -747 426 317 0 984 1107 -351 -800 -522 235 -1073 111 869 -317 52 -465 -1809 -586 -560 -1336 -427 25 -55 -98 85 -589 -571 -403 -1661 -340 -1468 -1469 -980 -165 -238 -826 -898 480 192 217 -19 540 315 390 88 -281 92 -1109 748 -801 -374 -79 -673
-883 56 785 87 757 424 12 931 -68 2503 2428 478 -2 -277 -2101 -326 -1049 151 -627 464 702 -1232 1476 1049 528 160 236 -763 123 945 -995 -360 -163 -207 -1230 -356 -589 803 1642 -1118 -747 608 -897 -653 -880 120 74 642 232 1054 1135 -1877 -694 -2012 1185 -1007 837 -126 -208 -112 -32 -844
1014 472 -800 -121 -627 -140 -1162 -763 1186 -143 -880 -1302 -455 -1614 -842 -1779 -1226 90 885 245 -417 260 397 -1245 -906 414 596 -58 310 -871 -23 1274 -234 -763 708 -472 208 1511 -2227 -153 2101 -400 -345 -12 -195 476 -453 -359 -334 -1015 -1179 -2192 -388 -958 -635 -245 393 -281 147 -406 918 -568
810 -779 -141 -659 -387 -400 179 1035 -419 -546 -185 -602 280 -411 202 -238 503 -982 -1381 -1086 -161 138 -398 -759 -499 449 -158 -1268 482 -599 -156 -695 -522 737 435 455 2029 -1049 -1492 257 -1139 -1055 528 -346 -267 -1661 1227 824 499 -647 -1276 -1243 90 781 172 1025 -2167 -448 -2016 98 -635 114
-982 102 1120 970 685 -1182 688 -1455 1033 32 -1243 -770 673 1194 -204 -404 -678 -1646 -572 61 226 859 -1279 -34 499 -292 -590 280 -1013 -976 13 -571 253 -581 155 102 -578 -370 1031 15 -128 -615 -96 -547 -384 178 484 -1529 -615 -871 -531 2158 371 452 264 -430 -424 851 -969 127 -603 1198
-267 -695 -96 -604 -1418 -433 500 -190 -239 -1047 -280 988 -519 -746 -2207 270 -456 777 -697 -132 -1416 -961 -447 107 -679 1389 -446 -1456 -1887 590 -1071 130 437 -251 -84 222 225 -383 -439 -655 -128 -692 -114 553 541 -376 -973 334 150 403 1367 -236 272 -325 -245 -486 1904 -1475 1234 598 -27 200
676 619 -139 -1979 -1646 -1116 -1315 -449 -1440 29 -242 336 435 -227 1839 356 934 1067 1606 954 -680 254 -1273 -143 -7 -438 -906 653 876 -273 -315 524 -480 1160 628 583 -1955 -1110 -428 -11 -1005 258 185 480 -1398 163 -511 -515 -1059 -363 498 -1123 -488 -373 484 614 -251 -244 782 -729 209 819
404 -113 220 525 1031 920 -238 730 -629 -580 -1350 -113 -363 913 741 -362 -16 421 -626 -938 372 515 363 -102 -740 23 1348 -167 669 -993 1068 -685 1683 -441 -3 -2006 -584 250 359 1235 -1122 1388 572 -774 -366 599 430 890 11 97 -589 106 283 1522 -881 938 -1451 -334 -1801 1026 -1219 -268
-2174 473 -170 -368 848 -428 550 -662 -357 -516 249 949 191 -765 -897 -139 583 1305 -1205 184 327 -862 -1381 -1167 1201 -1026 -999 -1410 106 666 917 -560 76 -227 -224 -404 -138 -131 -84 -2132 125 -702 -791 -1048 -478 309 526 -809 -426 160 -895 783 -307 -665 159 9 -35 12 -464 -766 698 636
533 1305 -188 -164 -608 -305 -2037 -1334 -1188 -719 28 340 -505 -947 -147 112 333 -87 -145 -73 -980 -840 231 285 -410 -804 -1325 497 237 631 -541 1805 1300 -125 826 -269 827 -359 -1029 -1045 -122 -1530 -795 -1298 -60 537 -863 -1437 -259 -791 -614 -540 -460 -619 511 -1804 -92 -253 1340 765 823 -1348
2408 -1070 541 -56 482 -657 -370 209 75 447 -571 -1035 -2086 855 830 1996 1572 -238 1301 -1013 560 728 -57 -395 -1105 -507 57 634 -1261 -918 -805 -611 -1304 802 554 1190 253 -903 -205 353 -1094 1630 -1160 418 150 -609 -1245 990 -1237 -1264 -390 -1171 -724 -986 -1635 225 228 -91 -210 -610 -892 243
285 35 1407 155 -403 -1171 264 -100 669 46 -433 -1495 -203 -675 -85 406 191 -461 -486 -326 -1298 -1227 -1160 -593 47 -278 -262 -755 212 -1009 -350 -826 717 739 -431 354 -459 996 283 -1437 543 -683 -834 902 221 -223 643 763 292 310 5 -698 -663 552 592 -148 -1749 -1718 -548 -560 -42 -486
-546 2124 1199 -122 -339 82 461 -856 -523 -708 557 1102 1644 -391 497 -861 -1169 -88 248 -1094 -78 -60 1424 -360 -593 0 -109 374 -770 252 649 1497 1823 -83 -222 -1568 855 617 -513 2105 210 -1242 1052 1278 -290 991 1088 85 750 -15 -439 305 63 1235 386 -554 1236 -767 -396 -1366 -64 -822
412 -355 -1687 -765 1200 1436 605 712 59 -358 395 -490 382 -512 -58 -475 260 962 -845 -573 192 -767 851 -900 1310 5 -881 -231 -848 -377 -304 147 -1287 -1007 -621 -663 654 -346 575 -124 -784 562 425 -815 -598 -235 -162 -245 -482 -1277 -421 718 65 -130 -1404 676 -417 284 415 786 -461 -63
606 -1632 -1291 1370 -436 745 -1140 -441 -261 78 -765 -1163 -1039 1165 833 1142 747 -1141 -375 -632 -703 1678 -1131 1119 -182 -815 948 253 -379 714 139 -143 -750 -55 -1120 340 -987 -1404 101 -806 876 -4 10 -103 -110 370 37 406 -574 250 909 -1265 -341 -1502 -440 -651 -322 1850 30 1160 193 52
-1008 -127 653 -691 -930 -65 -206 603 152 -1076 -562 -997 715 -553 -871 -786 -151 554 967 -280 -250 -1732 -1106 660 -1566 77 139 -1402 700 -64 262 573 887 992 340 -279 -356 766 560 -1015 -646 -1021 -1605 -1637 -952 -700 -211 -785 -588 890 -613 608 -298 -712 1653 2030 1872 34 128 17 526 153
215 -1119 -1274 1275 1498 165 97 -95 -1000 -535 -922 113 -740 -397 -772 -898 86 484 -815 107 -704 484 621 -406 -958 606 -319 -204 263 -409 -259 626 -868 -336 -137 -1320 512 -373 -75 -607 2 13 979 390 552 692 -1371 -2084 -841 -1846 -739 548 -272 1160 409 -620 -1270 -442 -573 -1073 -879 -1611
-235 418 1568 1058 -38 -228 -1153 -413 -646 1062 -660 729 830 101 -540 545 -323 -1716 -2106 -1271 615 993 163 -489 -202 -169 -830 163 -20 -184 -253 -325 456 522 -123 296 666 576 400 809 1497 1138 -87 691 -67 -499 -1080 764 -1310 -224 533 -51 1337 -163 -713 -442 -792 -990 -1021 -698 -1731 -425
-1868 -71 -637 538 -38 -1463 -283 162 821 -714 397 2082 -5 -57 843 -382 88 -225 1888 1585 343 -292 276 -160 488 -1672 159 -641 -408 -528 -1058 495 23 -734 -204 620 598 750 -512 27 -1802 -261 -583 525 -681 -1009 81 -2061 -406 462 -369 -1067 -196 249 732 765 105 -509 -136 -958 801 -360
-593 -277 -144 87 -1203 -171 203 256 -24 -1314 -445 -1300 -600 1530 -501 -13 -641 371 480 -265 1213 1233 -909 -897 104 1181 343 -418 -1328 -1142 874 620 -215 765 150 22 -968 -60 -182 -32 -213 618 89 693 958 -526 744 -379 1520 447 -559 1128 -965 -808 -816 -31 329 1079 1170 -659 -461 -1107
-386 -790 462 -2396 -549 -356 346 50 -1677 -538 469 607 811 -472 646 319 -372 -358 -773 948 -64 -1715 -58 1374 1612 45 -604 -214 -390 1615 1192 -1453 295 -1101 -707 -372 279 -58 -1939 -551 288 -983 802 -593 -1035 -1012 -659 -398 -1145 -656 -1133 211 -997 1201 1219 -652 -421 222 -343 916 148 1077
159 -35 -266 1582 1009 -84 -303 -1269 -783 -693 57 -37 2057 1806 973 -713 235 318 150 24 -1416 -316 628 -674 -767 -871 824 379 1236 -310 -1333 -675 1049 -1122 755 389 221 -876 1109 1542 -1462 -691 -276 -1032 1310 369 -427 -343 -73 269 -114 -1267 488 -404 344 -861 -561 -1448 -212 -421 1039 1117
-98 316 206 -235 -1097 -262 -1178 -1125 315 461 219 -171 114 -831 810 288 137 -673 -1129 101 -693 77 187 1071 -157 -212 -1018 -21 -406 -1219 -215 121 -937 668 -84 -1346 -1615 -713 503 -722 -477 1031 438 425 192 -801 -214 1140 894 228 59 -126 -392 287 548 94 -310 -340 -1443 -304 -499 -173
358 1089 -596 226 -491 -896 209 1286 -229 -60 -715 -795 -1736 -1224 -957 -555 -736 -106 10 -257 466 1138 665 -745 -903 1134 870 447 -943 -688 -2 -478 341 -11 -1281 717 -353 600 -251 -668 -744 456 640 486 -1728 -396 -298 -317 -907 -640 1043 -40 -624 -203 -1280 267 249 154 1102 819 -479 1107
823 483 594 -732 417 55 639 -999 -98 -987 -774 -1495 -265 -1190 -1202 -1681 -1021 -70 1305 1204 671 27 -639 246 1802 344 89 -2 452 767 791 -95 -411 -1278 625 249 1063 -174 -729 -1170 -150 729 -809 -759 125 2254 -146 222 8 -603 -546 -2270 618 628 1262 198 -861 457 581 -913 1001 -543
620 55 503 798 968 409 665 -206 103 -173 689 475 1328 185 47 1357 199 -17 -186 -2027 -632 -835 -789 235 -250 -127 401 -5 138 -537 -720 -2380 -940 -538 256 -417 -245 -1025 2100 201 296 -1330 -846 -775 1647 10 513 -153 170 -582 -900 -204 914 779 331 -1350 89 -867 -1076 992 96 -499
1124 -894 -135 -686 132 889 -604 419 -597 740 -2059 2205 -39 730 513 -1148 -51 196 -815 -93 49 -493 -343 797 -479 152 -1514 341 199 1006 -745 280 -599 -1432 -284 -795 -373 161 -1632 -1301 -223 169 206 119 -666 -443 -714 -1422 122 -575 701 733 697 829 530 978 739 -22 307 -599 -104 930
-148 1131 -236 -230 -754 -1586 -1093 1107 -209 -1086 -290 747 -553 911 -1348 -440 -458 -1278 62 684 -58 451 587 -254 -687 -1246 1072 -216 -828 -299 -85 725 -281 122 767 1034 507 59 -251 37 415 -442 170 881 -83 -1505 -3876 -453 -1879 -698 57 76 1231 -260 -932 -550 -727 35 643 257 1330 -18
401 -441 -655 714 -168 -84 1093 100 -31 575 1235 386 -34 -158 552 692 -971 337 -49 -4 -637 -666 -881 -930 -422 -205 117 -1194 -279 -611 -1054 -215 584 192 81 7 -415 1021 380 1237 -622 195 312 55 -1127 -1372 1626 -831 -409 858 -450 -667 -1628 -2143 -989 -706 -1217 -117 -149 -952 -34 -61
-294 1015 1789 1750 169 -122 42 -1675 -59 24 1048 -538 273 183 -581 -631 882 590 760 -1872 -267 -680 1484 391 1211 -868 -1043 -991 -954 -1585 -672 -7 -937 -700 -492 -428 1039 89 488 -364 -827 968 -559 -29 -354 -607 224 -418 1651 -1092 -1113 822 -984 313 -384 94 188 152 -1597 -136 504 -748
804 353 438 -506 -327 411 -1081 -963 56 -29 50 -322 207 -1685 -2150 -496 -434 -1084 -1033 -910 -113 -350 40 -142 -320 327 -335 -686 -486 -59 2139 -251 -1344 -75 119 1159 1385 449 699 -1607 1370 -671 897 -57 -442 457 358 296 193 -380 1742 603 1466 742 -197 -567 503 -405 -227 328 -1062 321
630 -1804 441 -1638 -145 -1526 -1232 -94 762 -796 -655 -1117 -457 316 474 373 -1484 -515 -434 539 -1499 56 -1903 -546 -1964 -701 -1508 -339 1018 757 278 72 -495 502 -673 -612 449 -131 -471 103 2002 333 825 205 -282 551 609 256 -587 -910 -382 -559 -1504 -2642 -233 -1026 441 -1296 160 1143 685 855
-1362 -307 223 -401 700 50 1830 1374 90 85 -304 -1391 103 -1451 897 -745 543 964 -46 -549 -418 -151 -303 518 -575 -237 -703 1265 106 -425 200 -797 -623 -440 697 -58 -566 -1378 239 937 -271 -1630 -1450 -1005 108 -397 653 -641 -618 374 -922 212 -292 676 -976 -1372 -1301 -793 -37 116 -441 1022
-595 -509 -967 -1035 560 590 673 -1166 -1620 -1460 -1755 -790 -595 1110 -786 -280 -25 467 -1175 615 -276 -430 1200 118 -691 416 111 -125 -272 1926 -287 -212 865 -30 -272 -1209 -1324 30 -338 -264 -1339 -422 -220 -257 -286 -446 -936 -90 -397 -577 -321 -341 -235 -695 -95 1945 405 -1052 -889 -1576 108 -1172
-216 178 -373 1832 385 -258 -2610 -1683 -926 -1281 -897 1610 -95 103 -856 708 575 -301 -448 -184 -1178 1007 -1025 -1544 766 402 -208 -291 -59 -1064 -76 -313 -651 -536 277 -893 240 -154 -157 -839 -1997 -1023 -750 160 655 1485 1049 1800 -189 781 613 342 148 -1048 15 -1396 -2174 -965 343 -725 279 397
-307 -278 -259 1563 -884 95 -146 1515 -723 -95 -750 103 307 796 -267 -619 -494 -422 1107 -229 1936 -653 -1101 651 746 -1040 -64 -880 493 956 -834 -744 -669 -761 -1068 494 -194 -142 -642 -771 -168 507 -675 -1454 -121 736 371 647 85 405 198 -1140 -1554 -1001 -667 -1149 664 696 90 -119 1265 -26
-317 396 -826 -1629 -1507 -931 441 -795 -866 -336 -432 576 702 -1317 667 1584 -321 503 57 909 -450 -223 1278 1341 347 -457 -750 20 1187 381 1186 1954 165 -860 -633 716 -255 383 1024 -321 1394 -1482 -2622 309 -95 -1316 -598 -947 700 -417 431 -363 -224 -257 -504 656 -102 -308 -75 1060 -1122 -153
-158 -1283 -762 -446 306 -1675 -400 223 642 903 1417 -758 373 -263 -5 -1612 -692 324 -347 -615 -441 974 1640 107 -202 -1330 185 253 -265 -361 -45 -212 -834 109 89 174 -549 -864 129 1035 901 -842 1209 1240 -772 829 -192 811 -896 -456 -1450 392 328 817 -293 -323 -1212 -362 -139 -337 -736 133
-1456 -539 2196 -574 -1087 199 746 -529 -11 -1206 382 343 -800 657 40 489 376 -1729 46 -751 553 373 -888 -1558 -65 1157 50 1234 -886 471 362 -1420 -671 82 950 111 664 668 -489 622 -1151 1201 1345 -602 200 -515 -648 195 -574 306 -1276 -576 -463 -1199 1057 137 550 516 -325 -1074 50 -77
-801 100 -529 -1046 660 765 -1167 -1211 -185 114 -932 -852 -259 1374 -322 -636 -55 -261 135 -802 -937 -1005 -1065 1014 350 -1619 -875 -222 -1302 -388 -1294 -63 814 1350 1023 978 -709 -425 -880 -227 -806 -737 -588 102 1382 -327 873 129 -111 -874 1386 805 -402 -110 -785 -99 571 -289 -886 -708 961 669
740 -288 -1929 -1021 -872 -1218 -727 2332 659 563 -506 1128 594 -1251 661 -408 -1106 376 -66 751 -272 261 1659 219 -1472 457 707 149 -670 -678 -825 235 -721 -1677 -493 -1933 -499 -609 93 400 -121 1486 649 984 -813 35 887 -580 -327 524 1740 -731 352 447 -28 473 187 -644 -743 1673 -741 -960
-359 -1842 540 -196 -817 -1170 -87 -171 -1604 -267 -556 -1843 -504 -438 -206 -1765 -585 -688 -79 283 615 995 30 -582 -474 1156 -459 -1200 -1317 84 -99 -709 -539 -974 -526 -119 980 -720 -2 -780 1145 84 996 -496 629 1767 -229 -465 1217 599 -554 411 1157 -682 354 -186 -2176 -1032 -26 28 -1353 -281
