204978 131958 293016 222440 362056 -258732 68462 -179786 -63624 188222 36033 321350 358051 31624 -59205 146116 47563 -320083 386336 -234641 -548432 -289152 93272 -73905 270031 -111121 -190477 -32438 -58866 83630 17767 -84267 -206926 -524953 -130506 -352708 295021 368414 -50229 190049 -321458 -307331 -180500 109202 -434957 -423644 -236001 45931 -227537 -136163 -101689 -66418 -113946 16595 -238182 212284 38167 195690 -97227 -191315 217109 -151496
-135781 137108 -241476 81750 -188134 14535 -65739 -221569 56194 -115348 47988 262800 -112568 51748 -154490 -249777 -539334 151511 -99667 -125825 269953 264723 21398 -88214 -52769 252031 -117995 37634 119669 309934 330630 35596 -58944 -115520 -82863 142504 364711 -124457 266072 95786 -160731 -36996 -136691 -133415 -67474 467249 252968 41198 98533 353916 11362 222677 180939 309873 351074 206402 148986 314019 58061 291735 -227133 -20311
298678 115214 111112 -85981 -124325 -304470 -284429 -98196 260402 -111998 -135708 -265699 -33848 346507 -182387 374016 125537 -41526 -197407 75752 -97434 -100500 388716 4578 -33961 -562184 -120691 -102224 326528 -176236 -15847 -83977 87634 62777 -7761 241118 -268166 325362 131792 -193513 156925 26448 218428 -368275 382630 -36153 -270500 203708 23360 36101 25203 240148 134768 -134461 -176180 -326634 416309 -40916 -55289 34624 -57303 146958
238403 306846 131582 87559 313065 73890 436530 99924 168103 -105888 -105574 306306 119423 -247194 606488 -183433 -5340 -134642 259608 -56824 -2400 266245 -105284 -135250 -90944 3212 153431 -180553 -180881 29296 -136076 77960 -486437 9598 257788 -184466 19203 91095 -227099 -199031 -225760 50203 -211333 168881 122623 -374832 148076 153370 -109269 317520 158678 173701 -168807 -176692 4791 231518 -2915 39168 223951 -225979 320197 -85940
90631 79838 -141452 477746 -133680 11117 -312809 -45235 -277100 10679 68616 80070 -72648 370578 164994 -214705 297857 187019 -157160 -439496 154105 97571 -83262 401136 121715 127578 99046 4860 -124066 167365 -37132 42816 -80998 249817 -75129 66370 536571 -171957 140501 -43870 -90849 126646 -316999 190439 -81181 224525 -17421 141184 229101 -23439 -7655 -138578 -86474 14806 -112236 54627 -4138 176928 -145643 144916 19771 268430
226417 118799 401625 -194428 -340660 -254131 28730 221017 63565 496127 194587 -110671 -62723 -336523 -426683 -100766 188462 -153971 -37571 299832 559146 -229197 20327 -34312 -23887 286345 -174156 -16836 -87017 -18369 -447001 -323146 126574 -354210 -366215 -97793 -593658 382101 17385 4099 126483 -159256 333048 363635 -155090 58047 -12274 15544 -47414 -21572 142729 -206377 -80161 -63734 -174311 144589 337981 3590 113382 1289 -118803 -113512
183216 105219 -73410 -348230 77345 -221043 -131727 -242545 334974 79900 44762 94820 119583 282808 282231 -120697 65531 -432735 432274 388013 -42208 208283 438869 149879 128964 -205425 -433912 -68629 -138852 -74706 113429 -189092 -208286 202286 12045 419857 199343 208999 -486023 8683 -100049 62959 490954 -594526 -42586 -392455 -317772 70463 43675 297343 -64573 104082 92818 -158738 7704 9090 65937 185271 196775 409599 48655 -252471
308668 274487 75515 -137243 75228 -166291 -35314 44737 127941 49703 342644 174403 -88761 129275 -297667 129782 33935 528368 106054 -288759 -259156 174841 130551 -31956 194785 -145883 354495 52377 348095 160294 -104010 100109 234643 77722 139417 184888 39293 -360948 145614 -99599 -121975 233789 -401846 255965 237896 312189 529049 -76564 -267120 -34205 126665 95495 112058 -89220 49746 -27590 -103818 -133919 115756 -94682 -190820 -80400
90989 -113651 -252255 165707 341790 345891 -15947 89616 209214 -7997 -340915 109514 378182 48544 24491 167853 -117475 308765 -291385 158584 222101 268017 -28047 137532 91362 47550 193174 -53666 446263 -30779 235498 442982 101586 280585 470830 -343733 18585 -189529 -103717 -172448 106107 -320922 469 266871 -425310 492719 -353124 -6716 467487 -130001 -74148 -390265 5889 160396 217384 -47160 -23411 180693 162188 -229728 161071 -23417
-206174 -516532 -123843 416756 -105349 -241124 -83339 90506 -192515 -142506 136218 271660 -121913 -300317 -102600 88254 136432 116387 236244 256555 339354 27049 -42326 -74342 -59690 78892 -161113 265723 -124509 297901 -67233 505972 227721 203657 -218186 4747 -6747 9392 -311414 13661 19977 -231091 94326 -311290 578112 92796 -193135 206851 -266924 -605623 -123780 256204 258188 373020 -193519 27906 190304 14010 -271699 193035 62874 291205
-435754 -157432 133807 -283051 -177655 79808 70723 156573 92528 36673 -12247 -116461 15074 29146 -143328 288230 37293 -110128 52051 50408 309921 20132 108021 -289298 -10528 -179624 189481 394512 -79989 11320 -78396 63976 -199014 -16810 96719 313655 19293 -7228 52069 66358 96582 1965 26856 289738 -79877 -419535 413971 -362145 -86371 -101125 29046 -18823 -81866 -137713 195198 332837 28978 -335442 -48214 -46149 -234064 -17647
-158447 259975 205899 -5480 243500 76893 125179 259717 -129540 135209 293474 -316349 -378445 -87087 160738 36817 94231 -173848 139962 246988 9678 78794 116559 210787 180678 62030 126233 46457 -57000 33717 392428 -254969 -207013 -124739 149728 -279093 -180920 -221341 53682 264043 36457 275329 -96632 37101 -249608 220926 -295885 -41018 -241070 201498 88893 123961 57747 180051 52543 58313 -56079 -33634 -191136 -343007 -1129 -255465
85159 236039 -302070 28718 97918 86281 -85992 -386422 206733 -217816 -579014 -199414 143391 -69847 17564 253238 10260 370746 592638 135671 28273 290649 113214 103729 203216 190299 -148619 -350767 -2157 -316486 -77898 -178523 185915 150692 -196839 173812 54011 -13139 87864 41953 140805 -156718 5463 191143 219869 -248136 315170 -59145 -85805 184608 -61214 14652 180005 -46964 -89560 16625 -174084 193757 -70944 142944 -147134 330587
302292 -273205 -150615 219227 157299 -93371 19229 -37783 -98878 -328295 347239 83226 -268615 -68035 162049 24124 96125 450411 -277862 -133349 418 -203712 24268 -25673 -71657 -400077 -228523 -27726 -296115 -138615 63269 -58642 -109426 -458089 -116653 -22955 40190 224275 302595 139495 -108789 -251431 245617 -104639 -238963 -154496 -472844 -301033 189337 -307504 -25603 -414495 -28910 -96223 175863 -52979 -144600 37715 -231228 -73977 83751 -237942
-310898 -219690 165858 116926 -178563 -70567 -50045 -211337 -297342 241821 -179138 -360527 -151695 -147754 -439993 151272 113592 -183036 -161638 44981 -152446 35515 -89876 74534 -122544 215852 124671 -216496 -213534 264315 -283016 -113584 238123 8174 82290 99715 -22918 105201 104792 -144861 -255088 123487 -77398 -122974 24989 21980 219333 660980 -90522 167880 -80163 -30718 -171135 -29286 161885 60286 301229 185946 -60862 14747 -51614 -31570
-129041 253856 398885 61527 -100398 258648 -185619 205005 86812 37680 -218426 -229445 -180948 134773 240160 21178 -207808 -176551 -270584 -326355 -224004 -223130 12915 168447 -254366 341527 -30673 -6369 -7846 -461051 -418280 137483 -67730 -169629 146388 151876 4936 120433 -207567 45250 8595 173265 -1125 -25140 -96164 86185 316276 -22815 84394 176090 -271522 -3846 75376 608423 -251704 82333 36000 -192659 10098 205700 129690 380448
126174 -76307 29011 -40116 284809 -101332 -454138 -9453 -41967 -243963 -137582 117927 55670 -49992 -161857 -94705 231328 65370 -152467 47531 -196005 94568 -267457 -235726 117861 -319493 -510880 -263316 -241491 -87574 354643 -95023 -196830 126676 102188 -132162 -198167 -312860 28536 -40643 183224 403521 27190 -160801 -17745 -28023 182318 -117566 -117896 -132513 -198646 227216 362498 26893 -280131 163210 -202706 -31482 62893 -287573 -74684 -138751
24946 -137798 -182382 -70130 -371375 -171541 80493 166397 -18123 -303631 -114461 -114719 -235676 -224971 -44875 -301947 109038 -198717 126037 226928 24581 -139469 -307484 290989 -233789 -159192 148029 -158957 -268279 72626 143680 318225 275160 219114 -237993 -293241 -7087 111389 124359 -137294 379468 -416111 -356335 10363 106953 340787 199395 -150209 357265 -207261 249158 -236734 379781 -432395 324601 -200547 -300845 -85976 -100974 -86920 94230 7897
-181365 179328 161577 153044 -13219 32895 -3173 -160312 -111197 -40486 -14210 288420 -35692 48001 -151277 113212 -107809 114748 310287 45395 33201 77221 373939 -128400 -136315 68207 -196799 90320 15243 -43824 -93479 108030 68302 181928 181514 -92124 -5112 36474 117548 688368 121129 -70872 318186 133694 168782 180692 -573843 -124430 -309667 -48731 -20410 95917 -171072 -66763 214258 -490075 302776 -150596 114536 -14962 235829 509306
73364 115220 -396260 81173 207191 -208107 362560 -336640 -248404 -240580 -28103 71620 103127 -74032 141970 52212 -48338 -31914 218313 75144 399903 60833 -63088 -71767 443594 115491 61685 -75293 77539 -172888 262544 -90724 250729 -120188 -104954 81722 119988 89440 126270 -140403 -152984 130751 38218 -9179 188578 -345609 -245339 76157 -45674 -139287 -193734 472719 -290954 479797 -159515 361023 294626 -365994 214703 -148207 44536 -90008
-246531 -2540 136595 220653 -187862 57372 -272694 -106856 -373149 -152592 148102 120141 38968 290406 322374 -50429 -165582 -94398 99238 -235401 67357 261838 -41742 52588 -79901 -423739 -110693 -104404 -302891 -70296 45222 24963 13863 60878 -111279 -107128 -63974 -386046 -48068 -336878 -337279 -212023 -2631 -21526 -171902 -190760 162121 88454 94342 34205 177293 119721 139103 61987 -33110 62817 -244927 230190 -165612 -56614 18977 -133387
-186889 53483 240086 61594 233120 147440 42472 277633 21770 679794 660913 161717 38687 -31848 -498772 -44352 -229407 77547 -121197 158164 219160 -276069 417374 307477 174007 80168 99761 -156530 70476 280641 -215431 -53304 -2667 -13863 -275910 -52039 -111521 244516 459239 -247144 -152244 194583 -190093 -127909 -186147 69613 57993 203061 98216 308983 329730 -441047 -138535 -475585 342682 -218580 253078 7162 -13614 10774 30925 -176978
298994 160163 -165318 8214 -121418 3307 -257874 -155876 343101 2726 -185952 -294209 -77656 -373991 -176501 -416258 -275048 62004 265848 101677 -67373 105743 140775 -279837 -192887 145172 191987 24145 118630 -184174 33303 365125 -20801 -156270 220556 -81274 92490 425905 -531228 -511 576639 -63789 -49080 36093 -10849 160915 -76778 -52641 -46426 -220330 -262259 -521395 -59934 -205627 -123568 -23737 139501 -32938 76598 -64661 273868 -106628
246301 -160678 3000 -129315 -59887 -63223 85516 304613 -67976 -100159 -7961 -114735 110510 -66090 90704 -21994 167873 -212412 -314349 -238983 -1984 74507 -62697 -155646 -88609 154305 -1367 -285666 162563 -114552 -1058 -138762 -94807 228014 150589 155489 558641 -229527 -343123 104990 -252072 -231071 174108 -49434 -29460 -385999 353498 250105 166945 -126362 -287406 -279020 62433 239568 83302 301833 -515348 -75429 -476624 64341 -123883 68231
-212506 65127 325799 287558 214245 -263372 215285 -333276 303496 47367 -279026 -158069 211381 344492 -12980 -64376 -134379 -381995 -107542 54731 96719 259014 -288017 30487 166881 -35816 -112014 110952 -220298 -210650 42545 -106986 103897 -110177 78548 64942 -109036 -55816 302801 43090 6397 -118299 14712 -100532 -59135 85066 163193 -352152 -118229 -183696 -96877 591620 134329 154705 106522 -71113 -69601 257326 -208852 71456 -115179 345992
-29402 -138734 14352 -115483 -323761 -71306 167170 -9386 -22272 -228760 -32504 292117 -93584 -152100 -526008 107732 -77566 237825 -139465 5091 -323671 -206800 -75025 66774 -134477 394879 -74783 -333736 -443889 190280 -235149 72636 150929 -25048 17465 95653 96323 -59031 -73095 -128525 6419 -137808 10071 181284 177664 -57000 -210097 124713 77665 142406 389114 -21171 108903 -43896 -23725 -85645 526356 -338632 354966 192233 31787 90466
212116 197969 3608 -467200 -382067 -246376 -297419 -75796 -329553 46683 -22786 125471 150624 -19194 509922 130399 278574 312565 449856 283017 -135069 104394 -286522 2637 37487 -73003 -192807 206308 263087 -30840 -42024 173221 -83850 336029 200262 188098 -461606 -244862 -70447 36307 -218230 104906 86489 162496 -318674 81215 -91421 -92687 -231882 -53775 166413 -248201 -85601 -56242 163053 196202 -25368 -23256 239264 -147921 92430 248907
142650 10208 95525 173391 302942 274522 -21781 226059 -121903 -109630 -306191 10251 -54018 273177 228640 -53534 34811 146999 -120921 -201146 134188 171070 132135 12941 -150172 44686 384291 -3675 210257 -215086 312494 -136315 470267 -73948 38129 -474383 -110740 102861 130903 355174 -247975 394238 185465 -159187 -54621 192284 149307 266868 42238 64108 -111763 66091 111225 428976 -186644 279163 -332821 -46371 -421633 301935 -273170 -29684
-517148 160345 -4491 -55521 256075 -70876 180165 -130202 -51741 -93158 102814 282083 88191 -156594 -190448 3451 188161 372911 -269381 86167 122399 -181238 -314006 -259616 346542 -223665 -216326 -321862 66362 209648 273836 -104440 58419 -19161 -18241 -64583 3558 5363 17448 -506857 70911 -140936 -163231 -229115 -83117 118190 174150 -167973 -70119 80468 -190149 239632 -39580 -131056 79481 41253 29993 41769 -79848 -157382 217331 201679
175846 373393 -8944 -2856 -116551 -38802 -482541 -302321 -265376 -144917 46318 126169 -90034 -203562 1345 67833 124406 16820 1918 20581 -211870 -175683 98492 112211 -65647 -166799 -299621 166208 99762 200387 -99480 501132 372019 6788 250475 -29993 250623 -52761 -224243 -228358 8337 -352237 -164367 -293235 23838 176597 -181554 -328735 -27310 -163178 -118250 -99112 -78734 -119601 169810 -423158 15560 -25696 382133 234688 249329 -306372
655893 -234854 177712 24692 162638 -128962 -55594 92537 58546 153445 -106908 -225945 -494814 257802 251517 550344 441443 -22133 372058 -220396 182435 225557 24176 -62233 -243812 -90436 53692 201398 -283258 -195965 -166920 -117563 -294864 244219 180736 343986 103992 -192123 -13349 129228 -241065 456167 -257836 146110 77715 -117084 -279889 292642 -277412 -284350 -60885 -260618 -146372 -213461 -379307 96328 97256 15910 -14740 -117447 -189109 101427
112101 47806 399427 78590 -64709 -260912 106343 13382 210009 51206 -71676 -343902 -12869 -134074 17044 143014 87690 -78707 -85547 -44452 -293382 -274673 -257841 -112465 51167 -31846 -27859 -154316 93295 -219393 -50220 -172408 222795 228022 -71271 129803 -78530 294280 111556 -328913 177983 -135949 -174069 270131 96086 -18059 203803 234494 114097 118725 40275 -139456 -130527 180552 190858 990 -408838 -400583 -101228 -104479 28364 -85100
-100278 582919 346116 7945 -47630 60036 157050 -179893 -94583 -141962 181852 321196 459978 -61321 166258 -181024 -260202 16500 102562 -241203 18885 23998 403609 -53003 -112536 39275 11080 134978 -157864 103723 205475 422299 506142 17931 -17866 -362583 257905 197127 -92083 577873 92785 -279029 308410 365937 -34949 292627 317734 60845 230906 35262 -73265 116934 55092 355262 137947 -102849 355360 -157380 -62252 -310689 22914 -170886
144723 -51824 -392711 -156769 346262 407028 194053 221313 54238 -52332 140183 -86115 136757 -91697 24237 -82734 105731 285520 -177105 -107679 88538 -156857 257284 -191013 374348 40557 -186157 -20233 -178172 -57573 -38533 76639 -290413 -218597 -119857 -130230 206441 -49368 186480 7650 -161464 183202 147845 -169718 -113652 -21030 -2182 -23690 -84681 -287848 -68901 223215 56212 6237 -320069 212604 -67707 112136 145756 240463 -78883 23519
193926 -379025 -291382 390138 -72650 229917 -252781 -73518 -27660 59252 -156677 -258485 -227118 337235 251879 331475 230160 -252909 -56787 -122620 -140692 468612 -250566 325551 -7210 -168956 281972 104142 -57782 222081 74706 2324 -152702 24863 -247693 126250 -213614 -320408 65212 -167157 263683 38099 41792 12903 11248 134093 48662 143118 -107870 103221 271368 -284571 -48584 -345017 -73443 -127335 -43196 512954 47118 336219 88567 52898
-218771 6735 206840 -137447 -198987 22460 -13328 193666 77992 -236023 -105156 -216384 221866 -102679 -183967 -162160 613 181122 286658 -32542 -24722 -404447 -243990 208118 -361700 58925 75039 -319495 218307 22861 106446 185683 266607 292525 125828 -32167 -52060 235068 182390 -220454 -126071 -222256 -371503 -380104 -204573 -140302 -14701 -162095 -111887 267047 -118130 194577 -37287 -143073 462097 558930 518253 47930 72293 43634 173708 78408
94388 -247057 -287056 365240 422473 81531 63718 14778 -216729 -97627 -196477 68257 -150486 -62855 -158231 -190708 60834 163105 -169927 66051 -141345 163229 198390 -64686 -206140 194513 -42524 -13136 106328 -65528 -26905 199266 -183118 -46790 3722 -298873 169907 -56551 19783 -116330 39735 42649 289826 138839 180704 216444 -311731 -494289 -176495 -433658 -150034 179575 -30673 336005 143834 -119782 -286403 -74049 -107242 -235727 -186048 -373578
-21062 146619 440500 310045 29277 -19069 -255763 -66709 -126277 310717 -129574 225558 251171 64547 -99178 178493 -43407 -399785 -500334 -285986 196413 293406 80860 -85683 -12508 -4272 -173234 80393 33574 -8256 -25544 -44043 155765 172885 7557 114831 209503 186638 141730 246141 422248 330387 16970 216222 22123 -88588 -237226 234936 -296577 -18356 175354 26193 381323 -2294 -143174 -73834 -163583 -214306 -222474 -139934 -404154 -69940
-438973 21359 -123584 176936 29522 -335331 -32959 80289 249449 -143743 141135 572184 37553 24474 255023 -58715 61592 -18242 522204 444823 126944 -35634 109682 -1775 164251 -388925 80217 -125200 -65328 -96130 -231794 166069 44781 -149030 -13355 197525 192082 231052 -92147 45939 -422072 -27724 -109999 173601 -135119 -218992 59578 -488137 -64949 157236 -55130 -233872 -11037 102959 226543 235138 65849 -91065 4246 -206428 244088 -53411
-112513 -32275 2103 61822 -268516 -4508 90726 104392 33035 -297457 -74759 -293732 -114937 430650 -89261 35897 -124832 134383 161671 -28633 349633 354612 -193521 -190418 65268 341395 127008 -68021 -300680 -253229 263237 198325 -15555 234882 77725 44754 -208674 23911 -7623 31081 -15034 197522 61811 216674 284384 -95058 229902 -57878 428083 153871 -103919 327967 -207919 -167717 -169745 31106 123631 315228 338675 -129810 -79258 -244554
-59602 -163476 157543 -574435 -101412 -52182 127276 51796 -390034 -98539 159334 194831 246520 -82013 204008 120825 -56090 -52421 -158687 281777 22637 -400093 24121 390844 451624 50603 -115184 -15480 -60306 452656 344722 -332890 114509 -242574 -142049 -56034 110773 24599 -457079 -102133 112939 -212527 244645 -112439 -225391 -219852 -129756 -62612 -253728 -128667 -250570 93205 -215955 346322 351665 -127361 -67815 96272 -48460 273982 77106 314711
80022 30274 -28935 444103 297917 17511 -38751 -285818 -161321 -138242 53928 30203 565285 501610 287896 -143601 99145 120858 77564 45353 -323036 -41704 199685 -133670 -157282 -183948 250244 135924 355629 -40652 -302083 -133514 307505 -247943 232668 138782 95688 -184948 323032 433957 -334818 -137450 -31490 -224721 374550 133778 -70109 -48537 20477 108156 10215 -285207 163873 -64662 127325 -181034 -104366 -331432 -15235 -68619 305197 325207
14373 120003 91711 -21431 -241933 -27581 -262714 -248398 119720 157297 95011 -4497 68477 -173769 246878 112890 74281 -133035 -249815 64944 -138351 58932 87054 313276 -1119 -14784 -221498 34139 -64388 -273108 -15748 70342 -200844 210067 17842 -305491 -373847 -143018 168325 -145952 -83035 303136 151373 147954 88219 -166063 -16019 330631 268286 97607 54672 7308 -60868 113120 179460 63015 -40397 -47856 -330264 -38688 -88693 -4979
130878 317704 -113520 96696 -86993 -190506 92741 368819 -19279 23843 -143751 -164340 -405153 -273964 -205879 -102899 -149386 12015 41882 -26878 158199 330278 208978 -151717 -192240 329701 261578 153763 -201979 -137052 38866 -83156 126229 36096 -288765 222742 -51158 192599 -24946 -132299 -151503 155759 202777 163894 -403367 -61998 -37033 -41900 -192849 -124468 306316 28955 -120669 -12543 -288607 107397 102696 78467 321081 248709 -83498 322433
249925 162569 191034 -148381 145826 53345 202505 -216534 14424 -213742 -159139 -343507 -28654 -265819 -268472 -391001 -222346 21089 373148 347460 210683 45913 -124531 101746 500508 127378 61795 38632 155014 235351 241618 14825 -66570 -288144 199230 102822 311416 -5330 -147427 -260509 462 225384 -167926 -154955 71381 615739 1509 95911 41443 -115077 -100773 -542011 197350 199740 361990 89882 -181752 156014 187708 -194894 295633 -99712
197629 53212 167671 243390 287089 143833 209337 -13773 65481 -4708 215325 161040 379120 86472 51250 386505 90029 34982 -8547 -479162 -122814 -174547 -162681 99154 -24842 6378 141612 37668 74064 -98473 -145283 -570537 -201529 -98700 104341 -67670 -23993 -223326 576508 90484 115045 -301423 -177507 -159460 460333 41795 170328 98 82879 -109809 -190944 -13364 272955 238808 123831 -306256 62167 -183196 -236122 293153 63944 -88895
327022 -189411 4429 -136504 73157 266859 -115567 146124 -113796 228259 -488188 603409 29194 225675 170296 -254946 25740 89261 -169726 15317 51513 -86860 -48900 242970 -83416 78075 -348571 126605 89868 296321 -151380 110851 -114163 -327663 -33645 -164463 -56558 80402 -378888 -294294 -17975 82363 91757 69475 -131372 -74270 -143846 -324770 70356 -107867 218822 226528 217528 251458 174620 289279 228138 32905 117741 -114554 12435 277279
1160 328503 -21493 -19497 -153969 -366940 -240875 322371 -14655 -238667 -35434 230240 -102513 272234 -305770 -73243 -78057 -288076 54740 214410 24052 154431 189378 -26200 -136571 -279851 313551 -16034 -172688 -37374 17424 224677 -32842 70381 235321 303722 168573 54195 -25321 48416 145187 -74245 82516 264504 17732 -345798 -952882 -76518 -441846 -139432 53648 58401 354194 -27160 -199406 -101679 -147203 47655 203427 104702 379359 34193
141809 -73993 -128642 221626 -3952 17733 318768 64564 30862 186667 355357 138412 30377 -1573 180462 216161 -209319 125271 26547 38301 -124185 -131377 -186384 -199050 -68661 -13502 69369 -266600 -32677 -117168 -230357 -15669 188701 88647 59779 41166 -67435 300152 136050 355548 -120475 88826 118699 52900 -249663 -311902 455743 -172965 -65466 259040 -76078 -131344 -377585 -509487 -213749 -141653 -272010 9241 746 -205032 30493 23463
-36016 298584 497093 486820 82454 7542 49893 -389827 23580 45105 307051 -98954 109054 85713 -109638 -122441 265378 190248 233778 -440063 -29557 -134718 419169 139154 349147 -183001 -227811 -214400 -205511 -366554 -132895 37415 -200867 -140214 -86941 -70411 305331 61881 164174 -54532 -172855 286903 -103975 31599 -51641 -116733 96474 -67915 462185 -240302 -245693 249499 -212722 119016 -59338 62835 87459 78119 -369812 4445 168283 -152558
245481 129761 151613 -90548 -44590 144816 -237527 -207586 53172 31784 51701 -43410 92150 -392084 -511399 -88210 -71752 -238199 -225176 -193914 10149 -50355 49596 3151 -42616 123019 -46531 -136373 -85493 24634 586637 -25380 -305212 19755 69739 336008 393942 154178 217901 -372436 389825 -132455 268696 24711 -73993 156360 131071 114941 88325 -58227 485027 193409 414138 228933 -11206 -105773 168345 -64419 -19199 122772 -232663 121389
200288 -423031 151969 -380188 1806 -351547 -275898 15351 234394 -164514 -128437 -246974 -77916 120474 160129 134790 -340656 -92676 -71787 177315 -344426 53494 -447647 -100194 -463684 -140378 -346971 -47833 299569 232945 110197 57815 -87468 167475 -133239 -117367 154570 5518 -80989 65568 551595 124297 250450 91524 -33044 179918 194860 104495 -110778 -193666 -58307 -103833 -345508 -637176 -20392 -223477 152237 -293096 79963 331335 214320 257820
-309401 -39713 96352 -63300 218436 52145 507809 391233 62266 61026 -38941 -317119 65289 -332259 268669 -151580 178274 285953 27282 -101065 -67674 445 -38307 171892 -108451 -21763 -141124 363241 66328 -69321 90179 -165152 -120366 -73701 217532 24325 -105641 -313788 100166 279109 -30506 -378014 -331790 -217895 66965 -62800 205960 -125307 -119266 134469 -196976 93469 -35334 212269 -211238 -312317 -294150 -163708 29646 68775 -73783 300681
-113364 -91336 -208636 -226026 182449 190359 211639 -259123 -375663 -334617 -409958 -163114 -113304 323476 -162172 -32275 33087 158905 -261883 196604 -31670 -71142 346679 69527 -138060 145518 67250 7043 -30605 532364 -34425 -15275 260309 31434 -30328 -270462 -299673 46564 -47324 -28600 -303930 -68863 -16623 -26458 -33892 -75226 -200758 15781 -62268 -108402 -42967 -48247 -21044 -138665 14611 537015 142510 -230376 -188288 -364453 66287 -261221
-16251 84233 -56588 507680 137335 -27291 -629226 -392096 -197909 -289010 -190705 451213 14733 65519 -179952 220223 186616 -37706 -75597 -8100 -262514 296910 -223396 -355731 235478 142236 -13525 -35155 24238 -233178 19739 -40914 -127091 -98229 110116 -189448 100865 -180 -943 -175570 -472081 -222922 -153187 79762 206153 419604 307817 499945 -9244 239020 196080 126750 76936 -229274 43288 -317855 -517503 -207491 126860 -146674 110307 140754
-39555 -32226 -27264 438871 -187255 63431 1902 426709 -145794 14278 -153183 65245 117911 242973 -28875 -119065 -87116 -68669 322187 -19809 534376 -128004 -242821 205843 230235 -227128 23174 -185985 165477 283719 -174375 -151209 -131979 -155814 -234094 165694 -10342 2567 -125257 -158032 -3809 169165 -134067 -333495 7957 227619 134158 205116 60883 143136 89946 -252900 -358664 -217219 -131631 -254771 209250 217599 62102 8633 362790 32310
-42079 140331 -172892 -378032 -346681 -199226 152265 -164633 -182503 -47194 -72029 186367 219154 -298054 209977 444548 -43057 167930 53540 271644 -76423 -17934 366043 382487 127973 -78097 -152711 44264 342847 136587 342528 539222 81237 -180931 -122667 222444 -25729 137456 301507 -42973 396255 -339908 -632145 118236 15133 -297675 -113896 -203413 217832 -67710 149144 -53888 -18007 -26721 -89916 206946 12824 -39359 20043 310406 -248357 58
-1218 -289125 -155816 -74870 117365 -389747 -63320 96374 203572 270412 401738 -155295 134748 -28228 37846 -373636 -138034 122110 -49357 -117997 -73709 288450 458992 66645 -12966 -301591 86499 104092 -28505 -52963 27572 -15141 -174320 67134 61879 83842 -101236 -181863 72069 303899 269707 -176225 348632 356695 -158359 251744 -9832 247120 -190381 -77576 -332036 139253 122793 248338 -35839 -43267 -271144 -53950 3693 -47270 -149674 73252
-333773 -98939 601076 -107876 -239019 90318 230526 -96145 36464 -269749 136834 126677 -165904 207282 49243 164002 135716 -403629 51096 -152959 181089 134607 -188216 -359842 22189 335126 51823 355015 -187610 159980 131968 -323937 -132490 60305 282549 67644 209666 210449 -85497 198559 -255669 346783 383256 -115214 90229 -92553 -126710 89231 -108194 117299 -287384 -108216 -79529 -267711 309442 73789 179930 171075 -44082 -236054 51926 19836
-165744 65044 -96298 -228447 208542 235202 -259564 -270876 -8371 68174 -199418 -179281 -27494 390672 -43504 -123420 25394 -27607 73785 -166208 -200723 -218087 -233368 298877 128438 -375355 -184682 -17813 -293938 -59605 -292169 23201 247463 384922 301430 289720 -142145 -69557 -186111 -18654 -167298 -149573 -111529 65205 392903 -44354 262706 72207 10368 -184549 393969 245243 -64091 10877 -161797 13734 185299 -34896 -187334 -142267 285249 210454
228281 -34687 -454651 -222700 -184336 -272864 -146819 636046 207917 183106 -90443 328022 190959 -280817 208288 -64830 -243800 135343 22424 231911 -30597 105734 463877 95555 -337467 155628 220065 77091 -132682 -134494 -171788 99048 -145153 -390357 -87705 -455768 -88588 -117253 62617 141902 7798 419256 204965 290913 -169395 48138 265770 -109638 -44592 173057 484425 -148378 129430 153591 31830 160099 86608 -125987 -151230 467335 -150202 -206361
-52775 -432630 177169 -11401 -169878 -260569 16864 -4895 -371596 -29239 -103223 -432912 -90218 -73230 -13814 -412761 -111068 -137316 18995 111834 196805 293894 46862 -109293 -82240 334838 -78486 -267984 -297991 60485 13950 -142506 -98978 -210380 -95967 8610 289683 -145386 38401 -160480 332205 60647 293527 -87845 199687 491414 -19651 -79900 351171 192355 -102664 144041 335112 -135797 129977 -8309 -518204 -224820 32366 46549 -307102 -32700
