2.557579 1.435228 3.897864 2.815560 4.953903 -4.544901 0.459786 -3.334452 -1.567977 2.295167 -0.029271 4.340279 4.905334 -0.095602 -1.487807 1.642790 0.146209 -5.485286 5.338780 -4.182222 -8.971667 -5.011479 0.844155 -1.717277 3.543074 -2.279217 -3.500089 -1.091506 -1.486526 0.690995 -0.305082 -1.879249 -3.743785 -8.615459 -2.589006 -5.985034 3.938167 5.058470 -1.342042 2.324383 -5.492319 -5.280037 -3.344083 1.085060 -7.235183 -7.061489 -4.185275 0.113393 -4.050511 -2.669554 -2.128390 -1.597604 -2.320124 -0.319887 -4.223030 2.668983 0.008072 2.411565 -2.062877 -3.510368 2.755065 -2.893585
-2.652743 1.513867 -4.275555 0.677144 -3.460341 -0.361738 -1.587550 -3.972288 0.276130 -2.339415 0.164430 3.451489 -2.306211 0.209682 -2.960699 -4.398265 -8.836967 1.735583 -2.106381 -2.507523 3.551693 3.466725 -0.244900 -1.925751 -1.379666 3.280992 -2.384355 0.005757 1.256392 4.162221 4.486715 -0.040388 -1.483698 -2.362198 -1.846391 1.602782 5.008259 -2.471994 3.497647 0.878294 -3.032787 -1.159563 -2.686710 -2.630278 -1.621398 6.564154 3.288475 0.053143 0.932330 4.841825 -0.411776 2.832494 2.194722 4.166732 4.784809 2.583163 1.701552 4.226938 0.309778 3.882711 -4.052962 -0.892507
3.991933 1.176624 1.122716 -1.894534 -2.493696 -5.245072 -4.934393 -2.079437 3.407137 -2.299186 -2.655710 -4.657921 -1.095658 4.727379 -3.370079 5.136314 1.327638 -1.218244 -3.604339 0.585130 -2.066970 -2.112888 5.375893 -0.505361 -1.102671 -9.180655 -2.425357 -2.139797 4.428921 -3.272203 -0.816483 -1.869398 0.753815 0.374450 -0.700859 3.114903 -4.666369 4.406558 1.446299 -3.534857 1.820074 -0.182022 2.759610 -6.218469 5.276686 -1.134198 -4.719105 2.543534 -0.218299 -0.016327 -0.194848 3.112785 1.474447 -2.640711 -3.277740 -5.567981 5.795833 -1.200572 -1.420771 -0.051469 -1.448155 1.667418
3.073501 4.117295 1.439403 0.754610 4.210365 0.554292 6.108427 0.945844 1.986793 -2.207311 -2.207047 4.113739 1.249061 -4.358392 8.696065 -3.391480 -0.665880 -2.652125 3.381445 -1.453141 -0.607562 3.500258 -2.185499 -2.654462 -1.972482 -0.536231 1.764515 -3.352908 -3.347437 -0.142420 -2.657309 0.607049 -8.019123 -0.427296 3.370769 -3.394059 -0.283500 0.812415 -4.043379 -3.632972 -4.039203 0.182150 -3.822733 2.002277 1.299648 -6.316632 1.690187 1.768188 -2.244479 4.291903 1.847812 2.085079 -3.167017 -3.275160 -0.510482 2.963511 -0.618435 0.020557 2.856155 -4.033140 4.330711 -1.889715
0.808043 0.649648 -2.740427 6.735102 -2.617572 -0.410754 -5.359851 -1.275290 -4.816161 -0.412661 0.465653 0.650671 -1.701020 5.099092 1.948784 -3.862980 3.975345 2.280435 -2.987013 -7.309309 1.781979 0.908999 -1.849492 5.561835 1.293819 1.372408 0.935235 -0.515242 -2.481299 1.987691 -1.158491 0.067592 -1.820151 3.245169 -1.729796 0.443210 7.631746 -3.206841 1.562152 -1.270598 -1.984234 1.348811 -5.426570 2.331085 -1.817772 2.860424 -0.843801 1.588114 2.938486 -0.942927 -0.701293 -2.704795 -1.901944 -0.363553 -2.308504 0.261234 -0.641896 2.131014 -2.795883 1.635684 -0.274612 3.532744
2.885269 1.242272 5.572033 -3.555022 -5.799154 -4.482172 -0.148980 2.805881 0.396632 7.025518 2.400820 -2.264672 -1.532320 -5.727011 -7.095718 -2.125803 2.313945 -2.938220 -1.147396 4.004984 7.982043 -4.083193 -0.265354 -1.098541 -0.937948 3.797055 -3.252320 -0.842109 -1.917935 -0.853290 -7.430533 -5.533231 1.345228 -6.003217 -6.185383 -2.073438 -9.662383 5.260363 -0.322285 -0.524815 1.359915 -3.007965 4.511524 4.986994 -2.953209 0.315450 -0.766671 -0.331058 -1.309361 -0.907123 1.600054 -3.731277 -1.822698 -1.562402 -3.251532 1.644206 4.607562 -0.506526 1.158298 -0.566465 -2.389787 -2.311169
2.241189 1.045465 -1.704198 -5.920106 0.587852 -3.975832 -2.600615 -4.280135 4.552549 0.655064 0.104280 0.879929 1.243228 3.743413 3.735774 -2.430704 0.430569 -7.199732 6.044462 5.353589 -1.217523 2.601567 6.139530 1.725266 1.404017 -3.722252 -7.220315 -1.626088 -2.709695 -1.736969 1.142589 -3.486996 -3.768317 2.515139 -0.399774 5.841842 2.464354 2.621570 -8.019403 -0.445349 -2.110559 0.389688 6.941912 -9.669771 -1.244154 -6.575811 -5.442908 0.510393 0.092145 3.985229 -1.563431 1.009456 0.832705 -3.009457 -0.458072 -0.431724 0.445150 2.263292 2.429052 5.690980 0.161409 -4.450241
4.154441 3.624957 0.578094 -2.680648 0.568495 -3.138892 -1.113428 0.109497 1.399696 0.192500 4.670069 2.088190 -1.939647 1.391017 -5.133101 1.398272 -0.055178 7.499016 1.040721 -4.999106 -4.540429 2.105553 1.435510 -1.053481 2.411731 -2.816558 4.846419 0.216785 4.745785 1.870144 -2.167805 0.952711 3.012947 0.626967 1.540071 2.253538 0.021603 -6.108717 1.635334 -2.110390 -2.447199 3.003589 -6.722783 3.330546 3.053767 4.194384 7.508759 -1.747384 -4.671168 -1.100600 1.347191 0.875101 1.140585 -1.958531 0.175588 -1.010186 -2.178136 -2.624259 1.196024 -2.032235 -3.512009 -1.826144
0.818962 -2.313723 -4.434984 1.953586 4.661256 4.712400 -0.820656 0.788813 2.629020 -0.693354 -5.788082 1.104553 5.207988 0.160362 -0.205310 1.989993 -2.362048 4.144433 -5.027096 1.849328 2.827588 3.531735 -0.998521 1.528182 0.822396 0.139425 2.376167 -1.398672 6.259444 -1.047175 3.022098 6.201013 0.969678 3.716824 6.621086 -5.839138 -0.304233 -3.485023 -2.162663 -3.226516 1.036634 -5.496544 -0.571659 3.511236 -7.074667 6.972730 -5.978143 -0.686345 6.569253 -2.574085 -1.714935 -6.543632 -0.481925 1.876777 2.754720 -1.300269 -0.934701 2.194496 1.905370 -4.097471 1.883569 -0.942964
-3.736320 -8.483317 -2.485363 5.805495 -2.184985 -4.276215 -1.850529 0.814298 -3.528564 -2.755984 1.492361 3.586611 -2.448266 -5.171759 -2.158129 0.782437 1.509418 1.215007 3.040129 3.358534 4.619646 -0.173321 -1.222720 -1.718352 -1.484997 0.636630 -3.029535 3.492212 -2.483758 3.991040 -1.599550 7.174443 2.913370 2.547847 -3.910330 -0.507687 -0.684809 -0.440382 -5.351809 -0.374121 -0.284380 -4.121599 0.857557 -5.335907 8.255915 0.840287 -3.544401 2.582852 -4.665303 -9.863371 -2.467815 3.346124 3.369662 5.125944 -3.540446 -0.149511 2.339042 -0.377046 -4.740851 2.374967 0.393435 3.878232
-7.258378 -2.998982 1.477349 -4.907344 -3.301748 0.640466 0.512974 1.810498 0.837308 -0.018632 -0.759876 -2.348361 -0.348113 -0.132696 -2.771936 3.835683 -0.006705 -2.256987 0.222321 0.205341 4.159764 -0.263559 1.079002 -5.006661 -0.736265 -3.331635 2.327542 5.469569 -1.795699 -0.388161 -1.774118 0.412101 -3.614152 -0.829712 0.913794 4.227754 -0.291154 -0.690789 0.212364 0.438880 0.890504 -0.557040 -0.169840 3.852345 -1.812283 -6.994446 5.745157 -6.135055 -1.905524 -2.137667 -0.123581 -0.878619 -1.823245 -2.683232 2.409235 4.511687 -0.135095 -5.722392 -1.323510 -1.278776 -4.163250 -0.850991
-3.012635 3.406419 2.569899 -0.672739 3.145449 0.600360 1.337954 3.402106 -2.559336 1.493723 3.908098 -5.421897 -6.381073 -1.916332 1.878596 -0.017410 0.867889 -3.241925 1.564983 3.200737 -0.414779 0.632849 1.207682 2.651171 2.182936 0.377122 1.356261 0.130698 -1.459359 -0.050801 5.417346 -4.475606 -3.744714 -2.481821 1.717399 -4.855873 -3.359606 -3.976047 0.242816 3.466130 -0.011905 3.638597 -2.049659 -0.006841 -4.391457 2.803532 -5.109287 -1.206772 -4.265225 2.499137 0.765137 1.319713 0.303543 2.180700 0.228244 0.326736 -1.441338 -1.113692 -3.514750 -5.834167 -0.601307 -4.484848
0.720310 3.028076 -5.198371 -0.130271 0.918981 0.746344 -1.900120 -6.498492 2.580815 -3.919038 -9.447849 -3.635919 1.603525 -1.640677 -0.312754 3.304674 -0.417382 5.085536 8.491973 1.501537 -0.138620 3.871950 1.168900 1.004544 2.537762 2.334870 -2.863024 -5.952312 -0.614598 -5.426767 -1.781747 -3.316904 2.254874 1.725649 -3.598263 2.083806 0.242524 -0.782353 0.776789 0.067251 1.592251 -2.977199 -0.494621 2.354407 2.783828 -4.376088 4.238690 -1.491354 -1.896011 2.242957 -1.519168 -0.343851 2.164805 -1.289653 -1.949042 -0.326035 -3.253189 2.383831 -1.677641 1.598301 -2.824163 4.470838
4.044843 -4.760942 -2.880941 2.775521 1.831220 -2.009975 -0.293253 -1.168754 -2.094960 -5.614513 4.729279 0.678844 -4.702729 -1.621043 1.901519 -0.199614 0.892613 6.315645 -4.822383 -2.613438 -0.563452 -3.693693 -0.197164 -0.978429 -1.672468 -6.717173 -4.081006 -1.016699 -5.124461 -2.698906 0.394613 -1.482654 -2.257311 -7.598769 -2.363797 -0.939549 0.035588 2.864608 4.059876 1.555787 -2.244879 -4.427334 3.181394 -2.190962 -4.247782 -2.951390 -7.814047 -5.183498 2.318504 -5.297736 -0.975994 -6.929210 -1.021008 -2.043228 2.106619 -1.392115 -2.795431 -0.005857 -4.126020 -1.713261 0.698788 -4.227539
-5.335745 -3.944911 1.947399 1.212325 -3.304560 -1.668013 -1.343503 -3.824759 -5.131367 3.112750 -3.321989 -6.111636 -2.911547 -2.841814 -7.311687 1.741258 1.161924 -3.370825 -3.049104 0.113021 -2.919036 -0.037539 -1.951876 0.558346 -2.463754 2.723207 1.324579 -3.901470 -3.846354 3.453256 -4.921353 -2.330848 3.055961 -0.464735 0.670582 0.952625 -0.922700 1.041788 1.022032 -2.796209 -4.487188 1.302337 -1.776737 -2.472516 -0.208170 -0.254482 2.773102 9.529159 -1.959707 1.979981 -1.814003 -1.061477 -3.191546 -1.028748 1.896177 0.346072 4.027132 2.271448 -1.523721 -0.356095 -1.375763 -1.048031
-2.554402 3.308151 5.532851 0.372059 -2.109259 3.382468 -3.420513 2.560390 0.753528 -0.000525 -3.927079 -4.105756 -3.355973 1.487339 3.088758 -0.248399 -3.766105 -3.282394 -4.739920 -5.589964 -4.010660 -4.005530 -0.383062 1.999354 -4.470550 4.654747 -1.056168 -0.672797 -0.708053 -7.648090 -6.979395 1.518961 -1.622478 -3.180006 1.657604 1.743460 -0.512683 1.260917 -3.759950 0.112540 -0.446817 2.065990 -0.601713 -0.973314 -2.051025 0.741073 4.261745 -0.913232 0.710672 2.107415 -4.738264 -0.644840 0.571480 8.733652 -4.434114 0.695822 -0.026919 -3.525902 -0.430263 2.581946 1.410248 5.253951
1.344329 -1.754794 -0.133830 -1.194749 3.776097 -2.129855 -7.529392 -0.721389 -1.227363 -4.317428 -2.696807 1.214819 0.271193 -1.340293 -3.057685 -2.030958 2.954087 0.412365 -2.928716 0.138158 -3.591574 0.865633 -4.671980 -4.180853 1.221832 -5.471594 -8.396895 -4.616314 -4.298206 -1.922586 4.844482 -2.034707 -3.596878 1.363622 0.980405 -2.599651 -3.622564 -5.375025 -0.128516 -1.192124 2.231520 5.598430 -0.168720 -3.042752 -0.854148 -1.004783 2.223921 -2.372862 -2.395002 -2.615613 -3.620680 2.895630 4.966992 -0.155816 -4.873938 1.918702 -3.688756 -1.058010 0.388029 -4.983351 -1.722789 -2.693862
-0.207122 -2.696117 -3.367365 -1.652447 -6.277847 -3.203331 0.648684 1.967276 -0.855031 -5.240800 -2.340067 -2.335940 -4.197884 -4.039778 -1.274854 -5.211521 1.083164 -3.628801 1.342506 2.886125 -0.209949 -2.714870 -5.292255 3.863154 -4.164630 -3.031834 1.663861 -3.029619 -4.688954 0.543868 1.626999 4.291612 3.644757 2.773792 -4.226275 -5.074977 -0.690577 1.134021 1.328639 -2.679630 5.227669 -6.945225 -6.037559 -0.423406 1.051413 4.635515 2.459421 -2.881185 4.884801 -3.762077 3.225903 -4.193646 5.236779 -7.193514 4.378286 -3.654786 -5.190195 -1.907344 -2.136071 -1.914760 0.863414 -0.455661
-3.349923 2.169475 1.893326 1.759353 -0.794410 -0.063675 -0.634989 -3.029509 -2.297218 -1.214374 -0.804374 3.841314 -1.138525 0.158664 -2.903643 1.146026 -2.227608 1.182980 4.164831 0.115551 -0.090081 0.605223 5.128906 -2.542077 -2.666412 0.451232 -3.603007 0.803107 -0.356280 -1.253201 -2.011021 1.080048 0.480438 2.204027 2.193243 -1.997144 -0.656536 -0.023162 1.227410 9.948194 1.267247 -1.668913 4.295666 1.471714 2.014649 2.189983 -9.348817 -2.477216 -5.323135 -1.341182 -0.890449 0.889816 -3.190926 -1.605691 2.697766 -8.082576 4.049505 -2.888459 1.177880 -0.805381 3.037251 7.220630
0.543442 1.188445 -6.653653 0.669153 2.591562 -3.775730 4.959130 -5.742224 -4.397391 -4.260603 -1.005914 0.522506 0.997255 -1.709761 1.589271 0.217400 -1.321067 -1.075974 2.768415 0.571554 5.549323 0.357347 -1.552314 -1.678340 6.194629 1.195021 0.368971 -1.730790 0.601230 -3.227473 3.445330 -1.959298 3.267494 -2.421766 -2.183939 0.665898 1.256607 0.800393 1.357377 -2.725648 -2.909021 1.422257 0.012533 -0.715793 2.316014 -5.865190 -4.341790 0.579833 -1.285559 -2.711288 -3.542517 6.644740 -5.034267 6.759887 -3.014227 4.946434 3.930975 -6.179497 2.711933 -2.839895 0.113847 -1.951725
-4.359846 -0.623769 1.511256 2.801541 -3.460290 0.292428 -4.744268 -2.229452 -6.292212 -2.912968 1.690242 1.265590 0.024245 3.864604 4.350349 -1.359592 -3.120465 -2.020669 0.951207 -4.173291 0.454984 3.426209 -1.214052 0.226119 -1.797937 -7.065893 -2.278688 -2.193304 -5.222559 -1.658709 0.118096 -0.195070 -0.368004 0.350401 -2.286165 -2.226322 -1.561772 -6.493141 -1.325478 -5.741119 -5.747449 -3.826124 -0.617462 -0.910404 -3.213191 -3.500678 1.896348 0.768141 0.852834 -0.049456 2.132998 1.256498 1.542061 0.373106 -1.088066 0.389779 -4.326089 2.932481 -3.115434 -1.439405 -0.288279 -2.616938
-3.445058 0.249822 3.107304 0.360567 2.996539 1.683244 0.065689 3.664304 -0.247953 9.819727 9.533986 1.894443 0.015826 -1.069315 -8.208344 -1.267739 -4.091068 0.601010 -2.430470 1.839284 2.780493 -4.802648 5.808387 4.120212 2.079818 0.646753 0.941747 -2.976841 0.498292 3.716051 -3.883456 -1.397957 -0.625320 -0.795032 -4.814324 -1.385673 -2.286436 3.150757 6.445259 -4.378263 -2.916166 2.385998 -3.495600 -2.547520 -3.447660 0.480810 0.301427 2.529316 0.925692 4.158400 4.462642 -7.333401 -2.697330 -7.851568 4.677541 -3.928310 3.300117 -0.477746 -0.785082 -0.419380 -0.111276 -3.301007
3.982160 1.881808 -3.112795 -0.446307 -2.443276 -0.523043 -4.535720 -2.963542 4.678297 -0.529133 -3.415539 -5.080122 -1.781316 -6.307401 -3.295020 -6.954200 -4.785725 0.369345 3.493178 0.982076 -1.599384 1.032772 1.581639 -4.858699 -3.520970 1.643088 2.351358 -0.211093 1.234199 -3.409074 -0.070432 5.014085 -0.899347 -2.974136 2.783617 -1.824088 0.847023 5.939228 -8.701356 -0.600039 8.244698 -1.557416 -1.343486 -0.039402 -0.752774 1.892982 -1.745646 -1.382429 -1.278479 -3.947062 -4.596339 -8.570550 -1.492787 -3.730847 -2.456862 -0.945239 1.559584 -1.095625 0.598104 -1.576751 3.607823 -2.212065
3.196312 -3.031321 -0.535498 -2.560884 -1.504551 -1.538526 0.722621 4.091751 -1.612744 -2.108313 -0.699236 -2.330966 1.108011 -1.592376 0.794028 -0.926676 1.971629 -3.839691 -5.387368 -4.232803 -0.601731 0.562868 -1.534035 -2.964483 -1.925596 1.783379 -0.598055 -4.952324 1.902255 -2.331164 -0.592821 -2.711551 -2.026889 2.907863 1.721478 1.804122 7.965836 -4.095025 -5.842000 1.029344 -4.436758 -4.115816 2.085354 -1.332963 -1.028389 -6.487402 4.827614 3.242729 1.975588 -2.527127 -4.984522 -4.858224 0.372881 3.075302 0.695747 4.029289 -8.474288 -1.746931 -7.870388 0.392797 -2.469272 0.470823
-3.830147 0.417693 4.403791 3.821623 2.690799 -4.615035 2.721381 -5.672591 4.069731 0.131632 -4.849867 -3.004198 2.653290 4.687064 -0.778545 -1.570224 -2.644601 -6.433117 -2.227971 0.255886 0.897328 3.393091 -4.992517 -0.102893 1.980604 -1.130075 -2.288170 1.102322 -3.950909 -3.803797 0.062887 -2.219535 1.008629 -2.275337 0.634233 0.427860 -2.243201 -1.427647 4.053489 0.077327 -0.490419 -2.382745 -0.352547 -2.129849 -1.490167 0.720798 1.915674 -5.968910 -2.394502 -3.400531 -2.055014 8.461826 1.477994 1.793336 1.052172 -1.675561 -1.652362 3.355786 -3.781097 0.498131 -2.340975 4.715591
-1.033632 -2.700899 -0.356791 -2.353770 -5.537536 -1.678055 1.977135 -0.723839 -0.925261 -4.094504 -1.075261 3.887569 -2.013651 -2.905227 -8.641118 1.057872 -1.775019 3.050173 -2.725542 -0.506796 -5.528487 -3.744748 -1.742451 0.439785 -2.637147 5.461890 -1.724724 -5.694710 -7.375872 2.316600 -4.188290 0.534505 1.724456 -0.963995 -0.315772 0.882935 0.895642 -1.480240 -1.687651 -2.557724 -0.482330 -2.693858 -0.426137 2.182223 2.135780 -1.462782 -3.803264 1.329092 0.611954 1.600388 5.384951 -0.909057 1.092198 -1.250723 -0.948566 -1.884460 7.477887 -5.763685 4.841450 2.373954 -0.086749 0.804557
2.670464 2.449973 -0.526980 -7.729267 -6.417502 -4.366622 -5.124790 -1.742739 -5.629381 0.131113 -0.925092 1.344928 1.730482 -0.859836 7.213270 1.418026 3.688189 4.196085 6.290670 3.753981 -2.651980 1.014778 -4.971106 -0.533335 -0.002533 -1.698070 -3.535013 2.577378 3.430406 -1.046419 -1.217498 2.074062 -1.862961 4.565984 2.488616 2.290388 -7.648712 -4.332306 -1.658635 -0.034023 -3.912210 1.026807 0.755571 1.916985 -5.455733 0.657863 -1.979921 -2.001997 -4.123317 -1.408121 1.967480 -4.384143 -1.894338 -1.441140 1.923218 2.429437 -0.973459 -0.943077 3.075960 -2.842582 0.822931 3.234900
1.612735 -0.430735 0.880431 2.061381 4.035011 3.611599 -0.923691 2.872651 -2.459041 -2.254970 -5.265653 -0.413936 -1.396847 3.600528 2.919100 -1.389292 -0.037782 1.682537 -2.428549 -3.656981 1.467599 2.043696 1.429957 -0.379978 -2.884914 0.112748 5.309542 -0.633709 2.636836 -3.863430 4.203236 -2.663927 6.628766 -1.713130 -0.005734 -7.852769 -2.284931 0.986718 1.423450 4.866519 -4.377650 5.458754 2.263275 -3.020032 -1.419250 2.368746 1.710134 3.498053 0.057481 0.403198 -2.288500 0.432389 1.129154 5.998577 -3.431210 3.682099 -5.681844 -1.288007 -7.027196 4.042393 -4.756705 -1.030262
-8.489654 1.873255 -0.633243 -1.431043 3.358616 -1.660141 2.169780 -2.575138 -1.384356 -2.013103 0.989768 3.739776 0.770294 -2.978458 -3.482163 -0.526165 2.301316 5.129148 -4.709463 0.742718 1.294670 -3.346055 -5.397487 -4.553179 4.718644 -4.006752 -3.893759 -5.510383 0.441146 2.623254 3.615524 -2.165531 0.328008 -0.880308 -0.860488 -1.562447 -0.534328 -0.499165 -0.320270 -8.332406 0.502130 -2.732329 -3.091621 -4.080171 -1.842804 1.236804 2.080788 -3.157064 -1.662884 0.650824 -3.488737 3.094953 -1.180095 -2.586723 0.627404 0.046945 -0.120726 0.060784 -1.810098 -2.983192 2.748641 2.505007
2.098160 5.143496 -0.718644 -0.627386 -2.358898 -1.176369 -7.969744 -5.211740 -4.652247 -2.793610 0.127441 1.350352 -1.965077 -3.700861 -0.559611 0.466600 1.326829 -0.316375 -0.555906 -0.267870 -3.822068 -3.277734 0.921493 1.131249 -1.591765 -3.157429 -5.169572 1.965200 0.956663 2.489747 -2.089863 7.090696 5.118882 -0.480745 3.262505 -1.056657 3.250622 -1.396177 -4.011076 -4.075968 -0.450171 -5.981892 -3.099693 -5.061314 -0.224242 2.115168 -3.367279 -5.627335 -0.998758 -3.075325 -2.379767 -2.100238 -1.799908 -2.411219 2.019749 -7.047654 -0.347016 -0.980387 5.264161 3.019130 3.230217 -5.267326
9.459426 -4.180774 2.138817 -0.203037 1.899833 -2.567545 -1.442665 0.829494 0.316648 1.768656 -2.226242 -4.044136 -8.163889 3.365578 3.274806 7.852024 6.174050 -0.920955 5.110953 -3.951314 2.211282 2.863833 -0.208932 -1.542448 -4.320754 -1.967298 0.243549 2.491199 -4.915837 -3.582579 -3.126465 -2.383736 -5.079770 3.156051 2.183893 4.689208 1.011952 -3.528005 -0.789078 1.390180 -4.266136 6.394936 -4.519852 1.643240 0.602915 -2.369542 -4.871339 3.899395 -4.831781 -4.937530 -1.513914 -4.580658 -2.819139 -3.847996 -6.396471 0.889337 0.905404 -0.332195 -0.794245 -2.378340 -3.478584 0.973324
1.143348 0.153729 5.541522 0.610386 -1.573063 -4.580063 1.043845 -0.377232 2.638994 0.194909 -1.680651 -5.852792 -0.776688 -2.628885 -0.308296 1.616924 0.773054 -1.777699 -1.880709 -1.258332 -5.079089 -4.779867 -4.540582 -2.308653 0.194801 -1.069928 -1.014128 -2.945489 0.849343 -3.940581 -1.350777 -3.220836 2.831556 2.904938 -1.652986 1.412517 -1.780955 3.920258 1.123415 -5.608946 2.139913 -2.663862 -3.250278 3.560100 0.897819 -0.856240 2.542111 3.009586 1.160080 1.230522 0.023153 -2.724412 -2.589663 2.167150 2.343872 -0.574801 -6.840730 -6.716360 -2.143051 -2.180875 -0.148420 -1.886499
-2.091948 8.344375 4.731791 -0.453835 -1.305452 0.347196 1.825737 -3.329344 -2.037251 -2.753147 2.199533 4.331656 6.452679 -1.521709 1.972828 -3.346071 -4.551016 -0.324404 0.997699 -4.276059 -0.289602 -0.210001 5.597355 -1.390028 -2.310091 0.018619 -0.404264 1.490954 -3.007808 1.003256 2.563241 5.880707 7.176598 -0.294096 -0.849815 -6.130322 3.379079 2.443500 -1.988962 8.249842 0.828890 -4.847323 4.135820 5.027627 -1.121478 3.913262 4.286849 0.363593 2.961889 -0.047870 -1.710532 1.203427 0.258206 4.868638 1.536040 -2.160315 4.859849 -3.006810 -1.533214 -5.327787 -0.233547 -3.205947
1.641753 -1.366118 -6.577955 -2.977869 4.722291 5.653808 2.391159 2.800242 0.250273 -1.370518 1.566995 -1.896541 1.514713 -1.980403 -0.206279 -1.842013 1.042295 3.784601 -3.303135 -2.235625 0.782078 -2.982818 3.361497 -3.512210 5.154033 0.045509 -3.427778 -0.889311 -3.314019 -1.456761 -1.167349 0.603977 -5.013082 -3.936765 -2.416599 -2.564981 2.597142 -1.318916 2.278994 -0.455237 -3.041046 2.232200 1.694274 -3.162531 -2.317432 -0.897712 -0.613462 -0.924031 -1.877586 -4.990891 -1.633634 2.846318 0.281290 -0.481904 -5.478539 2.670057 -1.621956 1.127176 1.653332 3.085048 -1.794083 -0.227488
2.383767 -6.385607 -5.036193 5.389458 -1.682805 2.946479 -4.442891 -1.710131 -0.997705 0.314021 -2.973882 -4.531036 -4.044277 4.579893 3.263011 4.494589 2.942943 -4.449582 -1.452114 -2.463796 -2.740852 6.588828 -4.408394 4.401791 -0.687963 -3.169500 3.727093 1.006466 -1.472323 2.828409 0.576839 -0.546690 -2.919668 -0.206305 -4.370720 1.346443 -3.847952 -5.484246 0.422137 -3.140576 3.447502 0.001506 0.051411 -0.386706 -0.408941 1.487215 0.175471 1.609838 -2.235868 1.003238 3.576633 -4.943044 -1.337241 -5.855948 -1.709512 -2.529932 -1.234693 7.283681 0.147152 4.576461 0.780042 0.234979
-3.927272 -0.475159 2.584746 -2.684108 -3.617909 -0.229965 -0.781765 2.395311 0.606077 -4.208089 -2.196201 -3.896091 2.830112 -2.144975 -3.383135 -3.056804 -0.559544 2.194509 3.805992 -1.085517 -0.954206 -6.769212 -4.313151 2.614001 -6.117818 0.319858 0.565995 -5.472673 2.766770 -0.230637 1.045946 2.268107 3.497868 3.894691 1.344781 -1.087534 -1.381830 3.009644 2.213896 -3.956840 -2.502011 -3.978378 -6.264777 -6.387027 -3.702630 -2.724216 -0.817112 -3.066845 -2.289036 3.499128 -2.396780 2.402741 -1.150472 -2.767809 6.488247 7.979184 7.355268 0.158751 0.528492 0.091380 2.067929 0.619348
0.866051 -4.371562 -4.976753 5.017328 5.886103 0.673947 0.398059 -0.349534 -3.899533 -2.083859 -3.585633 0.459888 -2.878013 -1.543159 -3.005211 -3.501028 0.353109 1.908543 -3.178770 0.427366 -2.747983 1.918251 2.456691 -1.573055 -3.734792 2.400595 -1.230214 -0.782908 1.050738 -1.580770 -0.990700 2.473427 -3.378327 -1.289981 -0.523745 -5.164987 2.032575 -1.444984 -0.273832 -2.357174 0.025740 0.076306 3.852889 1.545338 2.180639 2.736924 -5.347703 -8.144068 -3.286449 -7.208444 -2.867472 2.175802 -1.045322 4.572870 1.633276 -2.407984 -4.958310 -1.714585 -2.225743 -4.196455 -3.436660 -6.304257
-0.912065 1.664677 6.166445 4.179550 -0.125762 -0.877579 -4.498336 -1.604697 -2.520931 4.166968 -2.561258 2.867931 3.261083 0.400953 -2.106954 2.147885 -1.248201 -6.704290 -8.236597 -4.960020 2.423361 3.917348 0.652547 -1.889708 -0.773956 -0.659689 -3.234128 0.635701 -0.067299 -0.709266 -0.983330 -1.242278 1.814943 2.051715 -0.463297 1.174633 2.630002 2.274331 1.597597 3.184088 5.890529 4.483029 -0.311462 2.740223 -0.242981 -1.935704 -4.230215 2.993645 -5.128297 -0.862778 2.101130 -0.171422 5.264191 -0.611468 -2.784305 -1.718926 -3.087405 -3.861873 -3.995434 -2.725495 -6.767815 -1.646424
-7.314625 -0.247849 -2.467009 2.138250 -0.134672 -5.712798 -1.074915 0.650859 3.233896 -2.780692 1.576545 8.182011 -0.009501 -0.201725 3.327912 -1.483694 0.360761 -0.859793 7.414742 6.235628 1.370095 -1.120145 1.092537 -0.606845 1.919320 -6.532104 0.652717 -2.497768 -1.581193 -2.047352 -4.117351 1.974335 0.104733 -2.852011 -0.773061 2.447008 2.374613 2.957913 -1.987085 0.120409 -7.033660 -0.989212 -2.257543 2.080405 -2.641777 -3.931318 0.324067 -8.044963 -1.575272 1.818168 -1.412822 -4.159698 -0.745643 0.992589 2.885925 3.018390 0.430267 -1.978838 -0.526556 -3.751631 3.150477 -1.394495
-2.306574 -1.068279 -0.537337 0.370981 -4.685201 -0.643535 0.802412 1.019985 -0.082079 -5.127684 -1.727933 -5.058730 -2.337637 6.016449 -1.947976 -0.040998 -2.492074 1.478778 1.897252 -0.998714 4.766498 4.847482 -3.547725 -3.499161 0.416175 4.642662 1.358321 -1.624245 -5.192097 -4.447942 3.438589 2.450051 -0.820232 3.014603 0.609540 0.107640 -3.772524 -0.210854 -0.688636 -0.113759 -0.807268 2.446434 0.357979 2.738195 3.765669 -2.043834 2.941528 -1.466641 5.970333 1.776211 -2.164583 4.434913 -3.762812 -3.135591 -3.172552 -0.088474 1.319421 4.243352 4.595219 -2.579664 -1.782114 -4.329605
-1.493454 -3.093632 1.829789 -9.373830 -2.138216 -1.382016 1.366454 0.215562 -6.559670 -2.093985 1.855043 2.399177 3.198300 -1.831467 2.534094 1.268688 -1.436912 -1.385484 -2.995587 3.736001 -0.224693 -6.695792 -0.208359 5.408498 6.339093 0.188936 -2.346355 -0.824902 -1.515191 6.348480 4.690191 -5.669767 1.158924 -4.292644 -2.760204 -1.431813 1.113951 -0.188303 -7.574665 -2.139515 1.148299 -3.827809 3.169198 -2.300725 -4.022279 -3.941965 -2.560325 -1.533383 -4.459317 -2.545340 -4.422504 0.852885 -3.879409 4.721907 4.803947 -2.529611 -1.617797 0.897845 -1.319819 3.619290 0.611547 4.232454
0.643254 -0.107601 -1.018011 6.213811 3.967497 -0.324373 -1.184514 -4.961839 -3.056334 -2.700045 0.246006 -0.115802 8.080860 7.098454 3.836115 -2.772322 0.930051 1.266901 0.615508 0.111132 -5.528088 -1.221728 2.486493 -2.617297 -2.979100 -3.393123 3.257796 1.496685 4.869444 -1.204834 -5.201928 -2.636103 4.125299 -4.376953 2.976293 1.540575 0.878535 -3.405038 4.362014 6.063263 -5.709951 -2.671719 -1.062202 -4.015375 5.163538 1.457324 -1.651877 -1.327677 -0.271580 1.072742 -0.427880 -4.939435 1.926119 -1.562346 1.366827 -3.365011 -2.182084 -5.660008 -0.805422 -1.623940 4.097814 4.402304
-0.357961 1.261399 0.829291 -0.904470 -4.290343 -1.001827 -4.605475 -4.384990 1.258854 1.822679 0.882715 -0.640677 0.477134 -3.225323 3.207209 1.141669 0.553112 -2.610863 -4.402938 0.412924 -2.700564 0.325450 0.745685 4.212541 -0.599526 -0.801717 -3.971491 -0.051728 -1.569930 -4.767302 -0.815137 0.495668 -3.639798 2.629714 -0.304976 -5.268172 -6.295358 -2.767135 2.002529 -2.808641 -1.851247 4.052346 1.737503 1.695990 0.774379 -3.128745 -0.828070 4.479582 3.527255 0.925724 0.252198 -0.485110 -1.511494 1.153149 2.160015 0.385343 -1.213640 -1.316301 -5.637776 -1.166145 -1.931075 -0.647038
1.431761 4.286679 -2.328133 0.891531 -1.917867 -3.503948 0.831625 5.067310 -0.870678 -0.216412 -2.784944 -3.105427 -6.780469 -4.769713 -3.724818 -2.160064 -2.873826 -0.401023 0.065189 -0.990826 1.841787 4.481374 2.634859 -2.896095 -3.516620 4.471388 3.429136 1.775169 -3.674352 -2.677341 0.013937 -1.846205 1.352970 -0.029539 -4.999584 2.827485 -1.361364 2.364899 -0.965715 -2.606982 -2.903539 1.801672 2.530354 1.928327 -6.754367 -1.523926 -1.146145 -1.211106 -3.519324 -2.476196 4.101343 -0.138981 -2.424280 -0.766664 -4.984253 1.070888 0.989689 0.616136 4.330036 3.224165 -1.862424 4.362384
3.253776 1.909597 2.339066 -2.844555 1.660866 0.237949 2.524420 -3.898166 -0.362094 -3.860909 -3.032088 -5.848860 -1.023627 -4.668346 -4.691824 -6.575803 -3.985376 -0.250245 5.126831 4.740369 2.650970 0.139729 -2.484550 0.981713 7.083791 1.375971 0.373956 0.017435 1.806574 3.022304 3.121608 -0.353917 -1.604696 -4.995242 2.477148 0.999882 4.189899 -0.657778 -2.843097 -4.565289 -0.578179 2.878215 -3.141741 -2.956327 0.510894 8.840776 -0.559545 0.888948 0.043515 -2.345596 -2.135034 -8.879260 2.438091 2.490590 4.962408 0.795783 -3.353033 1.804510 2.297287 -3.562931 3.947366 -2.101294
2.444735 0.244276 1.995217 3.153124 3.817761 1.613853 2.624443 -0.788131 0.424110 -0.651782 2.712464 1.879903 5.210263 0.733846 0.197397 5.322378 0.790463 -0.050001 -0.713128 -7.906725 -2.456063 -3.260394 -3.063930 0.945517 -0.952893 -0.476331 1.594517 0.003397 0.562356 -2.095349 -2.798064 -9.320015 -3.667600 -2.085908 1.028012 -1.615352 -0.943212 -4.000753 8.240038 0.799809 1.178070 -5.190226 -3.303183 -3.022824 6.480710 0.075457 2.031724 -0.584369 0.687787 -2.276856 -3.499618 -0.780941 3.611302 3.085115 1.317677 -5.264564 0.371481 -3.394548 -4.185443 3.914219 0.405693 -1.945411
4.435307 -3.480342 -0.504785 -2.666962 0.546051 3.515457 -2.339367 1.662239 -2.319907 2.915940 -8.037382 8.657886 -0.119578 2.871190 2.028700 -4.480512 -0.181963 0.775293 -3.176363 -0.351487 0.199822 -1.916556 -1.333211 3.135041 -1.854018 0.621254 -5.917882 1.357883 0.794850 3.949902 -2.894357 1.096326 -2.325643 -5.595425 -1.098750 -3.104381 -1.449017 0.643419 -6.378451 -5.081990 -0.858206 0.669196 0.818240 0.491905 -2.584789 -1.715444 -2.775702 -5.548195 0.494054 -2.232539 2.778890 2.895438 2.765559 3.279731 2.102925 3.839320 2.908915 -0.072141 1.224721 -2.325296 -0.389238 3.662443
-0.556219 4.457250 -0.902854 -0.885903 -2.929224 -6.188957 -4.260905 4.362502 -0.810527 -4.224208 -1.113198 2.956426 -2.139977 3.590663 -5.257865 -1.703607 -1.776749 -4.983284 0.264203 2.702359 -0.207920 1.783266 2.317025 -0.979894 -2.671816 -4.860333 4.216684 -0.826991 -3.219489 -1.143438 -0.316395 2.842937 -1.087760 0.488625 3.024331 4.072681 2.002589 0.241393 -0.970550 0.155769 1.634804 -1.720112 0.689744 3.464673 -0.314672 -5.867701 -15.164789 -1.764668 -7.342427 -2.707287 0.253008 0.317120 4.841649 -0.982821 -3.633632 -2.142147 -2.826759 0.150393 2.537363 1.033050 5.233689 -0.039863
1.598657 -1.704144 -2.543776 2.808655 -0.644731 -0.322147 4.293637 0.416913 -0.106161 2.278906 4.848590 1.552672 -0.107994 -0.595547 2.175166 2.728424 -3.787993 1.333912 -0.174589 0.004300 -2.480550 -2.587432 -3.439468 -3.631222 -1.631095 -0.795110 0.475464 -4.659411 -1.084034 -2.373218 -4.099939 -0.819911 2.314043 0.775673 0.342620 0.052168 -1.604737 4.019022 1.499353 4.862247 -2.428948 0.792728 1.243317 0.236435 -4.404905 -5.369382 6.374603 -3.235399 -1.579777 3.374682 -1.746210 -2.594984 -6.352983 -8.379876 -3.856107 -2.738287 -4.733947 -0.437940 -0.565616 -3.718953 -0.108694 -0.222140
-1.127613 3.997689 7.028378 6.864311 0.675455 -0.468387 0.187337 -6.538844 -0.215347 0.118341 4.125233 -2.089476 1.089651 0.732161 -2.258649 -2.454963 3.473641 2.334273 2.999575 -7.326492 -1.035701 -2.634272 5.840146 1.554250 4.761568 -3.396857 -4.070118 -3.872098 -3.747647 -6.186432 -2.613710 -0.009963 -3.659237 -2.728697 -1.917031 -1.657731 4.100868 0.377828 1.937338 -1.406451 -3.229378 3.812994 -2.168111 -0.093604 -1.372837 -2.369804 0.894526 -1.630481 6.491611 -4.259884 -4.332730 3.225305 -3.846003 1.227672 -1.485992 0.379242 0.757785 0.611360 -6.235424 -0.519334 1.986137 -2.912608
3.195138 1.413941 1.752395 -1.958281 -1.252265 1.629937 -4.216165 -3.765326 0.241995 -0.088546 0.213423 -1.244818 0.834872 -6.575485 -8.410512 -1.932610 -1.674164 -4.226188 -4.025715 -3.557020 -0.426041 -1.348260 0.189605 -0.530571 -1.234285 1.288345 -1.294946 -2.674626 -1.905795 -0.205242 8.393988 -0.977566 -5.256186 -0.282002 0.487948 4.568855 5.462235 1.782066 2.745354 -6.284174 5.383130 -2.597418 3.536122 -0.195013 -1.710361 1.812238 1.438541 1.178589 0.775771 -1.469628 6.853368 2.380925 5.749923 2.910783 -0.756391 -2.202655 1.987931 -1.577645 -0.875774 1.292685 -4.134718 1.295938
2.482341 -7.055952 1.753961 -6.390279 -0.553958 -5.972683 -4.801564 -0.349013 3.006985 -3.107047 -2.555622 -4.365754 -1.781843 1.267649 1.862496 1.482129 -5.790719 -2.009767 -1.681454 2.120656 -5.855708 0.236502 -7.435888 -2.122198 -7.676516 -2.737819 -5.898698 -1.334657 4.010457 2.990035 1.114389 0.306817 -1.921519 1.978659 -2.620285 -2.367173 1.801810 -0.499013 -1.809445 0.431869 7.867980 1.323667 3.253673 0.825260 -1.082404 2.178764 2.409128 1.019715 -2.263338 -3.540470 -1.467256 -2.159737 -5.871911 -10.330188 -0.904592 -3.990838 1.745010 -5.069430 0.646028 4.494757 2.706389 3.367326
-5.319117 -1.196416 0.889454 -1.549724 2.760236 0.221455 7.182284 5.401633 0.368641 0.346918 -1.182283 -5.438853 0.422286 -5.663686 3.518369 -2.901468 2.147690 3.799610 -0.161320 -2.131637 -1.618816 -0.578561 -1.174541 2.054633 -2.264881 -0.925255 -2.751790 4.983238 0.445974 -1.638805 0.815346 -3.103957 -2.419912 -1.705018 2.749295 -0.206696 -2.193754 -5.384514 0.974880 3.686155 -1.042781 -6.366502 -5.665860 -3.923808 0.439835 -1.542381 2.590443 -2.503859 -2.408170 1.472203 -3.590276 0.849100 -1.127219 2.652600 -3.810194 -5.371157 -5.081419 -3.083871 -0.120068 0.477141 -1.702677 4.022648
-2.310688 -1.993143 -3.766167 -4.038770 2.228810 2.336112 2.653926 -4.543321 -6.341705 -5.722747 -6.855219 -3.081520 -2.308565 4.375656 -3.053771 -1.069045 -0.070196 1.862825 -4.591487 2.435385 -1.078462 -1.666829 4.724923 0.485332 -2.701163 1.648886 0.451615 -0.462444 -1.048615 7.574232 -1.114743 -0.805744 3.402357 -0.102471 -1.038611 -4.739922 -5.164154 0.125486 -1.297473 -1.031672 -5.238317 -1.652936 -0.838879 -0.987435 -1.095057 -1.724521 -3.637355 -0.339223 -1.525315 -2.232495 -1.236706 -1.323065 -0.903871 -2.710174 -0.359222 7.618241 1.593484 -4.119238 -3.472330 -6.163496 0.437240 -4.572222
-0.842304 0.700458 -1.442641 7.180784 1.530658 -1.006817 -10.211449 -6.592925 -3.620492 -5.010535 -3.507297 6.322616 -0.357067 0.425256 -3.340785 2.791197 2.274996 -1.161079 -1.738039 -0.697755 -4.586615 3.968028 -4.003219 -6.018120 3.019907 1.591635 -0.800885 -1.121917 -0.205843 -4.143472 -0.280049 -1.197727 -2.522200 -2.086198 1.100058 -3.499234 0.961154 -0.589701 -0.595241 -3.273887 -7.810026 -3.996983 -2.920113 0.639953 2.579046 5.848825 4.137393 7.077647 -0.719311 3.088402 2.421097 1.363920 0.599486 -4.091303 0.084913 -5.450682 -8.507163 -3.758462 1.352343 -2.833745 1.105997 1.583808
-1.190345 -1.066897 -1.002078 6.142912 -3.438398 0.381695 -0.553831 5.934946 -2.825249 -0.372983 -2.923509 0.430527 1.214252 3.133833 -1.031958 -2.405487 -1.923038 -1.626019 4.354561 -0.874403 7.597207 -2.545927 -4.295904 2.573899 2.945186 -4.043467 -0.234071 -3.422762 1.954412 3.765049 -3.244681 -2.904146 -2.612528 -2.966100 -4.166380 1.963143 -0.734640 -0.533601 -2.503856 -3.008904 -0.640368 1.999339 -2.635229 -5.682107 -0.452947 2.915652 1.467979 2.575973 0.351099 1.610963 0.793625 -4.460555 -6.083288 -3.907760 -2.605237 -4.490702 2.625554 2.730848 0.362718 -0.455526 4.977665 -0.085572
-1.222897 1.558345 -3.227739 -6.356486 -5.896610 -3.625170 1.755533 -3.101283 -3.386404 -1.298004 -1.678842 2.271768 2.783739 -5.145013 2.625520 6.220366 -1.232758 2.005227 0.241448 3.589089 -1.751279 -0.842604 5.024105 5.278614 1.385172 -1.782583 -2.921629 0.089574 4.681629 1.520837 4.657621 7.650920 0.655903 -3.347893 -2.462793 2.825813 -0.979253 1.517828 4.040256 -1.234732 5.467833 -5.793434 -10.268729 1.236147 -0.343643 -5.127982 -2.316031 -3.682146 2.753068 -1.615905 1.708708 -1.420004 -0.861270 -1.000868 -1.963988 2.587656 -0.383916 -1.193805 -0.264185 4.171243 -4.379499 -0.589775
-0.610134 -5.008425 -2.967171 -1.735680 1.204915 -6.550477 -1.557120 0.892180 2.526949 3.556757 5.561287 -2.945038 1.490134 -1.012182 0.002380 -6.293659 -2.695321 1.291989 -1.331020 -2.380787 -1.700112 3.844874 6.453205 0.453352 -0.774778 -5.199590 0.748034 1.018097 -1.008224 -1.380646 -0.151157 -0.806897 -3.246116 0.442945 0.368297 0.699713 -2.130515 -3.362744 0.535680 4.063349 3.541601 -3.276281 4.741259 4.882356 -3.014319 3.281238 -0.723372 3.203563 -3.495562 -1.767356 -5.662730 1.545993 1.298390 3.212444 -1.134991 -1.251140 -4.736593 -1.400242 -0.507768 -1.302921 -2.869655 0.540859
-5.693904 -2.089598 8.620733 -2.238871 -4.236333 0.794883 2.944568 -2.049936 -0.020648 -4.709207 1.525619 1.357603 -3.117697 2.601897 0.169413 1.926439 1.484472 -6.762563 0.198949 -2.915755 2.200770 1.483902 -3.457565 -6.079870 -0.238783 4.551190 0.219686 4.860607 -3.450976 1.878720 1.447717 -5.537815 -2.609970 0.343465 3.743998 0.452016 2.632626 2.641851 -1.882446 2.470434 -4.481262 4.729553 5.289942 -2.338545 0.800440 -1.991165 -2.518928 0.784492 -2.246028 1.220825 -4.978354 -2.224073 -1.805347 -4.676686 4.157552 0.546386 2.167948 2.044380 -1.261103 -4.200163 0.211004 -0.278344
-3.111241 0.424976 -2.058815 -4.080309 2.610562 3.008521 -4.551568 -4.719555 -0.715200 0.461223 -3.629930 -3.329161 -1.002400 5.400857 -1.252290 -2.476177 -0.197103 -1.009699 0.548381 -3.127891 -3.668786 -3.918650 -4.147900 3.994229 1.391535 -6.319166 -3.405475 -0.854680 -5.084990 -1.496516 -5.058256 -0.222625 3.204115 5.313993 4.039869 3.863965 -2.759044 -1.643468 -3.421838 -0.860285 -3.139705 -2.858306 -2.271525 0.421393 5.436082 -1.262006 3.433167 0.527092 -0.424366 -3.391206 5.444536 3.164977 -1.559106 -0.408076 -3.056590 -0.365625 2.265069 -1.122224 -3.454710 -2.758749 3.784536 2.659777
2.917734 -1.122393 -7.542486 -3.997153 -3.414713 -4.762079 -2.835047 9.153862 2.608474 2.228126 -1.978653 4.438621 2.347026 -4.859879 2.603723 -1.578642 -4.305013 1.489055 -0.238105 2.963388 -1.057386 1.037796 6.522794 0.880771 -5.742591 1.809208 2.783401 0.605277 -2.629825 -2.643006 -3.211752 0.929178 -2.805587 -6.552276 -1.917562 -7.552596 -1.940696 -2.369663 0.375800 1.587235 -0.450494 5.838888 2.561470 3.881603 -3.169807 0.158900 3.485634 -2.251140 -1.251898 2.066896 6.842670 -2.847324 1.406295 1.760921 -0.081479 1.878186 0.741627 -2.509326 -2.897903 6.567487 -2.882254 -3.729937
-1.396901 -7.211475 2.119280 -0.769087 -3.183747 -4.570886 -0.320535 -0.648352 -6.266124 -1.025046 -2.156240 -7.208015 -1.956074 -1.705919 -0.791782 -6.901318 -2.278035 -2.681278 -0.286854 1.136938 2.440627 3.927588 0.147217 -2.254907 -1.850916 4.543074 -1.782250 -4.678121 -5.150280 0.355209 -0.373809 -2.764223 -2.094599 -3.808551 -2.051749 -0.454299 3.851892 -2.817870 0.001933 -3.036970 4.510659 0.350251 3.923522 -1.923610 2.475427 6.947570 -0.878233 -1.799940 4.801945 2.375809 -2.129818 1.630318 4.553378 -2.649758 1.407678 -0.716331 -8.512331 -4.021530 -0.089434 0.138494 -5.273925 -1.087598
