2 200 154 209 149 48 234 207 72 53 113 142 69 193 65 253 59 111 242 183 5 146 161 0 254 33 255 142 14 101 93 240 148 186 59 139 189 204 232 144 44 145 248 27 197 150 93 124 86 174 167 95 113 231 251 80 185 163 175 175 139 62 85 254
208 87 136 128 174 106 251 214 195 80 88 249 117 217 15 101 163 48 206 158 99 252 15 93 53 114 113 251 79 8 121 151 219 37 126 38 178 252 251 4 247 174 159 251 41 41 230 211 21 157 156 108 75 174 35 20 48 177 213 162 138 73 152 13
119 174 102 9 255 105 171 200 109 69 207 37 78 34 103 233 52 208 9 122 204 102 46 32 52 46 208 188 207 246 235 97 156 33 216 151 136 171 164 232 124 154 136 208 239 60 118 131 20 119 113 134 136 251 211 146 81 122 26 54 40 26 206 105
219 242 218 19 207 59 132 7 227 221 4 206 132 121 186 162 97 144 163 16 163 122 90 149 68 199 85 32 196 115 53 83 43 88 26 240 250 220 190 155 217 202 137 239 36 195 238 169 167 100 126 76 0 16 126 3 48 84 246 204 46 169 212 178
195 100 188 226 90 141 117 252 44 45 195 254 160 161 245 41 186 176 84 117 160 49 82 11 183 198 25 4 59 217 130 20 156 81 83 73 242 88 200 219 45 156 13 30 13 233 195 147 132 116 67 194 22 1 166 91 5 242 131 134 217 188 204 110
97 115 180 63 234 153 159 191 64 77 112 180 227 15 162 220 89 191 109 62 90 30 49 207 226 109 201 179 133 193 184 249 92 128 103 251 231 89 19 159 109 150 16 232 235 17 56 232 19 87 120 164 157 170 171 244 6 180 146 207 222 192 11 33
20 8 227 243 53 107 94 16 19 214 160 22 216 133 88 159 65 175 252 70 74 60 253 130 27 227 209 0 162 209 106 195 42 229 202 5 203 244 127 4 75 13 97 87 161 40 232 196 187 74 232 112 87 5 157 103 233 5 85 236 128 162 132 57
31 154 87 159 163 172 32 194 117 177 78 238 53 227 40 238 233 167 50 219 26 198 190 4 66 78 128 16 196 94 167 65 30 207 81 72 82 114 231 135 124 74 186 236 84 70 144 127 131 152 185 123 3 66 43 149 230 91 29 37 201 208 158 10
57 232 40 206 22 2 126 249 211 98 207 52 123 9 229 119 78 89 169 206 137 252 112 89 168 85 103 125 243 207 100 140 179 159 54 39 127 109 227 62 133 68 55 42 229 1 226 84 215 163 108 57 36 103 5 3 68 125 246 210 149 254 228 61
128 131 232 15 90 154 49 41 226 233 160 189 118 161 239 32 42 38 199 178 167 191 50 184 197 207 66 224 152 123 15 101 238 172 67 132 234 42 228 226 238 238 162 218 85 119 155 242 138 191 229 45 55 26 197 12 42 206 212 119 238 43 212 86
174 226 87 171 66 251 185 97 21 11 103 128 166 92 191 229 138 94 167 16 193 135 212 201 139 218 49 23 120 227 194 51 191 102 19 196 219 243 231 173 3 149 8 19 5 245 32 22 51 189 209 140 179 35 226 29 105 168 176 84 65 141 213 227
48 239 81 121 118 212 42 144 39 44 211 8 130 50 194 80 228 126 109 92 240 85 95 198 245 107 83 63 98 38 95 215 56 127 177 38 121 63 204 59 20 188 231 126 98 76 2 101 38 104 217 100 178 172 105 163 2 181 41 21 185 222 58 165
82 242 133 72 75 235 2 104 76 35 223 168 131 37 84 62 82 78 164 242 171 13 102 32 172 198 185 190 197 58 164 136 246 220 207 104 39 216 221 2 78 70 248 123 43 242 222 216 139 152 57 107 234 253 46 189 10 23 14 212 8 204 74 104
29 112 211 163 93 186 30 95 255 249 20 6 137 46 54 87 173 13 115 75 70 135 25 160 114 246 14 119 150 64 6 71 16 220 51 86 109 156 147 130 129 128 71 42 30 88 107 133 147 224 118 8 152 251 234 170 132 227 239 162 50 28 166 93
129 170 49 21 24 31 201 226 36 208 6 229 86 9 229 43 247 99 250 18 10 86 218 191 240 251 62 162 173 12 159 105 41 239 222 181 22 105 126 21 209 89 245 73 132 54 167 252 173 10 53 23 65 191 35 164 101 221 45 191 119 212 168 109
122 33 201 85 23 217 211 127 179 236 174 209 153 36 90 191 50 226 12 89 91 228 92 124 147 4 174 185 248 96 76 194 198 97 55 109 217 41 8 39 21 223 211 67 104 119 72 77 226 202 182 164 158 111 168 65 94 194 223 190 115 135 110 120
100 247 136 31 198 209 213 120 200 202 231 54 40 213 17 218 147 73 62 140 0 94 176 132 175 247 21 141 247 139 201 248 126 120 223 113 159 253 24 20 89 156 161 128 219 247 54 247 89 169 153 62 92 82 79 152 89 31 249 211 174 146 243 23
243 207 228 156 75 245 25 228 67 226 57 59 201 81 127 24 90 52 183 92 1 46 235 158 142 171 172 108 40 245 59 177 250 38 117 189 54 252 32 194 176 166 53 9 57 211 25 184 245 164 153 253 91 83 149 226 189 227 127 45 244 22 246 29
228 126 227 211 80 147 14 249 71 22 148 68 137 103 203 131 238 59 117 6 66 52 135 60 7 110 185 194 251 181 155 225 254 188 89 254 64 102 139 144 215 0 234 135 180 195 98 167 198 96 134 34 196 29 163 97 250 194 225 146 110 135 231 60
91 152 213 146 103 171 118 98 109 12 105 149 88 19 230 177 94 216 166 60 235 95 8 91 205 181 164 43 105 168 29 61 34 53 144 36 28 197 105 228 99 190 209 236 224 209 200 81 99 53 148 223 215 80 181 215 38 253 81 17 93 183 125 215
182 116 89 247 25 189 8 134 82 52 97 195 140 142 139 2 63 45 238 177 154 99 209 126 153 129 87 175 5 5 178 57 233 129 114 16 90 166 234 228 36 54 120 6 196 214 81 219 35 200 170 26 115 169 75 157 229 28 130 98 223 45 61 184
178 41 244 231 61 202 207 227 251 128 59 68 17 126 29 15 43 63 202 147 89 229 204 199 5 7 212 86 211 91 127 202 156 170 28 224 95 121 133 80 1 58 142 184 211 165 76 233 50 46 30 215 75 198 76 145 253 159 107 34 40 148 180 116
211 215 244 97 104 67 144 228 58 147 86 61 203 171 218 125 167 95 81 221 224 68 136 66 212 222 156 118 26 101 51 158 19 127 247 73 105 130 14 26 80 209 119 205 181 9 31 218 187 64 5 1 12 64 174 159 217 1 53 242 154 185 53 15
52 55 226 63 54 198 247 84 24 137 124 47 117 174 116 104 204 44 244 229 222 7 152 147 36 102 116 192 206 151 29 206 161 161 148 97 246 54 160 152 97 201 18 112 243 41 139 45 57 107 218 91 15 200 6 237 90 18 5 98 158 12 126 43
58 8 38 64 43 142 247 168 110 239 102 145 209 100 62 123 168 174 70 178 187 62 64 35 165 185 52 108 100 119 84 143 239 13 80 214 103 179 118 168 193 157 52 29 190 18 105 140 227 237 64 220 190 11 83 124 88 43 39 121 156 53 163 28
9 253 81 69 111 73 69 160 53 15 227 131 7 94 114 111 12 248 231 220 150 52 65 83 41 76 115 71 71 161 13 251 99 79 117 108 139 138 167 10 50 72 84 29 246 103 129 100 18 45 74 15 115 77 203 211 117 89 2 174 187 245 217 79
146 217 73 84 149 203 124 157 207 184 172 5 118 76 8 156 125 238 173 21 161 212 58 74 160 167 49 122 155 128 33 53 235 185 251 93 121 82 8 235 141 62 246 3 198 159 133 38 102 32 82 104 208 92 17 5 4 210 86 243 72 154 144 232
34 239 85 57 237 161 137 18 81 102 172 239 215 51 48 78 86 230 61 96 138 111 95 76 136 66 248 233 74 227 221 88 223 120 224 79 230 20 232 238 63 216 170 242 36 237 144 211 27 24 50 113 215 175 145 78 182 125 58 68 237 235 24 241
32 18 104 133 3 60 251 171 133 46 221 140 150 16 105 36 249 222 87 76 218 117 47 1 108 229 108 120 26 143 109 141 101 138 116 50 51 26 61 153 156 222 70 84 247 52 8 182 80 28 154 165 236 203 118 230 136 195 245 80 86 34 240 56
28 231 232 206 169 179 52 179 178 109 105 209 12 47 217 47 148 84 45 59 137 121 73 155 121 127 38 78 57 100 171 152 141 80 88 22 74 140 215 137 9 44 73 148 202 192 235 2 127 111 165 64 219 236 199 185 162 147 107 97 100 15 57 158
198 215 154 195 112 152 220 21 152 119 210 191 234 16 49 87 124 160 38 203 218 15 106 219 220 253 183 65 160 51 96 3 19 19 209 25 188 230 20 26 35 127 173 139 25 103 96 218 43 138 8 9 50 244 137 225 172 204 141 136 160 208 220 87
132 197 132 254 91 138 43 219 104 140 51 202 105 56 94 168 67 196 224 130 123 242 55 183 139 23 7 139 201 158 151 119 236 189 88 91 62 171 66 180 88 49 71 222 222 82 118 142 160 157 76 108 0 1 112 113 205 218 16 4 126 79 246 3
100 73 213 201 73 18 191 218 172 150 129 176 17 119 222 176 197 58 106 42 7 15 182 28 112 122 135 166 225 7 108 80 77 255 170 116 73 215 72 44 88 139 149 211 23 4 39 40 244 180 132 253 236 37 214 127 102 30 250 105 103 189 237 154
41 54 117 239 16 213 32 67 95 36 212 69 255 195 58 122 52 162 53 3 1 180 25 132 47 76 175 254 153 103 1 231 117 8 138 17 195 112 116 210 191 113 170 251 126 2 47 168 204 142 127 73 158 253 178 186 87 63 235 204 226 244 42 5
232 49 32 246 180 42 38 147 75 8 163 40 12 59 93 222 54 72 41 233 238 245 26 218 166 71 35 254 8 10 72 98 140 101 35 167 162 62 165 203 170 73 147 64 55 32 197 173 105 109 72 61 138 209 125 84 160 188 143 226 42 6 30 241
237 149 141 138 18 85 224 23 86 97 222 174 6 139 206 222 200 81 209 37 141 10 51 34 167 195 234 112 123 245 25 215 198 56 0 17 85 10 229 42 231 178 9 150 145 109 181 255 253 121 190 14 35 81 161 53 89 132 200 196 28 130 3 160
194 109 10 239 2 122 145 187 144 100 84 157 1 130 175 17 6 181 239 212 104 154 28 124 81 104 95 242 251 241 230 43 62 106 115 252 140 119 11 199 36 145 218 175 196 121 98 169 144 141 225 143 167 225 62 21 1 28 127 221 92 102 242 158
19 115 74 87 96 220 217 229 33 51 192 98 75 25 204 36 49 1 27 119 155 135 92 93 139 214 207 229 11 186 238 248 130 133 63 208 73 93 181 190 238 162 79 207 42 47 231 2 201 139 118 27 28 15 198 211 117 249 173 147 234 162 206 86
223 218 226 123 41 228 14 211 36 146 79 132 95 124 33 209 179 171 218 39 172 231 230 105 107 99 231 222 164 200 94 89 237 196 145 18 177 145 236 55 159 166 74 54 125 134 168 243 104 208 208 57 189 143 109 84 231 166 214 111 121 213 220 9
179 210 98 71 75 183 222 122 128 246 249 151 143 162 183 40 48 195 156 24 129 20 118 129 4 83 59 40 218 185 202 80 5 229 81 146 185 143 159 88 121 88 1 213 100 84 6 53 67 56 43 242 7 98 26 217 228 68 121 84 1 194 183 251
21 136 6 182 243 226 11 58 202 200 222 175 123 147 212 215 198 42 247 95 116 116 50 208 142 161 33 107 114 182 235 145 235 92 22 88 139 234 16 193 221 137 83 173 132 228 206 18 43 124 73 39 152 111 60 160 212 181 169 91 186 33 194 142
36 248 46 234 99 4 106 215 132 30 119 196 155 213 234 98 226 8 87 34 196 130 89 95 143 15 164 200 204 235 215 13 227 145 55 200 26 181 93 32 196 2 88 0 193 125 101 102 246 213 0 80 208 217 132 74 9 31 237 14 184 83 33 182
154 162 32 183 115 103 187 145 186 100 89 128 215 87 114 72 124 77 64 98 66 11 157 106 17 208 4 98 208 249 81 191 103 210 86 94 197 193 59 40 78 129 16 84 97 252 17 202 203 129 122 47 164 161 151 193 99 72 214 125 207 9 206 200
154 181 155 52 146 181 120 31 210 226 60 210 91 65 84 68 46 120 254 161 221 213 131 180 195 32 150 31 91 224 13 237 19 37 226 220 244 29 137 224 169 22 69 9 110 71 155 224 215 58 40 39 8 150 139 86 77 217 119 126 233 160 149 169
165 112 135 161 235 130 131 12 3 210 92 92 247 99 104 71 144 238 188 203 69 167 107 199 136 14 7 212 212 160 242 99 41 5 174 83 80 8 29 221 233 24 189 31 0 253 66 32 26 238 15 235 55 227 151 22 161 86 92 69 48 88 80 51
185 155 4 118 202 164 191 229 118 173 30 148 103 127 14 235 119 104 52 140 219 246 26 225 189 109 197 4 99 177 0 158 174 202 175 224 77 172 206 121 116 7 119 155 216 62 231 93 237 178 215 142 175 58 198 134 79 86 206 125 251 99 44 152
134 212 23 182 213 131 65 228 87 213 78 41 41 234 56 28 1 239 157 73 36 243 56 31 69 117 221 158 94 74 150 136 2 85 57 47 98 198 99 131 38 18 161 233 235 75 38 171 185 15 33 198 55 3 218 53 173 62 13 221 164 178 14 42
195 144 97 209 146 215 171 98 84 255 48 233 68 33 148 209 33 118 65 2 38 129 231 96 189 140 77 247 113 69 187 129 25 34 80 48 249 54 49 91 201 59 221 248 124 40 204 135 122 29 217 157 6 130 129 59 3 218 111 35 49 206 107 39
52 70 223 232 159 99 216 215 164 93 25 152 107 15 167 226 196 211 55 123 226 117 86 123 158 170 108 252 227 61 102 132 183 39 128 6 57 62 67 91 235 230 85 171 192 145 47 243 155 88 181 91 220 39 24 103 87 253 121 234 82 117 89 23
30 79 204 250 104 217 97 208 157 191 129 86 88 47 186 224 33 82 152 65 235 17 237 68 208 75 55 100 182 133 245 182 95 174 14 30 95 18 109 16 141 12 48 113 24 195 162 253 163 236 119 214 162 18 64 26 219 68 130 143 97 237 22 38
197 186 115 229 56 172 251 216 152 186 170 70 1 67 65 224 234 178 51 109 25 129 137 32 126 155 150 224 255 64 194 69 169 217 37 119 0 182 253 112 8 225 114 136 207 37 253 190 91 251 63 200 49 49 156 215 44 121 44 122 74 2 3 178
40 50 89 143 236 234 92 31 252 161 163 238 138 47 84 54 37 109 0 8 195 169 124 228 18 67 152 193 115 101 234 152 66 89 31 247 5 147 221 99 159 151 222 17 63 92 232 241 204 154 40 67 13 228 15 75 95 110 169 184 84 128 71 245
30 238 239 140 5 167 188 170 179 230 176 100 101 53 254 55 71 43 6 33 137 87 204 3 126 25 185 60 173 27 167 254 79 148 44 229 252 152 9 61 166 89 95 253 176 20 176 53 136 68 162 48 207 206 92 18 135 140 17 194 87 62 66 37
184 92 147 139 59 160 129 84 204 51 200 239 243 7 22 72 216 248 235 66 227 227 196 212 128 214 183 105 42 95 112 35 154 215 120 204 39 132 9 223 3 91 134 27 252 238 130 174 168 102 37 253 88 86 30 186 201 1 150 136 12 123 163 181
161 12 85 218 185 45 57 110 206 69 14 121 187 80 89 165 128 216 3 176 60 233 210 162 208 64 161 35 153 6 109 101 170 91 158 244 161 157 184 45 216 159 232 28 118 242 94 148 169 209 173 23 170 108 183 55 224 106 53 218 172 155 233 241
96 130 27 203 114 97 46 224 173 57 63 246 174 189 116 189 146 197 33 29 133 162 205 113 145 158 90 21 134 55 24 189 155 178 107 2 22 101 97 178 45 176 103 228 249 100 207 151 179 28 170 188 208 52 142 1 74 232 80 60 166 156 128 38
99 226 72 148 231 140 13 17 184 8 46 168 189 70 145 222 234 91 19 88 70 150 179 228 136 72 115 194 12 150 128 241 84 201 75 72 52 37 205 195 53 226 137 199 115 242 12 66 49 123 123 247 111 243 125 199 12 191 142 19 242 255 245 12
149 116 122 209 248 252 203 220 52 166 217 131 234 72 173 128 226 81 177 189 6 231 57 50 18 236 126 147 249 231 241 4 96 185 193 188 230 114 230 13 95 159 72 42 228 86 169 236 27 68 231 226 214 161 191 49 19 240 27 8 225 115 60 53
100 107 211 197 89 232 165 95 181 183 49 95 219 133 12 114 226 216 136 144 74 151 188 195 43 98 166 98 137 13 241 245 101 244 94 88 69 218 132 179 203 78 52 101 157 81 124 134 238 8 180 1 231 230 235 96 27 87 111 55 75 124 53 74
205 153 235 93 186 73 173 112 2 116 55 55 30 218 211 206 192 87 241 123 214 59 46 180 214 206 235 102 93 54 217 46 136 126 146 191 102 163 23 153 52 47 17 74 57 35 229 199 57 75 228 247 11 10 176 196 150 173 58 146 216 206 252 91
225 168 6 86 206 218 184 51 241 10 91 58 62 223 126 2 151 122 129 50 105 197 187 52 73 74 140 126 81 88 132 37 220 199 206 158 178 147 245 52 30 73 136 248 3 225 38 74 215 168 95 5 207 53 89 117 27 95 203 31 68 59 147 230
34 220 163 107 248 220 18 145 226 96 61 68 110 103 213 145 14 220 226 18 162 207 128 127 151 66 84 161 212 86 126 154 155 87 38 217 35 191 97 62 24 28 17 38 184 199 51 10 123 225 68 102 139 121 134 25 211 109 114 180 210 117 176 110
91 178 13 63 117 198 141 168 135 183 124 210 58 212 245 101 149 196 135 67 104 16 101 99 24 94 239 240 14 126 194 49 109 187 205 174 3 128 184 110 128 233 109 175 215 232 243 85 30 162 185 181 38 21 233 210 62 228 61 70 83 36 216 151
153 91 250 140 54 77 103 32 239 216 255 79 237 2 17 154 190 73 130 17 117 246 90 5 93 21 38 129 114 95 87 123 64 34 2 154 54 167 95 174 21 173 197 164 80 80 28 176 121 113 118 182 243 95 194 177 55 188 89 75 64 44 132 187
