666880 680292 633239 613354 789552 790239 917010 596035 408772 665402 593525 526825 393343 459522 760777 556504 627485 720204 561593 690130 506190 506763 241165 469620 415029 797471 752718 524873 684757 776898 878897 581273 628280 433913 744268 824634 904659 727388 911422 665248 668113 891891 572098 723246 791932 575988 475187 516213 529067 624439 526797 649069 729777 854605 610613 649152 683652 622837 527575 422810 394315 380471
767448 658818 738404 559104 703864 720743 658005 621348 820195 458016 601245 626662 638436 659931 538274 721020 404993 684781 668408 494447 656334 401479 386621 386416 611182 676450 693399 686527 639892 460579 558367 475731 514321 447242 541410 896080 1008435 1027631 649368 821365 867027 846918 939647 555148 465158 828317 757338 594206 570118 611420 540194 505489 484558 435969 300176 279201 408235 691818 741902 515475 572195 667409
804174 527011 714496 659314 627630 525817 869717 738684 294356 713760 703712 663787 612157 706545 720082 568164 760014 423201 536911 659032 532937 388943 258056 478848 551434 541844 553444 523573 707735 790718 439447 463235 398520 662769 698384 779181 830703 743214 964848 759942 585496 683227 408292 638861 659138 784205 732537 498018 535782 471348 454558 469346 502265 498573 563161 365947 636554 684154 429427 603578 690116 815617
801551 853145 529988 675242 684389 744513 493863 597875 667473 587632 710686 821840 740789 507477 839527 693360 587848 669294 459473 400928 437889 274438 634656 774218 640811 506980 518887 753036 670652 545144 689926 522590 431055 421092 872358 948896 910168 673026 515529 769777 579511 497957 547795 836632 707192 626090 717901 661260 386731 598873 445686 379654 514810 567109 476569 585950 446775 809527 904346 789493 849536 668478
460326 566757 1023861 684637 552114 623813 520744 325969 423884 795099 816322 561385 799099 775559 527161 688163 635308 666889 604669 400362 342511 600758 681965 540681 760505 725372 424814 468587 820984 838315 504649 601025 534565 805809 628672 620976 699396 792948 574211 412668 314707 446900 472760 345915 573451 804501 702753 697101 581903 603197 747606 502014 343960 602994 477105 592853 664504 597425 768359 897010 641736 644317
577709 738498 508456 740393 695344 506295 506947 686172 565238 497586 781323 762736 511623 664603 647341 863336 895136 544324 474294 457318 551858 598207 533051 648883 604017 505256 642754 640937 709288 775092 637906 593239 611509 526418 711080 762266 566491 445538 632080 460790 513802 453825 838627 718485 547380 507678 757766 500206 651590 632211 657129 411914 494840 504431 773332 519308 634178 614219 531731 767232 843643 533969
396368 734823 749975 610862 245173 496482 543930 701897 660260 805887 461782 666869 453560 653615 796609 570027 498353 836297 590313 692265 684698 696560 546171 430522 656322 528192 560880 637741 924485 616947 540092 680372 685399 625529 317904 518032 840313 706611 532870 359424 465632 490911 387723 549243 555087 613720 801447 740488 762856 695893 426405 321136 231658 443398 462033 478009 384871 514998 932405 836695 817452 713857
496948 747735 512079 394389 601406 590605 571633 623515 921126 648982 767100 513426 778815 666169 678116 543760 556750 599764 783029 777504 711006 667152 508674 551707 633819 593279 629349 818389 610529 543253 466820 589040 709983 491788 453240 580058 724917 639483 865175 723527 682825 695859 921764 519526 587716 555532 833196 770409 701936 743043 537340 274568 182619 299540 477872 502062 693717 712614 608704 860270 879833 593368
893035 533203 590104 526474 387716 639622 837380 705184 468341 601447 539095 620812 620827 587685 707884 540898 584840 663303 707932 676840 739120 783655 767419 803809 606866 682735 455258 633987 699177 726094 708627 680711 640837 431199 531160 632621 904632 980311 846189 649551 476086 517784 242528 452642 516746 784305 444341 592356 761151 652059 547300 401869 557986 301927 350456 425829 675567 814003 872689 500054 803070 791403
596269 825775 411903 637243 707989 534088 310848 481550 555164 642040 697619 464199 656694 788032 609495 479610 620268 502319 716839 716030 845848 575446 695098 975359 730394 429744 545842 654166 559537 316731 640558 699580 519314 652752 645104 730642 648756 736637 664103 639281 574838 729674 653593 662387 383555 389003 473930 609111 651869 795616 694451 408144 663817 530971 490967 433826 607622 659529 416658 647778 783003 791386
709637 735413 556811 567656 644294 740677 330682 306985 379004 382102 735082 573717 579615 470459 740626 541674 491500 564510 758341 715963 579843 614950 730680 599656 768367 604028 535018 569809 678848 735221 543457 750468 831857 558382 681754 568023 833470 841726 566569 371339 554904 532810 522571 325884 533546 705005 499999 552434 737419 650152 641715 767281 735439 753283 374030 549095 317684 367789 554201 595523 478122 785679
569734 623269 627962 707724 546066 519790 379802 492080 789840 687652 333889 333774 421144 397136 435278 602948 620569 556367 566223 498441 520133 367435 627935 837304 771334 643794 476157 480208 499551 368974 612527 529673 635392 662913 342962 572282 633527 578211 535152 392253 732520 670858 441810 505264 476091 506455 524696 566695 577823 735748 609276 682899 742809 897213 625550 451767 543234 782940 462143 669258 486719 492848
792106 659093 347379 398652 391182 464137 772706 683677 379063 541704 626856 568823 299711 406583 585777 410261 632171 618224 698351 467748 245614 578483 623768 901790 797412 776957 666901 688466 399272 439944 510485 727941 677473 883515 699860 499307 553301 694669 435221 444759 539814 658160 603234 411264 597063 724064 895816 908028 564633 245432 411775 667540 863811 644477 570133 630007 591491 540378 529811 494692 701652 647281
397600 537891 577569 347985 658636 772557 553366 871579 778624 798236 491727 536521 552049 268659 673135 587340 640165 423764 280490 394104 682253 640397 680361 759505 581481 510072 685213 657936 658241 335772 401532 701768 761062 547333 354048 594907 612765 329469 486282 382927 703029 639551 532622 296221 516275 620576 569614 574923 796392 615116 486964 690031 668551 821735 638950 650512 661723 987351 804569 676434 507304 580541
773684 594316 286953 482728 683791 813202 874005 734115 830055 784903 717427 375184 409622 689290 459748 887365 486623 560882 408169 427758 328469 697578 789097 686164 947710 670472 657100 745065 613016 718745 821633 621951 621801 793846 849303 453508 546182 499686 175621 567661 672381 710031 629256 637855 658267 637573 856214 853755 568020 570591 466558 390804 592871 394456 529749 642187 659266 656714 828018 772721 739034 774601
713985 714728 767318 554034 789820 778838 704779 803486 872065 686092 510148 708692 431629 573082 555986 383321 489700 491757 383552 374094 520935 620367 775038 774536 453087 704978 819022 682422 714414 737788 651334 852989 739308 408025 640799 810242 467976 392351 346121 585230 761371 695243 495070 504258 511124 677589 445206 901511 898938 704107 756081 680634 474329 622044 615059 610392 918295 901899 718512 655688 767606 471846
942682 786498 647250 805184 576873 774791 548032 859386 502771 577645 595634 381823 638814 465331 688882 647748 648194 378916 333025 200750 475372 581878 609287 545942 647354 575349 621779 1011352 769110 844625 987673 785050 783431 778302 620136 846550 542197 609299 511647 647437 544198 489034 656043 823894 748188 708754 795571 769145 721387 737012 452972 457653 538706 554940 691280 757382 703576 770578 970161 578553 784696 688346
851927 926421 741332 608823 571041 717235 543158 453648 553967 357108 510809 583978 544090 549091 758675 475446 561243 598889 498088 366336 540585 461005 413563 630169 818705 806934 694821 490063 723758 655064 609415 668861 396999 623357 518585 393937 634688 643396 778190 646560 796878 661335 691297 754997 793449 730563 726301 650005 622041 508209 905000 669093 638746 572058 962412 813337 858618 750181 391369 541766 674755 660169
780798 703931 764350 681541 510695 452888 522946 427470 330155 472379 535097 552434 706365 716617 541047 613601 495983 505008 733542 506934 404688 555460 662527 519781 612116 556399 674376 723658 392581 509957 613869 702475 817949 482191 491554 501080 515416 849402 788352 779367 453457 683978 678383 710803 918401 634557 636294 624065 583544 766806 574471 478631 620734 673102 504173 958262 700807 536267 599474 669955 631096 663899
578905 832900 748878 723086 498449 766980 672142 679820 551889 522205 491369 434085 380126 444822 423822 304409 643123 711041 699709 651660 738726 632345 684558 632679 441772 641306 461379 446155 698130 393360 652973 566653 545543 429674 434812 557442 688311 729390 574468 405452 449792 534674 886992 955642 814576 813602 515591 662414 394216 356208 673513 801765 546972 707844 770061 599350 845349 559195 456052 275732 517534 736527
896932 849367 739435 593566 603128 588209 784364 619711 394995 460933 439972 626597 624425 602971 458488 408853 569760 629868 715822 918624 720173 703948 497785 524649 832981 627794 724005 351456 309875 569858 537081 673380 455161 766743 509475 452108 604610 588919 407257 326852 493260 674210 633660 788670 625593 523236 560790 624702 518782 558293 215626 402425 408742 573975 818304 839713 530377 285511 507977 816069 661079 486345
560116 682378 783651 403455 657780 983649 765513 673944 499579 459617 492875 414491 670543 533892 464535 458875 484150 754518 953342 714069 714434 560070 808730 529086 368885 603860 557408 759029 597135 564922 525475 776635 810103 531901 648529 663633 524874 444122 519168 513924 484184 665459 616974 682110 622197 560439 660803 372862 275462 382777 546454 382355 601049 590501 673412 691158 481562 460543 363058 537642 456663 428037
647088 481792 409393 480817 580696 692363 766195 612328 635387 574122 504827 766612 732896 612247 651627 584005 780841 650165 793208 727156 621349 450144 329520 583366 787387 725987 578425 487966 396028 551210 583823 652394 608795 542051 739993 553262 644923 538865 447844 691168 632341 588907 626665 533939 493230 236774 577056 759019 813456 466347 322014 616942 317687 583800 560787 552129 253930 270026 601168 576721 629686 379992
376879 654097 372500 429084 693411 696383 564763 559802 381617 594978 690124 441253 436748 548772 574230 604128 507957 961768 1001854 778001 424273 334323 535937 439919 335227 504343 564483 597419 559854 485183 727803 664519 546981 639364 540406 752320 597827 685047 640384 443333 456277 324387 480403 570826 650012 530905 582524 484336 334897 648946 502273 253680 519664 518106 747396 584723 306968 262613 449699 635451 699943 614512
467281 451677 370661 404134 610117 828293 637630 602770 913822 701503 455690 511145 505244 352193 354269 793745 842506 829632 639068 542676 588789 460282 273032 515294 695197 458335 400423 602131 472051 596387 421500 693252 679935 640275 767955 585674 628555 370189 535220 722804 561431 436519 607014 505605 634788 527611 433555 505712 563226 332156 586054 660175 622096 446644 356519 306319 296917 566810 647527 820839 617253 615562
613183 644452 438522 642940 675397 596367 595369 443119 463911 558196 770135 583551 405732 437473 419372 533367 769164 729732 686207 701024 462763 407835 462099 470807 405847 600743 750491 595579 539841 610324 828287 711700 782763 615035 656921 578682 521868 711866 682757 482980 634529 524815 710260 737024 647758 634828 608130 350304 214477 285495 452621 557351 582861 586224 549472 674283 532205 527401 431387 776932 954765 882093
451514 397404 605285 537680 544476 567283 748166 695612 681201 762232 706222 497679 390830 255902 430018 732474 844055 723434 441673 596180 736423 419727 333760 408463 827206 728740 500528 651664 601953 481465 596585 665371 815311 695810 656854 312822 488912 418272 570141 816628 694168 852209 375982 790844 721286 543776 336670 435544 260996 397860 707964 849991 794414 496333 544404 540860 635251 706946 863151 615485 414886 760124
612463 783730 568834 726321 863148 646634 488976 519287 684752 621093 815895 601471 354577 354169 651061 567786 639170 421365 483812 518960 518326 372405 462905 681741 525807 636262 511249 505907 562430 759690 651390 720812 604155 521713 394238 399679 430765 760293 856218 603724 424135 538364 800273 584796 703456 855579 621005 303418 445739 506550 671563 795617 890112 922765 700942 806436 787652 493434 450271 528787 721108 309252
685563 746764 725330 596168 437823 846884 750594 520663 542835 801305 687125 683944 573821 246966 432289 594938 678722 482409 513244 790372 565734 400940 483005 719209 800894 738845 491728 415284 566687 499886 482088 314727 366245 416848 446826 424322 673360 515267 295501 384657 532063 622804 659833 689764 563323 301113 641379 552182 433206 424866 533890 665636 835277 851732 843078 836580 781151 803708 592389 449020 527256 824610
776802 930284 828998 818158 718761 405875 646059 721990 669508 603349 764722 467683 327408 484422 538953 603063 471013 716179 676364 491263 662653 680671 670838 810422 580874 262892 435112 493639 617739 544287 551357 569406 770183 437336 465128 504220 470951 602046 496686 468880 379113 407623 538718 833138 719298 755479 443732 606677 507434 485182 382124 635337 528243 704549 725602 816040 801849 597529 379434 500460 539838 498332
667218 835600 791365 669048 399297 730130 648834 732810 596607 788314 714839 619616 376399 567576 601555 755766 723845 459272 556284 633014 249930 533031 668550 540170 629823 697310 669796 741335 571509 375997 499618 411472 491802 755234 497116 612729 659093 620870 264993 274279 467606 763192 793212 464320 315717 370952 547735 604103 675398 522341 397839 554403 682800 617517 867727 762033 509097 534228 696255 539757 858648 751813
603098 648217 759352 550591 583139 612066 562728 564932 503248 563587 577943 648208 770473 603652 626282 444322 585140 592946 328726 251949 639815 440473 506168 536500 372690 470786 822333 720102 652481 448673 515182 916814 640530 475194 416265 549913 601838 474753 628678 705873 569868 638358 727718 729339 372751 269652 671420 793145 755002 705871 617573 365792 653659 689144 672955 603306 742540 512964 601422 762931 863622 762884
548802 622620 603167 821233 339919 415483 594361 551479 570700 449512 730926 387965 332609 609628 648626 744581 347495 296016 353169 661463 518600 643920 401194 602665 606033 610084 694720 719205 175910 448101 433527 418503 695975 469715 607835 584159 640335 626150 657914 634306 649883 717526 655417 281821 186075 426296 659270 735517 676955 521751 659229 822727 710004 805702 571874 493936 688785 831111 841485 728612 406411 439223
533648 705685 750759 403896 400972 564953 435386 267856 466783 581315 604034 568507 553207 727608 643355 634078 532211 632017 540388 476278 417244 438827 425861 420149 533216 907695 717381 567345 573839 466154 621627 732366 387528 388634 301977 402309 524116 616649 780396 662339 780138 535485 569964 565138 525562 538525 774692 916336 716280 562398 510259 498958 620852 658661 677063 528416 526330 868285 780329 624955 523284 546196
633679 393760 536440 659350 475659 381926 610137 564260 539558 558045 381002 377287 414084 680423 709528 329684 524221 560178 882681 708649 664333 390667 564649 684729 599634 458885 754936 867374 551976 782904 635794 402224 363465 349778 623115 641835 640520 419604 747931 712348 397942 708858 673359 578243 598600 733895 823111 674981 685381 511976 536464 576722 817015 585093 358785 391260 535392 636189 684559 617662 240445 559361
440482 668650 374467 438696 568620 901284 723851 510595 367630 682834 579078 421167 463418 538449 614569 571994 500726 539673 442179 613666 408835 431519 351010 561258 746375 1007136 912234 755983 773524 661304 807498 787634 523256 509272 441348 541338 281836 717698 580802 852952 897142 565931 667469 635076 434430 693062 789588 738689 843539 665421 461482 362201 275694 460750 531811 490791 662602 923242 730539 630737 794696 610172
705114 614723 690055 543579 616096 761536 541020 586815 539559 489097 503741 354891 571148 457202 401801 417482 586946 822157 766456 582250 712675 664585 634439 590431 604197 756624 801674 990819 971109 924494 526480 577140 652509 746654 592009 575587 701054 650065 785686 550967 618040 777129 492914 541571 714117 488750 849225 737076 685790 747678 586818 503831 830301 633275 410151 594712 638841 717388 879431 633867 743217 827711
770453 607500 380919 562828 566667 972146 716053 576001 534404 853733 697419 557970 431835 769641 553370 378556 506807 448207 549744 605022 645789 448456 528154 470193 634257 719185 650218 618873 741093 838640 900457 587516 594711 516764 665652 648204 740535 620008 745592 723523 583284 370711 572574 596587 461380 622947 331443 587131 599306 399534 554224 464852 289818 482781 793119 847794 881915 628860 607688 661448 720976 712907
618327 608527 501334 726533 926016 550240 469575 665182 844230 766260 750962 655779 650631 531650 733207 882749 709170 617359 652899 448903 693838 662311 485086 611862 517690 558075 708102 710006 819311 706104 578946 891707 729927 543736 418709 603314 785325 695039 526737 701177 615092 606191 451678 593176 575222 725863 629145 371246 488146 752763 319377 544216 523628 595089 616447 756134 836281 733702 508899 653237 720473 816603
562481 716247 626689 718311 419066 524551 740680 762732 769583 743903 744798 757655 841546 928935 711205 462895 761886 445081 405535 487029 480659 586503 525389 491342 328161 404124 565910 854662 990255 898943 703209 409382 659762 515753 574658 764930 479561 730291 547134 546283 477932 341985 486687 640658 678087 335281 348791 550706 602173 383255 512567 524464 595264 613165 682908 639249 455440 519141 626231 292406 701229 585912
502960 574581 525460 688033 676929 613067 573094 632273 738617 726921 689537 788185 799390 638010 791000 517290 480526 455796 584938 474074 392651 398048 658413 432387 606707 553686 481116 755817 945928 732344 791483 767238 585195 593793 341234 696445 768635 459094 540168 457336 553877 321216 528452 559481 758413 726022 586577 692583 525667 484078 480089 621559 676718 549912 566308 631997 716212 552126 751629 623487 442775 619444
653101 713648 609167 533136 580880 590755 669403 590065 632532 601899 746905 681837 618355 575071 522991 483821 376227 552750 586773 619414 808110 614281 497554 760388 353499 485745 698740 725632 758672 818225 473716 757386 437800 519809 875307 783786 588428 414604 524401 718283 332024 275282 254341 586167 453488 633834 753866 899307 756000 275985 365940 507431 657324 741177 487601 324684 565195 729601 637547 572760 792117 604835
697005 455412 675081 775330 687539 558101 627502 540036 484901 697585 496121 691943 640825 437000 377800 510324 767541 718498 770806 641192 455549 671872 689819 476280 550882 192280 441482 919353 758626 861657 603079 426008 559924 586876 702582 491203 558955 439736 511374 596297 536280 282435 442188 296708 688658 713885 583408 490465 536701 509910 350695 664486 656859 720870 562568 593424 527817 598812 661459 575707 452163 597491
752846 601184 525403 660129 794095 587884 526459 807623 695920 531901 677319 566898 476717 374957 494442 694747 607249 741111 599472 866555 881800 772096 654441 726039 465604 656453 547135 439738 799390 474497 475738 473752 611442 729211 831934 676938 434806 755435 874861 564060 470467 243060 352038 721754 508281 551123 688199 872926 596024 716498 477373 606442 585037 517037 663356 448278 557616 587071 606871 751840 714999 460664
556719 598363 650934 888501 815024 664698 494576 572440 550181 660270 395690 553091 498791 700991 349759 403958 612916 857327 754664 587785 526654 769626 558241 482694 496741 384139 733805 754205 478771 723703 660505 472194 337054 591473 394342 477828 547263 513208 629857 533911 358343 537006 736158 578702 835088 422181 541593 602402 719248 393979 667998 525335 577984 597515 507899 494726 622097 382588 618451 596840 523380 493030
619200 551100 653908 797694 724091 913254 700250 688965 632129 523858 475232 724210 359333 341831 590582 731772 470816 410190 326258 614474 586927 566448 667842 694050 770881 662864 534693 576014 579103 490350 509667 531466 423442 461224 564132 668526 658201 570637 430718 474976 513824 648931 947905 775978 443979 675697 755018 592251 540824 736394 680076 459444 513304 547728 625355 311034 382238 807812 572460 636978 495845 478850
541806 653654 821274 943358 703483 590385 794324 853124 581578 586525 329097 405668 555891 560498 493277 604803 710928 567550 372947 549899 843644 499454 499890 532523 599183 850774 743873 736880 633710 507535 493881 417425 407232 304102 490739 276531 461529 432666 558170 488874 747252 785406 750852 779617 731222 451930 633856 702301 587603 483252 546020 577885 448592 381179 315682 630898 571421 519815 636776 814965 567028 372001
593203 712784 899791 769365 841808 841246 679884 652161 681897 667286 591098 386322 411708 645963 891572 663123 353315 493540 506733 464540 575892 665518 716263 694679 655275 587279 708347 609825 600020 732698 830010 435221 456206 310453 239589 452933 372829 298713 525423 641302 469824 553094 722380 576247 405116 861047 803780 733304 691366 719043 821881 509526 394764 379038 319545 544124 670676 685545 463314 494852 644327 513067
696452 860062 812235 833623 542100 935015 961295 866531 657050 543928 520031 321071 349433 584278 669742 878033 855913 483469 583368 477446 650798 483047 608874 480448 615202 629680 882415 949303 787183 593533 613170 684531 528052 466013 305327 231135 392895 531647 658731 464427 620420 660357 514553 813280 676339 698554 906603 852058 642307 815378 625289 574458 336634 282132 694686 512142 624770 594408 575890 653866 292295 242922
364451 672839 669282 815088 985258 794481 616718 756611 884472 652652 559224 569438 363471 595123 702913 467575 341469 449762 224240 597701 647020 605365 665094 666927 442053 569230 762269 656275 704672 723775 877036 652757 437681 390731 294228 580453 483216 613880 456378 638668 513368 583574 616395 245938 675188 795032 938694 1018883 751565 692072 453796 443660 468148 557983 247516 561614 441144 588421 630439 481790 494280 522205
633087 831976 904742 612413 529286 766446 963011 790848 874012 923129 594563 323401 352455 454964 643076 594358 409085 221711 376730 424937 550171 719011 379525 373417 553167 642393 724433 708204 674248 599187 674045 678600 549289 620112 412504 716077 823769 650690 502710 468006 749231 475226 631521 773388 619540 731676 805244 583763 588752 501026 478119 622616 505231 603082 512025 424737 590817 498246 456676 566295 272720 417303
611601 547423 530919 722607 752402 685379 540191 811043 778909 648073 882939 767891 648706 220730 312616 401500 587345 540022 483363 590993 937120 664022 829752 499080 622373 654995 758262 409299 509131 757894 541563 520744 529973 691759 826880 588716 382723 545958 581889 566154 466155 771137 510960 407127 816768 730212 827304 737946 697060 341001 576965 632800 535556 311675 445168 646271 436925 595599 635299 439598 385276 482413
643344 626508 620069 651797 568811 503189 673006 645170 835980 643500 611826 494565 454012 526865 639708 664852 668776 385806 475842 661306 690122 927002 646208 727842 597962 554023 447114 479776 419141 370156 721720 691499 606898 628295 722120 934373 596506 645753 342681 568786 684310 568023 862092 696164 631912 747557 579821 614598 576244 827479 462715 558002 635668 654483 542725 450389 705535 418028 502795 703876 602965 678316
511526 602300 627994 539372 491067 487458 634380 719854 446054 515569 835396 869778 585332 520588 544907 857449 720935 796921 338082 702980 871581 878354 881206 598261 777418 581880 495152 256471 445517 359038 491204 646201 802738 778977 576113 383053 484516 373368 725654 526126 585087 527084 588714 990383 845871 736164 794885 804805 614550 363922 824853 699398 613022 343234 633275 494299 477760 712152 543277 499873 726218 787220
436458 644320 622170 777109 555424 488683 397061 536136 455662 380684 548853 822520 592009 581419 745347 890099 654902 300436 422630 501748 731212 803930 847223 822663 506829 429585 553466 454346 283417 601748 674933 775260 585761 536150 513441 511668 458679 683468 596558 724343 655197 929390 738895 627551 877221 661282 503790 440779 669088 719585 705820 649340 708988 620503 553050 726725 499509 541320 625837 704058 899861 862156
533789 535671 797095 831410 687448 597480 843698 580851 426988 648085 848881 746395 773012 692564 829703 717399 639548 473346 472644 550675 646623 840583 502102 417826 598638 732162 388319 706298 719218 777768 592258 607047 625974 658808 490621 475284 685434 682448 576358 514050 599961 678629 579892 883423 596775 622670 687166 654655 370611 758185 872021 1008594 685145 736743 352628 413863 648169 516058 437568 687008 874081 440467
639716 726178 871923 908413 799377 731029 402947 659019 670372 474366 636151 666709 721399 507322 703304 778700 836502 626465 412233 611434 488151 688801 708572 735617 427754 608159 786992 600916 637106 510963 898581 760593 778174 736479 559264 411578 620812 632913 725732 689673 636547 465319 667159 577248 743676 585649 400622 533804 663468 615137 784384 672607 986614 778124 628783 502630 364290 463295 507631 537568 679078 612181
785649 782193 758493 896206 844259 711030 799622 506120 406057 603175 594157 561858 480686 769115 867572 915223 676495 720110 737170 603918 718951 511898 375090 577148 843833 783631 733622 563194 795160 844051 548325 580595 629002 696295 705057 857057 640188 703338 517641 440398 393127 334155 356743 488280 470354 630847 982665 439318 467600 583850 1052395 839413 602297 587874 560310 510751 670904 447291 340663 722305 704956 638872
822303 596552 628291 578885 903425 790946 476172 630940 592183 310223 330253 636470 718890 670133 527951 571186 877337 635420 656984 401754 575138 829913 756020 510702 567138 571687 579252 460338 506146 542948 723774 617225 880167 819620 628993 654429 634751 788089 620086 451809 305817 388894 548315 535210 599509 660387 441711 676083 743788 705602 289956 489143 802320 695310 584574 444475 327385 600839 586048 450296 594838 457022
554232 794972 708323 811798 841819 566246 622848 437986 568087 331849 290890 486375 619472 670471 832671 603559 577657 781390 644423 657418 722176 514366 579784 664473 701652 636026 565727 603288 568817 508809 672866 680511 691032 566571 710229 656177 696290 482939 393994 295324 267240 362184 191275 568918 492446 626109 606388 479135 582883 620956 739926 416641 414072 569456 515349 582984 774267 430426 582250 738503 819300 877132
691045 441581 470814 699940 696331 802162 693351 694032 531018 494679 533589 513816 757455 825466 477542 653826 770383 571329 522976 525768 560466 558597 510904 328820 358479 677369 874822 538262 440964 642937 554115 536434 672202 921709 675536 686595 493817 706223 497042 337923 454872 582075 771766 731803 751411 635330 567806 627689 556088 646123 568293 577755 397318 409165 809751 499338 541762 741731 497435 390037 457710 566830
542774 677408 705838 731055 632648 509654 499189 768820 803071 795476 541878 678891 689067 455751 598592 645930 687431 616350 425783 361262 742604 667509 351978 411543 508871 466831 444430 694300 602087 441625 568139 617137 489227 369882 417097 528202 610538 594286 514634 523565 364308 605635 652461 737523 730103 398284 305630 620047 713655 627679 517020 643785 782279 689421 569166 743259 519067 565751 510743 489342 578318 580151
