102 147 166 194 167 61 200 188 159 127 190 201 180 53 92 4 104 111 106 20 95 250 240 217 11 156 84 143 31 58 187 51
152 125 124 47 227 83 68 158 28 149 228 63 34 47 93 221 231 128 112 2 49 31 66 167 255 228 143 146 157 87 228 108
94 94 100 187 148 198 247 95 109 85 4 84 141 26 109 37 24 8 4 206 22 86 119 26 236 61 159 9 217 150 227 141
81 189 78 117 86 70 108 19 205 247 241 14 79 36 81 134 200 194 155 85 117 159 43 147 152 17 211 167 90 237 70 226
226 180 232 200 123 136 166 153 80 64 202 165 241 81 86 46 245 225 104 2 105 49 54 202 139 136 21 216 135 55 124 21
134 2 143 199 50 161 208 45 189 170 22 171 140 141 2 133 99 3 195 254 75 59 221 129 60 229 121 17 182 92 186 101
37 90 12 113 42 231 66 254 46 252 10 187 114 66 212 120 199 14 123 192 185 195 212 178 215 203 32 135 106 22 137 111
196 255 176 186 94 161 27 163 50 86 123 209 101 100 247 243 120 235 193 164 187 128 115 208 124 193 16 128 130 213 11 138
73 254 127 91 133 11 235 119 198 18 246 108 205 47 35 208 96 175 98 17 70 135 188 93 181 202 126 48 253 158 64 116
134 117 213 108 205 71 153 136 221 101 252 200 1 62 253 140 64 216 33 225 76 100 74 152 233 11 138 153 70 179 164 75
216 205 6 31 220 250 115 67 0 146 210 40 177 164 159 35 80 209 38 35 164 142 153 133 149 226 116 189 184 160 245 211
19 50 201 45 183 85 158 91 52 210 22 224 194 190 254 230 208 18 133 74 239 214 224 9 188 159 8 152 236 81 59 184
94 11 55 253 168 173 100 200 127 25 142 150 188 83 16 105 44 34 153 220 163 182 234 195 35 153 106 142 6 165 252 156
152 135 115 183 103 1 41 191 28 155 20 152 134 117 236 238 185 189 168 42 27 189 193 218 164 171 118 25 54 95 184 23
211 191 191 231 143 246 255 146 211 90 113 154 29 163 155 13 139 24 227 154 214 161 85 243 198 21 54 197 143 84 175 66
30 116 60 126 177 127 182 253 76 82 70 88 23 4 27 48 207 111 203 11 74 19 8 70 20 201 79 116 113 57 169 252
93 118 41 201 85 222 90 112 168 133 106 32 174 187 131 59 209 95 10 52 244 119 194 14 239 92 250 51 78 196 177 4
34 4 68 165 105 187 131 31 74 141 32 108 176 16 138 229 157 80 229 30 32 186 91 180 3 200 22 202 15 162 165 63
183 66 53 24 106 184 161 210 232 70 98 235 91 164 135 87 213 71 122 140 194 48 159 96 177 82 86 6 7 137 160 29
115 173 46 219 48 14 65 192 150 234 76 227 64 105 47 29 198 191 254 211 53 123 124 93 59 25 172 196 213 196 89 244
2 132 119 143 200 237 83 241 198 215 145 68 192 13 197 41 243 173 152 45 3 140 58 252 220 62 36 152 93 144 37 39
60 176 141 250 30 39 255 153 18 113 123 210 202 178 149 130 8 33 123 158 116 93 101 21 168 181 218 92 39 18 110 99
24 133 83 241 55 244 64 206 181 125 240 161 225 222 17 5 189 44 235 26 43 216 75 111 36 173 70 59 61 145 69 64
16 138 191 159 170 177 68 241 142 125 236 26 111 251 92 244 195 34 82 19 108 151 182 206 112 24 3 51 213 93 222 33
244 33 174 206 185 172 247 106 69 3 174 195 206 204 152 147 247 214 129 181 218 167 195 218 155 127 230 224 186 60 244 118
21 176 255 109 221 193 69 94 169 179 163 169 11 204 208 238 28 183 161 143 118 85 203 251 41 201 218 220 120 231 33 11
0 177 254 98 88 13 153 174 150 14 161 144 101 213 123 138 9 232 48 189 246 106 246 208 198 201 101 119 227 77 114 201
49 57 198 34 149 56 33 40 31 37 93 129 53 140 232 67 160 144 186 208 252 207 73 8 165 15 127 193 39 8 141 188
82 124 147 45 144 130 169 149 248 139 6 247 177 132 160 73 86 44 95 62 66 98 157 216 140 222 11 160 201 85 38 22
87 194 104 154 27 61 32 198 54 9 75 16 194 106 38 184 85 75 231 127 166 100 3 130 72 194 104 251 199 23 43 114
12 113 225 235 155 11 35 68 222 222 136 155 46 43 250 85 45 130 50 121 226 214 64 247 178 185 54 144 165 25 205 30
227 111 125 161 193 226 93 233 209 157 173 236 170 160 93 107 112 154 242 85 41 6 234 176 134 56 169 253 61 149 137 139
