654068 663872 798103 711247 700076 703390 669327 629752 762134 719059 641048 459431 435076 457977 640615 572769 532143 353275 346113 415206 596706 801012 798962 914842 675097 698692 565633 568117 704661 665925
603342 577078 736034 677201 794477 667625 496907 619294 600233 524403 489359 325879 347791 495218 599713 586022 493138 461371 410129 317151 395036 435715 757920 823848 794060 674640 700201 722408 907459 777177
629919 692313 652776 677969 740059 620286 673744 693352 728509 573271 484448 404100 424868 377895 545484 612701 547472 535688 409430 577332 432827 457442 724834 510348 685436 569032 739613 708496 817192 774597
735570 848407 672662 576097 638848 574087 622409 653204 869351 750950 800963 537179 449391 384481 694582 883919 828067 610939 538312 478656 426106 655542 666439 616682 622629 620950 719047 722992 569700 671057
696100 799870 717403 681811 786263 718344 683119 663086 615111 616775 854010 718688 558787 442455 640057 598839 671018 740483 665011 446631 588066 734050 662235 812891 643031 565131 567744 597404 609781 504035
494982 547216 518341 706098 675371 712971 718240 708134 570252 665862 636657 636239 590577 717551 677774 511423 595246 777039 867134 812841 817796 811880 841979 891758 650840 525447 579023 471069 634741 554430
685278 684598 501169 673716 492178 789230 550596 709560 479025 821776 651914 613330 713455 828537 919402 718890 798646 712730 781045 821948 823989 872407 886241 923647 652808 564351 531556 682489 555608 469013
926075 853204 677759 599848 543401 708106 647790 580970 631662 808416 768430 593091 579308 816477 805719 865302 772297 672683 625153 611009 698463 719855 751886 887774 628394 580653 615494 835821 622938 603234
761558 695133 689883 588629 737073 619644 832868 591359 887355 802175 760169 473105 626378 707346 540257 757575 600183 551403 486265 511142 589066 636572 837718 744265 704889 647375 725254 730124 810175 694516
682307 495925 721706 800741 817837 597420 544927 555050 869935 748181 706546 674987 774219 714869 643903 722948 502847 584119 519208 745786 665226 670004 727614 757000 741381 632554 750562 816254 800747 836279
545822 505086 646683 762067 795921 666329 422161 531110 551787 655273 847148 809466 889933 785028 745071 567773 472473 519767 674215 816460 962118 742210 684861 775641 637490 692979 787228 775407 775771 851804
411066 587635 849480 662750 644568 630649 630926 550613 441850 704822 769816 832280 741400 792302 803789 546365 606364 606271 791438 829414 1058572 889312 763406 620754 594084 603905 502150 569809 749546 771106
545380 738212 775264 722556 556331 742536 642482 591647 483560 535907 705339 633222 676447 718696 626140 614460 654700 688935 631567 772919 897331 987127 876578 783198 561777 553473 392066 498289 691277 710532
772312 843873 780890 740364 733049 787439 709587 687300 435718 594567 467233 538074 688305 655050 737039 712617 786826 720290 623468 644252 605983 821996 875809 740513 554965 534493 559949 472949 620177 573903
667812 740739 802491 895445 932379 980031 906819 640191 564017 501548 382048 446605 411449 371664 582602 527440 735750 533704 670268 596304 487386 555433 542077 658302 586536 588338 575860 574944 686485 717079
335354 566204 645397 759029 791352 754749 672622 680065 507494 396710 439240 509083 446221 407215 670230 649103 657870 398346 543901 476364 539897 403074 445579 616204 679336 672236 508464 536203 742818 681389
305350 542822 527845 808478 714995 650771 575372 634809 544144 464945 652720 592801 657467 700012 814361 643543 631190 469968 500423 599073 757721 610562 653075 576234 720763 570111 493457 526031 728333 585928
346012 368991 479402 667125 675622 714228 759497 666066 515782 660245 683254 573974 624789 584646 758104 741160 769511 649581 681258 540511 549244 680815 536506 617186 402015 568400 328137 592970 647294 593687
534818 499093 521448 519087 547905 773626 932063 917174 764456 769304 659563 683797 509116 465663 663557 759152 908668 821203 691181 523666 627172 546667 668366 473777 510456 519959 592225 657351 626948 625838
565172 767993 674998 692161 536765 742382 807985 940158 777585 790392 674800 644694 534049 456052 626615 721244 899065 794551 543380 528469 473032 632765 708132 571801 512395 614145 727663 733680 574949 597599
569227 816569 759813 674981 759396 920805 739526 773122 744906 792265 877816 744303 801982 496001 605869 487290 652959 627114 470366 476114 457541 577266 651636 758802 739688 599009 426637 438730 395583 415599
579085 906786 685403 718167 672646 741519 802399 678030 706496 859354 880752 998717 798058 538657 534040 449598 509448 523608 460951 599631 621020 521331 520457 573156 671829 524234 451943 430122 463971 437111
555697 850309 752498 932099 656636 886307 777869 721856 849938 762831 815057 941060 787180 685212 753260 596730 683375 404156 509080 630133 696865 853387 640106 556958 367040 437068 546456 612083 650686 593190
669117 858097 917252 910367 845107 827231 634899 585411 704087 712258 796463 817005 829933 954783 914142 865497 742342 559176 679286 701914 825451 983488 880301 650315 618668 685168 809779 657849 863388 606245
895608 835243 879530 870588 810807 675716 689090 548719 636225 739637 729795 804584 910298 944983 786939 785072 847105 814977 823548 776541 860097 1034818 883877 814627 915122 977707 951945 838032 742964 500312
821097 836386 764134 574272 559396 598805 627776 549901 623372 732014 570850 719549 767313 908836 566118 733177 641684 787083 885561 797630 846337 901818 826534 890966 727778 832878 842413 782528 535631 619182
677039 666298 620144 423646 444448 453350 555972 445943 472940 524179 627311 700373 775123 756476 524255 667965 584023 833190 896025 913758 876879 664276 796657 737608 637252 676518 708984 500660 526300 637043
634555 492429 598745 464612 526661 497017 593221 521644 360760 514860 640645 716550 720523 615491 646029 478094 616661 684799 739036 752833 677807 618333 652435 604766 605395 609431 733724 587567 371984 382862
663825 672557 610623 445943 449434 591901 753700 640765 502737 525352 610319 719306 621569 619519 559251 403530 556033 553624 616976 608898 509617 618080 696050 865220 633726 779355 829034 667278 427194 349780
680898 899087 737783 552451 305206 456362 620741 758100 634219 544213 615859 474682 629097 660219 482290 532908 622263 630473 793810 744188 566138 690731 675179 805442 602597 805170 829673 613810 565960 466001
