654071 663873 798106 711248 700076 703390 669328 629753 762135 719060 641049 459431 435079 457978 640619 572769 532145 353275 346117 415207 596707 801012 798962 914842 675100 698692 565635 568117 704662 665925
603342 577078 736035 677201 794478 667625 496907 619294 600234 524403 489359 325879 347792 495218 599713 586022 493139 461371 410130 317151 395037 435715 757921 823848 794061 674640 700201 722408 907459 777177
629922 692313 652777 677970 740061 620286 673748 693353 728510 573271 484452 404100 424869 377896 545486 612702 547473 535688 409434 577333 432830 457443 724835 510348 685440 569032 739615 708497 817193 774598
735570 848407 672662 576097 638849 574087 622409 653204 869351 750950 800963 537179 449391 384481 694582 883919 828068 610939 538313 478656 426106 655542 666439 616682 622629 620950 719047 722992 569701 671057
696102 799870 717404 681811 786264 718345 683121 663087 615112 616775 854011 718689 558790 442455 640059 598839 671020 740484 665011 446631 588069 734051 662235 812892 643033 565131 567745 597404 609784 504035
494982 547216 518342 706098 675372 712971 718241 708134 570253 665862 636658 636239 590577 717551 677775 511423 595246 777039 867134 812841 817797 811880 841980 891758 650841 525447 579024 471069 634741 554430
685279 684598 501170 673717 492180 789230 550597 709560 479028 821777 651917 613330 713457 828537 919405 718891 798649 712731 781045 821948 823989 872407 886242 923647 652812 564352 531559 682490 555609 469014
926076 853204 677760 599848 543401 708106 647790 580970 631662 808416 768431 593091 579308 816477 805720 865302 772298 672683 625153 611009 698464 719855 751887 887774 628394 580653 615495 835821 622939 603234
761561 695134 689884 588629 737077 619644 832869 591359 887358 802176 760169 473105 626379 707347 540260 757575 600184 551404 486266 511142 589069 636573 837721 744265 704891 647376 725254 730125 810177 694517
682308 495925 721707 800741 817838 597420 544927 555050 869936 748181 706547 674987 774220 714869 643903 722948 502847 584119 519208 745786 665226 670004 727614 757000 741381 632554 750563 816254 800748 836279
545826 505087 646686 762067 795922 666330 422162 531110 551791 655274 847149 809467 889935 785028 745073 567774 472473 519767 674215 816460 962119 742210 684864 775641 637492 692979 787229 775407 775774 851804
411067 587635 849480 662750 644569 630649 630926 550613 441851 704822 769816 832280 741401 792302 803790 546365 606364 606271 791438 829414 1058572 889312 763407 620754 594084 603905 502151 569809 749547 771106
545381 738212 775265 722557 556333 742536 642483 591647 483560 535908 705342 633222 676450 718697 626144 614460 654701 688936 631570 772919 897332 987128 876581 783199 561777 553473 392069 498290 691277 710532
772312 843873 780891 740364 733050 787439 709587 687300 435719 594567 467234 538074 688305 655050 737039 712617 786827 720290 623468 644252 605984 821996 875809 740513 554966 534493 559949 472949 620178 573903
667815 740740 802494 895445 932382 980031 906822 640191 564019 501549 382052 446606 411452 371664 582604 527441 735753 533705 670271 596305 487387 555433 542080 658303 586537 588338 575861 574944 686488 717080
335354 566204 645398 759029 791353 754749 672622 680065 507495 396710 439241 509083 446222 407215 670231 649103 657871 398346 543902 476364 539897 403074 445580 616204 679336 672236 508464 536203 742819 681389
305352 542823 527845 808478 714999 650771 575374 634809 544147 464945 652721 592802 657470 700012 814362 643544 631191 469969 500424 599073 757721 610562 653075 576234 720763 570111 493457 526032 728334 585929
346013 368991 479403 667125 675623 714228 759498 666066 515783 660245 683255 573974 624789 584646 758105 741160 769511 649581 681258 540511 549244 680815 536507 617186 402016 568400 328137 592970 647294 593687
534818 499094 521450 519088 547908 773626 932066 917174 764457 769304 659566 683798 509117 465663 663560 759152 908669 821203 691181 523667 627175 546667 668368 473777 510459 519960 592225 657351 626948 625839
565172 767993 674999 692161 536766 742382 807986 940158 777585 790392 674801 644694 534050 456052 626616 721244 899066 794551 543380 528469 473033 632765 708133 571801 512395 614145 727663 733680 574950 597599
569230 816569 759815 674981 759396 920805 739526 773123 744909 792266 877816 744304 801984 496002 605870 487290 652962 627115 470370 476115 457545 577267 651637 758802 739689 599010 426640 438730 395585 415599
579085 906786 685404 718167 672647 741519 802399 678030 706497 859354 880753 998717 798058 538657 534041 449598 509448 523608 460952 599631 621021 521331 520458 573156 671829 524234 451944 430122 463972 437111
555699 850309 752499 932099 656637 886307 777869 721857 849939 762832 815059 941060 787184 685212 753262 596731 683378 404156 509081 630133 696869 853387 640108 556959 367040 437068 546456 612083 650689 593190
669117 858097 917253 910367 845108 827231 634899 585411 704088 712258 796464 817005 829934 954783 914143 865497 742342 559176 679286 701914 825452 983488 880301 650315 618668 685168 809779 657849 863389 606245
895608 835243 879531 870589 810809 675716 689094 548720 636228 739637 729797 804584 910299 944984 786942 785073 847106 814978 823549 776542 860098 1034818 883878 814628 915125 977708 951945 838033 742967 500312
821097 836386 764135 574272 559397 598805 627776 549901 623372 732014 570850 719549 767313 908836 566119 733177 641684 787083 885562 797630 846337 901818 826535 890966 727779 832878 842413 782528 535632 619182
677039 666298 620145 423647 444450 453351 555974 445944 472942 524179 627313 700373 775123 756476 524255 667965 584027 833190 896027 913759 876882 664277 796660 737609 637256 676518 708987 500660 526301 637044
634556 492429 598745 464612 526661 497017 593222 521644 360760 514860 640645 716550 720523 615491 646029 478094 616661 684799 739037 752833 677808 618333 652436 604766 605395 609431 733724 587567 371985 382862
663826 672557 610627 445944 449438 591901 753702 640766 502739 525352 610323 719306 621572 619519 559254 403530 556035 553625 616978 608898 509621 618081 696054 865220 633728 779355 829036 667279 427195 349780
680898 899087 737784 552451 305206 456362 620741 758100 634219 544213 615859 474682 629098 660219 482290 532908 622263 630473 793811 744188 566139 690731 675179 805442 602598 805170 829673 613810 565960 466001
