1359360
1387008
1414656
1442304
1469952
1497600
1525248
1552896
1580544
1608192
1635840
1663488
1691136
1718784
1746432
1774080
1801728
1829376
1857024
1884672
1912320
1939968
1967616
1995264
2022912
2050560
2078208
2105856
2133504
2161152
2244096
2271744
2299392
2327040
2354688
2382336
2409984
2437632
2465280
2492928
2520576
2548224
2575872
2603520
2631168
2658816
2686464
2714112
2741760
2769408
2797056
2824704
2852352
2880000
2907648
2935296
2962944
2990592
3018240
3045888
3128832
3156480
3184128
3211776
3239424
3267072
3294720
3322368
3350016
3377664
3405312
3432960
3460608
3488256
3515904
3543552
3571200
3598848
3626496
3654144
3681792
3709440
3737088
3764736
3792384
3820032
3847680
3875328
3902976
3930624
4013568
4041216
4068864
4096512
4124160
4151808
4179456
4207104
4234752
4262400
4290048
4317696
4345344
4372992
4400640
4428288
4455936
4483584
4511232
4538880
4566528
4594176
4621824
4649472
4677120
4704768
4732416
4760064
4787712
4815360
4898304
4925952
4953600
4981248
5008896
5036544
5064192
5091840
5119488
5147136
5174784
5202432
5230080
5257728
5285376
5313024
5340672
5368320
5395968
5423616
5451264
5478912
5506560
5534208
5561856
5589504
5617152
5644800
5672448
5700096
5783040
5810688
5838336
5865984
5893632
5921280
5948928
5976576
6004224
6031872
6059520
6087168
6114816
6142464
6170112
6197760
6225408
6253056
6280704
6308352
6336000
6363648
6391296
6418944
6446592
6474240
6501888
6529536
6557184
6584832
6667776
6695424
6723072
6750720
6778368
6806016
6833664
6861312
6888960
6916608
6944256
6971904
6999552
7027200
7054848
7082496
7110144
7137792
7165440
7193088
7220736
7248384
7276032
7303680
7331328
7358976
7386624
7414272
7441920
7469568
7552512
7580160
7607808
7635456
7663104
7690752
7718400
7746048
7773696
7801344
7828992
7856640
7884288
7911936
7939584
7967232
7994880
8022528
8050176
8077824
8105472
8133120
8160768
8188416
8216064
8243712
8271360
8299008
8326656
8354304
8437248
8464896
8492544
8520192
8547840
8575488
8603136
8630784
8658432
8686080
8713728
8741376
8769024
8796672
8824320
8851968
8879616
8907264
8934912
8962560
8990208
9017856
9045504
9073152
9100800
9128448
9156096
9183744
9211392
9239040
9321984
9349632
9377280
9404928
9432576
9460224
9487872
9515520
9543168
9570816
9598464
9626112
9653760
9681408
9709056
9736704
9764352
9792000
9819648
9847296
9874944
9902592
9930240
9957888
9985536
10013184
10040832
10068480
10096128
10123776
10206720
10234368
10262016
10289664
10317312
10344960
10372608
10400256
10427904
10455552
10483200
10510848
10538496
10566144
10593792
10621440
10649088
10676736
10704384
10732032
10759680
10787328
10814976
10842624
10870272
10897920
10925568
10953216
10980864
11008512
11091456
11119104
11146752
11174400
11202048
11229696
11257344
11284992
11312640
11340288
11367936
11395584
11423232
11450880
11478528
11506176
11533824
11561472
11589120
11616768
11644416
11672064
11699712
11727360
11755008
11782656
11810304
11837952
11865600
11893248
11976192
12003840
12031488
12059136
12086784
12114432
12142080
12169728
12197376
12225024
12252672
12280320
12307968
12335616
12363264
12390912
12418560
12446208
12473856
12501504
12529152
12556800
12584448
12612096
12639744
12667392
12695040
12722688
12750336
12777984
12860928
12888576
12916224
12943872
12971520
12999168
13026816
13054464
13082112
13109760
13137408
13165056
13192704
13220352
13248000
13275648
13303296
13330944
13358592
13386240
13413888
13441536
13469184
13496832
13524480
13552128
13579776
13607424
13635072
13662720
13745664
13773312
13800960
13828608
13856256
13883904
13911552
13939200
13966848
13994496
14022144
14049792
14077440
14105088
14132736
14160384
14188032
14215680
14243328
14270976
14298624
14326272
14353920
14381568
14409216
14436864
14464512
14492160
14519808
14547456
14630400
14658048
14685696
14713344
14740992
14768640
14796288
14823936
14851584
14879232
14906880
14934528
14962176
14989824
15017472
15045120
15072768
15100416
15128064
15155712
15183360
15211008
15238656
15266304
15293952
15321600
15349248
15376896
15404544
15432192
15515136
15542784
15570432
15598080
15625728
15653376
15681024
15708672
15736320
15763968
15791616
15819264
15846912
15874560
15902208
15929856
15957504
15985152
16012800
16040448
16068096
16095744
16123392
16151040
16178688
16206336
16233984
16261632
16289280
16316928
16399872
16427520
16455168
16482816
16510464
16538112
16565760
16593408
16621056
16648704
16676352
16704000
16731648
16759296
16786944
16814592
16842240
16869888
16897536
16925184
16952832
16980480
17008128
17035776
17063424
17091072
17118720
17146368
17174016
17201664
17284608
17312256
17339904
17367552
17395200
17422848
17450496
17478144
17505792
17533440
17561088
17588736
17616384
17644032
17671680
17699328
17726976
17754624
17782272
17809920
17837568
17865216
17892864
17920512
17948160
17975808
18003456
18031104
18058752
18086400
18169344
18196992
18224640
18252288
18279936
18307584
18335232
18362880
18390528
18418176
18445824
18473472
18501120
18528768
18556416
18584064
18611712
18639360
18667008
18694656
18722304
18749952
18777600
18805248
18832896
18860544
18888192
18915840
18943488
18971136
19054080
19081728
19109376
19137024
19164672
19192320
19219968
19247616
19275264
19302912
19330560
19358208
19385856
19413504
19441152
19468800
19496448
19524096
19551744
19579392
19607040
19634688
19662336
19689984
19717632
19745280
19772928
19800576
19828224
19855872
19938816
19966464
19994112
20021760
20049408
20077056
20104704
20132352
20160000
20187648
20215296
20242944
20270592
20298240
20325888
20353536
20381184
20408832
20436480
20464128
20491776
20519424
20547072
20574720
20602368
20630016
20657664
20685312
20712960
20740608
20823552
20851200
20878848
20906496
20934144
20961792
20989440
21017088
21044736
21072384
21100032
21127680
21155328
21182976
21210624
21238272
21265920
21293568
21321216
21348864
21376512
21404160
21431808
21459456
21487104
21514752
21542400
21570048
21597696
21625344
21708288
21735936
21763584
21791232
21818880
21846528
21874176
21901824
21929472
21957120
21984768
22012416
22040064
22067712
22095360
22123008
22150656
22178304
22205952
22233600
22261248
22288896
22316544
22344192
22371840
22399488
22427136
22454784
22482432
22510080
22593024
22620672
22648320
22675968
22703616
22731264
22758912
22786560
22814208
22841856
22869504
22897152
22924800
22952448
22980096
23007744
23035392
23063040
23090688
23118336
23145984
23173632
23201280
23228928
23256576
23284224
23311872
23339520
23367168
23394816
23477760
23505408
23533056
23560704
23588352
23616000
23643648
23671296
23698944
23726592
23754240
23781888
23809536
23837184
23864832
23892480
23920128
23947776
23975424
24003072
24030720
24058368
24086016
24113664
24141312
24168960
24196608
24224256
24251904
24279552
24362496
24390144
24417792
24445440
24473088
24500736
24528384
24556032
24583680
24611328
24638976
24666624
24694272
24721920
24749568
24777216
24804864
24832512
24860160
24887808
24915456
24943104
24970752
24998400
25026048
25053696
25081344
25108992
25136640
25164288
25247232
25274880
25302528
25330176
25357824
25385472
25413120
25440768
25468416
25496064
25523712
25551360
25579008
25606656
25634304
25661952
25689600
25717248
25744896
25772544
25800192
25827840
25855488
25883136
25910784
25938432
25966080
25993728
26021376
26049024
26131968
26159616
26187264
26214912
26242560
26270208
26297856
26325504
26353152
26380800
26408448
26436096
26463744
26491392
26519040
26546688
26574336
26601984
26629632
26657280
26684928
26712576
26740224
26767872
26795520
26823168
26850816
26878464
26906112
26933760
27016704
27044352
27072000
27099648
27127296
27154944
27182592
27210240
27237888
27265536
27293184
27320832
27348480
27376128
27403776
27431424
27459072
27486720
27514368
27542016
27569664
27597312
27624960
27652608
27680256
27707904
27735552
27763200
27790848
27818496
1359360
1387008
1414656
1442304
1469952
1497600
1525248
1552896
1580544
1608192
1635840
1663488
1691136
1718784
1746432
1774080
1801728
1829376
1857024
1884672
1912320
1939968
1967616
1995264
2022912
2050560
2078208
2105856
2133504
2161152
2244096
2271744
2299392
2327040
2354688
2382336
2409984
2437632
2465280
2492928
2520576
2548224
2575872
2603520
2631168
2658816
2686464
2714112
2741760
2769408
2797056
2824704
2852352
2880000
2907648
2935296
2962944
2990592
3018240
3045888
3128832
3156480
3184128
3211776
3239424
3267072
3294720
3322368
3350016
3377664
3405312
3432960
3460608
3488256
3515904
3543552
3571200
3598848
3626496
3654144
3681792
3709440
3737088
3764736
3792384
3820032
3847680
3875328
3902976
3930624
4013568
4041216
4068864
4096512
4124160
4151808
4179456
4207104
4234752
4262400
4290048
4317696
4345344
4372992
4400640
4428288
4455936
4483584
4511232
4538880
4566528
4594176
4621824
4649472
4677120
4704768
4732416
4760064
4787712
4815360
4898304
4925952
4953600
4981248
5008896
5036544
5064192
5091840
5119488
5147136
5174784
5202432
5230080
5257728
5285376
5313024
5340672
5368320
5395968
5423616
5451264
5478912
5506560
5534208
5561856
5589504
5617152
5644800
5672448
5700096
5783040
5810688
5838336
5865984
5893632
5921280
5948928
5976576
6004224
6031872
6059520
6087168
6114816
6142464
6170112
6197760
6225408
6253056
6280704
6308352
6336000
6363648
6391296
6418944
6446592
6474240
6501888
6529536
6557184
6584832
6667776
6695424
6723072
6750720
6778368
6806016
6833664
6861312
6888960
6916608
6944256
6971904
6999552
7027200
7054848
7082496
7110144
7137792
7165440
7193088
7220736
7248384
7276032
7303680
7331328
7358976
7386624
7414272
7441920
7469568
7552512
7580160
7607808
7635456
7663104
7690752
7718400
7746048
7773696
7801344
7828992
7856640
7884288
7911936
7939584
7967232
7994880
8022528
8050176
8077824
8105472
8133120
8160768
8188416
8216064
8243712
8271360
8299008
8326656
8354304
8437248
8464896
8492544
8520192
8547840
8575488
8603136
8630784
8658432
8686080
8713728
8741376
8769024
8796672
8824320
8851968
8879616
8907264
8934912
8962560
8990208
9017856
9045504
9073152
9100800
9128448
9156096
9183744
9211392
9239040
9321984
9349632
9377280
9404928
9432576
9460224
9487872
9515520
9543168
9570816
9598464
9626112
9653760
9681408
9709056
9736704
9764352
9792000
9819648
9847296
9874944
9902592
9930240
9957888
9985536
10013184
10040832
10068480
10096128
10123776
10206720
10234368
10262016
10289664
10317312
10344960
10372608
10400256
10427904
10455552
10483200
10510848
10538496
10566144
10593792
10621440
10649088
10676736
10704384
10732032
10759680
10787328
10814976
10842624
10870272
10897920
10925568
10953216
10980864
11008512
11091456
11119104
11146752
11174400
11202048
11229696
11257344
11284992
11312640
11340288
11367936
11395584
11423232
11450880
11478528
11506176
11533824
11561472
11589120
11616768
11644416
11672064
11699712
11727360
11755008
11782656
11810304
11837952
11865600
11893248
11976192
12003840
12031488
12059136
12086784
12114432
12142080
12169728
12197376
12225024
12252672
12280320
12307968
12335616
12363264
12390912
12418560
12446208
12473856
12501504
12529152
12556800
12584448
12612096
12639744
12667392
12695040
12722688
12750336
12777984
12860928
12888576
12916224
12943872
12971520
12999168
13026816
13054464
13082112
13109760
13137408
13165056
13192704
13220352
13248000
13275648
13303296
13330944
13358592
13386240
13413888
13441536
13469184
13496832
13524480
13552128
13579776
13607424
13635072
13662720
13745664
13773312
13800960
13828608
13856256
13883904
13911552
13939200
13966848
13994496
14022144
14049792
14077440
14105088
14132736
14160384
14188032
14215680
14243328
14270976
14298624
14326272
14353920
14381568
14409216
14436864
14464512
14492160
14519808
14547456
14630400
14658048
14685696
14713344
14740992
14768640
14796288
14823936
14851584
14879232
14906880
14934528
14962176
14989824
15017472
15045120
15072768
15100416
15128064
15155712
15183360
15211008
15238656
15266304
15293952
15321600
15349248
15376896
15404544
15432192
15515136
15542784
15570432
15598080
15625728
15653376
15681024
15708672
15736320
15763968
15791616
15819264
15846912
15874560
15902208
15929856
15957504
15985152
16012800
16040448
16068096
16095744
16123392
16151040
16178688
16206336
16233984
16261632
16289280
16316928
16399872
16427520
16455168
16482816
16510464
16538112
16565760
16593408
16621056
16648704
16676352
16704000
16731648
16759296
16786944
16814592
16842240
16869888
16897536
16925184
16952832
16980480
17008128
17035776
17063424
17091072
17118720
17146368
17174016
17201664
17284608
17312256
17339904
17367552
17395200
17422848
17450496
17478144
17505792
17533440
17561088
17588736
17616384
17644032
17671680
17699328
17726976
17754624
17782272
17809920
17837568
17865216
17892864
17920512
17948160
17975808
18003456
18031104
18058752
18086400
18169344
18196992
18224640
18252288
18279936
18307584
18335232
18362880
18390528
18418176
18445824
18473472
18501120
18528768
18556416
18584064
18611712
18639360
18667008
18694656
18722304
18749952
18777600
18805248
18832896
18860544
18888192
18915840
18943488
18971136
19054080
19081728
19109376
19137024
19164672
19192320
19219968
19247616
19275264
19302912
19330560
19358208
19385856
19413504
19441152
19468800
19496448
19524096
19551744
19579392
19607040
19634688
19662336
19689984
19717632
19745280
19772928
19800576
19828224
19855872
19938816
19966464
19994112
20021760
20049408
20077056
20104704
20132352
20160000
20187648
20215296
20242944
20270592
20298240
20325888
20353536
20381184
20408832
20436480
20464128
20491776
20519424
20547072
20574720
20602368
20630016
20657664
20685312
20712960
20740608
20823552
20851200
20878848
20906496
20934144
20961792
20989440
21017088
21044736
21072384
21100032
21127680
21155328
21182976
21210624
21238272
21265920
21293568
21321216
21348864
21376512
21404160
21431808
21459456
21487104
21514752
21542400
21570048
21597696
21625344
21708288
21735936
21763584
21791232
21818880
21846528
21874176
21901824
21929472
21957120
21984768
22012416
22040064
22067712
22095360
22123008
22150656
22178304
22205952
22233600
22261248
22288896
22316544
22344192
22371840
22399488
22427136
22454784
22482432
22510080
22593024
22620672
22648320
22675968
22703616
22731264
22758912
22786560
22814208
22841856
22869504
22897152
22924800
22952448
22980096
23007744
23035392
23063040
23090688
23118336
23145984
23173632
23201280
23228928
23256576
23284224
23311872
23339520
23367168
23394816
23477760
23505408
23533056
23560704
23588352
23616000
23643648
23671296
23698944
23726592
23754240
23781888
23809536
23837184
23864832
23892480
23920128
23947776
23975424
24003072
24030720
24058368
24086016
24113664
24141312
24168960
24196608
24224256
24251904
24279552
24362496
24390144
24417792
24445440
24473088
24500736
24528384
24556032
24583680
24611328
24638976
24666624
24694272
24721920
24749568
24777216
24804864
24832512
24860160
24887808
24915456
24943104
24970752
24998400
25026048
25053696
25081344
25108992
25136640
25164288
25247232
25274880
25302528
25330176
25357824
25385472
25413120
25440768
25468416
25496064
25523712
25551360
25579008
25606656
25634304
25661952
25689600
25717248
25744896
25772544
25800192
25827840
25855488
25883136
25910784
25938432
25966080
25993728
26021376
26049024
26131968
26159616
26187264
26214912
26242560
26270208
26297856
26325504
26353152
26380800
26408448
26436096
26463744
26491392
26519040
26546688
26574336
26601984
26629632
26657280
26684928
26712576
26740224
26767872
26795520
26823168
26850816
26878464
26906112
26933760
27016704
27044352
27072000
27099648
27127296
27154944
27182592
27210240
27237888
27265536
27293184
27320832
27348480
27376128
27403776
27431424
27459072
27486720
27514368
27542016
27569664
27597312
27624960
27652608
27680256
27707904
27735552
27763200
27790848
27818496
1359360
1387008
1414656
1442304
1469952
1497600
1525248
1552896
1580544
1608192
1635840
1663488
1691136
1718784
1746432
1774080
1801728
1829376
1857024
1884672
1912320
1939968
1967616
1995264
2022912
2050560
2078208
2105856
2133504
2161152
2244096
2271744
2299392
2327040
2354688
2382336
2409984
2437632
2465280
2492928
2520576
2548224
2575872
2603520
2631168
2658816
2686464
2714112
2741760
2769408
2797056
2824704
2852352
2880000
2907648
2935296
2962944
2990592
3018240
3045888
3128832
3156480
3184128
3211776
3239424
3267072
3294720
3322368
3350016
3377664
3405312
3432960
3460608
3488256
3515904
3543552
3571200
3598848
3626496
3654144
3681792
3709440
3737088
3764736
3792384
3820032
3847680
3875328
3902976
3930624
4013568
4041216
4068864
4096512
4124160
4151808
4179456
4207104
4234752
4262400
4290048
4317696
4345344
4372992
4400640
4428288
4455936
4483584
4511232
4538880
4566528
4594176
4621824
4649472
4677120
4704768
4732416
4760064
4787712
4815360
4898304
4925952
4953600
4981248
5008896
5036544
5064192
5091840
5119488
5147136
5174784
5202432
5230080
5257728
5285376
5313024
5340672
5368320
5395968
5423616
5451264
5478912
5506560
5534208
5561856
5589504
5617152
5644800
5672448
5700096
5783040
5810688
5838336
5865984
5893632
5921280
5948928
5976576
6004224
6031872
6059520
6087168
6114816
6142464
6170112
6197760
6225408
6253056
6280704
6308352
6336000
6363648
6391296
6418944
6446592
6474240
6501888
6529536
6557184
6584832
6667776
6695424
6723072
6750720
6778368
6806016
6833664
6861312
6888960
6916608
6944256
6971904
6999552
7027200
7054848
7082496
7110144
7137792
7165440
7193088
7220736
7248384
7276032
7303680
7331328
7358976
7386624
7414272
7441920
7469568
7552512
7580160
7607808
7635456
7663104
7690752
7718400
7746048
7773696
7801344
7828992
7856640
7884288
7911936
7939584
7967232
7994880
8022528
8050176
8077824
8105472
8133120
8160768
8188416
8216064
8243712
8271360
8299008
8326656
8354304
8437248
8464896
8492544
8520192
8547840
8575488
8603136
8630784
8658432
8686080
8713728
8741376
8769024
8796672
8824320
8851968
8879616
8907264
8934912
8962560
8990208
9017856
9045504
9073152
9100800
9128448
9156096
9183744
9211392
9239040
9321984
9349632
9377280
9404928
9432576
9460224
9487872
9515520
9543168
9570816
9598464
9626112
9653760
9681408
9709056
9736704
9764352
9792000
9819648
9847296
9874944
9902592
9930240
9957888
9985536
10013184
10040832
10068480
10096128
10123776
10206720
10234368
10262016
10289664
10317312
10344960
10372608
10400256
10427904
10455552
10483200
10510848
10538496
10566144
10593792
10621440
10649088
10676736
10704384
10732032
10759680
10787328
10814976
10842624
10870272
10897920
10925568
10953216
10980864
11008512
11091456
11119104
11146752
11174400
11202048
11229696
11257344
11284992
11312640
11340288
11367936
11395584
11423232
11450880
11478528
11506176
11533824
11561472
11589120
11616768
11644416
11672064
11699712
11727360
11755008
11782656
11810304
11837952
11865600
11893248
11976192
12003840
12031488
12059136
12086784
12114432
12142080
12169728
12197376
12225024
12252672
12280320
12307968
12335616
12363264
12390912
12418560
12446208
12473856
12501504
12529152
12556800
12584448
12612096
12639744
12667392
12695040
12722688
12750336
12777984
12860928
12888576
12916224
12943872
12971520
12999168
13026816
13054464
13082112
13109760
13137408
13165056
13192704
13220352
13248000
13275648
13303296
13330944
13358592
13386240
13413888
13441536
13469184
13496832
13524480
13552128
13579776
13607424
13635072
13662720
13745664
13773312
13800960
13828608
13856256
13883904
13911552
13939200
13966848
13994496
14022144
14049792
14077440
14105088
14132736
14160384
14188032
14215680
14243328
14270976
14298624
14326272
14353920
14381568
14409216
14436864
14464512
14492160
14519808
14547456
14630400
14658048
14685696
14713344
14740992
14768640
14796288
14823936
14851584
14879232
14906880
14934528
14962176
14989824
15017472
15045120
15072768
15100416
15128064
15155712
15183360
15211008
15238656
15266304
15293952
15321600
15349248
15376896
15404544
15432192
15515136
15542784
15570432
15598080
15625728
15653376
15681024
15708672
15736320
15763968
15791616
15819264
15846912
15874560
15902208
15929856
15957504
15985152
16012800
16040448
16068096
16095744
16123392
16151040
16178688
16206336
16233984
16261632
16289280
16316928
16399872
16427520
16455168
16482816
16510464
16538112
16565760
16593408
16621056
16648704
16676352
16704000
16731648
16759296
16786944
16814592
16842240
16869888
16897536
16925184
16952832
16980480
17008128
17035776
17063424
17091072
17118720
17146368
17174016
17201664
17284608
17312256
17339904
17367552
17395200
17422848
17450496
17478144
17505792
17533440
17561088
17588736
17616384
17644032
17671680
17699328
17726976
17754624
17782272
17809920
17837568
17865216
17892864
17920512
17948160
17975808
18003456
18031104
18058752
18086400
18169344
18196992
18224640
18252288
18279936
18307584
18335232
18362880
18390528
18418176
18445824
18473472
18501120
18528768
18556416
18584064
18611712
18639360
18667008
18694656
18722304
18749952
18777600
18805248
18832896
18860544
18888192
18915840
18943488
18971136
19054080
19081728
19109376
19137024
19164672
19192320
19219968
19247616
19275264
19302912
19330560
19358208
19385856
19413504
19441152
19468800
19496448
19524096
19551744
19579392
19607040
19634688
19662336
19689984
19717632
19745280
19772928
19800576
19828224
19855872
19938816
19966464
19994112
20021760
20049408
20077056
20104704
20132352
20160000
20187648
20215296
20242944
20270592
20298240
20325888
20353536
20381184
20408832
20436480
20464128
20491776
20519424
20547072
20574720
20602368
20630016
20657664
20685312
20712960
20740608
20823552
20851200
20878848
20906496
20934144
20961792
20989440
21017088
21044736
21072384
21100032
21127680
21155328
21182976
21210624
21238272
21265920
21293568
21321216
21348864
21376512
21404160
21431808
21459456
21487104
21514752
21542400
21570048
21597696
21625344
21708288
21735936
21763584
21791232
21818880
21846528
21874176
21901824
21929472
21957120
21984768
22012416
22040064
22067712
22095360
22123008
22150656
22178304
22205952
22233600
22261248
22288896
22316544
22344192
22371840
22399488
22427136
22454784
22482432
22510080
22593024
22620672
22648320
22675968
22703616
22731264
22758912
22786560
22814208
22841856
22869504
22897152
22924800
22952448
22980096
23007744
23035392
23063040
23090688
23118336
23145984
23173632
23201280
23228928
23256576
23284224
23311872
23339520
23367168
23394816
23477760
23505408
23533056
23560704
23588352
23616000
23643648
23671296
23698944
23726592
23754240
23781888
23809536
23837184
23864832
23892480
23920128
23947776
23975424
24003072
24030720
24058368
24086016
24113664
24141312
24168960
24196608
24224256
24251904
24279552
24362496
24390144
24417792
24445440
24473088
24500736
24528384
24556032
24583680
24611328
24638976
24666624
24694272
24721920
24749568
24777216
24804864
24832512
24860160
24887808
24915456
24943104
24970752
24998400
25026048
25053696
25081344
25108992
25136640
25164288
25247232
25274880
25302528
25330176
25357824
25385472
25413120
25440768
25468416
25496064
25523712
25551360
25579008
25606656
25634304
25661952
25689600
25717248
25744896
25772544
25800192
25827840
25855488
25883136
25910784
25938432
25966080
25993728
26021376
26049024
26131968
26159616
26187264
26214912
26242560
26270208
26297856
26325504
26353152
26380800
26408448
26436096
26463744
26491392
26519040
26546688
26574336
26601984
26629632
26657280
26684928
26712576
26740224
26767872
26795520
26823168
26850816
26878464
26906112
26933760
27016704
27044352
27072000
27099648
27127296
27154944
27182592
27210240
27237888
27265536
27293184
27320832
27348480
27376128
27403776
27431424
27459072
27486720
27514368
27542016
27569664
27597312
27624960
27652608
27680256
27707904
27735552
27763200
27790848
27818496
